0 0.830947 0.232143 0.821586 0.230655 0.812775 0.232887 0.807819 0.235119 0.802863 0.240079 0.802863 0.244544 0.805066 0.246032 0.808921 0.246776 0.822687 0.246280 0.827643 0.245536 0.833700 0.242808 0.836454 0.240575 0.836454 0.236111
0 0.212004 0.387649 0.208700 0.388641 0.204295 0.391369 0.202643 0.396081 0.204295 0.399306 0.209802 0.400794 0.221366 0.401786 0.230176 0.400546 0.236233 0.396577 0.235683 0.392361 0.229626 0.388393 0.223018 0.387153
0 0.100771 0.710565 0.098568 0.712302 0.098568 0.717014 0.104075 0.723710 0.112335 0.728423 0.119493 0.730159 0.127753 0.730655 0.134912 0.729415 0.143722 0.725198 0.148128 0.720982 0.147577 0.716518 0.144273 0.714038 0.140419 0.712550 0.124449 0.709573 0.107379 0.709077
0 0.198238 0.700397 0.192181 0.699653 0.185022 0.699653 0.178965 0.700397 0.175110 0.701637 0.169604 0.705109 0.167952 0.708581 0.168502 0.713542 0.169604 0.715030 0.174559 0.717262 0.177313 0.717758 0.192181 0.717262 0.196586 0.716270 0.204846 0.712798 0.210352 0.704861
0 0.149229 0.673611 0.141520 0.674603 0.134912 0.677827 0.130507 0.684524 0.128855 0.685516 0.128855 0.689484 0.138216 0.693452 0.143172 0.694444 0.152533 0.695188 0.163546 0.691964 0.171806 0.687996 0.174009 0.686012 0.175110 0.681300 0.170154 0.677331 0.164648 0.675099 0.155286 0.673611
0 0.208150 0.668155 0.202643 0.671627 0.200441 0.677083 0.204295 0.680556 0.208150 0.682292 0.220264 0.684772 0.231828 0.684772 0.238987 0.683532 0.243943 0.681796 0.246145 0.678819 0.246145 0.677083 0.242291 0.671627 0.239537 0.669147 0.236233 0.667659 0.230727 0.666171 0.220815 0.665675
0 0.169604 0.661954 0.162996 0.665923 0.161894 0.670635 0.163546 0.674603 0.174009 0.680308 0.180617 0.680804 0.186123 0.680060 0.193282 0.678075 0.198789 0.675595 0.200441 0.674107 0.200991 0.669643 0.198238 0.667411 0.187225 0.662698 0.181167 0.661706
0 0.221916 0.649554 0.211454 0.648562 0.198238 0.652282 0.191079 0.656002 0.188877 0.657986 0.187225 0.662202 0.189978 0.664683 0.198789 0.667907 0.205396 0.668899 0.213106 0.667163 0.224119 0.665675 0.227423 0.664435 0.231278 0.658730 0.230727 0.654266 0.227423 0.651538
0 0.238987 0.642857 0.231828 0.646329 0.229626 0.649802 0.230176 0.654762 0.233480 0.658730 0.239537 0.660466 0.249449 0.660962 0.256608 0.660218 0.262665 0.657986 0.265419 0.654762 0.264868 0.650050 0.261013 0.645585 0.257159 0.644097 0.248348 0.642113
0 0.107930 0.646329 0.104075 0.649306 0.104075 0.651786 0.105727 0.654762 0.108480 0.656746 0.121145 0.662202 0.126101 0.663194 0.134361 0.662698 0.136013 0.660962 0.138216 0.652034 0.137665 0.646329 0.134361 0.644841 0.130507 0.644345 0.116740 0.644593
0 0.175661 0.629960 0.170705 0.629216 0.160242 0.629712 0.149780 0.631448 0.142621 0.633433 0.138767 0.635665 0.136013 0.638641 0.136564 0.642857 0.138767 0.645089 0.151432 0.648810 0.160793 0.649058 0.167952 0.647073 0.174009 0.643601 0.180617 0.635169 0.178414 0.630952
0 0.219714 0.630704 0.215308 0.629960 0.203744 0.630208 0.184471 0.634425 0.180066 0.636409 0.176762 0.639137 0.175661 0.642609 0.181167 0.647817 0.186674 0.650546 0.194383 0.652282 0.196586 0.652282 0.213656 0.646825 0.219163 0.642609 0.224670 0.635169 0.222467 0.632192
0 0.221366 0.616071 0.218062 0.617312 0.216410 0.618800 0.215859 0.624256 0.218062 0.629216 0.224119 0.633681 0.228524 0.635417 0.238987 0.635913 0.247797 0.633433 0.253304 0.630952 0.255507 0.627480 0.253855 0.624504 0.236233 0.616567 0.230727 0.615823
0 0.108480 0.616319 0.105176 0.618800 0.103524 0.621776 0.103524 0.626984 0.107379 0.630952 0.109581 0.631944 0.116189 0.633185 0.125000 0.633433 0.133811 0.632688 0.139317 0.631448 0.145374 0.627728 0.145374 0.622768 0.140969 0.619048 0.134912 0.616319 0.127203 0.614831 0.116740 0.614583
0 0.090308 0.591270 0.089758 0.595734 0.093612 0.599454 0.100771 0.601935 0.112335 0.603671 0.122247 0.603919 0.127753 0.603423 0.133260 0.600694 0.136564 0.595982 0.136013 0.592014 0.132159 0.589038 0.123899 0.585813 0.115088 0.585317 0.104626 0.586558 0.099119 0.587798
0 0.160242 0.588046 0.147577 0.593006 0.145374 0.594990 0.145374 0.602927 0.147577 0.607391 0.151432 0.609871 0.154736 0.610615 0.162445 0.611111 0.169604 0.610615 0.178965 0.608879 0.183370 0.606895 0.185022 0.603175 0.183921 0.599206 0.178414 0.593254 0.169053 0.589782
0 0.256057 0.587302 0.247797 0.589038 0.244493 0.594742 0.245044 0.599702 0.247247 0.601935 0.253855 0.603919 0.258811 0.604167 0.265419 0.603671 0.275330 0.600446 0.278084 0.598214 0.278634 0.594990 0.274780 0.591270 0.270925 0.589534 0.265969 0.588294
0 0.339207 0.592014 0.337555 0.596478 0.342511 0.599454 0.360132 0.602679 0.370044 0.602183 0.373348 0.599454 0.375551 0.595982 0.374449 0.591766 0.370044 0.589038 0.361784 0.587798 0.353524 0.588294 0.343612 0.590030
0 0.419604 0.644097 0.414648 0.642361 0.404736 0.641369 0.394824 0.641617 0.385463 0.643353 0.381608 0.644841 0.378304 0.647321 0.377203 0.649306 0.377753 0.654266 0.395925 0.657738 0.407489 0.657986 0.416300 0.656994 0.420705 0.654514 0.422357 0.650794 0.421806 0.646577
0 0.457048 0.661458 0.448238 0.659474 0.441630 0.659970 0.435022 0.661458 0.425661 0.665923 0.421256 0.669891 0.419604 0.673115 0.420705 0.675347 0.436123 0.677083 0.447687 0.677331 0.456498 0.676339 0.463656 0.673363 0.465308 0.669891 0.462555 0.666171
0 0.562225 0.708829 0.560573 0.709573 0.556718 0.716518 0.560573 0.722718 0.563326 0.724950 0.569934 0.727927 0.576542 0.728919 0.581498 0.728671 0.589758 0.726190 0.597467 0.721726 0.598018 0.716518 0.595815 0.715526 0.594163 0.713046 0.587004 0.710069 0.582599 0.709077 0.569934 0.708085
0 0.700441 0.730655 0.681718 0.730159 0.669053 0.736111 0.667952 0.740575 0.673458 0.744792 0.682269 0.748760 0.691630 0.748264 0.699890 0.744296 0.703194 0.740823 0.703194 0.734127
0 0.656938 0.700149 0.653634 0.704613 0.652533 0.708333 0.653634 0.711310 0.656938 0.713542 0.665198 0.715030 0.682819 0.715030 0.691630 0.712798 0.695485 0.708829 0.688877 0.702877 0.674009 0.698165 0.664648 0.697917 0.659692 0.698909
0 0.700441 0.688492 0.691079 0.690972 0.689427 0.693204 0.688877 0.702133 0.694934 0.709821 0.697687 0.710565 0.700441 0.710565 0.714207 0.706101 0.723018 0.701141 0.726322 0.697669 0.724119 0.693700 0.720264 0.691220 0.709802 0.689236
0 0.699339 0.674355 0.696035 0.677579 0.694934 0.681796 0.700441 0.687748 0.718612 0.690476 0.736233 0.688988 0.741740 0.687252 0.746145 0.681548 0.740639 0.677579 0.735132 0.675099 0.729075 0.673611 0.717511 0.672371 0.706498 0.672619
0 0.772577 0.678819 0.762665 0.677331 0.752203 0.677827 0.748348 0.679563 0.742291 0.685020 0.742291 0.687996 0.744493 0.690972 0.749449 0.693452 0.763767 0.693700 0.774229 0.692212 0.776432 0.689732 0.775881 0.681300
0 0.812775 0.678819 0.804515 0.676835 0.795154 0.676091 0.778634 0.679563 0.775330 0.681548 0.774780 0.687748 0.775881 0.690476 0.780286 0.693452 0.786344 0.694940 0.795705 0.694940 0.801762 0.693452 0.808921 0.687252 0.813326 0.684772 0.814978 0.680804
0 0.795705 0.663194 0.789097 0.662450 0.778634 0.662698 0.769824 0.663938 0.765419 0.665923 0.764317 0.670387 0.768722 0.674107 0.769273 0.675595 0.772577 0.677579 0.778634 0.678819 0.787445 0.677827 0.797357 0.675843 0.799559 0.674851 0.802863 0.670883 0.802863 0.669147 0.799559 0.665179
0 0.807269 0.656250 0.802863 0.658482 0.799009 0.661706 0.800661 0.666171 0.803965 0.670387 0.806167 0.671627 0.812225 0.672619 0.822137 0.672123 0.828194 0.670387 0.833150 0.667907 0.836454 0.661458 0.830947 0.657738 0.825991 0.656002 0.810573 0.655754
0 0.871696 0.657490 0.864537 0.654266 0.858480 0.653770 0.853524 0.654266 0.837555 0.661458 0.833700 0.665675 0.833700 0.669891 0.843612 0.670883 0.855176 0.670883 0.862335 0.670139 0.870044 0.668403 0.874449 0.666171 0.875551 0.662946 0.875000 0.660714
0 0.823789 0.630456 0.823238 0.635913 0.824339 0.637401 0.830396 0.641369 0.837004 0.643601 0.840859 0.643849 0.848568 0.642857 0.857379 0.638393 0.859031 0.634673 0.856278 0.632440 0.851872 0.630704 0.839207 0.629216
0 0.812225 0.638145 0.807819 0.639137 0.802313 0.642113 0.800661 0.647073 0.807269 0.655010 0.810573 0.655754 0.822687 0.655506 0.830396 0.653026 0.834802 0.650546 0.836454 0.648065 0.835903 0.644097 0.826542 0.639137 0.822137 0.638145
0 0.797907 0.644841 0.785242 0.643601 0.770925 0.645089 0.764317 0.647817 0.761564 0.650050 0.762115 0.654266 0.770374 0.658234 0.778084 0.660218 0.787445 0.660466 0.797357 0.659474 0.802313 0.657738 0.805066 0.654514 0.802313 0.648065 0.800661 0.646081
0 0.743943 0.631944 0.737335 0.634425 0.735132 0.638145 0.735683 0.642857 0.739537 0.646825 0.752203 0.651786 0.757159 0.651538 0.761013 0.650298 0.771476 0.643849 0.772577 0.642113 0.771476 0.636161 0.770374 0.634921 0.763216 0.632440
0 0.673458 0.636905 0.659692 0.641121 0.656388 0.643601 0.653084 0.649554 0.653084 0.654514 0.656938 0.658482 0.665198 0.660962 0.673458 0.661706 0.683370 0.661210 0.688877 0.658482 0.691630 0.653770 0.691630 0.647817 0.689978 0.644593 0.683921 0.640873 0.682819 0.639385 0.678414 0.637401
0 0.629405 0.635417 0.613987 0.639137 0.611784 0.641617 0.611784 0.646577 0.615639 0.650546 0.622797 0.653522 0.628855 0.654762 0.640419 0.655010 0.644273 0.654266 0.650881 0.651290 0.654736 0.646825 0.655286 0.642361 0.650881 0.638641 0.639317 0.635913
0 0.582599 0.647569 0.579295 0.649306 0.577643 0.652034 0.577643 0.655258 0.582048 0.659970 0.587555 0.662698 0.593062 0.664187 0.603524 0.665923 0.613436 0.666667 0.620044 0.658234 0.620044 0.653770 0.611784 0.647073 0.605176 0.644841 0.595815 0.644593
0 0.572137 0.632688 0.569383 0.635417 0.567731 0.639137 0.569383 0.642609 0.574339 0.645089 0.577643 0.645833 0.588106 0.646081 0.595815 0.644593 0.605727 0.644097 0.609031 0.642857 0.610683 0.638889 0.609031 0.636905 0.606828 0.635665 0.595815 0.632192 0.586454 0.630456 0.577643 0.630952
0 0.551762 0.624504 0.526432 0.630208 0.525330 0.631200 0.529736 0.634921 0.536894 0.638889 0.544053 0.641121 0.552863 0.641865 0.558370 0.641121 0.566079 0.638889 0.571586 0.630704 0.567731 0.626736 0.561674 0.625248
0 0.587004 0.620040 0.584251 0.621528 0.583700 0.624256 0.585352 0.627232 0.589758 0.630456 0.604075 0.635913 0.613436 0.636657 0.618392 0.628224 0.617291 0.623016 0.614537 0.620536 0.609581 0.619048 0.605176 0.618552 0.594714 0.618552
0 0.644273 0.613343 0.636013 0.612847 0.621696 0.613839 0.619493 0.614831 0.615639 0.618800 0.616740 0.623264 0.619493 0.627728 0.625551 0.631448 0.630507 0.633433 0.639317 0.633433 0.646476 0.630208 0.650881 0.625992 0.651982 0.623760 0.651432 0.617312 0.649229 0.614831
0 0.741740 0.615079 0.740639 0.619296 0.742841 0.622768 0.745595 0.624256 0.751652 0.625496 0.761564 0.625744 0.774229 0.623760 0.781388 0.622024 0.784692 0.619792 0.784141 0.615079 0.770925 0.611359 0.751652 0.610863 0.746145 0.612103
0 0.787996 0.615575 0.785793 0.617312 0.783590 0.623760 0.786344 0.628224 0.791300 0.631944 0.795705 0.633681 0.806718 0.633929 0.817181 0.631944 0.821035 0.629960 0.822687 0.627976 0.822687 0.626240 0.817181 0.621776 0.809471 0.618304 0.795705 0.614831
0 0.802863 0.601438 0.795705 0.604911 0.792952 0.607143 0.792401 0.611607 0.793502 0.612847 0.799009 0.615327 0.812775 0.618056 0.822687 0.617560 0.827093 0.616815 0.830396 0.615327 0.830947 0.610615 0.829295 0.607143 0.825441 0.603919 0.821035 0.601935 0.814978 0.600694 0.808370 0.600694
0 0.482930 0.611607 0.480727 0.612599 0.474670 0.619048 0.473018 0.622272 0.474670 0.625000 0.480727 0.626984 0.493943 0.627976 0.503304 0.627728 0.511013 0.625992 0.515969 0.623016 0.517070 0.619544 0.515419 0.616567 0.512115 0.613839 0.507159 0.612103 0.493943 0.610863
0 0.444934 0.605655 0.441079 0.607391 0.439427 0.610119 0.439978 0.615327 0.442731 0.617312 0.449890 0.620288 0.457048 0.622272 0.465859 0.622768 0.471366 0.621776 0.478524 0.616319 0.480727 0.611855 0.475771 0.607143 0.471366 0.605407 0.459251 0.604167 0.451542 0.604415
0 0.517621 0.598958 0.514868 0.597966 0.508260 0.597470 0.496145 0.599702 0.483480 0.603423 0.479626 0.607143 0.482379 0.609871 0.488436 0.611111 0.508260 0.612351 0.518172 0.609871 0.520925 0.607887 0.520925 0.603175
0 0.542952 0.603175 0.531388 0.607887 0.528634 0.610615 0.529736 0.613591 0.534692 0.617063 0.541850 0.618304 0.555617 0.617808 0.560022 0.616319 0.561123 0.614831 0.561674 0.610615 0.560573 0.608631 0.553965 0.604167
0 0.577093 0.601438 0.566630 0.603423 0.562775 0.606151 0.562225 0.607887 0.567181 0.615327 0.572687 0.617312 0.579846 0.618304 0.587004 0.617063 0.594163 0.611359 0.594163 0.606895 0.591410 0.603919 0.587555 0.601935
0 0.627753 0.596478 0.622247 0.594742 0.612885 0.595486 0.601322 0.599702 0.596916 0.606895 0.598568 0.611359 0.611784 0.612847 0.618392 0.612599 0.622247 0.611855 0.631057 0.608383 0.634912 0.605655 0.636013 0.602431 0.633260 0.599454
0 0.676762 0.597966 0.672907 0.596726 0.663546 0.596230 0.656938 0.597222 0.650881 0.599702 0.641520 0.601687 0.639317 0.602679 0.634912 0.607143 0.634361 0.611359 0.639317 0.612847 0.656938 0.613839 0.676762 0.610863 0.683370 0.607639 0.682819 0.603175
0 0.669108 0.586012 0.664482 0.590972 0.666079 0.593105 0.678414 0.597718 0.684471 0.598710 0.699339 0.598710 0.714207 0.595982 0.712555 0.591022 0.708150 0.588046 0.699890 0.584573 0.686674 0.584077 0.682819 0.583333 0.674009 0.583829
0 0.713656 0.587798 0.714758 0.592014 0.721916 0.594742 0.727423 0.595734 0.745044 0.597470 0.755507 0.595982 0.758811 0.593750 0.759361 0.587302 0.758260 0.585813 0.754956 0.584077 0.747797 0.582589 0.734581 0.582589 0.726872 0.583581
0 0.716410 0.603175 0.712555 0.604167 0.707599 0.607143 0.705396 0.610615 0.704846 0.615823 0.707599 0.618552 0.714207 0.620536 0.726872 0.620536 0.736233 0.618056 0.738987 0.616567 0.740639 0.610863 0.738436 0.608631 0.731828 0.605655 0.726872 0.604415
0 0.780286 0.599702 0.775881 0.596974 0.769824 0.595734 0.758811 0.595982 0.750000 0.596974 0.744493 0.598710 0.736233 0.603423 0.737335 0.606895 0.745044 0.609871 0.751652 0.611111 0.769824 0.611359 0.776982 0.609623 0.779736 0.607887 0.781388 0.604911
0 0.778084 0.580605 0.768722 0.584077 0.766520 0.586806 0.766520 0.588790 0.771476 0.594246 0.780837 0.599454 0.784692 0.600694 0.794053 0.601687 0.798458 0.601687 0.802313 0.600942 0.805617 0.599206 0.808370 0.596230 0.808370 0.591518 0.802863 0.586310 0.789097 0.580605 0.786894 0.580109
0 0.917952 0.547123 0.905837 0.549851 0.896476 0.555308 0.893172 0.559772 0.893722 0.564732 0.898678 0.566964 0.906938 0.568948 0.917401 0.569196 0.920154 0.568452 0.935022 0.557044 0.935022 0.556300 0.926211 0.550099
0 0.291850 0.568452 0.268722 0.569444 0.264868 0.570188 0.255507 0.573661 0.252203 0.576141 0.253855 0.580109 0.256057 0.582341 0.261564 0.585565 0.264317 0.586310 0.274229 0.586062 0.284692 0.584077 0.291300 0.580853 0.294604 0.573413 0.294053 0.570437
0 0.264317 0.556548 0.252753 0.556052 0.239537 0.556300 0.230727 0.558284 0.225771 0.560516 0.223568 0.563988 0.225220 0.568700 0.234581 0.574405 0.238436 0.575397 0.249449 0.575149 0.263216 0.569940 0.265969 0.566716 0.265969 0.563492 0.263767 0.560516
0 0.125551 0.574157 0.122797 0.575645 0.122797 0.584077 0.125551 0.586558 0.134912 0.590030 0.146476 0.590278 0.153084 0.589286 0.159692 0.586310 0.165198 0.580853 0.164097 0.576141 0.160793 0.574653 0.153634 0.573165 0.146476 0.572669 0.134361 0.572669
0 0.099119 0.562500 0.089207 0.564980 0.084251 0.567460 0.080947 0.572173 0.082048 0.576141 0.085352 0.578869 0.099670 0.583581 0.109031 0.583829 0.120044 0.581845 0.123348 0.576389 0.122247 0.572173 0.117291 0.566468 0.112885 0.563988 0.106828 0.562500
0 0.233480 0.533730 0.229075 0.533482 0.219163 0.534970 0.214207 0.536954 0.210352 0.540179 0.210352 0.545387 0.213106 0.549107 0.216410 0.550595 0.221916 0.551835 0.231278 0.552083 0.239537 0.551091 0.245044 0.548859 0.248348 0.544891 0.248899 0.540427 0.246145 0.537450 0.240639 0.535218
0 0.284692 0.556548 0.283040 0.561012 0.289648 0.565724 0.297907 0.566716 0.310022 0.566716 0.316630 0.564732 0.316630 0.560516 0.310022 0.556548 0.300661 0.554067 0.291300 0.554315
0 0.264317 0.529266 0.257709 0.530754 0.253855 0.533234 0.251652 0.536954 0.253304 0.540675 0.258811 0.545635 0.264868 0.548363 0.274780 0.548363 0.279185 0.547123 0.286894 0.542907 0.289648 0.537946 0.289097 0.533234 0.281388 0.530010
0 0.197137 0.528026 0.188326 0.526786 0.177863 0.527530 0.173458 0.529018 0.168502 0.532738 0.168502 0.542907 0.170705 0.544891 0.176211 0.547123 0.177863 0.548611 0.187775 0.548611 0.194934 0.546875 0.200441 0.544147 0.207048 0.537450 0.205396 0.531498 0.203194 0.529514
0 0.126652 0.530010 0.116740 0.531002 0.107379 0.533730 0.104626 0.536210 0.104626 0.541667 0.105727 0.542907 0.112885 0.546627 0.117291 0.547867 0.126652 0.547867 0.133260 0.546379 0.137115 0.544891 0.140969 0.541667 0.141520 0.535714 0.139868 0.533730
0 0.120044 0.521329 0.121145 0.525794 0.123899 0.528770 0.142621 0.533978 0.149229 0.534722 0.155286 0.534722 0.161344 0.533978 0.166300 0.531498 0.168502 0.529514 0.168502 0.525050 0.166850 0.523313 0.162445 0.521329 0.154185 0.519097 0.144824 0.517857 0.134361 0.517857 0.123899 0.519841
0 0.060022 0.508185 0.057819 0.509425 0.055617 0.513393 0.057819 0.517857 0.063877 0.521329 0.073238 0.525050 0.083700 0.525794 0.090859 0.524554 0.097467 0.521577 0.103524 0.517609 0.103524 0.513393 0.096916 0.509425 0.083150 0.506696 0.074890 0.506448
0 0.115088 0.499752 0.107930 0.500496 0.102974 0.502232 0.099119 0.505208 0.099119 0.509921 0.106828 0.517113 0.113987 0.518849 0.119493 0.519097 0.129405 0.517609 0.136564 0.514881 0.137665 0.513641 0.137665 0.509425 0.136013 0.506944 0.125000 0.500744 0.120044 0.499752
0 0.127203 0.494048 0.123899 0.488343 0.119493 0.486359 0.114537 0.485863 0.106278 0.485863 0.099670 0.486607 0.074339 0.491815 0.071035 0.493800 0.072687 0.495536 0.084802 0.497024 0.098568 0.500992 0.102974 0.500992 0.121696 0.499008 0.125000 0.497768
0 0.150330 0.500496 0.142070 0.502976 0.138216 0.505704 0.138216 0.509921 0.140419 0.514385 0.146476 0.517609 0.160793 0.520585 0.170705 0.520585 0.174009 0.519593 0.181167 0.513641 0.182819 0.509921 0.181718 0.508433 0.174009 0.503472 0.167952 0.500744 0.161344 0.499752
0 0.182819 0.513393 0.177313 0.517361 0.178414 0.521577 0.181167 0.523810 0.185573 0.525794 0.203744 0.529266 0.215308 0.529018 0.218062 0.527034 0.218062 0.523810 0.216410 0.520833 0.210352 0.516121 0.202093 0.512649 0.196586 0.511657 0.188326 0.512153
0 0.174559 0.490079 0.165198 0.485863 0.161894 0.485119 0.150881 0.484871 0.143722 0.486359 0.134912 0.487351 0.128304 0.490079 0.129405 0.498016 0.133811 0.500496 0.143172 0.501736 0.152533 0.499752 0.166300 0.499256 0.169604 0.498016 0.174559 0.494296
0 0.178414 0.491567 0.175661 0.492808 0.171256 0.497768 0.171806 0.502232 0.177313 0.505704 0.181167 0.507192 0.185573 0.507937 0.197687 0.508185 0.203744 0.507440 0.211454 0.501984 0.211454 0.498016 0.209251 0.496032 0.197137 0.492808 0.187775 0.491071
0 0.221366 0.491815 0.215308 0.494048 0.212555 0.497768 0.213106 0.506200 0.215308 0.508681 0.219163 0.510665 0.231278 0.512153 0.238987 0.509921 0.242291 0.508185 0.245595 0.502480 0.245595 0.497768 0.242841 0.494792 0.238987 0.492560 0.234031 0.491815
0 0.244493 0.509673 0.238987 0.510913 0.234031 0.513889 0.229075 0.517857 0.226872 0.521825 0.229626 0.524058 0.237335 0.526538 0.247247 0.528026 0.257709 0.527778 0.262115 0.526290 0.265419 0.522321 0.264317 0.517857 0.260463 0.513889 0.256057 0.511409 0.248348 0.509425
0 0.276982 0.515129 0.270925 0.517857 0.268722 0.521329 0.270374 0.523810 0.275881 0.528026 0.289097 0.532242 0.297357 0.532986 0.308921 0.532986 0.311123 0.527778 0.313326 0.525546 0.313326 0.521081 0.307819 0.515873 0.302313 0.513641 0.292401 0.512401 0.288546 0.512649
0 0.285793 0.499504 0.283590 0.501488 0.282489 0.505952 0.285793 0.510417 0.290198 0.511657 0.307269 0.513145 0.317731 0.512153 0.324339 0.509673 0.329295 0.505952 0.323789 0.500744 0.317731 0.498264 0.297357 0.497768 0.290749 0.498264
0 0.265419 0.486855 0.248348 0.487351 0.241189 0.490079 0.241189 0.494048 0.244493 0.496280 0.247797 0.500744 0.250551 0.502232 0.257159 0.503720 0.267070 0.503720 0.275881 0.500744 0.280286 0.497520 0.280837 0.493304 0.278084 0.490327
0 0.289097 0.482639 0.285242 0.485119 0.283590 0.490823 0.285793 0.493552 0.290749 0.496528 0.306167 0.497520 0.316630 0.497024 0.327093 0.492312 0.329846 0.490327 0.328194 0.488095 0.323238 0.484623 0.317731 0.482639 0.301762 0.481399
0 0.378855 0.565972 0.376101 0.568204 0.375551 0.573413 0.378304 0.577877 0.381057 0.580109 0.384912 0.581597 0.393172 0.582837 0.398128 0.582837 0.405286 0.581845 0.409141 0.580109 0.411344 0.577133 0.410793 0.571925 0.408590 0.569692 0.403634 0.567460 0.397026 0.565972 0.387665 0.565228
0 0.430617 0.587798 0.427863 0.590774 0.426762 0.593998 0.426762 0.599206 0.429515 0.602183 0.438326 0.604415 0.447687 0.603919 0.454295 0.602431 0.458700 0.600446 0.461454 0.596974 0.461454 0.594742 0.459251 0.592014 0.455396 0.590278 0.443833 0.587798 0.439427 0.587302
0 0.439427 0.540675 0.429515 0.540923 0.422907 0.541915 0.417401 0.543403 0.412445 0.545635 0.410242 0.548115 0.410793 0.550099 0.413546 0.552827 0.421806 0.556548 0.428414 0.557540 0.436123 0.557292 0.440529 0.556548 0.446035 0.553819 0.448789 0.550843 0.449339 0.548363 0.446586 0.544891
0 0.454295 0.552827 0.451542 0.555804 0.452643 0.560516 0.458700 0.565972 0.465308 0.568948 0.475771 0.569444 0.480176 0.568700 0.487885 0.564732 0.490088 0.560516 0.487335 0.557788 0.480176 0.554563 0.474119 0.552827 0.468062 0.552331
0 0.509361 0.560764 0.498348 0.560764 0.491740 0.561756 0.484581 0.568204 0.483480 0.576389 0.490639 0.580109 0.497797 0.581597 0.504405 0.581349 0.513767 0.579613 0.517621 0.577381 0.518722 0.575149 0.522026 0.572421 0.523128 0.570188 0.522026 0.564980 0.518172 0.562748
0 0.485132 0.535714 0.480727 0.536458 0.473568 0.540427 0.472467 0.544643 0.473018 0.548611 0.476322 0.552579 0.482379 0.555308 0.492291 0.555804 0.500000 0.554315 0.508811 0.549851 0.513216 0.545139 0.512665 0.540675 0.509361 0.538442 0.504956 0.536954 0.493943 0.535714
0 0.551762 0.554315 0.544053 0.552331 0.534141 0.552083 0.531388 0.552579 0.525881 0.555060 0.522026 0.560516 0.523678 0.568452 0.525881 0.570437 0.538546 0.568527 0.554846 0.560441 0.555066 0.556052
0 0.546476 0.564534 0.540749 0.568452 0.551762 0.574901 0.560573 0.578373 0.577093 0.578373 0.582599 0.577133 0.584802 0.573661 0.584802 0.567708 0.582599 0.565476 0.561674 0.561260 0.552313 0.561756
0 0.534692 0.569444 0.526432 0.570437 0.520925 0.572421 0.517621 0.575397 0.518172 0.580109 0.523128 0.584573 0.528084 0.586310 0.535793 0.587302 0.544053 0.586558 0.555617 0.583829 0.559471 0.579861 0.557269 0.576389 0.543502 0.569940
0 0.551762 0.584573 0.540198 0.586806 0.534692 0.589038 0.531938 0.591766 0.530837 0.595982 0.534141 0.599454 0.537996 0.601190 0.543502 0.602679 0.553965 0.603423 0.561123 0.602679 0.566630 0.600942 0.571586 0.596230 0.571586 0.590774 0.568833 0.587798 0.561123 0.585565
0 0.613987 0.586558 0.607379 0.584573 0.595815 0.584573 0.581498 0.587798 0.576542 0.589534 0.574339 0.591518 0.574339 0.596230 0.578194 0.598710 0.588656 0.600694 0.595815 0.600694 0.602974 0.598958 0.615088 0.594990 0.616740 0.593750 0.617291 0.590774
0 0.590308 0.565476 0.585903 0.568204 0.583700 0.574901 0.583700 0.577381 0.586454 0.581101 0.595264 0.584325 0.607379 0.584325 0.617841 0.582837 0.622247 0.580357 0.622247 0.575893 0.617291 0.572173 0.615088 0.569196 0.609581 0.566716 0.596366 0.564484
0 0.627753 0.579861 0.622797 0.581845 0.620595 0.583829 0.620044 0.589038 0.621145 0.592510 0.625551 0.595238 0.637665 0.599454 0.648128 0.599454 0.660793 0.594990 0.662445 0.593006 0.660793 0.588790 0.655286 0.584077 0.648128 0.581597 0.639868 0.580109
0 0.690529 0.565476 0.685022 0.566964 0.680066 0.569940 0.677863 0.577133 0.681718 0.582093 0.686674 0.584077 0.692181 0.584573 0.699890 0.583333 0.706498 0.580109 0.710903 0.576141 0.712555 0.571925 0.709802 0.568700 0.705396 0.566964
0 0.682819 0.562500 0.673458 0.563492 0.664648 0.563492 0.660242 0.564980 0.657489 0.567956 0.660793 0.575645 0.671256 0.578621 0.674559 0.578869 0.678414 0.577629 0.681718 0.569196 0.688877 0.564732 0.688877 0.564236
0 0.656388 0.566716 0.652533 0.565228 0.639317 0.562748 0.631057 0.563740 0.622797 0.565476 0.615639 0.568204 0.616740 0.571925 0.621145 0.575397 0.626101 0.577381 0.636564 0.578373 0.647026 0.577877 0.653084 0.576389 0.658040 0.573909 0.658590 0.570188
0 0.723568 0.544643 0.718062 0.545883 0.709251 0.549851 0.707048 0.552331 0.704295 0.561012 0.709251 0.563988 0.714207 0.565724 0.721916 0.566468 0.729075 0.566468 0.735132 0.565972 0.740088 0.564484 0.744493 0.561260 0.745595 0.556300 0.743392 0.552083 0.740088 0.549603 0.732930 0.547619 0.726872 0.544643
0 0.682269 0.543155 0.675110 0.545387 0.673458 0.547619 0.672357 0.553571 0.673458 0.556548 0.686674 0.562252 0.691630 0.563492 0.696586 0.562252 0.704846 0.558036 0.707048 0.553819 0.707048 0.548611 0.699890 0.543899 0.692181 0.542411
0 0.647026 0.542163 0.638767 0.544643 0.637115 0.548859 0.639593 0.551761 0.644824 0.557540 0.648678 0.559028 0.658040 0.559772 0.662445 0.559028 0.669053 0.556548 0.671806 0.553323 0.671256 0.550595 0.665308 0.545561 0.656938 0.544395 0.654736 0.543155
0 0.633260 0.547867 0.622247 0.547867 0.614537 0.550843 0.611784 0.552827 0.610132 0.556548 0.611784 0.560516 0.613436 0.561260 0.621145 0.562748 0.631608 0.562748 0.636013 0.562004 0.640969 0.560268 0.643172 0.557093 0.640969 0.553869 0.637004 0.550521
0 0.556167 0.552579 0.556167 0.557540 0.557819 0.559524 0.568833 0.562748 0.577093 0.563988 0.587555 0.564236 0.590859 0.563492 0.595815 0.560516 0.596916 0.557788 0.596366 0.552827 0.591410 0.550347 0.587555 0.549355 0.578744 0.548611 0.568282 0.549107 0.563326 0.550099
0 0.539648 0.541171 0.537996 0.544147 0.538546 0.548611 0.540198 0.550843 0.544604 0.552083 0.552863 0.552331 0.566079 0.549355 0.571035 0.548859 0.576542 0.547123 0.578744 0.545139 0.577643 0.542907 0.574890 0.540923 0.562775 0.538690 0.549009 0.538690 0.543502 0.539435
0 0.602423 0.537698 0.595815 0.538690 0.584251 0.543651 0.583150 0.545635 0.585352 0.548859 0.591410 0.550099 0.599670 0.552827 0.605727 0.553323 0.613436 0.551587 0.618392 0.548611 0.621145 0.544643 0.618943 0.540675 0.615639 0.539187 0.609031 0.537946
0 0.650881 0.533234 0.646476 0.532242 0.638767 0.531746 0.627753 0.532986 0.622247 0.534722 0.619493 0.536954 0.620044 0.541171 0.622797 0.545139 0.625000 0.546379 0.629405 0.547371 0.634912 0.547123 0.643172 0.543403 0.651982 0.540923 0.654736 0.536706 0.653634 0.534722
0 0.675110 0.529762 0.666850 0.530506 0.662445 0.531746 0.658590 0.533482 0.654460 0.537004 0.652974 0.541964 0.660242 0.544395 0.664648 0.545387 0.674009 0.545635 0.678965 0.543899 0.687225 0.542163 0.690529 0.539931 0.691079 0.536706 0.687775 0.533730 0.684471 0.532242
0 0.576542 0.523810 0.569383 0.526538 0.565529 0.529266 0.563877 0.532738 0.564427 0.537698 0.568282 0.539931 0.578194 0.541915 0.588106 0.541667 0.595264 0.539683 0.599119 0.537450 0.600771 0.533978 0.600220 0.528770 0.598568 0.527282 0.590308 0.524306
0 0.664648 0.514881 0.655837 0.514633 0.647026 0.516369 0.644273 0.517609 0.642070 0.520337 0.642621 0.526042 0.646476 0.530506 0.648128 0.531498 0.654736 0.532738 0.659141 0.532490 0.672907 0.529514 0.678965 0.525794 0.682269 0.522073 0.680617 0.519345 0.676762 0.517609
0 0.598568 0.509673 0.598018 0.513641 0.601872 0.519593 0.612885 0.525050 0.622247 0.525546 0.628304 0.524058 0.634912 0.521329 0.637665 0.518601 0.637665 0.516369 0.635463 0.514137 0.626101 0.509177 0.622247 0.508185 0.612335 0.508185
0 0.569383 0.506696 0.560573 0.510417 0.557269 0.513145 0.557269 0.514385 0.561123 0.517857 0.567731 0.521081 0.573238 0.522817 0.583700 0.523810 0.590308 0.523810 0.595264 0.523065 0.598018 0.520585 0.598568 0.516121 0.596916 0.512897 0.593612 0.510169 0.587004 0.507192 0.579295 0.505456
0 0.548458 0.513393 0.534692 0.508433 0.522026 0.508185 0.515969 0.508681 0.508811 0.510665 0.503855 0.513393 0.505507 0.519345 0.508811 0.522321 0.517070 0.524058 0.526982 0.523562 0.536894 0.521577 0.547357 0.517609
0 0.474670 0.516369 0.463106 0.517113 0.455396 0.520089 0.450991 0.523065 0.449339 0.525050 0.450991 0.528522 0.454846 0.531250 0.459251 0.532738 0.463106 0.533234 0.473568 0.533234 0.480727 0.531994 0.484031 0.530258 0.485132 0.525298 0.480727 0.521329 0.478524 0.517361
0 0.542952 0.496280 0.536894 0.498016 0.534141 0.501240 0.535242 0.506200 0.537445 0.508681 0.545154 0.512153 0.553965 0.512897 0.559471 0.511657 0.566079 0.508433 0.568282 0.506448 0.567181 0.501488 0.564427 0.499256 0.560573 0.497768 0.552313 0.496032
0 0.586454 0.490327 0.582599 0.491071 0.579295 0.492560 0.572137 0.497272 0.572137 0.499008 0.575441 0.503472 0.587555 0.507937 0.593612 0.508929 0.598018 0.508929 0.611233 0.506944 0.613436 0.505952 0.613436 0.498512 0.611233 0.496032 0.604626 0.491567 0.596916 0.489831
0 0.833150 0.454365 0.829295 0.453125 0.819934 0.452381 0.811674 0.452877 0.801211 0.454861 0.796256 0.458333 0.796256 0.463294 0.799009 0.466022 0.802863 0.467262 0.811123 0.468006 0.823789 0.466518 0.828744 0.463542 0.832599 0.459325 0.833700 0.456597
0 0.643172 0.487599 0.632709 0.485863 0.626101 0.485863 0.621696 0.486359 0.615474 0.488542 0.613987 0.494048 0.613436 0.497024 0.614537 0.502232 0.617841 0.504712 0.623348 0.505208 0.630507 0.504216 0.641850 0.498065 0.645319 0.495833 0.647577 0.492808 0.646476 0.489583
0 0.662996 0.497768 0.656938 0.497024 0.647577 0.497520 0.641520 0.499256 0.631608 0.503720 0.628855 0.505704 0.628855 0.510169 0.634361 0.513393 0.642070 0.515377 0.646476 0.515873 0.649780 0.515625 0.659141 0.513393 0.665198 0.502728 0.665198 0.500496
0 0.691630 0.499256 0.669053 0.500992 0.666300 0.501984 0.662996 0.505208 0.661894 0.508185 0.661894 0.513145 0.662996 0.513889 0.673458 0.516865 0.682269 0.516865 0.688877 0.515377 0.696586 0.512153 0.699339 0.510169 0.699890 0.505704 0.693833 0.500248
0 0.688326 0.488095 0.686674 0.489831 0.688326 0.495288 0.690529 0.497272 0.694934 0.499008 0.710352 0.501984 0.716410 0.503968 0.718612 0.503968 0.726322 0.501984 0.731278 0.498264 0.732379 0.494792 0.729626 0.491319 0.726872 0.490079 0.715308 0.487599 0.702093 0.486607 0.692731 0.486855
0 0.825441 0.534474 0.823789 0.536954 0.825441 0.539931 0.830947 0.542907 0.838656 0.544147 0.866189 0.543651 0.870595 0.542907 0.872247 0.541915 0.872247 0.540427 0.864537 0.536954 0.862335 0.534226 0.852974 0.530506 0.848568 0.529514 0.838656 0.529018 0.833700 0.529762 0.829846 0.531250
0 0.851322 0.520585 0.848018 0.524554 0.848018 0.528770 0.856278 0.532738 0.864537 0.533978 0.877753 0.533234 0.882709 0.532490 0.891520 0.529266 0.889317 0.525298 0.881608 0.521329 0.865088 0.518105 0.856828 0.518849
0 0.857379 0.508185 0.856278 0.510417 0.857930 0.512897 0.864537 0.517609 0.882159 0.521577 0.891520 0.520833 0.898128 0.517609 0.900881 0.514137 0.900330 0.509177 0.894824 0.506696 0.883811 0.505208 0.864537 0.506200 0.860132 0.506944
0 0.891520 0.481647 0.879515 0.482341 0.872137 0.486682 0.868392 0.490079 0.865639 0.498512 0.869493 0.500496 0.881057 0.502232 0.890419 0.501736 0.898678 0.497892 0.906002 0.494296 0.907434 0.490526 0.905286 0.488393 0.899725 0.484995
0 0.910242 0.482143 0.912996 0.487103 0.915749 0.488343 0.924009 0.489583 0.935573 0.489831 0.941630 0.489335 0.956498 0.486359 0.954295 0.482639 0.946035 0.478671 0.932269 0.475446 0.926211 0.474950 0.917952 0.475198 0.913546 0.477927
0 0.908590 0.465030 0.891520 0.465774 0.885463 0.468006 0.882159 0.470486 0.881608 0.474950 0.883811 0.476935 0.889868 0.480159 0.899780 0.482143 0.908590 0.481895 0.913546 0.478671 0.917401 0.474702 0.917952 0.470734 0.915749 0.466766
0 0.781388 0.482639 0.779185 0.482143 0.768172 0.482143 0.759912 0.484871 0.755507 0.488095 0.752753 0.492808 0.752753 0.495288 0.754956 0.498264 0.760463 0.499504 0.769824 0.499256 0.778084 0.497520 0.789097 0.493552 0.792401 0.490575 0.791850 0.488591 0.789648 0.486111
0 0.687775 0.474454 0.685573 0.477927 0.687225 0.482639 0.692181 0.485119 0.699890 0.486607 0.706498 0.487103 0.717511 0.486855 0.725220 0.482887 0.726872 0.479911 0.726322 0.473958 0.721916 0.471478 0.708150 0.470486 0.694383 0.472470
0 0.615088 0.476687 0.613436 0.478175 0.613987 0.482391 0.621145 0.484871 0.637665 0.486855 0.648128 0.486855 0.653634 0.480655 0.654185 0.477431 0.651982 0.475198 0.647577 0.473710 0.640419 0.472222 0.631608 0.472470 0.622247 0.474206
0 0.592511 0.470238 0.586454 0.471974 0.584802 0.474206 0.584802 0.478919 0.586454 0.482639 0.595264 0.488591 0.604626 0.488591 0.605176 0.486855 0.611784 0.481399 0.614537 0.473958 0.612885 0.472470 0.609581 0.471230 0.596366 0.469990
0 0.582599 0.478671 0.573789 0.477679 0.560573 0.477927 0.551211 0.480407 0.541850 0.484375 0.539097 0.486359 0.540198 0.488591 0.548458 0.495040 0.561674 0.497272 0.571035 0.496032 0.578744 0.493304 0.584251 0.490079 0.585903 0.486855 0.585903 0.481647
0 0.514868 0.467014 0.512665 0.468006 0.510463 0.470486 0.511013 0.473710 0.513216 0.475694 0.526432 0.481399 0.544053 0.482639 0.549009 0.479167 0.551211 0.475198 0.550110 0.472718 0.546806 0.469742 0.540198 0.466766 0.535242 0.465774 0.523128 0.465526
0 0.568282 0.460565 0.558921 0.462550 0.549559 0.466766 0.548458 0.470982 0.559471 0.475942 0.571035 0.476687 0.579295 0.475446 0.588106 0.470486 0.587004 0.466518 0.582599 0.462798 0.578744 0.461310
0 0.557819 0.445188 0.556167 0.446677 0.557269 0.451389 0.563326 0.457589 0.566079 0.459077 0.578194 0.460565 0.586454 0.459573 0.594714 0.455853 0.595815 0.454613 0.595815 0.450893 0.592511 0.448661 0.587555 0.446677 0.578194 0.444444 0.570485 0.444940 0.560022 0.444692
0 0.599119 0.454861 0.588656 0.459573 0.587555 0.463294 0.590308 0.467510 0.593062 0.468998 0.603524 0.470734 0.613436 0.471230 0.617841 0.469494 0.620595 0.467262 0.618392 0.457589 0.616189 0.456101 0.609031 0.454613 0.602423 0.454365
0 0.629956 0.451885 0.625000 0.453621 0.619493 0.458829 0.621696 0.465774 0.623899 0.468254 0.626652 0.469494 0.630507 0.470238 0.640419 0.470238 0.647577 0.468750 0.653084 0.466766 0.655837 0.463542 0.654736 0.458581 0.651982 0.456349 0.639317 0.452133
0 0.700991 0.445685 0.688877 0.446181 0.676762 0.449901 0.674009 0.451637 0.672907 0.454365 0.674009 0.458829 0.680066 0.463294 0.683370 0.464286 0.692181 0.464782 0.699339 0.464038 0.704295 0.462550 0.710352 0.459325 0.712004 0.455605 0.712004 0.450645 0.707048 0.447173
0 0.639317 0.437004 0.632159 0.436012 0.621145 0.436012 0.612335 0.436756 0.608480 0.437996 0.606828 0.439484 0.606278 0.444444 0.609581 0.448661 0.613987 0.451141 0.622247 0.452629 0.631057 0.451637 0.639317 0.449157 0.644273 0.445188 0.648128 0.443452 0.645374 0.439484
0 0.591410 0.423859 0.589758 0.426339 0.589758 0.428819 0.591410 0.431796 0.596366 0.435516 0.603524 0.437500 0.615088 0.437004 0.623348 0.435268 0.623899 0.427579 0.622247 0.423363 0.619493 0.421379 0.614537 0.420139 0.603524 0.420139 0.595264 0.422123
0 0.645925 0.431548 0.641520 0.434524 0.641520 0.437004 0.653634 0.443204 0.664097 0.444444 0.674009 0.444444 0.678965 0.442460 0.681718 0.439732 0.682269 0.434772 0.680066 0.431548 0.674009 0.428819 0.666850 0.428323 0.655837 0.428571
0 0.714758 0.450893 0.710352 0.459077 0.712555 0.462798 0.717511 0.464782 0.725771 0.466022 0.743392 0.465774 0.750551 0.464286 0.756057 0.461806 0.757709 0.459325 0.757159 0.455109 0.745044 0.450397 0.735132 0.448661 0.724670 0.448413 0.717511 0.449653
0 0.721916 0.429067 0.716960 0.431052 0.715859 0.435020 0.716960 0.437500 0.720264 0.440724 0.725220 0.442956 0.735132 0.442956 0.748899 0.437500 0.751101 0.435764 0.752203 0.431548 0.748899 0.429563 0.743943 0.428819 0.725771 0.428571
0 0.673458 0.417163 0.670154 0.419395 0.671806 0.426587 0.675110 0.429563 0.682269 0.432540 0.692181 0.432788 0.700441 0.431052 0.706498 0.428323 0.708700 0.423363 0.705396 0.419891 0.702093 0.418403 0.693282 0.416667 0.681167 0.416171
0 0.716410 0.406746 0.711454 0.407986 0.705947 0.410714 0.702643 0.415675 0.704295 0.419891 0.707048 0.421379 0.709802 0.424355 0.713106 0.425843 0.725220 0.427827 0.730727 0.427579 0.735683 0.426339 0.740088 0.420883 0.739537 0.415675 0.735132 0.409474 0.730176 0.406994 0.726872 0.406498
0 0.749449 0.417907 0.747797 0.419147 0.747797 0.421131 0.751101 0.424851 0.756057 0.427083 0.768722 0.430308 0.779736 0.430308 0.784416 0.427654 0.787059 0.423264 0.787996 0.419891 0.785242 0.416667 0.776432 0.415675 0.763216 0.415675 0.753855 0.416667
0 0.783040 0.433780 0.778634 0.433036 0.768722 0.433532 0.760463 0.435268 0.754956 0.437748 0.752753 0.439484 0.751101 0.443700 0.756057 0.447173 0.760463 0.448909 0.768722 0.450397 0.779736 0.450397 0.787445 0.449157 0.791850 0.447421 0.791850 0.438740 0.790749 0.436508
0 0.768172 0.450893 0.762115 0.453125 0.759361 0.455357 0.758260 0.457341 0.758260 0.463046 0.762665 0.467014 0.768722 0.468998 0.779185 0.469246 0.787996 0.467014 0.794604 0.463294 0.794604 0.458829 0.790749 0.455357 0.785242 0.452629 0.779185 0.451141
0 0.792952 0.436508 0.791300 0.441468 0.791850 0.445437 0.794053 0.447421 0.812225 0.447421 0.819383 0.446181 0.823238 0.444444 0.826542 0.440228 0.826542 0.438988 0.823238 0.437252 0.816079 0.435516 0.804515 0.434772 0.796806 0.435268
0 0.836454 0.435764 0.832048 0.437748 0.827093 0.443204 0.828744 0.447421 0.832599 0.449405 0.845815 0.451389 0.857930 0.451389 0.871145 0.447421 0.872797 0.443204 0.865088 0.437748 0.849119 0.435020 0.838656 0.435268
0 0.801211 0.417907 0.793943 0.419469 0.789482 0.421825 0.786894 0.423983 0.784912 0.427803 0.790749 0.430556 0.796256 0.433532 0.800661 0.434524 0.810022 0.435268 0.822137 0.435268 0.825441 0.434524 0.829295 0.432292 0.828029 0.427778 0.823789 0.421850 0.815969 0.418849 0.808921 0.417411
0 0.851322 0.412698 0.846916 0.412202 0.838656 0.412946 0.828744 0.417163 0.822852 0.419643 0.827863 0.426116 0.832048 0.427083 0.838106 0.427827 0.849119 0.427579 0.854075 0.425595 0.854791 0.421156 0.854020 0.415947
0 0.864537 0.422123 0.856828 0.423611 0.848568 0.427579 0.846366 0.430308 0.846366 0.432292 0.849670 0.434524 0.866189 0.437500 0.875551 0.435764 0.877753 0.432788 0.877753 0.427331 0.875551 0.424851
0 0.926211 0.422123 0.917952 0.421627 0.906388 0.421875 0.895925 0.424355 0.891520 0.426091 0.889317 0.428323 0.888216 0.431796 0.890419 0.435764 0.894824 0.437996 0.903634 0.440476 0.910242 0.440972 0.917952 0.439732 0.922357 0.437748 0.929515 0.432044 0.930617 0.428571 0.930066 0.424107
0 0.908040 0.402778 0.902533 0.404266 0.895980 0.408681 0.893667 0.412946 0.896751 0.417783 0.901982 0.419643 0.908040 0.421627 0.919053 0.421379 0.926211 0.419147 0.927093 0.416890 0.927808 0.411756 0.926322 0.408284 0.921256 0.404018 0.916300 0.403026
0 0.863987 0.408234 0.859031 0.410218 0.857379 0.411706 0.857379 0.416419 0.862335 0.420883 0.866740 0.422619 0.872247 0.423611 0.881057 0.423611 0.888767 0.422371 0.891685 0.419692 0.893447 0.416171 0.892566 0.410764 0.888767 0.408234 0.883260 0.407242 0.872247 0.406746
0 0.801211 0.405010 0.795485 0.409697 0.794273 0.414658 0.799284 0.415501 0.802863 0.416667 0.810022 0.417411 0.822687 0.417659 0.830396 0.416171 0.837004 0.412450 0.837004 0.407986 0.830396 0.404762 0.822687 0.402778 0.812775 0.402530 0.806718 0.403274
0 0.796806 0.384921 0.786344 0.386657 0.776211 0.391220 0.770870 0.396429 0.772081 0.401265 0.776982 0.402530 0.781388 0.403770 0.796806 0.404514 0.801762 0.403522 0.806167 0.400794 0.806388 0.397545 0.806828 0.392262 0.806167 0.389137 0.803965 0.387153
0 0.808921 0.387401 0.806718 0.388889 0.811674 0.396329 0.821586 0.400794 0.829846 0.402530 0.832599 0.402034 0.837225 0.398189 0.842511 0.393353 0.841850 0.391567 0.836729 0.387450 0.830396 0.385417 0.821586 0.385169
0 0.848018 0.392113 0.845264 0.393105 0.841960 0.395585 0.839758 0.400050 0.841079 0.406399 0.846366 0.407738 0.854626 0.408978 0.867841 0.407242 0.871311 0.405184 0.873844 0.403348 0.874945 0.400174 0.872797 0.397545 0.871145 0.394841 0.863987 0.392609 0.858480 0.391865
0 0.890419 0.382192 0.883811 0.381200 0.874449 0.381448 0.867841 0.382937 0.862665 0.384375 0.860463 0.387649 0.862335 0.391121 0.873899 0.396329 0.883260 0.396329 0.891300 0.393775 0.896145 0.391146 0.897742 0.388244 0.898128 0.386161 0.896476 0.384425
0 0.475771 0.501736 0.472467 0.503472 0.470815 0.505456 0.471366 0.508929 0.473568 0.511905 0.479075 0.514385 0.482379 0.515129 0.492291 0.515377 0.500000 0.514137 0.508811 0.509921 0.511013 0.505704 0.503304 0.502976 0.491189 0.500744 0.481828 0.500496
0 0.517621 0.492312 0.500551 0.498016 0.496696 0.501488 0.497247 0.502232 0.505507 0.504464 0.508811 0.505952 0.510463 0.507688 0.513216 0.508185 0.518722 0.508185 0.529736 0.506200 0.533040 0.503224 0.531388 0.498016 0.525881 0.494296
0 0.413546 0.515129 0.408590 0.517113 0.401982 0.521329 0.403084 0.525546 0.408040 0.529514 0.417952 0.533234 0.421806 0.533978 0.430617 0.533482 0.439978 0.529266 0.444934 0.526042 0.444383 0.521329 0.439427 0.517609 0.436123 0.516617 0.422357 0.514881
0 0.398128 0.501240 0.386013 0.502728 0.382159 0.504960 0.380507 0.508433 0.380507 0.510913 0.383260 0.514881 0.392621 0.518849 0.395374 0.521577 0.402533 0.521081 0.404736 0.520337 0.406388 0.518105 0.412445 0.514137 0.414097 0.510913 0.412996 0.505704 0.410242 0.502976 0.404736 0.501736
0 0.418502 0.503472 0.416300 0.506448 0.415749 0.510417 0.417401 0.512401 0.420154 0.513641 0.430066 0.515377 0.438326 0.516121 0.448238 0.514137 0.455396 0.513641 0.455396 0.508433 0.451542 0.505208 0.446586 0.503224 0.438326 0.501240 0.430066 0.500248 0.421806 0.501984
0 0.441630 0.490575 0.438326 0.493304 0.437225 0.498512 0.443833 0.502232 0.453194 0.504712 0.458150 0.504960 0.466960 0.503968 0.474670 0.501488 0.476322 0.500000 0.476872 0.497520 0.473018 0.493800 0.469163 0.491815 0.456498 0.489087 0.447687 0.488839
0 0.500551 0.485119 0.491189 0.484623 0.481278 0.487351 0.474670 0.490079 0.474670 0.494544 0.482379 0.499752 0.490639 0.500992 0.497247 0.500248 0.512665 0.493800 0.515419 0.490079 0.509912 0.487351
0 0.491740 0.478423 0.492291 0.482887 0.493943 0.484127 0.503304 0.486359 0.511564 0.489335 0.518172 0.490575 0.525881 0.489831 0.529736 0.488591 0.531388 0.485863 0.525881 0.482391 0.523678 0.479911 0.518722 0.477431 0.508811 0.474454 0.499449 0.474950
0 0.464758 0.472718 0.459802 0.474206 0.457048 0.475942 0.454846 0.480655 0.454295 0.486359 0.459251 0.488343 0.463656 0.489087 0.474119 0.488839 0.485683 0.486359 0.488436 0.485119 0.490088 0.483383 0.489537 0.479911 0.488436 0.478423 0.479626 0.474454 0.474670 0.473214
0 0.429515 0.473710 0.426762 0.474702 0.424009 0.478423 0.424559 0.481895 0.426211 0.483879 0.430066 0.485367 0.436123 0.486359 0.438877 0.487599 0.447687 0.487103 0.451542 0.485367 0.454846 0.482391 0.454295 0.477431 0.452643 0.475694 0.439978 0.472470
0 0.437775 0.486607 0.431167 0.485367 0.421806 0.485119 0.410793 0.487847 0.406938 0.489583 0.403634 0.492808 0.403634 0.498512 0.406938 0.500000 0.412445 0.501240 0.422357 0.501240 0.429515 0.499256 0.434471 0.497024 0.438877 0.492063 0.442181 0.490327 0.441079 0.488591
0 0.388216 0.485367 0.382709 0.485367 0.365639 0.488343 0.361233 0.490327 0.361233 0.494792 0.364537 0.498264 0.369493 0.501488 0.377753 0.502976 0.387665 0.502480 0.397026 0.500248 0.401982 0.495784 0.403084 0.490079 0.401432 0.488591 0.398128 0.487351
0 0.377203 0.472966 0.370595 0.470734 0.361233 0.470982 0.355727 0.472470 0.350771 0.474454 0.345264 0.477927 0.338656 0.486607 0.341410 0.487599 0.352423 0.489087 0.362335 0.489335 0.376101 0.486359 0.379405 0.484871 0.381057 0.481895 0.381057 0.476935
0 0.419604 0.473214 0.413546 0.471230 0.406388 0.470486 0.402533 0.470486 0.393722 0.471726 0.386564 0.474702 0.383811 0.475198 0.381608 0.476687 0.380507 0.482639 0.381608 0.483631 0.386013 0.485119 0.394273 0.486359 0.404736 0.486111 0.416850 0.483879 0.420705 0.482143 0.423458 0.479167 0.422907 0.476438
0 0.360683 0.509177 0.343612 0.509673 0.338106 0.512401 0.332048 0.517113 0.333150 0.521577 0.351872 0.527778 0.357379 0.527282 0.360683 0.526042 0.364537 0.521825 0.361784 0.515625
0 0.393722 0.454861 0.387665 0.453869 0.379405 0.454117 0.373348 0.455357 0.368943 0.457341 0.360683 0.462798 0.361784 0.466766 0.365639 0.469494 0.369493 0.470486 0.379405 0.470734 0.387665 0.469990 0.397577 0.467510 0.403084 0.463542 0.403084 0.461558 0.401432 0.458829
0 0.412445 0.456349 0.406388 0.458829 0.407489 0.462550 0.412445 0.468254 0.421806 0.472718 0.431718 0.472222 0.436123 0.470238 0.438877 0.467510 0.437775 0.462798 0.428965 0.459077
0 0.469714 0.458333 0.466410 0.457589 0.463106 0.457837 0.457048 0.459325 0.451542 0.462054 0.443833 0.463542 0.441079 0.464782 0.439427 0.466270 0.441079 0.470734 0.447687 0.473710 0.457599 0.474454 0.465859 0.471478 0.471916 0.463542 0.471916 0.460317
0 0.507709 0.452133 0.501101 0.450893 0.491189 0.451389 0.486784 0.453125 0.481278 0.458829 0.481278 0.463294 0.485132 0.466766 0.489537 0.467510 0.500551 0.467262 0.510738 0.464980 0.516520 0.463566 0.518722 0.461310 0.518722 0.457589 0.515969 0.455109
0 0.451542 0.442212 0.450991 0.443948 0.457048 0.449901 0.460903 0.452381 0.468612 0.455357 0.475220 0.456349 0.482379 0.454365 0.489537 0.451389 0.489537 0.447173 0.485683 0.444692 0.474119 0.441468 0.455947 0.440972
0 0.515419 0.431548 0.506608 0.430060 0.498899 0.429563 0.488436 0.430556 0.482930 0.432044 0.474284 0.434648 0.473789 0.439311 0.477643 0.442808 0.490639 0.445188 0.502203 0.443452 0.507709 0.439732 0.517070 0.436756 0.518172 0.434276
0 0.501101 0.410962 0.490639 0.411706 0.482930 0.412946 0.475771 0.415923 0.473018 0.418651 0.472467 0.420635 0.474670 0.424355 0.480727 0.426835 0.490088 0.429315 0.501652 0.429315 0.505507 0.428571 0.508811 0.426835 0.511564 0.424107 0.512665 0.419643 0.509361 0.413938 0.506608 0.412202
0 0.421256 0.429812 0.416850 0.431052 0.404185 0.437252 0.401982 0.440972 0.401982 0.444444 0.404185 0.447173 0.412996 0.449653 0.424009 0.450149 0.430617 0.449405 0.437225 0.446925 0.440529 0.443700 0.441079 0.438740 0.435573 0.431796 0.430617 0.430308
0 0.351872 0.441468 0.341410 0.444444 0.335903 0.447173 0.337555 0.455605 0.340859 0.457837 0.344714 0.459077 0.351322 0.460069 0.361784 0.460069 0.368392 0.457589 0.371696 0.455357 0.371696 0.451141 0.366189 0.446181 0.361233 0.443948
0 0.299009 0.459573 0.292952 0.462798 0.290749 0.466270 0.291300 0.467510 0.299559 0.471974 0.308921 0.473958 0.317731 0.473214 0.325991 0.469246 0.327643 0.467014 0.326542 0.462550 0.318833 0.459573 0.310573 0.458333 0.306167 0.458333
0 0.283040 0.473958 0.276432 0.472470 0.268172 0.471478 0.247797 0.472222 0.240088 0.474454 0.239537 0.478919 0.245595 0.483631 0.251101 0.485863 0.254956 0.486607 0.265969 0.485863 0.278084 0.481895 0.282489 0.479415
0 0.143722 0.473958 0.143722 0.479167 0.148128 0.482887 0.152533 0.484375 0.160242 0.485119 0.171256 0.484623 0.177313 0.483135 0.187225 0.478919 0.187225 0.477431 0.184471 0.474454 0.177313 0.471974 0.170154 0.470734 0.164097 0.470238 0.150881 0.470734 0.147026 0.471478
0 0.107379 0.456349 0.103524 0.458581 0.104626 0.463294 0.108480 0.467510 0.118943 0.471974 0.125000 0.473214 0.136564 0.472966 0.140419 0.472222 0.149229 0.468254 0.151432 0.462054 0.146476 0.458333 0.136013 0.455853 0.126652 0.454861 0.116740 0.455109
0 0.177863 0.442956 0.171256 0.442212 0.165749 0.442708 0.160242 0.444692 0.154736 0.450893 0.153634 0.455109 0.156388 0.458829 0.160793 0.461806 0.169604 0.462054 0.177863 0.460813 0.183921 0.459077 0.192181 0.454861 0.193833 0.450645 0.191630 0.447669 0.186674 0.445437
0 0.177863 0.433284 0.174559 0.435516 0.174559 0.440476 0.176211 0.442212 0.179515 0.443700 0.195485 0.448909 0.204846 0.448909 0.213656 0.446677 0.218062 0.443452 0.217511 0.438740 0.214207 0.436508 0.209802 0.435764 0.204295 0.433532 0.196035 0.431300 0.186674 0.431300
0 0.211454 0.420635 0.199339 0.424107 0.195485 0.427083 0.195485 0.428819 0.198238 0.431300 0.209251 0.435516 0.212555 0.436260 0.222467 0.436012 0.230727 0.433532 0.233480 0.431052 0.234581 0.427083 0.231278 0.423859 0.225220 0.421379 0.221916 0.420635
0 0.247247 0.426835 0.238987 0.428571 0.235132 0.430556 0.231278 0.435516 0.232379 0.439732 0.236233 0.442460 0.241189 0.444196 0.247797 0.445437 0.256608 0.445933 0.262665 0.444940 0.266520 0.442708 0.267621 0.440724 0.267070 0.435268 0.262665 0.431052 0.257159 0.428323
0 0.221916 0.455605 0.214207 0.459077 0.212004 0.462302 0.213106 0.467014 0.217511 0.470238 0.224119 0.472966 0.229626 0.474206 0.240088 0.473958 0.247247 0.471478 0.251652 0.467014 0.251652 0.463294 0.250000 0.460069 0.246696 0.458085 0.239537 0.455853 0.232379 0.455109
0 0.256608 0.455605 0.250551 0.458829 0.251101 0.463046 0.253304 0.466270 0.265969 0.471230 0.273128 0.472222 0.282489 0.471726 0.284141 0.469246 0.284141 0.465526 0.282489 0.461558 0.279736 0.458581 0.273678 0.455357 0.265419 0.453869
0 0.281938 0.441716 0.272577 0.443948 0.267621 0.447917 0.265969 0.451885 0.268722 0.454365 0.278634 0.457837 0.282489 0.458581 0.291850 0.458333 0.295154 0.457837 0.299009 0.455605 0.300110 0.452877 0.299559 0.448909 0.297357 0.446677 0.290198 0.443204
0 0.299559 0.426339 0.291300 0.428075 0.284692 0.431548 0.283590 0.436260 0.286894 0.441468 0.297357 0.446677 0.301762 0.447173 0.311674 0.446181 0.315529 0.444444 0.316630 0.442708 0.316079 0.438988 0.307269 0.429067
0 0.254956 0.411954 0.248348 0.414683 0.245595 0.417659 0.244493 0.420883 0.246696 0.424851 0.251652 0.427331 0.261564 0.429315 0.266520 0.429563 0.274780 0.428571 0.276982 0.427827 0.280837 0.424355 0.280837 0.419891 0.277533 0.414435 0.274229 0.412946 0.265969 0.411458
0 0.334251 0.424603 0.327093 0.426587 0.322137 0.429067 0.319383 0.432292 0.318282 0.436756 0.321035 0.439732 0.334802 0.443700 0.344163 0.443204 0.348018 0.442460 0.351322 0.440972 0.354075 0.438244 0.355176 0.431052 0.352974 0.429067 0.344714 0.424851
0 0.299559 0.411210 0.295154 0.412946 0.292952 0.415179 0.293502 0.420387 0.295705 0.423115 0.300110 0.425595 0.308370 0.428075 0.319383 0.427331 0.330947 0.422619 0.332599 0.420883 0.332599 0.415427 0.325441 0.412202 0.319934 0.410962 0.306718 0.410218
0 0.430066 0.410714 0.421256 0.411706 0.415198 0.413938 0.412445 0.415923 0.412445 0.420387 0.415749 0.423859 0.423458 0.428323 0.429515 0.430060 0.432269 0.430060 0.438877 0.428571 0.441079 0.425843 0.444934 0.423611 0.447687 0.420387 0.447687 0.416667 0.444934 0.413442 0.438656 0.410615
0 0.386564 0.414187 0.380507 0.415675 0.375000 0.418155 0.373348 0.419643 0.372797 0.424107 0.377753 0.427579 0.383260 0.430060 0.387115 0.431052 0.395925 0.431300 0.403634 0.429315 0.408040 0.427331 0.411344 0.424107 0.410793 0.419147 0.407489 0.416915 0.403084 0.416171 0.398128 0.414187
0 0.360683 0.401786 0.359031 0.403274 0.356828 0.408730 0.358480 0.412202 0.364537 0.414435 0.368943 0.415427 0.379405 0.415923 0.399229 0.412202 0.400330 0.408234 0.396476 0.405258 0.387115 0.401042 0.379405 0.399554 0.368943 0.399554 0.363987 0.400298
0 0.352974 0.398562 0.343062 0.398562 0.332599 0.401538 0.324890 0.405754 0.324890 0.412202 0.335903 0.416171 0.343612 0.416667 0.349670 0.415923 0.353524 0.414683 0.356828 0.412450 0.358480 0.400298
0 0.517621 0.393601 0.503304 0.396329 0.498348 0.400298 0.500000 0.406746 0.507709 0.410714 0.514868 0.413194 0.518172 0.413194 0.521476 0.411706 0.526432 0.408234 0.528634 0.404762 0.528084 0.400298 0.525330 0.396081 0.523128 0.394593
0 0.431718 0.386657 0.425110 0.392113 0.425661 0.395833 0.429515 0.398562 0.437775 0.399802 0.447687 0.399802 0.456498 0.398810 0.458700 0.396825 0.456498 0.391121 0.448238 0.386161 0.437775 0.384921
0 0.338656 0.388145 0.334802 0.386905 0.317181 0.387401 0.302863 0.392609 0.299559 0.396825 0.303965 0.400546 0.308370 0.402778 0.316079 0.404514 0.325991 0.404266 0.335352 0.400298 0.339207 0.397321 0.341410 0.393105 0.340859 0.390129
0 0.115639 0.309276 0.106278 0.311260 0.100771 0.313492 0.099670 0.314484 0.100220 0.318452 0.102974 0.322421 0.105727 0.324901 0.109031 0.326389 0.117291 0.328373 0.126652 0.328373 0.131057 0.327381 0.135463 0.325397 0.139317 0.322421 0.139868 0.317212 0.138767 0.315228 0.135463 0.312252 0.130507 0.310268 0.123899 0.309276
0 0.126101 0.330605 0.116740 0.333829 0.114537 0.338046 0.117291 0.341022 0.127203 0.345734 0.133811 0.346726 0.139317 0.346230 0.146476 0.343502 0.148128 0.342014 0.147577 0.337054 0.144273 0.333829 0.134361 0.330853
0 0.151982 0.352679 0.149229 0.353423 0.147026 0.355655 0.141520 0.357887 0.140419 0.359871 0.141520 0.364335 0.147026 0.369296 0.151432 0.371776 0.164097 0.371776 0.170154 0.370040 0.175110 0.365823 0.174009 0.358879 0.170154 0.355655 0.164648 0.353423 0.158590 0.352679
0 0.151432 0.373512 0.149780 0.375248 0.150881 0.381200 0.160793 0.387153 0.170154 0.387897 0.177863 0.386161 0.187225 0.381944 0.187225 0.376488 0.178965 0.373512 0.169053 0.373512 0.162445 0.372520
0 0.213106 0.344246 0.204846 0.342262 0.196035 0.341518 0.186674 0.343502 0.174559 0.349454 0.172357 0.353919 0.175661 0.356647 0.182819 0.358879 0.197137 0.359127 0.205947 0.357887 0.212555 0.355903 0.215859 0.353671 0.216960 0.350942 0.215859 0.346726
0 0.280837 0.384673 0.265969 0.382192 0.256057 0.381448 0.247247 0.383433 0.244493 0.384673 0.241740 0.388393 0.242291 0.393105 0.247797 0.395089 0.257709 0.395337 0.265419 0.394345 0.272026 0.392609 0.278084 0.389385
0 0.221366 0.372768 0.221916 0.374008 0.226872 0.376488 0.247247 0.380952 0.258811 0.379960 0.262665 0.377728 0.264868 0.373512 0.263767 0.369048 0.256608 0.367063 0.250000 0.366815 0.239537 0.367063 0.230727 0.369792 0.226322 0.370536
0 0.300661 0.367063 0.295154 0.369048 0.294053 0.373264 0.296806 0.378720 0.299559 0.380952 0.307819 0.383929 0.317731 0.383681 0.322687 0.374008 0.321586 0.369296 0.317731 0.367312 0.314427 0.366815 0.306718 0.366567
0 0.309471 0.343254 0.305066 0.342758 0.295154 0.343254 0.286894 0.344990 0.281938 0.347718 0.280286 0.349454 0.280286 0.353671 0.283040 0.356399 0.286344 0.358135 0.289648 0.358879 0.300661 0.358135 0.307819 0.356399 0.313326 0.353919 0.316079 0.350198 0.316079 0.348214 0.314427 0.345238
0 0.350771 0.370288 0.344163 0.370784 0.340308 0.372024 0.335903 0.376736 0.335903 0.381448 0.337555 0.384921 0.343062 0.387649 0.352423 0.388641 0.361233 0.387649 0.367841 0.384921 0.372247 0.380952 0.373899 0.376488 0.371696 0.374008 0.363436 0.371528
0 0.548458 0.407986 0.551211 0.410714 0.558921 0.414187 0.568833 0.416667 0.579295 0.416915 0.582599 0.416419 0.588656 0.413938 0.589758 0.412698 0.589758 0.407490 0.585352 0.405754 0.578194 0.404514 0.567731 0.404514 0.560022 0.405258 0.551211 0.406746
0 0.613436 0.402530 0.603524 0.403522 0.593062 0.406994 0.591960 0.408234 0.591410 0.413194 0.597467 0.416915 0.603524 0.419147 0.611784 0.418899 0.616740 0.418155 0.625000 0.414683 0.627753 0.412450 0.628304 0.407242 0.624449 0.405010
0 0.644824 0.389881 0.641520 0.389385 0.629405 0.389633 0.622797 0.391617 0.618943 0.394345 0.617841 0.395833 0.618943 0.400298 0.624449 0.404266 0.629956 0.406250 0.638216 0.406002 0.647026 0.404514 0.655286 0.400794 0.655837 0.396329 0.649780 0.391369
0 0.594714 0.386657 0.589207 0.388641 0.585903 0.390873 0.584802 0.392609 0.584251 0.400546 0.586454 0.402778 0.591960 0.405258 0.596366 0.406002 0.613987 0.401042 0.616740 0.395833 0.617291 0.391865 0.613436 0.388889 0.606828 0.387649
0 0.541300 0.396329 0.543502 0.397817 0.560022 0.402530 0.568282 0.403274 0.574339 0.403026 0.579846 0.402282 0.583150 0.400546 0.584251 0.398313 0.584251 0.392609 0.581498 0.390625 0.572687 0.388393 0.560573 0.388145 0.552863 0.390129
0 0.341410 0.351042 0.331333 0.354712 0.328800 0.360392 0.328579 0.364534 0.333370 0.367708 0.343062 0.369544 0.353524 0.369792 0.362885 0.367808 0.366740 0.365575 0.364537 0.357143 0.359031 0.353423 0.352423 0.351935
0 0.373183 0.354241 0.367841 0.357143 0.366189 0.360615 0.366740 0.363343 0.370044 0.366567 0.379405 0.368031 0.385683 0.368899 0.390474 0.368452 0.396035 0.367063 0.401156 0.364038 0.403855 0.361954 0.401432 0.358358 0.398348 0.356349 0.389317 0.354737 0.384581 0.354390
0 0.415749 0.365079 0.409692 0.366567 0.404185 0.369792 0.403084 0.373264 0.406388 0.377480 0.414097 0.381696 0.421806 0.383681 0.431167 0.384177 0.436674 0.383433 0.439978 0.381944 0.445485 0.377232 0.443833 0.372272 0.439427 0.367560 0.437225 0.366319 0.431167 0.365079 0.424009 0.364583
0 0.401432 0.352927 0.385132 0.350843 0.374339 0.352480 0.399174 0.356002 0.404681 0.361607 0.396751 0.367336 0.391300 0.368428 0.384967 0.369147 0.371971 0.367535 0.375551 0.369296 0.377203 0.371776 0.379956 0.373016 0.385242 0.372247 0.388767 0.371280 0.392070 0.369792 0.396476 0.369048 0.405837 0.364087 0.408425 0.357763 0.405286 0.354167
0 0.338106 0.336310 0.329295 0.341766 0.329846 0.345982 0.333700 0.348214 0.341960 0.350694 0.351872 0.351190 0.360683 0.353175 0.368392 0.352679 0.371145 0.349950 0.371145 0.345238 0.366740 0.339782 0.359031 0.336310 0.352423 0.334821 0.342511 0.335317
0 0.317181 0.324653 0.309471 0.326637 0.305066 0.329365 0.301762 0.333581 0.302313 0.338294 0.307269 0.340774 0.316630 0.343006 0.325991 0.343006 0.330947 0.340278 0.336454 0.334573 0.335903 0.329613 0.334251 0.327877 0.326542 0.324901
0 0.302863 0.325397 0.292952 0.323909 0.281388 0.323413 0.273128 0.324405 0.266520 0.325893 0.264868 0.326637 0.263216 0.329117 0.263767 0.334077 0.270374 0.339534 0.273128 0.340526 0.283040 0.340278 0.295705 0.337302 0.299559 0.335317 0.304515 0.330109 0.304515 0.326141
0 0.386564 0.330853 0.378855 0.332837 0.366740 0.338046 0.368943 0.342262 0.375000 0.347718 0.384361 0.350942 0.397026 0.352183 0.400881 0.351687 0.403634 0.350198 0.405286 0.346478 0.405286 0.341766 0.397026 0.332837 0.392621 0.331597
0 0.415749 0.331597 0.408040 0.337798 0.406938 0.340526 0.407489 0.345982 0.412445 0.347222 0.419604 0.347470 0.436674 0.346726 0.439427 0.345486 0.441630 0.342014 0.441630 0.337054 0.438326 0.332589 0.435573 0.331349 0.431167 0.330605 0.421256 0.330605
0 0.406388 0.349454 0.408040 0.354167 0.413546 0.357143 0.419053 0.357887 0.421531 0.357217 0.440143 0.351488 0.443282 0.350694 0.443282 0.349206 0.439427 0.346478 0.418282 0.347545 0.407764 0.346726 0.405011 0.347445
0 0.454846 0.354663 0.448238 0.351438 0.439978 0.352183 0.422907 0.357391 0.418502 0.359871 0.417401 0.361855 0.420705 0.363095 0.438326 0.366071 0.447687 0.365327 0.455947 0.361359 0.456498 0.356895
0 0.476872 0.375744 0.464207 0.374256 0.455396 0.375248 0.449890 0.376488 0.442181 0.380456 0.442181 0.384673 0.446586 0.385665 0.456498 0.389385 0.467511 0.389137 0.474119 0.388145 0.481828 0.384921 0.482379 0.380456 0.480176 0.377480
0 0.480727 0.357391 0.474119 0.356399 0.469714 0.356647 0.458150 0.358879 0.449890 0.365079 0.450991 0.369296 0.454295 0.371528 0.464207 0.374008 0.474670 0.374256 0.488436 0.369296 0.491740 0.366319 0.491189 0.362847 0.488436 0.360119
0 0.488987 0.370040 0.482379 0.371280 0.479626 0.372768 0.478524 0.376984 0.481278 0.379464 0.483480 0.384673 0.488436 0.385913 0.492291 0.385913 0.506057 0.382937 0.508260 0.381448 0.511013 0.376240 0.507709 0.373264 0.501101 0.371032 0.493943 0.370040
0 0.514317 0.375496 0.509361 0.380704 0.509912 0.384177 0.512665 0.386657 0.517070 0.387649 0.526982 0.387897 0.536894 0.386905 0.544053 0.385169 0.541355 0.381696 0.538656 0.379390 0.533590 0.375000 0.530286 0.374008 0.523678 0.373512 0.518172 0.374256
0 0.508260 0.354663 0.493943 0.357639 0.491740 0.360367 0.493392 0.366567 0.495595 0.369296 0.508260 0.373760 0.518172 0.374504 0.521751 0.371280 0.524725 0.365873 0.526652 0.361533 0.525330 0.357391 0.522577 0.355903 0.517070 0.354663
0 0.552863 0.360615 0.536894 0.363343 0.531388 0.366071 0.528084 0.369048 0.529185 0.373264 0.540969 0.379787 0.552863 0.378968 0.557819 0.377976 0.568833 0.373016 0.569383 0.368552 0.567181 0.364087 0.563326 0.362599
0 0.575991 0.362847 0.571586 0.364087 0.569383 0.366071 0.569383 0.372520 0.579295 0.378968 0.588106 0.379712 0.593062 0.378224 0.596366 0.375248 0.601322 0.372768 0.596366 0.366319 0.593612 0.364583 0.587004 0.362599
0 0.596916 0.365079 0.597467 0.369296 0.600771 0.372520 0.602974 0.373264 0.611784 0.374008 0.621145 0.375992 0.624449 0.375992 0.629956 0.375000 0.633811 0.372768 0.635463 0.369544 0.633811 0.365079 0.626652 0.362847 0.618943 0.362103 0.610132 0.362103 0.604075 0.362599
0 0.596366 0.375496 0.590859 0.380704 0.593062 0.384921 0.595264 0.386161 0.610132 0.388145 0.621145 0.390625 0.631057 0.388641 0.633260 0.387649 0.634912 0.384177 0.629956 0.379464 0.625000 0.376984 0.615088 0.374256 0.605176 0.373264 0.599119 0.374256
0 0.674009 0.374256 0.669604 0.373760 0.658590 0.374008 0.650330 0.375000 0.645374 0.376240 0.636564 0.380704 0.637665 0.384921 0.640419 0.387153 0.645374 0.388889 0.650330 0.389385 0.656938 0.389137 0.667456 0.386037 0.672852 0.383209 0.676211 0.381200 0.676762 0.376736
0 0.701156 0.371875 0.691079 0.371280 0.681167 0.373512 0.678414 0.374752 0.675661 0.380208 0.677313 0.385913 0.681718 0.389881 0.689978 0.392609 0.692181 0.392609 0.704846 0.389633 0.708756 0.386384 0.712390 0.382143 0.715308 0.376736 0.713656 0.375000 0.709802 0.373264
0 0.735132 0.369296 0.725771 0.369048 0.716410 0.375248 0.714207 0.379712 0.713656 0.385417 0.715308 0.387153 0.719163 0.388393 0.727423 0.388889 0.741189 0.386905 0.745650 0.384598 0.747357 0.382440 0.748238 0.380432 0.747137 0.377257 0.740639 0.371776
0 0.750000 0.356399 0.743943 0.357391 0.738987 0.360615 0.734967 0.365228 0.745044 0.375248 0.753304 0.379216 0.761564 0.380952 0.768722 0.379464 0.770374 0.378224 0.771476 0.372768 0.775330 0.366319 0.774780 0.362599 0.772577 0.360615 0.761013 0.356647
0 0.794604 0.366071 0.778084 0.366567 0.773678 0.368552 0.771476 0.372520 0.770925 0.376984 0.773128 0.380456 0.778084 0.384177 0.787445 0.384921 0.799009 0.383433 0.802863 0.382192 0.807819 0.378224 0.810573 0.373264 0.805066 0.368552
0 0.839758 0.372520 0.830947 0.370040 0.822137 0.370536 0.812225 0.372520 0.806167 0.380456 0.807269 0.383929 0.811674 0.384921 0.831498 0.384673 0.838106 0.382937 0.841960 0.380952 0.843612 0.377480
0 0.856278 0.361359 0.848018 0.363343 0.845815 0.364583 0.840529 0.368031 0.840529 0.372644 0.845099 0.378075 0.853689 0.379638 0.866189 0.378968 0.871696 0.377728 0.877753 0.373512 0.876872 0.368304 0.873513 0.365501 0.868062 0.363318 0.863106 0.361632
0 0.818833 0.352183 0.811674 0.351687 0.805066 0.352679 0.802313 0.353671 0.792952 0.361359 0.793502 0.364583 0.795154 0.365823 0.801762 0.367560 0.807269 0.367808 0.817181 0.365749 0.826542 0.364335 0.828744 0.361384 0.828029 0.357242
0 0.795705 0.346478 0.786894 0.344494 0.775330 0.344742 0.767070 0.345734 0.764868 0.347222 0.761564 0.352927 0.762665 0.357391 0.769824 0.359871 0.777533 0.360615 0.789648 0.360119 0.795154 0.359127 0.800661 0.353919 0.799559 0.349454
0 0.737885 0.342014 0.734581 0.343998 0.732324 0.346925 0.730727 0.349454 0.735683 0.353919 0.742841 0.356647 0.761013 0.356151 0.761344 0.354191 0.765033 0.345883 0.767070 0.344990 0.761564 0.342758 0.752203 0.341022 0.743392 0.341022
0 0.673458 0.357639 0.668502 0.359127 0.664097 0.361359 0.663546 0.365327 0.672357 0.369296 0.674009 0.372024 0.682819 0.372768 0.692181 0.371280 0.700991 0.368800 0.703744 0.364583 0.702093 0.361111 0.699339 0.359871 0.693282 0.358383 0.683921 0.357143
0 0.638216 0.365079 0.636564 0.367312 0.637115 0.372272 0.642621 0.374752 0.649229 0.375496 0.671806 0.373264 0.672357 0.369048 0.665749 0.366071 0.660242 0.365079 0.656388 0.363343 0.647026 0.362599
0 0.638767 0.347470 0.631057 0.348462 0.623899 0.351190 0.621696 0.352927 0.621145 0.357391 0.628855 0.362351 0.639317 0.363839 0.650330 0.362351 0.656938 0.360119 0.659141 0.357391 0.660242 0.353175 0.651982 0.348710
0 0.655837 0.341270 0.656388 0.349702 0.659692 0.352431 0.663546 0.354167 0.673458 0.356399 0.684471 0.355655 0.688877 0.354663 0.695485 0.351687 0.697687 0.349950 0.697687 0.345238 0.693833 0.342758 0.682819 0.339534 0.673458 0.339286
0 0.698238 0.335565 0.694934 0.337798 0.694934 0.342014 0.699339 0.345734 0.710903 0.349702 0.716960 0.350694 0.727423 0.349702 0.731828 0.347222 0.734581 0.343750 0.737335 0.342014 0.732930 0.337054 0.720264 0.334573 0.707599 0.334573
0 0.753689 0.333829 0.749284 0.338244 0.751267 0.340972 0.756057 0.341766 0.760463 0.342510 0.765419 0.344246 0.769273 0.344990 0.788546 0.344742 0.792952 0.343502 0.790198 0.338765 0.786289 0.332738 0.780837 0.329613 0.768722 0.328373 0.761564 0.330605
0 0.742841 0.315972 0.734581 0.316468 0.730176 0.317708 0.722467 0.323090 0.725220 0.326885 0.729626 0.330605 0.733480 0.332589 0.743943 0.334573 0.752203 0.334077 0.762665 0.329067 0.767621 0.326637 0.767621 0.322173 0.761564 0.318452 0.752753 0.316468
0 0.672357 0.321181 0.664648 0.321925 0.659141 0.323909 0.656938 0.325645 0.656938 0.330605 0.660242 0.334325 0.664648 0.336806 0.671806 0.338046 0.675661 0.338046 0.682819 0.336558 0.693282 0.333333 0.696586 0.331597 0.697137 0.329117 0.694383 0.325893 0.683921 0.322173
0 0.889317 0.342014 0.882159 0.341270 0.871145 0.343998 0.862335 0.347222 0.853249 0.352654 0.851046 0.356696 0.860132 0.359871 0.864537 0.360863 0.875551 0.361111 0.882709 0.359623 0.888216 0.353919 0.892621 0.345734 0.891520 0.343254
0 0.926211 0.341766 0.916795 0.339286 0.906222 0.338914 0.895980 0.340005 0.892181 0.342113 0.893007 0.345858 0.891520 0.349206 0.890419 0.353919 0.899780 0.360367 0.908590 0.360367 0.909141 0.359127 0.911894 0.357887 0.919053 0.357143 0.924670 0.353720 0.928414 0.350298 0.929626 0.345685
0 0.924559 0.325893 0.915749 0.328373 0.908535 0.330754 0.907874 0.334201 0.909912 0.336582 0.914097 0.337798 0.924009 0.341518 0.930617 0.344990 0.933921 0.345982 0.936674 0.345982 0.940529 0.345238 0.939978 0.342808 0.942126 0.339757 0.941960 0.334400 0.939152 0.329142 0.935022 0.326389
0 0.848568 0.340278 0.840308 0.340526 0.829846 0.341766 0.823789 0.343254 0.819934 0.345238 0.817731 0.348710 0.818282 0.350942 0.833150 0.357639 0.837004 0.358135 0.843062 0.357887 0.847797 0.355556 0.851377 0.353522 0.854075 0.349702 0.854460 0.345709 0.855176 0.343006
0 0.848403 0.334028 0.845815 0.326885 0.838656 0.324405 0.814427 0.327629 0.802863 0.334077 0.803965 0.336310 0.806718 0.338046 0.812775 0.338790 0.821586 0.341022 0.830947 0.341270 0.844714 0.339286 0.847467 0.337798
0 0.891520 0.330357 0.876101 0.328621 0.867841 0.329117 0.851872 0.335565 0.850220 0.337302 0.851872 0.341022 0.857930 0.344246 0.863436 0.345238 0.873348 0.344246 0.882159 0.341518 0.892621 0.341270 0.895925 0.340030 0.898128 0.337550 0.897026 0.333829
0 0.871145 0.316716 0.867841 0.322173 0.867841 0.326637 0.871696 0.328373 0.881608 0.329365 0.892070 0.329365 0.898678 0.327381 0.905286 0.326389 0.908590 0.324405 0.909141 0.322173 0.902533 0.319692 0.899229 0.317212 0.893722 0.315724 0.881608 0.313988 0.875000 0.315228
0 0.856828 0.312004 0.841960 0.314236 0.839207 0.315228 0.836454 0.317708 0.837004 0.320933 0.839207 0.323661 0.845815 0.326885 0.849670 0.331101 0.854626 0.332589 0.856828 0.332589 0.863987 0.330109 0.864923 0.323810 0.866024 0.318849 0.864593 0.316245
0 0.860683 0.300595 0.856278 0.301835 0.853524 0.304315 0.852974 0.307788 0.854626 0.310764 0.864537 0.313988 0.873348 0.315228 0.884912 0.313244 0.888767 0.310764 0.890419 0.307292 0.887115 0.302579 0.882709 0.300595 0.871696 0.299851
0 0.813326 0.311756 0.805066 0.310268 0.795705 0.311260 0.787445 0.314732 0.781388 0.318204 0.777533 0.321925 0.779185 0.325893 0.781938 0.328373 0.784692 0.329117 0.792952 0.329861 0.799559 0.329613 0.806718 0.328125 0.813436 0.324355 0.821586 0.320188 0.820595 0.318676 0.818667 0.314931
0 0.724670 0.299107 0.715859 0.302331 0.711454 0.306548 0.713656 0.311012 0.725771 0.316220 0.737335 0.316468 0.745595 0.315724 0.748348 0.314236 0.747247 0.312004 0.747797 0.306052 0.745044 0.303075 0.740639 0.300595 0.735132 0.299107
0 0.716960 0.313988 0.711454 0.311483 0.705947 0.307788 0.691630 0.304563 0.682819 0.305308 0.672907 0.308036 0.669604 0.313244 0.670154 0.318452 0.671806 0.319940 0.675110 0.320933 0.682269 0.321925 0.693282 0.322173 0.699339 0.321429 0.707048 0.318700 0.713656 0.317708 0.716410 0.316220
0 0.691630 0.291667 0.680617 0.287698 0.672357 0.287202 0.666850 0.288194 0.661344 0.290179 0.653084 0.295635 0.647026 0.298611 0.644273 0.302083 0.645374 0.304315 0.649780 0.305804 0.662996 0.307540 0.675110 0.307044 0.682819 0.304563 0.693282 0.299107 0.694383 0.294395
0 0.631057 0.293403 0.619493 0.296131 0.610132 0.300347 0.606828 0.303075 0.606278 0.306796 0.608480 0.307788 0.612335 0.308532 0.629956 0.308284 0.634912 0.307292 0.639868 0.305308 0.642070 0.303075 0.640419 0.299107
0 0.629956 0.320437 0.618392 0.323413 0.615639 0.324653 0.613987 0.326141 0.613987 0.330109 0.618943 0.333085 0.629956 0.336310 0.639868 0.336558 0.646476 0.335317 0.649229 0.333581 0.651432 0.330357 0.650330 0.326637 0.639317 0.320685
0 0.589207 0.337798 0.588656 0.342262 0.594714 0.346230 0.607930 0.347718 0.621145 0.349950 0.627753 0.349206 0.631057 0.348214 0.633811 0.342758 0.633811 0.340526 0.631608 0.337054 0.627753 0.335317 0.620595 0.334077 0.605176 0.334077 0.598018 0.335317 0.595264 0.336558
0 0.589758 0.347470 0.586454 0.348958 0.586454 0.350694 0.590859 0.357887 0.603524 0.361855 0.612885 0.360863 0.616740 0.358879 0.619493 0.355903 0.620044 0.352679 0.618392 0.349702 0.612885 0.347966 0.597467 0.346478 0.594163 0.346478
0 0.583700 0.347966 0.578744 0.346974 0.575441 0.347222 0.563877 0.349950 0.560573 0.351438 0.556167 0.357143 0.557269 0.359871 0.560022 0.361359 0.568833 0.362847 0.588106 0.361359 0.590859 0.356895 0.588106 0.352183
0 0.544053 0.343254 0.534141 0.343254 0.526982 0.345486 0.522577 0.349206 0.521476 0.353671 0.528634 0.360863 0.533590 0.362847 0.544053 0.362103 0.551211 0.360367 0.553965 0.359127 0.558370 0.354167 0.558921 0.348958 0.555066 0.345982
0 0.551211 0.327133 0.542401 0.329365 0.536344 0.332093 0.534141 0.333829 0.533590 0.338046 0.539648 0.342262 0.553414 0.345486 0.557819 0.347470 0.560573 0.349702 0.569383 0.348462 0.571586 0.347222 0.575441 0.342758 0.576542 0.337798 0.571586 0.332837 0.565529 0.328869 0.561123 0.327877
0 0.591960 0.316468 0.584802 0.316468 0.580396 0.317212 0.569934 0.322173 0.568833 0.330357 0.578194 0.338542 0.587004 0.339038 0.589758 0.337550 0.600220 0.334821 0.606278 0.331349 0.611784 0.326389 0.608480 0.320437 0.600771 0.317708
0 0.560573 0.301091 0.553414 0.302579 0.546806 0.305308 0.544053 0.307788 0.542952 0.311012 0.546256 0.314236 0.555617 0.318948 0.560022 0.319940 0.569934 0.320685 0.578194 0.317460 0.582599 0.314236 0.584251 0.311508 0.583700 0.304315 0.582599 0.302827 0.577643 0.301587
0 0.543502 0.313492 0.532489 0.313244 0.528084 0.313988 0.515969 0.318204 0.509361 0.322421 0.508811 0.326389 0.520925 0.331845 0.524780 0.332589 0.534141 0.332341 0.551762 0.325893 0.553965 0.322669 0.552863 0.318452
0 0.490639 0.302083 0.488436 0.302827 0.487335 0.310764 0.488436 0.312500 0.500000 0.319692 0.508811 0.320933 0.524780 0.314484 0.526432 0.310268 0.524229 0.307788 0.518722 0.304812 0.509912 0.302331 0.502753 0.301587
0 0.514317 0.291171 0.507159 0.294891 0.505507 0.297867 0.507159 0.301587 0.509361 0.302827 0.520374 0.306052 0.523678 0.307540 0.525881 0.309772 0.537445 0.308780 0.541300 0.307044 0.544604 0.303075 0.544604 0.297867 0.541850 0.294147 0.536344 0.291667 0.530837 0.290675 0.522577 0.290427
0 0.497247 0.285714 0.490088 0.285218 0.481828 0.285962 0.476872 0.286954 0.468612 0.290923 0.465859 0.294147 0.465859 0.295883 0.468612 0.299851 0.472467 0.301587 0.483480 0.303571 0.496696 0.300595 0.500551 0.297371 0.502753 0.292411 0.500551 0.286954
0 0.448238 0.301587 0.446586 0.302579 0.446035 0.310764 0.457599 0.316964 0.464207 0.317956 0.474119 0.317956 0.485683 0.313740 0.487885 0.310764 0.486784 0.307788 0.482544 0.306225 0.476322 0.303993 0.465308 0.300347
0 0.455947 0.319196 0.447137 0.322421 0.443282 0.325893 0.444934 0.329861 0.452643 0.335069 0.464207 0.338294 0.474119 0.340278 0.480176 0.338046 0.482930 0.334821 0.482930 0.326637 0.480727 0.323413 0.477423 0.320685 0.473018 0.318948 0.463656 0.318204
0 0.334251 0.307540 0.325441 0.314236 0.324890 0.319692 0.323733 0.323264 0.330452 0.326761 0.335297 0.327827 0.352423 0.327133 0.354075 0.326389 0.356828 0.322917 0.356278 0.318700 0.352974 0.312996 0.345264 0.308532
0 0.378304 0.318948 0.361784 0.319444 0.357379 0.320933 0.354075 0.326389 0.353359 0.330233 0.357930 0.334077 0.360683 0.336558 0.369493 0.336806 0.388216 0.329613 0.389317 0.327629 0.388216 0.323165 0.387115 0.322173
0 0.360683 0.301339 0.354901 0.303646 0.351872 0.306548 0.351707 0.311607 0.358425 0.317312 0.366740 0.318452 0.378304 0.318452 0.383370 0.317733 0.387115 0.315972 0.388767 0.314732 0.387665 0.306796 0.383425 0.302654 0.370044 0.300347
0 0.286894 0.310268 0.283040 0.314236 0.283040 0.318700 0.284141 0.320685 0.287445 0.322669 0.299009 0.323909 0.308921 0.323661 0.314978 0.321925 0.320485 0.321181 0.322687 0.320188 0.323789 0.318948 0.322687 0.314484 0.319383 0.312748 0.301762 0.308036 0.291850 0.308284
0 0.351322 0.289931 0.341960 0.290179 0.334802 0.292411 0.329846 0.294891 0.328194 0.297867 0.329295 0.303075 0.332048 0.305804 0.335352 0.306796 0.346366 0.307292 0.352423 0.306300 0.354626 0.304315 0.366740 0.298859 0.361784 0.292907 0.357379 0.290923
0 0.441630 0.312748 0.437775 0.312500 0.424009 0.313988 0.411344 0.317956 0.404736 0.322173 0.405286 0.326389 0.412996 0.329613 0.419053 0.330605 0.430617 0.330109 0.438326 0.328373 0.441630 0.326885 0.447137 0.322421 0.448789 0.318700 0.445485 0.314732
0 0.399229 0.298611 0.399229 0.302827 0.404185 0.305308 0.408040 0.308532 0.421256 0.312996 0.433370 0.312996 0.441079 0.311756 0.443833 0.310516 0.446035 0.307788 0.446035 0.303571 0.444383 0.301587 0.439427 0.299603 0.416300 0.297123 0.403634 0.297619
0 0.248899 0.306548 0.242291 0.310268 0.240639 0.313740 0.242841 0.318204 0.246696 0.320685 0.253855 0.323165 0.264317 0.324901 0.274780 0.324405 0.280837 0.323413 0.283040 0.322421 0.280286 0.314236 0.270925 0.307292 0.264868 0.305060 0.255507 0.305060
0 0.265419 0.285714 0.259912 0.288442 0.256057 0.293651 0.256057 0.295883 0.259912 0.298859 0.265419 0.300843 0.273678 0.301587 0.286344 0.301339 0.291300 0.300595 0.295154 0.298115 0.295705 0.294643 0.292401 0.289435 0.287996 0.286210 0.284141 0.284970 0.274229 0.283978
0 0.369493 0.274058 0.359581 0.274058 0.341960 0.280754 0.340308 0.283978 0.341410 0.286706 0.343612 0.288442 0.349670 0.289931 0.359031 0.290923 0.360683 0.291667 0.368943 0.290675 0.371145 0.289931 0.373348 0.287698 0.373899 0.278770
0 0.414648 0.286706 0.411894 0.289435 0.413546 0.295139 0.416300 0.296875 0.420705 0.297867 0.439978 0.299107 0.446035 0.297123 0.452643 0.291171 0.450991 0.286954 0.446586 0.284970 0.440529 0.283730 0.430066 0.283482
0 0.435573 0.270585 0.421806 0.268353 0.416300 0.268849 0.412996 0.269841 0.410242 0.272073 0.408040 0.275794 0.408590 0.283234 0.411344 0.286706 0.414097 0.286954 0.422907 0.285466 0.431167 0.282986 0.434471 0.281250 0.439978 0.276042 0.439427 0.273065
0 0.505507 0.259921 0.503855 0.262649 0.504405 0.267609 0.507709 0.270585 0.511564 0.271825 0.519824 0.272321 0.526982 0.271577 0.541850 0.267609 0.543502 0.265873 0.544053 0.262897 0.541300 0.261409 0.525330 0.258433 0.515419 0.258185
0 0.493392 0.248264 0.491189 0.250000 0.490088 0.252480 0.492291 0.256944 0.495595 0.258681 0.499449 0.259425 0.509581 0.258953 0.519824 0.257639 0.525606 0.256027 0.527919 0.252059 0.523899 0.248661 0.517621 0.245288 0.506608 0.244544 0.501101 0.245536
0 0.333700 0.261905 0.326542 0.262897 0.318833 0.265377 0.317731 0.267113 0.312225 0.270585 0.310573 0.275298 0.325441 0.278770 0.338106 0.279514 0.346366 0.278522 0.351872 0.277034 0.355727 0.275050 0.356828 0.271081 0.353524 0.266121 0.346916 0.263145 0.341960 0.262153
0 0.273678 0.268601 0.269273 0.270337 0.263767 0.274554 0.264317 0.277530 0.268172 0.280754 0.274780 0.282986 0.284692 0.284226 0.291850 0.284474 0.300110 0.282738 0.303965 0.279266 0.305066 0.275794 0.303414 0.271577 0.300110 0.268601 0.292401 0.267113 0.284692 0.267113
0 0.274229 0.249504 0.264868 0.250000 0.256057 0.251984 0.252203 0.255456 0.250551 0.259425 0.251101 0.265625 0.253855 0.267857 0.264317 0.269841 0.271476 0.269097 0.278634 0.267361 0.281388 0.266121 0.284692 0.262897 0.285242 0.259425 0.281388 0.253472 0.277533 0.250744
0 0.297907 0.246528 0.289097 0.247520 0.283590 0.251736 0.283590 0.256448 0.286894 0.261161 0.291300 0.263641 0.292952 0.265625 0.295154 0.266617 0.299559 0.267361 0.314427 0.265625 0.322137 0.262897 0.323238 0.261161 0.322687 0.255208 0.318833 0.251488 0.308921 0.247024
0 0.384361 0.241815 0.379405 0.240823 0.373899 0.241071 0.370044 0.241815 0.361784 0.244792 0.359581 0.247024 0.356278 0.256448 0.360132 0.258433 0.364537 0.258433 0.377753 0.257192 0.384361 0.255704 0.390419 0.252728 0.392070 0.250992 0.392621 0.247520 0.389317 0.244296
0 0.421806 0.249504 0.412445 0.252480 0.408040 0.255456 0.406938 0.259921 0.408590 0.262897 0.412445 0.266369 0.416300 0.267857 0.429515 0.270089 0.435022 0.269841 0.438326 0.268849 0.443282 0.264633 0.444383 0.261409 0.443833 0.255952 0.439978 0.252232 0.436674 0.250496 0.431167 0.249504
0 0.410242 0.236855 0.406938 0.240079 0.407489 0.244296 0.412996 0.247024 0.421256 0.249256 0.426211 0.249752 0.439427 0.249752 0.445485 0.248016 0.444934 0.244048 0.434471 0.239831 0.420154 0.236359 0.412445 0.235863
0 0.455396 0.222966 0.448238 0.223710 0.443282 0.225694 0.441079 0.227927 0.441079 0.232887 0.445485 0.238343 0.451542 0.240327 0.458150 0.240575 0.465859 0.239087 0.470264 0.237351 0.475771 0.233631 0.479075 0.232391 0.478524 0.228423 0.469163 0.224206
0 0.302313 0.228423 0.299559 0.231647 0.299559 0.237103 0.302313 0.239335 0.310573 0.242312 0.318282 0.243552 0.329846 0.243800 0.334802 0.243304 0.346366 0.240327 0.344714 0.232143 0.339207 0.229167 0.331498 0.226438 0.325441 0.225198 0.317181 0.224454 0.308370 0.225446
0 0.360132 0.228671 0.346916 0.231151 0.345264 0.232143 0.346366 0.239087 0.348568 0.241319 0.355176 0.243304 0.362335 0.244048 0.369493 0.243056 0.375551 0.240327 0.376652 0.235863 0.373899 0.232143 0.368943 0.229415
0 0.343062 0.214038 0.334802 0.216022 0.330396 0.218254 0.328194 0.220486 0.328194 0.224950 0.331498 0.226935 0.339758 0.229415 0.343062 0.231151 0.352423 0.230407 0.361233 0.228175 0.362885 0.225942 0.361784 0.220486 0.358480 0.217758 0.351322 0.215030
0 0.376652 0.215526 0.369493 0.218006 0.368392 0.219494 0.367291 0.225198 0.368943 0.228671 0.377753 0.235367 0.387665 0.235615 0.395374 0.234623 0.404736 0.230407 0.405837 0.228919 0.405286 0.223462 0.394273 0.217758 0.388767 0.216518
0 0.230176 0.200397 0.227423 0.201885 0.224670 0.204861 0.224670 0.210069 0.226322 0.213046 0.231828 0.216270 0.236784 0.217510 0.248899 0.217758 0.252203 0.216518 0.255507 0.213046 0.254956 0.208829 0.252203 0.205109 0.248348 0.202381 0.240088 0.200149
0 0.283590 0.202877 0.274229 0.203373 0.259361 0.208829 0.258260 0.213046 0.259912 0.214534 0.268722 0.218254 0.273678 0.219494 0.283590 0.219494 0.290198 0.218006 0.294604 0.215278 0.295705 0.212550 0.294053 0.208581 0.289648 0.205109
0 0.170154 0.189236 0.160242 0.189484 0.155286 0.190724 0.151982 0.192460 0.147577 0.196925 0.147577 0.201389 0.151982 0.204365 0.160793 0.206597 0.170705 0.206597 0.174559 0.205605 0.178414 0.203621 0.181718 0.198413 0.180617 0.192956 0.177863 0.190972
0 0.384912 0.198661 0.368943 0.196677 0.358480 0.198661 0.350220 0.202133 0.346916 0.204365 0.345815 0.206597 0.346916 0.211310 0.351872 0.214534 0.360132 0.217758 0.364537 0.217510 0.370044 0.216270 0.385463 0.209077 0.388216 0.206101 0.388216 0.200893
0 0.500000 0.204861 0.490088 0.204861 0.477423 0.207589 0.473018 0.211062 0.472467 0.214782 0.473568 0.217510 0.481278 0.220982 0.490088 0.222718 0.503855 0.220982 0.508260 0.217262 0.509361 0.212550 0.507709 0.209077 0.503304 0.206101
0 0.395925 0.194196 0.390419 0.197173 0.389317 0.199653 0.389868 0.206101 0.392070 0.208829 0.397577 0.211310 0.403634 0.212550 0.414097 0.212550 0.422357 0.210813 0.432819 0.205109 0.431167 0.200149 0.425110 0.197421 0.414097 0.194940 0.405286 0.193700
0 0.368392 0.182540 0.359581 0.185516 0.356828 0.188740 0.357379 0.190228 0.370044 0.196677 0.373348 0.197421 0.387115 0.198413 0.392621 0.195933 0.396476 0.192708 0.397577 0.187996 0.395925 0.185020 0.392070 0.183284 0.386564 0.182292 0.372247 0.182044
0 0.408040 0.181548 0.399229 0.185516 0.399229 0.189484 0.400330 0.190972 0.405837 0.193700 0.412996 0.195437 0.424559 0.196677 0.430617 0.196429 0.439427 0.193452 0.441079 0.190724 0.439978 0.185020 0.437225 0.182292 0.432819 0.180060 0.421806 0.179315
0 0.443833 0.191468 0.435022 0.195188 0.432819 0.197173 0.432269 0.201389 0.436123 0.205605 0.443833 0.209325 0.448238 0.210565 0.457048 0.211310 0.465308 0.208829 0.469163 0.205357 0.465308 0.196181 0.463106 0.193204 0.456498 0.190972
0 0.470264 0.190476 0.465859 0.193204 0.465308 0.198165 0.466960 0.202133 0.473568 0.205853 0.483480 0.206101 0.492841 0.204613 0.500000 0.204365 0.503304 0.202877 0.505507 0.200893 0.507159 0.196925 0.501101 0.193700 0.491740 0.190228 0.484031 0.188988 0.475220 0.189236
0 0.531388 0.176835 0.527533 0.176091 0.523128 0.176091 0.507159 0.177579 0.500000 0.180060 0.493392 0.184772 0.492841 0.189484 0.499449 0.193452 0.508260 0.196429 0.517070 0.196181 0.522577 0.195188 0.528084 0.193204 0.531388 0.190972 0.535242 0.187004 0.536344 0.182044 0.535242 0.179315
0 0.481278 0.165427 0.472467 0.166171 0.464758 0.168403 0.460352 0.173611 0.460903 0.178075 0.464758 0.182540 0.468612 0.184524 0.473568 0.185516 0.478524 0.187996 0.485132 0.188492 0.490088 0.187252 0.490639 0.185764 0.497797 0.181548 0.498899 0.179315 0.498899 0.173611 0.497247 0.169891 0.493943 0.167907 0.487885 0.165923
0 0.435022 0.156994 0.431718 0.158234 0.429515 0.163690 0.427313 0.165675 0.430066 0.171875 0.433921 0.174851 0.438877 0.176835 0.448789 0.177083 0.453744 0.175595 0.459251 0.172619 0.463106 0.167411 0.463106 0.165179 0.460352 0.162202 0.453194 0.159226 0.439978 0.156746
0 0.425110 0.165675 0.411894 0.164187 0.404185 0.165179 0.395374 0.168155 0.392621 0.169643 0.389868 0.173115 0.390419 0.175595 0.393722 0.179067 0.404185 0.182044 0.424009 0.179315 0.428414 0.176091 0.430066 0.170387 0.428414 0.167411
0 0.465859 0.150050 0.458150 0.153770 0.455396 0.157738 0.459251 0.161706 0.465308 0.164187 0.471366 0.165179 0.485683 0.165179 0.491189 0.164435 0.492841 0.162450 0.493392 0.157242 0.491740 0.154514 0.486784 0.150298 0.481278 0.148562 0.472467 0.148562
0 0.578194 0.199653 0.575991 0.201141 0.574339 0.204613 0.573789 0.210069 0.578744 0.216766 0.588106 0.219990 0.596916 0.220238 0.601872 0.219246 0.610132 0.216270 0.613987 0.213294 0.615088 0.208333 0.611233 0.203373 0.604075 0.200149 0.596366 0.198909 0.584802 0.198909
0 0.615088 0.174355 0.605727 0.175347 0.599670 0.177579 0.593612 0.181300 0.591410 0.184524 0.591960 0.186756 0.596366 0.189236 0.604626 0.191468 0.611784 0.192212 0.615639 0.191716 0.620980 0.189410 0.622026 0.187178 0.621090 0.179142 0.621696 0.175347
0 0.661344 0.175595 0.645925 0.175595 0.635463 0.178075 0.627203 0.181796 0.624449 0.184772 0.625000 0.189732 0.630507 0.192460 0.642070 0.195685 0.648128 0.196429 0.655837 0.194940 0.665749 0.190228 0.669604 0.186012 0.669604 0.182540 0.665198 0.176587
0 0.647026 0.155754 0.639868 0.158482 0.636013 0.161706 0.636013 0.166667 0.637665 0.168403 0.646476 0.173115 0.651982 0.174603 0.664648 0.176091 0.674009 0.175099 0.676762 0.173859 0.677863 0.170883 0.677863 0.165179 0.674009 0.159722 0.665198 0.155506 0.655286 0.154762
0 0.778579 0.173958 0.774780 0.169891 0.764868 0.165923 0.761564 0.165427 0.751101 0.165675 0.743943 0.167411 0.737885 0.169891 0.729075 0.177827 0.731828 0.178819 0.740088 0.179812 0.751652 0.182540 0.762665 0.182093 0.770650 0.181101 0.777808 0.178621
0 0.829846 0.156746 0.820485 0.157738 0.811674 0.159474 0.803965 0.162450 0.801762 0.164187 0.800661 0.166667 0.803414 0.171627 0.808921 0.174603 0.813877 0.176091 0.819934 0.177083 0.830396 0.176339 0.841960 0.170883 0.845815 0.167411 0.848018 0.161954 0.838106 0.157986
0 0.839207 0.171627 0.831498 0.175843 0.824780 0.181300 0.827093 0.185764 0.829846 0.189484 0.838656 0.191716 0.846916 0.190724 0.857930 0.190476 0.860628 0.189807 0.862720 0.188294 0.862830 0.186037 0.860352 0.182763 0.854295 0.178745 0.850771 0.175595 0.848018 0.173115
0 0.821035 0.177579 0.805066 0.174603 0.794604 0.174603 0.785793 0.176339 0.782489 0.177579 0.779185 0.181052 0.779185 0.182292 0.786894 0.188988 0.795705 0.189484 0.802863 0.186260 0.814427 0.184276 0.818282 0.182540
0 0.778084 0.183780 0.770374 0.183780 0.762115 0.184772 0.755286 0.186682 0.751762 0.190997 0.752643 0.196007 0.757709 0.201389 0.760463 0.203125 0.768722 0.204613 0.772026 0.204117 0.784141 0.199405 0.787996 0.195188 0.789097 0.189236 0.786894 0.188492 0.784692 0.186260
0 0.733480 0.189484 0.726872 0.190972 0.722467 0.193700 0.720815 0.196677 0.721366 0.201141 0.731828 0.206101 0.734581 0.208829 0.738987 0.209821 0.743943 0.210069 0.751101 0.207093 0.753744 0.201786 0.752203 0.195610 0.751432 0.192287 0.747247 0.189732 0.743943 0.189236
0 0.813877 0.184276 0.802313 0.186012 0.792401 0.189732 0.786949 0.196602 0.790639 0.199901 0.803965 0.204613 0.811123 0.203869 0.819383 0.200893 0.825441 0.198388 0.829460 0.195933 0.829185 0.193378 0.829681 0.191195 0.827643 0.187748 0.824559 0.186508
0 0.845264 0.191220 0.841960 0.191716 0.835352 0.194196 0.830066 0.198388 0.832324 0.201513 0.837996 0.203348 0.848018 0.209821 0.857379 0.210813 0.860297 0.208309 0.864207 0.206597 0.869108 0.204415 0.871090 0.201687 0.870870 0.198239 0.868943 0.194916 0.865088 0.191220 0.859031 0.190724
0 0.830011 0.201017 0.821586 0.200397 0.817181 0.201637 0.810022 0.204861 0.807269 0.207341 0.806718 0.213294 0.810573 0.216270 0.821035 0.219246 0.840088 0.212996 0.842621 0.212128 0.843282 0.208705 0.842236 0.205952 0.835132 0.202629
0 0.786344 0.199653 0.778634 0.201637 0.771476 0.205109 0.771476 0.209077 0.775881 0.215278 0.778084 0.216270 0.787445 0.218254 0.796806 0.216270 0.797687 0.212748 0.800771 0.209474 0.803965 0.205109 0.794108 0.201339
0 0.762115 0.206349 0.756608 0.206845 0.746145 0.209821 0.740639 0.213294 0.739537 0.217510 0.741740 0.220238 0.743392 0.221230 0.752203 0.223710 0.761564 0.223214 0.769273 0.221230 0.773678 0.218006 0.774229 0.212302 0.769824 0.207589
0 0.731828 0.205853 0.725771 0.202877 0.720815 0.201885 0.714758 0.201885 0.707048 0.202877 0.696586 0.205853 0.694383 0.207093 0.689978 0.212302 0.689427 0.217262 0.691079 0.218254 0.698789 0.219742 0.707048 0.220238 0.718062 0.219494 0.724670 0.218254 0.730727 0.216270 0.734031 0.213542 0.734581 0.208829
0 0.709251 0.221726 0.699339 0.220982 0.691079 0.222222 0.682269 0.225446 0.676762 0.228423 0.676211 0.229911 0.676762 0.233631 0.680066 0.236359 0.691079 0.238591 0.709251 0.237351 0.713656 0.235615 0.717511 0.232143 0.718062 0.228423 0.715308 0.224950
0 0.860683 0.215278 0.851322 0.213542 0.846366 0.213294 0.839758 0.214286 0.827643 0.217510 0.822687 0.220238 0.823238 0.223958 0.825441 0.226438 0.837555 0.229663 0.848018 0.229415 0.851872 0.228423 0.861784 0.224206 0.863436 0.220982 0.863436 0.216518
0 0.872797 0.230903 0.866189 0.232639 0.862335 0.235863 0.861233 0.238095 0.861784 0.242560 0.866740 0.246280 0.873348 0.247768 0.883260 0.247768 0.889868 0.246528 0.896476 0.243056 0.898678 0.241071 0.898128 0.236111 0.891520 0.233135
0 0.795154 0.216518 0.789097 0.218750 0.787445 0.220486 0.787445 0.224950 0.797357 0.232887 0.800661 0.234375 0.806167 0.234871 0.812225 0.233631 0.822687 0.229167 0.822687 0.223958 0.820485 0.220486 0.814978 0.217510 0.805617 0.215774
0 0.779185 0.221974 0.770374 0.221974 0.760463 0.223710 0.754405 0.226190 0.751652 0.228423 0.751652 0.233383 0.752753 0.234623 0.759912 0.238591 0.764868 0.242560 0.769273 0.244048 0.789097 0.240575 0.794604 0.235863 0.795154 0.231895 0.793502 0.229911 0.785242 0.223710
0 0.831498 0.244048 0.828744 0.247272 0.827093 0.252232 0.829846 0.255456 0.833150 0.257192 0.840308 0.258185 0.850220 0.258433 0.856828 0.257937 0.866189 0.255456 0.867841 0.253472 0.867841 0.250744 0.862335 0.246032 0.857930 0.244048 0.848018 0.242063 0.838656 0.242063
0 0.771476 0.243552 0.765969 0.248264 0.773128 0.256944 0.777533 0.259177 0.785793 0.260913 0.796256 0.260913 0.802863 0.256448 0.804515 0.254216 0.804515 0.250000 0.801762 0.245784 0.796256 0.243304 0.787445 0.241567 0.777533 0.242312
0 0.752753 0.235119 0.742291 0.236359 0.731278 0.240327 0.727974 0.243304 0.728524 0.248264 0.733480 0.252728 0.735683 0.253968 0.741189 0.254960 0.745595 0.254960 0.753855 0.253720 0.758260 0.252232 0.765419 0.248016 0.767070 0.244544 0.765969 0.242560 0.759912 0.237847
0 0.692181 0.241815 0.687225 0.242312 0.680617 0.244048 0.669604 0.251240 0.667401 0.254960 0.668502 0.259921 0.673458 0.261409 0.684471 0.261409 0.688326 0.260913 0.703194 0.257440 0.708700 0.254712 0.709802 0.251488 0.706498 0.247272 0.699890 0.243800
0 0.659141 0.248016 0.648128 0.246280 0.639868 0.246528 0.629405 0.249504 0.625000 0.251488 0.623899 0.255952 0.626101 0.259425 0.629405 0.261905 0.636013 0.264385 0.639317 0.265129 0.650330 0.265129 0.655837 0.263889 0.665749 0.256448 0.666850 0.251488
0 0.708700 0.258433 0.699890 0.258681 0.694383 0.260169 0.690529 0.262153 0.685573 0.267113 0.694383 0.275546 0.697137 0.276290 0.708150 0.276290 0.714758 0.275546 0.718612 0.274058 0.721916 0.269097 0.720815 0.263641 0.716960 0.260665
0 0.769824 0.254464 0.760463 0.252728 0.739537 0.255952 0.737885 0.260169 0.742291 0.265873 0.746696 0.268353 0.753304 0.268849 0.765419 0.265129 0.772577 0.259921 0.772026 0.255704
0 0.824339 0.259425 0.812775 0.260169 0.805066 0.261905 0.801211 0.263393 0.799559 0.266121 0.799559 0.268105 0.803414 0.271081 0.814978 0.275546 0.817181 0.278026 0.820485 0.279514 0.822687 0.279266 0.824890 0.277282 0.834251 0.272321 0.836454 0.268105 0.834802 0.263393 0.830396 0.260169
0 0.833700 0.272817 0.827643 0.275050 0.822687 0.279018 0.826542 0.283978 0.830947 0.286458 0.838106 0.287946 0.848568 0.287450 0.851872 0.286706 0.856828 0.283482 0.857379 0.279018 0.854626 0.275298 0.846916 0.272817
0 0.770925 0.268105 0.768722 0.267857 0.749449 0.269593 0.745044 0.271577 0.737335 0.273313 0.731828 0.275298 0.729075 0.279514 0.734581 0.285714 0.743943 0.286210 0.747797 0.285466 0.762115 0.279266 0.772577 0.271577 0.772577 0.269841
0 0.664648 0.265129 0.659692 0.266617 0.655837 0.270833 0.654736 0.275546 0.656388 0.276786 0.658040 0.280506 0.660793 0.282986 0.665198 0.285218 0.673458 0.286210 0.682819 0.285218 0.691630 0.281498 0.693833 0.276290 0.692181 0.272817 0.686674 0.268849 0.682269 0.267113 0.674559 0.265625
0 0.651432 0.275298 0.640419 0.273562 0.629956 0.273810 0.623348 0.275298 0.616740 0.277778 0.614537 0.280010 0.614537 0.283978 0.616740 0.286954 0.621696 0.290427 0.631608 0.291915 0.635463 0.290923 0.645925 0.289683 0.652533 0.287698 0.657489 0.283482 0.657489 0.279018 0.655286 0.277034
0 0.447687 0.335813 0.443833 0.337054 0.442181 0.340774 0.442181 0.346230 0.446586 0.350942 0.452093 0.352927 0.455396 0.353423 0.465308 0.352927 0.474119 0.349454 0.475220 0.347222 0.474670 0.341518 0.464758 0.338046 0.456498 0.336558