0 0.842222 0.776500 0.830000 0.779000 0.823333 0.783000 0.821111 0.790500 0.822222 0.803000 0.825556 0.808000 0.830000 0.810500 0.851111 0.812000 0.874444 0.809000 0.883333 0.806500 0.892222 0.802500 0.897778 0.794500 0.894444 0.789000 0.881111 0.782500 0.848889 0.776500
0 0.444444 0.072500 0.441111 0.076000 0.443333 0.080000 0.463333 0.087000 0.497778 0.092000 0.515556 0.092000 0.517778 0.091000 0.516667 0.082000 0.508889 0.076000 0.500000 0.072000 0.484444 0.069000 0.465556 0.068000 0.451111 0.069500
0 0.436667 0.092000 0.430000 0.097000 0.430000 0.103500 0.433333 0.108500 0.474444 0.120000 0.483333 0.121000 0.502222 0.104000 0.502222 0.098000 0.497778 0.093500 0.491111 0.091500 0.470000 0.089000 0.451111 0.089500
0 0.572222 0.107000 0.545556 0.105000 0.534444 0.102000 0.513333 0.102500 0.503333 0.104500 0.491111 0.113500 0.487778 0.118500 0.487778 0.123000 0.500000 0.133000 0.507778 0.135500 0.524444 0.135500 0.545556 0.121500 0.552222 0.119000 0.553333 0.116500 0.567778 0.116500 0.577778 0.114000 0.578889 0.110500
0 0.586667 0.114500 0.577778 0.114000 0.573333 0.115500 0.554444 0.117500 0.544444 0.121500 0.531111 0.129500 0.524444 0.139000 0.528889 0.144000 0.540000 0.148000 0.551111 0.150500 0.562222 0.150500 0.575556 0.147500 0.586667 0.141500 0.593333 0.135000 0.591111 0.122000
0 0.601111 0.081000 0.581111 0.075000 0.561111 0.076000 0.548889 0.078500 0.540000 0.083000 0.534444 0.089000 0.534444 0.100500 0.537778 0.103500 0.556667 0.105500 0.573333 0.105000 0.590000 0.102500 0.602222 0.099000 0.610000 0.095500 0.610000 0.090000
0 0.631111 0.065000 0.615556 0.066000 0.590000 0.075500 0.602222 0.082000 0.612222 0.094500 0.628889 0.093500 0.650000 0.088500 0.654444 0.080500 0.652222 0.075000 0.644444 0.068000
0 0.677778 0.088000 0.667778 0.093500 0.654444 0.107500 0.658889 0.113000 0.665556 0.116000 0.673333 0.117500 0.700000 0.115000 0.720000 0.115500 0.723333 0.113000 0.723333 0.107000 0.711111 0.092000 0.698889 0.087500
0 0.646667 0.068000 0.656667 0.082000 0.661111 0.084500 0.673333 0.087500 0.702222 0.087000 0.730000 0.079500 0.732222 0.077500 0.732222 0.071500 0.708889 0.061500 0.685556 0.056500 0.673333 0.056000 0.663333 0.057500 0.651111 0.063000
0 0.730000 0.050500 0.708889 0.056000 0.704444 0.061000 0.732222 0.072500 0.732222 0.076500 0.726667 0.080000 0.707778 0.085000 0.703333 0.088000 0.712222 0.092000 0.723333 0.093500 0.737778 0.093500 0.756667 0.089500 0.772222 0.083500 0.780000 0.077500 0.781111 0.068000 0.775556 0.061000 0.763333 0.055500 0.743333 0.050500
0 0.666667 0.021500 0.642222 0.036000 0.638889 0.040000 0.638889 0.045500 0.647778 0.051000 0.665556 0.056000 0.683333 0.056000 0.702222 0.057500 0.723333 0.049000 0.726667 0.042500 0.724444 0.036000 0.696667 0.023000 0.683333 0.021000
0 0.580000 0.000000 0.580000 0.001500 0.573333 0.003500 0.572222 0.007000 0.580000 0.014000 0.581111 0.022000 0.584444 0.026500 0.592222 0.031000 0.621111 0.038500 0.632222 0.038000 0.638889 0.036500 0.654444 0.029000 0.661111 0.023500 0.662222 0.021000 0.657778 0.015500 0.644444 0.011500 0.627778 0.003500 0.618889 0.002000 0.617778 0.000000
0 0.782222 0.023500 0.768889 0.029500 0.740000 0.034500 0.732222 0.040000 0.732222 0.042500 0.746667 0.051500 0.756667 0.053500 0.777778 0.060500 0.796667 0.060500 0.808889 0.058000 0.820000 0.052000 0.823333 0.045000 0.822222 0.036500 0.818889 0.032000 0.807778 0.026500 0.794444 0.023500
0 0.626667 0.000000 0.626667 0.002000 0.634444 0.004500 0.638889 0.008000 0.655556 0.014000 0.665556 0.015500 0.676667 0.015500 0.686667 0.014000 0.697778 0.010000 0.710000 0.002000 0.710000 0.000000
0 0.712222 0.000000 0.712222 0.001500 0.693333 0.013000 0.696667 0.022500 0.723333 0.033000 0.746667 0.033500 0.768889 0.029500 0.774444 0.027000 0.780000 0.020500 0.766667 0.009000 0.750000 0.001500 0.750000 0.000000
0 0.752222 0.000000 0.752222 0.002000 0.766667 0.010000 0.774444 0.017000 0.786667 0.021500 0.795556 0.022000 0.813333 0.018000 0.827778 0.012000 0.835556 0.006000 0.834444 0.000000
0 0.835556 0.000000 0.835556 0.003000 0.838889 0.005500 0.854444 0.010000 0.870000 0.010000 0.881111 0.008500 0.896667 0.002000 0.896667 0.000000
0 0.854444 0.010500 0.836667 0.015000 0.826667 0.019500 0.820000 0.024500 0.817778 0.030000 0.826667 0.041000 0.833333 0.043500 0.854444 0.048500 0.874444 0.049500 0.892222 0.045500 0.902222 0.040500 0.910000 0.031000 0.908889 0.024500 0.905556 0.020500 0.895556 0.014350 0.888889 0.008400 0.871111 0.011000
0 0.892222 0.005500 0.896667 0.014000 0.915556 0.027500 0.923333 0.027500 0.930000 0.025000 0.946667 0.024000 0.962222 0.021000 0.972222 0.017000 0.978889 0.010500 0.978889 0.004500 0.975556 0.000000 0.901111 0.000000 0.901111 0.001500
0 0.964444 0.040000 0.952222 0.035000 0.935556 0.031000 0.927778 0.030000 0.912222 0.031000 0.900000 0.042000 0.883333 0.050000 0.883333 0.053500 0.890000 0.059500 0.890000 0.068500 0.894444 0.069500 0.917778 0.069500 0.935556 0.068500 0.946667 0.066000 0.968889 0.052000 0.968889 0.043500
0 0.866667 0.049500 0.853333 0.049000 0.828889 0.051000 0.818889 0.053500 0.814444 0.056500 0.813333 0.065000 0.818889 0.071500 0.834444 0.078000 0.847778 0.081500 0.857778 0.081500 0.875556 0.076500 0.882222 0.073000 0.888889 0.066500 0.890000 0.060500 0.887778 0.056500 0.877778 0.051500
0 0.896667 0.070500 0.885556 0.075500 0.886667 0.085500 0.898889 0.091500 0.905556 0.100000 0.915556 0.104000 0.926667 0.104500 0.945556 0.098500 0.954444 0.091000 0.961111 0.081500 0.960000 0.075500 0.946667 0.070500 0.936667 0.069000
0 0.863333 0.081500 0.853333 0.083500 0.852222 0.092500 0.836667 0.103000 0.836667 0.107500 0.842222 0.111500 0.855556 0.114500 0.874444 0.115000 0.886667 0.114000 0.895556 0.109500 0.904444 0.100000 0.902222 0.095000 0.893333 0.089000 0.873333 0.083000
0 0.796667 0.071000 0.786667 0.073500 0.780000 0.078000 0.774444 0.084500 0.774444 0.093500 0.776667 0.096000 0.792222 0.102500 0.795556 0.108000 0.805556 0.109500 0.813333 0.106500 0.832222 0.104500 0.847778 0.097500 0.852222 0.092500 0.852222 0.085500 0.843333 0.080000 0.834444 0.078500 0.816667 0.072000
0 0.752222 0.093000 0.746667 0.094000 0.733333 0.100500 0.725556 0.108000 0.724444 0.116000 0.734444 0.122500 0.743333 0.125500 0.761111 0.126500 0.780000 0.123500 0.788889 0.120500 0.794444 0.114500 0.794444 0.107000 0.785556 0.099500 0.778889 0.097500 0.770000 0.097000 0.761111 0.093500
0 0.680000 0.117500 0.672222 0.122500 0.672222 0.127000 0.675556 0.135500 0.684444 0.144500 0.691111 0.148000 0.697778 0.149500 0.714444 0.150000 0.723333 0.149000 0.735556 0.144500 0.743333 0.138500 0.744444 0.132000 0.738889 0.124500 0.724444 0.117500 0.713333 0.115500 0.698889 0.115000
0 0.594444 0.122000 0.592222 0.126000 0.593333 0.135000 0.607778 0.141000 0.618889 0.144000 0.634444 0.146500 0.642222 0.146500 0.657778 0.144000 0.665556 0.139500 0.671111 0.132500 0.671111 0.125500 0.661111 0.117500 0.650000 0.115500 0.625556 0.115500 0.604444 0.118500
0 0.644444 0.146500 0.633333 0.148000 0.623333 0.152500 0.617778 0.157500 0.617778 0.163500 0.621111 0.170500 0.627778 0.176000 0.641111 0.179000 0.645556 0.185500 0.653333 0.185500 0.668889 0.180500 0.685556 0.178000 0.696667 0.169500 0.698889 0.159000 0.695556 0.155000 0.676667 0.148500 0.656667 0.146500
0 0.707778 0.151000 0.702222 0.153500 0.697778 0.168000 0.700000 0.180000 0.708889 0.186500 0.714444 0.188000 0.731111 0.188500 0.743333 0.187500 0.754444 0.184500 0.766667 0.177000 0.767778 0.168000 0.765556 0.165000 0.757778 0.160000 0.734444 0.152000 0.726667 0.150500
0 0.818889 0.125000 0.800000 0.122500 0.788889 0.122500 0.775556 0.124000 0.747778 0.129500 0.743333 0.139000 0.735556 0.145500 0.734444 0.150500 0.736667 0.152500 0.760000 0.160500 0.784444 0.160500 0.805556 0.159000 0.825556 0.154500 0.836667 0.146500 0.836667 0.141000 0.831111 0.132500
0 0.825556 0.110500 0.818889 0.115000 0.815556 0.120000 0.830000 0.131500 0.840000 0.144500 0.845556 0.145500 0.863333 0.145000 0.876667 0.142000 0.890000 0.137000 0.895556 0.130500 0.890000 0.124000 0.885556 0.122000 0.850000 0.113000 0.833333 0.110000
0 0.898889 0.108500 0.893333 0.111000 0.887778 0.118000 0.896667 0.131000 0.933333 0.139000 0.945556 0.138500 0.952222 0.137000 0.962222 0.131000 0.962222 0.123000 0.958889 0.119000 0.941111 0.112500 0.918889 0.108000
0 0.863333 0.146000 0.861111 0.151500 0.862222 0.157500 0.884444 0.166500 0.907778 0.169000 0.926667 0.169000 0.937778 0.166500 0.935556 0.149500 0.926667 0.141000 0.916667 0.136000 0.898889 0.133000 0.885556 0.139000
0 0.852222 0.156500 0.828889 0.154500 0.818889 0.156000 0.810000 0.159500 0.804444 0.168000 0.803333 0.175000 0.810000 0.185500 0.810000 0.189500 0.818889 0.193000 0.831111 0.192000 0.860000 0.186500 0.873333 0.181500 0.883333 0.174000 0.872222 0.162000
0 0.727778 0.197000 0.728889 0.201000 0.740000 0.209500 0.751111 0.212500 0.776667 0.216500 0.790000 0.217500 0.806667 0.216500 0.813333 0.215000 0.823333 0.209500 0.824444 0.197500 0.822222 0.194500 0.790000 0.185500 0.760000 0.183500 0.748889 0.186000 0.740000 0.192500
0 0.937778 0.167500 0.922222 0.171000 0.908889 0.176500 0.898889 0.185500 0.898889 0.192000 0.902222 0.196000 0.921111 0.203000 0.933333 0.205500 0.956667 0.207000 0.965556 0.205500 0.976667 0.198000 0.980000 0.193000 0.980000 0.187000 0.972222 0.177500 0.963333 0.171000 0.951111 0.167500
0 0.825556 0.193500 0.823333 0.215000 0.830000 0.218500 0.847778 0.222500 0.883333 0.221500 0.896667 0.218500 0.910000 0.212500 0.922222 0.209500 0.924444 0.205000 0.913333 0.201500 0.897778 0.194000 0.865556 0.188500 0.852222 0.188500 0.833333 0.191000
0 0.786667 0.218000 0.777778 0.222500 0.777778 0.231500 0.784444 0.240000 0.803333 0.248500 0.814444 0.248500 0.837778 0.241000 0.838889 0.238500 0.847778 0.234000 0.850000 0.227500 0.842222 0.222500 0.832222 0.220000
0 0.868889 0.222500 0.862222 0.223500 0.852222 0.228000 0.847778 0.234500 0.833333 0.243500 0.834444 0.248500 0.838889 0.253000 0.846667 0.256500 0.866667 0.259500 0.883333 0.260500 0.896667 0.258000 0.902222 0.253500 0.898889 0.231500 0.896667 0.229000 0.878889 0.222500
0 0.912222 0.215000 0.901111 0.228000 0.901111 0.237500 0.912222 0.243000 0.925556 0.246000 0.947778 0.246000 0.966667 0.244500 0.974444 0.242000 0.985556 0.240500 0.987778 0.239000 1.000000 0.238000 1.000000 0.233500 0.994444 0.233500 0.988889 0.231500 0.988889 0.228000 0.984444 0.223500 0.961111 0.214000 0.946667 0.211500 0.931111 0.211000 0.920000 0.212000
0 0.971111 0.245500 0.924444 0.246500 0.913333 0.252000 0.911111 0.260500 0.914444 0.265000 0.928889 0.273500 0.936667 0.281500 0.942222 0.283500 0.960000 0.280500 0.971111 0.272500 0.973333 0.268000 0.982222 0.260000 0.982222 0.252500
0 0.902222 0.258000 0.892222 0.259500 0.881111 0.266500 0.870000 0.283500 0.871111 0.291500 0.883333 0.298000 0.893333 0.300000 0.908889 0.299000 0.925556 0.295500 0.934444 0.292000 0.937778 0.288000 0.937778 0.282500 0.932222 0.276000 0.922222 0.269000 0.910000 0.263500 0.908889 0.260000
0 0.868889 0.261500 0.855556 0.258500 0.842222 0.258000 0.828889 0.259500 0.816667 0.263000 0.810000 0.270500 0.796667 0.275500 0.796667 0.279500 0.813333 0.290500 0.818889 0.291500 0.840000 0.291000 0.868889 0.282500 0.875556 0.274000 0.875556 0.268000
0 0.761111 0.240500 0.743333 0.248500 0.738889 0.254500 0.738889 0.264000 0.748889 0.273000 0.752222 0.278500 0.765556 0.279000 0.792222 0.277500 0.813333 0.268000 0.815556 0.264000 0.813333 0.256000 0.805556 0.250000 0.786667 0.242000 0.773333 0.240000
0 0.673333 0.266500 0.666667 0.273000 0.667778 0.281500 0.683333 0.289000 0.693333 0.291500 0.711111 0.292000 0.735556 0.289500 0.751111 0.283000 0.748889 0.273500 0.740000 0.265000 0.721111 0.258500 0.704444 0.257500
0 0.714444 0.232500 0.694444 0.227500 0.678889 0.227500 0.670000 0.230000 0.657778 0.243000 0.657778 0.260000 0.654444 0.262500 0.655556 0.266000 0.666667 0.266000 0.674444 0.263500 0.693333 0.261000 0.723333 0.248000 0.725556 0.239500
0 0.628889 0.212000 0.613333 0.213500 0.597778 0.217500 0.591111 0.224000 0.591111 0.230000 0.597778 0.237500 0.606667 0.242500 0.621111 0.246000 0.631111 0.247000 0.653333 0.243000 0.661111 0.239500 0.666667 0.233000 0.667778 0.227500 0.663333 0.222000 0.656667 0.218000
0 0.700000 0.182500 0.691111 0.183500 0.681111 0.187500 0.673333 0.188000 0.663333 0.191000 0.656667 0.195500 0.652222 0.202500 0.652222 0.211000 0.657778 0.216000 0.670000 0.219500 0.684444 0.221000 0.705556 0.221000 0.722222 0.218000 0.731111 0.213000 0.732222 0.207000 0.725556 0.197000 0.718889 0.192000 0.708889 0.189000 0.703333 0.183500
0 0.508889 0.139000 0.504444 0.140000 0.494444 0.147000 0.475556 0.154500 0.473333 0.156500 0.473333 0.163000 0.476667 0.167000 0.492222 0.173500 0.526667 0.176500 0.535556 0.175000 0.544444 0.171500 0.546667 0.163500 0.538889 0.153000 0.527778 0.146000 0.524444 0.141000 0.517778 0.139000
0 0.603333 0.149000 0.594444 0.148500 0.586667 0.150000 0.556667 0.162000 0.548889 0.169000 0.548889 0.175000 0.553333 0.178500 0.570000 0.182500 0.584444 0.184000 0.603333 0.183500 0.615556 0.179500 0.621111 0.174000 0.616667 0.157000
0 0.546667 0.188500 0.538889 0.205500 0.544444 0.213500 0.555556 0.218000 0.562222 0.219000 0.582222 0.218500 0.608889 0.215000 0.622222 0.210500 0.641111 0.212000 0.648889 0.209500 0.648889 0.202500 0.644444 0.195500 0.636667 0.191500 0.598889 0.185000 0.578889 0.183500 0.561111 0.184500
0 0.490000 0.175000 0.478889 0.178500 0.472222 0.185500 0.471111 0.189500 0.482222 0.204500 0.493333 0.211000 0.503333 0.211500 0.521111 0.208000 0.538889 0.201000 0.543333 0.193500 0.543333 0.187000 0.540000 0.183000 0.527778 0.178000 0.505556 0.175000
0 0.388889 0.165000 0.387778 0.171500 0.392222 0.178500 0.398889 0.184000 0.411111 0.189000 0.423333 0.191500 0.443333 0.192000 0.460000 0.190500 0.470000 0.187000 0.477778 0.178500 0.477778 0.169500 0.467778 0.162000 0.454444 0.159000 0.432222 0.156500 0.420000 0.156500 0.406667 0.159000
0 0.487778 0.125500 0.463333 0.117000 0.446667 0.117000 0.431111 0.119500 0.420000 0.124000 0.407778 0.132000 0.404444 0.142500 0.404444 0.156000 0.407778 0.157500 0.418889 0.156500 0.433333 0.156500 0.438889 0.157500 0.457778 0.157000 0.472222 0.154500 0.485556 0.150500 0.496667 0.144500 0.500000 0.140000 0.498889 0.133500
0 0.434444 0.073500 0.423333 0.067000 0.413333 0.066000 0.395556 0.067000 0.382222 0.070000 0.360000 0.079500 0.344444 0.084000 0.344444 0.091500 0.350000 0.093500 0.360000 0.094000 0.376667 0.097500 0.398889 0.098500 0.423333 0.095500 0.430000 0.094000 0.438889 0.089000 0.438889 0.080000
0 0.358889 0.097000 0.355556 0.098500 0.355556 0.109500 0.360000 0.120500 0.372222 0.127000 0.384444 0.130000 0.396667 0.130500 0.411111 0.128500 0.431111 0.118500 0.432222 0.113000 0.426667 0.107000 0.418889 0.103500 0.405556 0.100000
0 0.344444 0.093000 0.338889 0.093500 0.330111 0.097000 0.312222 0.100000 0.307778 0.102000 0.311111 0.113000 0.310000 0.123500 0.314444 0.131000 0.322222 0.133000 0.338889 0.133000 0.350000 0.130000 0.354444 0.127500 0.356667 0.120000 0.354444 0.099000 0.352222 0.096000
0 0.370000 0.127500 0.353333 0.129000 0.342222 0.132000 0.334444 0.136000 0.331111 0.141000 0.333333 0.152000 0.337778 0.158000 0.361111 0.165000 0.374444 0.165000 0.387778 0.163500 0.398889 0.158500 0.402222 0.153500 0.401111 0.142500 0.391111 0.133000
0 0.332222 0.168500 0.324444 0.171500 0.321111 0.175000 0.320000 0.179000 0.323333 0.184000 0.340000 0.192000 0.353333 0.195000 0.366667 0.199500 0.380000 0.199000 0.391111 0.193000 0.397778 0.186000 0.396667 0.181500 0.392222 0.179500 0.384444 0.169000 0.373333 0.165500 0.344444 0.166000
0 0.311111 0.131500 0.297778 0.132000 0.280000 0.134500 0.273333 0.137500 0.263333 0.149000 0.262222 0.163500 0.266667 0.168000 0.272222 0.170500 0.288889 0.173000 0.308889 0.173500 0.322222 0.171000 0.330000 0.166500 0.333333 0.161500 0.333333 0.151500 0.330000 0.141000 0.326667 0.137500
0 0.232222 0.130500 0.226667 0.131500 0.214444 0.137000 0.203333 0.139000 0.186667 0.154000 0.190000 0.162000 0.203333 0.168500 0.228889 0.172000 0.240000 0.171000 0.247778 0.169000 0.257778 0.164000 0.262222 0.157500 0.260000 0.147000 0.240000 0.133000
0 0.197778 0.112000 0.187778 0.112500 0.173333 0.119000 0.155556 0.120500 0.147778 0.123500 0.138889 0.131000 0.137778 0.136500 0.143333 0.143500 0.176667 0.155000 0.184444 0.154500 0.187778 0.153000 0.203333 0.139000 0.208889 0.131500 0.208889 0.114500
0 0.293333 0.101500 0.271111 0.099000 0.251111 0.103000 0.231111 0.115500 0.231111 0.128500 0.234444 0.131000 0.243333 0.133500 0.255556 0.133000 0.265556 0.135000 0.276667 0.134500 0.294444 0.130000 0.306667 0.124500 0.311111 0.118000 0.310000 0.112000 0.303333 0.106500
0 0.232222 0.083500 0.204444 0.084500 0.191111 0.086500 0.182222 0.092000 0.170000 0.095000 0.168889 0.100500 0.182222 0.108500 0.192222 0.111500 0.212222 0.114000 0.231111 0.113500 0.241111 0.109500 0.250000 0.102500 0.251111 0.092000 0.245556 0.087500
0 0.271111 0.068500 0.255556 0.075000 0.250000 0.080000 0.248889 0.084000 0.254444 0.090500 0.267778 0.096500 0.278889 0.099000 0.297778 0.101000 0.311111 0.100000 0.339444 0.093600 0.326667 0.077000 0.324000 0.074850 0.318889 0.072000 0.310000 0.069000 0.283333 0.067000
0 0.317778 0.042000 0.307778 0.046500 0.300000 0.052500 0.296667 0.061000 0.302222 0.067500 0.325556 0.074500 0.340000 0.076000 0.375556 0.072500 0.381111 0.069500 0.381111 0.064500 0.373333 0.054500 0.350000 0.044000 0.328889 0.041000
0 0.431111 0.021000 0.416667 0.023000 0.392222 0.023500 0.380000 0.025500 0.368889 0.028500 0.365556 0.031500 0.351111 0.037500 0.348889 0.042000 0.377778 0.056000 0.391111 0.056000 0.400000 0.054500 0.411111 0.050500 0.417778 0.044500 0.431111 0.036500
0 0.486667 0.033000 0.468889 0.034500 0.461111 0.033000 0.448889 0.033000 0.431111 0.038000 0.418889 0.044000 0.411111 0.053000 0.415556 0.058000 0.432222 0.066000 0.446667 0.068500 0.460000 0.068500 0.470000 0.067000 0.480000 0.062000 0.492222 0.049000 0.486667 0.042000 0.492222 0.036000
0 0.518889 0.043500 0.496667 0.048500 0.492222 0.050500 0.476667 0.064000 0.477778 0.068500 0.501111 0.073000 0.516667 0.082000 0.537778 0.079000 0.544444 0.075500 0.548889 0.070500 0.548889 0.062500 0.542222 0.053000 0.524444 0.044500
0 0.534444 0.039500 0.533333 0.045000 0.551111 0.063000 0.570000 0.069500 0.585556 0.071500 0.598889 0.071000 0.613333 0.066500 0.626667 0.057500 0.630000 0.053000 0.630000 0.046500 0.624444 0.041000 0.614444 0.037000 0.591111 0.031500 0.574444 0.031000 0.551111 0.038500 0.538889 0.038500
0 0.523333 0.005500 0.513333 0.008500 0.506667 0.013000 0.508889 0.025500 0.515556 0.031000 0.522222 0.034000 0.536667 0.037000 0.553333 0.037500 0.575556 0.027500 0.580000 0.022000 0.578889 0.013000 0.570000 0.007500 0.558889 0.004500 0.542222 0.004000
0 0.451111 0.000000 0.453333 0.003000 0.472222 0.007000 0.492222 0.007500 0.505556 0.006500 0.516667 0.002000 0.516667 0.000000
0 0.354444 0.005000 0.364444 0.018500 0.370000 0.021500 0.382222 0.024000 0.415556 0.023000 0.430000 0.021000 0.448889 0.011500 0.453333 0.006500 0.445556 0.000000 0.355556 0.000000
0 0.282556 0.000350 0.349667 0.000000 0.338556 0.003500 0.321111 0.003500 0.298889 0.003500 0.291111 0.002000
0 0.285556 0.009500 0.280000 0.014500 0.281111 0.022500 0.294444 0.033000 0.306667 0.038000 0.315556 0.040000 0.344444 0.041000 0.364444 0.032000 0.366667 0.030000 0.366667 0.022500 0.362222 0.015000 0.355556 0.009500 0.343333 0.005000 0.337778 0.004000 0.306667 0.004500
0 0.253333 0.030000 0.243333 0.033000 0.231111 0.041000 0.223333 0.044000 0.218889 0.048500 0.218889 0.053000 0.223333 0.057500 0.232222 0.062000 0.254444 0.067000 0.266667 0.068000 0.283333 0.065500 0.293333 0.061000 0.297778 0.057000 0.298889 0.052000 0.288889 0.042000 0.280000 0.037000 0.281111 0.033000
0 0.175556 0.052500 0.157778 0.066000 0.156667 0.072500 0.160000 0.078500 0.175556 0.082500 0.196667 0.082500 0.222222 0.076000 0.227778 0.072500 0.228889 0.066000 0.225556 0.061000 0.217778 0.056500 0.204444 0.053500
0 0.112222 0.073500 0.098889 0.079500 0.094444 0.086000 0.093333 0.093500 0.100000 0.107500 0.108889 0.110500 0.118889 0.111500 0.135556 0.109000 0.150000 0.102500 0.158889 0.096500 0.161111 0.091000 0.157778 0.084500 0.145556 0.078000 0.126667 0.074000
0 0.116667 0.033500 0.087778 0.040500 0.081111 0.044000 0.080000 0.049500 0.090000 0.061000 0.103333 0.070000 0.144444 0.076000 0.164444 0.058000 0.162222 0.048500 0.154444 0.040500 0.146667 0.037000 0.126667 0.033000
0 0.201111 0.000000 0.203333 0.004500 0.216667 0.010500 0.231111 0.014000 0.244444 0.015000 0.258889 0.014500 0.265556 0.012500 0.274444 0.007500 0.278889 0.002500 0.278889 0.000000
0 0.176667 0.016000 0.168889 0.020000 0.161111 0.028000 0.161111 0.035500 0.164444 0.041000 0.171111 0.046000 0.185556 0.050500 0.210000 0.050500 0.218889 0.047500 0.235556 0.037500 0.236667 0.032500 0.233333 0.028500 0.222222 0.022000 0.197778 0.016000 0.187778 0.015000
0 0.090000 0.004500 0.088889 0.009000 0.091111 0.013000 0.100000 0.021500 0.115556 0.029000 0.125556 0.031000 0.144444 0.030500 0.158889 0.027500 0.171111 0.018000 0.171111 0.015000 0.176667 0.010000 0.171111 0.004000 0.161111 0.002500 0.158889 0.000000 0.101111 0.000000 0.092333 0.001250
0 0.016667 0.000000 0.016667 0.002500 0.024444 0.010500 0.032222 0.013000 0.045556 0.014500 0.053333 0.014500 0.067778 0.012000 0.084444 0.007500 0.091111 0.002500 0.091111 0.000000 0.031111 0.000000 0.029333 0.000000 0.027778 0.000000
0 0.000000 0.000000 0.000000 0.027000 0.005556 0.027000 0.020000 0.023500 0.023333 0.021500 0.025556 0.013000 0.017778 0.005500 0.008889 0.001500 0.008889 0.000000
0 0.088889 0.021000 0.082222 0.017000 0.071111 0.015500 0.046667 0.017000 0.030000 0.023000 0.022222 0.028000 0.014444 0.029000 0.010000 0.033500 0.028889 0.038000 0.033333 0.041500 0.037778 0.042500 0.065556 0.043500 0.075556 0.042000 0.083333 0.039500 0.088889 0.034500 0.091111 0.030000
0 0.000000 0.037000 0.000000 0.063500 0.005556 0.063500 0.020000 0.055000 0.028889 0.045500 0.028889 0.041000
0 0.060000 0.045500 0.048889 0.044000 0.033333 0.044500 0.017778 0.054500 0.007778 0.063500 0.007778 0.068500 0.018889 0.076000 0.021111 0.082500 0.025556 0.085000 0.040000 0.084500 0.065556 0.078500 0.084444 0.065000 0.086667 0.058500 0.082222 0.052500
0 0.000000 0.068000 0.000000 0.101000 0.004444 0.101000 0.007778 0.096500 0.020000 0.090000 0.021111 0.079500 0.013333 0.072000 0.004444 0.068000
0 0.025556 0.086500 0.012222 0.095000 0.008889 0.102000 0.012222 0.107500 0.030000 0.115500 0.041111 0.117500 0.060000 0.118000 0.078889 0.115000 0.095556 0.104500 0.096667 0.099500 0.090000 0.092500 0.077778 0.087000 0.065556 0.084000 0.052222 0.083500
0 0.118889 0.112000 0.110000 0.112000 0.090000 0.115000 0.083333 0.115000 0.067778 0.118500 0.055556 0.124000 0.056667 0.130500 0.064444 0.136000 0.073333 0.139500 0.088889 0.143000 0.095556 0.143000 0.110000 0.141000 0.121111 0.136000 0.128889 0.127000 0.128889 0.117500 0.126667 0.115000
0 0.108889 0.145000 0.100000 0.148500 0.096667 0.153000 0.095556 0.163000 0.098889 0.169500 0.110000 0.177000 0.125556 0.183000 0.144444 0.182000 0.167778 0.172000 0.174444 0.165500 0.173333 0.156000 0.164444 0.151500 0.143333 0.144500 0.126667 0.145500 0.117778 0.144500
0 0.100000 0.145500 0.066667 0.145500 0.055556 0.147000 0.047778 0.150000 0.043333 0.154000 0.044444 0.162000 0.047778 0.167500 0.056667 0.173000 0.064444 0.175000 0.082222 0.175500 0.097778 0.170500 0.095556 0.156000 0.097778 0.150000 0.102222 0.147000
0 0.566667 0.243000 0.557778 0.250500 0.553333 0.259000 0.555556 0.266000 0.566667 0.272500 0.584444 0.275500 0.614444 0.276500 0.628889 0.272000 0.641111 0.270000 0.646667 0.263000 0.643333 0.259500 0.636667 0.257000 0.630000 0.249500 0.624444 0.247000 0.596667 0.240500 0.578889 0.240500
0 0.515556 0.214000 0.501111 0.212000 0.491111 0.212500 0.470000 0.217500 0.455556 0.223500 0.450000 0.232500 0.450000 0.239000 0.454444 0.243000 0.472222 0.248000 0.493333 0.248500 0.524444 0.245500 0.535556 0.241000 0.537778 0.238000 0.535556 0.227500 0.527778 0.219000
0 0.415556 0.202500 0.385556 0.206500 0.376667 0.209500 0.365556 0.216500 0.365556 0.222500 0.378889 0.234500 0.393333 0.241000 0.424444 0.243500 0.431111 0.243000 0.448889 0.234000 0.453333 0.228500 0.453333 0.221000 0.447778 0.212500 0.440000 0.207000 0.426667 0.203000
0 0.343333 0.193500 0.320000 0.193000 0.308889 0.194500 0.294444 0.199000 0.290000 0.204000 0.287778 0.211500 0.290000 0.218500 0.297778 0.227500 0.305556 0.230500 0.305556 0.237000 0.310000 0.240500 0.317778 0.241000 0.335556 0.239000 0.352222 0.232000 0.358889 0.225500 0.366667 0.212000 0.367778 0.205000 0.362222 0.198500 0.352222 0.195000
0 0.316667 0.179000 0.304444 0.174500 0.271111 0.170500 0.243333 0.171500 0.228889 0.176500 0.224444 0.181000 0.224444 0.188000 0.228889 0.196000 0.245556 0.203500 0.255556 0.205000 0.267778 0.204000 0.291111 0.199500 0.312222 0.193000 0.317778 0.183500
0 0.193333 0.164000 0.186667 0.163500 0.152222 0.180000 0.138889 0.183500 0.135556 0.187500 0.135556 0.197000 0.142222 0.205000 0.153333 0.209500 0.168889 0.212000 0.193333 0.211000 0.203333 0.205500 0.211111 0.197000 0.214444 0.186500 0.213333 0.181500 0.204444 0.174500 0.200000 0.167000
0 0.241111 0.201500 0.224444 0.198000 0.213333 0.199000 0.206667 0.201500 0.184444 0.220500 0.182222 0.230000 0.185556 0.235500 0.212222 0.231500 0.245556 0.221500 0.250000 0.218000 0.252222 0.211500 0.250000 0.206000
0 0.285556 0.214000 0.275556 0.210000 0.255556 0.210000 0.252222 0.211500 0.246667 0.220000 0.233333 0.225500 0.217778 0.229000 0.213333 0.232500 0.217778 0.234500 0.230000 0.236500 0.264444 0.239000 0.273333 0.238500 0.286667 0.235500 0.293333 0.233000 0.296667 0.227500
0 0.150000 0.212000 0.128889 0.218500 0.115556 0.225500 0.112222 0.234000 0.117778 0.240500 0.127778 0.244500 0.143333 0.248500 0.162222 0.249000 0.170000 0.247500 0.181111 0.243050 0.178889 0.224000 0.174444 0.216000 0.170000 0.213000
0 0.126667 0.186500 0.116667 0.186500 0.110000 0.188500 0.090000 0.189000 0.074444 0.193000 0.068889 0.197000 0.063333 0.200800 0.058889 0.206000 0.057778 0.210500 0.064444 0.219500 0.072556 0.223550 0.081111 0.225000 0.087778 0.226000 0.105556 0.226000 0.112222 0.225000 0.130000 0.217000 0.135556 0.211500 0.136667 0.202500
0 0.000000 0.149000 0.000000 0.179500 0.032222 0.179000 0.038889 0.177500 0.043333 0.174500 0.044444 0.165000 0.037778 0.154000 0.030000 0.150500 0.022222 0.149000
0 0.013333 0.180000 0.000000 0.183000 0.000000 0.206500 0.000556 0.218150 0.020000 0.213500 0.031111 0.213500 0.048889 0.210000 0.062222 0.201500 0.064444 0.192500 0.061111 0.188500 0.048889 0.183500 0.043778 0.181000 0.032222 0.180000
0 0.024444 0.217000 0.013333 0.217000 0.004444 0.219500 0.000000 0.219500 0.000000 0.255500 0.010000 0.255500 0.015556 0.254000 0.023333 0.247500 0.038889 0.240500 0.048889 0.231000 0.048889 0.224500 0.038889 0.220000
0 0.084444 0.227500 0.073333 0.228000 0.054444 0.239000 0.046667 0.254500 0.047778 0.260500 0.054444 0.265500 0.085556 0.265500 0.112222 0.256000 0.113333 0.252500 0.116667 0.250500 0.117778 0.243000 0.108889 0.235000
0 0.131111 0.255000 0.125556 0.254500 0.118889 0.255500 0.081111 0.267000 0.078889 0.269000 0.078889 0.276000 0.087778 0.281000 0.111111 0.285500 0.128889 0.285000 0.140000 0.281500 0.143333 0.276000 0.144444 0.263500 0.138889 0.258500
0 0.012222 0.265000 0.004444 0.268000 0.000000 0.268000 0.000000 0.299000 0.004444 0.299000 0.020000 0.303000 0.041111 0.302500 0.052222 0.298500 0.061111 0.291000 0.063333 0.283500 0.061111 0.276500 0.046667 0.269000 0.032222 0.266500
0 0.063333 0.275000 0.063333 0.293500 0.072222 0.311000 0.080000 0.315500 0.088889 0.317000 0.103333 0.315500 0.120000 0.311000 0.127778 0.307500 0.128889 0.301500 0.126667 0.298000 0.108889 0.287500 0.088889 0.282500 0.075556 0.277000
0 0.971111 0.310500 0.965556 0.309500 0.950000 0.302000 0.935556 0.298500 0.923333 0.297500 0.908889 0.299000 0.897778 0.302000 0.893333 0.306500 0.893333 0.326500 0.896667 0.329000 0.907778 0.331000 0.935556 0.328500 0.945556 0.326500 0.963333 0.320500
0 0.827778 0.293000 0.820000 0.298000 0.814444 0.309500 0.816667 0.315000 0.825556 0.320000 0.838889 0.322500 0.866667 0.323000 0.881111 0.320500 0.887778 0.318000 0.892222 0.313500 0.891111 0.305500 0.884444 0.299000 0.872222 0.292500 0.853333 0.289000
0 0.758889 0.279000 0.754444 0.280500 0.751111 0.285500 0.743333 0.287500 0.737778 0.291000 0.738889 0.303000 0.752222 0.314000 0.760000 0.318000 0.765556 0.319000 0.785556 0.318500 0.801111 0.315500 0.813333 0.310500 0.817778 0.304500 0.816667 0.295500 0.800000 0.284500 0.791111 0.281000 0.780000 0.279000
0 0.713333 0.302500 0.701111 0.306000 0.696667 0.314000 0.683333 0.325000 0.683333 0.327500 0.693333 0.335000 0.708889 0.341000 0.720000 0.342500 0.748889 0.342000 0.753333 0.339500 0.754444 0.335000 0.761111 0.328500 0.758889 0.319500 0.746667 0.309000 0.737778 0.304000 0.727778 0.302000
0 0.806667 0.316000 0.786667 0.318000 0.774444 0.320500 0.763333 0.325000 0.761111 0.330000 0.756667 0.333500 0.755556 0.342500 0.765556 0.347000 0.785556 0.351000 0.805556 0.351000 0.815556 0.349000 0.818889 0.347000 0.821111 0.324500 0.817778 0.320000
0 0.875556 0.325000 0.836667 0.323000 0.830000 0.324000 0.825556 0.326500 0.820000 0.334000 0.820000 0.349500 0.828889 0.354500 0.830000 0.359500 0.837778 0.362500 0.853333 0.358500 0.862222 0.358000 0.876667 0.354000 0.895556 0.342000 0.895556 0.336000 0.892222 0.331500 0.883333 0.327000
0 0.906667 0.332500 0.902222 0.334000 0.896667 0.343000 0.880000 0.353500 0.881111 0.362500 0.884444 0.366500 0.896667 0.373500 0.916667 0.377000 0.935556 0.376500 0.951111 0.373500 0.958889 0.369500 0.961111 0.366500 0.961111 0.357000 0.952222 0.345000 0.935556 0.336000 0.924444 0.335000 0.914444 0.332500
0 0.711111 0.343000 0.702222 0.346500 0.698889 0.350000 0.698889 0.361500 0.708889 0.368500 0.724444 0.375000 0.732222 0.376000 0.738889 0.375500 0.761111 0.369500 0.768889 0.365000 0.771111 0.358500 0.768889 0.352500 0.764444 0.348000 0.752222 0.343500 0.744444 0.342500
0 0.797778 0.351500 0.784444 0.351500 0.774444 0.354500 0.771111 0.357500 0.771111 0.364500 0.766667 0.368000 0.760000 0.371000 0.743333 0.373500 0.738889 0.375500 0.737778 0.377500 0.742222 0.383000 0.752222 0.387000 0.770000 0.390000 0.790000 0.390500 0.798889 0.388000 0.805556 0.383500 0.813333 0.374000 0.813333 0.368000 0.802222 0.353000
0 0.876667 0.360000 0.871111 0.359500 0.860000 0.361500 0.848889 0.362000 0.831111 0.366500 0.816667 0.372500 0.804444 0.384500 0.804444 0.386500 0.808889 0.392000 0.824444 0.398500 0.828889 0.399500 0.850000 0.399500 0.861111 0.398000 0.886667 0.387000 0.895556 0.381500 0.895556 0.377000
0 0.907778 0.378500 0.900000 0.380500 0.891111 0.384500 0.882000 0.388250 0.868889 0.395500 0.870000 0.402500 0.884444 0.409500 0.892222 0.411500 0.910000 0.411500 0.923333 0.413000 0.933333 0.412500 0.943333 0.410000 0.953333 0.404000 0.954444 0.396500 0.952222 0.393000 0.943000 0.384500 0.933333 0.380000 0.928889 0.379000
0 0.836667 0.399500 0.826667 0.404000 0.822222 0.409000 0.815556 0.412500 0.815556 0.416500 0.824444 0.428000 0.837778 0.430500 0.857778 0.430500 0.885556 0.427000 0.891111 0.424500 0.892222 0.418000 0.884444 0.410500 0.873333 0.405500 0.862222 0.402500 0.844444 0.399500
0 0.734444 0.396000 0.731111 0.400000 0.731111 0.404000 0.735556 0.413500 0.744444 0.420500 0.760000 0.423500 0.780000 0.424000 0.806667 0.418500 0.815556 0.414500 0.826667 0.404500 0.823333 0.399000 0.812222 0.394500 0.797778 0.391000 0.756667 0.389500 0.742222 0.392500
0 0.646667 0.376500 0.641111 0.384500 0.641111 0.393500 0.645556 0.399500 0.652222 0.403000 0.667778 0.405500 0.684444 0.403500 0.696667 0.400500 0.711111 0.400500 0.714444 0.399500 0.716667 0.394000 0.715556 0.388000 0.705556 0.381000 0.683333 0.374000 0.668889 0.372500 0.655556 0.373000
0 0.632222 0.336000 0.625556 0.338500 0.617778 0.345500 0.617778 0.353000 0.624444 0.360000 0.638889 0.366500 0.657778 0.371500 0.666667 0.372500 0.682222 0.372000 0.688889 0.369000 0.695556 0.361000 0.697778 0.352500 0.696667 0.344000 0.687778 0.340500 0.682222 0.335000 0.675556 0.332500 0.665556 0.332500 0.656667 0.335000 0.646667 0.334500
0 0.674444 0.290000 0.655556 0.288500 0.642222 0.290500 0.632222 0.294500 0.623333 0.302000 0.618889 0.310000 0.618889 0.316000 0.622222 0.321000 0.628889 0.324500 0.627778 0.331000 0.634444 0.334000 0.643333 0.334000 0.648889 0.333000 0.657778 0.329000 0.667778 0.329000 0.677778 0.327000 0.688889 0.321500 0.695556 0.315500 0.698889 0.307500 0.696667 0.300000 0.688889 0.294000
0 0.602222 0.309500 0.586667 0.312000 0.555556 0.326000 0.551111 0.333000 0.554444 0.337500 0.561111 0.340000 0.603333 0.348000 0.613333 0.345500 0.624444 0.338500 0.624444 0.323500 0.615556 0.310000
0 0.601111 0.282500 0.563333 0.282500 0.532222 0.290000 0.523333 0.294000 0.520000 0.298000 0.520000 0.302500 0.527778 0.309500 0.551111 0.318000 0.566667 0.319000 0.574444 0.317500 0.598889 0.304500 0.606667 0.298000 0.610000 0.289500
0 0.512222 0.247000 0.498889 0.248500 0.485556 0.255500 0.478889 0.261500 0.478889 0.269000 0.486667 0.280500 0.494444 0.286500 0.505556 0.290000 0.525556 0.290000 0.546667 0.286000 0.557778 0.282000 0.561111 0.277000 0.561111 0.271000 0.550000 0.259000 0.536667 0.250500 0.527778 0.247000
0 0.360000 0.227000 0.355556 0.231000 0.331111 0.241000 0.325556 0.246000 0.324444 0.253000 0.330000 0.258500 0.336667 0.261000 0.361111 0.265000 0.376667 0.265000 0.383333 0.264000 0.395556 0.258500 0.400000 0.252500 0.397778 0.246000 0.391111 0.240000 0.381111 0.236500 0.370000 0.228500
0 0.404444 0.252000 0.397778 0.255000 0.396667 0.269500 0.401111 0.274500 0.421111 0.283000 0.430000 0.284500 0.437778 0.284000 0.450000 0.281000 0.461111 0.275500 0.470000 0.268000 0.471111 0.263500 0.465556 0.256500 0.457778 0.253000 0.441111 0.250000
0 0.428889 0.291000 0.425556 0.297000 0.426667 0.304000 0.440000 0.312000 0.455556 0.316000 0.485556 0.317000 0.510000 0.313500 0.522222 0.309000 0.523333 0.306000 0.514444 0.300500 0.511111 0.294500 0.500000 0.290000 0.476667 0.283500 0.470000 0.282500 0.451111 0.282500 0.444444 0.283500 0.435556 0.286500
0 0.397778 0.276500 0.378889 0.268500 0.358889 0.267500 0.347778 0.269000 0.334444 0.272500 0.326667 0.285000 0.311111 0.292500 0.310000 0.295500 0.322222 0.301500 0.345556 0.304000 0.367778 0.304000 0.392222 0.301500 0.402222 0.297000 0.406667 0.292500 0.406667 0.286000
0 0.325556 0.262000 0.305556 0.261000 0.293333 0.262500 0.280000 0.275000 0.278889 0.286000 0.281111 0.290500 0.296667 0.296000 0.310000 0.295500 0.328889 0.284500 0.333333 0.274500 0.337778 0.271500 0.337778 0.266500
0 0.217778 0.238000 0.197778 0.247500 0.200000 0.257000 0.205556 0.263500 0.220000 0.269500 0.247778 0.275000 0.266667 0.275000 0.277778 0.273000 0.287778 0.267000 0.293333 0.260000 0.295556 0.251500 0.292222 0.247000 0.276667 0.241500 0.266667 0.239500 0.240000 0.237000 0.222222 0.237000
0 0.185556 0.248000 0.168889 0.251500 0.151111 0.260500 0.146667 0.265500 0.146667 0.271500 0.166667 0.280500 0.185556 0.284000 0.195556 0.284500 0.214444 0.279000 0.223333 0.271000 0.202222 0.261500 0.198889 0.257500 0.196667 0.248500
0 0.145556 0.280000 0.133333 0.287000 0.128889 0.293500 0.130000 0.306500 0.138889 0.312000 0.151111 0.315000 0.176667 0.314000 0.196667 0.308500 0.208889 0.303500 0.206667 0.290500 0.198889 0.286500 0.162222 0.279500
0 0.274444 0.275000 0.241111 0.277000 0.232222 0.279500 0.220000 0.285500 0.210000 0.293500 0.210000 0.300500 0.222222 0.307000 0.228889 0.309000 0.244444 0.311000 0.256667 0.310500 0.265556 0.307000 0.273333 0.301000 0.278889 0.292500 0.278889 0.282500
0 0.123333 0.311000 0.096667 0.317000 0.085556 0.322000 0.081111 0.334000 0.093333 0.339500 0.115556 0.342000 0.137778 0.342000 0.151111 0.339500 0.156667 0.337000 0.160000 0.332000 0.160000 0.327000 0.152222 0.318500 0.141111 0.313000 0.135556 0.311500
0 0.008889 0.310000 0.004444 0.315000 0.000000 0.315500 0.000000 0.328500 0.004444 0.329000 0.005556 0.332500 0.012222 0.336500 0.034444 0.341500 0.052222 0.342500 0.066667 0.340000 0.080000 0.334000 0.083333 0.331500 0.083333 0.326000 0.071111 0.316500 0.038889 0.307500 0.024444 0.307000
0 0.000000 0.335500 0.000000 0.364500 0.005556 0.364500 0.018889 0.362500 0.031111 0.358000 0.037778 0.351500 0.037778 0.345000 0.033333 0.341500 0.004444 0.335500
0 0.031111 0.357500 0.030000 0.361500 0.037778 0.364500 0.055556 0.364000 0.060000 0.367000 0.070000 0.368000 0.101111 0.367000 0.116667 0.363000 0.120000 0.361000 0.124444 0.353500 0.124444 0.345500 0.084444 0.338000 0.073333 0.338000 0.046667 0.345000 0.041111 0.351500
0 0.196667 0.342000 0.182111 0.339000 0.175556 0.338000 0.170000 0.337000 0.153333 0.339000 0.146667 0.341000 0.127778 0.343000 0.124444 0.345000 0.125556 0.351500 0.133333 0.358000 0.145556 0.364000 0.151111 0.365500 0.170000 0.365500 0.181111 0.361500 0.183333 0.358500 0.197778 0.352500 0.201111 0.344500
0 0.211111 0.307500 0.195556 0.309000 0.176667 0.314500 0.164444 0.322000 0.163333 0.327500 0.166667 0.331500 0.183333 0.338000 0.202222 0.342000 0.215556 0.343000 0.238889 0.339000 0.248889 0.334000 0.251111 0.330000 0.251111 0.318000 0.248889 0.314500 0.242222 0.311500 0.223333 0.308000
0 0.208889 0.345000 0.208889 0.351000 0.228889 0.356500 0.247778 0.366500 0.265556 0.367500 0.285556 0.361500 0.291111 0.352000 0.291111 0.345000 0.285556 0.341000 0.266667 0.336500 0.247778 0.336000 0.237778 0.340000 0.213333 0.343000
0 0.367778 0.344000 0.354444 0.337500 0.337778 0.332000 0.320000 0.331500 0.314444 0.332500 0.293333 0.343500 0.286667 0.360500 0.288889 0.364500 0.296667 0.366000 0.318889 0.366000 0.335556 0.364500 0.364444 0.356000 0.370000 0.350500
0 0.300000 0.299000 0.276667 0.302000 0.267778 0.307500 0.255556 0.311500 0.253333 0.313500 0.253333 0.334000 0.264444 0.335000 0.290000 0.340000 0.298889 0.338500 0.321111 0.329500 0.331111 0.322500 0.333333 0.316000 0.332222 0.313000 0.323333 0.306500 0.310000 0.301000
0 0.383333 0.302500 0.373333 0.305000 0.344444 0.305500 0.336667 0.310500 0.335556 0.322500 0.342222 0.331500 0.368889 0.343500 0.382222 0.342000 0.384444 0.338000 0.395556 0.334000 0.396667 0.331000 0.403333 0.327000 0.404444 0.322500 0.408889 0.320000 0.405556 0.307500 0.396667 0.303500
0 0.440000 0.312500 0.414444 0.319000 0.392222 0.338000 0.392222 0.343000 0.398889 0.350000 0.420000 0.354000 0.431111 0.354500 0.458889 0.352000 0.463333 0.350500 0.468889 0.345000 0.470000 0.333500 0.467778 0.326000 0.457778 0.318000
0 0.550000 0.337500 0.536667 0.349500 0.536667 0.356000 0.546667 0.366500 0.554444 0.371500 0.570000 0.375500 0.578889 0.376000 0.595556 0.374500 0.613333 0.370000 0.623333 0.364500 0.623333 0.360500 0.615556 0.354000 0.592222 0.345500 0.563333 0.341000 0.553333 0.337500
0 0.511111 0.315000 0.482222 0.318000 0.472222 0.325000 0.472222 0.347000 0.476667 0.350000 0.481111 0.350500 0.488889 0.354000 0.491111 0.357500 0.496667 0.359500 0.508889 0.359000 0.513333 0.356500 0.524444 0.354000 0.535556 0.349500 0.546667 0.336000 0.547778 0.329000 0.542222 0.322000 0.535556 0.319000
0 0.487778 0.365000 0.485556 0.368000 0.486667 0.373500 0.497778 0.377500 0.513333 0.378000 0.533333 0.385500 0.552222 0.382500 0.552222 0.374500 0.547778 0.369000 0.543333 0.367500 0.535556 0.367000 0.512222 0.360500 0.498889 0.361500
0 0.571111 0.384000 0.557778 0.384500 0.546667 0.389000 0.536667 0.391000 0.525556 0.398500 0.520000 0.400500 0.516667 0.404500 0.516667 0.410000 0.522222 0.414500 0.530000 0.417500 0.550000 0.421500 0.570000 0.421500 0.580000 0.418000 0.588889 0.406000 0.588889 0.400000 0.576667 0.392000 0.574444 0.384500
0 0.465556 0.352500 0.428889 0.355500 0.411111 0.361500 0.407778 0.370500 0.408889 0.377000 0.413333 0.381000 0.436667 0.387000 0.450000 0.387000 0.480000 0.379000 0.483333 0.376500 0.482222 0.366000 0.476667 0.358500
0 0.513333 0.379000 0.492222 0.377500 0.483333 0.378500 0.461111 0.384500 0.451111 0.388500 0.446667 0.393500 0.447778 0.400000 0.451111 0.404000 0.460000 0.408000 0.472222 0.411500 0.483333 0.412500 0.491111 0.411000 0.526667 0.397000 0.530000 0.393500 0.527778 0.386500 0.523333 0.382500
0 0.404444 0.381500 0.397444 0.388850 0.392778 0.390950 0.384889 0.393300 0.378889 0.395500 0.370000 0.398000 0.370000 0.404000 0.380000 0.410500 0.403333 0.412500 0.412222 0.415000 0.422222 0.415000 0.435556 0.410000 0.443333 0.403500 0.445556 0.398500 0.444444 0.393000 0.438889 0.388000 0.415556 0.381500
0 0.358889 0.358500 0.341111 0.363000 0.331111 0.367000 0.324444 0.374500 0.323333 0.383000 0.326667 0.390000 0.334444 0.394000 0.352222 0.398500 0.366667 0.398500 0.396667 0.389000 0.403333 0.381000 0.403333 0.375500 0.398889 0.368500 0.392222 0.365000 0.396667 0.361000 0.370000 0.358500
0 0.315556 0.366500 0.297778 0.366000 0.282222 0.363500 0.262222 0.368000 0.254444 0.372000 0.247778 0.380000 0.248889 0.386500 0.261111 0.391500 0.282222 0.396000 0.298889 0.394500 0.310000 0.391500 0.320000 0.379500 0.320000 0.372000
0 0.335556 0.395000 0.315556 0.393000 0.291111 0.397500 0.282222 0.401000 0.271111 0.412000 0.270000 0.418000 0.278889 0.426500 0.291111 0.431000 0.296667 0.432000 0.311111 0.432000 0.335556 0.426500 0.345556 0.421000 0.352222 0.412500 0.350000 0.400000
0 0.228889 0.422500 0.221111 0.425500 0.218889 0.431500 0.233333 0.444500 0.244444 0.447000 0.256667 0.448000 0.285556 0.440000 0.286667 0.431500 0.266667 0.421500 0.248889 0.423000
0 0.223333 0.391500 0.213333 0.394000 0.205556 0.398000 0.202222 0.402500 0.201111 0.413000 0.212222 0.418500 0.224444 0.422000 0.234444 0.423000 0.252222 0.422500 0.261111 0.420500 0.266667 0.417500 0.268889 0.412000 0.274444 0.408500 0.275556 0.404500 0.281111 0.400500 0.280000 0.396500 0.256667 0.391000 0.234444 0.390500
0 0.232222 0.358000 0.211111 0.354000 0.202222 0.354000 0.186667 0.359500 0.173333 0.371000 0.168889 0.380000 0.171111 0.385000 0.183333 0.390500 0.222222 0.390000 0.233333 0.387500 0.243333 0.383000 0.247778 0.372000 0.243333 0.365500
0 0.033333 0.380000 0.034444 0.381500 0.044444 0.384500 0.046667 0.387000 0.056667 0.387500 0.078889 0.391500 0.098889 0.391000 0.106667 0.389000 0.110000 0.385500 0.113333 0.372500 0.108889 0.369500 0.102222 0.368500 0.063333 0.369000 0.036667 0.377000
0 0.171111 0.367000 0.143333 0.365000 0.128889 0.369000 0.121111 0.373500 0.116667 0.378500 0.115556 0.392500 0.122222 0.397500 0.134444 0.400500 0.147778 0.400500 0.168889 0.398500 0.186667 0.393000 0.170000 0.385500 0.170000 0.374000 0.174444 0.370000
0 0.193333 0.398500 0.188889 0.397500 0.175556 0.397500 0.134444 0.401500 0.127778 0.404000 0.121111 0.410500 0.121111 0.417500 0.128889 0.423000 0.142222 0.429000 0.154444 0.430000 0.161111 0.425500 0.183333 0.425500 0.190000 0.424000 0.194444 0.420000 0.198889 0.408500 0.198889 0.402500
0 0.160000 0.425500 0.156667 0.432000 0.147778 0.438000 0.148889 0.448500 0.156667 0.456000 0.167778 0.461500 0.186667 0.465500 0.196667 0.464500 0.213333 0.459000 0.222222 0.453000 0.226667 0.448000 0.226667 0.441500 0.223333 0.436000 0.207778 0.429000 0.195556 0.426000
0 0.135556 0.429500 0.111111 0.431500 0.098889 0.434500 0.086667 0.435500 0.082222 0.438500 0.083333 0.444000 0.088889 0.450500 0.102222 0.459500 0.124444 0.467500 0.143333 0.467000 0.141111 0.463000 0.153333 0.455500 0.153333 0.451500 0.146667 0.444000 0.147778 0.435000
0 0.055556 0.390500 0.047778 0.396000 0.051111 0.403500 0.051111 0.409500 0.047778 0.415000 0.047778 0.420500 0.050000 0.422500 0.068889 0.428000 0.093333 0.428500 0.101111 0.427000 0.108889 0.424000 0.118889 0.417000 0.123333 0.402000 0.116667 0.394500 0.110000 0.390500 0.091111 0.392000
0 0.027778 0.389500 0.020000 0.389000 0.008889 0.392000 0.007778 0.399500 0.003333 0.402500 0.000000 0.402500 0.000000 0.431500 0.004444 0.431500 0.033333 0.424000 0.045556 0.417000 0.050000 0.412500 0.051111 0.405000 0.048889 0.400500
0 0.081111 0.435000 0.071111 0.429000 0.047778 0.422500 0.038889 0.422000 0.010000 0.430000 0.003333 0.433000 0.000000 0.433000 0.000000 0.451000 0.022222 0.453000 0.053333 0.448500 0.063333 0.446000 0.073333 0.440500 0.078889 0.439500
0 0.000000 0.451500 0.000000 0.476500 0.004444 0.476500 0.011111 0.470000 0.013333 0.462000 0.007778 0.453000 0.004444 0.451500
0 0.025556 0.452500 0.022222 0.454000 0.020000 0.460000 0.012222 0.463000 0.011111 0.467500 0.012222 0.471000 0.026667 0.482500 0.060000 0.489000 0.084444 0.487500 0.098889 0.483000 0.106667 0.474500 0.106667 0.462500 0.102222 0.458500 0.088889 0.452000 0.067778 0.449000 0.052222 0.449000
0 0.000000 0.480000 0.000000 0.505000 0.003333 0.505000 0.006667 0.508000 0.021111 0.513500 0.032222 0.514000 0.043333 0.512000 0.053333 0.508500 0.064444 0.500000 0.065556 0.494000 0.062222 0.490500 0.022222 0.481000
0 0.072222 0.500000 0.060000 0.506500 0.057778 0.510000 0.058889 0.518000 0.067778 0.522500 0.090000 0.528000 0.101111 0.528000 0.120000 0.521500 0.123333 0.516000 0.122222 0.507000 0.118889 0.504000 0.100000 0.499500 0.080000 0.499000
0 0.000000 0.513000 0.000000 0.552000 0.014444 0.553000 0.034444 0.549000 0.040000 0.546000 0.044444 0.539000 0.045556 0.531000 0.041111 0.525000 0.023333 0.516000 0.014444 0.514000
0 0.153333 0.518500 0.133333 0.519000 0.124444 0.521000 0.108889 0.527500 0.097778 0.529500 0.092222 0.533000 0.092222 0.537500 0.096667 0.540500 0.098889 0.545000 0.123333 0.555500 0.137778 0.556000 0.150000 0.554000 0.161111 0.546000 0.166667 0.537500 0.164444 0.527500 0.157778 0.520000
0 0.070000 0.544000 0.048889 0.547500 0.035556 0.553500 0.031111 0.559500 0.034444 0.569000 0.056667 0.582000 0.074444 0.584500 0.084444 0.584500 0.096667 0.582000 0.103333 0.579000 0.123333 0.565000 0.123333 0.561500 0.120000 0.556000 0.096667 0.545500 0.088889 0.544000
0 0.105556 0.479000 0.103333 0.483500 0.108889 0.493500 0.115556 0.498500 0.128889 0.503000 0.161111 0.503000 0.176667 0.500000 0.188889 0.494000 0.188889 0.481000 0.178889 0.475500 0.130000 0.472500 0.115556 0.474500
0 0.445556 0.405500 0.438889 0.407500 0.423333 0.416000 0.423333 0.420000 0.428889 0.429000 0.433333 0.432500 0.442222 0.435500 0.464444 0.437500 0.471111 0.437000 0.488889 0.428000 0.491111 0.425000 0.488889 0.416500 0.483333 0.413000 0.471111 0.411000 0.455556 0.406000
0 0.361111 0.413000 0.345556 0.423500 0.343333 0.429500 0.346667 0.435500 0.357778 0.444500 0.374444 0.452500 0.381111 0.454000 0.395556 0.454000 0.412222 0.447000 0.423333 0.437500 0.426667 0.430500 0.422222 0.419500 0.416667 0.416000 0.400000 0.412500 0.377778 0.412000
0 0.333333 0.453500 0.332222 0.467500 0.342222 0.472000 0.355556 0.472500 0.370000 0.469500 0.394444 0.468500 0.402222 0.467000 0.402222 0.462000 0.396667 0.455500 0.378889 0.453500 0.361111 0.446000 0.352222 0.446500 0.340000 0.449500
0 0.324444 0.432500 0.292222 0.435000 0.288889 0.438500 0.282222 0.441500 0.267778 0.445000 0.261111 0.448500 0.258889 0.455000 0.261111 0.461000 0.278889 0.470000 0.296667 0.473500 0.314444 0.473000 0.328889 0.465000 0.336667 0.446500 0.328889 0.439500 0.330000 0.435500
0 0.221111 0.458000 0.212222 0.459500 0.202222 0.463000 0.195556 0.468000 0.194444 0.471500 0.201111 0.476500 0.205556 0.486500 0.211111 0.491500 0.217778 0.494500 0.225556 0.496000 0.241111 0.497000 0.262222 0.493000 0.277778 0.486500 0.283333 0.481500 0.283333 0.473500 0.281111 0.471000 0.258889 0.461500 0.245556 0.459000
0 0.192222 0.495000 0.172222 0.501000 0.165556 0.505500 0.163333 0.513000 0.170000 0.519000 0.173333 0.527000 0.184444 0.531000 0.196667 0.533500 0.222222 0.534500 0.233333 0.532500 0.244444 0.527500 0.251111 0.521500 0.257778 0.509000 0.232222 0.497500 0.214444 0.494000
0 0.315556 0.479000 0.302222 0.479000 0.285556 0.482000 0.278889 0.486500 0.260000 0.494000 0.260000 0.502000 0.264444 0.507000 0.277778 0.515000 0.297778 0.520000 0.315556 0.519500 0.333333 0.515000 0.340000 0.512000 0.348889 0.503500 0.347778 0.491500 0.343333 0.489500 0.338889 0.484000
0 0.332222 0.474000 0.327778 0.478500 0.366667 0.497500 0.380000 0.500000 0.397778 0.500500 0.400000 0.498000 0.394444 0.491500 0.392222 0.479000 0.400000 0.470000 0.395556 0.469000 0.375556 0.469000 0.354444 0.472500 0.341111 0.472000
0 0.360000 0.501500 0.356667 0.505500 0.357778 0.511000 0.376667 0.515500 0.400000 0.526000 0.422222 0.528000 0.430000 0.527500 0.437778 0.524000 0.443333 0.519000 0.446667 0.512500 0.444444 0.508000 0.431111 0.501500 0.418889 0.504000 0.412222 0.509000 0.404444 0.507000 0.400000 0.502500 0.370000 0.499500
0 0.441111 0.470000 0.412222 0.468500 0.403333 0.471000 0.393333 0.478000 0.394444 0.491500 0.403333 0.503500 0.412222 0.507500 0.440000 0.496000 0.450000 0.486500 0.452222 0.477000 0.448889 0.472500
0 0.443333 0.436500 0.431111 0.438000 0.422222 0.440500 0.415556 0.444000 0.411111 0.449000 0.401111 0.452000 0.398889 0.456500 0.404444 0.463500 0.412222 0.466500 0.435556 0.469500 0.453333 0.470000 0.467778 0.467500 0.477778 0.463500 0.486667 0.457000 0.487778 0.451000 0.480000 0.443000 0.466667 0.438000
0 0.484444 0.431000 0.482222 0.435500 0.487778 0.440500 0.495556 0.443500 0.507778 0.446000 0.524444 0.447000 0.552222 0.446500 0.561111 0.445500 0.566667 0.440000 0.563333 0.431000 0.558889 0.427500 0.546667 0.422000 0.526667 0.418500 0.508889 0.418500 0.503333 0.419500
0 0.487778 0.443000 0.484444 0.447500 0.488889 0.451500 0.488889 0.455500 0.478889 0.463000 0.482222 0.468000 0.488889 0.471500 0.501111 0.473500 0.517778 0.474000 0.526667 0.472000 0.546667 0.463500 0.551111 0.459500 0.555556 0.450500 0.550000 0.448500 0.535556 0.447000 0.508889 0.446500 0.493333 0.443000
0 0.455556 0.477500 0.448889 0.487500 0.434444 0.499000 0.433333 0.502000 0.448889 0.510500 0.454444 0.512000 0.482222 0.514000 0.501111 0.512000 0.513333 0.505500 0.514444 0.493000 0.510000 0.485000 0.498889 0.479000 0.491111 0.477000 0.462222 0.476500
0 0.498889 0.473500 0.497778 0.479000 0.503333 0.480000 0.511111 0.485000 0.517778 0.506500 0.531111 0.511000 0.541111 0.512500 0.557778 0.512000 0.572222 0.508500 0.578889 0.505000 0.582222 0.501000 0.584444 0.494000 0.583333 0.488000 0.572222 0.483000 0.562222 0.481000 0.542222 0.473500 0.535556 0.472500 0.518889 0.474000
0 0.556667 0.452500 0.547778 0.464500 0.547778 0.468000 0.551111 0.472000 0.567778 0.479000 0.584444 0.480500 0.603333 0.479000 0.622222 0.474500 0.630000 0.470500 0.632222 0.465000 0.631111 0.462000 0.622222 0.459000 0.612222 0.460000 0.594444 0.458500 0.574444 0.452500 0.562222 0.450500
0 0.571111 0.435000 0.563333 0.447500 0.577778 0.454500 0.591111 0.458500 0.622222 0.460000 0.634444 0.458000 0.645556 0.453000 0.648889 0.447500 0.647778 0.440500 0.641111 0.434500 0.631111 0.430500 0.617778 0.429000 0.604444 0.429500 0.588889 0.428500
0 0.650000 0.406500 0.641111 0.403000 0.631111 0.401000 0.612222 0.401000 0.596667 0.403500 0.591111 0.405500 0.585556 0.411000 0.583333 0.415500 0.584444 0.420500 0.593333 0.426500 0.603333 0.428500 0.632222 0.427500 0.646667 0.425500 0.653333 0.423500 0.660000 0.417500 0.658889 0.413500
0 0.708889 0.400000 0.696667 0.400000 0.686667 0.403000 0.671111 0.405000 0.662222 0.412000 0.661111 0.421500 0.664444 0.427000 0.673333 0.433000 0.701111 0.433500 0.717778 0.431000 0.731111 0.424500 0.727778 0.416000 0.717778 0.408500 0.714444 0.402500
0 0.778889 0.426500 0.762222 0.425500 0.746667 0.422500 0.734444 0.423000 0.721111 0.430000 0.698889 0.434000 0.697778 0.439000 0.706667 0.448000 0.715556 0.451500 0.730000 0.453500 0.761111 0.451000 0.773333 0.446000 0.780000 0.440000 0.778889 0.432000 0.781111 0.427500
0 0.814444 0.430500 0.803333 0.430000 0.791111 0.431500 0.784444 0.434500 0.776667 0.445000 0.756667 0.453500 0.758889 0.459000 0.757778 0.468000 0.767778 0.476000 0.776667 0.479000 0.788889 0.478500 0.795556 0.470000 0.827778 0.464000 0.841111 0.459000 0.845556 0.455000 0.842222 0.442500 0.834444 0.437500
0 0.862222 0.438500 0.853333 0.443500 0.852222 0.449500 0.857778 0.458500 0.868889 0.465500 0.883333 0.469000 0.893333 0.469000 0.908889 0.467500 0.924444 0.463000 0.928889 0.458500 0.925556 0.456500 0.924444 0.450500 0.916667 0.442000 0.904444 0.438000 0.891111 0.436500 0.873333 0.436500
0 0.830000 0.464500 0.808889 0.468500 0.798889 0.472500 0.792222 0.482000 0.793333 0.487000 0.798889 0.495000 0.810000 0.499500 0.828889 0.502500 0.848889 0.503500 0.864444 0.498500 0.875556 0.492500 0.885556 0.490500 0.884444 0.486000 0.876667 0.482000 0.876667 0.478000 0.873333 0.474500 0.861111 0.469000 0.841111 0.465000
0 0.978889 0.466500 0.951111 0.460500 0.933333 0.459500 0.925556 0.463500 0.910000 0.467500 0.882222 0.470500 0.878889 0.473500 0.881111 0.482500 0.890000 0.490500 0.905556 0.497000 0.911111 0.498000 0.930000 0.497000 0.940000 0.494000 0.953333 0.492000 0.972222 0.485500 0.977778 0.480000 0.977778 0.476500 0.974444 0.474500 0.978889 0.471500
0 0.717778 0.452000 0.706667 0.452000 0.694444 0.455000 0.680000 0.462500 0.671111 0.470500 0.668889 0.482500 0.684444 0.486000 0.696667 0.490500 0.704444 0.490500 0.711111 0.487000 0.736667 0.485000 0.753333 0.479500 0.757778 0.475000 0.757778 0.470500 0.754444 0.466000 0.746667 0.461000 0.731111 0.454500
0 0.742222 0.483000 0.730000 0.488500 0.728889 0.496500 0.733333 0.503500 0.740000 0.508000 0.752222 0.512000 0.766667 0.514500 0.782222 0.514500 0.793333 0.510000 0.797778 0.502000 0.796667 0.493500 0.790000 0.485500 0.772222 0.481000 0.752222 0.481000
0 0.802222 0.501500 0.797778 0.504000 0.794444 0.509500 0.784444 0.513500 0.782222 0.516000 0.780000 0.526000 0.784444 0.530500 0.793333 0.534500 0.812222 0.539000 0.840000 0.538000 0.855556 0.533500 0.862222 0.525000 0.851111 0.521500 0.846667 0.517500 0.846667 0.505500 0.820000 0.501500
0 0.852222 0.504000 0.846667 0.509000 0.846667 0.517500 0.856667 0.525500 0.864444 0.526000 0.876667 0.530000 0.890000 0.532000 0.910000 0.532000 0.926667 0.527500 0.931111 0.522500 0.928889 0.509500 0.915556 0.500000 0.901111 0.497500 0.872222 0.497000 0.862222 0.499500
0 0.936667 0.495500 0.931111 0.499000 0.931111 0.505000 0.938889 0.512000 0.948889 0.515500 0.978889 0.522500 1.000000 0.524500 1.000000 0.490500 0.995556 0.490500 0.986667 0.488000 0.968889 0.487500
0 0.976667 0.521500 0.954444 0.516500 0.941111 0.515000 0.933333 0.517500 0.928889 0.526500 0.913333 0.533500 0.920000 0.538500 0.933333 0.544000 0.943333 0.544000 0.954444 0.539000 0.978889 0.534500 0.981111 0.525000
0 0.952222 0.541000 0.940000 0.546500 0.937778 0.551000 0.938889 0.557000 0.964444 0.568500 0.977778 0.572000 0.990000 0.572500 0.995556 0.570500 1.000000 0.570500 1.000000 0.541500 0.978889 0.537500
0 0.832222 0.548500 0.832222 0.554500 0.836667 0.557000 0.855556 0.557500 0.872222 0.560000 0.892222 0.559500 0.910000 0.556500 0.918889 0.553000 0.921111 0.549000 0.920000 0.540500 0.917778 0.538000 0.906667 0.533000 0.891111 0.533000 0.864444 0.530500 0.844444 0.538500
0 0.614444 0.479500 0.595556 0.479500 0.587778 0.483500 0.580000 0.506000 0.575556 0.512000 0.575556 0.516500 0.577778 0.518000 0.587778 0.517500 0.595556 0.515500 0.612222 0.503000 0.624444 0.488000 0.624444 0.482500
0 0.641111 0.487500 0.623333 0.492000 0.607778 0.507000 0.597778 0.513500 0.601111 0.516500 0.622222 0.521500 0.640000 0.522500 0.646667 0.520000 0.660000 0.518500 0.666667 0.514000 0.667778 0.503000 0.663333 0.494500 0.653333 0.489000
0 0.682222 0.505500 0.673333 0.513500 0.671111 0.518000 0.671111 0.526000 0.682222 0.533500 0.705556 0.538500 0.728889 0.539500 0.736667 0.541500 0.744444 0.541500 0.756667 0.539500 0.767778 0.534500 0.771111 0.530500 0.770000 0.526000 0.757778 0.515000 0.750000 0.511500 0.734444 0.506500 0.712222 0.501500 0.697778 0.501500
0 0.575556 0.529000 0.580000 0.534500 0.580000 0.542500 0.583333 0.548000 0.591111 0.551500 0.604444 0.554500 0.633333 0.553000 0.648889 0.546500 0.668889 0.543000 0.675556 0.538000 0.673333 0.534000 0.658889 0.531000 0.638889 0.523500 0.617778 0.521000 0.606667 0.518500 0.586667 0.520000 0.581111 0.523000
0 0.523333 0.525000 0.512222 0.529500 0.510000 0.540000 0.504444 0.549500 0.512222 0.552500 0.534444 0.555000 0.562222 0.555500 0.570000 0.554000 0.577778 0.549000 0.578889 0.542500 0.572222 0.531500 0.561111 0.524500 0.553333 0.523000 0.537778 0.523000
0 0.453333 0.513500 0.447778 0.515000 0.444444 0.520500 0.428889 0.529000 0.434444 0.546000 0.444444 0.553000 0.453333 0.554500 0.463333 0.558500 0.474444 0.558500 0.482222 0.555500 0.494444 0.554000 0.503333 0.550000 0.506667 0.542500 0.505556 0.531000 0.500000 0.523500 0.495556 0.522500 0.492222 0.517500 0.488889 0.516000 0.468889 0.513500
0 0.420000 0.529000 0.405556 0.528500 0.382222 0.531500 0.360000 0.544000 0.352222 0.546500 0.353333 0.552000 0.358889 0.554500 0.360000 0.557000 0.380000 0.565000 0.394444 0.568500 0.406667 0.568500 0.418889 0.566500 0.428889 0.560500 0.432222 0.555500 0.437778 0.553000 0.433333 0.546000 0.431111 0.534000 0.428889 0.531500
0 0.373333 0.515000 0.362222 0.513000 0.342222 0.513000 0.320000 0.520000 0.305556 0.521000 0.302222 0.526500 0.313333 0.541000 0.333333 0.546000 0.352222 0.544500 0.372222 0.536500 0.381111 0.529500 0.380000 0.521000
0 0.274444 0.516000 0.265556 0.519500 0.253333 0.521000 0.236667 0.532500 0.235556 0.535000 0.237778 0.545500 0.243333 0.552000 0.255556 0.557000 0.267778 0.558500 0.283333 0.558000 0.298889 0.553000 0.308889 0.542500 0.308889 0.538500 0.300000 0.526000 0.283333 0.517000
0 0.185556 0.534500 0.172222 0.537000 0.151111 0.557500 0.160000 0.564500 0.168889 0.567500 0.180000 0.569000 0.197778 0.569500 0.206667 0.568500 0.222222 0.562000 0.228889 0.544500 0.222222 0.538500 0.217778 0.537000 0.201111 0.534500
0 0.133333 0.562000 0.125556 0.564000 0.101111 0.580500 0.100000 0.584500 0.105556 0.589500 0.114444 0.594000 0.138889 0.600500 0.161111 0.603000 0.176667 0.597000 0.173333 0.588000 0.181111 0.585000 0.193333 0.584000 0.194444 0.579500 0.184444 0.571500 0.166667 0.567500 0.152222 0.562000
0 0.307778 0.550500 0.287778 0.560500 0.295556 0.565000 0.298889 0.569000 0.305556 0.572500 0.328889 0.577500 0.334444 0.580500 0.343333 0.581000 0.351111 0.583000 0.360000 0.582000 0.373333 0.572500 0.370000 0.564000 0.360000 0.557000 0.347778 0.551000 0.334444 0.548000 0.316667 0.548500
0 0.237778 0.555000 0.225556 0.559500 0.220000 0.564000 0.217778 0.568000 0.220000 0.578000 0.225556 0.582500 0.243333 0.590000 0.247778 0.591000 0.272222 0.590000 0.293333 0.581500 0.298889 0.574000 0.296667 0.568000 0.283333 0.559000 0.270000 0.559500 0.257778 0.558000 0.247778 0.555000
0 0.176667 0.585500 0.172222 0.587500 0.172222 0.589000 0.178889 0.592000 0.178889 0.600000 0.186667 0.608500 0.203333 0.616000 0.218889 0.615500 0.231111 0.612500 0.240000 0.608000 0.245556 0.601000 0.244444 0.592500 0.236667 0.588000 0.222222 0.582000 0.204444 0.582000 0.194444 0.584500
0 0.300000 0.577000 0.294444 0.581000 0.276667 0.589000 0.276667 0.597500 0.284444 0.605500 0.307778 0.619500 0.331111 0.624500 0.353333 0.624500 0.361111 0.623500 0.361111 0.616500 0.355556 0.612000 0.353333 0.599000 0.337778 0.582500 0.328889 0.578000 0.318889 0.576000 0.306667 0.575500
0 0.422222 0.569500 0.416667 0.568000 0.408889 0.568000 0.374444 0.574500 0.360000 0.583500 0.360000 0.588500 0.365556 0.592000 0.375556 0.594500 0.388889 0.594000 0.414444 0.586500 0.425556 0.579000 0.425556 0.572000
0 0.406667 0.593000 0.393333 0.593000 0.380000 0.595000 0.368889 0.594000 0.357778 0.597500 0.355556 0.601500 0.356667 0.610000 0.363333 0.621500 0.366667 0.623500 0.383333 0.626500 0.396667 0.626500 0.432222 0.619500 0.432222 0.618500 0.421111 0.615000 0.407778 0.607000 0.410000 0.594500
0 0.455556 0.581500 0.442222 0.581500 0.432222 0.583000 0.415556 0.588500 0.411111 0.593000 0.408889 0.607000 0.422222 0.616000 0.437778 0.619000 0.472222 0.616500 0.482222 0.609500 0.491111 0.606500 0.491111 0.601500 0.486667 0.595000 0.472222 0.587500
0 0.502222 0.553000 0.483333 0.556000 0.474444 0.559000 0.462222 0.559500 0.456667 0.562500 0.452222 0.568000 0.454444 0.579500 0.473333 0.588500 0.485556 0.591500 0.508889 0.591000 0.517778 0.588000 0.528889 0.574500 0.528889 0.568500 0.525556 0.564000 0.510000 0.554500
0 0.556667 0.562500 0.532222 0.570000 0.527778 0.578000 0.523333 0.581000 0.520000 0.587000 0.521111 0.589500 0.527778 0.592000 0.555556 0.597500 0.587778 0.598000 0.598889 0.596000 0.611111 0.589500 0.611111 0.583000 0.601111 0.570500 0.591111 0.564000 0.581111 0.561500 0.567778 0.561000
0 0.641111 0.556500 0.626667 0.559500 0.613333 0.566500 0.608889 0.572500 0.611111 0.582500 0.615556 0.586500 0.627778 0.591000 0.645556 0.593000 0.665556 0.592500 0.683333 0.588000 0.686667 0.581000 0.685556 0.577000 0.677778 0.568500 0.666667 0.562000 0.651111 0.556500
0 0.707778 0.548000 0.693333 0.552000 0.682222 0.558500 0.678889 0.563000 0.678889 0.569500 0.690000 0.581000 0.702222 0.588000 0.727778 0.594000 0.737778 0.594500 0.750000 0.592000 0.753333 0.584500 0.760000 0.577500 0.761111 0.571000 0.753333 0.556000 0.750000 0.552500 0.734444 0.547500
0 0.787778 0.533500 0.770000 0.534500 0.757778 0.540500 0.753333 0.553500 0.756667 0.564000 0.766667 0.572000 0.767778 0.575500 0.773333 0.576500 0.806667 0.574500 0.822222 0.564500 0.830000 0.554000 0.830000 0.547500 0.825556 0.542500 0.818889 0.540000 0.807778 0.538500
0 0.807778 0.575500 0.792222 0.575000 0.778889 0.578000 0.772222 0.576000 0.766667 0.576000 0.760000 0.578000 0.754444 0.585500 0.752222 0.593500 0.754444 0.597500 0.765556 0.606500 0.777778 0.609000 0.805556 0.608500 0.816667 0.606000 0.825556 0.601500 0.828889 0.596000 0.826667 0.588000 0.814444 0.578000
0 0.712222 0.598000 0.686667 0.608000 0.685556 0.613000 0.688889 0.620000 0.695556 0.626000 0.713333 0.636500 0.734444 0.639000 0.754444 0.638500 0.768889 0.630000 0.771111 0.627000 0.771111 0.622500 0.764444 0.609000 0.753333 0.602000 0.735556 0.597500 0.725556 0.596500
0 0.662222 0.606000 0.650000 0.609000 0.634444 0.611000 0.624444 0.615500 0.616667 0.626500 0.616667 0.631000 0.622222 0.638500 0.646667 0.647000 0.663333 0.648500 0.680000 0.648000 0.685556 0.646500 0.696667 0.639000 0.695556 0.625500 0.688889 0.621000 0.681111 0.610500 0.667778 0.606000
0 0.498889 0.606500 0.495556 0.607000 0.483111 0.609700 0.471556 0.619200 0.474444 0.628000 0.475556 0.631500 0.482222 0.637500 0.491111 0.641000 0.503333 0.642500 0.535556 0.635500 0.543333 0.626000 0.542222 0.624000 0.541667 0.621850 0.537778 0.619000 0.528889 0.611000 0.511111 0.607000
0 0.551111 0.598500 0.540000 0.603500 0.533333 0.610500 0.534444 0.615500 0.540000 0.618000 0.543333 0.623000 0.550000 0.627500 0.577778 0.635000 0.591111 0.635500 0.595556 0.634500 0.603333 0.628000 0.618889 0.623000 0.620000 0.617500 0.613333 0.610000 0.600000 0.603000 0.585556 0.599000
0 0.540000 0.637000 0.531111 0.642500 0.530000 0.646500 0.532222 0.649000 0.553333 0.657500 0.571111 0.667000 0.585556 0.669000 0.602222 0.667000 0.613333 0.660000 0.616667 0.650500 0.608889 0.640000 0.597778 0.636500 0.583333 0.636500 0.571111 0.633500 0.561111 0.632500
0 0.518889 0.649500 0.510000 0.653500 0.508889 0.666000 0.513333 0.675500 0.526667 0.685500 0.533333 0.687000 0.555556 0.686000 0.571111 0.678000 0.571111 0.667500 0.531111 0.649500
0 0.435556 0.664000 0.432222 0.671000 0.436667 0.676000 0.446667 0.681500 0.473333 0.686500 0.492222 0.687500 0.501111 0.684500 0.504444 0.681000 0.506667 0.669500 0.503333 0.662000 0.494444 0.657500 0.478889 0.656500 0.461111 0.660000 0.444444 0.661500
0 0.421111 0.622500 0.403333 0.626000 0.396667 0.631000 0.393333 0.639500 0.393333 0.647500 0.403333 0.655500 0.418889 0.660500 0.436667 0.662500 0.472222 0.657000 0.481111 0.651500 0.485556 0.646500 0.481111 0.644000 0.472222 0.629500 0.461111 0.626000 0.443333 0.624000 0.438889 0.622500
0 0.395556 0.655000 0.380000 0.657500 0.371111 0.661000 0.364444 0.668000 0.360000 0.669500 0.360000 0.677000 0.364444 0.681000 0.377778 0.686500 0.395556 0.690500 0.406667 0.690500 0.415556 0.688000 0.431111 0.686000 0.434444 0.684000 0.435556 0.680500 0.432222 0.677000 0.431111 0.669000 0.425556 0.664000 0.405556 0.656000
0 0.371111 0.624500 0.355556 0.626000 0.332222 0.626000 0.324444 0.628000 0.316667 0.634500 0.315556 0.642500 0.318889 0.647000 0.343333 0.658000 0.351111 0.659000 0.362222 0.658500 0.378889 0.652500 0.381111 0.649500 0.387778 0.647000 0.391111 0.639000 0.390000 0.630500 0.385556 0.627500
0 0.298889 0.646500 0.292222 0.649000 0.286667 0.654000 0.288889 0.664500 0.295556 0.670000 0.307778 0.674500 0.314444 0.681500 0.320000 0.683500 0.326667 0.684000 0.340000 0.679000 0.345556 0.672500 0.351111 0.670000 0.351111 0.662000 0.317778 0.647000 0.311111 0.646000
0 0.285556 0.609500 0.273333 0.608500 0.252222 0.611500 0.236667 0.619000 0.227778 0.626500 0.232222 0.634000 0.236667 0.651000 0.244444 0.655500 0.268889 0.655500 0.283333 0.653500 0.303333 0.644500 0.313333 0.638000 0.317778 0.628500 0.316667 0.622500 0.298889 0.614000
0 0.197778 0.617000 0.192222 0.625500 0.184444 0.629500 0.174444 0.639000 0.187778 0.643000 0.201111 0.644500 0.212222 0.649000 0.222222 0.649000 0.231111 0.643000 0.231111 0.635500 0.227778 0.630500 0.210000 0.618500 0.205556 0.617000
0 0.171111 0.604500 0.157778 0.605000 0.151111 0.607000 0.150000 0.611500 0.142222 0.616000 0.135556 0.626000 0.134444 0.635500 0.138889 0.639500 0.152222 0.643500 0.162222 0.643500 0.175556 0.638000 0.187778 0.630000 0.195556 0.620500 0.195556 0.615000 0.186667 0.609000
0 0.131111 0.599500 0.123333 0.599500 0.116667 0.602500 0.106667 0.610500 0.097778 0.615000 0.097778 0.620500 0.106667 0.627000 0.115556 0.631000 0.127778 0.630500 0.133333 0.628500 0.137778 0.621000 0.146667 0.614500 0.151111 0.608500 0.148889 0.603000
0 0.055556 0.583500 0.045556 0.598500 0.045556 0.604500 0.050000 0.611000 0.057778 0.616000 0.076667 0.617000 0.097778 0.612500 0.105556 0.609500 0.111111 0.603500 0.110000 0.595000 0.103333 0.589500 0.091111 0.586000 0.073333 0.585000 0.067778 0.583500
0 0.007778 0.566000 0.000000 0.567500 0.000000 0.605000 0.023333 0.606500 0.040000 0.603500 0.043333 0.596000 0.047778 0.595000 0.053333 0.589000 0.054444 0.583000 0.047778 0.577000 0.034444 0.569000 0.023333 0.566500
0 0.000000 0.606000 0.000000 0.634000 0.004444 0.634000 0.015556 0.631500 0.030000 0.626000 0.034444 0.620500 0.034444 0.617000 0.023333 0.609500 0.014444 0.607000
0 0.031111 0.628500 0.022222 0.629500 0.015556 0.632500 0.000000 0.636000 0.000000 0.658500 0.004444 0.658500 0.020000 0.662000 0.033333 0.657500 0.041111 0.650500 0.041111 0.634500
0 0.000000 0.658000 0.000000 0.685500 0.006667 0.685500 0.018889 0.679000 0.017778 0.670000 0.020000 0.662500 0.006667 0.658500
0 0.016667 0.673000 0.020000 0.679000 0.026667 0.682000 0.054444 0.684000 0.066667 0.683500 0.080000 0.681000 0.103333 0.670000 0.103333 0.665500 0.092222 0.661500 0.070000 0.661500 0.050000 0.656500 0.038889 0.656500 0.020000 0.664000
0 0.055556 0.616500 0.044444 0.633500 0.045556 0.651000 0.052222 0.656000 0.065556 0.660500 0.096667 0.660500 0.106667 0.658000 0.120000 0.650000 0.118889 0.636000 0.093333 0.621000 0.082222 0.620500 0.074444 0.618500
0 0.152222 0.643500 0.143333 0.643000 0.131111 0.645500 0.103333 0.662000 0.106667 0.665500 0.105556 0.670000 0.108889 0.674000 0.117778 0.678500 0.125556 0.680500 0.135556 0.681000 0.145556 0.678500 0.153333 0.671500 0.156667 0.646000
0 0.208889 0.679000 0.203333 0.679000 0.193333 0.682000 0.177778 0.684000 0.172222 0.686000 0.153333 0.689000 0.153333 0.690000 0.166667 0.697500 0.185556 0.703500 0.198889 0.703000 0.204444 0.701500 0.214444 0.693500 0.215556 0.684000 0.213333 0.680000
0 0.194444 0.644000 0.182222 0.643500 0.174444 0.645000 0.163333 0.649500 0.157778 0.653500 0.153333 0.671500 0.147778 0.677500 0.148889 0.680000 0.154444 0.682000 0.153333 0.685500 0.155556 0.686500 0.171111 0.686000 0.200000 0.681000 0.207778 0.678000 0.217778 0.670000 0.222222 0.661500 0.221111 0.654500 0.207778 0.647500
0 0.274444 0.655000 0.245556 0.656000 0.226667 0.661000 0.222222 0.664000 0.215556 0.673500 0.215556 0.680500 0.217778 0.683500 0.230000 0.689500 0.237778 0.691500 0.256667 0.693000 0.267778 0.688500 0.274444 0.683500 0.284444 0.669500 0.284444 0.662500
0 0.230000 0.691500 0.222222 0.693500 0.201111 0.704500 0.197778 0.708000 0.198889 0.716500 0.192222 0.721500 0.191111 0.725500 0.194444 0.728500 0.204444 0.730500 0.244444 0.732000 0.264444 0.728500 0.276667 0.723500 0.280000 0.711500 0.275556 0.705000 0.256667 0.695500
0 0.148889 0.694500 0.138889 0.696500 0.136667 0.701500 0.123333 0.707500 0.116667 0.709000 0.115556 0.713000 0.127778 0.715500 0.141111 0.720000 0.153333 0.731000 0.173333 0.729000 0.182222 0.726500 0.188889 0.722500 0.191111 0.716000 0.188889 0.710000 0.180000 0.703000 0.160000 0.695500
0 0.090000 0.676000 0.077778 0.681500 0.057778 0.685500 0.058889 0.697000 0.068889 0.705000 0.080000 0.709500 0.094444 0.711500 0.112222 0.711500 0.133333 0.704000 0.141111 0.691000 0.141111 0.686500 0.134444 0.682000 0.125556 0.681000 0.106667 0.676000
0 0.021111 0.682000 0.007778 0.687000 0.004444 0.692000 0.000000 0.692500 0.000000 0.726000 0.004444 0.726000 0.014444 0.729000 0.033333 0.730000 0.040000 0.729500 0.053333 0.724000 0.057778 0.716000 0.057778 0.704000 0.052222 0.697000 0.043333 0.693500 0.038889 0.683500 0.032222 0.682000
0 0.071111 0.712500 0.055556 0.720500 0.052222 0.733500 0.055556 0.736500 0.068889 0.744000 0.080000 0.746000 0.112222 0.746500 0.124444 0.744500 0.147778 0.732500 0.147778 0.727500 0.144444 0.724000 0.127778 0.716000 0.121111 0.715500 0.110000 0.712500 0.085556 0.711500
0 0.013333 0.730500 0.005556 0.734000 0.004444 0.736500 0.000000 0.737000 0.000000 0.758000 0.004444 0.758500 0.005556 0.762000 0.010000 0.764500 0.018889 0.767000 0.032222 0.768000 0.044444 0.766000 0.060000 0.760500 0.070000 0.751500 0.071111 0.746000 0.056667 0.738500 0.052222 0.734000 0.040000 0.730000
0 0.000000 0.764000 0.000000 0.796000 0.005556 0.796000 0.013333 0.794500 0.026667 0.787500 0.032222 0.778500 0.032222 0.773000 0.025556 0.768000
0 0.052222 0.765000 0.037778 0.769000 0.034444 0.772000 0.032222 0.784500 0.035556 0.791000 0.041111 0.795000 0.046667 0.796500 0.068889 0.796000 0.074444 0.800500 0.076667 0.799000 0.074444 0.795000 0.097778 0.787500 0.098889 0.780500 0.084444 0.776000 0.073333 0.771000 0.065556 0.765500
0 0.080000 0.747500 0.070000 0.751500 0.065556 0.755500 0.065556 0.762000 0.072222 0.769500 0.083333 0.775500 0.100000 0.779000 0.116667 0.778000 0.136667 0.768000 0.137778 0.763000 0.135556 0.759000 0.110000 0.748000
0 0.195556 0.728500 0.186667 0.727500 0.153333 0.732000 0.125556 0.744500 0.125556 0.751000 0.137778 0.758500 0.152222 0.764500 0.171111 0.764500 0.193333 0.756500 0.202222 0.738000 0.202222 0.732000
0 0.247778 0.735500 0.237778 0.734500 0.231111 0.732500 0.223333 0.732500 0.203333 0.739000 0.200000 0.749500 0.194444 0.755500 0.192222 0.764000 0.188889 0.766500 0.188889 0.768500 0.194444 0.771000 0.206667 0.772000 0.230000 0.769000 0.238889 0.766000 0.248889 0.765000 0.261111 0.760000 0.266667 0.756000 0.266667 0.747500 0.258889 0.740500
0 0.173333 0.765500 0.151111 0.765500 0.143333 0.767000 0.126667 0.776000 0.114444 0.779500 0.112222 0.787500 0.116667 0.795000 0.134444 0.803000 0.150000 0.806500 0.161111 0.806500 0.178889 0.803000 0.183333 0.799000 0.166667 0.792000 0.167778 0.787000 0.186667 0.779500 0.183333 0.768500
0 0.243333 0.776000 0.227778 0.771000 0.202222 0.772500 0.171111 0.785500 0.167778 0.788500 0.168889 0.794000 0.182222 0.799000 0.205556 0.802500 0.225556 0.803000 0.241111 0.801000 0.246667 0.798500 0.251111 0.792000 0.250000 0.783000
0 0.352222 0.678500 0.347778 0.682500 0.353333 0.691000 0.354444 0.697000 0.347778 0.706500 0.355556 0.717000 0.362222 0.722000 0.370000 0.725000 0.376667 0.726000 0.394444 0.725000 0.404444 0.721500 0.411111 0.717000 0.404444 0.709500 0.406667 0.704000 0.411111 0.701500 0.410000 0.697000 0.397778 0.691000 0.383333 0.688500 0.361111 0.679500
0 0.284444 0.676500 0.277778 0.679500 0.271111 0.689000 0.280000 0.699000 0.287778 0.703000 0.314444 0.710000 0.327778 0.710000 0.338889 0.708000 0.348889 0.703500 0.353333 0.698500 0.351111 0.687500 0.343333 0.680500 0.334444 0.681000 0.326667 0.683500 0.322222 0.683500 0.313333 0.681500 0.305556 0.674500 0.300000 0.674000
0 0.291111 0.706500 0.280000 0.716500 0.281111 0.722000 0.287778 0.730000 0.293667 0.729900 0.306667 0.739600 0.324444 0.738500 0.344444 0.738500 0.351111 0.729000 0.352222 0.717000 0.351111 0.712500 0.346667 0.708500 0.342222 0.707500 0.326667 0.710000 0.316667 0.710000 0.300000 0.706000
0 0.253333 0.732000 0.254444 0.736500 0.266667 0.741500 0.272222 0.749500 0.277778 0.753000 0.300000 0.761000 0.317778 0.765500 0.327778 0.766000 0.337778 0.764000 0.350000 0.756500 0.348889 0.743500 0.344444 0.740500 0.338889 0.740500 0.335444 0.739150 0.322111 0.740050 0.305556 0.740500 0.301111 0.738500 0.294444 0.731500 0.283333 0.728000 0.275556 0.729500 0.263333 0.729500
0 0.273333 0.755500 0.255556 0.763000 0.248889 0.769500 0.246667 0.776500 0.254444 0.788000 0.268889 0.793500 0.290000 0.796000 0.303333 0.795500 0.321111 0.790500 0.326667 0.787500 0.328889 0.781500 0.325556 0.771000 0.316667 0.765500 0.282222 0.755500
0 0.403333 0.758500 0.393333 0.758000 0.376667 0.759500 0.360000 0.764000 0.352222 0.768000 0.344444 0.776000 0.336667 0.779000 0.335556 0.784000 0.351111 0.787500 0.367778 0.793500 0.375556 0.794000 0.386667 0.793500 0.395556 0.790500 0.420000 0.785500 0.427778 0.781000 0.426667 0.775000 0.415556 0.763500
0 0.351111 0.732000 0.348889 0.742000 0.353333 0.752500 0.358889 0.756500 0.371111 0.759500 0.388889 0.758500 0.405556 0.755500 0.415556 0.752500 0.428889 0.746000 0.437778 0.744500 0.442222 0.741500 0.441111 0.736000 0.436667 0.733000 0.396667 0.725000 0.387778 0.726000 0.362222 0.725500 0.354444 0.728500
0 0.506667 0.684000 0.494444 0.687500 0.486667 0.692500 0.486667 0.697500 0.490000 0.701500 0.488889 0.714500 0.504444 0.717000 0.508889 0.720000 0.518889 0.722000 0.545556 0.717500 0.554444 0.713500 0.557778 0.708000 0.557778 0.702500 0.552222 0.695000 0.543333 0.691000 0.535556 0.690000 0.518889 0.684000
0 0.653333 0.689000 0.644444 0.685500 0.634444 0.684000 0.617778 0.676000 0.604444 0.674000 0.590000 0.673500 0.574444 0.676000 0.565556 0.682500 0.556667 0.686500 0.553333 0.692500 0.554444 0.698000 0.561111 0.706000 0.570000 0.710500 0.576667 0.712000 0.594444 0.712000 0.606667 0.710500 0.632222 0.703500 0.651111 0.694000
0 0.620000 0.650000 0.615556 0.655000 0.615556 0.664000 0.618889 0.673000 0.623333 0.677500 0.648889 0.686500 0.671111 0.688000 0.680000 0.687000 0.696667 0.678500 0.703333 0.671000 0.696667 0.664000 0.680000 0.655000 0.661111 0.650000 0.641111 0.647500
0 0.744444 0.677500 0.723333 0.672500 0.707778 0.672000 0.682222 0.685000 0.678889 0.689500 0.685556 0.694500 0.693333 0.698000 0.700000 0.699000 0.711111 0.699000 0.727778 0.695000 0.741111 0.694000 0.748889 0.690000 0.752222 0.686000 0.750000 0.681500
0 0.707778 0.637000 0.696667 0.640500 0.684444 0.649000 0.685556 0.656500 0.702222 0.667500 0.711111 0.671000 0.721111 0.672500 0.735556 0.672500 0.745556 0.670000 0.766667 0.659000 0.767778 0.651500 0.761111 0.641000 0.742222 0.639000
0 0.890000 0.582500 0.881111 0.589500 0.871111 0.593000 0.867778 0.596000 0.866667 0.604000 0.868889 0.611000 0.875556 0.619500 0.883333 0.623500 0.897778 0.626500 0.910000 0.626500 0.924444 0.623500 0.941111 0.617000 0.944444 0.612500 0.944444 0.606500 0.934444 0.594500 0.921111 0.587500 0.907778 0.586000 0.900000 0.583000
0 0.941111 0.618000 0.934444 0.619500 0.922222 0.625000 0.903333 0.627500 0.900000 0.631500 0.907778 0.640500 0.927778 0.650000 0.942222 0.655000 0.953333 0.655000 0.956667 0.654000 0.961111 0.647500 0.971111 0.639000 0.970000 0.630000 0.964444 0.623000 0.953333 0.619000
0 0.882222 0.643000 0.873333 0.648500 0.864444 0.660500 0.866667 0.666000 0.891111 0.678000 0.901111 0.678500 0.920000 0.677000 0.926667 0.675000 0.924444 0.663000 0.928889 0.655000 0.927778 0.650500 0.908889 0.642000
0 0.814444 0.609000 0.785556 0.610000 0.772222 0.615000 0.774444 0.631000 0.782222 0.635000 0.794444 0.638000 0.804444 0.638500 0.824444 0.635000 0.833333 0.630500 0.840000 0.624000 0.838889 0.619000 0.822222 0.610500
0 0.771111 0.647000 0.767778 0.650000 0.768889 0.654500 0.773333 0.658500 0.786667 0.665000 0.795556 0.666000 0.801111 0.668500 0.823333 0.673000 0.836667 0.674500 0.847778 0.673500 0.855556 0.670000 0.860000 0.664000 0.858889 0.653500 0.853333 0.646000 0.845556 0.642000 0.833333 0.640500 0.786667 0.642000
0 0.777778 0.665000 0.764444 0.670000 0.756667 0.671000 0.748889 0.676000 0.747778 0.678000 0.753333 0.682500 0.752222 0.690500 0.754444 0.694000 0.778889 0.706500 0.795556 0.709500 0.812222 0.709500 0.825556 0.706500 0.834444 0.702000 0.842222 0.693000 0.841111 0.684500 0.831111 0.676500 0.823333 0.673000 0.787778 0.665500
0 0.733333 0.695000 0.721111 0.697000 0.705556 0.703500 0.702222 0.707000 0.702222 0.716500 0.696667 0.720500 0.696667 0.724500 0.727778 0.734000 0.747778 0.735000 0.766667 0.732500 0.777778 0.728500 0.784444 0.724000 0.785556 0.719000 0.784444 0.716000 0.776667 0.711000 0.766667 0.701000 0.753333 0.696000
0 0.655556 0.689500 0.652222 0.696000 0.638889 0.701000 0.634444 0.704500 0.634444 0.716000 0.636667 0.718500 0.647778 0.723500 0.655556 0.725000 0.683333 0.725000 0.694444 0.721500 0.698889 0.713000 0.695556 0.702000 0.673333 0.689000 0.665556 0.688000
0 0.596667 0.713000 0.598889 0.720000 0.595556 0.723000 0.596667 0.728500 0.588889 0.737500 0.590000 0.744500 0.595556 0.748000 0.612222 0.753000 0.638889 0.753000 0.658889 0.745000 0.660000 0.736000 0.657778 0.732500 0.653333 0.731000 0.647778 0.725000 0.624444 0.714000 0.613333 0.712000
0 0.587778 0.713000 0.568889 0.712000 0.528889 0.721000 0.520000 0.724500 0.517778 0.728000 0.517778 0.740500 0.532222 0.748500 0.543333 0.750000 0.562222 0.749500 0.583333 0.740500 0.590000 0.736000 0.594444 0.729000 0.595556 0.715500
0 0.500000 0.716000 0.487778 0.716000 0.475556 0.721500 0.451111 0.725500 0.442222 0.732000 0.443333 0.745000 0.455556 0.752000 0.465556 0.754500 0.478889 0.756000 0.492222 0.756000 0.500000 0.754000 0.503333 0.751000 0.510000 0.748500 0.513333 0.739000 0.513333 0.727500 0.506667 0.717500
0 0.445556 0.761000 0.436667 0.764000 0.435556 0.768500 0.437778 0.771500 0.433333 0.778000 0.433333 0.784000 0.448889 0.802000 0.464444 0.808500 0.478889 0.810000 0.490000 0.809000 0.500000 0.806500 0.508889 0.802500 0.514444 0.796000 0.514444 0.787500 0.497778 0.776500 0.494444 0.772000 0.481111 0.766500 0.477778 0.763000 0.474444 0.762000 0.465556 0.762500 0.457778 0.760500
0 0.578889 0.753000 0.571111 0.752000 0.555556 0.753000 0.546667 0.750500 0.535556 0.749500 0.525556 0.750000 0.517778 0.753000 0.501111 0.763000 0.496667 0.769500 0.497778 0.776000 0.506667 0.783000 0.516667 0.788000 0.526667 0.787000 0.530000 0.785000 0.555556 0.780500 0.576667 0.774500 0.584444 0.766500 0.584444 0.759500 0.581111 0.758000
0 0.585556 0.759500 0.583333 0.772000 0.594444 0.781000 0.615556 0.790000 0.627778 0.792500 0.641111 0.792500 0.652222 0.790000 0.665556 0.783500 0.672222 0.775500 0.672222 0.769500 0.668889 0.764000 0.657778 0.758000 0.641111 0.754500 0.608889 0.754500 0.595556 0.760000
0 0.681111 0.726000 0.673333 0.727500 0.663333 0.733000 0.657778 0.747500 0.664444 0.756500 0.673333 0.760500 0.700000 0.768000 0.710000 0.768500 0.724444 0.764000 0.731111 0.756500 0.732222 0.743500 0.728889 0.737500 0.724444 0.733500 0.712222 0.729000 0.698889 0.726000
0 0.815556 0.737000 0.787778 0.727000 0.777778 0.728000 0.767778 0.732500 0.755556 0.733500 0.744444 0.736000 0.733333 0.749000 0.728889 0.764000 0.742222 0.767500 0.753333 0.767500 0.761111 0.765500 0.770000 0.769000 0.782222 0.767000 0.817778 0.753500 0.822222 0.749000 0.823333 0.743500
0 0.884444 0.678000 0.861111 0.680500 0.845556 0.686500 0.842222 0.696500 0.845556 0.702500 0.855556 0.709500 0.870000 0.713500 0.885556 0.713500 0.907778 0.705500 0.917778 0.698500 0.917778 0.695000 0.898889 0.689500 0.897778 0.681500 0.893333 0.679500
0 0.837778 0.704500 0.813333 0.709500 0.798889 0.711000 0.787778 0.717000 0.787778 0.725000 0.821111 0.738000 0.840000 0.741500 0.860000 0.739000 0.867778 0.736500 0.870000 0.724500 0.862222 0.713000 0.847778 0.706000
0 0.890000 0.714500 0.881111 0.722000 0.878889 0.727000 0.880000 0.732500 0.884444 0.737000 0.907778 0.745500 0.925556 0.749000 0.944444 0.749500 0.960000 0.747000 0.978889 0.748500 0.988889 0.744500 0.975556 0.735000 0.968889 0.724500 0.960000 0.719500 0.940000 0.712000 0.927778 0.709000 0.907778 0.708500
0 0.883333 0.738000 0.867778 0.738000 0.836667 0.742000 0.826667 0.745000 0.820000 0.751000 0.818889 0.756000 0.824444 0.762500 0.834444 0.770000 0.846667 0.776000 0.854444 0.778000 0.868889 0.778500 0.877778 0.776000 0.887778 0.771500 0.907778 0.757500 0.910000 0.754000 0.908889 0.746500 0.904444 0.744000
0 0.912222 0.755500 0.888889 0.771500 0.898889 0.781000 0.915556 0.787500 0.923333 0.788500 0.954444 0.789000 0.970000 0.787500 0.978889 0.783000 0.980000 0.780500 0.978889 0.763500 0.974444 0.760000 0.961111 0.755500 0.940000 0.753000 0.925556 0.753000
0 0.795556 0.765000 0.785556 0.766000 0.778889 0.768500 0.754444 0.773000 0.745556 0.775500 0.742222 0.778500 0.745556 0.790000 0.752222 0.795500 0.768889 0.805500 0.785556 0.808500 0.810000 0.807500 0.817778 0.802000 0.821111 0.795500 0.822222 0.783000 0.813333 0.771500
0 0.458889 0.684500 0.446667 0.684500 0.423333 0.690000 0.414444 0.695000 0.413333 0.700000 0.406667 0.706000 0.405556 0.710500 0.413333 0.717000 0.431111 0.724500 0.448889 0.725000 0.470000 0.722500 0.478889 0.719500 0.485556 0.715000 0.488889 0.709500 0.488889 0.700500 0.485556 0.695000 0.473333 0.687000
0 0.667778 0.091500 0.661111 0.089500 0.648889 0.089500 0.626667 0.094000 0.612222 0.095500 0.587778 0.104000 0.586667 0.108500 0.590000 0.112500 0.603333 0.117500 0.614444 0.117000 0.630000 0.113500 0.660000 0.101500