0 0.346667 0.452174 0.334444 0.452174 0.316667 0.454348 0.304444 0.458261 0.300000 0.463043 0.301111 0.469130 0.315556 0.473913 0.323333 0.478696 0.333333 0.480435 0.342222 0.478696 0.362222 0.470870 0.370000 0.464783 0.368889 0.459130 0.361111 0.454348
0 0.022222 0.421304 0.000000 0.420870 0.000000 0.446087 0.005556 0.446087 0.014444 0.443478 0.026667 0.437391 0.025556 0.427826 0.028889 0.423043
0 0.000000 0.391739 0.000000 0.420870 0.023333 0.421739 0.034444 0.420870 0.040000 0.418261 0.044444 0.412174 0.045556 0.400435 0.041111 0.396522 0.035556 0.393913 0.025556 0.391739
0 0.571111 0.747826 0.564444 0.747826 0.557778 0.752609 0.544444 0.756957 0.524444 0.770435 0.525556 0.775652 0.532222 0.779565 0.545556 0.783043 0.561111 0.784783 0.570000 0.784348 0.577778 0.782174 0.590000 0.773478 0.591333 0.768087 0.591111 0.762174 0.575556 0.748696
0 0.000000 0.759130 0.000000 0.780870 0.006333 0.778087 0.011000 0.772478 0.014444 0.766957 0.005556 0.759130
0 0.046667 0.723913 0.038889 0.725217 0.030000 0.728696 0.018889 0.730435 0.007778 0.735652 0.005556 0.740000 0.004111 0.743174 0.002444 0.753391 0.004444 0.755652 0.011111 0.758261 0.034444 0.760870 0.051111 0.760000 0.062222 0.756957 0.073333 0.745217 0.071111 0.736087 0.074444 0.732174 0.068889 0.731739 0.055556 0.726087
0 0.325556 0.431739 0.322222 0.433913 0.321111 0.443913 0.323333 0.446957 0.328889 0.449565 0.341111 0.451739 0.366667 0.453478 0.375556 0.451739 0.385556 0.452174 0.390000 0.450870 0.395556 0.445652 0.397778 0.439565 0.396667 0.434348 0.391111 0.431304 0.382222 0.430000 0.355556 0.429565 0.344444 0.426087
0 0.265556 0.505217 0.252222 0.504783 0.235556 0.506522 0.223333 0.510870 0.214444 0.516087 0.213333 0.523913 0.223333 0.533043 0.235556 0.536522 0.244444 0.537391 0.255556 0.536522 0.265556 0.534348 0.280000 0.528261 0.284444 0.513478 0.280000 0.509565
0 0.050000 0.997826 0.050000 1.000000 0.097556 1.000000 0.102778 0.996391 0.098889 0.995217 0.070000 0.995217
0 0.124444 0.967826 0.115556 0.966522 0.104444 0.966957 0.062222 0.972609 0.054444 0.976957 0.054444 0.981739 0.064444 0.988261 0.083333 0.993913 0.098889 0.994348 0.112222 0.992609 0.122222 0.987826 0.130000 0.980435 0.130000 0.970435
0 0.103222 0.997696 0.098889 1.000000 0.153333 1.000000 0.153333 0.997826 0.137778 0.994348 0.127778 0.990435 0.124444 0.990435 0.115222 0.994217 0.107444 0.995652
0 0.330000 0.990435 0.326667 0.988261 0.312222 0.983913 0.303333 0.983478 0.284444 0.985652 0.272222 0.989130 0.263333 0.996957 0.263333 1.000000 0.332222 1.000000
0 0.331111 0.989130 0.331111 1.000000 0.402222 1.000000 0.402222 0.994783 0.394444 0.986957 0.387778 0.983913 0.375556 0.981304 0.356667 0.981304 0.341111 0.984783
0 0.291111 0.957391 0.276667 0.955652 0.264444 0.956087 0.254444 0.958261 0.245556 0.961739 0.231111 0.970000 0.231111 0.978696 0.240000 0.984783 0.243333 0.985652 0.275556 0.986522 0.290000 0.984348 0.307778 0.978261 0.311111 0.975217 0.311111 0.966522 0.303333 0.961739
0 0.346667 0.953478 0.341111 0.953913 0.334444 0.956087 0.313333 0.957391 0.308889 0.958696 0.308889 0.963913 0.312222 0.968696 0.310000 0.978696 0.313333 0.983043 0.323333 0.985652 0.340000 0.985217 0.350000 0.982609 0.355556 0.979130 0.354444 0.954783
0 0.360000 0.954348 0.356667 0.956957 0.356667 0.967391 0.362222 0.976087 0.376667 0.981304 0.392222 0.983478 0.405556 0.982609 0.415556 0.980435 0.432222 0.971739 0.432222 0.966522 0.427778 0.962174 0.418889 0.959130 0.403333 0.956087 0.368889 0.953913
0 0.498889 0.985217 0.482222 0.976522 0.467778 0.972174 0.451111 0.970870 0.434444 0.972609 0.427778 0.974348 0.408889 0.983043 0.405556 0.988696 0.404444 1.000000 0.491111 1.000000 0.491111 0.998261 0.497778 0.995652 0.500000 0.993043
0 0.437778 0.949130 0.431111 0.952174 0.428889 0.954783 0.430000 0.960870 0.433333 0.963913 0.450000 0.969130 0.473333 0.973478 0.485556 0.973043 0.503333 0.960000 0.503333 0.955652 0.497778 0.950870 0.487778 0.948261 0.468889 0.946522 0.454444 0.946522
0 0.430000 0.929565 0.416667 0.926957 0.400000 0.927391 0.386667 0.929565 0.370000 0.934348 0.354444 0.940435 0.344444 0.942174 0.344444 0.948261 0.351111 0.950870 0.381111 0.954783 0.398889 0.954783 0.427778 0.951739 0.437778 0.947826 0.440000 0.943913 0.438889 0.938696
0 0.254444 0.935217 0.248889 0.940870 0.250000 0.945652 0.254444 0.948696 0.272222 0.955217 0.293333 0.957391 0.307778 0.957391 0.312222 0.956522 0.327778 0.956957 0.337778 0.955217 0.341111 0.950870 0.328889 0.946957 0.331111 0.940000 0.328889 0.935652 0.305556 0.928696 0.293333 0.927826 0.275556 0.928261 0.266667 0.930000
0 0.531111 0.997826 0.524444 0.992609 0.520000 0.990870 0.513333 0.990435 0.504444 0.992174 0.500000 0.995652 0.493333 0.997826 0.493333 1.000000 0.531111 1.000000
0 0.585556 0.970000 0.554444 0.972609 0.530000 0.983043 0.525556 0.988261 0.526667 0.993913 0.532222 0.996522 0.542222 0.997826 0.543333 1.000000 0.572222 1.000000 0.572222 0.998261 0.588889 0.991739 0.592222 0.984348 0.587778 0.978261 0.590000 0.974348
0 0.573333 0.962609 0.546667 0.960870 0.534444 0.958261 0.521111 0.958261 0.505556 0.960000 0.494444 0.966087 0.487778 0.973478 0.490000 0.978696 0.498889 0.984783 0.507778 0.987391 0.524444 0.987391 0.545556 0.976522 0.555667 0.971826 0.577667 0.970130 0.580444 0.969783 0.579778 0.968522
0 0.596667 0.973913 0.591111 0.977826 0.592222 0.986087 0.591222 0.987826 0.612222 0.993478 0.631778 0.996348 0.645889 0.996261 0.656444 0.994739 0.666444 0.989739 0.670444 0.984565 0.670000 0.978043 0.668889 0.973913 0.660000 0.970435 0.635556 0.970000
0 0.648000 0.996913 0.638667 0.997435 0.629111 1.000000 0.679889 1.000000 0.672444 0.998348 0.663889 0.997261 0.657778 0.996478
0 0.680000 0.971739 0.673333 0.974783 0.673333 0.982609 0.676667 0.988261 0.685556 0.995652 0.693333 0.998261 0.700667 0.999435 0.712667 0.999522 0.722222 0.998261 0.737778 0.993478 0.743333 0.989565 0.744444 0.983913 0.740000 0.978261 0.732222 0.974348 0.716667 0.970000 0.694444 0.970000
0 0.836667 0.991739 0.830000 0.983913 0.821111 0.978696 0.805556 0.976087 0.785556 0.976087 0.760000 0.979565 0.746667 0.982609 0.744444 0.991304 0.735556 0.997826 0.735556 1.000000 0.834444 1.000000
0 0.933000 0.997478 0.926000 0.993391 0.918444 0.988739 0.906667 0.985652 0.898889 0.985652 0.893333 0.986522 0.871111 0.993913 0.862222 0.997826 0.862222 1.000000 0.934444 1.000000
0 0.825556 0.966522 0.821111 0.973913 0.821111 0.978696 0.828889 0.983478 0.837778 0.994348 0.844444 0.996087 0.865556 0.995652 0.877778 0.992609 0.890000 0.984783 0.891111 0.981739 0.888889 0.978696 0.883333 0.976087 0.850000 0.967826 0.835556 0.965652
0 0.896667 0.964783 0.890000 0.969565 0.888889 0.975217 0.897778 0.983913 0.914444 0.986087 0.934444 0.990435 0.945556 0.990000 0.957889 0.985435 0.960333 0.981174 0.959556 0.977565 0.958111 0.973826 0.946778 0.970522 0.923333 0.964348 0.902222 0.963913
0 0.863333 0.940435 0.857778 0.941304 0.853333 0.943478 0.852222 0.950435 0.838889 0.958696 0.838889 0.964348 0.841111 0.966087 0.854444 0.969130 0.873333 0.970000 0.886667 0.968696 0.893333 0.966522 0.902222 0.959565 0.903333 0.953478 0.901111 0.950870 0.891111 0.946087 0.880000 0.943043
0 0.898889 0.930870 0.892222 0.932174 0.885556 0.935217 0.883333 0.939130 0.885556 0.943478 0.902222 0.951739 0.906667 0.956957 0.915556 0.959565 0.925556 0.960435 0.935556 0.958696 0.946667 0.954783 0.961111 0.943043 0.961111 0.935652 0.946667 0.930435 0.938889 0.929565
0 0.794444 0.931304 0.782222 0.935217 0.775556 0.941739 0.773333 0.948261 0.777778 0.953913 0.793333 0.959130 0.794444 0.963043 0.805556 0.964783 0.814444 0.962174 0.835556 0.960000 0.848889 0.953913 0.853333 0.946087 0.850000 0.941304 0.820000 0.932609 0.811111 0.931304
0 0.750000 0.951739 0.737778 0.953913 0.727778 0.960000 0.725556 0.962609 0.725556 0.971304 0.731111 0.974783 0.744444 0.979565 0.757778 0.980000 0.776667 0.977826 0.786667 0.975652 0.794444 0.971304 0.796667 0.964783 0.793333 0.959565 0.786667 0.956087 0.773333 0.953043
0 0.827778 0.913913 0.820000 0.915652 0.812222 0.919565 0.814444 0.928696 0.821111 0.933043 0.834444 0.937391 0.852222 0.940870 0.856667 0.940870 0.874444 0.936957 0.882222 0.933913 0.888889 0.928261 0.888889 0.919565 0.882222 0.915652 0.874444 0.913478 0.861111 0.912174 0.844444 0.912174
0 0.955556 0.900870 0.938889 0.896957 0.926667 0.895652 0.911111 0.896957 0.901111 0.905652 0.885556 0.911739 0.884444 0.916087 0.890000 0.922174 0.888889 0.927826 0.892222 0.929565 0.918889 0.930000 0.943333 0.928261 0.953333 0.924348 0.965556 0.917826 0.970000 0.913043 0.970000 0.908261 0.965556 0.904783
0 0.852222 0.878696 0.836667 0.882609 0.824444 0.887391 0.817778 0.892609 0.818889 0.896957 0.824444 0.903478 0.831111 0.906522 0.846667 0.910435 0.861111 0.912174 0.875556 0.912609 0.890000 0.910000 0.903333 0.904783 0.910000 0.897391 0.910000 0.891304 0.902222 0.885652 0.870000 0.878696
0 0.967778 0.866522 0.954444 0.863913 0.933333 0.863043 0.911111 0.866087 0.894444 0.873043 0.891111 0.876957 0.913333 0.891739 0.927778 0.892174 0.946667 0.890870 0.965556 0.887391 0.972222 0.884783 0.977778 0.879565 0.977778 0.871739
0 0.845556 0.845652 0.826667 0.856087 0.827778 0.861739 0.835556 0.866957 0.837778 0.873043 0.841111 0.874783 0.855556 0.877826 0.875556 0.877826 0.895556 0.872609 0.910000 0.865652 0.910000 0.856522 0.897778 0.850435 0.885556 0.847826 0.856667 0.845217
0 0.747778 0.865652 0.745556 0.869565 0.763333 0.876522 0.776667 0.885652 0.784444 0.887826 0.796667 0.888261 0.817778 0.884783 0.827778 0.880870 0.835556 0.875217 0.836667 0.872174 0.833333 0.865217 0.821111 0.860000 0.815556 0.859130 0.772222 0.858696 0.764444 0.860000
0 0.715556 0.868696 0.693333 0.880870 0.695556 0.889130 0.714444 0.896522 0.723333 0.898696 0.741111 0.899130 0.767778 0.896087 0.775556 0.893043 0.780000 0.888261 0.764444 0.876087 0.740000 0.867391 0.722222 0.867391
0 0.782222 0.889565 0.765556 0.896087 0.741111 0.899130 0.733333 0.902609 0.732222 0.905652 0.733333 0.908261 0.744444 0.913913 0.757778 0.916087 0.774444 0.921304 0.788889 0.922609 0.808889 0.920000 0.818889 0.916087 0.823333 0.910000 0.823333 0.901304 0.816667 0.895217 0.797778 0.890000
0 0.735556 0.913043 0.716667 0.915652 0.704444 0.919565 0.707778 0.923913 0.716667 0.926957 0.730000 0.933913 0.730000 0.936522 0.707778 0.944783 0.706667 0.947826 0.714444 0.950000 0.731111 0.951304 0.751111 0.949130 0.768889 0.944348 0.775556 0.941304 0.782222 0.933913 0.780000 0.925652 0.772222 0.920435 0.756667 0.915652 0.744444 0.913478
0 0.646667 0.927391 0.647778 0.932174 0.657778 0.942174 0.673333 0.945652 0.706667 0.945217 0.727778 0.939565 0.732222 0.936957 0.730000 0.931739 0.717778 0.926087 0.701111 0.920870 0.685556 0.918696 0.663333 0.919565 0.653333 0.923043
0 0.673333 0.946957 0.653333 0.962609 0.660000 0.968696 0.674444 0.972174 0.696667 0.970000 0.718889 0.969130 0.723333 0.966957 0.723333 0.961739 0.713333 0.951304 0.707778 0.948261 0.695556 0.945217 0.684444 0.945217
0 0.665556 0.950870 0.658889 0.947826 0.651111 0.946957 0.643333 0.947391 0.634444 0.950000 0.612222 0.953478 0.601111 0.957391 0.588889 0.960000 0.587778 0.963913 0.592222 0.967826 0.605556 0.971739 0.614444 0.971304 0.633333 0.967391 0.660000 0.958696 0.664444 0.955217
0 0.626667 0.925652 0.617778 0.926522 0.590000 0.935217 0.604444 0.942174 0.610000 0.949130 0.614444 0.951739 0.630000 0.950435 0.648889 0.946522 0.654444 0.940000 0.645556 0.930000 0.640000 0.927826
0 0.595556 0.937391 0.580000 0.934783 0.564444 0.935217 0.550000 0.937391 0.540000 0.941739 0.534444 0.947826 0.534444 0.956522 0.536667 0.959130 0.544444 0.960870 0.571111 0.960870 0.594444 0.958261 0.604444 0.955217 0.611111 0.951739 0.611111 0.949130 0.603333 0.940870
0 0.443333 0.933478 0.441111 0.936087 0.444444 0.939130 0.461111 0.944783 0.498889 0.949565 0.516667 0.949130 0.516667 0.941739 0.505556 0.934783 0.495556 0.931739 0.475556 0.928696 0.451111 0.930000
0 0.513333 0.907826 0.493333 0.913043 0.477778 0.923478 0.475556 0.927826 0.480000 0.930000 0.500000 0.933478 0.514444 0.940435 0.526667 0.940435 0.540000 0.937826 0.545556 0.935217 0.551111 0.927826 0.550000 0.923913 0.540000 0.913913 0.524444 0.908261
0 0.485556 0.898696 0.464444 0.899130 0.456667 0.897826 0.448889 0.898261 0.433333 0.901304 0.420000 0.906522 0.413333 0.911304 0.411111 0.916087 0.418889 0.921739 0.428889 0.925652 0.443333 0.929130 0.454444 0.929565 0.467778 0.928261 0.475556 0.925652 0.492222 0.912609 0.487778 0.907826 0.491111 0.900000
0 0.534444 0.903478 0.535556 0.910435 0.552222 0.924783 0.573333 0.930870 0.598889 0.931304 0.605556 0.930435 0.617778 0.925652 0.630000 0.916522 0.631111 0.910870 0.626667 0.906522 0.617778 0.902609 0.595556 0.897391 0.574444 0.896087 0.553333 0.902609
0 0.664444 0.888261 0.655556 0.894348 0.640000 0.901739 0.640000 0.910000 0.653333 0.915652 0.664444 0.918261 0.693333 0.919565 0.705556 0.918696 0.724444 0.911304 0.726667 0.903478 0.723333 0.899565 0.695556 0.889130 0.686667 0.887826
0 0.572222 0.872609 0.573333 0.876957 0.582222 0.884783 0.583333 0.891739 0.593333 0.896957 0.616667 0.902174 0.626667 0.903043 0.638889 0.901304 0.657778 0.892609 0.661111 0.889565 0.657778 0.883913 0.641111 0.878696 0.624444 0.870870 0.612222 0.869565 0.593333 0.869565 0.578889 0.870870
0 0.516667 0.874783 0.510000 0.877391 0.505556 0.881304 0.507778 0.890870 0.516667 0.898261 0.535556 0.902609 0.556667 0.901739 0.572222 0.896522 0.580000 0.890000 0.581111 0.883913 0.575556 0.878261 0.570000 0.875217 0.558889 0.873043 0.533333 0.873043
0 0.615556 0.853478 0.621111 0.869130 0.646667 0.880870 0.658889 0.883043 0.675556 0.883913 0.688889 0.881739 0.707778 0.873478 0.711111 0.869565 0.708889 0.866957 0.691111 0.859130 0.668889 0.853043 0.657778 0.851739 0.624444 0.850870
0 0.426667 0.888696 0.421111 0.889565 0.392222 0.890000 0.382222 0.891304 0.370000 0.894348 0.365556 0.897391 0.351111 0.902174 0.348889 0.903913 0.351111 0.907391 0.374444 0.917826 0.383333 0.918696 0.392222 0.918261 0.411111 0.913043 0.431111 0.900435
0 0.306667 0.910000 0.301111 0.913913 0.297778 0.919130 0.297778 0.925217 0.303333 0.928696 0.324444 0.934348 0.341111 0.936087 0.365556 0.934348 0.380000 0.931304 0.382222 0.926522 0.377778 0.920000 0.363333 0.912174 0.351111 0.907391 0.340000 0.905652 0.322222 0.905217 0.316667 0.906087
0 0.252222 0.895652 0.240000 0.899565 0.234444 0.903478 0.221111 0.908696 0.218889 0.916087 0.226667 0.921304 0.238889 0.925217 0.265556 0.928696 0.277778 0.927391 0.292222 0.923478 0.296667 0.920435 0.298889 0.913913 0.292222 0.907391 0.283333 0.903478 0.280000 0.899130 0.272222 0.896957
0 0.290000 0.876522 0.282222 0.879565 0.280000 0.887826 0.282222 0.891739 0.304444 0.902174 0.312222 0.903913 0.328889 0.905217 0.345556 0.905217 0.365556 0.896957 0.367778 0.893913 0.363333 0.883913 0.352222 0.876087 0.336667 0.873043 0.321111 0.872609 0.305556 0.873478
0 0.366667 0.858696 0.358889 0.864348 0.354444 0.871304 0.354444 0.876522 0.366667 0.887391 0.372222 0.889565 0.381111 0.890870 0.417778 0.889565 0.433333 0.887391 0.451111 0.877391 0.451111 0.873478 0.444444 0.869130 0.441111 0.863478 0.432222 0.860870 0.396667 0.856957 0.377778 0.857391
0 0.448889 0.860000 0.446667 0.866522 0.450000 0.870000 0.460000 0.873913 0.473333 0.875652 0.495556 0.875652 0.510000 0.874348 0.516667 0.871739 0.523333 0.863478 0.523333 0.859130 0.520000 0.856087 0.511111 0.853043 0.496667 0.850870 0.484444 0.850870 0.452222 0.858261
0 0.483333 0.835652 0.468889 0.832609 0.452222 0.832609 0.437778 0.834783 0.420000 0.839565 0.407778 0.849565 0.405556 0.853043 0.407778 0.857391 0.416667 0.859565 0.435556 0.860000 0.451111 0.858696 0.470000 0.854783 0.483333 0.850000 0.488889 0.845217 0.490000 0.841739
0 0.343333 0.843913 0.325556 0.843913 0.287778 0.853043 0.277778 0.860435 0.278889 0.866087 0.283333 0.870000 0.304444 0.873043 0.336667 0.872609 0.348889 0.870870 0.355556 0.868261 0.362222 0.861304 0.363333 0.856957 0.355556 0.849565
0 0.201111 0.859565 0.196667 0.864348 0.197778 0.869565 0.207778 0.875652 0.220000 0.880000 0.235556 0.882174 0.255556 0.882609 0.263333 0.881304 0.273333 0.877391 0.280000 0.870435 0.278889 0.865217 0.273333 0.860435 0.262222 0.856522 0.247778 0.854348 0.224444 0.853478 0.214444 0.855217
0 0.175556 0.883478 0.170000 0.886087 0.160000 0.894783 0.163333 0.904348 0.170000 0.909130 0.181111 0.913043 0.192222 0.914348 0.210000 0.913913 0.216667 0.912174 0.236667 0.900870 0.231111 0.892609 0.221111 0.888261 0.203333 0.884348 0.193333 0.883043
0 0.174444 0.914783 0.155556 0.927391 0.154444 0.932174 0.156667 0.936957 0.161111 0.939130 0.173333 0.941739 0.195556 0.942174 0.203333 0.941304 0.215556 0.938696 0.226667 0.934348 0.231111 0.929565 0.230000 0.923913 0.215556 0.916522 0.206667 0.915217
0 0.113333 0.933043 0.105556 0.934783 0.097778 0.939565 0.092222 0.946957 0.100000 0.963478 0.111111 0.966087 0.127778 0.966087 0.135556 0.964783 0.157778 0.955217 0.162222 0.951304 0.162222 0.946087 0.158889 0.942609 0.145556 0.937391 0.125556 0.933478
0 0.053333 0.941739 0.025556 0.944783 0.012222 0.951739 0.008889 0.959565 0.012222 0.963043 0.026667 0.969130 0.043333 0.972174 0.057778 0.972609 0.076667 0.970000 0.084444 0.967391 0.095556 0.960000 0.095556 0.954348 0.091111 0.950000 0.075556 0.944348 0.064444 0.942174
0 0.000000 0.928696 0.000000 0.956957 0.005556 0.956957 0.011111 0.951739 0.022222 0.946957 0.023333 0.942609 0.022222 0.939130 0.015556 0.933043 0.005556 0.928696
0 0.062222 0.909130 0.048889 0.907826 0.034444 0.907826 0.007778 0.923913 0.006667 0.928696 0.018889 0.936087 0.024444 0.943478 0.036667 0.943478 0.061111 0.939130 0.071111 0.935217 0.086667 0.924348 0.086667 0.918696 0.084444 0.916522 0.075556 0.912174
0 0.000000 0.902609 0.000000 0.925217 0.005556 0.925217 0.023333 0.916087 0.031111 0.907391 0.025556 0.904348
0 0.090000 0.887391 0.083333 0.884348 0.076667 0.883043 0.052222 0.883043 0.038889 0.885652 0.005556 0.896957 0.011111 0.900870 0.037778 0.906957 0.052222 0.907826 0.070000 0.907391 0.078889 0.906087 0.090000 0.901304 0.092222 0.897826
0 0.111111 0.899130 0.090000 0.903478 0.081111 0.906957 0.078889 0.913043 0.086667 0.918261 0.091111 0.923913 0.104444 0.930870 0.135556 0.935217 0.145556 0.935217 0.164444 0.920435 0.164444 0.915652 0.160000 0.908261 0.145556 0.901304 0.134444 0.898696 0.124444 0.897826
0 0.108889 0.867391 0.093333 0.872609 0.090000 0.875652 0.092222 0.883478 0.101111 0.890000 0.113333 0.894783 0.124444 0.896957 0.136667 0.897391 0.157778 0.893913 0.165556 0.890435 0.175556 0.880870 0.176667 0.876522 0.172222 0.873043 0.156667 0.869130 0.138889 0.866522
0 0.075556 0.848261 0.064444 0.847391 0.055556 0.848261 0.040000 0.851739 0.017778 0.862609 0.013333 0.869565 0.026667 0.880000 0.050000 0.881739 0.064444 0.880870 0.085556 0.876087 0.102222 0.869130 0.105556 0.865652 0.104444 0.860435 0.095556 0.854783
0 0.000000 0.869130 0.000000 0.893478 0.005556 0.893478 0.022222 0.888261 0.026667 0.880435 0.024444 0.876957 0.017778 0.873478 0.005556 0.869130
0 0.000000 0.828696 0.000000 0.865217 0.005556 0.865217 0.016667 0.862174 0.036667 0.852174 0.038889 0.850000 0.038889 0.841739 0.035556 0.837826 0.025556 0.832174 0.015556 0.829565
0 0.175556 0.835652 0.164444 0.839130 0.157778 0.838261 0.151111 0.838696 0.132222 0.846522 0.125556 0.852609 0.125556 0.858696 0.132222 0.864348 0.138889 0.866522 0.163333 0.870435 0.176667 0.870435 0.187778 0.866522 0.197778 0.855652 0.196667 0.847391 0.183333 0.841739 0.180000 0.836957
0 0.134444 0.815652 0.123333 0.813913 0.112222 0.813913 0.102222 0.815217 0.077778 0.823913 0.071111 0.829565 0.068889 0.835652 0.072222 0.845652 0.082222 0.850000 0.092222 0.850435 0.130000 0.845652 0.137778 0.843913 0.152222 0.836957 0.155556 0.831739 0.154444 0.824783 0.152222 0.822609
0 0.098889 0.806957 0.078889 0.800870 0.068889 0.799565 0.034444 0.800870 0.021111 0.803478 0.008889 0.809565 0.011111 0.819130 0.021111 0.824348 0.033333 0.826522 0.057778 0.826957 0.066667 0.826087 0.081111 0.822609 0.095556 0.816522 0.101111 0.811304
0 0.195556 0.796087 0.185556 0.796522 0.176667 0.795217 0.170000 0.796087 0.141111 0.807826 0.137778 0.813043 0.138889 0.816522 0.147778 0.820435 0.162222 0.824348 0.178889 0.823913 0.202222 0.812609 0.204444 0.802174
0 0.232222 0.815217 0.197778 0.815652 0.182222 0.823043 0.181111 0.838261 0.183333 0.841304 0.195556 0.846087 0.200000 0.850435 0.205556 0.852174 0.215556 0.852174 0.235556 0.848261 0.250000 0.841304 0.252222 0.833478 0.255556 0.830435 0.254444 0.822609 0.248889 0.818261
0 0.281111 0.822609 0.270000 0.824348 0.256667 0.829130 0.252222 0.833478 0.251111 0.845652 0.254444 0.848261 0.258889 0.849130 0.274444 0.849565 0.284444 0.851304 0.296667 0.850870 0.316667 0.846522 0.325556 0.843478 0.331111 0.838696 0.330000 0.833913 0.307778 0.824348 0.295556 0.822609
0 0.056667 0.760870 0.036667 0.762174 0.021111 0.767391 0.020000 0.771304 0.007778 0.778696 0.005556 0.783043 0.006667 0.790870 0.016667 0.794783 0.033333 0.796957 0.055556 0.796957 0.068889 0.794348 0.074444 0.791304 0.077778 0.785652 0.073333 0.779130 0.065556 0.773043 0.065556 0.770870 0.070000 0.767826 0.068889 0.764348 0.064444 0.762174
0 0.152222 0.778696 0.142222 0.777391 0.122222 0.776957 0.106667 0.779565 0.090000 0.787391 0.085556 0.790870 0.083333 0.796087 0.085556 0.801739 0.097778 0.805652 0.106667 0.806957 0.133333 0.806957 0.146667 0.805217 0.156667 0.802174 0.171111 0.794348 0.172222 0.789565 0.161111 0.781739
0 0.238889 0.785652 0.214444 0.783913 0.198889 0.786522 0.192222 0.789565 0.191111 0.791304 0.204444 0.803478 0.203333 0.814348 0.223333 0.814783 0.236667 0.813478 0.251111 0.807826 0.260000 0.801304 0.262222 0.797826 0.258889 0.792174
0 0.273333 0.795217 0.264444 0.797391 0.248889 0.809565 0.251111 0.815652 0.258889 0.819130 0.272222 0.821304 0.286667 0.822174 0.303333 0.821739 0.307778 0.818696 0.310000 0.808261 0.316667 0.803043 0.313333 0.799130 0.310000 0.797391 0.298889 0.795217 0.288889 0.794348
0 0.333333 0.798696 0.321111 0.800870 0.310000 0.806522 0.307778 0.810000 0.308889 0.823043 0.315556 0.827826 0.326667 0.831739 0.333333 0.833043 0.356667 0.832609 0.373333 0.830000 0.382222 0.826087 0.384444 0.823478 0.382222 0.810870 0.373333 0.803913 0.365556 0.801304 0.346667 0.798696
0 0.335556 0.833913 0.334444 0.839130 0.337778 0.842174 0.351111 0.847391 0.365556 0.856522 0.373333 0.857391 0.387778 0.856957 0.400000 0.854783 0.415556 0.842609 0.416667 0.837826 0.408889 0.833478 0.396667 0.830870 0.370000 0.830870
0 0.406667 0.802174 0.394444 0.803913 0.387778 0.806522 0.384444 0.809565 0.386667 0.822609 0.396667 0.830435 0.410000 0.833478 0.418889 0.836957 0.426667 0.837826 0.435556 0.835217 0.451111 0.832609 0.456667 0.830435 0.463333 0.823043 0.462222 0.810435 0.455556 0.805652 0.444444 0.802609 0.435556 0.801739
0 0.504444 0.811739 0.481111 0.815217 0.471111 0.818696 0.466667 0.823478 0.467778 0.830870 0.485556 0.836957 0.491111 0.843478 0.494444 0.844783 0.513333 0.848261 0.525556 0.848261 0.535556 0.843913 0.545556 0.831304 0.543333 0.821739 0.535556 0.816522 0.526667 0.813478 0.515556 0.811739
0 0.551111 0.827391 0.542222 0.836087 0.537778 0.845652 0.552222 0.852609 0.574444 0.856087 0.597778 0.856087 0.610000 0.854348 0.627778 0.849130 0.631111 0.846957 0.630000 0.841739 0.622222 0.833478 0.615556 0.830870 0.597778 0.826522 0.587778 0.825217 0.563333 0.824783
0 0.528889 0.802174 0.525556 0.805652 0.526667 0.812609 0.550000 0.823043 0.560000 0.824348 0.601111 0.824348 0.616667 0.822174 0.621111 0.814783 0.618889 0.806957 0.612222 0.800435 0.595556 0.793043 0.584444 0.791304 0.571111 0.791304 0.556667 0.792609 0.538889 0.797391
0 0.504444 0.782174 0.494444 0.781304 0.483333 0.782609 0.474444 0.788261 0.458889 0.794783 0.457778 0.806087 0.461111 0.809565 0.467778 0.812609 0.488889 0.813478 0.511111 0.810435 0.522222 0.806522 0.534444 0.799130 0.533333 0.794783 0.526667 0.788696 0.513333 0.783913
0 0.477778 0.773478 0.468889 0.768696 0.454444 0.766522 0.443333 0.766522 0.404444 0.772174 0.395556 0.775217 0.383333 0.782609 0.384444 0.787391 0.398889 0.790000 0.406667 0.793478 0.416667 0.794783 0.437778 0.794783 0.456667 0.793478 0.472222 0.789130 0.480000 0.783913
0 0.318889 0.775217 0.313333 0.777826 0.306667 0.784783 0.307778 0.795652 0.314444 0.799565 0.325556 0.800870 0.335556 0.798696 0.354444 0.800000 0.370000 0.798696 0.377778 0.793043 0.381111 0.787826 0.380000 0.782174 0.376667 0.779130 0.366667 0.775652 0.351111 0.773913 0.334444 0.773478
0 0.253333 0.750870 0.246667 0.753043 0.233333 0.764348 0.233333 0.774783 0.242222 0.785652 0.254444 0.790435 0.261111 0.791739 0.274444 0.791739 0.291111 0.789130 0.302222 0.785652 0.308889 0.780870 0.312222 0.773913 0.301111 0.764348 0.290000 0.758696 0.282222 0.756522 0.265556 0.755217
0 0.361111 0.747391 0.346667 0.745217 0.328889 0.744348 0.313333 0.746087 0.304444 0.749130 0.300000 0.755217 0.300000 0.761739 0.304444 0.767391 0.314444 0.773478 0.325556 0.774348 0.342222 0.773043 0.368889 0.766522 0.380000 0.755652 0.375556 0.751739
0 0.362222 0.743913 0.365556 0.748261 0.374444 0.750870 0.387778 0.758261 0.411111 0.763043 0.424444 0.764348 0.436667 0.763913 0.451111 0.761304 0.460000 0.756522 0.465556 0.750000 0.465556 0.742609 0.460000 0.737391 0.447778 0.733043 0.427778 0.730000 0.402222 0.730000 0.394444 0.731304
0 0.520000 0.746957 0.503333 0.746522 0.494444 0.748261 0.488889 0.751304 0.484444 0.758696 0.484444 0.767826 0.487778 0.771739 0.494444 0.773913 0.506667 0.773913 0.521111 0.771739 0.542222 0.760000 0.542222 0.755652 0.536667 0.751739
0 0.588889 0.774783 0.581111 0.779130 0.580000 0.782609 0.584444 0.789565 0.616667 0.802174 0.625556 0.803478 0.644444 0.803478 0.661111 0.796522 0.670000 0.789565 0.671111 0.786957 0.664444 0.780000 0.653333 0.776087 0.635556 0.775217 0.620000 0.771739 0.604444 0.771739
0 0.717778 0.798261 0.700000 0.793043 0.684444 0.792174 0.666667 0.793913 0.650000 0.801304 0.643333 0.806087 0.643333 0.811739 0.647778 0.815217 0.650000 0.820435 0.681111 0.823043 0.692222 0.823043 0.703333 0.821304 0.721111 0.814783 0.724444 0.811304 0.724444 0.802174
0 0.641111 0.823913 0.630000 0.828696 0.625556 0.833478 0.630000 0.842174 0.638889 0.848696 0.645556 0.850870 0.662222 0.852174 0.675556 0.851739 0.687778 0.850000 0.698889 0.845217 0.702222 0.841739 0.702222 0.836522 0.695556 0.829130 0.683333 0.823913 0.674444 0.822174 0.654444 0.821739
0 0.710000 0.837826 0.704444 0.839565 0.700000 0.844783 0.690000 0.849565 0.687778 0.853478 0.688889 0.857826 0.712222 0.867391 0.742222 0.866522 0.761111 0.858696 0.763333 0.853043 0.758889 0.846957 0.752222 0.842174 0.745556 0.840000 0.716667 0.837391
0 0.782222 0.828696 0.758889 0.837826 0.756667 0.843043 0.761111 0.850000 0.770000 0.854783 0.784444 0.858261 0.792222 0.859130 0.816667 0.858261 0.828889 0.854348 0.837778 0.849565 0.842222 0.842174 0.840000 0.836087 0.827778 0.830870 0.814444 0.828696
0 0.731111 0.810870 0.700000 0.822609 0.697778 0.824783 0.697778 0.831304 0.703333 0.835652 0.710000 0.836957 0.723333 0.837826 0.756667 0.836957 0.768889 0.833913 0.775556 0.830870 0.777778 0.827826 0.775556 0.822609 0.770000 0.819130 0.760000 0.816522 0.751111 0.812174 0.743333 0.810870
0 0.757778 0.810435 0.754444 0.814783 0.771111 0.819565 0.780000 0.826957 0.783333 0.827826 0.818889 0.827826 0.832222 0.822609 0.835556 0.819565 0.836667 0.813478 0.834444 0.809565 0.828889 0.805217 0.816667 0.801739 0.793333 0.801739 0.771111 0.805652
0 0.840000 0.813043 0.837778 0.813913 0.835556 0.820870 0.825556 0.826522 0.826667 0.830000 0.840000 0.836087 0.843333 0.842174 0.850000 0.844348 0.872222 0.846087 0.886667 0.844783 0.898889 0.842174 0.903333 0.838696 0.903333 0.833478 0.898889 0.826087 0.893333 0.821739 0.885556 0.818696 0.847778 0.812609
0 0.928889 0.816087 0.913333 0.817826 0.901111 0.821739 0.900000 0.827826 0.905556 0.839565 0.918889 0.846957 0.924444 0.853043 0.931111 0.854348 0.937778 0.854348 0.941111 0.853478 0.946667 0.848696 0.965556 0.842174 0.965222 0.834174 0.968444 0.826609 0.967778 0.820870 0.958889 0.818261 0.940000 0.816087
0 0.831111 0.802609 0.836667 0.810870 0.840000 0.812174 0.878889 0.817391 0.886667 0.817391 0.913333 0.812609 0.921111 0.810435 0.924444 0.807391 0.923333 0.804348 0.915556 0.799565 0.905556 0.796957 0.885556 0.796957 0.878889 0.795652 0.872222 0.791304 0.866667 0.790000 0.854444 0.790870 0.835556 0.797826
0 0.877778 0.786957 0.872222 0.790870 0.873333 0.794783 0.883333 0.797391 0.905556 0.797826 0.916667 0.801304 0.924444 0.807826 0.932222 0.809565 0.941111 0.810435 0.954444 0.810000 0.967778 0.806957 0.976667 0.802609 0.978889 0.799565 0.976667 0.790435 0.972222 0.786957 0.953333 0.780870 0.924444 0.778696 0.895556 0.782609
0 0.905556 0.765217 0.890000 0.764348 0.878889 0.766957 0.863333 0.768261 0.853333 0.771304 0.848889 0.775652 0.858889 0.783478 0.862222 0.789130 0.875556 0.788696 0.892222 0.783478 0.923333 0.779130 0.922222 0.772174
0 0.804444 0.770000 0.778889 0.773478 0.771111 0.779130 0.771111 0.783043 0.782222 0.794783 0.788889 0.799130 0.796667 0.800870 0.813333 0.801304 0.824444 0.800435 0.835556 0.797826 0.854444 0.790870 0.860000 0.786957 0.858889 0.783043 0.843333 0.773478 0.826667 0.770870
0 0.700000 0.790435 0.702222 0.793913 0.713333 0.796957 0.727778 0.803478 0.770000 0.805217 0.781111 0.803043 0.781111 0.793478 0.778889 0.790000 0.772222 0.786522 0.750000 0.786087 0.737778 0.787391 0.714444 0.787391 0.704444 0.788696
0 0.912222 0.745652 0.891111 0.754348 0.893333 0.761304 0.915556 0.769130 0.928889 0.772174 0.954444 0.774783 0.961111 0.776957 0.967778 0.776522 0.977778 0.771739 0.977778 0.767391 0.966667 0.762609 0.945556 0.747391 0.934444 0.743913 0.921111 0.743913
0 0.835556 0.723913 0.831111 0.732174 0.825556 0.735652 0.825556 0.740435 0.837778 0.745652 0.853333 0.749565 0.874444 0.753478 0.887778 0.752609 0.900000 0.750435 0.917778 0.743478 0.923333 0.736957 0.923333 0.733043 0.911111 0.726087 0.885556 0.721304 0.865556 0.719565 0.851111 0.720435
0 0.801111 0.760000 0.801111 0.765652 0.805556 0.769565 0.841111 0.772174 0.855556 0.770435 0.865556 0.767826 0.877778 0.766957 0.886667 0.763913 0.886667 0.759565 0.871111 0.753478 0.836667 0.745652 0.823333 0.746087 0.811111 0.748696
0 0.754444 0.742609 0.744444 0.744348 0.737778 0.746957 0.733333 0.751739 0.734444 0.755217 0.755556 0.764783 0.761111 0.771739 0.766667 0.773478 0.775556 0.773913 0.800000 0.769130 0.798889 0.763913 0.806667 0.753478 0.805556 0.747826 0.798889 0.744783 0.790000 0.743043 0.773333 0.742174
0 0.721111 0.756957 0.692222 0.762609 0.683333 0.766957 0.680000 0.773043 0.683333 0.778261 0.692222 0.783478 0.714444 0.787391 0.736667 0.787391 0.751111 0.784783 0.762222 0.780000 0.762222 0.774348 0.755556 0.764348 0.746667 0.759565 0.736667 0.756957
0 0.625556 0.744783 0.613333 0.749130 0.608889 0.752174 0.607778 0.761739 0.611111 0.765217 0.626667 0.773043 0.634444 0.775217 0.647778 0.775217 0.667778 0.773043 0.678889 0.769130 0.691111 0.760870 0.693333 0.756957 0.692222 0.751739 0.677778 0.746087 0.661111 0.743478 0.634444 0.743043
0 0.663333 0.726087 0.656667 0.728696 0.652222 0.732609 0.662222 0.741739 0.668889 0.744348 0.682222 0.747391 0.697778 0.753043 0.716667 0.753478 0.733333 0.750000 0.743333 0.743043 0.747778 0.736522 0.746667 0.731739 0.738889 0.726522 0.732222 0.724348 0.712222 0.721304 0.693333 0.721304
0 0.778889 0.706957 0.774444 0.707391 0.751111 0.715652 0.746667 0.720000 0.746667 0.729565 0.751111 0.735217 0.763333 0.740870 0.785556 0.742609 0.805556 0.740870 0.821111 0.736522 0.831111 0.729565 0.831111 0.724348 0.821111 0.716522 0.807778 0.710000 0.796667 0.707826
0 0.893333 0.696522 0.868889 0.693913 0.834444 0.694348 0.827778 0.695217 0.810000 0.700000 0.804444 0.704348 0.805556 0.708261 0.826667 0.720435 0.834444 0.723043 0.852222 0.720000 0.868889 0.718261 0.883333 0.714348 0.894444 0.699130
0 0.882222 0.716522 0.885556 0.720870 0.903333 0.724783 0.934444 0.725652 0.948889 0.723913 0.975556 0.716957 0.975556 0.712174 0.965556 0.704783 0.953333 0.700435 0.933333 0.696957 0.911111 0.696522 0.900000 0.698261 0.894444 0.700435
0 0.628889 0.715217 0.606667 0.713043 0.592222 0.713478 0.582222 0.715217 0.571111 0.720435 0.568889 0.726087 0.572222 0.733478 0.566667 0.737391 0.565556 0.740870 0.568889 0.746522 0.580000 0.750870 0.595556 0.751739 0.611111 0.750000 0.634444 0.741739 0.644444 0.732609 0.645556 0.723478 0.640000 0.718261
0 0.547778 0.714783 0.537778 0.713478 0.526667 0.713913 0.511111 0.718261 0.495556 0.732174 0.496667 0.740870 0.502222 0.746087 0.526667 0.745652 0.558889 0.740000 0.570000 0.736522 0.573333 0.731739 0.567778 0.724348 0.556667 0.717826
0 0.445556 0.707826 0.421111 0.713043 0.413333 0.716522 0.417778 0.724783 0.426667 0.729130 0.464444 0.736957 0.476667 0.736087 0.488889 0.733913 0.496667 0.730870 0.506667 0.721739 0.504444 0.715652 0.494444 0.711304 0.475556 0.707391
0 0.504444 0.683478 0.494444 0.685217 0.485556 0.688696 0.482222 0.695652 0.472222 0.700870 0.472222 0.703043 0.477778 0.708261 0.490000 0.710435 0.504444 0.716087 0.515556 0.716087 0.525556 0.713913 0.536667 0.713043 0.544444 0.710870 0.553333 0.702174 0.553333 0.696522 0.547778 0.690870 0.536667 0.686957 0.525556 0.684783
0 0.574444 0.678261 0.561111 0.680435 0.547778 0.690000 0.553333 0.696087 0.555556 0.705217 0.572222 0.712174 0.587778 0.713913 0.603333 0.712174 0.618889 0.707826 0.624444 0.702609 0.624444 0.696087 0.615556 0.686957 0.608889 0.683478 0.586667 0.678696
0 0.695556 0.697391 0.653333 0.696957 0.638889 0.698696 0.630000 0.702174 0.627778 0.707391 0.632222 0.713478 0.648889 0.723043 0.665556 0.724783 0.677778 0.723478 0.696667 0.718696 0.708889 0.709130 0.707778 0.704348 0.701111 0.699130
0 0.713333 0.683913 0.702222 0.689130 0.703333 0.696522 0.712222 0.706957 0.724444 0.712174 0.734444 0.714348 0.747778 0.714783 0.763333 0.711739 0.782222 0.703043 0.784444 0.700000 0.782222 0.693478 0.772222 0.689565 0.760000 0.687826 0.751111 0.685217 0.732222 0.683478
0 0.833333 0.668696 0.827778 0.667826 0.812222 0.667826 0.798889 0.669130 0.791111 0.670870 0.782222 0.674783 0.773333 0.680870 0.772222 0.685652 0.775556 0.690870 0.785556 0.695217 0.791111 0.696087 0.817778 0.696087 0.832222 0.693478 0.847778 0.686522 0.851111 0.683478 0.851111 0.676087 0.848889 0.673913
0 0.873333 0.656522 0.867778 0.658261 0.865556 0.663043 0.856667 0.667826 0.851111 0.673478 0.853333 0.684348 0.861111 0.691304 0.874444 0.694783 0.885556 0.695217 0.915556 0.693043 0.930000 0.689565 0.935556 0.686087 0.935556 0.676087 0.928889 0.670000 0.915556 0.663478 0.904444 0.661304 0.890000 0.660435 0.882222 0.657826
0 0.404444 0.717391 0.415556 0.716957 0.420000 0.713478 0.445556 0.708261 0.466667 0.707826 0.470000 0.704783 0.465556 0.703043 0.453333 0.702609 0.434444 0.700000 0.425556 0.696087 0.415556 0.696522 0.402222 0.707391
0 0.407778 0.676957 0.414444 0.690435 0.418889 0.693913 0.435556 0.700000 0.447778 0.702174 0.463333 0.702609 0.476667 0.698696 0.482222 0.695217 0.483333 0.691739 0.481111 0.688261 0.474444 0.685217 0.445556 0.680435 0.433333 0.679565 0.415556 0.675217
0 0.332222 0.702609 0.321111 0.713043 0.318889 0.720870 0.323333 0.724348 0.335556 0.730000 0.345556 0.732174 0.375556 0.733043 0.386667 0.731739 0.394444 0.728696 0.401111 0.723043 0.402222 0.716522 0.397778 0.711304 0.386667 0.706087 0.366667 0.702174 0.355556 0.700870 0.343333 0.700870
0 0.344444 0.733478 0.316667 0.722174 0.295556 0.718696 0.284444 0.719565 0.266667 0.722609 0.254444 0.728696 0.251111 0.735217 0.254444 0.744783 0.262222 0.748261 0.281111 0.750000 0.298889 0.749565 0.313333 0.746087 0.327778 0.744348 0.338889 0.741304 0.345556 0.737391
0 0.237778 0.754783 0.215556 0.755217 0.204444 0.753478 0.175556 0.755652 0.157778 0.760000 0.148889 0.765652 0.148889 0.774348 0.151111 0.776957 0.175556 0.787391 0.188889 0.788261 0.205556 0.785217 0.230000 0.774348 0.233333 0.764348 0.240000 0.757391
0 0.093333 0.741739 0.081111 0.743913 0.072222 0.747826 0.065556 0.755652 0.066667 0.762609 0.073333 0.769565 0.085556 0.775652 0.093333 0.778261 0.105556 0.779130 0.123333 0.775652 0.136667 0.769565 0.146667 0.759565 0.147778 0.751739 0.140000 0.746957 0.130000 0.743913 0.110000 0.741739
0 0.141111 0.734348 0.134444 0.739565 0.134444 0.744348 0.151111 0.752174 0.171111 0.754783 0.196667 0.753913 0.205556 0.751304 0.218889 0.744783 0.216667 0.738696 0.208889 0.733043 0.198889 0.729565 0.176667 0.728261 0.162222 0.729130
0 0.203333 0.710870 0.185556 0.716957 0.178889 0.720435 0.176667 0.726957 0.180000 0.728696 0.201111 0.730870 0.214444 0.738696 0.225556 0.738696 0.232222 0.736522 0.238889 0.732174 0.240000 0.725217 0.236667 0.721304 0.223333 0.716087 0.215556 0.709565
0 0.260000 0.695217 0.252222 0.695217 0.241111 0.697391 0.231111 0.700870 0.216667 0.708696 0.220000 0.715652 0.238889 0.722174 0.265556 0.722174 0.288889 0.717826 0.296667 0.713913 0.296667 0.706957 0.291111 0.703043 0.275556 0.697826
0 0.320000 0.670870 0.305556 0.671739 0.292222 0.674783 0.280000 0.683043 0.262222 0.690000 0.260000 0.692609 0.264444 0.696087 0.277778 0.697826 0.297778 0.706087 0.314444 0.705217 0.327778 0.700870 0.334444 0.696087 0.336667 0.690870 0.342222 0.686087 0.342222 0.680870 0.338889 0.677826
0 0.155556 0.705652 0.144444 0.705652 0.128889 0.707391 0.116667 0.710000 0.105556 0.715217 0.105556 0.721304 0.108889 0.723913 0.122222 0.730435 0.133333 0.733913 0.143333 0.733913 0.162222 0.729565 0.172222 0.728696 0.175556 0.726957 0.176667 0.719565 0.170000 0.710870 0.165556 0.708261
0 0.107778 0.694348 0.098889 0.693043 0.087778 0.693043 0.071111 0.694783 0.041111 0.701739 0.034444 0.704348 0.028889 0.708696 0.030000 0.713043 0.034444 0.715652 0.057778 0.723478 0.075556 0.724348 0.084444 0.722609 0.098889 0.715652 0.111111 0.707391 0.113333 0.696957
0 0.171111 0.682609 0.156667 0.686957 0.150000 0.692174 0.146667 0.697391 0.151111 0.704783 0.173333 0.709565 0.194444 0.709565 0.205556 0.708261 0.217778 0.701304 0.217778 0.691739 0.213333 0.686522 0.206667 0.683043
0 0.088889 0.680000 0.083333 0.684783 0.084444 0.690435 0.088889 0.692174 0.103333 0.693478 0.130000 0.698696 0.136667 0.699130 0.145556 0.697826 0.152222 0.689565 0.152222 0.684783 0.141111 0.677391 0.127778 0.674348 0.112222 0.674348 0.100000 0.676087
0 0.012222 0.673043 0.004444 0.675217 0.000000 0.675217 0.000000 0.698696 0.004444 0.698696 0.010000 0.701304 0.015556 0.702174 0.035556 0.703043 0.047778 0.700000 0.058889 0.695652 0.063333 0.689565 0.062222 0.685652 0.053333 0.679130 0.042222 0.675652 0.027778 0.672609
0 0.036667 0.658696 0.032222 0.664783 0.032222 0.671739 0.040000 0.675217 0.056667 0.678696 0.085556 0.680435 0.106667 0.675217 0.127778 0.673913 0.125556 0.665652 0.112222 0.657826 0.086667 0.651739 0.076667 0.650435 0.054444 0.651304 0.041111 0.655652
0 0.000000 0.643043 0.000000 0.669565 0.005556 0.669565 0.018889 0.667391 0.027778 0.663043 0.030000 0.660000 0.030000 0.652174 0.026667 0.648696 0.017778 0.644783
0 0.198889 0.658696 0.187778 0.656522 0.172222 0.656087 0.143333 0.659130 0.134444 0.662174 0.131111 0.665217 0.132222 0.673043 0.152222 0.684348 0.154444 0.686957 0.164444 0.685652 0.174444 0.682609 0.196667 0.683478 0.208889 0.682174 0.205556 0.678261 0.201667 0.678043 0.202222 0.676087 0.210000 0.666522 0.207778 0.661739
0 0.255556 0.657826 0.244444 0.656957 0.240000 0.658261 0.223333 0.659565 0.212222 0.663913 0.205556 0.674348 0.211111 0.680000 0.213333 0.686522 0.218889 0.690000 0.237778 0.690870 0.261111 0.689130 0.278889 0.683043 0.284444 0.679130 0.285556 0.673478 0.278889 0.665652
0 0.287778 0.660870 0.280000 0.665652 0.285556 0.672609 0.295556 0.674348 0.304444 0.672609 0.317778 0.671739 0.343333 0.679130 0.353333 0.675652 0.353333 0.661739 0.347778 0.659565 0.335556 0.656957 0.314444 0.655652 0.300000 0.657391
0 0.405556 0.679130 0.395556 0.677826 0.364444 0.678261 0.346667 0.681304 0.336667 0.692609 0.340000 0.699130 0.344444 0.700435 0.357778 0.700870 0.384444 0.704783 0.405556 0.703478 0.416667 0.693913
0 0.405556 0.663478 0.397778 0.660870 0.385556 0.659130 0.357778 0.661739 0.354444 0.663913 0.353333 0.667826 0.354444 0.673478 0.357778 0.676522 0.366667 0.678261 0.388889 0.678261 0.398889 0.676957 0.408889 0.672609 0.411111 0.670000
0 0.498889 0.653478 0.474444 0.653913 0.462222 0.656087 0.435556 0.669130 0.436667 0.676522 0.441111 0.678696 0.473333 0.684783 0.488889 0.684348 0.497778 0.681739 0.501111 0.673043 0.506667 0.666957 0.504444 0.656522
0 0.556667 0.661304 0.547778 0.660000 0.531111 0.659565 0.518889 0.661304 0.508889 0.664348 0.501111 0.673043 0.501111 0.678696 0.506667 0.683043 0.516667 0.684348 0.526667 0.684348 0.561111 0.676087 0.566667 0.671304 0.563333 0.664348
0 0.600000 0.655217 0.572222 0.659565 0.566667 0.661739 0.565556 0.666522 0.571111 0.672609 0.582222 0.677826 0.596667 0.680870 0.606667 0.680870 0.613333 0.678261 0.615556 0.674783 0.617778 0.661739 0.612222 0.656087
0 0.670000 0.666957 0.658889 0.666087 0.637778 0.666957 0.622222 0.671739 0.615556 0.677391 0.613333 0.683478 0.618889 0.690435 0.628889 0.695217 0.642222 0.696957 0.664444 0.696087 0.684444 0.692174 0.695556 0.687826 0.698889 0.684348 0.696667 0.676957 0.681111 0.670000
0 0.618889 0.625217 0.603333 0.627826 0.596667 0.630435 0.591111 0.634348 0.590000 0.638696 0.601111 0.653043 0.618889 0.659565 0.635556 0.662174 0.655556 0.659130 0.660000 0.656522 0.665556 0.650870 0.664444 0.644783 0.658889 0.635652 0.653333 0.632174 0.642222 0.627826 0.627778 0.625217
0 0.716667 0.624348 0.701111 0.624348 0.687778 0.626087 0.670000 0.630870 0.663333 0.635217 0.663333 0.642609 0.671111 0.649565 0.680000 0.653043 0.693333 0.655652 0.705556 0.655652 0.720000 0.653478 0.736667 0.646087 0.741111 0.642609 0.743333 0.637826 0.741111 0.630870 0.735556 0.628261
0 0.765556 0.644348 0.753333 0.644783 0.734444 0.647391 0.725556 0.650435 0.720000 0.653913 0.721111 0.662174 0.726667 0.668261 0.754444 0.679130 0.761111 0.679565 0.768889 0.679130 0.778889 0.675652 0.793333 0.668696 0.798889 0.663478 0.798889 0.656087 0.790000 0.649130 0.780000 0.645652
0 0.827778 0.633913 0.797778 0.640000 0.792222 0.642174 0.788889 0.646957 0.797778 0.654783 0.802222 0.662609 0.822222 0.666522 0.835556 0.666522 0.850000 0.664348 0.861111 0.660870 0.866667 0.655217 0.866667 0.645217 0.861111 0.639565 0.848889 0.635217 0.841111 0.633913
0 0.925556 0.628261 0.908889 0.626957 0.894444 0.627391 0.882222 0.629565 0.868889 0.634348 0.863333 0.637826 0.863333 0.640435 0.867778 0.646087 0.867778 0.652609 0.871111 0.655217 0.894444 0.660000 0.908889 0.660000 0.918889 0.658696 0.934444 0.653478 0.937778 0.646957 0.942222 0.643913 0.942222 0.639130 0.940000 0.634783 0.934444 0.630870
0 0.902222 0.599565 0.892222 0.602609 0.884444 0.607391 0.881111 0.612174 0.882222 0.619130 0.890000 0.623913 0.897778 0.626087 0.935556 0.628261 0.951111 0.623043 0.951111 0.618696 0.958889 0.613478 0.957778 0.606957 0.951111 0.603043 0.937778 0.599565 0.925556 0.598261
0 0.862222 0.603478 0.856667 0.602609 0.842222 0.603478 0.820000 0.608696 0.807778 0.614348 0.815556 0.631304 0.823333 0.633043 0.846667 0.633043 0.862222 0.630435 0.871111 0.626957 0.876667 0.620435 0.876667 0.613913 0.871111 0.607391
0 0.790000 0.610435 0.771111 0.610435 0.744444 0.620000 0.736667 0.624348 0.735556 0.627826 0.744444 0.634348 0.745556 0.640000 0.753333 0.643478 0.776667 0.643478 0.801111 0.639130 0.814444 0.630870 0.814444 0.625217 0.808889 0.618261 0.802222 0.613913
0 0.406667 0.639130 0.401111 0.641304 0.400000 0.646522 0.391111 0.653913 0.391111 0.658261 0.406667 0.663913 0.413333 0.667826 0.420000 0.668696 0.434444 0.668261 0.456667 0.659130 0.463333 0.652609 0.463333 0.646087 0.453333 0.640870 0.445556 0.639130 0.425556 0.637826
0 0.495556 0.616087 0.468889 0.617391 0.454444 0.621304 0.447778 0.630435 0.452222 0.637826 0.464444 0.645217 0.472222 0.647391 0.486667 0.647826 0.500000 0.646522 0.506667 0.644348 0.523333 0.633913 0.525556 0.628261 0.523333 0.622609 0.516667 0.618696
0 0.514444 0.639130 0.507778 0.645652 0.508889 0.651739 0.512222 0.655217 0.523333 0.659565 0.536667 0.659130 0.565556 0.660435 0.572222 0.658696 0.587778 0.657391 0.597778 0.654348 0.597778 0.650000 0.588889 0.640000 0.584444 0.636957 0.571111 0.633043 0.556667 0.631304 0.535556 0.631739 0.527778 0.633043
0 0.615556 0.599130 0.596667 0.597391 0.584444 0.597826 0.573333 0.599565 0.562222 0.603478 0.554444 0.608696 0.547778 0.616957 0.548889 0.623913 0.554444 0.629565 0.560000 0.631304 0.567778 0.631739 0.593333 0.630000 0.607778 0.624783 0.615556 0.623913 0.626667 0.619565 0.631111 0.615217 0.634444 0.607391 0.628889 0.603913
0 0.680000 0.602174 0.664444 0.602174 0.652222 0.604348 0.641111 0.608261 0.631111 0.618696 0.631111 0.623913 0.637778 0.626957 0.653333 0.631304 0.665556 0.631739 0.707778 0.622609 0.708889 0.618261 0.700000 0.610435 0.692222 0.605652
0 0.706667 0.594783 0.684444 0.599130 0.683333 0.603478 0.694444 0.607391 0.712222 0.621304 0.724444 0.622609 0.738889 0.621739 0.761111 0.613043 0.767778 0.607391 0.766667 0.601304 0.758889 0.597826 0.741111 0.595217 0.725556 0.594348
0 0.783333 0.582174 0.774444 0.583478 0.758889 0.591304 0.758889 0.596522 0.767778 0.601739 0.773333 0.608696 0.787778 0.610435 0.808889 0.609565 0.818889 0.607391 0.827778 0.602609 0.828889 0.594783 0.825556 0.584348 0.797778 0.581739
0 0.838889 0.573478 0.830000 0.577826 0.826667 0.581739 0.831111 0.596087 0.847778 0.601739 0.865556 0.602609 0.874444 0.600870 0.887778 0.600435 0.892222 0.598696 0.903333 0.588261 0.903333 0.580000 0.900000 0.577391 0.888889 0.574783 0.856667 0.571304 0.846667 0.571739
0 0.835556 0.558261 0.815556 0.555652 0.802222 0.555652 0.783333 0.558261 0.768889 0.563043 0.763333 0.569130 0.766667 0.572609 0.777778 0.576522 0.784444 0.580870 0.796667 0.580870 0.807222 0.581130 0.819333 0.582000 0.838889 0.573043 0.843333 0.568261 0.843333 0.562174
0 0.714444 0.563043 0.694444 0.569565 0.691111 0.572609 0.691111 0.581304 0.696667 0.590000 0.705556 0.593043 0.716667 0.593913 0.742222 0.593478 0.756667 0.591304 0.764444 0.588261 0.775556 0.580435 0.774444 0.576087 0.763333 0.570435 0.748889 0.565217 0.737778 0.563043
0 0.671111 0.572174 0.637778 0.571739 0.621111 0.575217 0.604444 0.583478 0.597778 0.591739 0.597778 0.595652 0.613333 0.597391 0.634444 0.604348 0.645556 0.604783 0.674444 0.600000 0.692222 0.592609 0.693333 0.586957 0.687778 0.578261
0 0.545556 0.593913 0.534444 0.592174 0.502222 0.595652 0.493333 0.601739 0.482222 0.606087 0.467778 0.609130 0.466667 0.612609 0.473333 0.615217 0.484444 0.614783 0.517778 0.618261 0.523333 0.620000 0.536667 0.618696 0.546667 0.615217 0.552222 0.609130 0.551111 0.599130
0 0.417778 0.578696 0.411111 0.583913 0.410000 0.590870 0.417778 0.601739 0.421111 0.603478 0.451111 0.608261 0.466667 0.608696 0.477778 0.606957 0.491111 0.602609 0.495556 0.600000 0.497778 0.594783 0.491111 0.588261 0.480000 0.582609 0.456667 0.577391 0.432222 0.576957
0 0.425556 0.604348 0.412222 0.604348 0.404444 0.607391 0.395556 0.614348 0.395556 0.616957 0.402222 0.620000 0.403333 0.622609 0.388889 0.626957 0.388889 0.630870 0.404444 0.638261 0.431111 0.636522 0.442222 0.632174 0.454444 0.620870 0.454444 0.614783 0.450000 0.609565 0.441111 0.606957
0 0.385556 0.630435 0.357778 0.632609 0.331111 0.632609 0.326667 0.633913 0.328889 0.641739 0.327778 0.651739 0.337778 0.657391 0.353333 0.660870 0.380000 0.658696 0.398889 0.644348 0.401111 0.637826 0.393333 0.632609
0 0.402222 0.619130 0.396667 0.617826 0.391111 0.613043 0.377778 0.609565 0.353333 0.608696 0.331111 0.613043 0.320000 0.616957 0.314444 0.620870 0.314444 0.626522 0.324444 0.632609 0.366667 0.632609 0.398889 0.625217 0.404444 0.623043
0 0.285556 0.623913 0.265556 0.624783 0.252222 0.628696 0.247778 0.633478 0.252222 0.642174 0.252222 0.651739 0.255556 0.654783 0.264444 0.657391 0.281111 0.659130 0.313333 0.655217 0.324444 0.650435 0.327778 0.646957 0.326667 0.637391 0.318889 0.630870 0.307778 0.626957
0 0.204444 0.632609 0.195556 0.635783 0.181111 0.646087 0.181111 0.650870 0.194444 0.656957 0.203333 0.658696 0.217778 0.660000 0.233333 0.658261 0.245556 0.654783 0.251111 0.647826 0.248889 0.638696 0.244444 0.636087 0.239111 0.632174 0.233556 0.629478 0.216667 0.628739
0 0.261111 0.997391 0.248889 0.990870 0.243333 0.986087 0.234444 0.982609 0.221111 0.984348 0.200000 0.992174 0.192222 0.997826 0.192222 1.000000 0.261111 1.000000
0 0.095556 0.635217 0.090000 0.641304 0.088889 0.648261 0.090000 0.650435 0.100000 0.654783 0.110000 0.656087 0.116667 0.658696 0.137778 0.659565 0.152222 0.658261 0.170000 0.654348 0.170000 0.650000 0.165556 0.643913 0.156667 0.640435 0.154444 0.638261 0.144444 0.635217 0.133333 0.633043 0.112222 0.632174
0 0.167778 0.618696 0.144444 0.624348 0.136667 0.627826 0.133333 0.631304 0.138889 0.634783 0.155556 0.639565 0.166667 0.645652 0.170000 0.650000 0.176667 0.651739 0.178111 0.647391 0.184444 0.643043 0.194444 0.635652 0.201333 0.632826 0.196667 0.626087 0.178889 0.619130
0 0.037778 0.657826 0.033333 0.666087 0.033333 0.670870 0.040000 0.674783 0.054444 0.678261 0.086667 0.680000 0.105556 0.675217 0.126667 0.673913 0.125556 0.666087 0.121111 0.664348 0.116667 0.660000 0.104444 0.656087 0.075556 0.650435 0.060000 0.650870 0.050000 0.652609
0 0.013333 0.630000 0.007778 0.634348 0.008889 0.638696 0.018889 0.644348 0.030000 0.647826 0.052222 0.650435 0.061111 0.650435 0.075556 0.649130 0.082222 0.647391 0.084444 0.638696 0.076667 0.628696 0.066667 0.624783 0.055556 0.623478 0.033333 0.623478 0.027778 0.624348
0 0.148889 0.603043 0.117778 0.598261 0.104444 0.600000 0.093333 0.607391 0.088889 0.619130 0.090000 0.622609 0.084444 0.625217 0.085556 0.630000 0.088889 0.631739 0.095556 0.633043 0.116667 0.630870 0.137778 0.626522 0.157778 0.618696 0.161111 0.610870
0 0.000000 0.591739 0.000000 0.615652 0.022889 0.617826 0.041444 0.616783 0.044667 0.616696 0.048556 0.615652 0.053111 0.614696 0.054556 0.613652 0.055556 0.612609 0.065556 0.607391 0.065556 0.603478 0.058889 0.600870 0.055556 0.597391 0.046667 0.595652 0.024444 0.594783 0.006667 0.591739
0 0.054444 0.562609 0.031111 0.571739 0.024444 0.578696 0.024444 0.584783 0.031111 0.588261 0.034444 0.594783 0.045556 0.594783 0.063333 0.596957 0.081111 0.596087 0.091111 0.593913 0.102222 0.589565 0.110000 0.580000 0.108889 0.575652 0.102222 0.570435 0.076667 0.562609
0 0.125556 0.572609 0.115556 0.575652 0.108889 0.581739 0.107778 0.588261 0.113333 0.594348 0.118889 0.597391 0.152222 0.603043 0.170000 0.601304 0.182222 0.596087 0.188889 0.588696 0.188889 0.584348 0.182222 0.578261 0.160000 0.573913 0.155556 0.572174 0.134444 0.571739
0 0.187778 0.614783 0.186667 0.620435 0.190000 0.622174 0.203333 0.625652 0.222222 0.627391 0.245556 0.627391 0.255556 0.626087 0.262222 0.623913 0.268889 0.615652 0.262222 0.609565 0.238889 0.608261 0.202222 0.608696 0.192222 0.611739
0 0.262222 0.587391 0.254444 0.584348 0.237778 0.582609 0.223333 0.583043 0.202222 0.585652 0.190000 0.589130 0.183333 0.595217 0.174444 0.599565 0.174444 0.603478 0.185556 0.608696 0.194444 0.610435 0.212222 0.608696 0.258889 0.609565 0.262222 0.608696 0.267778 0.603043 0.267778 0.593913
0 0.294444 0.590870 0.284444 0.592609 0.272222 0.597391 0.267778 0.605217 0.264444 0.606957 0.264444 0.611304 0.275556 0.616087 0.284444 0.618261 0.298889 0.620000 0.311111 0.620000 0.330000 0.613478 0.338889 0.611739 0.341111 0.609130 0.340000 0.603043 0.328889 0.593478 0.315556 0.590870
0 0.350000 0.583478 0.338889 0.587826 0.333333 0.591739 0.333333 0.596087 0.341111 0.604348 0.344444 0.606087 0.353333 0.607826 0.375556 0.609130 0.384444 0.611304 0.395556 0.612174 0.415556 0.600000 0.407778 0.584348 0.397778 0.580870 0.385556 0.579565 0.373333 0.580000
0 0.262222 0.566522 0.253333 0.575217 0.254444 0.583913 0.267778 0.588261 0.284444 0.590870 0.308889 0.588261 0.326667 0.583043 0.330000 0.580435 0.326667 0.574348 0.312222 0.567826 0.285556 0.563043 0.273333 0.563043
0 0.091111 0.543043 0.075556 0.549130 0.073333 0.551304 0.073333 0.556957 0.080000 0.562174 0.095556 0.567826 0.105556 0.569565 0.125556 0.569130 0.136667 0.566522 0.151111 0.558696 0.155556 0.553478 0.154444 0.549130 0.138889 0.542609 0.123333 0.540870 0.104444 0.540870
0 0.255556 0.584783 0.247778 0.583478 0.230000 0.583043 0.196667 0.587391 0.184444 0.593913 0.181111 0.597826 0.175556 0.599565 0.175556 0.603478 0.184444 0.608261 0.193333 0.609565 0.205556 0.607826 0.257778 0.608696 0.265556 0.604348 0.266667 0.593478 0.265556 0.590870
0 0.245556 0.543478 0.240000 0.543913 0.234444 0.547391 0.213333 0.547391 0.201111 0.549565 0.191111 0.553043 0.174444 0.561739 0.170000 0.566957 0.171111 0.573913 0.190000 0.581304 0.203333 0.584783 0.215556 0.584348 0.228889 0.581739 0.253333 0.568261 0.256667 0.564783 0.256667 0.559565 0.254444 0.556522 0.247778 0.553043
0 0.603333 0.561304 0.588889 0.559130 0.570000 0.559130 0.560000 0.561304 0.546667 0.567391 0.545556 0.572609 0.550000 0.576087 0.550000 0.582609 0.547778 0.586087 0.544444 0.587391 0.543333 0.591739 0.553333 0.595217 0.565556 0.595217 0.572222 0.592609 0.590000 0.590435 0.600000 0.586522 0.605556 0.581739 0.616667 0.576087 0.618889 0.568696 0.615556 0.566087
0 0.537778 0.569565 0.527778 0.568261 0.502222 0.568696 0.474444 0.573043 0.471111 0.575652 0.472222 0.578696 0.500000 0.593478 0.511111 0.593913 0.533333 0.591739 0.540000 0.589130 0.546667 0.584348 0.548889 0.575652
0 0.398889 0.562174 0.398889 0.570000 0.406667 0.574783 0.417778 0.577391 0.453333 0.576522 0.467778 0.574783 0.482222 0.571304 0.502222 0.568261 0.508889 0.565217 0.506667 0.562174 0.500000 0.559565 0.488889 0.558261 0.482222 0.558261 0.475556 0.559565 0.473333 0.556087 0.462222 0.551304 0.437778 0.547391 0.424444 0.547391 0.414444 0.549565 0.407778 0.552609
0 0.498889 0.530870 0.494444 0.533043 0.494444 0.536957 0.481111 0.545652 0.483333 0.555652 0.485556 0.556957 0.501111 0.559565 0.512222 0.566522 0.525556 0.567826 0.541111 0.566522 0.560000 0.561304 0.564444 0.558696 0.565556 0.551739 0.563333 0.548261 0.555556 0.543478 0.541111 0.538261 0.505556 0.530435
0 0.562222 0.530000 0.556667 0.535217 0.556667 0.542174 0.565556 0.549130 0.573333 0.552609 0.587778 0.555652 0.603333 0.557391 0.621111 0.556522 0.630000 0.554783 0.648889 0.542174 0.647778 0.536957 0.636667 0.530435 0.625556 0.528261 0.600000 0.525652 0.577778 0.526522
0 0.695556 0.503478 0.671111 0.508261 0.652222 0.515217 0.640000 0.526522 0.640000 0.530000 0.645556 0.534783 0.654444 0.537826 0.664444 0.538696 0.676667 0.542609 0.683333 0.543478 0.695556 0.543478 0.711111 0.540435 0.718889 0.536957 0.726667 0.530000 0.726667 0.515217 0.717778 0.509565
0 0.605556 0.559565 0.612222 0.564783 0.627778 0.570000 0.685556 0.572609 0.708889 0.564348 0.711111 0.560435 0.710000 0.551304 0.705556 0.548261 0.687778 0.544348 0.652222 0.544348 0.644444 0.546087 0.625556 0.556522 0.611111 0.557391
0 0.734444 0.537391 0.717778 0.540870 0.708889 0.547826 0.712222 0.560870 0.715556 0.562174 0.741111 0.563478 0.757778 0.566957 0.763333 0.566087 0.787778 0.556957 0.794444 0.550000 0.794444 0.547391 0.783333 0.541304 0.768889 0.538261
0 0.860000 0.520000 0.846667 0.518696 0.825556 0.519565 0.814444 0.520870 0.800000 0.525217 0.792222 0.536522 0.793333 0.543478 0.801111 0.550435 0.812222 0.553913 0.827778 0.554783 0.845556 0.553913 0.861111 0.544783 0.870000 0.536957 0.871111 0.525217
0 0.898889 0.513043 0.881111 0.517826 0.875556 0.520870 0.872222 0.525217 0.872222 0.539565 0.876667 0.543043 0.888889 0.546087 0.903333 0.547391 0.926667 0.547826 0.945556 0.543913 0.953333 0.539130 0.956667 0.534783 0.954444 0.524348 0.943333 0.516522 0.936667 0.514348 0.921111 0.514348 0.905556 0.512609
0 0.846667 0.556087 0.847778 0.564783 0.852222 0.568696 0.862222 0.571304 0.873333 0.572174 0.895556 0.571304 0.918889 0.567391 0.937778 0.560435 0.941111 0.556957 0.936667 0.553913 0.917778 0.548696 0.878889 0.545217 0.864444 0.545652 0.857778 0.546957 0.848889 0.552174
0 0.466667 0.512609 0.434444 0.514783 0.415556 0.521304 0.402222 0.529130 0.404444 0.533478 0.420000 0.541739 0.432222 0.546522 0.453333 0.549130 0.470000 0.546957 0.481111 0.543478 0.490000 0.537826 0.494444 0.530870 0.493333 0.525652 0.485556 0.518261 0.477778 0.514348
0 0.331111 0.536957 0.335556 0.541304 0.348889 0.548261 0.346667 0.553043 0.351111 0.555652 0.375556 0.560435 0.393333 0.560000 0.400000 0.558261 0.414444 0.546957 0.415556 0.540870 0.410000 0.536957 0.397778 0.531739 0.382222 0.530000 0.363333 0.530000 0.347778 0.532174
0 0.363333 0.557391 0.347778 0.556957 0.341111 0.557826 0.316667 0.564348 0.316667 0.568696 0.325556 0.572174 0.333333 0.578696 0.344444 0.582609 0.356667 0.582174 0.370000 0.580000 0.376667 0.577826 0.382222 0.573478 0.383333 0.566957 0.378889 0.563043
0 0.291111 0.538696 0.270000 0.544783 0.268889 0.553043 0.271111 0.555652 0.280000 0.559565 0.295556 0.563043 0.315556 0.563913 0.325556 0.562174 0.338889 0.557391 0.350000 0.549565 0.348889 0.547391 0.331111 0.538261 0.300000 0.537826
0 0.000000 0.536087 0.000000 0.568696 0.007778 0.568696 0.020000 0.566957 0.032222 0.562174 0.036667 0.555652 0.032222 0.548261 0.021111 0.540870 0.006667 0.536087
0 0.000000 0.507391 0.000000 0.534783 0.008889 0.534783 0.020000 0.532609 0.026667 0.528696 0.027778 0.519565 0.024444 0.514783 0.016667 0.510000 0.010000 0.507826
0 0.014444 0.492174 0.011111 0.496957 0.013333 0.507826 0.015556 0.509565 0.020000 0.509565 0.023333 0.510870 0.024444 0.513913 0.045556 0.515217 0.055556 0.513913 0.060000 0.511739 0.076667 0.508261 0.095556 0.507826 0.097778 0.506522 0.096667 0.500435 0.087778 0.496087 0.085556 0.493478 0.076667 0.489565 0.060000 0.486087 0.034444 0.485652
0 0.000000 0.466522 0.000000 0.494783 0.007778 0.494783 0.030000 0.486087 0.034444 0.481304 0.034444 0.475217 0.028889 0.470435 0.005556 0.466522
0 0.052222 0.462609 0.036667 0.468696 0.036667 0.478696 0.040000 0.481304 0.053333 0.485217 0.085556 0.489565 0.103333 0.478696 0.104444 0.470435 0.101111 0.466957 0.091111 0.462609 0.082222 0.461304
0 0.134444 0.458261 0.123333 0.460870 0.110000 0.467826 0.106667 0.472174 0.106667 0.478261 0.110000 0.482174 0.123333 0.487826 0.133333 0.489565 0.145556 0.489565 0.158889 0.487391 0.173333 0.478696 0.176667 0.472609 0.175556 0.462609 0.164444 0.460000
0 0.126667 0.493913 0.105556 0.500435 0.101111 0.505652 0.102222 0.509130 0.123333 0.522609 0.131111 0.525652 0.144444 0.529130 0.155556 0.529565 0.175556 0.523478 0.178889 0.505217 0.173333 0.500000 0.162222 0.496957 0.158889 0.493913
0 0.102222 0.512174 0.086667 0.509565 0.074444 0.509565 0.060000 0.512174 0.041111 0.518696 0.036667 0.523043 0.035556 0.529565 0.038889 0.533043 0.037778 0.537391 0.042222 0.541304 0.048889 0.542174 0.066667 0.541304 0.085556 0.543043 0.101111 0.540000 0.115556 0.534348 0.121111 0.530000 0.123333 0.522174 0.118889 0.518696
0 0.216667 0.476522 0.193333 0.476522 0.177778 0.478261 0.170000 0.481304 0.164444 0.486087 0.164444 0.490870 0.178889 0.502174 0.184444 0.504348 0.194444 0.506087 0.217778 0.502609 0.231111 0.497826 0.237778 0.493043 0.238889 0.482174 0.234444 0.480000
0 0.296667 0.470000 0.272222 0.469565 0.264444 0.470435 0.261111 0.472609 0.254444 0.473478 0.244444 0.484348 0.246667 0.493478 0.252222 0.497826 0.254444 0.502609 0.265556 0.503043 0.275556 0.499565 0.294444 0.498261 0.314444 0.490000 0.318889 0.485652 0.318889 0.478261 0.312222 0.473913
0 0.313333 0.506957 0.305556 0.508261 0.293333 0.512609 0.292222 0.517391 0.283333 0.525217 0.284444 0.528696 0.294444 0.533478 0.304444 0.535652 0.317778 0.537391 0.326667 0.537391 0.342222 0.533043 0.351111 0.527826 0.352222 0.524783 0.345556 0.519130 0.343333 0.513478 0.338889 0.510870 0.333333 0.509130
0 0.337778 0.534348 0.331111 0.537391 0.334444 0.538696 0.335556 0.541304 0.350000 0.548261 0.347778 0.553478 0.374444 0.560435 0.389556 0.559609 0.401111 0.556957 0.406667 0.549130 0.414444 0.545652 0.414444 0.540870 0.405556 0.535217 0.394444 0.531739 0.380000 0.530435 0.352222 0.530870
0 0.401111 0.500435 0.391111 0.500000 0.363333 0.502609 0.351111 0.506087 0.345556 0.510000 0.344444 0.513913 0.348889 0.520435 0.367778 0.529130 0.396667 0.530435 0.405556 0.527391 0.415556 0.521304 0.422222 0.509565 0.414444 0.504348
0 0.415556 0.485652 0.398889 0.493913 0.400000 0.498261 0.405556 0.502174 0.418889 0.507826 0.434444 0.512174 0.445556 0.513043 0.463333 0.510000 0.465556 0.505652 0.448889 0.493043 0.442222 0.490870 0.434444 0.486087 0.425556 0.484783
0 0.585556 0.499565 0.575556 0.503043 0.565556 0.502609 0.555556 0.500000 0.544444 0.499565 0.501111 0.503913 0.488889 0.508696 0.482222 0.513478 0.487778 0.520435 0.497778 0.528261 0.514444 0.532174 0.527778 0.532609 0.548889 0.530435 0.563333 0.527391 0.580000 0.520870 0.583333 0.517826 0.581111 0.507391 0.590000 0.502174
0 0.451111 0.490000 0.454444 0.496522 0.460000 0.500000 0.471111 0.503043 0.495556 0.504348 0.523333 0.500870 0.537778 0.500435 0.543333 0.498696 0.544444 0.493913 0.540000 0.488261 0.521111 0.483913 0.512222 0.480000 0.495556 0.476957 0.483333 0.476522 0.471111 0.478261 0.463333 0.480870
0 0.765556 0.501304 0.754444 0.503043 0.734444 0.511304 0.731111 0.513913 0.727778 0.520870 0.728889 0.529565 0.734444 0.534783 0.745556 0.536957 0.771111 0.537391 0.783333 0.536087 0.791111 0.533913 0.795556 0.528696 0.795556 0.521304 0.790000 0.512174 0.786667 0.509565
0 0.881111 0.506087 0.868889 0.500000 0.846667 0.500435 0.826667 0.508696 0.803333 0.515217 0.800000 0.517826 0.814444 0.520435 0.832222 0.518696 0.852222 0.518696 0.866667 0.520000 0.877778 0.517826 0.881111 0.515217
0 0.878889 0.493043 0.876667 0.502609 0.883333 0.506957 0.900000 0.512174 0.917778 0.513913 0.934444 0.513478 0.951111 0.509130 0.964444 0.507826 0.970000 0.506087 0.970000 0.502609 0.960000 0.494348 0.952222 0.490870 0.944444 0.489130 0.913333 0.484783 0.900000 0.484348 0.895556 0.484783 0.885556 0.488261
0 0.972222 0.453913 0.963333 0.453478 0.933333 0.456957 0.918889 0.462174 0.915556 0.464783 0.900000 0.470870 0.900000 0.480435 0.904444 0.483478 0.940000 0.488261 0.954444 0.487826 0.966667 0.484783 0.975556 0.480000 0.980000 0.473913 0.980000 0.467391 0.971111 0.459130 0.974444 0.455217
0 0.970000 0.422609 0.954444 0.420870 0.928889 0.425217 0.918889 0.428261 0.914444 0.430870 0.912222 0.436087 0.906667 0.439565 0.905556 0.443478 0.931111 0.450870 0.956667 0.450870 0.966667 0.448696 0.976667 0.443043 0.980000 0.437826 0.978889 0.427826
0 0.944444 0.397391 0.921111 0.396522 0.895556 0.401304 0.887778 0.404348 0.886667 0.413043 0.884444 0.415652 0.886667 0.419130 0.914444 0.426087 0.925556 0.425652 0.954444 0.420435 0.961111 0.414783 0.961111 0.408261 0.955556 0.401739
0 0.836667 0.393913 0.817778 0.400870 0.813333 0.404783 0.812222 0.409565 0.818889 0.423478 0.827778 0.425652 0.846667 0.426522 0.865556 0.423043 0.881111 0.418696 0.885556 0.413478 0.884444 0.403913 0.873333 0.396522 0.865556 0.394783
0 0.886667 0.420000 0.874444 0.420000 0.856667 0.423913 0.846667 0.430435 0.848889 0.436087 0.855556 0.441304 0.863333 0.444783 0.888889 0.443913 0.898889 0.442609 0.905556 0.440435 0.911111 0.435217 0.911111 0.430000 0.905556 0.424348
0 0.917778 0.446957 0.896667 0.443913 0.871111 0.445217 0.856667 0.450870 0.850000 0.458696 0.851111 0.463043 0.874444 0.469130 0.905556 0.466957 0.916667 0.463043 0.924444 0.455217 0.924444 0.451304
0 0.824444 0.467391 0.815556 0.479130 0.817778 0.480435 0.845556 0.485217 0.847778 0.486522 0.848889 0.493913 0.858889 0.494348 0.875556 0.493043 0.897778 0.483043 0.896667 0.478261 0.892222 0.475217 0.882222 0.471304 0.854444 0.465217 0.835556 0.465217
0 0.816667 0.481304 0.798889 0.481739 0.785556 0.483478 0.771111 0.487826 0.765556 0.498261 0.774444 0.504348 0.792222 0.510000 0.804444 0.511739 0.817778 0.510000 0.830000 0.506087 0.838889 0.501739 0.845556 0.494783 0.844444 0.486087 0.838889 0.484348
0 0.745556 0.477391 0.728889 0.477826 0.715556 0.479565 0.694444 0.488696 0.692222 0.492609 0.694444 0.498696 0.698889 0.502609 0.714444 0.507826 0.735556 0.508261 0.746667 0.506087 0.756667 0.502174 0.762222 0.498261 0.765556 0.490435 0.764444 0.485652 0.760000 0.481739
0 0.680000 0.469130 0.661111 0.467826 0.647778 0.468696 0.638889 0.470435 0.637778 0.475217 0.640000 0.479565 0.635556 0.490435 0.640000 0.494348 0.653333 0.496087 0.666667 0.496087 0.682222 0.493478 0.691111 0.490435 0.695556 0.486522 0.693333 0.474348
0 0.665556 0.499130 0.633333 0.496957 0.623333 0.497826 0.593333 0.504783 0.583333 0.509130 0.583333 0.514348 0.591111 0.521739 0.615556 0.526522 0.624444 0.527391 0.635556 0.526522 0.643333 0.522609 0.652222 0.513913 0.666667 0.507826 0.667778 0.501304
0 0.817778 0.462609 0.801111 0.461304 0.773333 0.462174 0.760000 0.466087 0.754444 0.470435 0.752222 0.475652 0.754444 0.478696 0.765556 0.484783 0.775556 0.486087 0.785556 0.483043 0.811111 0.479565 0.814444 0.478261 0.823333 0.467391
0 0.845556 0.433913 0.834444 0.432174 0.821111 0.435652 0.787778 0.441304 0.777778 0.445217 0.767778 0.452609 0.768889 0.460435 0.772222 0.461739 0.804444 0.460870 0.816667 0.462174 0.824444 0.464783 0.836667 0.463913 0.845556 0.460435 0.857778 0.448261 0.857778 0.446087 0.850000 0.441304
0 0.841111 0.427391 0.816667 0.423913 0.803333 0.425652 0.788889 0.431304 0.781111 0.439130 0.783333 0.442174 0.820000 0.436087 0.827778 0.433043 0.841111 0.432174
0 0.763333 0.393913 0.754444 0.396087 0.748889 0.406522 0.752222 0.423913 0.754444 0.425652 0.764444 0.427826 0.784444 0.429130 0.795556 0.427826 0.804444 0.423478 0.812222 0.421739 0.815556 0.416087 0.806667 0.409130 0.782222 0.399565
0 0.744444 0.425652 0.715556 0.435652 0.712222 0.447391 0.716667 0.450435 0.723333 0.450870 0.744444 0.455652 0.748889 0.455652 0.764444 0.453478 0.772222 0.449565 0.780000 0.442609 0.784444 0.431739 0.776667 0.428696
0 0.716667 0.400000 0.704444 0.400435 0.681111 0.404348 0.672222 0.407826 0.664444 0.415217 0.665556 0.420000 0.673333 0.429130 0.678889 0.433043 0.684444 0.434783 0.693333 0.436087 0.715556 0.434783 0.725556 0.430870 0.733333 0.429565 0.745556 0.423478 0.747778 0.421304 0.745556 0.406522 0.738889 0.403478
0 0.705556 0.436957 0.683333 0.435217 0.665556 0.435652 0.654444 0.436957 0.634444 0.443478 0.632222 0.447391 0.640000 0.458696 0.654444 0.466087 0.667778 0.466957 0.675556 0.465652 0.680000 0.463913 0.687778 0.456522 0.704444 0.450870 0.712222 0.443913 0.710000 0.439130
0 0.693333 0.454348 0.683333 0.459565 0.682222 0.465217 0.694444 0.473478 0.713333 0.478261 0.745556 0.475652 0.756667 0.466087 0.756667 0.462174 0.751111 0.458696 0.736667 0.453913 0.725556 0.452174 0.704444 0.452174
0 0.645556 0.412174 0.633333 0.412174 0.613333 0.416087 0.596667 0.420870 0.590000 0.430870 0.593333 0.434348 0.605556 0.436087 0.623333 0.440435 0.630000 0.440870 0.637778 0.440435 0.660000 0.434783 0.667778 0.428261 0.665556 0.420870 0.658889 0.415652
0 0.566667 0.436957 0.553333 0.442609 0.544444 0.450000 0.544444 0.453913 0.552222 0.459565 0.594444 0.472174 0.615556 0.467391 0.627778 0.466957 0.636667 0.460000 0.636667 0.454783 0.634444 0.450870 0.620000 0.440870 0.607778 0.436957 0.596667 0.435652 0.574444 0.435217
0 0.627778 0.467826 0.614444 0.467826 0.593333 0.473478 0.588889 0.480435 0.575556 0.490000 0.574444 0.495217 0.578889 0.496957 0.592222 0.497826 0.601111 0.500435 0.607778 0.500435 0.621111 0.498261 0.631111 0.495217 0.638889 0.486522 0.640000 0.476957 0.636667 0.471739
0 0.542222 0.462174 0.534444 0.463478 0.524444 0.467826 0.513333 0.479565 0.518889 0.483913 0.540000 0.489565 0.545556 0.494348 0.555556 0.494783 0.570000 0.491304 0.578889 0.487826 0.588889 0.478696 0.590000 0.473913 0.586667 0.470870 0.576667 0.466957 0.560000 0.462609
0 0.453333 0.458261 0.447778 0.462609 0.445556 0.474783 0.454444 0.480000 0.465556 0.480000 0.481111 0.476522 0.492222 0.476522 0.503333 0.478696 0.514444 0.477826 0.520000 0.472174 0.520000 0.468261 0.516667 0.462609 0.505556 0.456957 0.493333 0.454348 0.471111 0.453478
0 0.494444 0.427391 0.488111 0.428391 0.478889 0.431304 0.471111 0.435217 0.474444 0.440435 0.474444 0.447391 0.482222 0.452174 0.506667 0.456087 0.514444 0.460000 0.525556 0.460435 0.536667 0.453043 0.543333 0.446087 0.541111 0.435217 0.535556 0.430870 0.525556 0.426957 0.504444 0.426522
0 0.571111 0.403913 0.554444 0.404348 0.536667 0.407826 0.527778 0.411739 0.523333 0.415652 0.524444 0.423913 0.546667 0.432609 0.554444 0.437391 0.563333 0.437391 0.573333 0.434783 0.585556 0.433913 0.588889 0.432609 0.593333 0.424348 0.591111 0.411304 0.581111 0.405652
0 0.454444 0.392609 0.442222 0.396087 0.445556 0.400435 0.434444 0.411739 0.434444 0.419565 0.440000 0.424783 0.451111 0.428261 0.472222 0.430000 0.484444 0.429565 0.505556 0.425217 0.511111 0.421739 0.514444 0.414783 0.512222 0.404348 0.504444 0.399565 0.493333 0.396957 0.483333 0.393043 0.478889 0.392174
0 0.434444 0.421304 0.401111 0.431304 0.396667 0.441304 0.397778 0.447826 0.401111 0.450435 0.420000 0.452174 0.434444 0.456087 0.456667 0.456087 0.463333 0.454783 0.471111 0.451304 0.473333 0.442174 0.466667 0.433913 0.455556 0.428696 0.444444 0.426522
0 0.375556 0.467826 0.365556 0.469130 0.347778 0.475652 0.338889 0.480000 0.334444 0.484348 0.334444 0.496957 0.345556 0.502174 0.354444 0.503478 0.380000 0.500870 0.388889 0.498696 0.396667 0.494783 0.400000 0.490435 0.397778 0.486087 0.398889 0.482174 0.393333 0.474348
0 0.374444 0.452174 0.368889 0.454348 0.371111 0.467391 0.390000 0.472609 0.400000 0.480870 0.414444 0.482174 0.423333 0.480870 0.442222 0.473043 0.444444 0.470870 0.444444 0.462174 0.438889 0.457391 0.423333 0.452609 0.413333 0.451304
0 0.216667 0.435652 0.216667 0.440000 0.224444 0.449565 0.251111 0.456087 0.263333 0.461304 0.275556 0.462174 0.293333 0.461739 0.313333 0.453478 0.320000 0.446087 0.318889 0.436522 0.310000 0.431739 0.285556 0.427826 0.244444 0.428696 0.228889 0.433913
0 0.201111 0.967826 0.195556 0.966957 0.185556 0.967826 0.175556 0.972609 0.152222 0.975217 0.141111 0.980435 0.137778 0.984783 0.138889 0.990000 0.143333 0.994348 0.155556 0.998261 0.155556 1.000000 0.192222 1.000000 0.192222 0.998261 0.203333 0.991304 0.210000 0.984348 0.207778 0.970870
0 0.195556 0.451304 0.181111 0.459130 0.177778 0.463913 0.178889 0.470870 0.187778 0.474783 0.195556 0.475652 0.215556 0.475652 0.233333 0.478261 0.245556 0.477826 0.266667 0.469130 0.268889 0.466522 0.256667 0.458261 0.236667 0.452174 0.225556 0.450000 0.203333 0.450000
0 0.413333 0.402609 0.397778 0.399130 0.383333 0.398696 0.368889 0.400435 0.357778 0.403913 0.347778 0.410870 0.345556 0.425217 0.352222 0.429130 0.361111 0.430435 0.398889 0.430870 0.414444 0.427391 0.424444 0.423478 0.430000 0.418261 0.428889 0.411739 0.424444 0.407826
0 0.263333 0.412174 0.263333 0.416522 0.274444 0.421739 0.277778 0.425652 0.282222 0.427391 0.314444 0.432174 0.330000 0.430435 0.338889 0.426522 0.345556 0.420435 0.346667 0.411739 0.335556 0.405217 0.326667 0.403913 0.301111 0.404348 0.290000 0.406087 0.273333 0.411304
0 0.203333 0.400435 0.190000 0.403913 0.175556 0.410000 0.168889 0.423913 0.174444 0.427826 0.195556 0.433913 0.217778 0.434783 0.235556 0.431739 0.243333 0.427391 0.244444 0.421304 0.238889 0.413913 0.224444 0.406957 0.218889 0.401739 0.213333 0.400435
0 0.154444 0.427391 0.136667 0.432609 0.128889 0.439130 0.132222 0.453913 0.135556 0.456957 0.142222 0.458696 0.175556 0.460000 0.184444 0.457391 0.192222 0.452609 0.200000 0.450000 0.202222 0.441739 0.193333 0.433478 0.177778 0.428261 0.167778 0.426957
0 0.106667 0.433913 0.094444 0.433913 0.088889 0.435217 0.082222 0.440000 0.074444 0.443043 0.071111 0.446957 0.074444 0.457391 0.094444 0.462609 0.105556 0.462174 0.112222 0.460870 0.120000 0.457391 0.124444 0.453043 0.130000 0.451304 0.130000 0.446957 0.126667 0.443478 0.114444 0.436087
0 0.045556 0.439565 0.025556 0.440870 0.010000 0.446957 0.005556 0.451739 0.000000 0.452174 0.000000 0.456522 0.004444 0.456522 0.008889 0.461304 0.024444 0.466087 0.035556 0.466522 0.056667 0.460870 0.067778 0.455652 0.068889 0.446087 0.055556 0.441304
0 0.080000 0.396087 0.081111 0.413913 0.098889 0.431739 0.114444 0.435217 0.133333 0.433913 0.152222 0.427826 0.158889 0.424348 0.161111 0.419565 0.155556 0.413478 0.145556 0.409130 0.113333 0.400435 0.086667 0.395652
0 0.076667 0.416087 0.060000 0.416522 0.037778 0.420870 0.032222 0.423043 0.027778 0.426957 0.026667 0.432174 0.028889 0.436522 0.033333 0.438696 0.045556 0.439565 0.067778 0.443913 0.074444 0.443043 0.082222 0.438261 0.093333 0.433913 0.095556 0.428261 0.092222 0.423478 0.085556 0.418261
0 0.142222 0.540870 0.146667 0.544783 0.157778 0.549130 0.177778 0.551304 0.195556 0.550870 0.205556 0.548261 0.226667 0.545217 0.223333 0.541739 0.222222 0.532609 0.218889 0.530435 0.205556 0.528261 0.198889 0.525652 0.190000 0.524783 0.175556 0.525217 0.154444 0.531739