0 0.622134 0.134425 0.612434 0.140129 0.610670 0.145585 0.611993 0.148810 0.618607 0.152034 0.627866 0.155258 0.637125 0.155010 0.643298 0.153770 0.649471 0.150546 0.649471 0.145089 0.648148 0.141865 0.645944 0.139385 0.642416 0.137153 0.636243 0.134673 0.630511 0.133929 0.628748 0.133185
0 0.593915 0.114087 0.589065 0.115575 0.585538 0.117560 0.582011 0.121776 0.582011 0.125744 0.583333 0.127728 0.589947 0.131944 0.599647 0.133433 0.608025 0.133681 0.617284 0.131200 0.620370 0.129464 0.622134 0.127480 0.619929 0.119048 0.614198 0.115823 0.607584 0.113839 0.597884 0.113591
0 0.593915 0.093750 0.586420 0.093502 0.576720 0.096478 0.568342 0.101190 0.566138 0.104167 0.565697 0.107639 0.569665 0.110367 0.575397 0.111855 0.580247 0.114831 0.585979 0.116567 0.587302 0.116567 0.594356 0.113839 0.602293 0.109623 0.605820 0.103175 0.606261 0.099206 0.598765 0.094742
0 0.615079 0.075893 0.606702 0.076141 0.599647 0.077877 0.596120 0.079861 0.595238 0.082093 0.595238 0.086806 0.597002 0.091766 0.599206 0.093998 0.607143 0.098462 0.614638 0.098214 0.626102 0.094990 0.630071 0.092262 0.633157 0.088046 0.632275 0.084077 0.629630 0.080853 0.622575 0.077381
0 0.572751 0.074157 0.568342 0.079861 0.570106 0.084325 0.579806 0.089782 0.586861 0.089782 0.589506 0.087798 0.590829 0.085317 0.590829 0.079861 0.588183 0.076389 0.586420 0.075149 0.581129 0.073661
0 0.580688 0.126736 0.573633 0.125248 0.570106 0.125248 0.563492 0.125992 0.558642 0.127976 0.556878 0.132440 0.556878 0.139385 0.559524 0.141865 0.564815 0.143601 0.567019 0.143601 0.575397 0.140873 0.579806 0.138393 0.583774 0.134921 0.584215 0.130208
0 0.600970 0.134177 0.592152 0.133681 0.586861 0.134673 0.579365 0.141121 0.577601 0.146577 0.581570 0.150546 0.585979 0.152530 0.596561 0.152778 0.600529 0.152034 0.605820 0.149058 0.609347 0.145833 0.610670 0.143353 0.609788 0.140377
0 0.608025 0.152530 0.600088 0.155010 0.597443 0.157490 0.595679 0.161210 0.597002 0.166419 0.599647 0.168899 0.604497 0.170883 0.614638 0.171379 0.621693 0.173115 0.629189 0.169891 0.630511 0.166419 0.630511 0.161954 0.628748 0.158234 0.622134 0.154762 0.615079 0.152034
0 0.629630 0.189980 0.623016 0.191220 0.615961 0.194196 0.612875 0.196181 0.611552 0.199405 0.611993 0.204117 0.614638 0.209077 0.622575 0.213046 0.628307 0.214286 0.636243 0.212798 0.640653 0.210317 0.644621 0.202629 0.643739 0.197421 0.640212 0.192956 0.635802 0.190476
0 0.607143 0.172371 0.600970 0.174603 0.597002 0.177579 0.594797 0.181548 0.597443 0.190228 0.599647 0.192460 0.614638 0.195188 0.621693 0.192460 0.626543 0.189484 0.627866 0.186508 0.627866 0.180804 0.626102 0.177083 0.623016 0.174603 0.615520 0.172123
0 0.565697 0.176091 0.562169 0.177827 0.556878 0.184028 0.556878 0.189732 0.560406 0.193452 0.566138 0.195685 0.576279 0.197421 0.581129 0.197421 0.593474 0.193700 0.596120 0.190228 0.595238 0.185764 0.593474 0.181796 0.587743 0.177827 0.580247 0.176091
0 0.556437 0.146081 0.548060 0.153770 0.549383 0.158978 0.552028 0.161954 0.565697 0.167659 0.581129 0.167163 0.585097 0.166171 0.585097 0.156994 0.583774 0.153770 0.580247 0.150298 0.575838 0.148065 0.566578 0.145089
0 0.552469 0.162450 0.541446 0.163938 0.539683 0.164931 0.536155 0.169891 0.540564 0.177827 0.544974 0.180060 0.557760 0.178571 0.566138 0.175099 0.567460 0.173859 0.566138 0.169891 0.560847 0.165923
0 0.531746 0.158234 0.523369 0.156498 0.507937 0.158978 0.500441 0.162450 0.497795 0.166171 0.509700 0.172867 0.514550 0.173611 0.531746 0.173611 0.535273 0.171379 0.537037 0.166419 0.536155 0.161458
0 0.526455 0.173611 0.517637 0.173859 0.515432 0.175595 0.506173 0.177331 0.502205 0.181300 0.503968 0.185516 0.511023 0.190476 0.517196 0.192708 0.523369 0.192460 0.530423 0.190228 0.534832 0.185764 0.534392 0.177579 0.530864 0.174851
0 0.482363 0.165427 0.475750 0.169643 0.473545 0.173611 0.473104 0.178075 0.484127 0.186012 0.489418 0.187500 0.496032 0.186756 0.499559 0.185516 0.501323 0.180804 0.503968 0.178571 0.503527 0.174107 0.500000 0.169891 0.496914 0.168155 0.489859 0.165427
0 0.488536 0.157986 0.481481 0.156498 0.467372 0.155506 0.460758 0.157242 0.455908 0.159722 0.453704 0.161706 0.454145 0.166667 0.458554 0.172123 0.463845 0.173363 0.471340 0.173363 0.473545 0.172867 0.477072 0.169147 0.482804 0.166171 0.486772 0.165179 0.490741 0.162202
0 0.489418 0.144097 0.485891 0.150050 0.487213 0.154514 0.489418 0.156498 0.494268 0.157242 0.496032 0.158482 0.511464 0.158234 0.525573 0.154514 0.520282 0.146329 0.514550 0.143353 0.507055 0.141369 0.500441 0.141121 0.493827 0.142361 0.491182 0.143849
0 0.538360 0.132937 0.530864 0.133433 0.526014 0.136409 0.522928 0.137153 0.520723 0.138641 0.520282 0.143849 0.521164 0.146577 0.526455 0.154762 0.529982 0.156250 0.538360 0.155754 0.544533 0.154018 0.550705 0.150546 0.553792 0.146825 0.552028 0.142857 0.547619 0.138393 0.542328 0.134673
0 0.542328 0.111607 0.541887 0.119792 0.544092 0.123264 0.550265 0.125992 0.555556 0.125992 0.564815 0.124256 0.571869 0.123760 0.578483 0.119792 0.580688 0.119296 0.579365 0.115079 0.572751 0.110863 0.566138 0.109623 0.558642 0.109623 0.551587 0.108631 0.546296 0.109871
0 0.523810 0.106151 0.516755 0.111607 0.514550 0.114831 0.513228 0.119296 0.516755 0.123016 0.519400 0.127480 0.523369 0.128968 0.531305 0.129464 0.537919 0.127728 0.539683 0.126488 0.541005 0.123512 0.540564 0.114335 0.537919 0.111111 0.531305 0.107391
0 0.511023 0.119792 0.500000 0.121280 0.497795 0.122272 0.496473 0.124008 0.494268 0.129960 0.496473 0.138641 0.501764 0.140129 0.507496 0.139633 0.514550 0.136161 0.518078 0.131200 0.518959 0.126736 0.517196 0.122768 0.513668 0.120536
0 0.475309 0.126984 0.468695 0.128968 0.465608 0.130704 0.464727 0.132440 0.461199 0.134673 0.458554 0.138889 0.460758 0.142857 0.467372 0.147321 0.471340 0.148810 0.476631 0.149306 0.482363 0.147817 0.489859 0.142857 0.492504 0.138145 0.492945 0.134425 0.490300 0.132688 0.486332 0.131696 0.479718 0.128224
0 0.490300 0.099454 0.488977 0.100446 0.485891 0.106399 0.485891 0.111607 0.488977 0.115079 0.489418 0.116815 0.493386 0.120040 0.496473 0.121032 0.503527 0.120784 0.509700 0.119296 0.513228 0.117063 0.516755 0.111855 0.516314 0.108879 0.513668 0.105159 0.510582 0.103423 0.500000 0.100198 0.496914 0.098214
0 0.525132 0.091270 0.521164 0.093750 0.517196 0.097966 0.516755 0.099950 0.518959 0.102431 0.524250 0.105407 0.530864 0.105655 0.533510 0.107391 0.537478 0.108631 0.545855 0.108135 0.552910 0.103671 0.552910 0.098710 0.548060 0.091766 0.545414 0.090526 0.539242 0.089782 0.531305 0.090030
0 0.517637 0.079117 0.503086 0.080853 0.493827 0.084077 0.492063 0.087054 0.492063 0.091766 0.494268 0.094246 0.499559 0.096974 0.504850 0.097966 0.515432 0.097222 0.517637 0.096478 0.520723 0.090526 0.520723 0.083829 0.519400 0.080109
0 0.466049 0.084821 0.461640 0.085317 0.456349 0.087798 0.453704 0.091518 0.454145 0.095982 0.458554 0.101687 0.463404 0.104167 0.469136 0.105903 0.476190 0.104663 0.479277 0.102927 0.483245 0.099702 0.483686 0.095486 0.482804 0.091766 0.480159 0.090030 0.478836 0.087798 0.471340 0.085069
0 0.483686 0.110615 0.476631 0.109375 0.466931 0.109127 0.460317 0.110119 0.456790 0.112103 0.454145 0.115079 0.453263 0.120040 0.455908 0.124256 0.461640 0.127976 0.469136 0.128224 0.477072 0.126240 0.482804 0.125992 0.485891 0.124008 0.489418 0.119792 0.489418 0.116567 0.487213 0.112599
0 0.433422 0.122272 0.431217 0.123016 0.426367 0.127728 0.425485 0.130704 0.425926 0.135417 0.426808 0.137401 0.430335 0.138889 0.433862 0.143601 0.441799 0.144097 0.448854 0.141617 0.455026 0.137649 0.456790 0.134921 0.456349 0.130208 0.454586 0.126736 0.448854 0.123016 0.444004 0.122272
0 0.453704 0.141617 0.448413 0.143105 0.445326 0.144841 0.439153 0.146329 0.438713 0.150794 0.439594 0.154018 0.441358 0.155506 0.446649 0.157490 0.455026 0.159474 0.458554 0.158234 0.465168 0.154018 0.462522 0.149058 0.462081 0.146329 0.458995 0.144841 0.456790 0.142609 0.455026 0.141617
0 0.429453 0.162698 0.423280 0.164931 0.416667 0.168899 0.415785 0.170139 0.417989 0.173859 0.426808 0.178819 0.433422 0.180308 0.441799 0.180556 0.447972 0.178075 0.452381 0.173859 0.451940 0.165923 0.449735 0.163938 0.443563 0.162202 0.433862 0.161954
0 0.449735 0.177083 0.444444 0.181548 0.446649 0.185516 0.450617 0.187004 0.454145 0.189484 0.468254 0.192956 0.475750 0.191964 0.476190 0.185516 0.474868 0.181300 0.470459 0.178323 0.462522 0.174107 0.454586 0.175347
0 0.511023 0.196925 0.505732 0.200397 0.502646 0.204613 0.502646 0.209325 0.503527 0.210565 0.507937 0.213294 0.513228 0.214534 0.525132 0.215030 0.528219 0.214286 0.533069 0.212054 0.535714 0.209077 0.535273 0.204117 0.533069 0.200893 0.529541 0.198165 0.524250 0.196181 0.516314 0.195933
0 0.426367 0.143105 0.419753 0.142609 0.417108 0.144345 0.412698 0.145833 0.405203 0.151042 0.401675 0.157986 0.402557 0.162698 0.405203 0.165923 0.413580 0.167659 0.424603 0.164435 0.430335 0.161706 0.432981 0.157738 0.433862 0.150050 0.431217 0.146081
0 0.398589 0.165427 0.395062 0.165923 0.392857 0.167163 0.378748 0.171875 0.373457 0.178075 0.375220 0.180308 0.380511 0.182540 0.399912 0.185516 0.409612 0.182788 0.411376 0.181052 0.412257 0.177083 0.411376 0.172867 0.409612 0.170139 0.402116 0.165923
0 0.386243 0.148313 0.377866 0.149306 0.372575 0.151290 0.366843 0.152530 0.361111 0.154762 0.358907 0.156746 0.358907 0.162698 0.365520 0.167907 0.371252 0.170387 0.379189 0.171379 0.385802 0.168899 0.393298 0.164931 0.395944 0.161210 0.400353 0.158234 0.399471 0.154514 0.391975 0.150298
0 0.404762 0.125744 0.397266 0.126984 0.391093 0.130704 0.393739 0.138889 0.397266 0.142361 0.406966 0.144593 0.412257 0.143601 0.416667 0.140625 0.421076 0.138889 0.423280 0.134177 0.421517 0.129712 0.416226 0.126736 0.412257 0.125992
0 0.440917 0.099950 0.433422 0.100198 0.425926 0.103671 0.422840 0.106895 0.423721 0.111359 0.426808 0.117808 0.430776 0.119792 0.433862 0.120536 0.441358 0.120536 0.448413 0.118056 0.451940 0.116071 0.456349 0.111359 0.455908 0.106647 0.452381 0.103423
0 0.397266 0.091022 0.395062 0.091766 0.391534 0.095238 0.389330 0.099454 0.392857 0.107639 0.395944 0.109375 0.403439 0.111855 0.407407 0.112103 0.412698 0.111359 0.420194 0.106895 0.421517 0.104167 0.420635 0.099702 0.415785 0.094494 0.413139 0.093006 0.406085 0.091022
0 0.441799 0.079365 0.429894 0.079861 0.426808 0.080853 0.421517 0.084077 0.421517 0.088294 0.424603 0.091270 0.427249 0.092758 0.433862 0.094494 0.442240 0.093006 0.447972 0.088294 0.447972 0.083333 0.445326 0.080605
0 0.397266 0.079861 0.392857 0.083829 0.391534 0.087302 0.392416 0.089286 0.397266 0.090278 0.406526 0.090278 0.412698 0.092262 0.414462 0.092014 0.417108 0.088790 0.416667 0.084077 0.412257 0.079861 0.407407 0.078125 0.405203 0.078125
0 0.363316 0.085317 0.360229 0.086062 0.356261 0.089038 0.354938 0.091270 0.355379 0.096230 0.357584 0.098710 0.363316 0.101190 0.372575 0.102183 0.379630 0.100198 0.384480 0.095982 0.384039 0.090278 0.382275 0.087550 0.379189 0.086062 0.372575 0.085317
0 0.371252 0.109127 0.366843 0.111359 0.362434 0.115079 0.361993 0.119792 0.366402 0.125000 0.371252 0.127480 0.384921 0.130456 0.389330 0.128720 0.392857 0.126240 0.399471 0.125744 0.401235 0.123760 0.401235 0.122272 0.399471 0.119048 0.397266 0.117808 0.395503 0.115079 0.387566 0.110863 0.379189 0.108383
0 0.372575 0.128968 0.363316 0.130704 0.353175 0.134673 0.352293 0.137897 0.348765 0.142609 0.349206 0.144841 0.350529 0.146081 0.356702 0.147321 0.364198 0.150546 0.372134 0.150794 0.378748 0.148562 0.386243 0.147321 0.388889 0.145089 0.390212 0.142609 0.389771 0.138145 0.386684 0.133681 0.379189 0.130208
0 0.343474 0.146329 0.336861 0.149058 0.335097 0.150546 0.334215 0.158730 0.343474 0.169395 0.350970 0.170139 0.351411 0.165427 0.358025 0.157490 0.358025 0.151042 0.357143 0.149802 0.350970 0.146577
0 0.336861 0.168155 0.328924 0.168899 0.322751 0.170635 0.320106 0.172867 0.319665 0.178075 0.320547 0.179563 0.329365 0.184772 0.336861 0.184276 0.339947 0.183284 0.343915 0.180308 0.346561 0.176835 0.347443 0.172867 0.346120 0.170883 0.344356 0.169891
0 0.316578 0.145337 0.308642 0.146329 0.304674 0.147569 0.294974 0.154266 0.291446 0.160962 0.291887 0.164435 0.294092 0.165923 0.301146 0.167659 0.310406 0.167907 0.318342 0.166171 0.324074 0.164187 0.326720 0.162450 0.329806 0.158234 0.328042 0.152282 0.326720 0.150298 0.323192 0.148065
0 0.345679 0.127728 0.343034 0.127480 0.337302 0.128472 0.329365 0.128720 0.318783 0.132192 0.315697 0.133681 0.314374 0.135169 0.313492 0.139633 0.316138 0.144345 0.325397 0.149306 0.328924 0.150298 0.335979 0.149306 0.339506 0.147321 0.345238 0.145833 0.347884 0.143849 0.350088 0.138641 0.348765 0.129464
0 0.329365 0.106895 0.326720 0.114087 0.326720 0.119296 0.336861 0.124256 0.343034 0.125248 0.350970 0.124504 0.354938 0.122272 0.358466 0.119048 0.359788 0.116319 0.358466 0.111111 0.350970 0.106895
0 0.323192 0.083829 0.315256 0.087550 0.312169 0.091518 0.310406 0.095982 0.316138 0.101935 0.323192 0.103919 0.328483 0.104663 0.336420 0.103919 0.341711 0.100198 0.343915 0.096974 0.343915 0.090774 0.342152 0.089782 0.340829 0.087798 0.332011 0.083829
0 0.299824 0.103175 0.298501 0.103671 0.297178 0.106399 0.294974 0.107143 0.294974 0.111607 0.299824 0.117560 0.310847 0.124008 0.316138 0.125000 0.318783 0.123264 0.319665 0.120040 0.323192 0.117560 0.324074 0.113591 0.323633 0.109127 0.316138 0.103423 0.310847 0.102679
0 0.288801 0.120784 0.286596 0.121776 0.285273 0.123760 0.283510 0.129960 0.283510 0.135169 0.287919 0.140625 0.290123 0.141369 0.295414 0.141865 0.302469 0.139633 0.308201 0.135169 0.309524 0.131200 0.309083 0.127232 0.305996 0.123016 0.302910 0.121280 0.295855 0.120536
0 0.267196 0.144097 0.261464 0.146329 0.258818 0.150546 0.260582 0.155258 0.268078 0.161210 0.274691 0.162202 0.282187 0.162450 0.287478 0.159722 0.291887 0.154514 0.292769 0.150794 0.291887 0.148562 0.287478 0.145337 0.282628 0.144097 0.275573 0.143353
0 0.273810 0.162450 0.266755 0.166419 0.265432 0.169643 0.266314 0.175099 0.269841 0.178075 0.274250 0.179563 0.277778 0.181796 0.280864 0.182540 0.290123 0.182540 0.292769 0.181548 0.297619 0.176835 0.298501 0.174603 0.297619 0.169891 0.294533 0.167907 0.287478 0.165427
0 0.238095 0.184028 0.237654 0.186012 0.239418 0.187500 0.260141 0.195685 0.267196 0.194692 0.270282 0.193700 0.273810 0.189732 0.274691 0.185268 0.272928 0.182044 0.270723 0.180556 0.266755 0.179315 0.253086 0.178075 0.244709 0.181548 0.239418 0.183036
0 0.245150 0.156250 0.234568 0.159226 0.230159 0.161954 0.231481 0.163690 0.231481 0.165923 0.233686 0.169891 0.238977 0.174107 0.248236 0.178075 0.254409 0.179067 0.259700 0.177827 0.263228 0.174851 0.263228 0.167659 0.265873 0.161954 0.262787 0.158730 0.259700 0.157242
0 0.229718 0.149554 0.223986 0.148313 0.218254 0.147817 0.212522 0.148562 0.208113 0.150050 0.202822 0.154762 0.202381 0.158730 0.204145 0.162202 0.207231 0.163938 0.212081 0.165427 0.220018 0.165427 0.230600 0.163690 0.236332 0.157986 0.231922 0.154514 0.231481 0.151042
0 0.245591 0.124752 0.239859 0.125496 0.236772 0.126984 0.231481 0.133681 0.231481 0.140625 0.232363 0.143601 0.236332 0.149058 0.239418 0.150794 0.246914 0.151538 0.259259 0.148562 0.264550 0.144841 0.265873 0.142361 0.260582 0.135169 0.254409 0.128968 0.250000 0.125744
0 0.232363 0.118800 0.225750 0.115079 0.216931 0.114583 0.211640 0.115327 0.201058 0.119544 0.194004 0.126736 0.194444 0.128472 0.197531 0.130704 0.210758 0.133185 0.218254 0.132937 0.229277 0.131200 0.232804 0.129464 0.234568 0.127480 0.234568 0.122520
0 0.259700 0.105655 0.253086 0.106895 0.250441 0.108135 0.250000 0.115327 0.256614 0.123264 0.264550 0.127728 0.267637 0.128472 0.272046 0.127232 0.276896 0.123264 0.278660 0.114831 0.274250 0.108135 0.267637 0.105903
0 0.246473 0.085813 0.240300 0.088046 0.238095 0.092262 0.238977 0.098462 0.242945 0.101687 0.243386 0.103671 0.246473 0.106151 0.254409 0.106399 0.264109 0.104911 0.266755 0.103423 0.268519 0.098462 0.267637 0.091022 0.264991 0.087798 0.257937 0.085813
0 0.287919 0.066716 0.285714 0.068204 0.283951 0.071925 0.284392 0.076389 0.287037 0.079861 0.289683 0.081349 0.294974 0.082837 0.302469 0.082589 0.306437 0.081349 0.309524 0.079365 0.311728 0.076141 0.311728 0.072173 0.309083 0.068204 0.302028 0.066220 0.295414 0.065476
0 0.225750 0.086310 0.217813 0.086062 0.208554 0.087798 0.202822 0.091518 0.199295 0.095486 0.200176 0.099454 0.202822 0.103671 0.208995 0.107639 0.211640 0.108383 0.220018 0.108383 0.226190 0.107639 0.234127 0.103671 0.235450 0.101935 0.236332 0.098214 0.234568 0.092014 0.231041 0.089534 0.230159 0.088046
0 0.156085 0.094246 0.153880 0.098710 0.154321 0.103919 0.156085 0.106647 0.161376 0.111359 0.163580 0.112599 0.168871 0.113343 0.177690 0.111855 0.184303 0.107143 0.185185 0.102927 0.183422 0.099702 0.177249 0.095982 0.170635 0.093750 0.161376 0.093502
0 0.121693 0.074405 0.117284 0.076141 0.114638 0.079613 0.115961 0.085069 0.121693 0.091518 0.128307 0.095734 0.135362 0.098462 0.142857 0.098958 0.146384 0.095734 0.146384 0.093254 0.149030 0.088046 0.148589 0.083829 0.146825 0.080109 0.141975 0.076389 0.135362 0.074405 0.130511 0.073909
0 0.308201 0.182044 0.302028 0.183036 0.294974 0.187004 0.294092 0.188740 0.294092 0.194196 0.295414 0.197173 0.301587 0.201389 0.306437 0.203373 0.310406 0.203621 0.315697 0.202381 0.320547 0.199157 0.321869 0.197669 0.322310 0.192460 0.321869 0.188988 0.319665 0.184772 0.315697 0.183284
0 0.343474 0.184276 0.334656 0.185268 0.332011 0.186260 0.329806 0.189236 0.329365 0.194196 0.332451 0.198661 0.337743 0.202133 0.338624 0.204861 0.343915 0.206349 0.349206 0.204861 0.353175 0.201141 0.358466 0.193204 0.357143 0.191964 0.356261 0.188988 0.354056 0.187004 0.351411 0.185516
0 0.363316 0.193204 0.365520 0.197669 0.373016 0.202381 0.378307 0.204613 0.388007 0.205605 0.396825 0.205357 0.399471 0.204861 0.402998 0.202133 0.404762 0.197669 0.404321 0.191220 0.401235 0.187996 0.394621 0.185516 0.386243 0.184524 0.378748 0.185020 0.371693 0.187996
0 0.408730 0.185516 0.406526 0.187252 0.405203 0.190476 0.405644 0.197917 0.408730 0.201389 0.413139 0.203373 0.421076 0.203869 0.429453 0.202629 0.434303 0.201141 0.436949 0.198661 0.436949 0.193204 0.431658 0.189484 0.421076 0.185268 0.412698 0.184276
0 0.447531 0.191468 0.441799 0.193204 0.440035 0.194444 0.438272 0.196925 0.439594 0.199405 0.442681 0.201141 0.446208 0.205109 0.447972 0.205853 0.456349 0.206349 0.462963 0.205109 0.467813 0.201637 0.467813 0.196925 0.464727 0.193948 0.461640 0.192460 0.456790 0.191468
0 0.472663 0.208829 0.462522 0.206845 0.454586 0.207589 0.446208 0.207589 0.440476 0.208581 0.436949 0.211806 0.436508 0.213294 0.437831 0.217014 0.440917 0.221230 0.447090 0.223710 0.454586 0.223214 0.462081 0.220982 0.473545 0.213046
0 0.399030 0.223958 0.391534 0.223710 0.384921 0.224454 0.376102 0.228423 0.374339 0.232887 0.376543 0.236359 0.385362 0.241071 0.391975 0.242063 0.399912 0.241319 0.406966 0.239335 0.410935 0.236359 0.410935 0.231647 0.409612 0.228423 0.406526 0.226190 0.402116 0.224454
0 0.302469 0.206101 0.295414 0.208829 0.293651 0.210565 0.288801 0.212798 0.290123 0.217014 0.293210 0.218750 0.294974 0.221230 0.298942 0.222222 0.303792 0.224702 0.307319 0.225198 0.318783 0.224702 0.323192 0.223214 0.327160 0.220486 0.328483 0.215030 0.326279 0.209325 0.323192 0.206845 0.316138 0.205109 0.308201 0.205109
0 0.232363 0.189980 0.228395 0.191220 0.225309 0.193452 0.224868 0.198413 0.225750 0.200645 0.230159 0.205357 0.237654 0.209077 0.246914 0.209077 0.250882 0.206845 0.256614 0.201885 0.257937 0.196925 0.253968 0.193700 0.244709 0.190476 0.240300 0.189732
0 0.108025 0.189484 0.105379 0.193204 0.105379 0.197421 0.107584 0.202133 0.112434 0.205109 0.114198 0.205605 0.121693 0.205605 0.129630 0.203373 0.134039 0.201389 0.135362 0.196677 0.132716 0.193204 0.128748 0.191716 0.120370 0.190476 0.115079 0.188988
0 0.128307 0.219990 0.120811 0.224454 0.118607 0.227431 0.119048 0.230903 0.121252 0.233879 0.126984 0.236607 0.137125 0.239087 0.150794 0.239583 0.155644 0.238343 0.157848 0.236111 0.158289 0.232143 0.156526 0.228175 0.153880 0.225942 0.153439 0.224454 0.149030 0.221974 0.142857 0.219742 0.134480 0.218998
0 0.084215 0.236111 0.078924 0.235119 0.070106 0.234871 0.058642 0.236111 0.052469 0.237847 0.050265 0.240079 0.049824 0.244544 0.052028 0.247520 0.061287 0.252232 0.067460 0.252480 0.069665 0.251984 0.077160 0.248016 0.080247 0.245040 0.081570 0.241567 0.083333 0.240079
0 0.135802 0.241815 0.133157 0.244792 0.133157 0.248512 0.135362 0.251488 0.142416 0.256200 0.149471 0.257937 0.156966 0.257937 0.160053 0.255952 0.160935 0.250496 0.160494 0.247272 0.156526 0.243056 0.149912 0.240823 0.141975 0.240575
0 0.182981 0.276538 0.176367 0.277778 0.172840 0.279514 0.170194 0.282986 0.169753 0.287202 0.170635 0.289187 0.173280 0.291171 0.175926 0.294891 0.181658 0.298859 0.185185 0.299107 0.192240 0.295139 0.197972 0.288938 0.199295 0.282738 0.197531 0.279266 0.190917 0.276786
0 0.253086 0.219246 0.246032 0.218254 0.239418 0.219494 0.235009 0.224454 0.232363 0.228423 0.231481 0.234127 0.232363 0.236359 0.239418 0.239335 0.246032 0.239087 0.254409 0.237847 0.260582 0.235367 0.264991 0.229167 0.264109 0.224950 0.260141 0.221974
0 0.244709 0.240575 0.238977 0.242063 0.236332 0.244048 0.235009 0.248760 0.236772 0.252232 0.242504 0.255952 0.250441 0.258929 0.254850 0.259425 0.261464 0.258185 0.267637 0.254464 0.269841 0.251736 0.270282 0.246776 0.268078 0.243056 0.265432 0.241567 0.261023 0.240575 0.253968 0.240079
0 0.260141 0.258681 0.257055 0.259673 0.253086 0.262649 0.251764 0.267361 0.252646 0.269097 0.257937 0.274306 0.267196 0.278770 0.274250 0.278770 0.284832 0.274554 0.286155 0.271081 0.282187 0.266865 0.270723 0.260417 0.267637 0.259177
0 0.317460 0.273065 0.309524 0.269593 0.302469 0.268601 0.297178 0.269593 0.292328 0.271329 0.291446 0.274554 0.287919 0.277034 0.286155 0.281994 0.286155 0.283978 0.287919 0.286458 0.294533 0.285714 0.309083 0.285714 0.316138 0.283234 0.320547 0.279762 0.320106 0.275298
0 0.094356 0.930060 0.086861 0.930556 0.075838 0.933036 0.071429 0.935764 0.069224 0.938244 0.068342 0.942956 0.069224 0.945685 0.070547 0.947173 0.074956 0.949653 0.079806 0.951141 0.088624 0.950397 0.094356 0.946925 0.098325 0.937500 0.097884 0.932788
0 0.107143 0.932044 0.100529 0.935268 0.097884 0.937996 0.094797 0.942956 0.095238 0.948165 0.097443 0.949653 0.100970 0.950397 0.116402 0.950397 0.120811 0.949653 0.125661 0.947421 0.127866 0.943204 0.122134 0.939484 0.114638 0.932788
0 0.130511 0.924851 0.123457 0.927331 0.118166 0.931548 0.118166 0.936756 0.122134 0.940972 0.129189 0.945188 0.137566 0.947917 0.143739 0.948413 0.147707 0.947421 0.150353 0.944196 0.150794 0.935516 0.149912 0.932788 0.147707 0.930556 0.139330 0.925347 0.136684 0.924603
0 0.123898 0.911210 0.115520 0.908978 0.107143 0.908978 0.097884 0.910962 0.094356 0.912698 0.092152 0.915427 0.092152 0.917907 0.094356 0.924107 0.094356 0.928323 0.097443 0.931052 0.100970 0.931796 0.108025 0.931300 0.118607 0.929563 0.126102 0.925595 0.129189 0.920883 0.129189 0.917907 0.127425 0.913194
0 0.068342 0.913442 0.065697 0.914931 0.063933 0.919891 0.064815 0.924107 0.068342 0.928571 0.072751 0.931052 0.078924 0.931796 0.091711 0.930060 0.093915 0.928571 0.095238 0.925595 0.094356 0.918651 0.092593 0.914931 0.089506 0.913690 0.081129 0.912698 0.072310 0.912450
0 0.079806 0.890129 0.077160 0.891369 0.072310 0.891865 0.067460 0.896329 0.065697 0.899802 0.066138 0.904514 0.067901 0.905506 0.069224 0.908482 0.072751 0.911458 0.076720 0.912450 0.087302 0.913194 0.093474 0.911706 0.096561 0.908978 0.097884 0.904514 0.101411 0.900546 0.100970 0.897073 0.094356 0.893105 0.086861 0.890873
0 0.120811 0.891617 0.107584 0.894097 0.104497 0.896081 0.104056 0.900794 0.114198 0.908234 0.117416 0.909598 0.121252 0.910218 0.126499 0.910888 0.132407 0.909003 0.135802 0.906498 0.138448 0.903770 0.139330 0.900050 0.134921 0.896329 0.123016 0.891865
0 0.156966 0.904514 0.140653 0.904762 0.137566 0.906250 0.131834 0.911954 0.132275 0.916171 0.136243 0.921131 0.141534 0.923363 0.150353 0.922867 0.155203 0.921379 0.163580 0.915675 0.166667 0.912450 0.165344 0.907986 0.162257 0.906250
0 0.166667 0.910714 0.164462 0.911954 0.162698 0.914931 0.158289 0.919395 0.159171 0.924107 0.160494 0.925843 0.163139 0.927331 0.168871 0.928323 0.185185 0.928075 0.190917 0.923859 0.190476 0.919643 0.186949 0.915923 0.179894 0.914187 0.170194 0.909970
0 0.162698 0.927827 0.156085 0.931300 0.152557 0.935268 0.152557 0.940972 0.153880 0.944444 0.156085 0.947173 0.162698 0.949405 0.176367 0.948165 0.180335 0.946925 0.184744 0.944444 0.186067 0.940228 0.185185 0.935020 0.181658 0.931548 0.178131 0.930060 0.167108 0.929067
0 0.225750 0.912946 0.217813 0.912698 0.211640 0.913690 0.208554 0.916419 0.206790 0.919395 0.207231 0.923115 0.209877 0.928323 0.212081 0.929812 0.218695 0.931796 0.230159 0.929067 0.233686 0.927083 0.235009 0.924851 0.235450 0.919891
0 0.245150 0.929067 0.240741 0.927827 0.236772 0.928075 0.230159 0.930556 0.224427 0.931548 0.218695 0.935020 0.217372 0.939484 0.217813 0.943700 0.223986 0.947421 0.229277 0.948165 0.235891 0.947917 0.238977 0.947173 0.245150 0.943452 0.250441 0.935764 0.249559 0.931796
0 0.281305 0.927083 0.273810 0.926587 0.267637 0.927331 0.257937 0.931052 0.254850 0.933036 0.253968 0.937004 0.256173 0.943452 0.257937 0.945685 0.261023 0.947669 0.267196 0.948909 0.274691 0.948413 0.288360 0.943204 0.292769 0.936012 0.293210 0.931548 0.290564 0.930060 0.285273 0.928819
0 0.266755 0.913442 0.260141 0.912450 0.251323 0.915427 0.246914 0.918899 0.246032 0.923611 0.246473 0.928075 0.248677 0.930060 0.253086 0.931796 0.260141 0.931300 0.271605 0.928075 0.273810 0.926339 0.274691 0.924851 0.274691 0.919643 0.272487 0.915923
0 0.257496 0.904266 0.247795 0.902530 0.236772 0.903026 0.233686 0.904266 0.230600 0.911458 0.231041 0.916171 0.233245 0.918651 0.238536 0.919891 0.245591 0.919147 0.260141 0.911954 0.261905 0.907986
0 0.205026 0.891121 0.201058 0.894593 0.199735 0.897321 0.199735 0.901786 0.201499 0.906002 0.203704 0.908234 0.211640 0.911954 0.218695 0.911954 0.225750 0.908730 0.232363 0.902778 0.233245 0.900298 0.231481 0.896329 0.226631 0.893105 0.220899 0.890625 0.210758 0.890377
0 0.176808 0.894097 0.166667 0.900050 0.166226 0.904514 0.168871 0.908482 0.172840 0.909722 0.177249 0.912946 0.183862 0.914435 0.190917 0.914683 0.198413 0.912202 0.201058 0.908234 0.200176 0.900298 0.195326 0.896577 0.190917 0.894593 0.184303 0.893849
0 0.149030 0.883681 0.139330 0.888641 0.138007 0.895585 0.138889 0.898313 0.142857 0.901290 0.148589 0.903026 0.158730 0.903274 0.163580 0.902530 0.178131 0.894593 0.180335 0.892113 0.177249 0.888641 0.170194 0.883929
0 0.127866 0.869792 0.118607 0.872024 0.116843 0.873016 0.119929 0.887153 0.121693 0.888889 0.128748 0.890625 0.136684 0.889881 0.142416 0.887897 0.145503 0.884425 0.141093 0.872768 0.135802 0.870536
0 0.114638 0.873016 0.101852 0.872768 0.098765 0.873264 0.094797 0.874752 0.087302 0.880704 0.088183 0.888641 0.094356 0.892609 0.101411 0.894097 0.114638 0.892113 0.117284 0.891369 0.119929 0.889633 0.121252 0.886161 0.119929 0.877728 0.117725 0.874752
0 0.100529 0.864831 0.093474 0.864583 0.086861 0.867808 0.079806 0.868304 0.072751 0.870784 0.065697 0.875496 0.065256 0.879464 0.066578 0.881944 0.072310 0.884673 0.079806 0.883929 0.086861 0.878472 0.097002 0.872768 0.099647 0.869296
0 0.085538 0.836310 0.079806 0.836806 0.075838 0.837798 0.072751 0.839534 0.070988 0.841518 0.069665 0.845982 0.070547 0.849702 0.074515 0.853671 0.079806 0.855903 0.087743 0.856399 0.093474 0.853919 0.100970 0.847718 0.101852 0.844494 0.100529 0.841766 0.093915 0.838294 0.088624 0.836558
0 0.101852 0.860615 0.101852 0.862103 0.105379 0.865327 0.114198 0.866567 0.129630 0.865823 0.136243 0.864087 0.138448 0.861607 0.128748 0.854911 0.126102 0.854415 0.121693 0.852183 0.117284 0.851438 0.113757 0.851438 0.108025 0.853423 0.103616 0.857639
0 0.149030 0.863095 0.145944 0.865079 0.141975 0.872520 0.142416 0.876984 0.145062 0.878472 0.146384 0.881200 0.148589 0.882440 0.157848 0.882688 0.170194 0.882440 0.174603 0.880952 0.178131 0.878224 0.181658 0.873512 0.181658 0.869048 0.175926 0.865079 0.171517 0.864583 0.163580 0.862599
0 0.211640 0.866567 0.204586 0.870536 0.203263 0.872768 0.202381 0.878968 0.203263 0.884921 0.204586 0.886161 0.215608 0.888641 0.220018 0.888889 0.225750 0.888145 0.232804 0.883185 0.235450 0.877232 0.235009 0.871280 0.232804 0.868056 0.231481 0.867560 0.220899 0.866319
0 0.233686 0.847222 0.225750 0.847470 0.219136 0.849206 0.211640 0.854167 0.210758 0.861855 0.211640 0.863839 0.214727 0.865823 0.223986 0.867560 0.232363 0.867063 0.239859 0.862351 0.242063 0.858135 0.241623 0.853175 0.238536 0.849206
0 0.189153 0.820437 0.186949 0.821677 0.186508 0.823165 0.187831 0.826141 0.186949 0.830605 0.189594 0.833829 0.198413 0.838294 0.204586 0.839286 0.212522 0.838294 0.220018 0.833581 0.222663 0.830605 0.221340 0.826141 0.218695 0.823661 0.212963 0.820685 0.205467 0.818948 0.197531 0.818948
0 0.126102 0.824901 0.123457 0.825645 0.118166 0.830605 0.117284 0.834077 0.114198 0.837302 0.114198 0.841766 0.117725 0.845486 0.120370 0.846974 0.125220 0.847718 0.130071 0.847718 0.136243 0.846974 0.142857 0.844990 0.145503 0.842014 0.145944 0.837550 0.145062 0.834325 0.142416 0.830605 0.134039 0.826141 0.129189 0.824901
0 0.108025 0.814732 0.098765 0.814732 0.090829 0.819196 0.089947 0.822421 0.092593 0.830109 0.095238 0.831597 0.100970 0.832341 0.110670 0.830605 0.115079 0.829117 0.119489 0.825893 0.120811 0.822173 0.117725 0.818204 0.114638 0.816468
0 0.097002 0.808036 0.087302 0.806548 0.080247 0.803571 0.072310 0.804563 0.067901 0.806052 0.064815 0.808284 0.062610 0.813740 0.063933 0.818204 0.067901 0.821677 0.071869 0.823413 0.079806 0.823413 0.084656 0.822669 0.089506 0.820933 0.093915 0.818204 0.098325 0.813988 0.099206 0.810516
0 0.100970 0.788194 0.093034 0.788442 0.084215 0.790923 0.075397 0.794891 0.078483 0.799355 0.079365 0.802827 0.087743 0.805308 0.090829 0.806796 0.100529 0.806796 0.105820 0.804067 0.108025 0.801835 0.109347 0.798859 0.109347 0.793651 0.108025 0.791667
0 0.107584 0.767609 0.093034 0.768601 0.089947 0.769345 0.086861 0.771329 0.087743 0.775298 0.092152 0.781498 0.100529 0.786458 0.107584 0.786210 0.116402 0.781746 0.119489 0.777282 0.119929 0.774554 0.117284 0.770585
0 0.085979 0.755456 0.079365 0.754712 0.068342 0.755952 0.065697 0.759177 0.064815 0.762897 0.064815 0.768353 0.068342 0.771577 0.071869 0.772569 0.080688 0.772569 0.086861 0.770833 0.090829 0.765873 0.091711 0.759673 0.089506 0.757192
0 0.141975 0.725942 0.134039 0.726935 0.127866 0.729663 0.125220 0.732391 0.124780 0.736607 0.127425 0.739583 0.135362 0.745536 0.139771 0.747272 0.143298 0.747520 0.151235 0.745040 0.156966 0.741567 0.159171 0.738839 0.160053 0.735615 0.157407 0.732391 0.149471 0.730655
0 0.121252 0.743800 0.112434 0.745784 0.108025 0.747520 0.105379 0.751488 0.105820 0.755704 0.109347 0.759177 0.118166 0.764881 0.121252 0.765873 0.128307 0.765873 0.131834 0.764633 0.138889 0.760665 0.141534 0.758185 0.142857 0.755208 0.141534 0.751736 0.138007 0.748760 0.129630 0.745040
0 0.072310 0.734375 0.067901 0.735615 0.063933 0.738095 0.061728 0.743056 0.061728 0.748512 0.063492 0.750496 0.067901 0.753224 0.072751 0.754464 0.081129 0.754216 0.084656 0.753472 0.092152 0.749752 0.093915 0.747520 0.094797 0.743552 0.091270 0.738095 0.086420 0.735367 0.081570 0.734127
0 0.108025 0.723462 0.100529 0.723958 0.092152 0.726438 0.089065 0.728175 0.088183 0.733383 0.089506 0.736607 0.093474 0.741319 0.095679 0.742312 0.102293 0.742808 0.108907 0.741319 0.115520 0.737847 0.119048 0.734127 0.119929 0.731895 0.117725 0.728423
0 0.125220 0.708581 0.120370 0.708581 0.111111 0.710565 0.108466 0.712054 0.107143 0.714534 0.106702 0.717262 0.109347 0.722470 0.115961 0.725942 0.120370 0.726935 0.127866 0.725694 0.133157 0.722470 0.137566 0.717758 0.136684 0.713046 0.135362 0.711310 0.130952 0.709325
0 0.071869 0.715774 0.065697 0.716766 0.063051 0.720982 0.062169 0.725198 0.063051 0.728175 0.065256 0.730903 0.068342 0.732639 0.073192 0.733631 0.084656 0.730903 0.088624 0.728671 0.089506 0.724454 0.080247 0.720982 0.073633 0.716022
0 0.094356 0.706349 0.079806 0.710069 0.074956 0.712798 0.074074 0.717014 0.075397 0.718502 0.079365 0.720982 0.086861 0.723958 0.093474 0.724950 0.101852 0.722966 0.104938 0.720734 0.106261 0.717758 0.106261 0.712798 0.104497 0.710565 0.100529 0.708085
0 0.061728 0.695188 0.060847 0.697669 0.062610 0.701389 0.063051 0.707837 0.064374 0.710069 0.066138 0.711062 0.073633 0.712302 0.079806 0.710813 0.089947 0.706845 0.091711 0.705109 0.089506 0.701389 0.085979 0.699157 0.069665 0.694196 0.064374 0.693948
0 0.106702 0.688492 0.099647 0.690228 0.090829 0.693700 0.089065 0.695685 0.088624 0.697669 0.091270 0.702381 0.094356 0.704861 0.107143 0.708829 0.114638 0.708333 0.125220 0.703621 0.127866 0.699405 0.127866 0.694196 0.125661 0.691468 0.122134 0.690228
0 0.063933 0.685268 0.065697 0.688740 0.071429 0.693204 0.074074 0.693948 0.080688 0.694444 0.087302 0.693700 0.093915 0.691716 0.097884 0.689484 0.096561 0.685516 0.090829 0.683780 0.086861 0.681052 0.073633 0.681052
0 0.108025 0.670139 0.101411 0.670387 0.095679 0.671875 0.093474 0.672867 0.088624 0.677331 0.089506 0.681796 0.093915 0.684524 0.100088 0.686756 0.108466 0.686508 0.113757 0.683284 0.118607 0.681300 0.119489 0.680060 0.119929 0.677331 0.118607 0.673611 0.114638 0.671627
0 0.127866 0.677331 0.126543 0.680060 0.126543 0.682788 0.127866 0.685268 0.131834 0.687996 0.135362 0.689236 0.145503 0.690724 0.155203 0.690476 0.160935 0.688244 0.163580 0.686012 0.163580 0.681796 0.161817 0.679812 0.149912 0.675099 0.134921 0.675099
0 0.147266 0.660714 0.145503 0.661954 0.145062 0.666915 0.146384 0.670139 0.148589 0.672619 0.156085 0.676339 0.162698 0.677579 0.170635 0.676091 0.177249 0.670635 0.177249 0.665923 0.175044 0.663938 0.169753 0.661954 0.163580 0.660962 0.156085 0.660962 0.150353 0.660218
0 0.086861 0.661458 0.079365 0.661210 0.073633 0.662946 0.066578 0.663938 0.063492 0.665675 0.061287 0.669395 0.062169 0.673859 0.064815 0.676835 0.068783 0.679067 0.071869 0.679812 0.083774 0.679067 0.092593 0.673859 0.096120 0.669643 0.092593 0.665427
0 0.061287 0.647321 0.059524 0.648313 0.058201 0.650298 0.058642 0.654762 0.063492 0.662946 0.066578 0.664187 0.073192 0.663690 0.079365 0.662202 0.084656 0.658978 0.082011 0.653522 0.081570 0.650050 0.080247 0.648810 0.074074 0.647073 0.064374 0.646825
0 0.108025 0.643601 0.100970 0.642361 0.093915 0.642609 0.081570 0.646329 0.080688 0.652530 0.082892 0.657738 0.085979 0.660218 0.093474 0.662698 0.103175 0.662202 0.108466 0.660962 0.113757 0.658234 0.115961 0.654514 0.115961 0.650298 0.112875 0.645833
0 0.081129 0.611359 0.072310 0.611855 0.064374 0.613839 0.061728 0.615327 0.060847 0.623264 0.062610 0.626984 0.066578 0.629216 0.072751 0.630952 0.080688 0.630456 0.086420 0.628968 0.090388 0.626736 0.094356 0.623264 0.095238 0.619048 0.093915 0.617063 0.089947 0.615079 0.087302 0.612847
0 0.086420 0.592758 0.079365 0.593502 0.072310 0.596478 0.068342 0.599454 0.067460 0.603919 0.073192 0.609127 0.078924 0.610863 0.086861 0.611855 0.093474 0.609623 0.100970 0.605159 0.101852 0.603423 0.100088 0.599702 0.093915 0.594246
0 0.120811 0.783730 0.117284 0.785714 0.116843 0.788690 0.119929 0.795387 0.123016 0.798859 0.126984 0.801091 0.133598 0.802827 0.136684 0.802827 0.142857 0.801091 0.149912 0.797123 0.152116 0.795139 0.151235 0.790923 0.149471 0.789187 0.142857 0.786210 0.130511 0.783234 0.127425 0.782986
0 0.155644 0.750744 0.153439 0.751984 0.150794 0.755456 0.150794 0.759673 0.154321 0.763393 0.163139 0.768601 0.170635 0.770089 0.177690 0.768849 0.184303 0.764633 0.186067 0.762649 0.187390 0.758681 0.185626 0.755456 0.177249 0.751488 0.171076 0.750992 0.165785 0.749256 0.163139 0.749008
0 0.152998 0.692460 0.149030 0.691964 0.144621 0.692956 0.135802 0.696677 0.132716 0.699405 0.132275 0.701885 0.134480 0.705853 0.140653 0.709325 0.149471 0.708829 0.156966 0.704613 0.160494 0.701637 0.160935 0.697173 0.156966 0.694196
0 0.161817 0.710317 0.152998 0.712054 0.146825 0.715030 0.144621 0.716766 0.143739 0.718750 0.143298 0.723214 0.144180 0.726438 0.149030 0.730159 0.164462 0.731895 0.169312 0.731151 0.175044 0.727679 0.177249 0.725446 0.179012 0.720238 0.176808 0.717014 0.170194 0.712054 0.166667 0.710565
0 0.197531 0.736359 0.184303 0.731895 0.167549 0.734127 0.164462 0.736111 0.163139 0.740079 0.166226 0.747768 0.169312 0.749256 0.175044 0.750248 0.184303 0.749504 0.188272 0.748264 0.194885 0.745288 0.200176 0.740575
0 0.219136 0.741567 0.210758 0.742063 0.208113 0.742808 0.197531 0.748016 0.197531 0.751984 0.202381 0.753968 0.204586 0.756448 0.211199 0.758185 0.218695 0.758185 0.225750 0.755704 0.227954 0.749752 0.227072 0.744544 0.225309 0.743304
0 0.365520 0.763641 0.357584 0.761905 0.350970 0.762401 0.343474 0.762153 0.336861 0.764881 0.334656 0.767361 0.335097 0.771825 0.338624 0.776538 0.343034 0.778770 0.350088 0.778274 0.357584 0.777034 0.369048 0.773065 0.371693 0.771577 0.371252 0.768105 0.369929 0.766369
0 0.220018 0.726935 0.216490 0.728919 0.213404 0.732143 0.212522 0.736359 0.214727 0.738839 0.216931 0.740079 0.228395 0.742808 0.233245 0.743056 0.241182 0.741319 0.244709 0.739087 0.246032 0.737103 0.246032 0.735119 0.242945 0.730903 0.236332 0.727183 0.233245 0.726190 0.224868 0.725694
0 0.211199 0.717014 0.205908 0.716022 0.197531 0.715774 0.190917 0.717510 0.182540 0.721478 0.180335 0.723958 0.180335 0.725446 0.183862 0.730655 0.188272 0.732639 0.198413 0.733383 0.205908 0.731647 0.209877 0.728671 0.210317 0.726935 0.214727 0.721230 0.214727 0.720238
0 0.207231 0.708085 0.205908 0.709077 0.207672 0.711062 0.208113 0.714286 0.209436 0.716022 0.212081 0.717510 0.214286 0.720734 0.218254 0.722470 0.226190 0.721726 0.233245 0.717014 0.234127 0.714286 0.233245 0.711806 0.225750 0.708829 0.219136 0.707341
0 0.200176 0.700893 0.193122 0.699653 0.182981 0.699901 0.175044 0.701389 0.170194 0.703869 0.167989 0.709325 0.170635 0.713046 0.177690 0.718006 0.179894 0.718750 0.184744 0.718998 0.195326 0.715774 0.201940 0.712302 0.205026 0.709573 0.207672 0.704861
0 0.226190 0.681796 0.218695 0.683780 0.211640 0.689484 0.210758 0.692460 0.211640 0.699157 0.213845 0.701389 0.218254 0.703621 0.226190 0.703621 0.231041 0.702133 0.239859 0.698165 0.244268 0.693452 0.243827 0.688988 0.241623 0.686756 0.238977 0.685268 0.232363 0.684276
0 0.252205 0.711310 0.244709 0.713046 0.240741 0.716766 0.239418 0.718998 0.239418 0.721230 0.244709 0.727927 0.248236 0.730159 0.250000 0.732391 0.256173 0.732887 0.259259 0.732391 0.267637 0.727679 0.269841 0.724702 0.270282 0.719990 0.267637 0.716270 0.261464 0.712798 0.257496 0.711558
0 0.316578 0.733879 0.307319 0.733631 0.304233 0.734127 0.299383 0.735615 0.291446 0.740823 0.288801 0.743800 0.288360 0.748264 0.293651 0.751984 0.297178 0.753472 0.301587 0.754464 0.309965 0.754216 0.315256 0.753472 0.323633 0.750992 0.327160 0.749008 0.328483 0.746032 0.327160 0.740079 0.323192 0.736607
0 0.290123 0.717262 0.280423 0.717014 0.276896 0.718006 0.272046 0.721726 0.270282 0.724454 0.269400 0.729167 0.271164 0.732639 0.274250 0.734871 0.280864 0.737599 0.288801 0.736607 0.294974 0.734375 0.300265 0.728671 0.301146 0.725942 0.300265 0.721230 0.294974 0.718254
0 0.292769 0.712798 0.293210 0.716766 0.302028 0.719494 0.308201 0.719742 0.313051 0.720982 0.320106 0.720982 0.322751 0.720238 0.328042 0.720982 0.330688 0.720734 0.329806 0.718750 0.327160 0.717510 0.326279 0.712798 0.322751 0.709325 0.314815 0.704861 0.307760 0.704117 0.303792 0.705109
0 0.274691 0.691468 0.266755 0.692460 0.260582 0.694444 0.257055 0.696925 0.257937 0.708829 0.260141 0.711558 0.267196 0.714534 0.275573 0.714286 0.280864 0.713294 0.283069 0.712054 0.284392 0.710069 0.285273 0.706597 0.284832 0.700397 0.278219 0.693204
0 0.309083 0.677827 0.301587 0.677827 0.293651 0.678819 0.284832 0.681052 0.279101 0.684524 0.276896 0.686756 0.276014 0.690228 0.277778 0.693452 0.283951 0.697421 0.287919 0.698661 0.294974 0.698909 0.300265 0.697669 0.306878 0.693948 0.311728 0.689236 0.313492 0.685764
0 0.260582 0.669891 0.253086 0.670883 0.247795 0.673115 0.239418 0.678323 0.238536 0.682788 0.240300 0.685268 0.252646 0.688740 0.261023 0.688740 0.265432 0.687252 0.268959 0.684524 0.272046 0.678323 0.269841 0.673115 0.267637 0.671875
0 0.114198 0.630704 0.115961 0.634673 0.115961 0.639385 0.119048 0.646329 0.121693 0.648065 0.129189 0.649554 0.139330 0.648065 0.144180 0.646577 0.146384 0.644097 0.146825 0.642113 0.145503 0.638641 0.142416 0.636657 0.138889 0.635913 0.135362 0.633929 0.121693 0.629960
0 0.145062 0.648313 0.143298 0.650794 0.142416 0.654514 0.147707 0.658730 0.155644 0.660218 0.170635 0.660714 0.172840 0.659722 0.174162 0.658482 0.174162 0.654266 0.170194 0.649058 0.164021 0.645089 0.153439 0.645089 0.147707 0.646825
0 0.208113 0.659722 0.205908 0.660962 0.202822 0.665179 0.202381 0.669891 0.205026 0.673363 0.210758 0.674603 0.216931 0.674107 0.226631 0.672123 0.232804 0.668651 0.234127 0.665675 0.231922 0.664187 0.218254 0.659722 0.213404 0.658978
0 0.293210 0.661954 0.290123 0.661458 0.280864 0.661706 0.274691 0.663938 0.272928 0.665675 0.272928 0.671131 0.274250 0.674851 0.277778 0.677827 0.280864 0.678819 0.294974 0.677827 0.300265 0.673115 0.304674 0.670387 0.302910 0.665923
0 0.313933 0.665923 0.306437 0.669643 0.307760 0.674355 0.312610 0.682044 0.315697 0.685020 0.323192 0.685764 0.332011 0.681796 0.333774 0.674603 0.333333 0.669891 0.329806 0.667659 0.323633 0.665427
0 0.294974 0.639385 0.292769 0.640377 0.291005 0.642361 0.291005 0.650546 0.294533 0.656002 0.300265 0.658730 0.303792 0.659474 0.309524 0.659722 0.315697 0.658482 0.323192 0.654762 0.323633 0.649058 0.321429 0.645833 0.316138 0.642113 0.309524 0.639881
0 0.320547 0.614831 0.319224 0.616319 0.318783 0.619792 0.322751 0.626736 0.329365 0.630208 0.333333 0.630952 0.338183 0.630952 0.343915 0.628472 0.346561 0.626736 0.349206 0.623512 0.349206 0.619048 0.347002 0.617312 0.343915 0.615823 0.335979 0.614831 0.324956 0.614335
0 0.302028 0.598462 0.294974 0.597470 0.287919 0.600694 0.280864 0.605159 0.279101 0.607391 0.279101 0.611855 0.285273 0.615327 0.293651 0.616319 0.300705 0.615575 0.307760 0.611607 0.309083 0.608879 0.309083 0.604415
0 0.336420 0.603175 0.334656 0.607143 0.336861 0.612847 0.340388 0.615079 0.351411 0.617808 0.362434 0.616567 0.366402 0.615327 0.368607 0.613839 0.371693 0.609375 0.372134 0.606895 0.370370 0.604911 0.365520 0.602679 0.357143 0.600694 0.345238 0.600198 0.339506 0.601438
0 0.385802 0.615079 0.378307 0.615079 0.371693 0.619296 0.367725 0.626736 0.369048 0.630952 0.376984 0.630952 0.388889 0.628968 0.393739 0.626240 0.394621 0.622520 0.393298 0.619296
0 0.394180 0.628720 0.391093 0.631200 0.391093 0.634921 0.399912 0.639385 0.405644 0.640377 0.413580 0.640625 0.421076 0.635169 0.421517 0.630704 0.420194 0.629216 0.414021 0.626240 0.404321 0.625992
0 0.343034 0.667907 0.337743 0.670139 0.335097 0.672867 0.334656 0.678075 0.338183 0.681796 0.343474 0.685268 0.352734 0.685764 0.358907 0.682540 0.362875 0.679563 0.367725 0.677827 0.371693 0.673859 0.367725 0.672123 0.366402 0.669891 0.362434 0.668403 0.353175 0.667411
0 0.387125 0.680556 0.377425 0.681052 0.368607 0.683532 0.363316 0.686756 0.361552 0.688988 0.361552 0.693700 0.364638 0.697173 0.370811 0.701141 0.376102 0.702381 0.384480 0.702381 0.391975 0.700645 0.397266 0.697421 0.397707 0.695933 0.401235 0.693700 0.401675 0.688244 0.399471 0.683780
0 0.440035 0.699157 0.434303 0.700397 0.428131 0.704365 0.425044 0.708581 0.424162 0.713046 0.426808 0.718254 0.430776 0.720734 0.441358 0.722222 0.449295 0.721230 0.455026 0.718502 0.456349 0.716766 0.456790 0.711558 0.455026 0.706349 0.451940 0.702877 0.444885 0.700149
0 0.434744 0.657242 0.429012 0.659474 0.424603 0.662450 0.422399 0.665179 0.422840 0.670139 0.428571 0.673859 0.441799 0.676835 0.447531 0.679067 0.450617 0.678819 0.454586 0.677579 0.455908 0.674107 0.455026 0.666667 0.452822 0.661458 0.451058 0.659474 0.445326 0.656994 0.440917 0.656498
0 0.447090 0.650298 0.446649 0.654266 0.447531 0.655754 0.451499 0.658482 0.461640 0.661954 0.469136 0.661954 0.475750 0.660714 0.482804 0.657490 0.485450 0.654514 0.484127 0.650298 0.475309 0.647817 0.461199 0.647073 0.455026 0.648065
0 0.481922 0.673611 0.474868 0.677827 0.473545 0.682292 0.475309 0.684524 0.477513 0.686012 0.490741 0.690476 0.496032 0.691468 0.501764 0.690476 0.503527 0.689484 0.503527 0.687252 0.505291 0.684772 0.505291 0.681300 0.503527 0.678571 0.502205 0.677579 0.496781 0.675000 0.490300 0.673859
0 0.542769 0.664683 0.536596 0.664187 0.529101 0.664931 0.523810 0.666419 0.518519 0.669395 0.516755 0.671875 0.516314 0.674603 0.519400 0.679067 0.522928 0.681300 0.530864 0.682788 0.538801 0.682788 0.545855 0.681300 0.549383 0.679315 0.552469 0.675595 0.553351 0.669891
0 0.573192 0.609127 0.567019 0.607887 0.559083 0.608879 0.551587 0.613343 0.549824 0.615327 0.548060 0.619792 0.549383 0.624504 0.552028 0.626240 0.566138 0.627232 0.579806 0.623760 0.582011 0.622520 0.584215 0.619792 0.582892 0.615079
0 0.579806 0.658234 0.575705 0.659573 0.573192 0.663542 0.573104 0.666171 0.575265 0.669742 0.576631 0.672371 0.581217 0.673760 0.586199 0.674653 0.588889 0.675546 0.593034 0.675347 0.601411 0.675843 0.606261 0.674603 0.608025 0.673611 0.609788 0.670635 0.609788 0.665427 0.608025 0.663442 0.599074 0.657937 0.585097 0.657242
0 0.544092 0.684772 0.537919 0.685516 0.531305 0.687252 0.528219 0.689484 0.527778 0.693700 0.530864 0.697917 0.534832 0.701389 0.538360 0.702381 0.545414 0.703125 0.553351 0.701389 0.559524 0.697669 0.564815 0.692956 0.562610 0.689732 0.559083 0.687996 0.555115 0.687004 0.552469 0.685516
0 0.593034 0.697173 0.586861 0.700893 0.585538 0.708333 0.585979 0.712550 0.593915 0.716270 0.598765 0.717014 0.607584 0.716270 0.611552 0.712798 0.611993 0.708581 0.610670 0.704613 0.607584 0.700893 0.600970 0.697421
0 0.573633 0.703621 0.563933 0.705109 0.555556 0.708829 0.552028 0.711062 0.551146 0.712550 0.551146 0.717014 0.552028 0.718750 0.557319 0.721478 0.565256 0.723710 0.571429 0.723710 0.574515 0.722966 0.579806 0.720734 0.582011 0.717014 0.582451 0.712302 0.580688 0.709077 0.578483 0.707341 0.577160 0.704861
0 0.537919 0.725198 0.533069 0.728423 0.532628 0.732887 0.534392 0.736359 0.537919 0.739583 0.541446 0.741567 0.544533 0.742312 0.554674 0.742063 0.559083 0.741319 0.566138 0.737847 0.567460 0.736359 0.567019 0.732391 0.559965 0.726935 0.548942 0.724206 0.542769 0.724206
0 0.523810 0.747768 0.517196 0.753472 0.517196 0.758185 0.522928 0.760913 0.530864 0.761905 0.533951 0.763641 0.537919 0.764633 0.552469 0.762401 0.555115 0.759921 0.555996 0.755456 0.554674 0.752728 0.551587 0.750496 0.545855 0.747768 0.541446 0.746776 0.538360 0.745288 0.531746 0.744544
0 0.496473 0.732391 0.495150 0.735119 0.495591 0.740327 0.499118 0.743800 0.503527 0.745040 0.513228 0.744792 0.522487 0.743056 0.526014 0.741319 0.531305 0.736607 0.530423 0.734375 0.527778 0.732639 0.511464 0.729663 0.503086 0.729663
0 0.555115 0.762649 0.551587 0.764633 0.549383 0.767361 0.551146 0.769593 0.562610 0.777530 0.565697 0.778522 0.572751 0.777778 0.577160 0.775546 0.578924 0.771329 0.573192 0.765129 0.566138 0.762649 0.561728 0.762153
0 0.683862 0.754960 0.681658 0.755704 0.676808 0.761161 0.675926 0.763641 0.676808 0.768105 0.683862 0.776042 0.690917 0.778274 0.697972 0.778274 0.705467 0.775546 0.709436 0.772321 0.709877 0.767113 0.708554 0.763889 0.705026 0.760417 0.698413 0.757192
0 0.851852 0.679812 0.836861 0.680308 0.829806 0.681796 0.828042 0.684772 0.829806 0.690228 0.836420 0.693452 0.842152 0.694692 0.846561 0.694692 0.852734 0.693452 0.856261 0.689484 0.856261 0.685020 0.855379 0.681796
0 0.897707 0.703621 0.891975 0.704861 0.888448 0.707837 0.888007 0.713790 0.888889 0.716270 0.892416 0.720486 0.902557 0.724702 0.906526 0.727431 0.915785 0.723710 0.920194 0.721230 0.922840 0.717262 0.923280 0.712302 0.920635 0.707837 0.916226 0.705109 0.906526 0.703621
0 0.378748 0.925347 0.372575 0.925843 0.364638 0.927579 0.357584 0.928323 0.354056 0.931300 0.354497 0.934028 0.356261 0.936260 0.366402 0.942460 0.370811 0.943948 0.380952 0.943700 0.387566 0.940724 0.388889 0.938988 0.389771 0.934524 0.388889 0.929563 0.384921 0.926835
0 0.436067 0.933532 0.432981 0.931300 0.428571 0.930308 0.425485 0.930308 0.420194 0.931300 0.413139 0.937252 0.410494 0.941220 0.406085 0.943452 0.419753 0.946925 0.428131 0.947173 0.440035 0.943700 0.440476 0.943204 0.437390 0.939484
0 0.455026 0.925099 0.451940 0.927083 0.445767 0.928819 0.442240 0.931548 0.439153 0.932788 0.437390 0.935020 0.440917 0.943204 0.447531 0.945933 0.455026 0.946181 0.462963 0.944940 0.468695 0.941964 0.470899 0.938492 0.471340 0.934276 0.470018 0.931548 0.465168 0.929067 0.456790 0.926587
0 0.441358 0.906250 0.436949 0.907738 0.433422 0.909970 0.431217 0.914683 0.431658 0.919643 0.433862 0.924107 0.437831 0.925595 0.440476 0.928075 0.448854 0.928323 0.455467 0.925843 0.462522 0.920139 0.463845 0.915179 0.462522 0.911954 0.458554 0.908234 0.449295 0.906002
0 0.474427 0.896577 0.468695 0.897569 0.463845 0.900298 0.462081 0.903770 0.463845 0.911706 0.466931 0.916171 0.470018 0.917907 0.476631 0.918651 0.482804 0.917659 0.485891 0.916171 0.489418 0.912450 0.491182 0.907242 0.490741 0.903770 0.487654 0.900298 0.482804 0.898313 0.476631 0.896577
0 0.502205 0.903770 0.496032 0.906498 0.494709 0.908730 0.494268 0.913938 0.496473 0.920387 0.500000 0.922123 0.501764 0.923859 0.510141 0.925595 0.517637 0.925595 0.525132 0.924107 0.532187 0.919891 0.535714 0.912946 0.536155 0.907738 0.533069 0.905754 0.523810 0.903026 0.512787 0.902778
0 0.607143 0.906746 0.603616 0.908234 0.601852 0.911706 0.602293 0.915675 0.604497 0.918403 0.606261 0.923859 0.614198 0.929563 0.619489 0.931796 0.628748 0.931548 0.637566 0.927827 0.642416 0.923611 0.642857 0.919643 0.636243 0.911706 0.628307 0.907490 0.622134 0.906250
0 0.725309 0.919147 0.722663 0.922619 0.718695 0.924603 0.716490 0.927827 0.717372 0.935516 0.721781 0.939732 0.728395 0.943452 0.731481 0.944196 0.739859 0.944196 0.742504 0.943700 0.746914 0.941964 0.749118 0.939732 0.751323 0.934028 0.751323 0.931052 0.750000 0.927827 0.742063 0.923611 0.737213 0.922619 0.732804 0.918899
0 0.753086 0.915427 0.748236 0.919891 0.748677 0.927579 0.752646 0.933532 0.756173 0.935764 0.760141 0.936756 0.768078 0.936756 0.776014 0.935516 0.779101 0.933780 0.780864 0.931796 0.781305 0.927331 0.779982 0.923611 0.774691 0.919395 0.767637 0.916667 0.760582 0.915427
0 0.787919 0.926587 0.784392 0.928571 0.781746 0.931300 0.781746 0.935516 0.783951 0.939732 0.788360 0.943452 0.796296 0.945933 0.802469 0.946677 0.809083 0.945685 0.812169 0.943452 0.813492 0.940476 0.813051 0.935516 0.811287 0.931548 0.809083 0.929067 0.802028 0.925843 0.794092 0.925347
0 0.794533 0.105655 0.779101 0.109871 0.776896 0.111111 0.776896 0.116071 0.779101 0.122024 0.786155 0.124008 0.788360 0.125248 0.795855 0.126736 0.800265 0.125248 0.808642 0.120040 0.809965 0.118056 0.810406 0.114583 0.809083 0.111855 0.806878 0.109871 0.802910 0.107639
0 0.761023 0.105407 0.753968 0.106647 0.748236 0.109127 0.746473 0.110615 0.744268 0.115079 0.747354 0.120784 0.753527 0.125744 0.760582 0.125992 0.767637 0.125248 0.774691 0.123016 0.776896 0.120536 0.776896 0.113839 0.775573 0.110863 0.769841 0.107391
0 0.721781 0.114831 0.718695 0.115823 0.715168 0.118056 0.708995 0.126736 0.711199 0.130208 0.712963 0.131448 0.733245 0.134425 0.742945 0.130704 0.750000 0.128720 0.751764 0.126984 0.750441 0.123512 0.743827 0.117560 0.740741 0.115823 0.733686 0.114335
0 0.783069 0.123512 0.777778 0.123264 0.771164 0.123760 0.767196 0.125000 0.757055 0.126488 0.755291 0.127480 0.754850 0.131200 0.757496 0.134673 0.769400 0.140873 0.773369 0.141865 0.779982 0.141617 0.784832 0.140625 0.790123 0.137897 0.793210 0.134921 0.794092 0.131944 0.793210 0.127480 0.787478 0.124752
0 0.760582 0.135665 0.754409 0.134177 0.746473 0.134921 0.738977 0.139137 0.736772 0.142609 0.735891 0.148313 0.737213 0.152282 0.739418 0.154266 0.747354 0.154266 0.752646 0.153274 0.758818 0.150794 0.762787 0.147817 0.766314 0.143105 0.765873 0.138393
0 0.706790 0.134425 0.704586 0.138145 0.706349 0.146577 0.711199 0.147321 0.720899 0.147569 0.725309 0.148562 0.731922 0.146577 0.733686 0.145585 0.735891 0.142113 0.734127 0.138641 0.730159 0.134673 0.727954 0.133433 0.719577 0.131696 0.711640 0.131696
0 0.694885 0.157986 0.696649 0.160466 0.700617 0.162202 0.704586 0.163194 0.712081 0.163690 0.723545 0.159970 0.731481 0.158234 0.732363 0.154018 0.727072 0.149306 0.724427 0.148065 0.712963 0.147073 0.704586 0.147073 0.701499 0.148810 0.696649 0.153770
0 0.690035 0.143353 0.685185 0.142609 0.676367 0.142857 0.671958 0.144097 0.665344 0.147817 0.663139 0.150546 0.661464 0.152927 0.656393 0.155556 0.658333 0.157912 0.670194 0.163194 0.677249 0.163442 0.684303 0.162202 0.693122 0.158234 0.694444 0.155506 0.694444 0.151042 0.693122 0.145585
0 0.683422 0.126488 0.675926 0.128472 0.664815 0.132192 0.673104 0.133309 0.676279 0.136682 0.676367 0.141369 0.677690 0.142113 0.686508 0.142857 0.691799 0.144097 0.701940 0.140873 0.703263 0.139385 0.703704 0.134425 0.701058 0.130456 0.697972 0.127976 0.691358 0.126488
0 0.670635 0.132688 0.663580 0.133681 0.656085 0.138889 0.654321 0.140873 0.651675 0.146081 0.652116 0.150298 0.656085 0.152034 0.661376 0.151042 0.665344 0.147817 0.675044 0.142609 0.676367 0.138145 0.674603 0.134673
0 0.694444 0.106895 0.690476 0.108135 0.682981 0.115079 0.681658 0.118304 0.682981 0.122768 0.685185 0.124504 0.689153 0.125496 0.699295 0.126736 0.705467 0.126736 0.708995 0.125000 0.712963 0.119792 0.712081 0.111607 0.704586 0.107391 0.698413 0.106647
0 0.637566 0.118056 0.631834 0.120536 0.626984 0.125744 0.626984 0.131696 0.630071 0.133433 0.639330 0.135665 0.643739 0.137649 0.648589 0.138889 0.656526 0.137897 0.666226 0.131200 0.666226 0.127232 0.664021 0.123016 0.656966 0.119296 0.649912 0.117063 0.642416 0.117063
0 0.662698 0.099950 0.654762 0.103175 0.649912 0.106895 0.648589 0.111111 0.649912 0.116071 0.652998 0.118056 0.657848 0.119544 0.663139 0.122272 0.670635 0.124256 0.673721 0.123016 0.675044 0.119296 0.677249 0.118304 0.679894 0.115327 0.679453 0.112351 0.674162 0.106151 0.669753 0.103423 0.668871 0.101438 0.665785 0.100198
0 0.610670 0.099454 0.606702 0.104415 0.605379 0.107143 0.607584 0.111855 0.621693 0.119048 0.629630 0.119296 0.645503 0.115327 0.644621 0.108879 0.641975 0.105903 0.641093 0.103175 0.637125 0.099950 0.628748 0.096974 0.620811 0.096478 0.615961 0.097470
0 0.656966 0.082837 0.649030 0.083333 0.641534 0.085565 0.631834 0.091270 0.629630 0.093998 0.629189 0.096478 0.630952 0.098214 0.643298 0.104167 0.649912 0.104911 0.655644 0.103175 0.662698 0.099454 0.665344 0.092758 0.665344 0.088542 0.660494 0.084325
0 0.684744 0.085565 0.676367 0.085813 0.671517 0.087054 0.667549 0.089286 0.664021 0.095238 0.664903 0.099702 0.667549 0.100942 0.670194 0.103671 0.676808 0.105903 0.690476 0.103423 0.693122 0.099702 0.692240 0.090030 0.690476 0.087798
0 0.725750 0.074653 0.719136 0.073909 0.711640 0.074157 0.706349 0.075397 0.695767 0.080109 0.695326 0.084077 0.699295 0.086806 0.702822 0.090526 0.706790 0.092510 0.710758 0.093502 0.717813 0.093254 0.720018 0.092758 0.724427 0.090030 0.729718 0.084573 0.731922 0.080357 0.730159 0.076389
0 0.746032 0.080605 0.741182 0.081845 0.734127 0.086806 0.731481 0.091518 0.732363 0.096974 0.734568 0.099702 0.739418 0.102183 0.746032 0.103175 0.757496 0.102679 0.760141 0.102183 0.763668 0.099206 0.764550 0.095238 0.762787 0.090774 0.760582 0.087302 0.754850 0.082341 0.752205 0.081101
0 0.773810 0.077877 0.767196 0.079117 0.765432 0.080357 0.763668 0.083333 0.763228 0.088790 0.764550 0.091270 0.764991 0.096726 0.766314 0.098462 0.770282 0.100446 0.782628 0.102183 0.786155 0.101438 0.789683 0.099702 0.791005 0.096974 0.788801 0.091270 0.788360 0.082837 0.786155 0.079613 0.781305 0.078125
0 0.813933 0.090774 0.809965 0.090030 0.805115 0.090526 0.801146 0.091766 0.794092 0.095734 0.793210 0.100446 0.794533 0.102679 0.796737 0.104415 0.802028 0.106399 0.809965 0.106399 0.820988 0.103671 0.821429 0.098710 0.820106 0.094990 0.817460 0.092262
0 0.843915 0.091022 0.839947 0.093750 0.833774 0.095486 0.826279 0.101438 0.822310 0.103175 0.821869 0.107639 0.822751 0.109623 0.824956 0.111359 0.829365 0.112847 0.836861 0.112847 0.842593 0.111607 0.847884 0.109127 0.850970 0.106151 0.851852 0.103919 0.850970 0.094246
0 0.774250 0.144097 0.772487 0.146577 0.772046 0.150794 0.773810 0.154018 0.779541 0.158482 0.788801 0.159226 0.795414 0.156498 0.798060 0.154018 0.798501 0.149802 0.797178 0.147569 0.794974 0.145833 0.784392 0.144097 0.781305 0.142857
0 0.837302 0.147569 0.829365 0.148810 0.822751 0.152034 0.820547 0.154266 0.818783 0.158234 0.819224 0.162946 0.820988 0.165427 0.825397 0.167411 0.837302 0.168899 0.843915 0.166915 0.850529 0.162698 0.853175 0.154514 0.849647 0.150298 0.843474 0.148313
0 0.815697 0.123512 0.810847 0.124752 0.805115 0.128224 0.803792 0.130704 0.804233 0.136657 0.805556 0.138393 0.809524 0.140625 0.814374 0.142113 0.819665 0.142609 0.825397 0.142361 0.830688 0.141121 0.835979 0.138641 0.839506 0.134921 0.839065 0.130456 0.835979 0.126240 0.833774 0.125000 0.823633 0.123264
0 0.871693 0.112847 0.865520 0.111607 0.857143 0.111359 0.847002 0.113095 0.841270 0.116319 0.838624 0.120288 0.837743 0.125000 0.839947 0.130456 0.842593 0.132937 0.850970 0.134425 0.856261 0.133433 0.865079 0.133929 0.871693 0.132192 0.876543 0.126984 0.877866 0.121528 0.877866 0.118552 0.876543 0.116071
0 0.865079 0.134673 0.850970 0.136905 0.846120 0.142113 0.846120 0.146825 0.853175 0.152530 0.857584 0.154514 0.865961 0.152778 0.872134 0.149554 0.875220 0.146825 0.876102 0.142113 0.874339 0.139385 0.871252 0.136409
0 0.909171 0.130208 0.899912 0.128472 0.894180 0.128720 0.889330 0.129712 0.884921 0.132192 0.883157 0.134673 0.883598 0.139633 0.886684 0.143849 0.889330 0.145337 0.892416 0.146081 0.899912 0.146081 0.908289 0.144345 0.912257 0.142361 0.914462 0.138889 0.914021 0.134425 0.912257 0.131944
0 0.884921 0.099950 0.879189 0.101935 0.876984 0.103423 0.874339 0.106895 0.873457 0.112351 0.874780 0.115079 0.878748 0.118800 0.886684 0.121032 0.893739 0.121528 0.900794 0.119792 0.904762 0.116319 0.905203 0.111359 0.903880 0.107143 0.900794 0.103671 0.892857 0.100198
0 0.927249 0.108135 0.917549 0.109375 0.914021 0.110367 0.912698 0.111359 0.909171 0.118552 0.909171 0.123264 0.914021 0.130704 0.915785 0.131448 0.923280 0.131696 0.929453 0.130952 0.938713 0.126984 0.941358 0.123760 0.941358 0.117808 0.939594 0.114831 0.933862 0.110615 0.931217 0.110119
0 0.934303 0.083333 0.929453 0.082589 0.919753 0.082341 0.913139 0.083333 0.910053 0.084573 0.906966 0.087798 0.906966 0.091518 0.908730 0.095486 0.912698 0.098462 0.921076 0.099702 0.933422 0.097222 0.936949 0.095486 0.940476 0.092014 0.940035 0.088294
0 0.883157 0.077133 0.878307 0.078373 0.874339 0.083085 0.871693 0.088046 0.873016 0.091518 0.876543 0.094246 0.878307 0.094990 0.886243 0.095734 0.897707 0.092758 0.902998 0.090278 0.904762 0.088046 0.904321 0.083829 0.902557 0.082093 0.896825 0.079117 0.892416 0.077877
0 0.854938 0.059524 0.850529 0.061012 0.848325 0.063988 0.847443 0.066964 0.847884 0.072421 0.850529 0.075149 0.857143 0.077381 0.865079 0.077133 0.873898 0.073165 0.878748 0.068700 0.878748 0.063740 0.873016 0.060516 0.864198 0.060516 0.858025 0.059276
0 0.913139 0.148810 0.906085 0.154266 0.905203 0.156994 0.906085 0.159722 0.910053 0.162946 0.918871 0.163938 0.927249 0.163442 0.934744 0.160218 0.936508 0.157738 0.934303 0.151290 0.932540 0.150298 0.921076 0.148065
0 0.892857 0.150794 0.884921 0.151042 0.875220 0.155754 0.871252 0.159474 0.870370 0.163194 0.872134 0.167163 0.879189 0.171875 0.884039 0.173115 0.901675 0.171627 0.906085 0.169395 0.907848 0.166915 0.907848 0.161458 0.904321 0.156250 0.896384 0.151786
0 0.850529 0.164683 0.843474 0.167411 0.839065 0.169891 0.837743 0.172867 0.838624 0.176587 0.842152 0.179067 0.850970 0.180804 0.857584 0.183532 0.865079 0.183780 0.870370 0.181548 0.873898 0.178075 0.874780 0.174355 0.873898 0.170139 0.869929 0.167907 0.864638 0.167411 0.858466 0.165675
0 0.899471 0.171627 0.891534 0.171875 0.885362 0.173363 0.879630 0.176339 0.873457 0.182044 0.873016 0.186012 0.875661 0.189732 0.878307 0.191716 0.887566 0.194692 0.892857 0.195188 0.898589 0.193948 0.903439 0.190972 0.908730 0.185516 0.909171 0.181052 0.907407 0.175843 0.902116 0.172371
0 0.796296 0.165923 0.790564 0.169891 0.787919 0.174603 0.787478 0.179315 0.789683 0.183036 0.808201 0.185764 0.817901 0.184028 0.821869 0.182044 0.824515 0.178571 0.824956 0.173611 0.822310 0.170139 0.817460 0.167907 0.809083 0.165675 0.800265 0.165179
0 0.775132 0.167163 0.767196 0.166667 0.761464 0.167907 0.757055 0.170139 0.751764 0.174107 0.750882 0.176339 0.751764 0.183532 0.753968 0.186260 0.759259 0.188492 0.768959 0.188740 0.777337 0.187004 0.782187 0.184772 0.783951 0.182788 0.783510 0.173611 0.780423 0.169395
0 0.745150 0.160962 0.739418 0.158234 0.732363 0.157738 0.715608 0.162450 0.710758 0.164931 0.708113 0.169891 0.708995 0.173859 0.712963 0.175595 0.723986 0.176835 0.733245 0.176835 0.741623 0.175347 0.744268 0.174107 0.748236 0.170139 0.747354 0.164435
0 0.739859 0.183780 0.733686 0.180804 0.725309 0.179563 0.720459 0.180556 0.717372 0.182044 0.711640 0.187004 0.708554 0.192708 0.709877 0.195685 0.711640 0.196677 0.720459 0.197669 0.733686 0.196677 0.739859 0.195188 0.742063 0.193452 0.743386 0.190228
0 0.939594 0.177083 0.935185 0.175843 0.931217 0.175843 0.926808 0.176587 0.921076 0.179563 0.915344 0.184772 0.912698 0.189980 0.912257 0.193452 0.914021 0.194940 0.917989 0.195933 0.924162 0.195437 0.940035 0.190972 0.944444 0.188492 0.946649 0.185764 0.945767 0.181796
0 0.746032 0.191468 0.741182 0.193700 0.737654 0.197669 0.737213 0.202133 0.739418 0.207589 0.746473 0.211806 0.761023 0.211806 0.765873 0.210565 0.770723 0.208085 0.772928 0.205357 0.773369 0.200893 0.769400 0.194940 0.764550 0.191964 0.761023 0.190972 0.752205 0.190724
0 0.801146 0.184524 0.796737 0.184028 0.789242 0.184524 0.782187 0.187252 0.777778 0.190972 0.776455 0.193452 0.772928 0.196925 0.774250 0.201637 0.783510 0.204117 0.792769 0.204365 0.799824 0.202877 0.802910 0.201389 0.805996 0.196925 0.806437 0.190476 0.804233 0.186012
0 0.796296 0.207093 0.792328 0.205357 0.787037 0.204861 0.774691 0.207837 0.763228 0.213294 0.759259 0.216518 0.760141 0.218254 0.764109 0.220486 0.772487 0.221974 0.782628 0.221974 0.792769 0.220734 0.795414 0.219742 0.798942 0.217014 0.799824 0.212054
0 0.823633 0.184276 0.813492 0.186508 0.809083 0.189236 0.807319 0.191220 0.803792 0.201637 0.805996 0.205109 0.808642 0.206349 0.816138 0.206349 0.818342 0.205853 0.825397 0.202133 0.828924 0.197669 0.830247 0.188988 0.828924 0.186260
0 0.835979 0.182540 0.832892 0.184772 0.829806 0.192212 0.830247 0.196925 0.832892 0.199653 0.840829 0.202877 0.849647 0.204365 0.857143 0.203869 0.864198 0.201389 0.866843 0.197669 0.866843 0.188988 0.865079 0.187004 0.858907 0.184028 0.850088 0.181548 0.843034 0.181052
0 0.830688 0.207589 0.827601 0.208085 0.822751 0.210069 0.819665 0.212798 0.818783 0.215278 0.819224 0.223462 0.820547 0.225694 0.822751 0.226935 0.831570 0.229167 0.837743 0.229415 0.843915 0.227927 0.848765 0.224454 0.853616 0.217262 0.853175 0.212054 0.851411 0.209821 0.847002 0.208333 0.840388 0.207341
0 0.873898 0.201389 0.864198 0.201637 0.855379 0.204861 0.853175 0.209077 0.855379 0.215774 0.857584 0.217758 0.864198 0.219246 0.867284 0.218750 0.876984 0.213294 0.879233 0.211186 0.878219 0.209797 0.877557 0.207341 0.877690 0.203373
0 0.891534 0.196677 0.885362 0.197917 0.882275 0.199653 0.878307 0.203373 0.877425 0.205853 0.878307 0.209573 0.879586 0.211012 0.884921 0.217014 0.892857 0.217758 0.899471 0.217014 0.904321 0.214782 0.909612 0.209077 0.909612 0.204365 0.907848 0.201141 0.906085 0.199901 0.899471 0.197669
0 0.944004 0.208829 0.941358 0.207589 0.934303 0.206101 0.925926 0.206845 0.917549 0.208829 0.909171 0.212550 0.908289 0.217014 0.912698 0.219990 0.927249 0.221726 0.934303 0.223214 0.941358 0.220734 0.945326 0.213046
0 0.927249 0.222718 0.919753 0.222966 0.913580 0.224454 0.906085 0.229415 0.906085 0.239087 0.908730 0.244048 0.912698 0.246032 0.919753 0.247272 0.927249 0.246776 0.930335 0.245784 0.934744 0.243552 0.937390 0.240575 0.937831 0.234127 0.936949 0.231151 0.932540 0.224702
0 0.872134 0.228919 0.864198 0.228423 0.861552 0.229167 0.853616 0.233631 0.851411 0.235615 0.847443 0.243552 0.848325 0.248512 0.851411 0.251984 0.855820 0.252728 0.862875 0.252480 0.872575 0.250248 0.879630 0.246776 0.887125 0.240575 0.887125 0.236359 0.881393 0.232143
0 0.830247 0.228423 0.823633 0.226687 0.815256 0.226687 0.808642 0.228175 0.802910 0.231895 0.799824 0.235367 0.798060 0.239087 0.798060 0.241071 0.799383 0.242560 0.802469 0.243800 0.808201 0.244792 0.817901 0.244792 0.822310 0.244296 0.828924 0.242063 0.830688 0.241071 0.833774 0.237103 0.832892 0.232391
0 0.858466 0.280506 0.850529 0.280010 0.847443 0.280754 0.843034 0.282738 0.839065 0.286954 0.838624 0.291171 0.840388 0.294891 0.843474 0.297619 0.849206 0.299107 0.852734 0.298859 0.855820 0.297371 0.864638 0.295139 0.869048 0.291419 0.869048 0.286706 0.866402 0.283234 0.864198 0.281994
0 0.690476 0.168651 0.685626 0.169891 0.682540 0.171875 0.681217 0.173363 0.680776 0.177827 0.683422 0.182044 0.685185 0.183284 0.694885 0.186260 0.698413 0.186508 0.705467 0.183780 0.707231 0.182292 0.707231 0.175347 0.705467 0.172867 0.700176 0.169891 0.697531 0.169147
0 0.675926 0.185516 0.663139 0.186012 0.656085 0.190228 0.654321 0.192708 0.653439 0.198165 0.655203 0.202877 0.658289 0.205109 0.663139 0.206349 0.671076 0.206845 0.677249 0.205853 0.684744 0.201389 0.687390 0.198165 0.688272 0.193204 0.686067 0.190228 0.682540 0.187500
0 0.642857 0.157986 0.634039 0.164931 0.634039 0.170387 0.641093 0.174107 0.656085 0.177827 0.663580 0.178075 0.670194 0.177083 0.672840 0.173859 0.673721 0.170635 0.672399 0.166419 0.670194 0.163690 0.661817 0.159970 0.654321 0.157490 0.649030 0.156994