0 0.246145 0.562252 0.241189 0.563988 0.237885 0.567956 0.238436 0.572421 0.242291 0.575645 0.245595 0.577381 0.254956 0.579861 0.259912 0.579861 0.268172 0.578621 0.272577 0.576141 0.274780 0.572421 0.272026 0.567460 0.265969 0.564236 0.259912 0.562748 0.249449 0.562004
0 0.612335 0.439980 0.606278 0.442956 0.604626 0.446181 0.605176 0.449157 0.606828 0.450645 0.610132 0.451637 0.619493 0.453125 0.625000 0.452877 0.629956 0.451389 0.635463 0.447669 0.634361 0.443204 0.631057 0.441468 0.623899 0.439980
0 0.636564 0.426339 0.625551 0.425347 0.618392 0.425347 0.612885 0.426091 0.606828 0.431300 0.606828 0.436508 0.608480 0.438244 0.612335 0.439484 0.623348 0.439484 0.625000 0.438492 0.625551 0.435764 0.631608 0.433284 0.640198 0.429836 0.639317 0.427579
0 0.647026 0.429315 0.640419 0.430308 0.636564 0.431796 0.629020 0.434797 0.626597 0.436210 0.625606 0.438070 0.624449 0.439484 0.629405 0.440972 0.636013 0.444444 0.640969 0.445437 0.649780 0.445933 0.655286 0.445188 0.662445 0.440972 0.664097 0.434772 0.661894 0.431796 0.658590 0.430060
0 0.685903 0.425942 0.679020 0.425843 0.671806 0.427827 0.664097 0.431052 0.664097 0.436012 0.666300 0.439484 0.671806 0.439980 0.677863 0.439732 0.683921 0.438492 0.688326 0.436260 0.691079 0.431548
0 0.709802 0.434772 0.704295 0.434276 0.691630 0.434524 0.686123 0.437748 0.684471 0.439732 0.683921 0.447421 0.686674 0.451885 0.690529 0.453869 0.694934 0.453621 0.700991 0.451885 0.707048 0.449157 0.714207 0.443452 0.715859 0.438492 0.713656 0.436260
0 0.666300 0.440972 0.658040 0.443452 0.656938 0.447669 0.659141 0.455109 0.662445 0.458581 0.669053 0.460069 0.674559 0.460565 0.682819 0.459077 0.683921 0.454613 0.681718 0.444444 0.678965 0.441468 0.676211 0.440972
0 0.638767 0.445685 0.627753 0.452629 0.626652 0.454861 0.627753 0.459325 0.631057 0.461310 0.634361 0.462054 0.648678 0.462798 0.656388 0.461062 0.659692 0.459077 0.658040 0.450893 0.655286 0.448661 0.651982 0.447421
0 0.629405 0.462550 0.622247 0.465774 0.619493 0.470238 0.620595 0.472222 0.623899 0.474702 0.629956 0.476190 0.640969 0.476438 0.646476 0.474702 0.651432 0.467014 0.650330 0.463790 0.648128 0.462798
0 0.708150 0.453373 0.702643 0.455109 0.699890 0.457837 0.699339 0.459325 0.700991 0.463542 0.704295 0.466022 0.711454 0.468998 0.716960 0.469990 0.724119 0.469246 0.730176 0.467262 0.733480 0.464534 0.735132 0.459821 0.733480 0.456597 0.730176 0.454861 0.725771 0.453869 0.718062 0.453125
0 0.726322 0.440228 0.719163 0.441964 0.710903 0.447173 0.711454 0.451389 0.714207 0.452381 0.725220 0.453869 0.735683 0.454117 0.746145 0.451141 0.749449 0.447173 0.742841 0.440972 0.737885 0.439980
0 0.761013 0.431796 0.752203 0.433284 0.747247 0.436260 0.744493 0.438988 0.744493 0.443700 0.749449 0.448165 0.753855 0.449157 0.761564 0.449405 0.769273 0.448661 0.775330 0.446677 0.779185 0.443452 0.779185 0.438740 0.775330 0.434772 0.769824 0.432788
0 0.726322 0.419643 0.725220 0.420883 0.724119 0.429067 0.726872 0.431796 0.730176 0.433284 0.733480 0.434028 0.744493 0.434276 0.749449 0.433284 0.758260 0.430308 0.760463 0.427827 0.758260 0.424603 0.753304 0.421379 0.748348 0.419643 0.738987 0.418651 0.732930 0.418651
0 0.699890 0.415923 0.693282 0.417659 0.688877 0.420635 0.686123 0.424107 0.688877 0.427827 0.695485 0.431548 0.700991 0.432540 0.710352 0.432788 0.719163 0.430804 0.721916 0.429067 0.723568 0.425347 0.723018 0.420139 0.716960 0.417163 0.709251 0.415923
0 0.666850 0.411210 0.653084 0.412946 0.649780 0.414683 0.646311 0.418204 0.643998 0.425620 0.649504 0.428323 0.656278 0.429266 0.662996 0.429563 0.665804 0.429092 0.677698 0.426116 0.681828 0.423636 0.682930 0.420784 0.683756 0.418080 0.680066 0.413442 0.675661 0.412202
0 0.646476 0.411706 0.639317 0.409970 0.626652 0.409226 0.621145 0.409474 0.612335 0.411706 0.606828 0.411954 0.607930 0.414187 0.606828 0.419891 0.609581 0.421875 0.615639 0.424355 0.619493 0.424851 0.632159 0.424355 0.639317 0.422867 0.644824 0.420387 0.647026 0.416171
0 0.596366 0.409722 0.585903 0.411706 0.575991 0.415427 0.571256 0.418452 0.587004 0.425595 0.595815 0.425843 0.603414 0.423487 0.606278 0.421280 0.607379 0.413194 0.605727 0.411954
0 0.569383 0.419147 0.567731 0.419891 0.565529 0.423363 0.567181 0.427827 0.571696 0.430283 0.574339 0.431300 0.579295 0.431300 0.586894 0.427480 0.583921 0.424132 0.575385 0.420139 0.571476 0.419593
0 0.587004 0.428571 0.574890 0.433284 0.573238 0.435268 0.572687 0.439980 0.576542 0.442708 0.582599 0.443948 0.587555 0.445933 0.595264 0.447173 0.598568 0.446925 0.604626 0.445188 0.609031 0.439484 0.605176 0.433532 0.597467 0.430556
0 0.551211 0.425347 0.545154 0.426587 0.539648 0.428571 0.537996 0.430556 0.536894 0.435516 0.542952 0.440724 0.550110 0.444196 0.553965 0.444940 0.561123 0.445188 0.571035 0.438740 0.573238 0.435516 0.573789 0.431548 0.564978 0.426339 0.561123 0.425595
0 0.569383 0.441468 0.562775 0.444444 0.558921 0.447173 0.560022 0.451141 0.563326 0.453125 0.577643 0.456597 0.584251 0.456349 0.587004 0.455605 0.591960 0.451885 0.591410 0.447173 0.584251 0.443452
0 0.603524 0.450397 0.592511 0.452877 0.589207 0.454861 0.585903 0.458581 0.589207 0.466270 0.592511 0.467262 0.604626 0.468502 0.615088 0.464038 0.621145 0.458829 0.619493 0.454613 0.613987 0.452133
0 0.586454 0.467510 0.575441 0.470734 0.572687 0.473958 0.571586 0.478919 0.577093 0.482143 0.588656 0.483383 0.597467 0.482143 0.604075 0.479415 0.607379 0.474206 0.603524 0.469990 0.596366 0.468502
0 0.579295 0.457341 0.569383 0.455853 0.562225 0.457341 0.556167 0.460069 0.550110 0.466518 0.549559 0.471478 0.551762 0.474702 0.554515 0.474702 0.558370 0.473710 0.573789 0.471726 0.586454 0.466766 0.585903 0.462302
0 0.555617 0.451885 0.549009 0.448661 0.544053 0.447421 0.534141 0.447173 0.523128 0.449653 0.518722 0.452133 0.516520 0.454613 0.517621 0.459573 0.520925 0.461558 0.528084 0.462302 0.536894 0.462302 0.547357 0.461062 0.554515 0.459077 0.556718 0.457589 0.557819 0.454365
0 0.508811 0.441964 0.499449 0.441964 0.493392 0.443204 0.486233 0.445933 0.481828 0.450397 0.482379 0.455605 0.485132 0.457589 0.491189 0.459821 0.500551 0.460565 0.509361 0.458333 0.513767 0.455605 0.517070 0.451389 0.516520 0.447669
0 0.526432 0.433036 0.517621 0.434276 0.509912 0.439236 0.511013 0.443700 0.517070 0.448661 0.526982 0.448413 0.535242 0.446429 0.539648 0.443700 0.540749 0.440476 0.539648 0.438244
0 0.528634 0.411954 0.525330 0.414187 0.522026 0.419395 0.523678 0.423859 0.526982 0.425347 0.534141 0.427331 0.542952 0.427083 0.552313 0.425347 0.561674 0.425099 0.563877 0.424107 0.568282 0.419395 0.566630 0.415675 0.562775 0.413442 0.553965 0.411210 0.548458 0.410714 0.533590 0.410466
0 0.500551 0.403274 0.493392 0.406498 0.493392 0.412202 0.499449 0.417163 0.506057 0.420387 0.517621 0.421131 0.520925 0.419147 0.527533 0.412202 0.527533 0.408234 0.525330 0.405506 0.522026 0.403522 0.518722 0.402778 0.505507 0.402778
0 0.535242 0.396577 0.528084 0.400298 0.526432 0.404514 0.529185 0.409226 0.534141 0.410466 0.552863 0.410714 0.559471 0.409474 0.562775 0.407738 0.564978 0.405010 0.563326 0.400546 0.558921 0.399058 0.543502 0.396081
0 0.578744 0.395833 0.571586 0.397321 0.565529 0.400298 0.563326 0.408978 0.564978 0.412202 0.568833 0.413690 0.578744 0.413938 0.587555 0.411706 0.594714 0.408482 0.596366 0.406746 0.596916 0.403274 0.593612 0.399554 0.588656 0.397569
0 0.616520 0.394916 0.610683 0.396329 0.606278 0.397321 0.602974 0.399058 0.599670 0.402530 0.598568 0.408482 0.603524 0.410714 0.613436 0.410962 0.628304 0.408482 0.630507 0.407490 0.632709 0.405010 0.631608 0.401538 0.626652 0.398065
0 0.656388 0.385417 0.649229 0.384425 0.639868 0.384921 0.624449 0.389881 0.622247 0.391865 0.622797 0.394345 0.625000 0.396577 0.631057 0.400050 0.639317 0.401042 0.644824 0.398562 0.653084 0.396329 0.660793 0.393353 0.661344 0.388641
0 0.665198 0.395833 0.656388 0.395337 0.648128 0.397073 0.639317 0.400298 0.636013 0.402530 0.633370 0.405977 0.636564 0.408234 0.647577 0.411954 0.656938 0.412450 0.663546 0.410962 0.666244 0.407912 0.669989 0.403745 0.672357 0.400050
0 0.679515 0.400794 0.675110 0.403522 0.672357 0.407986 0.677313 0.412202 0.684471 0.414683 0.689978 0.415675 0.700991 0.415179 0.709802 0.412698 0.714758 0.407738 0.713656 0.404266 0.708700 0.401290 0.696586 0.399554 0.687775 0.399554
0 0.718062 0.405506 0.712004 0.412450 0.714758 0.415427 0.720264 0.417659 0.725220 0.418899 0.731278 0.418403 0.745044 0.418651 0.751101 0.417163 0.752203 0.415179 0.750000 0.412450 0.745595 0.410714 0.740088 0.406746 0.735132 0.404514 0.725220 0.403770
0 0.513767 0.421627 0.508811 0.421131 0.500000 0.421379 0.493943 0.423115 0.486233 0.427331 0.486233 0.431796 0.487885 0.433780 0.490088 0.434772 0.498899 0.436508 0.508811 0.437004 0.515969 0.434524 0.520925 0.430804 0.521476 0.426835 0.517621 0.422867
0 0.473568 0.408978 0.462555 0.412698 0.460903 0.415179 0.460903 0.420139 0.463106 0.422619 0.466410 0.423859 0.482930 0.427331 0.490639 0.425347 0.497797 0.420387 0.497247 0.415675 0.492841 0.411706 0.488436 0.409722 0.484581 0.408978
0 0.455396 0.398313 0.448789 0.399306 0.447137 0.400298 0.446035 0.408234 0.448789 0.411954 0.457599 0.413690 0.473568 0.408482 0.471916 0.403770 0.466410 0.399306
0 0.482930 0.393601 0.475220 0.394593 0.468612 0.399802 0.473018 0.406250 0.475771 0.407242 0.481278 0.407986 0.490639 0.406994 0.497797 0.404266 0.500000 0.401290 0.498899 0.398562 0.494493 0.395833
0 0.508260 0.383929 0.503304 0.386657 0.499449 0.390873 0.496145 0.392609 0.496696 0.396825 0.505507 0.401538 0.514868 0.402282 0.523678 0.401786 0.526432 0.401042 0.533590 0.396825 0.533590 0.391865 0.530286 0.389385 0.520925 0.385665 0.515419 0.384425
0 0.560022 0.380952 0.551762 0.382192 0.546256 0.384425 0.540198 0.388393 0.539097 0.393105 0.541300 0.395337 0.545154 0.396825 0.551762 0.398313 0.562225 0.399306 0.568833 0.398065 0.573789 0.395337 0.575991 0.392857 0.576542 0.388145 0.574890 0.384425 0.569383 0.381944
0 0.578194 0.387401 0.577093 0.390129 0.577643 0.394097 0.582599 0.396329 0.595595 0.398611 0.604075 0.398065 0.613987 0.393105 0.613987 0.391617 0.611784 0.389137 0.604626 0.386409 0.594714 0.383606 0.581608 0.384375
0 0.610683 0.375992 0.606278 0.377976 0.603524 0.380456 0.602423 0.384921 0.604075 0.386161 0.612885 0.389385 0.622797 0.389881 0.632159 0.387649 0.638216 0.384177 0.638767 0.380456 0.636564 0.378720 0.629405 0.375992 0.619493 0.375248
0 0.638216 0.364831 0.632159 0.366567 0.627203 0.369048 0.627753 0.373512 0.629405 0.375992 0.642070 0.381944 0.646476 0.382688 0.656388 0.382440 0.665749 0.376984 0.667952 0.373264 0.666300 0.369792 0.664097 0.368056 0.657489 0.365575 0.648128 0.364583
0 0.689978 0.375248 0.681167 0.374504 0.670154 0.374752 0.666850 0.375744 0.659141 0.380704 0.658590 0.385913 0.662445 0.390129 0.665198 0.391369 0.674009 0.391865 0.687225 0.389137 0.694383 0.386657 0.696035 0.385169 0.697687 0.380704
0 0.706498 0.388641 0.700991 0.386905 0.691079 0.387153 0.671806 0.392361 0.670154 0.396825 0.672907 0.399058 0.675661 0.399802 0.684471 0.400050 0.688877 0.399554 0.700991 0.399554 0.708150 0.398810 0.709802 0.397569 0.710903 0.392361
0 0.742291 0.392609 0.735132 0.390377 0.727423 0.389385 0.722467 0.389633 0.715859 0.390873 0.712555 0.392857 0.711454 0.397321 0.713106 0.400298 0.716960 0.403274 0.732379 0.403274 0.740639 0.401290 0.747247 0.396577
0 0.751652 0.397073 0.746696 0.398313 0.741740 0.400546 0.738436 0.404762 0.745044 0.410466 0.756057 0.416171 0.768722 0.418651 0.772026 0.418403 0.774229 0.417163 0.777533 0.412450 0.777533 0.407986 0.775330 0.406250 0.774229 0.403770 0.769824 0.400050 0.761013 0.396825
0 0.778634 0.374752 0.773678 0.376736 0.770374 0.380704 0.768722 0.384921 0.770925 0.388145 0.774229 0.390129 0.778634 0.391121 0.785242 0.391617 0.795044 0.390724 0.798458 0.389633 0.802313 0.385913 0.803414 0.381696 0.802313 0.379216 0.797907 0.375992 0.792952 0.374752 0.787996 0.374256
0 0.744493 0.362599 0.729626 0.369048 0.727423 0.372768 0.727423 0.377480 0.730176 0.381200 0.735132 0.383433 0.742291 0.384177 0.751652 0.383681 0.754405 0.382937 0.757709 0.380952 0.759361 0.377728 0.757709 0.370040 0.748899 0.365575 0.747797 0.363839
0 0.695485 0.369296 0.692731 0.370784 0.691079 0.373264 0.692731 0.377232 0.697137 0.380704 0.701542 0.382688 0.708700 0.384673 0.717511 0.384921 0.719163 0.384425 0.723018 0.381448 0.724119 0.377232 0.723018 0.373016 0.720264 0.369048 0.717511 0.367560 0.705947 0.367312
0 0.681167 0.354663 0.667952 0.357639 0.663546 0.360863 0.663546 0.362847 0.665749 0.365823 0.671806 0.369048 0.681167 0.371280 0.686674 0.371280 0.691630 0.370536 0.697137 0.368056 0.699339 0.364335 0.699339 0.360367 0.697687 0.357391 0.692181 0.354911
0 0.637665 0.351190 0.625551 0.357143 0.629405 0.362103 0.634361 0.363591 0.643172 0.364583 0.651982 0.364583 0.658040 0.363839 0.661894 0.361359 0.663546 0.358383 0.661344 0.353175 0.656388 0.350942 0.649780 0.350198
0 0.616740 0.350694 0.612885 0.350446 0.608480 0.353175 0.599119 0.355903 0.596366 0.357143 0.593612 0.360863 0.593612 0.365823 0.599119 0.370288 0.604075 0.372024 0.613436 0.372272 0.620044 0.371032 0.624449 0.369048 0.628304 0.365823 0.628855 0.361111 0.620044 0.354167 0.618943 0.351438
0 0.588106 0.362599 0.583150 0.363343 0.573238 0.367063 0.569934 0.371528 0.568282 0.376488 0.568833 0.378472 0.572137 0.381944 0.577643 0.383681 0.587555 0.383681 0.596916 0.382688 0.601872 0.381200 0.603524 0.378968 0.604075 0.376488 0.601322 0.371280 0.594714 0.367063 0.591960 0.364087
0 0.560022 0.363343 0.555066 0.365327 0.545154 0.367312 0.541850 0.368552 0.541300 0.373016 0.551762 0.378968 0.562225 0.379712 0.566630 0.378720 0.568282 0.377480 0.571586 0.368056 0.569934 0.365575 0.568282 0.364831
0 0.523678 0.354415 0.518722 0.356895 0.514868 0.360863 0.515969 0.363591 0.520374 0.366319 0.533590 0.368552 0.540749 0.368552 0.544604 0.368056 0.553965 0.365079 0.556718 0.361111 0.550661 0.359623 0.540749 0.355159 0.535242 0.353671
0 0.532489 0.372024 0.522577 0.373016 0.517621 0.374752 0.515419 0.376736 0.514317 0.380952 0.518722 0.384425 0.526432 0.387897 0.533590 0.389881 0.535793 0.389881 0.546256 0.384673 0.550110 0.380456 0.548458 0.376736 0.544604 0.374256 0.537445 0.372024
0 0.500000 0.363591 0.489537 0.365575 0.485683 0.367312 0.483480 0.369544 0.482379 0.374008 0.486784 0.376736 0.493943 0.377728 0.500551 0.379712 0.508811 0.379960 0.512115 0.379216 0.515419 0.377480 0.519273 0.373264 0.519273 0.368800 0.513767 0.365823 0.508811 0.364335
0 0.569934 0.340278 0.560573 0.340774 0.556718 0.342262 0.551211 0.343254 0.545705 0.345734 0.542401 0.349206 0.542952 0.353671 0.546806 0.357391 0.554515 0.359623 0.558921 0.360119 0.570485 0.359623 0.575441 0.358383 0.578744 0.356647 0.580396 0.353919 0.578744 0.346230 0.575441 0.342758
0 0.482379 0.378720 0.471366 0.383185 0.469714 0.384921 0.473568 0.391121 0.477423 0.392857 0.491740 0.393849 0.500000 0.391369 0.505507 0.384425 0.503855 0.381696 0.501652 0.380456 0.491740 0.377976
0 0.454846 0.382440 0.444934 0.385417 0.442181 0.387153 0.439978 0.392361 0.441079 0.395833 0.447687 0.398810 0.454846 0.398313 0.466410 0.398810 0.471916 0.396825 0.474670 0.393105 0.472467 0.388145 0.466960 0.383929 0.460352 0.382688
0 0.458150 0.368304 0.452093 0.369792 0.445485 0.373264 0.442181 0.377232 0.443833 0.378720 0.452643 0.381944 0.463656 0.382937 0.472467 0.381944 0.477974 0.379712 0.480727 0.377232 0.479075 0.372768 0.476872 0.370784 0.473018 0.369048 0.466410 0.368056
0 0.473018 0.352431 0.468062 0.353175 0.459802 0.357887 0.458150 0.360119 0.458150 0.366071 0.461454 0.367808 0.474670 0.369048 0.480727 0.367312 0.483480 0.364831 0.480727 0.361111 0.480176 0.353423 0.477974 0.352679
0 0.500551 0.347966 0.490639 0.347718 0.484581 0.349702 0.479626 0.353423 0.480727 0.362103 0.484031 0.364335 0.491740 0.365079 0.498348 0.363839 0.509361 0.362599 0.515969 0.357887 0.513767 0.352927
0 0.516520 0.338294 0.508811 0.339038 0.498348 0.342262 0.496696 0.345734 0.498348 0.347470 0.502753 0.349702 0.517621 0.355159 0.525881 0.353671 0.528084 0.352679 0.531388 0.346726 0.530837 0.341766 0.526432 0.339286
0 0.470815 0.321677 0.470264 0.322669 0.472467 0.326389 0.473568 0.332093 0.482379 0.338542 0.491189 0.341270 0.500551 0.341022 0.512115 0.337550 0.515419 0.334325 0.514868 0.330109 0.508811 0.327381 0.491740 0.323661 0.482930 0.323165 0.480727 0.322173 0.474119 0.320933
0 0.508811 0.312748 0.504956 0.314484 0.504956 0.318700 0.511013 0.326141 0.516520 0.328373 0.526432 0.327877 0.530286 0.326141 0.534692 0.322421 0.534141 0.318204 0.531388 0.315724 0.527533 0.313740 0.518722 0.312252
0 0.290198 0.303819 0.283590 0.305556 0.281388 0.306796 0.278634 0.310268 0.279736 0.313988 0.289648 0.319444 0.292952 0.320188 0.300661 0.320685 0.307269 0.319196 0.314427 0.315228 0.316630 0.310020 0.313326 0.306548 0.308370 0.304563 0.301762 0.303819
0 0.396476 0.287698 0.387665 0.284722 0.377753 0.284970 0.366740 0.286954 0.359581 0.291667 0.355727 0.297619 0.351872 0.299851 0.350220 0.302827 0.351872 0.303323 0.357379 0.302827 0.372247 0.303323 0.389317 0.302827 0.397577 0.299603 0.401432 0.295387 0.400330 0.291419
0 0.439427 0.266121 0.432819 0.267857 0.427863 0.271081 0.428414 0.275546 0.431167 0.279018 0.437225 0.282242 0.447687 0.286210 0.453744 0.286706 0.459802 0.286458 0.462004 0.284970 0.463106 0.280506 0.462555 0.275050 0.460352 0.271081 0.456498 0.268353 0.449339 0.265873
0 0.489537 0.172123 0.483480 0.172867 0.480727 0.173859 0.478524 0.176835 0.478524 0.180556 0.479626 0.182788 0.484581 0.186508 0.486784 0.189980 0.491189 0.192708 0.499449 0.191964 0.500551 0.190972 0.501101 0.186012 0.503855 0.181796 0.503304 0.177083 0.499449 0.173611 0.495595 0.172619
0 0.881057 0.414683 0.878855 0.416667 0.878304 0.420139 0.883260 0.424107 0.890969 0.427579 0.898678 0.428571 0.909141 0.428075 0.917401 0.424355 0.920154 0.420387 0.919604 0.415675 0.917952 0.413938 0.912996 0.412202 0.899229 0.410962 0.890419 0.412202
0 0.901432 0.393353 0.889868 0.393105 0.882159 0.394097 0.872797 0.396329 0.866740 0.399058 0.864537 0.401042 0.863436 0.404762 0.867291 0.408234 0.873899 0.410962 0.881608 0.412946 0.892621 0.412202 0.900330 0.409474 0.905837 0.404762 0.907489 0.400546 0.905837 0.395833
0 0.898678 0.373760 0.893172 0.375000 0.887115 0.377728 0.885463 0.380456 0.886564 0.385169 0.891520 0.390129 0.894824 0.391617 0.899229 0.392609 0.908590 0.392609 0.916850 0.390377 0.922357 0.388145 0.929515 0.380456 0.926762 0.377728 0.912996 0.375000
0 0.892070 0.362847 0.882159 0.362599 0.871145 0.366319 0.865639 0.373016 0.865639 0.377232 0.868943 0.379464 0.876101 0.379960 0.884912 0.378968 0.891520 0.376240 0.901982 0.373264 0.903634 0.369544 0.903084 0.368304 0.900330 0.366071
0 0.918502 0.352927 0.908040 0.353423 0.903084 0.354415 0.899229 0.356151 0.894824 0.360863 0.895925 0.363591 0.900881 0.367560 0.906388 0.369544 0.918502 0.368800 0.928965 0.365327 0.930066 0.360863 0.923458 0.354911
0 0.887665 0.347966 0.883811 0.347222 0.872797 0.347222 0.868392 0.348710 0.861233 0.353919 0.859031 0.357391 0.857930 0.362351 0.860132 0.364583 0.864537 0.365327 0.873899 0.364831 0.882709 0.362599 0.888767 0.361855 0.894824 0.359375 0.897026 0.357143 0.897577 0.353423
0 0.886013 0.341518 0.887115 0.346726 0.893172 0.351190 0.898678 0.353175 0.910793 0.352927 0.918502 0.352183 0.927313 0.349454 0.932819 0.345982 0.932269 0.341518 0.926211 0.338790 0.919053 0.336806 0.899780 0.336558 0.891520 0.338542
0 0.888216 0.327629 0.875000 0.325397 0.872247 0.325397 0.865088 0.326637 0.862335 0.328125 0.859031 0.332589 0.859031 0.338790 0.860683 0.343006 0.863436 0.344990 0.873899 0.345486 0.884912 0.342510 0.889317 0.340030 0.893722 0.336310 0.894824 0.333829 0.891520 0.329613
0 0.899229 0.321181 0.893172 0.325893 0.893172 0.330605 0.898678 0.335565 0.905837 0.336310 0.919053 0.336310 0.923458 0.335565 0.935022 0.332093 0.936123 0.330357 0.935022 0.326141 0.932819 0.323661 0.927863 0.321429 0.922357 0.320188 0.909692 0.319692 0.904185 0.319940
0 0.851872 0.313740 0.851322 0.315228 0.853524 0.318452 0.857930 0.319940 0.860683 0.322669 0.865088 0.324653 0.874449 0.325397 0.882709 0.327133 0.891520 0.327629 0.898128 0.321677 0.899229 0.316964 0.897577 0.314484 0.890969 0.311756 0.882709 0.311012 0.867291 0.311260 0.859581 0.312004
0 0.879405 0.296627 0.873899 0.295387 0.865088 0.295883 0.857379 0.298611 0.851872 0.302579 0.849670 0.306300 0.849119 0.311012 0.851322 0.312252 0.857930 0.312748 0.875000 0.310764 0.885463 0.308036 0.887115 0.306300 0.887665 0.302083 0.885463 0.299851
0 0.922357 0.301339 0.910242 0.299603 0.890419 0.300595 0.888216 0.301835 0.887115 0.304563 0.887115 0.308036 0.890419 0.311756 0.899780 0.315724 0.911344 0.314732 0.915749 0.312748 0.922907 0.306796 0.924009 0.302331
0 0.896476 0.280506 0.884361 0.281994 0.876652 0.285714 0.871696 0.287202 0.873899 0.287450 0.877203 0.289435 0.878855 0.294891 0.882159 0.297371 0.889868 0.299603 0.899780 0.299851 0.909141 0.298363 0.914097 0.295139 0.916300 0.291915 0.915198 0.286458 0.909141 0.282490 0.901432 0.280506
0 0.856278 0.271329 0.852423 0.273562 0.844714 0.275298 0.845264 0.279514 0.847467 0.283234 0.856278 0.287450 0.863987 0.288938 0.873899 0.288690 0.878855 0.286954 0.885463 0.282986 0.887115 0.279762 0.886013 0.277282 0.883260 0.275050 0.878855 0.273810 0.862885 0.272569
0 0.902533 0.262153 0.888216 0.263641 0.882159 0.266865 0.879956 0.271081 0.881057 0.273313 0.883811 0.275298 0.890969 0.278274 0.898678 0.279514 0.908590 0.278274 0.914097 0.275546 0.917952 0.271577 0.915749 0.267361 0.911344 0.265377 0.908590 0.263145
0 0.900881 0.238591 0.892070 0.236111 0.885463 0.235367 0.865639 0.236111 0.855727 0.239831 0.854075 0.245040 0.856278 0.248264 0.864537 0.252232 0.872797 0.252976 0.878855 0.252232 0.886564 0.250496 0.893172 0.248016 0.901432 0.242312 0.902533 0.239831
0 0.482379 0.427579 0.474670 0.425347 0.465859 0.424355 0.458700 0.425099 0.454846 0.426091 0.451542 0.428075 0.449890 0.431796 0.449339 0.436756 0.450991 0.439236 0.455947 0.440724 0.465308 0.440476 0.476872 0.437748 0.484581 0.432540 0.484581 0.430308
0 0.431167 0.357887 0.420705 0.358631 0.416850 0.359623 0.413546 0.361607 0.411344 0.364831 0.411344 0.368800 0.413546 0.373016 0.416850 0.374752 0.422357 0.375248 0.432819 0.373512 0.437775 0.371280 0.442731 0.367063 0.443833 0.365327 0.442731 0.361359 0.439427 0.359623
0 0.434471 0.341766 0.430066 0.343006 0.426211 0.347966 0.425110 0.352183 0.426211 0.355903 0.429515 0.357639 0.438326 0.359871 0.448238 0.359871 0.453194 0.359127 0.457599 0.357391 0.460903 0.353919 0.456498 0.347966 0.442181 0.341766
0 0.386013 0.349950 0.380507 0.351190 0.375000 0.353671 0.371145 0.357887 0.372247 0.362103 0.376101 0.367808 0.381608 0.370288 0.388216 0.370784 0.398128 0.369544 0.405837 0.367560 0.410242 0.364831 0.412445 0.361111 0.410242 0.357391 0.404185 0.353175 0.397577 0.351438
0 0.404736 0.370040 0.394824 0.370288 0.383811 0.371776 0.379956 0.373512 0.376652 0.376488 0.376652 0.380208 0.379405 0.382688 0.384361 0.384673 0.395374 0.387153 0.403084 0.385665 0.412445 0.380952 0.413546 0.377232 0.409692 0.371776
0 0.431167 0.380704 0.424009 0.380208 0.415749 0.380704 0.403634 0.385665 0.400330 0.388145 0.399780 0.393105 0.403084 0.394841 0.414648 0.396577 0.422357 0.396329 0.433370 0.395089 0.437775 0.393849 0.441079 0.389633 0.441079 0.387401 0.437775 0.383681
0 0.443282 0.398810 0.436674 0.396081 0.431167 0.395337 0.418502 0.396329 0.411344 0.397817 0.408590 0.398810 0.403084 0.404018 0.404736 0.407986 0.422357 0.411954 0.428965 0.412450 0.442731 0.410218 0.445485 0.408234 0.446586 0.404762 0.445485 0.401290
0 0.428414 0.412946 0.425661 0.415427 0.426211 0.419147 0.427863 0.421627 0.432819 0.423859 0.438877 0.425347 0.448789 0.426091 0.458150 0.422371 0.460352 0.420139 0.459802 0.415675 0.454295 0.413194 0.439427 0.411210
0 0.403634 0.409226 0.399229 0.410218 0.391520 0.413938 0.390419 0.415427 0.390969 0.419643 0.399229 0.425843 0.404185 0.426835 0.414097 0.427579 0.420705 0.426091 0.425661 0.423363 0.427313 0.420139 0.425661 0.414187 0.424009 0.412450 0.418502 0.410714 0.413546 0.409722
0 0.397026 0.394593 0.387115 0.396081 0.376652 0.400298 0.376101 0.404514 0.378855 0.406002 0.382709 0.409970 0.386564 0.411458 0.395925 0.411706 0.402533 0.405754 0.405286 0.401042 0.404736 0.396329
0 0.357930 0.384673 0.355727 0.387153 0.356828 0.392609 0.360683 0.395833 0.369493 0.399306 0.378855 0.399802 0.392621 0.395089 0.394824 0.392361 0.394824 0.388393 0.389317 0.385913 0.378855 0.383433 0.369493 0.383185
0 0.351872 0.367063 0.343612 0.370040 0.339758 0.373264 0.338106 0.376488 0.339758 0.381200 0.343612 0.383185 0.350220 0.383929 0.364537 0.383929 0.369493 0.382440 0.373899 0.378968 0.376101 0.374256 0.375551 0.372024 0.372797 0.369792 0.365639 0.367312 0.362885 0.366815
0 0.378304 0.406994 0.376101 0.406002 0.365088 0.404018 0.360132 0.403770 0.352974 0.405010 0.348018 0.407986 0.344714 0.412202 0.344714 0.417659 0.345815 0.418651 0.349670 0.419395 0.360132 0.419147 0.375000 0.414931 0.380507 0.412450
0 0.368943 0.417163 0.359581 0.423115 0.359581 0.425099 0.361784 0.427579 0.377753 0.431548 0.387665 0.432044 0.395374 0.430804 0.398678 0.428323 0.398678 0.427083 0.393172 0.421379 0.386564 0.418403 0.379405 0.416667
0 0.429515 0.424603 0.414648 0.428323 0.409141 0.431796 0.411894 0.435268 0.422357 0.439732 0.431167 0.441220 0.440529 0.440476 0.444934 0.438988 0.447137 0.436508 0.448238 0.431548 0.447137 0.428075 0.443833 0.426091 0.439427 0.425099
0 0.467511 0.441220 0.462555 0.441220 0.455947 0.442212 0.451542 0.444444 0.448789 0.446925 0.447137 0.450397 0.448789 0.456349 0.450991 0.458085 0.455947 0.459573 0.473568 0.458333 0.480176 0.455109 0.481278 0.451141 0.480727 0.446429 0.479075 0.444940 0.473568 0.442460
0 0.473568 0.464782 0.470264 0.469990 0.470264 0.474702 0.474670 0.476687 0.484031 0.478423 0.492841 0.478671 0.500551 0.477927 0.514868 0.474702 0.514317 0.470486 0.505507 0.465774 0.495595 0.462054 0.492291 0.461310 0.482379 0.461558 0.477974 0.462550
0 0.470815 0.459573 0.464207 0.459325 0.452643 0.461310 0.443833 0.466022 0.445485 0.471478 0.455947 0.475694 0.466960 0.474950 0.469714 0.473462 0.474119 0.463790 0.473018 0.460317
0 0.421806 0.460813 0.411894 0.462798 0.409141 0.464286 0.406388 0.466766 0.404736 0.471726 0.406388 0.474702 0.409692 0.475446 0.413546 0.477431 0.419604 0.478919 0.424559 0.478919 0.431167 0.478175 0.436674 0.476687 0.441630 0.474454 0.443833 0.470238 0.441079 0.466022 0.435022 0.462302 0.430617 0.461062
0 0.326542 0.404514 0.317731 0.405010 0.314427 0.406250 0.312225 0.408234 0.309471 0.414187 0.305617 0.415923 0.302863 0.418899 0.302863 0.420139 0.316630 0.424107 0.326542 0.423115 0.337555 0.417659 0.342511 0.412450 0.340308 0.408482 0.334802 0.406002
0 0.300110 0.391369 0.291300 0.392113 0.283590 0.394345 0.280837 0.396329 0.272026 0.400050 0.270374 0.404266 0.274229 0.407242 0.279185 0.408482 0.290749 0.409722 0.297357 0.408978 0.300661 0.407738 0.305066 0.402778 0.310573 0.400546 0.310573 0.399802
0 0.305066 0.375744 0.296256 0.375248 0.288546 0.375992 0.282489 0.377232 0.275881 0.380208 0.274780 0.385169 0.277533 0.388393 0.283040 0.391121 0.290749 0.392361 0.300110 0.391369 0.308921 0.388393 0.314978 0.384921 0.317731 0.380704 0.313326 0.377976
0 0.329295 0.345486 0.327643 0.348958 0.328194 0.353671 0.334251 0.356895 0.343612 0.358383 0.360683 0.357887 0.363436 0.357391 0.371145 0.353671 0.371145 0.349206 0.366189 0.345238 0.361233 0.342758 0.352974 0.341518 0.342511 0.341766 0.338106 0.343006 0.334802 0.343254
0 0.281938 0.340774 0.273678 0.342510 0.269824 0.345486 0.269824 0.349702 0.273678 0.354167 0.276432 0.355903 0.285793 0.357887 0.290749 0.359871 0.292401 0.359871 0.299009 0.358383 0.302313 0.356151 0.305066 0.350446 0.305066 0.345238 0.302863 0.343254 0.299009 0.341766 0.290198 0.340774
0 0.171806 0.336806 0.170154 0.337550 0.170154 0.339038 0.174009 0.345238 0.177313 0.347470 0.183921 0.350198 0.188877 0.350942 0.196586 0.350942 0.202093 0.349702 0.209251 0.345734 0.211454 0.340774 0.209251 0.338046 0.202093 0.336062 0.195485 0.334821 0.186674 0.334573
0 0.262665 0.384673 0.248348 0.382688 0.238987 0.382937 0.231278 0.384425 0.222467 0.389385 0.222467 0.393601 0.227974 0.398562 0.232379 0.400298 0.240088 0.401290 0.247797 0.400298 0.254956 0.397817 0.259912 0.395337 0.263216 0.392113 0.264868 0.387649
0 0.198789 0.373016 0.195485 0.375496 0.194934 0.381944 0.197687 0.385417 0.203194 0.387649 0.209802 0.388641 0.214758 0.388889 0.221366 0.388145 0.234031 0.381448 0.234031 0.379960 0.230727 0.375992 0.222467 0.373016 0.215859 0.372024 0.204295 0.372272
0 0.183370 0.388641 0.178414 0.392113 0.177313 0.394345 0.177313 0.401042 0.180617 0.404266 0.187775 0.406498 0.213106 0.404018 0.216410 0.400546 0.215308 0.397569 0.207048 0.391369 0.204295 0.390129 0.196035 0.388641 0.187225 0.388145
0 0.151432 0.406746 0.147026 0.407986 0.143172 0.411210 0.140969 0.415675 0.142070 0.420387 0.147026 0.423363 0.150881 0.424603 0.159141 0.425347 0.166850 0.424603 0.170705 0.423363 0.175661 0.420139 0.175661 0.414435 0.167401 0.410714
0 0.195485 0.406746 0.186674 0.410466 0.185022 0.411954 0.187225 0.415923 0.199890 0.420139 0.203194 0.420635 0.214758 0.420139 0.218062 0.417659 0.219163 0.414683 0.218612 0.411706 0.214207 0.406746 0.206498 0.405258 0.203194 0.405258
0 0.228524 0.412946 0.223018 0.415923 0.224119 0.420635 0.226322 0.424107 0.229626 0.426587 0.237885 0.428323 0.247247 0.428323 0.258811 0.425347 0.266520 0.420635 0.265969 0.415923 0.257159 0.411954 0.250000 0.411458 0.236784 0.411458
0 0.291300 0.426835 0.287996 0.427827 0.284692 0.431300 0.284692 0.435516 0.290749 0.439732 0.299009 0.441220 0.306167 0.440476 0.308921 0.439484 0.309471 0.434028 0.307269 0.427579 0.302863 0.426587
0 0.276982 0.431300 0.266520 0.429812 0.257159 0.430556 0.251652 0.431548 0.244493 0.434276 0.238987 0.435268 0.238987 0.437004 0.241740 0.438988 0.247797 0.440972 0.250000 0.443452 0.254956 0.445188 0.272026 0.444692 0.275330 0.443700 0.279736 0.439980 0.280286 0.434772
0 0.177313 0.444196 0.169604 0.445437 0.164097 0.447421 0.160793 0.450645 0.161894 0.455109 0.169053 0.459325 0.176762 0.460565 0.180617 0.460565 0.191079 0.459077 0.193282 0.457093 0.198789 0.454365 0.201542 0.451141 0.196586 0.447173 0.187775 0.444692
0 0.074339 0.454117 0.064427 0.452877 0.055617 0.453621 0.047357 0.455109 0.044604 0.458829 0.045154 0.463046 0.050110 0.467262 0.055617 0.468502 0.066630 0.468750 0.075441 0.467014 0.083150 0.463046 0.083150 0.458581 0.080947 0.456845
0 0.257159 0.459325 0.251101 0.458581 0.238987 0.458829 0.230176 0.460317 0.223018 0.463294 0.218612 0.466766 0.221916 0.470734 0.230176 0.474206 0.234581 0.474702 0.250551 0.474950 0.257159 0.473958 0.263216 0.470982 0.264317 0.467510 0.262665 0.462798
0 0.595264 0.522817 0.589758 0.524802 0.587555 0.528522 0.588106 0.533482 0.591410 0.537450 0.596916 0.539187 0.602974 0.539931 0.611233 0.539187 0.615639 0.537698 0.620044 0.533482 0.618392 0.529018 0.613436 0.525298 0.604626 0.523065
0 0.435022 0.512153 0.422907 0.510417 0.412445 0.510417 0.403634 0.511409 0.398128 0.513145 0.396476 0.514385 0.395925 0.518601 0.400330 0.524306 0.405286 0.526290 0.415198 0.527034 0.422357 0.526290 0.430617 0.524058 0.436123 0.521329 0.437775 0.518353 0.438326 0.513641
0 0.378304 0.517609 0.364537 0.521329 0.362885 0.523810 0.362885 0.526538 0.365088 0.529018 0.370044 0.531250 0.379405 0.533482 0.387115 0.532738 0.392070 0.531498 0.396476 0.529266 0.398678 0.524802 0.390969 0.519593 0.386564 0.518353
0 0.404736 0.533482 0.393722 0.533234 0.384912 0.534474 0.377753 0.538442 0.375551 0.540923 0.376101 0.545387 0.380507 0.549107 0.387115 0.552331 0.395374 0.554067 0.406938 0.552579 0.412996 0.549603 0.416850 0.545387 0.415749 0.540923 0.412445 0.537202
0 0.169053 0.467510 0.162996 0.466518 0.150881 0.466518 0.143722 0.467758 0.138767 0.469990 0.136564 0.473214 0.136564 0.475694 0.138767 0.478175 0.146476 0.481895 0.151432 0.482887 0.156938 0.482391 0.160242 0.481647 0.166850 0.478671 0.172357 0.474702 0.174009 0.471478 0.172907 0.469494
0 0.170154 0.507440 0.164648 0.513393 0.165198 0.517113 0.168502 0.519841 0.174009 0.522073 0.179515 0.523065 0.188877 0.523313 0.196035 0.521577 0.204295 0.521081 0.208150 0.520089 0.209802 0.517361 0.203744 0.514137 0.201542 0.511409 0.198789 0.509921 0.188326 0.506696 0.180617 0.505704 0.176211 0.505704
0 0.230176 0.492808 0.219714 0.492808 0.208150 0.494048 0.203744 0.495536 0.200441 0.497768 0.201542 0.503224 0.207599 0.507937 0.213106 0.510665 0.221916 0.511161 0.232930 0.506448 0.238987 0.501984 0.238987 0.497520 0.236233 0.495288
0 0.221916 0.512897 0.221366 0.514881 0.223568 0.517609 0.234581 0.522073 0.246696 0.523810 0.257159 0.523313 0.260463 0.522073 0.263216 0.518353 0.263216 0.513393 0.257159 0.509921 0.249449 0.508681 0.238987 0.508681 0.225771 0.511409
0 0.269273 0.526290 0.256057 0.524058 0.247247 0.525298 0.236784 0.529514 0.233480 0.532738 0.234031 0.535218 0.236233 0.538690 0.242291 0.541915 0.247247 0.543155 0.257159 0.543155 0.262665 0.541915 0.266520 0.540179 0.270925 0.537202 0.272577 0.528770
0 0.298458 0.546875 0.294053 0.548363 0.291300 0.551339 0.291300 0.557044 0.292952 0.560268 0.296256 0.562500 0.302313 0.564732 0.307269 0.565724 0.312775 0.565476 0.318833 0.563988 0.326542 0.560516 0.329295 0.556796 0.327093 0.553075 0.321586 0.550099 0.317731 0.549107
0 0.361784 0.570933 0.354626 0.568700 0.344714 0.566964 0.331498 0.566964 0.321586 0.568948 0.315529 0.571925 0.312225 0.575893 0.314427 0.580357 0.320485 0.585069 0.324890 0.586310 0.336454 0.586062 0.343612 0.585069 0.351872 0.583085 0.357930 0.580357 0.363436 0.576141 0.363987 0.572173
0 0.294053 0.567212 0.290749 0.566964 0.282489 0.567956 0.276982 0.570188 0.274229 0.572669 0.273128 0.577133 0.274780 0.580853 0.278084 0.583829 0.282489 0.585813 0.292401 0.586062 0.300110 0.584821 0.306718 0.579861 0.307819 0.577381 0.306718 0.572173 0.302313 0.569444
0 0.221366 0.540923 0.213656 0.543899 0.209251 0.546875 0.208150 0.548611 0.208700 0.553571 0.210352 0.555308 0.221366 0.560268 0.226872 0.561756 0.230727 0.562004 0.235683 0.557540 0.242841 0.553819 0.245595 0.549851 0.245595 0.547867 0.242291 0.544147 0.237885 0.542163 0.230727 0.540675
0 0.160242 0.544395 0.150881 0.545387 0.148128 0.546875 0.147577 0.549355 0.156938 0.558532 0.161344 0.561012 0.170154 0.560020 0.173458 0.556300 0.178414 0.553075 0.178965 0.548859 0.173458 0.546131
0 0.161344 0.525546 0.159141 0.528026 0.159692 0.533482 0.166850 0.537450 0.176762 0.540427 0.181718 0.540923 0.187775 0.540923 0.194934 0.538442 0.200991 0.533482 0.200991 0.529762 0.196035 0.526538 0.188326 0.524306 0.181718 0.523810 0.174559 0.523810
0 0.128855 0.504960 0.125551 0.504960 0.122797 0.505952 0.110132 0.517361 0.110683 0.522321 0.114537 0.524058 0.118943 0.524306 0.134912 0.523562 0.138216 0.522073 0.140969 0.519593 0.140969 0.512649 0.134361 0.506448
0 0.116189 0.524058 0.112335 0.524802 0.107379 0.527282 0.104626 0.533482 0.107379 0.536706 0.117291 0.541667 0.126652 0.542163 0.131057 0.540923 0.136013 0.537698 0.140419 0.533482 0.141520 0.528522 0.138767 0.526042 0.134912 0.524554 0.129956 0.524058
0 0.081498 0.534474 0.075991 0.535714 0.071035 0.538194 0.069383 0.540923 0.070485 0.545883 0.073238 0.549355 0.083150 0.553819 0.091960 0.554563 0.101872 0.551091 0.105727 0.548859 0.107930 0.542411 0.107379 0.536706 0.104626 0.535466 0.097467 0.534474
0 0.120044 0.556300 0.116189 0.557788 0.113436 0.560268 0.114537 0.564236 0.117291 0.566964 0.125551 0.571181 0.134912 0.573413 0.149229 0.568452 0.150881 0.564980 0.149229 0.562004 0.145925 0.558780 0.137665 0.556548 0.126652 0.555556
0 0.199890 0.555556 0.194383 0.555556 0.186123 0.557292 0.182269 0.559772 0.181167 0.562252 0.181167 0.566220 0.182819 0.568948 0.188326 0.572421 0.195485 0.574653 0.204846 0.573909 0.212555 0.571429 0.216960 0.568452 0.219714 0.564732 0.219163 0.561260 0.216960 0.559276 0.207599 0.556300
0 0.230727 0.576141 0.222467 0.574157 0.212004 0.574157 0.204295 0.575893 0.196586 0.579861 0.195485 0.585069 0.197137 0.588046 0.204295 0.589782 0.213656 0.590030 0.223018 0.588542 0.230176 0.586558 0.235132 0.584077 0.235132 0.579861
0 0.141520 0.582837 0.134912 0.581597 0.126101 0.581845 0.116740 0.584077 0.109581 0.587798 0.108480 0.592262 0.111233 0.595486 0.116740 0.597718 0.134361 0.597966 0.144824 0.596478 0.149780 0.593006 0.150330 0.588790 0.149780 0.587550
0 0.125551 0.598710 0.119493 0.600942 0.117291 0.603175 0.115639 0.606895 0.117291 0.611359 0.120595 0.613591 0.126652 0.616319 0.129956 0.617063 0.135463 0.617560 0.143722 0.616567 0.151982 0.613591 0.155837 0.611359 0.156938 0.607143 0.151982 0.602679 0.142621 0.598958 0.138216 0.598462
0 0.203194 0.598958 0.199890 0.600446 0.197137 0.603175 0.197687 0.607639 0.204295 0.611855 0.211454 0.614087 0.221916 0.614335 0.226322 0.612599 0.228524 0.610863 0.230727 0.604415 0.230727 0.599206 0.224119 0.597966 0.210352 0.597966
0 0.264317 0.600446 0.258811 0.602679 0.255507 0.607639 0.258811 0.611607 0.264868 0.614087 0.271476 0.614831 0.283590 0.614583 0.290198 0.613095 0.295705 0.610863 0.298458 0.606895 0.294604 0.602183 0.291300 0.600694 0.281388 0.599206 0.273128 0.599206
0 0.306167 0.610863 0.308921 0.617063 0.316630 0.619544 0.327093 0.619544 0.337555 0.618056 0.352423 0.611855 0.352423 0.611111 0.340308 0.607391 0.333700 0.606151 0.324339 0.605407 0.316630 0.605407 0.311123 0.606399 0.308921 0.607391
0 0.299559 0.628472 0.297907 0.633185 0.298458 0.637153 0.300110 0.638889 0.308370 0.640625 0.325991 0.641121 0.343612 0.635169 0.348018 0.634921 0.343062 0.633185 0.340859 0.630952 0.333150 0.627480 0.324339 0.625496 0.317731 0.624752 0.307819 0.625000 0.302863 0.626240
0 0.177863 0.615823 0.174009 0.625744 0.175110 0.630704 0.179515 0.633185 0.185022 0.634177 0.188326 0.634177 0.198238 0.631944 0.204846 0.628968 0.207599 0.626240 0.207599 0.622768 0.202643 0.620040 0.192181 0.617808 0.187225 0.616071
0 0.133811 0.618304 0.126101 0.619792 0.122247 0.622272 0.120595 0.627480 0.122797 0.631200 0.125551 0.633185 0.134361 0.636409 0.139317 0.636409 0.143722 0.635913 0.154185 0.632440 0.158590 0.627728 0.157489 0.623016 0.152533 0.620784 0.142621 0.618800
0 0.154185 0.634921 0.148678 0.636905 0.144824 0.640377 0.143722 0.643601 0.145374 0.646825 0.151982 0.649802 0.155837 0.650546 0.164097 0.650794 0.173458 0.649554 0.176211 0.648562 0.178414 0.646329 0.175661 0.641617 0.172357 0.638641 0.161894 0.634425
0 0.193833 0.640873 0.189427 0.645833 0.189978 0.650298 0.195485 0.652530 0.206498 0.653522 0.213106 0.653026 0.230176 0.650298 0.232930 0.646577 0.231278 0.642609 0.221916 0.642361 0.214207 0.639385 0.205396 0.638393 0.197137 0.639633
0 0.274229 0.633185 0.268722 0.633681 0.264868 0.634673 0.253304 0.643353 0.251101 0.646081 0.251101 0.650546 0.256608 0.653770 0.262115 0.654266 0.274780 0.654018 0.279185 0.652778 0.283040 0.650546 0.284141 0.646825 0.283040 0.639633
0 0.323238 0.645585 0.317181 0.646329 0.315529 0.650298 0.316079 0.654762 0.318833 0.658482 0.323238 0.660714 0.327093 0.661458 0.333700 0.660714 0.341410 0.658234 0.343612 0.654018 0.339207 0.649554 0.335903 0.647817 0.326542 0.645585
0 0.274780 0.661954 0.265969 0.658730 0.259912 0.658234 0.247797 0.658730 0.240639 0.661210 0.235683 0.666171 0.239537 0.670635 0.245044 0.671875 0.256608 0.671875 0.266520 0.669395 0.273678 0.666171
0 0.188326 0.666171 0.187775 0.671379 0.190529 0.675347 0.195485 0.677579 0.203194 0.678819 0.213106 0.677579 0.226322 0.674851 0.234031 0.672123 0.236233 0.670139 0.232930 0.667907 0.225220 0.665179 0.213656 0.663442 0.195485 0.662946 0.192731 0.663442
0 0.326542 0.669395 0.313326 0.669643 0.307269 0.671131 0.297357 0.675843 0.295705 0.677331 0.295705 0.681548 0.296806 0.683036 0.305617 0.686260 0.309471 0.687004 0.318282 0.687004 0.324339 0.685764 0.327093 0.683036 0.329846 0.675843 0.329295 0.671875
0 0.271476 0.672619 0.266520 0.673611 0.262115 0.675595 0.260463 0.678075 0.260463 0.682044 0.262665 0.684772 0.270374 0.689484 0.274229 0.690476 0.283590 0.690972 0.289648 0.689484 0.294053 0.685764 0.295154 0.683284 0.294604 0.677579 0.291300 0.674603 0.285242 0.672619
0 0.256608 0.671875 0.247247 0.671627 0.239537 0.672123 0.227423 0.677331 0.223018 0.681300 0.224284 0.684276 0.230176 0.686880 0.235297 0.688542 0.242291 0.689236 0.248348 0.688492 0.254405 0.685764 0.259912 0.681548 0.259912 0.673859
0 0.204846 0.680804 0.195485 0.685020 0.193282 0.688244 0.193833 0.690724 0.197137 0.693204 0.207048 0.697173 0.212555 0.698413 0.222467 0.698165 0.233480 0.693452 0.233700 0.689484 0.221366 0.681548 0.214207 0.680556
0 0.123348 0.653522 0.117291 0.654266 0.109031 0.657490 0.106828 0.662450 0.110683 0.667163 0.114537 0.668899 0.118392 0.669643 0.127753 0.670139 0.137665 0.668651 0.145374 0.665675 0.147577 0.663194 0.147577 0.661210 0.144824 0.657490 0.139317 0.655010 0.132709 0.653770
0 0.175110 0.669395 0.158590 0.665923 0.154185 0.665427 0.147577 0.665675 0.132159 0.669891 0.132159 0.675595 0.137115 0.679812 0.143172 0.682292 0.157489 0.682044 0.165198 0.680060 0.171256 0.676835 0.175661 0.670139
0 0.196586 0.677579 0.187225 0.675595 0.170154 0.677579 0.164097 0.681548 0.163546 0.685764 0.164648 0.689484 0.172357 0.691964 0.177313 0.692708 0.188877 0.690724 0.191630 0.689484 0.194934 0.685268 0.200441 0.681796
0 0.159141 0.683284 0.150330 0.682788 0.144824 0.684028 0.132159 0.688740 0.128855 0.693452 0.134912 0.697173 0.148678 0.698413 0.153084 0.698413 0.159141 0.697173 0.162445 0.693700 0.161344 0.684772
0 0.125000 0.676339 0.121145 0.675843 0.114537 0.676091 0.107379 0.677827 0.102423 0.680060 0.096366 0.685268 0.094714 0.689732 0.097467 0.691716 0.108480 0.693700 0.120044 0.693948 0.126101 0.692956 0.132159 0.690228 0.136013 0.685020 0.131057 0.678819
0 0.299009 0.585565 0.285793 0.587302 0.284141 0.588542 0.283040 0.592262 0.289097 0.598214 0.294053 0.600198 0.300661 0.601190 0.308921 0.599702 0.317181 0.595734 0.318833 0.591270 0.317731 0.589534 0.313877 0.587798