0 0.418871 0.798611 0.411376 0.799603 0.406085 0.801091 0.398589 0.801835 0.391093 0.803819 0.385802 0.806548 0.381834 0.810020 0.381834 0.814980 0.384921 0.820437 0.390212 0.824653 0.402998 0.829613 0.407407 0.832093 0.409171 0.834325 0.417108 0.839038 0.419753 0.842014 0.427249 0.842262 0.436508 0.834077 0.441358 0.825397 0.444885 0.810020 0.442681 0.804563 0.439594 0.801835 0.436949 0.800595 0.431658 0.799355
0 0.365079 0.753224 0.358025 0.752232 0.350970 0.752232 0.344356 0.753224 0.333774 0.756696 0.330688 0.758433 0.325838 0.763393 0.322751 0.768105 0.320106 0.776290 0.319224 0.787202 0.325397 0.794891 0.329806 0.797619 0.336861 0.797619 0.345679 0.793899 0.363316 0.792907 0.372134 0.791667 0.378748 0.789435 0.383157 0.786954 0.387566 0.783234 0.390212 0.776042 0.388889 0.772321 0.382716 0.765873 0.377866 0.763393 0.373457 0.757192 0.369489 0.754712
0 0.432981 0.740079 0.425485 0.739087 0.415344 0.738591 0.405203 0.739583 0.391975 0.744048 0.384039 0.750992 0.383157 0.755456 0.384480 0.759921 0.384039 0.764137 0.388007 0.772569 0.399471 0.778770 0.406526 0.780258 0.413580 0.779514 0.415344 0.778770 0.423721 0.777530 0.447531 0.771081 0.455026 0.764385 0.456349 0.760169 0.455908 0.756448 0.452822 0.750992 0.448854 0.747520 0.441358 0.743304
0 0.580247 0.721974 0.572751 0.721726 0.564815 0.723214 0.557760 0.727927 0.556437 0.730655 0.554674 0.731895 0.549383 0.733879 0.543651 0.734375 0.538360 0.735615 0.533510 0.738095 0.526896 0.740079 0.522046 0.743800 0.518959 0.747768 0.515432 0.755456 0.515432 0.759921 0.517196 0.765129 0.523369 0.772073 0.529982 0.775794 0.537919 0.778522 0.552028 0.780258 0.561728 0.780258 0.569224 0.779514 0.573633 0.778522 0.578483 0.776538 0.587302 0.769841 0.589065 0.766865 0.590388 0.761409 0.590388 0.756200 0.588183 0.747768 0.583774 0.741815 0.574515 0.736111 0.580247 0.729415 0.581570 0.725446
0 0.723545 0.740575 0.720459 0.743552 0.720018 0.748016 0.716931 0.755704 0.717372 0.764137 0.721340 0.767609 0.731481 0.771825 0.738977 0.773562 0.751764 0.773562 0.771164 0.771577 0.781746 0.772073 0.786155 0.770337 0.787919 0.767113 0.783951 0.759425 0.783510 0.755456 0.778660 0.748016 0.775573 0.745288 0.765873 0.739583 0.760141 0.737103 0.747795 0.734871 0.743827 0.734871 0.734568 0.735863
0 0.683862 0.708829 0.677690 0.711062 0.674162 0.713294 0.668430 0.715030 0.664903 0.717758 0.661817 0.726935 0.661817 0.731647 0.663580 0.737599 0.664903 0.739087 0.671517 0.742560 0.672399 0.744296 0.676808 0.747272 0.687831 0.751984 0.697531 0.754216 0.705908 0.754960 0.711199 0.756448 0.716049 0.756200 0.716049 0.751984 0.718254 0.749752 0.718695 0.747768 0.716490 0.746776 0.714286 0.744544 0.715608 0.742063 0.716049 0.732391 0.712081 0.718006 0.706349 0.713294 0.699295 0.710317 0.691799 0.708829
0 0.614638 0.700893 0.608466 0.702877 0.599647 0.709077 0.598325 0.715774 0.598765 0.725198 0.600529 0.729167 0.604497 0.733383 0.607584 0.740079 0.617725 0.743800 0.621252 0.746032 0.628748 0.747024 0.631834 0.745536 0.641534 0.743552 0.648589 0.741071 0.655644 0.736359 0.656085 0.733135 0.659612 0.730903 0.660053 0.728175 0.662257 0.724454 0.662698 0.718502 0.661376 0.713046 0.657848 0.708581 0.649912 0.704613 0.646384 0.703621 0.636243 0.702381 0.629189 0.702133 0.622134 0.700645
0 0.739418 0.687252 0.736772 0.688740 0.732363 0.693204 0.732363 0.698661 0.738095 0.706597 0.742063 0.708829 0.750000 0.717014 0.753527 0.718998 0.760582 0.721230 0.764550 0.721726 0.779101 0.720982 0.787919 0.718998 0.801587 0.713542 0.806437 0.710565 0.809524 0.702381 0.809524 0.695933 0.805996 0.693204 0.791887 0.687500 0.781305 0.684772 0.774691 0.684028 0.760582 0.684028 0.746473 0.685020
0 0.684303 0.666667 0.673721 0.668899 0.657848 0.669643 0.645503 0.673363 0.640212 0.676835 0.638007 0.683532 0.639330 0.690476 0.643739 0.695685 0.649471 0.698909 0.669312 0.703373 0.684303 0.703373 0.692681 0.700893 0.700617 0.695188 0.705026 0.689484 0.705467 0.683532 0.703704 0.677827 0.704586 0.673363 0.699735 0.671627 0.690917 0.670387
0 0.740300 0.643105 0.732363 0.645585 0.722222 0.647569 0.711640 0.653274 0.705026 0.658978 0.704145 0.661458 0.705026 0.665427 0.710317 0.671131 0.718254 0.673859 0.738536 0.678571 0.754850 0.678323 0.760141 0.677083 0.764991 0.674107 0.766314 0.669891 0.764109 0.665923 0.771164 0.658730 0.772046 0.654018 0.768519 0.648562 0.760582 0.643849 0.755291 0.642857
0 0.802910 0.627976 0.787037 0.629216 0.773810 0.630952 0.767196 0.633681 0.760141 0.637649 0.757937 0.642361 0.768078 0.648065 0.772046 0.651786 0.773369 0.654514 0.776014 0.656002 0.788360 0.660218 0.792328 0.660962 0.794533 0.662202 0.803351 0.661458 0.814374 0.658234 0.836420 0.654266 0.836420 0.650298 0.837743 0.646081 0.836420 0.642609 0.833333 0.638641 0.827601 0.634673 0.818783 0.630952
0 0.565697 0.655506 0.563051 0.658482 0.565697 0.663690 0.568783 0.665923 0.568783 0.673115 0.570106 0.677827 0.572751 0.683036 0.581129 0.691468 0.582451 0.694196 0.588624 0.698165 0.593915 0.699653 0.602293 0.699653 0.609788 0.698661 0.616402 0.695188 0.621693 0.693700 0.628748 0.689732 0.634480 0.685516 0.636243 0.682292 0.636243 0.677331 0.630511 0.669643 0.625661 0.667411 0.621693 0.664435 0.617725 0.663194 0.615961 0.661954 0.600970 0.658234
0 0.519400 0.693204 0.517196 0.695685 0.517196 0.697917 0.520282 0.701141 0.521164 0.704861 0.525573 0.709325 0.547178 0.720486 0.551587 0.721726 0.557760 0.722470 0.566578 0.721726 0.575397 0.718998 0.581570 0.715278 0.583333 0.713294 0.584656 0.709325 0.585979 0.700397 0.584656 0.696925 0.579806 0.691964 0.573633 0.688492 0.566578 0.687004 0.537037 0.688244
0 0.461640 0.692708 0.460317 0.693700 0.459877 0.698661 0.462081 0.713046 0.469577 0.724702 0.473104 0.727431 0.482363 0.731647 0.487654 0.732143 0.497354 0.731399 0.510141 0.727679 0.518519 0.722222 0.522928 0.717014 0.524691 0.713046 0.522487 0.709077 0.516755 0.704117 0.503968 0.698909 0.484127 0.693204 0.473104 0.693452
0 0.437831 0.690972 0.427690 0.688244 0.419312 0.688740 0.406966 0.690972 0.399471 0.693204 0.396384 0.695188 0.392857 0.698909 0.389771 0.700893 0.385362 0.707093 0.378307 0.712054 0.376543 0.717014 0.380511 0.728919 0.382275 0.731399 0.384921 0.733135 0.393298 0.734623 0.410935 0.735863 0.415785 0.735615 0.420635 0.734623 0.428131 0.731647 0.434303 0.730159 0.445767 0.724950 0.453263 0.720734 0.457231 0.717510 0.459877 0.713294 0.460758 0.705109 0.453704 0.701141 0.447090 0.695437
0 0.379189 0.664187 0.362875 0.664187 0.351411 0.665179 0.335979 0.668155 0.327601 0.670635 0.322310 0.671379 0.319224 0.672371 0.315256 0.674851 0.311287 0.681052 0.308642 0.689484 0.314374 0.701141 0.322751 0.708581 0.334215 0.711806 0.349647 0.713046 0.357584 0.714782 0.362434 0.715030 0.365079 0.716022 0.371693 0.715030 0.374780 0.712798 0.376102 0.708829 0.385802 0.704861 0.388448 0.702381 0.393739 0.693700 0.394180 0.676835 0.392416 0.672371 0.384921 0.665923
0 0.287919 0.706349 0.276896 0.708829 0.265432 0.717014 0.263228 0.721478 0.261464 0.731895 0.260141 0.732887 0.259700 0.739087 0.260141 0.741071 0.263228 0.744296 0.268959 0.748264 0.273810 0.750000 0.288360 0.752232 0.296737 0.752232 0.309524 0.749752 0.316138 0.747768 0.319665 0.745784 0.324074 0.740079 0.324074 0.732143 0.320106 0.724702 0.309083 0.714782 0.306878 0.714534 0.304674 0.713294 0.299824 0.708581 0.295414 0.707093
0 0.107143 0.633185 0.101852 0.633929 0.080247 0.639137 0.071869 0.642609 0.065697 0.646329 0.063051 0.650050 0.061728 0.654266 0.062610 0.658234 0.067901 0.664187 0.084215 0.671627 0.092593 0.673859 0.112875 0.677331 0.122575 0.677083 0.128307 0.676091 0.131834 0.674107 0.136684 0.669891 0.138007 0.666915 0.138448 0.661210 0.135802 0.647073 0.134039 0.642361 0.128748 0.637153 0.120370 0.633681 0.115079 0.632937
0 0.206349 0.613343 0.192681 0.612103 0.175485 0.613095 0.158289 0.618800 0.149471 0.624752 0.147266 0.629712 0.147707 0.636409 0.154762 0.646329 0.163139 0.651042 0.176808 0.654266 0.190035 0.654514 0.196649 0.654018 0.211199 0.650794 0.221781 0.645585 0.223986 0.643105 0.223545 0.638641 0.225750 0.635665 0.233245 0.631200 0.232363 0.627232 0.229718 0.625000 0.220018 0.623264 0.218254 0.622024 0.217813 0.618800 0.216490 0.617312 0.212522 0.615079
0 0.086861 0.591766 0.079806 0.593750 0.072751 0.598214 0.069224 0.603919 0.065697 0.606399 0.065697 0.616567 0.072310 0.624008 0.075838 0.625248 0.082451 0.629216 0.086420 0.630208 0.094797 0.629960 0.100529 0.631448 0.108025 0.631696 0.112875 0.630952 0.122575 0.627728 0.138448 0.619792 0.142857 0.615327 0.144180 0.610863 0.142857 0.606647 0.140212 0.602927 0.135802 0.599454 0.128748 0.595982 0.122134 0.593998 0.108025 0.591022 0.094797 0.591022
0 0.148148 0.594990 0.148589 0.599950 0.155203 0.608135 0.162257 0.609623 0.171076 0.610119 0.176808 0.611359 0.193563 0.609375 0.205026 0.608631 0.211199 0.607391 0.216490 0.605159 0.222663 0.601438 0.230600 0.598214 0.243827 0.595982 0.242945 0.591518 0.239859 0.589038 0.229277 0.586806 0.227072 0.585565 0.225309 0.583333 0.218695 0.581845 0.213845 0.579613 0.207672 0.578621 0.198413 0.578125 0.190917 0.576141 0.184303 0.575149 0.169312 0.574901 0.163580 0.576637 0.156085 0.581845 0.153439 0.586062 0.149030 0.590278
0 0.260582 0.588790 0.257496 0.589534 0.246032 0.595486 0.245150 0.599702 0.243386 0.601438 0.238977 0.603671 0.232363 0.612351 0.230159 0.618552 0.229718 0.623016 0.235891 0.632937 0.239418 0.635417 0.244709 0.637401 0.252205 0.638393 0.262346 0.638145 0.272928 0.636905 0.288360 0.632937 0.292328 0.630704 0.295414 0.627232 0.298060 0.620288 0.298060 0.618552 0.295414 0.613343 0.291446 0.609623 0.286596 0.607143 0.285273 0.602927 0.279101 0.599454 0.274250 0.597966 0.263668 0.591766
0 0.301587 0.582589 0.298942 0.583829 0.298942 0.587798 0.291887 0.594990 0.291005 0.600198 0.293651 0.604663 0.294974 0.611111 0.297619 0.611359 0.298942 0.612103 0.299383 0.615575 0.302469 0.619544 0.307760 0.623264 0.319224 0.625992 0.323192 0.627728 0.328483 0.628472 0.335538 0.628472 0.343474 0.627232 0.346120 0.625000 0.350970 0.624256 0.353616 0.619792 0.349647 0.607391 0.344356 0.599950 0.335538 0.591766 0.323192 0.585565 0.314374 0.585069 0.309524 0.583085
0 0.337302 0.631200 0.328483 0.630456 0.325397 0.631200 0.313933 0.631944 0.306437 0.634177 0.298060 0.639137 0.294974 0.641865 0.291887 0.646329 0.290123 0.651538 0.291446 0.661954 0.294974 0.666915 0.299824 0.670139 0.304233 0.671875 0.309083 0.672867 0.316578 0.672619 0.335097 0.667659 0.365079 0.660714 0.369929 0.658234 0.370811 0.656002 0.373016 0.654514 0.369929 0.651290 0.368607 0.645089 0.358466 0.641121 0.355379 0.638145 0.349647 0.635913 0.346120 0.633681
0 0.346120 0.628720 0.344797 0.630456 0.345679 0.634177 0.350970 0.635417 0.355379 0.639881 0.364638 0.645337 0.367284 0.652282 0.371252 0.655010 0.372134 0.658234 0.378307 0.662202 0.391093 0.665427 0.399912 0.665675 0.411376 0.662946 0.415785 0.660962 0.419312 0.656498 0.422840 0.654266 0.426367 0.647073 0.425485 0.642609 0.415785 0.633929 0.412698 0.632937 0.406966 0.632192 0.402116 0.630456 0.384039 0.627976 0.372134 0.625000 0.357143 0.626984 0.349647 0.626984
0 0.360670 0.600942 0.358025 0.606895 0.356702 0.615575 0.361552 0.619544 0.373016 0.625248 0.398589 0.629712 0.406085 0.629464 0.414462 0.629960 0.434303 0.627728 0.440917 0.625496 0.443122 0.623016 0.441799 0.621280 0.435185 0.618056 0.433422 0.616071 0.431658 0.611607 0.431658 0.607391 0.427690 0.602431 0.419312 0.596974 0.407848 0.592262 0.400353 0.590774 0.393298 0.590278 0.378307 0.591270 0.371693 0.593502
0 0.460317 0.638393 0.444885 0.642361 0.435185 0.646081 0.431658 0.648562 0.427690 0.654514 0.429453 0.658234 0.433422 0.662202 0.436508 0.663938 0.440917 0.668403 0.450617 0.674107 0.460758 0.678075 0.468695 0.679315 0.476190 0.679315 0.480600 0.677579 0.484568 0.670139 0.487654 0.666667 0.488536 0.660962 0.487213 0.650050 0.484127 0.644593 0.478395 0.640625 0.469577 0.638393
0 0.531305 0.648313 0.517196 0.648313 0.511464 0.649802 0.502205 0.654762 0.498236 0.657738 0.496473 0.660466 0.492063 0.663690 0.489859 0.669147 0.487213 0.672619 0.487213 0.678323 0.489418 0.685764 0.496032 0.687252 0.503086 0.687996 0.509700 0.690228 0.517637 0.691716 0.525573 0.690724 0.530423 0.688740 0.539242 0.686508 0.552910 0.681796 0.559965 0.677827 0.562169 0.673363 0.560847 0.671131 0.557760 0.669891 0.559524 0.669147 0.560847 0.666915 0.560406 0.661954 0.555556 0.657242 0.552910 0.655754 0.542328 0.651786 0.538360 0.649554
0 0.531746 0.595486 0.527337 0.597470 0.515873 0.597470 0.503086 0.599454 0.493386 0.603175 0.488977 0.605655 0.482363 0.611111 0.475309 0.618800 0.473545 0.622024 0.474427 0.629464 0.476190 0.632440 0.479718 0.635665 0.494709 0.642113 0.512346 0.646329 0.517196 0.646825 0.529541 0.646577 0.538360 0.644593 0.549824 0.638641 0.553351 0.635913 0.557319 0.631200 0.560406 0.625496 0.561287 0.622520 0.561287 0.614583 0.559524 0.611855 0.554233 0.607639 0.546737 0.603423 0.545414 0.601438 0.536596 0.598958
0 0.687831 0.630456 0.675485 0.628968 0.658730 0.630704 0.649030 0.633681 0.639771 0.640873 0.637125 0.646081 0.637566 0.654018 0.640212 0.658482 0.645062 0.662450 0.657848 0.667163 0.667989 0.667659 0.677690 0.666667 0.688272 0.662698 0.705026 0.657986 0.707672 0.655258 0.709877 0.650050 0.708554 0.642609 0.705026 0.638145 0.700617 0.636657 0.698854 0.634425
0 0.663139 0.586062 0.655203 0.586310 0.643739 0.587798 0.637566 0.589286 0.630952 0.592014 0.628748 0.592262 0.621693 0.600198 0.620370 0.603423 0.621252 0.612847 0.628307 0.620784 0.638889 0.626984 0.645944 0.628720 0.649030 0.630208 0.656526 0.630208 0.666226 0.627728 0.671517 0.625000 0.676808 0.623512 0.684303 0.618056 0.688713 0.610615 0.689594 0.607639 0.687390 0.599454 0.684303 0.594990 0.677249 0.590278 0.673721 0.589782 0.671076 0.587798
0 0.732804 0.597718 0.723545 0.599454 0.716049 0.603423 0.708113 0.609623 0.701058 0.618552 0.699295 0.626736 0.700176 0.630952 0.704586 0.636657 0.711640 0.641121 0.718695 0.639385 0.726190 0.643105 0.730600 0.643849 0.733686 0.643601 0.738977 0.640625 0.745150 0.638641 0.760582 0.635665 0.771164 0.628472 0.776014 0.623264 0.776455 0.618800 0.767196 0.609871 0.755732 0.603175 0.743386 0.599206
0 0.828042 0.583085 0.814374 0.582589 0.807760 0.583581 0.801587 0.583581 0.786155 0.587550 0.773810 0.594246 0.767637 0.599454 0.765873 0.603919 0.765873 0.607887 0.770282 0.610863 0.774250 0.612351 0.775573 0.614583 0.783951 0.618304 0.786596 0.621032 0.794533 0.624256 0.802028 0.625496 0.809965 0.625992 0.816578 0.625496 0.827160 0.623512 0.834215 0.621032 0.843915 0.615575 0.845238 0.614087 0.848325 0.607391 0.847884 0.598710 0.844797 0.593254 0.840829 0.589534 0.834215 0.585069
0 0.788801 0.540923 0.784392 0.543899 0.778660 0.546379 0.773810 0.552579 0.773810 0.559772 0.778219 0.565228 0.782187 0.568204 0.791005 0.572421 0.798060 0.573909 0.808642 0.577381 0.818783 0.578125 0.824956 0.577629 0.830247 0.576389 0.835538 0.580605 0.837743 0.580853 0.839065 0.580357 0.839506 0.571181 0.840829 0.569196 0.843915 0.567460 0.844797 0.559276 0.843915 0.555308 0.839065 0.550099 0.836861 0.546131 0.828042 0.540923 0.816578 0.536954 0.801587 0.536954
0 0.704586 0.534970 0.697531 0.538194 0.689594 0.544891 0.689594 0.553819 0.690917 0.555556 0.696649 0.558532 0.700617 0.562996 0.703704 0.568700 0.708995 0.570933 0.717813 0.573165 0.733245 0.573909 0.743827 0.572421 0.748236 0.569940 0.753527 0.568700 0.762787 0.564236 0.765432 0.560764 0.766314 0.555556 0.763668 0.551587 0.761905 0.546131 0.753086 0.539683 0.742504 0.534970 0.733245 0.532986 0.718695 0.532490
0 0.613757 0.552579 0.613757 0.558284 0.612875 0.560268 0.613757 0.568452 0.622575 0.581101 0.626543 0.584077 0.630071 0.585069 0.644180 0.586558 0.663139 0.584077 0.671517 0.580357 0.673280 0.578373 0.677690 0.576141 0.679894 0.573413 0.686508 0.569444 0.689594 0.568700 0.697090 0.568452 0.697972 0.567460 0.698413 0.563740 0.695767 0.560020 0.693122 0.558284 0.689153 0.556548 0.681217 0.555060 0.676367 0.552579 0.656085 0.548611 0.648148 0.547867 0.627866 0.548859 0.620811 0.547867 0.618607 0.550347
0 0.530864 0.580109 0.528660 0.583581 0.530864 0.588294 0.536596 0.593006 0.546737 0.599206 0.548501 0.601190 0.554233 0.604911 0.562610 0.607887 0.578483 0.610615 0.586420 0.611359 0.593915 0.611359 0.610670 0.607639 0.615961 0.604415 0.619929 0.600198 0.622575 0.595982 0.622575 0.586558 0.620811 0.582589 0.615961 0.578373 0.600970 0.572917 0.587302 0.570685 0.581129 0.570437 0.558201 0.571429 0.547178 0.573909
0 0.426808 0.562252 0.425044 0.563244 0.420635 0.568452 0.419753 0.572421 0.422840 0.576141 0.422840 0.584573 0.426808 0.592758 0.432099 0.597222 0.441799 0.601438 0.446649 0.602431 0.455908 0.602927 0.463845 0.601935 0.470018 0.600198 0.482804 0.594742 0.489859 0.589534 0.492945 0.584077 0.493827 0.580357 0.492945 0.575397 0.489859 0.571677 0.485891 0.568948 0.476631 0.565228 0.466490 0.562996 0.452381 0.562252 0.440917 0.563740 0.435185 0.562004
0 0.544092 0.536954 0.537919 0.540923 0.536155 0.543651 0.531305 0.547867 0.529982 0.552331 0.530864 0.557292 0.533069 0.560516 0.537037 0.564236 0.544974 0.567956 0.554674 0.569692 0.581570 0.569444 0.597002 0.570437 0.600970 0.569940 0.609347 0.564732 0.611993 0.557044 0.611111 0.550347 0.608907 0.546131 0.604497 0.540923 0.600529 0.538690 0.595679 0.536954 0.586861 0.534970 0.584656 0.534970 0.578483 0.533482 0.573633 0.533234 0.566578 0.533978 0.560406 0.535466 0.551146 0.535714
0 0.607584 0.512153 0.606261 0.513393 0.604497 0.519097 0.600529 0.521577 0.599647 0.524554 0.600088 0.531746 0.603175 0.536210 0.607584 0.539435 0.608907 0.541419 0.620370 0.545883 0.627866 0.547123 0.633157 0.547123 0.644621 0.545635 0.656526 0.540923 0.671076 0.533234 0.672840 0.530754 0.675485 0.529514 0.675044 0.525298 0.672399 0.523810 0.670635 0.521577 0.656085 0.513889 0.651675 0.512649 0.646384 0.511905 0.639330 0.509921 0.619048 0.509177
0 0.500000 0.512401 0.496032 0.512649 0.488977 0.514881 0.485009 0.515377 0.480600 0.517361 0.475309 0.522321 0.471340 0.528026 0.467372 0.531250 0.466049 0.537202 0.468695 0.542411 0.473986 0.545139 0.477954 0.548859 0.482804 0.550843 0.485450 0.551091 0.489418 0.552579 0.504850 0.553075 0.509700 0.552579 0.518519 0.550347 0.531305 0.545387 0.533069 0.542907 0.538801 0.538690 0.539683 0.537202 0.539683 0.532986 0.538360 0.528770 0.535714 0.527530 0.535273 0.525546 0.533069 0.522817 0.531305 0.517113 0.524250 0.517609 0.515432 0.513641
0 0.795414 0.508185 0.784832 0.506944 0.760141 0.506200 0.750882 0.507192 0.743386 0.509177 0.735891 0.513393 0.733686 0.517609 0.732804 0.522321 0.733686 0.526042 0.738095 0.531746 0.741623 0.533978 0.748236 0.536458 0.753968 0.539931 0.756614 0.542411 0.767196 0.547867 0.782628 0.543403 0.787919 0.540427 0.795414 0.537450 0.802910 0.531994 0.805996 0.524306 0.805996 0.516865 0.802910 0.512649 0.798942 0.509673
0 0.795414 0.471974 0.787478 0.474454 0.779541 0.478671 0.776014 0.482391 0.775573 0.486855 0.780864 0.497024 0.786596 0.503472 0.794092 0.508185 0.800265 0.509673 0.805115 0.511657 0.815256 0.513393 0.822310 0.513889 0.831570 0.513641 0.835097 0.512153 0.839506 0.508433 0.844356 0.507192 0.850088 0.502480 0.852293 0.499256 0.853616 0.494792 0.853616 0.486111 0.850970 0.477431 0.848325 0.474454 0.843915 0.472222 0.830688 0.469494 0.813051 0.469494 0.805115 0.470982
0 0.704145 0.477183 0.699735 0.478423 0.698413 0.480655 0.695767 0.482143 0.675485 0.485863 0.667108 0.490079 0.661817 0.494792 0.658730 0.500248 0.654762 0.504960 0.652557 0.509921 0.656966 0.513393 0.665344 0.517361 0.678131 0.525794 0.691799 0.528274 0.712963 0.528770 0.719577 0.527282 0.730600 0.522569 0.733686 0.517609 0.735009 0.510665 0.734568 0.504712 0.733245 0.500992 0.728836 0.494792 0.725750 0.491567 0.719577 0.488095 0.716490 0.484375 0.715168 0.481151 0.712081 0.477927 0.708113 0.477183
0 0.656966 0.460069 0.649030 0.460813 0.645944 0.462798 0.645062 0.464286 0.642857 0.465030 0.634921 0.465278 0.627425 0.464782 0.622134 0.465526 0.616843 0.467262 0.615079 0.470734 0.611993 0.472966 0.608907 0.476687 0.604056 0.486855 0.600088 0.490327 0.600529 0.496528 0.603616 0.499752 0.604497 0.501984 0.607584 0.504464 0.621252 0.507937 0.635362 0.508929 0.641093 0.510169 0.649471 0.510169 0.651675 0.508929 0.654321 0.505704 0.657407 0.497768 0.667549 0.489087 0.668871 0.486607 0.669753 0.480903 0.669753 0.474454 0.662257 0.465774 0.661376 0.462550
0 0.572751 0.447173 0.559965 0.450893 0.552028 0.454613 0.545414 0.459077 0.541887 0.463046 0.541005 0.465526 0.542328 0.471726 0.544974 0.474454 0.552028 0.477183 0.565697 0.483879 0.576720 0.487103 0.583333 0.488343 0.587743 0.490823 0.594356 0.491567 0.597443 0.490823 0.601411 0.487847 0.606261 0.476190 0.606261 0.467262 0.604497 0.460565 0.599647 0.454365 0.592593 0.450149 0.588183 0.448661 0.581570 0.447421
0 0.515432 0.474206 0.510582 0.475446 0.503527 0.478423 0.496473 0.484871 0.495591 0.495040 0.494268 0.497768 0.496032 0.501488 0.496032 0.506200 0.503086 0.509921 0.513668 0.511657 0.517196 0.513393 0.531746 0.513393 0.534392 0.512401 0.546296 0.510417 0.555996 0.506200 0.559083 0.503968 0.562169 0.499752 0.566138 0.498016 0.565256 0.485367 0.563492 0.483383 0.556878 0.480903 0.553351 0.477927 0.545855 0.477183 0.544092 0.475446 0.541446 0.474454 0.532628 0.473710
0 0.474868 0.457341 0.457231 0.461310 0.447972 0.461806 0.440476 0.463542 0.431658 0.468502 0.424603 0.474206 0.421958 0.477927 0.421076 0.483879 0.424162 0.491815 0.426367 0.493800 0.433422 0.497024 0.455908 0.502480 0.470018 0.504216 0.476631 0.504464 0.482363 0.503224 0.491623 0.497520 0.493827 0.495288 0.495150 0.491815 0.495150 0.481647 0.493827 0.474454 0.489859 0.467510 0.484568 0.462798 0.483245 0.459573 0.480159 0.457837
0 0.447531 0.501984 0.435185 0.505704 0.429453 0.509673 0.426808 0.513393 0.426808 0.520585 0.429453 0.524306 0.434303 0.526786 0.444444 0.533978 0.449735 0.535962 0.455908 0.536458 0.464727 0.533234 0.475309 0.521577 0.477954 0.517361 0.485009 0.513889 0.483245 0.509177 0.475750 0.504960 0.462081 0.504712 0.458554 0.503224
0 0.371252 0.529514 0.369489 0.530506 0.363757 0.536954 0.369048 0.542411 0.410053 0.560516 0.421076 0.561508 0.428131 0.560268 0.434303 0.558284 0.440917 0.553819 0.442681 0.549851 0.442681 0.545883 0.446208 0.541667 0.445767 0.536954 0.443563 0.534474 0.437831 0.531250 0.430335 0.529514 0.424162 0.525050 0.414021 0.522073 0.411817 0.522073
0 0.359788 0.489335 0.357584 0.490079 0.356261 0.491567 0.345238 0.498016 0.343474 0.500000 0.342593 0.505704 0.343915 0.512401 0.351852 0.515873 0.352734 0.517361 0.355820 0.519097 0.358466 0.521825 0.364638 0.523562 0.371252 0.524306 0.381834 0.524554 0.385802 0.525298 0.388007 0.524554 0.399912 0.523313 0.406966 0.521577 0.413580 0.518601 0.418430 0.513641 0.419753 0.509177 0.413580 0.501984 0.414462 0.493552 0.410935 0.490079 0.406526 0.488839 0.388007 0.487847 0.365520 0.488591
0 0.294974 0.521577 0.291005 0.526538 0.287478 0.528522 0.285273 0.535714 0.285273 0.537698 0.287037 0.540179 0.294974 0.544395 0.308642 0.547867 0.315697 0.550347 0.323633 0.549603 0.332451 0.549603 0.343034 0.550843 0.354497 0.548859 0.362875 0.544891 0.363316 0.539931 0.361552 0.537202 0.362875 0.530754 0.360229 0.525298 0.357143 0.522321 0.352734 0.521329 0.350970 0.520337 0.350088 0.517609 0.343915 0.514633 0.337302 0.514881 0.334215 0.513889 0.327160 0.513145 0.315697 0.513641 0.305556 0.516369
0 0.329806 0.559772 0.321429 0.564980 0.318342 0.568452 0.317460 0.571677 0.318342 0.576389 0.321429 0.581597 0.329365 0.587550 0.333333 0.589038 0.336861 0.591270 0.339947 0.592014 0.352293 0.593006 0.364198 0.594742 0.373457 0.592262 0.378748 0.590030 0.381393 0.587798 0.383157 0.583581 0.383157 0.576141 0.378748 0.567212 0.371693 0.561260 0.363316 0.558780 0.358466 0.556548 0.354056 0.556300 0.343915 0.556548 0.339065 0.558284
0 0.322310 0.556548 0.309524 0.549851 0.295414 0.545883 0.280864 0.544643 0.272487 0.544643 0.264991 0.545387 0.256173 0.548363 0.249559 0.551835 0.246032 0.556796 0.245150 0.569196 0.248677 0.576141 0.256173 0.580357 0.266314 0.582093 0.273810 0.581597 0.283951 0.579117 0.297619 0.576885 0.305556 0.574653 0.313933 0.570933 0.319665 0.562500 0.323633 0.560764
0 0.204586 0.533234 0.194885 0.536954 0.185626 0.542163 0.182540 0.543155 0.176808 0.547123 0.174162 0.550843 0.172399 0.556300 0.172399 0.564980 0.175926 0.569692 0.182540 0.572917 0.190476 0.575397 0.204586 0.577381 0.220018 0.577629 0.226190 0.577133 0.232804 0.575645 0.238536 0.572421 0.239418 0.570188 0.242504 0.568204 0.243386 0.552827 0.238095 0.544395 0.236772 0.540427 0.230600 0.535962 0.226190 0.534474 0.218254 0.532986
0 0.142416 0.547371 0.128307 0.546875 0.117725 0.548611 0.108907 0.552827 0.098765 0.560020 0.092593 0.561756 0.090388 0.563492 0.090388 0.564980 0.092593 0.568452 0.087743 0.576141 0.092152 0.579117 0.093915 0.581597 0.100088 0.584821 0.107143 0.583829 0.114198 0.584821 0.118166 0.587302 0.119929 0.589534 0.122134 0.590526 0.128748 0.591022 0.135362 0.588046 0.137125 0.586062 0.143298 0.582341 0.153880 0.580853 0.158730 0.578869 0.170194 0.572421 0.171517 0.568204 0.168871 0.564980 0.163580 0.561260 0.159171 0.555556 0.156085 0.553075 0.149912 0.549851
0 0.170635 0.497520 0.167549 0.497768 0.162698 0.499256 0.156085 0.502480 0.152557 0.503224 0.148148 0.505208 0.135362 0.508185 0.133157 0.509673 0.130511 0.515625 0.128748 0.525298 0.126984 0.529762 0.130071 0.533978 0.132716 0.535962 0.141093 0.539683 0.147707 0.541419 0.155644 0.542411 0.180776 0.542411 0.183422 0.541915 0.187831 0.539931 0.191799 0.536706 0.193563 0.534226 0.194004 0.528522 0.195326 0.526042 0.195326 0.519097 0.193563 0.514137 0.187390 0.507688 0.183422 0.505456 0.179453 0.501984 0.174162 0.500000
0 0.073192 0.495040 0.065697 0.498512 0.061287 0.503472 0.058201 0.505456 0.055996 0.509177 0.060847 0.521825 0.063051 0.524802 0.065256 0.526290 0.073192 0.528522 0.084215 0.533234 0.092152 0.535466 0.099647 0.536706 0.107143 0.536706 0.114198 0.534970 0.118607 0.533234 0.123457 0.530010 0.126543 0.525794 0.127866 0.521577 0.127425 0.515625 0.124780 0.509425 0.120811 0.505952 0.105820 0.498016 0.103175 0.493056 0.100970 0.491815 0.087302 0.492312
0 0.198413 0.498016 0.190917 0.502728 0.189594 0.505208 0.190476 0.508185 0.195767 0.512153 0.199735 0.516865 0.204586 0.520833 0.216049 0.527530 0.228395 0.531002 0.238977 0.532986 0.245591 0.533482 0.253527 0.532986 0.258377 0.531994 0.265873 0.529018 0.269841 0.525050 0.272046 0.518105 0.276014 0.511161 0.276014 0.505208 0.272487 0.500000 0.269841 0.498016 0.256614 0.492808 0.248677 0.490575 0.241623 0.489831 0.224868 0.490079 0.211640 0.493056
0 0.310406 0.474454 0.300705 0.474454 0.293651 0.476935 0.278660 0.485119 0.275132 0.489831 0.276014 0.502728 0.277337 0.505704 0.283510 0.513641 0.287478 0.515129 0.295414 0.515873 0.309524 0.514137 0.325397 0.511161 0.328924 0.508433 0.338183 0.503472 0.343915 0.496776 0.344797 0.494544 0.343915 0.490575 0.340829 0.486111 0.333333 0.481399 0.327601 0.479663 0.324515 0.477927 0.316138 0.475446
0 0.283951 0.462054 0.273810 0.456349 0.267196 0.453621 0.261464 0.452629 0.245591 0.452629 0.240300 0.453869 0.229277 0.460813 0.220899 0.468502 0.220018 0.470238 0.220018 0.478423 0.216490 0.482143 0.214727 0.485863 0.216049 0.489087 0.219577 0.489831 0.226190 0.488591 0.239859 0.488839 0.253086 0.488095 0.260141 0.486855 0.264109 0.485119 0.278660 0.481399 0.281746 0.478671 0.288360 0.476438 0.289683 0.474702 0.290123 0.470734 0.289242 0.467262
0 0.141093 0.446925 0.134039 0.448661 0.125661 0.451637 0.120370 0.455109 0.117725 0.460069 0.117725 0.465030 0.119489 0.470734 0.122575 0.475198 0.131834 0.482391 0.140653 0.486359 0.151675 0.488343 0.158289 0.488343 0.163580 0.487599 0.169753 0.486111 0.181658 0.480159 0.185626 0.478919 0.195326 0.473462 0.197531 0.471230 0.199295 0.467262 0.199735 0.458829 0.197531 0.456597 0.189153 0.455109 0.180335 0.454365 0.171076 0.450893 0.163139 0.448909 0.149912 0.446925
0 0.089947 0.453125 0.083333 0.452877 0.072310 0.453621 0.051587 0.458085 0.044974 0.462054 0.042769 0.466766 0.041887 0.471230 0.042769 0.474702 0.044974 0.477431 0.055556 0.485615 0.072751 0.493800 0.080247 0.493056 0.093915 0.490079 0.100088 0.491815 0.103616 0.491071 0.108025 0.488095 0.108907 0.484871 0.113757 0.478919 0.114638 0.469990 0.112875 0.464534 0.110670 0.461806 0.101852 0.456597 0.097443 0.454861
0 0.333333 0.451389 0.327601 0.455109 0.323633 0.461558 0.325397 0.466766 0.332892 0.477431 0.345679 0.484127 0.357143 0.487599 0.377866 0.486855 0.385362 0.484871 0.392416 0.480159 0.398148 0.474950 0.400794 0.470734 0.402998 0.464038 0.402998 0.459325 0.397707 0.453373 0.385802 0.446925 0.379189 0.445437 0.371693 0.444940 0.357143 0.445188 0.349647 0.446677
0 0.418871 0.431796 0.416226 0.437004 0.415344 0.441964 0.416226 0.451141 0.418430 0.455109 0.427690 0.459573 0.438272 0.460813 0.455467 0.460565 0.463404 0.459325 0.466931 0.458085 0.475750 0.456349 0.484127 0.452629 0.496032 0.450893 0.500000 0.448413 0.500441 0.446925 0.499118 0.445437 0.487654 0.439732 0.482363 0.431300 0.475750 0.427579 0.469136 0.427083 0.454586 0.424107 0.440035 0.422123 0.432540 0.423115 0.426808 0.425347
0 0.523369 0.415675 0.514550 0.415179 0.508377 0.415923 0.507496 0.419395 0.506173 0.420635 0.501764 0.422867 0.496473 0.424107 0.493827 0.426091 0.489418 0.427579 0.485450 0.431548 0.484568 0.435764 0.489418 0.440972 0.496914 0.443700 0.497354 0.445933 0.499559 0.447421 0.496032 0.450397 0.489418 0.450645 0.486772 0.451885 0.485009 0.454365 0.485891 0.458085 0.488095 0.460069 0.497354 0.463046 0.505291 0.463542 0.525573 0.463542 0.529982 0.463046 0.541446 0.460069 0.548060 0.455357 0.550705 0.451637 0.552469 0.443204 0.546296 0.428819 0.542769 0.425843 0.536155 0.422867
0 0.623457 0.419891 0.616402 0.418651 0.605820 0.419643 0.593034 0.418899 0.587743 0.417907 0.565697 0.419147 0.558201 0.423611 0.557319 0.427827 0.567460 0.437748 0.568342 0.439484 0.574956 0.444196 0.579365 0.446181 0.587743 0.447173 0.601852 0.443700 0.605820 0.440972 0.610229 0.439236 0.619048 0.430556 0.621693 0.429067 0.625661 0.424355 0.625220 0.421627
0 0.794533 0.439236 0.791887 0.443204 0.791446 0.448165 0.788360 0.455109 0.791005 0.459077 0.794974 0.462550 0.802469 0.466766 0.808642 0.468750 0.828042 0.468006 0.837743 0.468502 0.843915 0.467510 0.860670 0.462550 0.862434 0.458581 0.855820 0.451141 0.853616 0.450149 0.850970 0.447173 0.839065 0.439236 0.833333 0.437500 0.828042 0.434028 0.823192 0.432788 0.816578 0.432044 0.809083 0.432044
0 0.760582 0.428075 0.749559 0.428075 0.738536 0.429315 0.723104 0.436012 0.720459 0.439236 0.717813 0.450397 0.714286 0.454613 0.714727 0.459077 0.724427 0.463790 0.728395 0.467262 0.740741 0.470734 0.746473 0.471726 0.753968 0.471726 0.759259 0.470982 0.769841 0.467510 0.775132 0.465030 0.783510 0.459077 0.786596 0.455605 0.789683 0.447917 0.786155 0.441468 0.783951 0.439236 0.781305 0.433284 0.773810 0.431052 0.767637 0.430556
0 0.675926 0.413690 0.670635 0.414931 0.665344 0.418899 0.657848 0.421627 0.652998 0.426339 0.649030 0.434772 0.649030 0.446429 0.653439 0.453621 0.659612 0.459325 0.663580 0.461806 0.669312 0.463046 0.686949 0.463046 0.697972 0.461806 0.705026 0.460317 0.708113 0.459077 0.714727 0.451885 0.717372 0.446429 0.718695 0.439236 0.716049 0.431300 0.713845 0.427827 0.697531 0.418899 0.687390 0.414435 0.684303 0.413690
0 0.801587 0.405754 0.795855 0.415675 0.796737 0.420139 0.802910 0.425099 0.814815 0.429315 0.822751 0.431548 0.831570 0.431548 0.852293 0.430556 0.865079 0.429315 0.871252 0.427827 0.869929 0.415675 0.864638 0.407242 0.861552 0.404266 0.855379 0.400298 0.844797 0.395337 0.837302 0.393105 0.822751 0.392857 0.814815 0.396081 0.813051 0.398313 0.807319 0.401290
0 0.757496 0.388393 0.750882 0.387153 0.739418 0.386409 0.728836 0.388145 0.716931 0.391617 0.706790 0.396329 0.699295 0.402778 0.694444 0.405506 0.693122 0.407242 0.694444 0.415675 0.711640 0.425595 0.718254 0.427579 0.725309 0.428323 0.735891 0.428571 0.747354 0.427827 0.755291 0.426587 0.760582 0.425099 0.763228 0.423363 0.771605 0.419891 0.775132 0.416915 0.776455 0.414683 0.776455 0.404266 0.768959 0.395833 0.762346 0.390873
0 0.829806 0.369048 0.813492 0.365079 0.795414 0.363343 0.787919 0.363343 0.781305 0.365079 0.774250 0.368552 0.770282 0.373016 0.768519 0.392609 0.774691 0.401538 0.777778 0.403770 0.787919 0.406250 0.793651 0.405258 0.808642 0.399802 0.817460 0.394345 0.824515 0.391865 0.828042 0.389881 0.834215 0.385169 0.836420 0.381448 0.835097 0.372768
0 0.711640 0.368800 0.704586 0.368800 0.697972 0.369544 0.692681 0.368552 0.683422 0.368304 0.671076 0.369048 0.649912 0.374008 0.640212 0.378720 0.637566 0.381200 0.634480 0.388393 0.635362 0.396825 0.641975 0.404018 0.649471 0.408234 0.656085 0.410218 0.671958 0.412202 0.677690 0.411954 0.684744 0.410218 0.691799 0.406498 0.708554 0.393601 0.713845 0.388393 0.715608 0.375496 0.715168 0.372768
0 0.558642 0.380952 0.552028 0.383681 0.549383 0.386657 0.545414 0.388145 0.537478 0.392609 0.529982 0.398065 0.528219 0.400298 0.528660 0.404266 0.530864 0.405754 0.531746 0.408234 0.534832 0.410218 0.537478 0.413442 0.544974 0.415923 0.552910 0.416667 0.581570 0.416419 0.586861 0.415675 0.594797 0.412946 0.601411 0.408482 0.603175 0.404762 0.602734 0.398810 0.601411 0.395585 0.594797 0.389633 0.589506 0.388393 0.585538 0.384673 0.579806 0.383929 0.572751 0.381200 0.567019 0.380456
0 0.538801 0.350694 0.529101 0.349702 0.523369 0.350198 0.517637 0.351438 0.501323 0.359375 0.496473 0.364831 0.493386 0.372768 0.495150 0.381944 0.499559 0.388641 0.500882 0.392609 0.510141 0.397817 0.521164 0.395089 0.529982 0.394345 0.532628 0.392609 0.540564 0.390377 0.544092 0.387897 0.544974 0.386409 0.553351 0.381696 0.555996 0.379216 0.558201 0.375496 0.560847 0.373512 0.562610 0.369544 0.563492 0.361855 0.562610 0.360367 0.553792 0.354911
0 0.592593 0.338542 0.585979 0.340278 0.578483 0.343254 0.572310 0.347222 0.570547 0.349206 0.565697 0.360863 0.565256 0.365823 0.568783 0.373264 0.577160 0.381200 0.581570 0.382688 0.587302 0.383681 0.593474 0.386409 0.604938 0.386905 0.611111 0.385665 0.614638 0.383681 0.623457 0.381448 0.637125 0.371280 0.639771 0.365823 0.640212 0.352431 0.638007 0.348710 0.629189 0.341518 0.615520 0.338542
0 0.662698 0.326637 0.646384 0.336558 0.642416 0.341022 0.637566 0.343502 0.636243 0.346230 0.639771 0.351190 0.655203 0.361359 0.664021 0.365575 0.676808 0.367312 0.685626 0.366815 0.696208 0.368056 0.705467 0.367560 0.711199 0.365823 0.719136 0.361855 0.722663 0.357639 0.725750 0.350198 0.725750 0.340526 0.722222 0.333829 0.719577 0.331349 0.710317 0.326389 0.698413 0.323413 0.693563 0.322917 0.683862 0.322917 0.677249 0.323661
0 0.468254 0.390873 0.461640 0.393105 0.453704 0.399058 0.443563 0.404514 0.439594 0.411458 0.438713 0.415427 0.439594 0.419891 0.441799 0.421131 0.445767 0.422123 0.468254 0.425843 0.481041 0.427083 0.490300 0.426339 0.500000 0.422619 0.503968 0.420139 0.506173 0.414435 0.505732 0.408978 0.503968 0.405258 0.493386 0.393849 0.485450 0.392609 0.482804 0.391617
0 0.385802 0.365079 0.380071 0.368800 0.381393 0.375496 0.380952 0.380952 0.385362 0.388889 0.394621 0.393849 0.400794 0.398065 0.419753 0.405010 0.427690 0.405258 0.443563 0.403274 0.448854 0.400050 0.455908 0.397073 0.462081 0.390377 0.462522 0.385665 0.462081 0.381200 0.454586 0.371776 0.436508 0.364583 0.427249 0.361855 0.420194 0.360615 0.410935 0.360615 0.403880 0.364583 0.401235 0.365079 0.393739 0.364583
0 0.416667 0.405010 0.399912 0.399554 0.392416 0.399554 0.386243 0.398562 0.370370 0.397817 0.359347 0.398562 0.350970 0.400298 0.340829 0.406002 0.336420 0.411706 0.335538 0.414187 0.335979 0.423363 0.339947 0.431548 0.343034 0.435020 0.352293 0.439732 0.363757 0.443452 0.373457 0.443452 0.384480 0.442212 0.391534 0.440228 0.399471 0.438988 0.407848 0.436260 0.415344 0.432292 0.421517 0.426091 0.428131 0.423363 0.429894 0.421131 0.429453 0.415923 0.427690 0.413938 0.422840 0.411954 0.419753 0.407242
0 0.299383 0.416419 0.293210 0.416667 0.279982 0.420387 0.273369 0.422867 0.266314 0.427083 0.259700 0.435764 0.259700 0.442956 0.266755 0.452133 0.272046 0.455109 0.287919 0.461310 0.297178 0.461558 0.310406 0.459821 0.325838 0.451885 0.329806 0.448661 0.333774 0.443700 0.332011 0.437004 0.332011 0.427579 0.329365 0.424107 0.323192 0.422123 0.313933 0.420635 0.302469 0.416667
0 0.205467 0.406746 0.197972 0.408730 0.191358 0.411458 0.186508 0.416171 0.185185 0.419643 0.182099 0.422371 0.181217 0.424355 0.181217 0.429563 0.182981 0.435764 0.191358 0.444444 0.201940 0.450149 0.218695 0.452877 0.232804 0.453621 0.238536 0.451389 0.246473 0.446429 0.256173 0.443700 0.258377 0.441716 0.259700 0.434276 0.262787 0.428819 0.259700 0.421131 0.256173 0.415675 0.253527 0.413194 0.243386 0.407242 0.240300 0.406250 0.232804 0.405010 0.223986 0.404762
0 0.134480 0.399306 0.127866 0.401290 0.121252 0.404514 0.111111 0.413194 0.106261 0.423115 0.106261 0.428571 0.109788 0.435764 0.116402 0.439732 0.121693 0.441964 0.127425 0.442956 0.143739 0.442708 0.155644 0.441468 0.165785 0.439732 0.173721 0.435516 0.175044 0.433284 0.177690 0.431796 0.177690 0.423859 0.172399 0.417659 0.169753 0.412202 0.166226 0.408730 0.156085 0.403026 0.141534 0.399554
0 0.080688 0.382440 0.072310 0.382688 0.065697 0.384425 0.058642 0.388145 0.052910 0.392361 0.049383 0.400050 0.048942 0.408730 0.051146 0.416171 0.044533 0.419891 0.049383 0.421627 0.050705 0.424107 0.055115 0.426339 0.058201 0.429563 0.065256 0.432540 0.070106 0.431796 0.073192 0.429315 0.077160 0.427579 0.083774 0.426339 0.088183 0.423859 0.094356 0.423363 0.104056 0.420387 0.109788 0.416171 0.113757 0.409474 0.117725 0.406746 0.119489 0.404514 0.117284 0.396081 0.113316 0.391865 0.108025 0.389137
0 0.052028 0.353175 0.052028 0.357887 0.055556 0.359871 0.058201 0.363343 0.058642 0.365823 0.061287 0.369048 0.065697 0.372520 0.078483 0.380208 0.083774 0.382192 0.093474 0.384425 0.105379 0.384425 0.115961 0.385169 0.121252 0.384177 0.133598 0.373016 0.136684 0.369048 0.137566 0.365823 0.141093 0.362103 0.142416 0.358383 0.140653 0.353671 0.136243 0.349454 0.133157 0.347966 0.124780 0.345238 0.104938 0.342510 0.087743 0.342262 0.080247 0.342758 0.073192 0.344742 0.069224 0.347222 0.060406 0.349454 0.058642 0.350694
0 0.186067 0.363839 0.178571 0.362351 0.175485 0.362351 0.156966 0.364583 0.155203 0.365079 0.152116 0.367560 0.147266 0.369048 0.140212 0.373016 0.135802 0.378968 0.128307 0.381944 0.125220 0.384673 0.126102 0.388641 0.128307 0.392113 0.133157 0.394345 0.135362 0.396329 0.143298 0.397817 0.149471 0.400050 0.159171 0.401042 0.171517 0.400546 0.177249 0.399058 0.181658 0.396577 0.185185 0.392857 0.184744 0.383433 0.186949 0.377232 0.187831 0.365079
0 0.225309 0.365575 0.218695 0.365079 0.211640 0.365823 0.203704 0.368304 0.193122 0.374504 0.187390 0.380704 0.186067 0.384673 0.186067 0.389137 0.188713 0.395833 0.194444 0.400546 0.205026 0.404018 0.212081 0.404762 0.236332 0.401538 0.248677 0.397073 0.252205 0.395089 0.256614 0.390377 0.257055 0.387649 0.255732 0.381200 0.249118 0.374008 0.243386 0.371528 0.231041 0.368056
0 0.268078 0.383929 0.260141 0.389881 0.257937 0.393105 0.257055 0.400794 0.259700 0.404762 0.265432 0.406746 0.272487 0.408234 0.280423 0.408730 0.287919 0.410466 0.294092 0.411210 0.302028 0.411210 0.307760 0.412202 0.310847 0.411954 0.312610 0.410714 0.315256 0.404514 0.315256 0.399554 0.313492 0.396577 0.313051 0.392113 0.309524 0.388641 0.309965 0.383681 0.308642 0.380952 0.306878 0.379960 0.296296 0.377480 0.287919 0.377976 0.280423 0.380456 0.276014 0.380952
0 0.335538 0.353919 0.320988 0.356647 0.315697 0.359375 0.313492 0.361607 0.313051 0.365327 0.309524 0.370288 0.308201 0.374504 0.313051 0.388889 0.316578 0.393105 0.319665 0.400050 0.328924 0.403770 0.337302 0.405754 0.343915 0.402778 0.345238 0.401042 0.348325 0.399306 0.356702 0.396825 0.360670 0.394345 0.361993 0.392609 0.368607 0.388641 0.372134 0.385417 0.377866 0.377480 0.377866 0.372520 0.375220 0.368552 0.373898 0.364335 0.370811 0.361359 0.358907 0.357143 0.342593 0.354415
0 0.634039 0.271081 0.631834 0.277530 0.632716 0.281498 0.638448 0.286954 0.649912 0.291667 0.657407 0.292907 0.671076 0.292907 0.689153 0.289931 0.697531 0.289931 0.705026 0.291419 0.712081 0.288938 0.719577 0.287450 0.719136 0.282738 0.714286 0.275298 0.705908 0.268849 0.701499 0.263641 0.690917 0.258185 0.689374 0.256200 0.685185 0.255704 0.677249 0.253224 0.662257 0.252728 0.656085 0.253720 0.650353 0.255704 0.644621 0.259673 0.637566 0.268601
0 0.636684 0.287698 0.619929 0.286458 0.614638 0.287202 0.607143 0.290179 0.600529 0.295139 0.593474 0.305060 0.593034 0.311260 0.596120 0.318452 0.595679 0.323165 0.596561 0.326141 0.602734 0.331101 0.611111 0.333581 0.614198 0.335565 0.618607 0.335069 0.621693 0.333333 0.622575 0.331349 0.627425 0.328373 0.636684 0.328125 0.641975 0.327133 0.654762 0.323165 0.663580 0.318204 0.666226 0.314980 0.666226 0.305804 0.664462 0.302579 0.658730 0.296875 0.654321 0.295139 0.649030 0.291667
0 0.512346 0.311012 0.509259 0.315724 0.507055 0.322669 0.507055 0.330853 0.510141 0.336062 0.515432 0.339286 0.522046 0.341766 0.537037 0.344246 0.573192 0.344494 0.587302 0.338294 0.595679 0.337550 0.598325 0.336558 0.599206 0.332341 0.596120 0.327877 0.593474 0.326141 0.591270 0.317708 0.578042 0.310268 0.560847 0.303819 0.545414 0.300595 0.537037 0.300347 0.527337 0.301339 0.522046 0.303819
0 0.468254 0.282242 0.463845 0.283978 0.460758 0.286706 0.461640 0.292411 0.464727 0.296627 0.468254 0.307292 0.477513 0.314484 0.482804 0.316468 0.489859 0.317212 0.500000 0.315476 0.503527 0.313492 0.507055 0.312500 0.510582 0.310020 0.513668 0.309276 0.521164 0.304563 0.525573 0.297619 0.525573 0.291667 0.524250 0.289683 0.517637 0.285714 0.501323 0.281498 0.488977 0.280506 0.481481 0.280506
0 0.421517 0.306300 0.414903 0.308284 0.405203 0.312500 0.399030 0.315972 0.397266 0.317956 0.394621 0.326389 0.399912 0.336062 0.406085 0.342014 0.409612 0.343502 0.411376 0.345734 0.426808 0.352679 0.441799 0.356895 0.449295 0.357639 0.454586 0.359127 0.461640 0.359127 0.466049 0.355903 0.472222 0.353423 0.476631 0.349950 0.476190 0.348462 0.472222 0.345486 0.470459 0.342014 0.477513 0.337550 0.478836 0.333581 0.476190 0.326141 0.463845 0.314980 0.455467 0.310268 0.448413 0.309028 0.441799 0.306548 0.434303 0.305556 0.425485 0.305556
0 0.384480 0.275546 0.378748 0.276538 0.372134 0.279018 0.362434 0.285466 0.356261 0.294891 0.354497 0.302083 0.354938 0.306796 0.357143 0.309028 0.365520 0.314236 0.371693 0.316468 0.379189 0.317460 0.394180 0.317708 0.399030 0.316468 0.410494 0.309276 0.421517 0.305804 0.423280 0.300099 0.422840 0.294643 0.420194 0.288690 0.405203 0.279018 0.399912 0.277282
0 0.351411 0.269841 0.338624 0.269593 0.327160 0.267361 0.313492 0.266865 0.307319 0.267609 0.301587 0.269345 0.291446 0.274306 0.285714 0.280258 0.282187 0.290179 0.282187 0.299355 0.283069 0.302827 0.288801 0.307540 0.301587 0.312996 0.307760 0.313988 0.316578 0.314236 0.323633 0.313244 0.331129 0.311260 0.342593 0.305556 0.347884 0.301091 0.350088 0.298115 0.353175 0.296379 0.357143 0.291171 0.357143 0.278522 0.354938 0.271081
0 0.307760 0.318948 0.303792 0.321677 0.304233 0.326637 0.306878 0.330605 0.311287 0.333085 0.313051 0.337550 0.315697 0.340526 0.319224 0.342758 0.322751 0.346726 0.332451 0.350942 0.342593 0.353671 0.356261 0.355407 0.364198 0.355159 0.371693 0.353175 0.376543 0.350198 0.380511 0.343254 0.387566 0.336558 0.390653 0.331101 0.389771 0.326637 0.387566 0.322173 0.385802 0.320933 0.367725 0.316468 0.363757 0.313988 0.357584 0.312004 0.329365 0.312996 0.319665 0.316220 0.313492 0.317212
0 0.303351 0.335317 0.295414 0.334325 0.287478 0.334325 0.269841 0.337798 0.259700 0.343750 0.254409 0.349702 0.250000 0.356895 0.250000 0.362103 0.256173 0.370040 0.258818 0.371776 0.278219 0.375744 0.287919 0.375992 0.297178 0.374504 0.306878 0.371032 0.308642 0.369296 0.309524 0.361111 0.313492 0.358383 0.317460 0.356895 0.320106 0.352927 0.318342 0.345486 0.315697 0.341766 0.307760 0.336558
0 0.225750 0.306796 0.222222 0.310516 0.221781 0.315228 0.223545 0.319692 0.227072 0.323661 0.235891 0.330109 0.245591 0.334573 0.253527 0.336558 0.268078 0.337550 0.282628 0.335069 0.288801 0.332589 0.294533 0.322917 0.294533 0.319444 0.292769 0.314236 0.284392 0.306548 0.277337 0.303323 0.266314 0.300347 0.261023 0.299603 0.253086 0.299603 0.246032 0.300347 0.235891 0.302331
0 0.156085 0.329861 0.154762 0.333829 0.156085 0.345486 0.163139 0.353919 0.169312 0.357639 0.183422 0.361855 0.192240 0.362103 0.202381 0.361607 0.224427 0.357391 0.227513 0.355407 0.232804 0.353671 0.234568 0.351438 0.240300 0.347470 0.246914 0.346230 0.250000 0.341766 0.248677 0.338294 0.243827 0.336806 0.239859 0.336310 0.235009 0.331845 0.230159 0.329365 0.224868 0.328125 0.210758 0.322421 0.197972 0.319940 0.183862 0.318948 0.166226 0.321925 0.162257 0.323413
0 0.100529 0.309028 0.097002 0.314980 0.097884 0.320933 0.100529 0.325149 0.114638 0.334573 0.120370 0.335565 0.129189 0.334573 0.133598 0.335565 0.135362 0.336558 0.143298 0.336310 0.149471 0.334573 0.152557 0.331845 0.155644 0.326389 0.155644 0.321925 0.157407 0.319692 0.156526 0.314236 0.150353 0.308780 0.142416 0.306052 0.126984 0.305556 0.108025 0.306052
0 0.069665 0.267361 0.066138 0.269593 0.062610 0.274802 0.061728 0.279018 0.062610 0.283234 0.067019 0.287698 0.081129 0.295635 0.090388 0.299107 0.106702 0.302579 0.108907 0.304315 0.114198 0.305308 0.123016 0.305556 0.126543 0.305060 0.136243 0.301339 0.138889 0.299107 0.137125 0.295635 0.134039 0.292907 0.133157 0.290923 0.125220 0.285218 0.122575 0.278026 0.120370 0.274802 0.115079 0.269593 0.110670 0.266865 0.101411 0.263641 0.091270 0.263145 0.079806 0.264633
0 0.149471 0.263393 0.141975 0.268601 0.140212 0.274802 0.141975 0.283978 0.143298 0.285466 0.148589 0.299107 0.155203 0.304812 0.163139 0.309524 0.167108 0.309028 0.170194 0.307788 0.172840 0.309028 0.177249 0.309772 0.181217 0.307540 0.184303 0.306796 0.186067 0.304563 0.190476 0.302579 0.196737 0.301190 0.198545 0.298735 0.199824 0.295833 0.202469 0.293824 0.203968 0.288492 0.203880 0.283581 0.203263 0.279067 0.202778 0.275521 0.197972 0.271329 0.191358 0.267609 0.177690 0.263393 0.163580 0.262153
0 0.288360 0.241567 0.280423 0.241815 0.275573 0.244296 0.273810 0.246280 0.270282 0.247272 0.266755 0.247520 0.252646 0.245784 0.244709 0.247520 0.239418 0.248016 0.226631 0.252232 0.217813 0.255952 0.214286 0.257937 0.208995 0.262897 0.205908 0.267361 0.205026 0.270337 0.205908 0.275794 0.212963 0.282242 0.222663 0.286458 0.240520 0.293899 0.253968 0.294147 0.267637 0.290179 0.278219 0.284226 0.286596 0.276538 0.288801 0.272569 0.289683 0.269345 0.289683 0.259425 0.287919 0.251736 0.293651 0.244048 0.291005 0.242312
0 0.175926 0.216518 0.168871 0.219990 0.165344 0.222718 0.162257 0.226438 0.160494 0.233383 0.163139 0.240079 0.170194 0.244296 0.184744 0.250000 0.204586 0.252976 0.208554 0.253968 0.212081 0.255704 0.219136 0.255704 0.222222 0.254712 0.227954 0.250992 0.228836 0.247768 0.225750 0.241567 0.222222 0.237599 0.216931 0.228423 0.209436 0.220238 0.204145 0.216518 0.192240 0.213790 0.184303 0.214286
0 0.252646 0.172123 0.248677 0.174107 0.246473 0.176091 0.242063 0.175099 0.238977 0.175099 0.236772 0.177331 0.236332 0.181300 0.232363 0.183532 0.226631 0.189236 0.223104 0.197917 0.223545 0.206845 0.224868 0.209821 0.232363 0.219990 0.239859 0.224702 0.246473 0.226438 0.261905 0.227431 0.278219 0.224702 0.283951 0.222718 0.289242 0.219742 0.291005 0.217758 0.291446 0.211062 0.288360 0.204365 0.277778 0.193204 0.264109 0.184772 0.261023 0.181796 0.260141 0.173859 0.256173 0.172371
0 0.747795 0.155754 0.741623 0.152530 0.736772 0.151290 0.732804 0.149306 0.724868 0.147817 0.703263 0.147073 0.686949 0.148562 0.682540 0.149802 0.676367 0.153274 0.671958 0.157490 0.667108 0.166667 0.667549 0.173859 0.675926 0.182540 0.682099 0.185020 0.690917 0.186508 0.699295 0.186260 0.719136 0.183532 0.731041 0.179563 0.739859 0.174851 0.743386 0.172123 0.746914 0.171379 0.752646 0.165923 0.753527 0.161706 0.750882 0.157986
0 0.600088 0.160466 0.586861 0.161954 0.576279 0.164683 0.570988 0.167163 0.565697 0.171875 0.562610 0.177083 0.561728 0.181300 0.562169 0.185268 0.564374 0.189484 0.567901 0.191964 0.568783 0.193452 0.584215 0.201389 0.586861 0.202133 0.593034 0.202629 0.608025 0.202629 0.615079 0.200645 0.621693 0.197669 0.628307 0.193700 0.632275 0.186508 0.637566 0.182044 0.637125 0.177579 0.632275 0.169891 0.625661 0.165675 0.622134 0.164187 0.608466 0.160466
0 0.571429 0.236111 0.566138 0.234623 0.558642 0.234375 0.543210 0.228423 0.536155 0.227431 0.526014 0.227431 0.516755 0.228175 0.507937 0.230407 0.496032 0.234375 0.488977 0.238095 0.482363 0.243056 0.479718 0.248016 0.479277 0.250992 0.480159 0.255952 0.482363 0.260417 0.488977 0.267857 0.497354 0.273810 0.503527 0.276290 0.507496 0.276786 0.524691 0.276290 0.536155 0.273810 0.559965 0.264385 0.566138 0.260417 0.570547 0.255208 0.570547 0.247520 0.576279 0.240575 0.574515 0.237847