0 0.874449 0.637401 0.863436 0.636409 0.845264 0.637649 0.840859 0.638889 0.839758 0.642113 0.840308 0.646329 0.843612 0.649802 0.846916 0.651786 0.854626 0.653274 0.868392 0.653274 0.873899 0.652282 0.876652 0.651042 0.881057 0.647321 0.881608 0.642361 0.879405 0.639881
0 0.865088 0.657738 0.864537 0.658482 0.868943 0.661210 0.869493 0.667163 0.877203 0.672619 0.881608 0.674355 0.890419 0.674851 0.894273 0.674355 0.906388 0.669147 0.908590 0.666667 0.908590 0.664435 0.906938 0.661458 0.903634 0.659474 0.890419 0.657242 0.882159 0.656994 0.875000 0.657738
0 0.829846 0.654266 0.823238 0.656746 0.816630 0.661458 0.817731 0.670883 0.819934 0.673859 0.824890 0.676091 0.829295 0.677083 0.840308 0.677083 0.847467 0.674355 0.851872 0.670387 0.853524 0.666419 0.853524 0.661954 0.850771 0.658482 0.846916 0.656498 0.839758 0.655010
0 0.769273 0.661706 0.762115 0.665923 0.757709 0.669891 0.763216 0.675347 0.775330 0.678571 0.785242 0.679563 0.789648 0.679315 0.797357 0.676339 0.800110 0.674107 0.800661 0.668899 0.798458 0.666419 0.792401 0.663194 0.786894 0.661458 0.776982 0.660962
0 0.723018 0.671627 0.719163 0.673611 0.715859 0.677331 0.716960 0.681548 0.720264 0.684028 0.733480 0.688492 0.746145 0.688988 0.751652 0.688244 0.756608 0.684524 0.758811 0.681548 0.759361 0.676835 0.756057 0.673611 0.746696 0.670635 0.734031 0.669147
0 0.759912 0.679315 0.752753 0.688988 0.754956 0.691964 0.758811 0.693948 0.778084 0.696181 0.788546 0.696181 0.797357 0.694940 0.802313 0.693452 0.802863 0.689236 0.800110 0.684028 0.788546 0.680308 0.772577 0.678075 0.770374 0.677331 0.765419 0.677827
0 0.812775 0.675099 0.806167 0.677579 0.800661 0.681548 0.800661 0.686260 0.803965 0.693452 0.812775 0.694940 0.822687 0.695188 0.831498 0.693452 0.835352 0.691716 0.839207 0.687252 0.839758 0.685020 0.835903 0.679812 0.832599 0.678075 0.826542 0.676835 0.822137 0.675099
0 0.894824 0.681052 0.888767 0.681052 0.883260 0.682044 0.877203 0.685020 0.875000 0.688492 0.875551 0.693452 0.877753 0.695685 0.887115 0.698661 0.890969 0.700645 0.894824 0.699653 0.908590 0.697917 0.912996 0.695685 0.914648 0.693700 0.914097 0.688988 0.909141 0.684772 0.901432 0.681796
0 0.838106 0.698909 0.825991 0.702133 0.824339 0.708085 0.825991 0.712302 0.830947 0.715278 0.838106 0.717510 0.850771 0.717510 0.856278 0.716518 0.861784 0.713046 0.861784 0.708829 0.856828 0.704613 0.848018 0.700149
0 0.804515 0.694692 0.794604 0.696429 0.786894 0.701389 0.784692 0.706349 0.781388 0.709821 0.781388 0.713046 0.785793 0.715278 0.795154 0.716518 0.804515 0.716518 0.817181 0.712798 0.824339 0.709325 0.825441 0.703869 0.823789 0.701885 0.818833 0.698413 0.814427 0.696429
0 0.752203 0.697421 0.748899 0.700645 0.748899 0.706101 0.750551 0.708333 0.754405 0.710317 0.762115 0.711310 0.777533 0.709325 0.784141 0.707341 0.786344 0.704861 0.786894 0.700893 0.784141 0.697669 0.781938 0.696677 0.772577 0.695188 0.760463 0.694692
0 0.691079 0.697669 0.683370 0.696429 0.674009 0.696925 0.668502 0.698413 0.661894 0.701389 0.659692 0.705357 0.661894 0.707589 0.667401 0.710317 0.673458 0.711806 0.683370 0.712054 0.688326 0.711062 0.695485 0.708581 0.697687 0.706101 0.697687 0.704365 0.694934 0.700149
0 0.639868 0.704365 0.632159 0.706845 0.626652 0.710565 0.625551 0.713294 0.628304 0.716270 0.638216 0.722222 0.648678 0.722718 0.655837 0.721478 0.659692 0.719742 0.662996 0.717014 0.662445 0.708581 0.658590 0.706101 0.651432 0.704365
0 0.709251 0.703621 0.705947 0.705357 0.703744 0.707837 0.704295 0.712550 0.706498 0.715030 0.712555 0.717510 0.716960 0.718502 0.726322 0.718502 0.734581 0.717262 0.741740 0.712798 0.742291 0.708829 0.737885 0.705109 0.734031 0.703373 0.727423 0.702133 0.715859 0.702133
0 0.700991 0.715030 0.691079 0.715278 0.680066 0.717758 0.676211 0.720734 0.675110 0.728671 0.676762 0.730903 0.681167 0.733383 0.690529 0.735863 0.700441 0.735367 0.707599 0.732391 0.709802 0.730159 0.712004 0.724702 0.712004 0.719990 0.709251 0.717262 0.706498 0.716022
0 0.839758 0.717758 0.831498 0.719742 0.826542 0.724454 0.829295 0.732391 0.831498 0.734375 0.835352 0.735863 0.847467 0.737599 0.855727 0.736855 0.864537 0.733383 0.867841 0.730655 0.868943 0.728919 0.867841 0.724454 0.863987 0.721726 0.855727 0.718502 0.848568 0.717510
0 0.780837 0.718750 0.774229 0.724206 0.775330 0.727183 0.777533 0.729167 0.784141 0.731895 0.796256 0.735367 0.807269 0.736111 0.813326 0.735863 0.816079 0.735119 0.818282 0.732887 0.817181 0.727927 0.814978 0.725198 0.801211 0.718502 0.796806 0.717510 0.785793 0.717510
0 0.735132 0.718254 0.725220 0.718750 0.718062 0.719990 0.713656 0.721974 0.710352 0.727679 0.710903 0.732391 0.716960 0.736607 0.725220 0.738839 0.742841 0.737103 0.752203 0.737351 0.753304 0.731151 0.756608 0.724454 0.752753 0.722470 0.744493 0.719990
0 0.742291 0.741071 0.730727 0.741071 0.726322 0.741567 0.721366 0.744048 0.719163 0.747024 0.719163 0.750248 0.721366 0.755952 0.726872 0.758929 0.734031 0.760169 0.743943 0.758929 0.754405 0.754960 0.756057 0.753224 0.757709 0.747520 0.754956 0.745040 0.749449 0.742312
0 0.757159 0.751488 0.758811 0.754464 0.762115 0.755704 0.778084 0.758681 0.784141 0.759177 0.794604 0.758929 0.801211 0.757688 0.803965 0.755952 0.803965 0.751240 0.801762 0.747768 0.796806 0.745288 0.787445 0.743304 0.776432 0.743056 0.767621 0.744296 0.761013 0.747520
0 0.813326 0.756944 0.803965 0.756448 0.795705 0.758433 0.785242 0.759425 0.781388 0.760665 0.779185 0.764137 0.782489 0.771081 0.786894 0.773810 0.794604 0.775050 0.803965 0.774306 0.817731 0.771329 0.823238 0.769345 0.825441 0.767857 0.825441 0.763393 0.818833 0.758929
0 0.759912 0.754960 0.750551 0.756200 0.744493 0.758929 0.740639 0.762897 0.740088 0.767857 0.742841 0.772817 0.747247 0.775546 0.753304 0.777034 0.762665 0.777530 0.769273 0.776786 0.774229 0.775546 0.779185 0.771825 0.779185 0.764137 0.777533 0.760169 0.775330 0.758433
0 0.716410 0.755952 0.710352 0.757192 0.701542 0.763145 0.701542 0.768601 0.704295 0.774058 0.708150 0.777282 0.715859 0.779266 0.720264 0.779266 0.729626 0.778274 0.737885 0.776042 0.740088 0.774554 0.741189 0.771081 0.737885 0.765873 0.734581 0.763889 0.731278 0.760169 0.724119 0.756944
0 0.567181 0.702133 0.563877 0.702877 0.559471 0.705109 0.556718 0.708829 0.561674 0.715030 0.568282 0.717758 0.575441 0.718750 0.583700 0.718502 0.595815 0.715774 0.600220 0.713046 0.600220 0.708581 0.593612 0.704365 0.589758 0.702877 0.579846 0.701637
0 0.622247 0.711310 0.615639 0.710317 0.606278 0.711062 0.600220 0.713294 0.591410 0.718006 0.589758 0.720486 0.589207 0.724702 0.596366 0.729415 0.600771 0.730159 0.613436 0.729911 0.618392 0.729167 0.620595 0.728175 0.627753 0.717510 0.625000 0.712550
0 0.633811 0.725942 0.631608 0.727431 0.628304 0.731895 0.629956 0.737847 0.634361 0.740823 0.644824 0.742808 0.665198 0.742808 0.674559 0.738591 0.676762 0.736607 0.675661 0.732887 0.669053 0.727679 0.659141 0.725198 0.649780 0.723958 0.638216 0.724702
0 0.673458 0.738591 0.664648 0.743800 0.662445 0.747272 0.663546 0.749504 0.674009 0.754712 0.678965 0.755952 0.686674 0.756696 0.691079 0.757937 0.699890 0.755952 0.700441 0.747768 0.696586 0.744296 0.685022 0.738591 0.682819 0.738095
0 0.675661 0.756448 0.672357 0.756944 0.669604 0.758185 0.661894 0.763393 0.662996 0.768353 0.667401 0.773065 0.672907 0.775794 0.683370 0.775794 0.692731 0.774058 0.696035 0.772321 0.697687 0.768849 0.697137 0.763393 0.693282 0.759673 0.688877 0.757440 0.683921 0.756448
0 0.632159 0.750000 0.628855 0.753472 0.628855 0.756696 0.631608 0.760169 0.634361 0.761409 0.638767 0.762401 0.655837 0.763641 0.662996 0.762897 0.666300 0.761657 0.669604 0.759177 0.671806 0.755456 0.669053 0.752480 0.662996 0.749752 0.647026 0.748016 0.638216 0.748512
0 0.597467 0.731151 0.592511 0.734871 0.589207 0.739583 0.590308 0.743056 0.593612 0.746280 0.604075 0.750248 0.612335 0.750496 0.621145 0.752480 0.623899 0.752232 0.628304 0.749256 0.631608 0.744544 0.631608 0.740823 0.626652 0.732639 0.622797 0.730407 0.618943 0.729911 0.609581 0.729911
0 0.561674 0.721974 0.558370 0.723462 0.553965 0.728423 0.552863 0.732887 0.556167 0.737103 0.560573 0.740079 0.566630 0.741319 0.579846 0.741319 0.587004 0.740575 0.593612 0.733383 0.593062 0.728423 0.588656 0.724950 0.584802 0.722966 0.578194 0.721230 0.568282 0.720982
0 0.523678 0.724702 0.517070 0.726190 0.514317 0.728175 0.511013 0.732143 0.511564 0.736111 0.515419 0.738839 0.524780 0.741815 0.535242 0.742063 0.542952 0.739335 0.547907 0.736359 0.549559 0.733383 0.547907 0.728671 0.542401 0.725942 0.535242 0.724454
0 0.528084 0.702629 0.518172 0.708829 0.518722 0.713542 0.523678 0.718006 0.534692 0.720734 0.551762 0.721726 0.556718 0.720982 0.557269 0.716022 0.554515 0.707341 0.551211 0.704365 0.542952 0.702133 0.531938 0.701885
0 0.387115 0.670139 0.376652 0.670139 0.363987 0.673611 0.361233 0.675347 0.359031 0.678571 0.358480 0.682788 0.360132 0.685516 0.363987 0.687748 0.368943 0.688740 0.379956 0.688492 0.390969 0.686012 0.395925 0.684028 0.401432 0.677083 0.398678 0.673859
0 0.397577 0.681300 0.395925 0.685268 0.397577 0.687252 0.401432 0.688988 0.412445 0.690724 0.423458 0.690724 0.428965 0.689980 0.437225 0.687748 0.440529 0.685764 0.439978 0.681796 0.436123 0.679563 0.431718 0.678323 0.413546 0.676091 0.404185 0.676339
0 0.356828 0.689236 0.351322 0.688492 0.342511 0.688244 0.334251 0.689484 0.327093 0.692212 0.323789 0.695437 0.321586 0.700397 0.322137 0.702381 0.325991 0.704861 0.334251 0.706597 0.345264 0.706101 0.353524 0.704365 0.358480 0.702629 0.362885 0.698909 0.363436 0.695685 0.362335 0.692956
0 0.525330 0.502480 0.517621 0.503224 0.509361 0.506696 0.507159 0.509921 0.508260 0.514137 0.511013 0.516369 0.514868 0.517857 0.526982 0.519593 0.534692 0.518849 0.540198 0.516617 0.544053 0.513889 0.545705 0.508681 0.542401 0.505704 0.535242 0.502976
0 0.535242 0.486111 0.531938 0.487351 0.529185 0.490079 0.528634 0.495040 0.530837 0.501736 0.539097 0.503968 0.543502 0.506200 0.552313 0.505952 0.561674 0.502728 0.563877 0.501240 0.567181 0.494792 0.565529 0.490575 0.560573 0.487351 0.555066 0.486111
0 0.548458 0.506944 0.546256 0.509921 0.545705 0.514137 0.552313 0.518601 0.560573 0.520337 0.570485 0.520337 0.579846 0.519345 0.583150 0.518105 0.585352 0.514633 0.585352 0.509673 0.577643 0.504960 0.570485 0.503472 0.561674 0.503472 0.557269 0.504216
0 0.395925 0.687004 0.386564 0.687252 0.381608 0.689236 0.374449 0.690724 0.369493 0.693452 0.367841 0.696429 0.368392 0.701141 0.372247 0.704365 0.378304 0.706845 0.384912 0.707589 0.391520 0.707093 0.401432 0.704613 0.406388 0.702133 0.409692 0.697669 0.409692 0.693204 0.406938 0.690972 0.399229 0.688740
0 0.420154 0.692212 0.413546 0.693700 0.410242 0.695685 0.407489 0.700645 0.408040 0.705109 0.417401 0.709077 0.430617 0.710317 0.437775 0.706845 0.443282 0.702381 0.443833 0.700893 0.438877 0.697173 0.437225 0.694692 0.433370 0.692708 0.431167 0.692212
0 0.507709 0.693948 0.501652 0.694692 0.496696 0.696429 0.493943 0.698661 0.492291 0.702133 0.494493 0.707837 0.504956 0.710813 0.510463 0.711310 0.517621 0.710317 0.518722 0.708829 0.524780 0.705357 0.527533 0.700893 0.524229 0.697669 0.520374 0.695685 0.512665 0.694196
0 0.484031 0.710069 0.481828 0.711806 0.479075 0.717262 0.480727 0.719990 0.486233 0.724206 0.490639 0.725198 0.500551 0.726190 0.513216 0.724950 0.519824 0.722966 0.522026 0.720982 0.521476 0.716518 0.514868 0.711806 0.506608 0.710813 0.492841 0.707837 0.490088 0.707837
0 0.466410 0.701389 0.447137 0.703125 0.444383 0.704613 0.441630 0.708085 0.441079 0.714782 0.442181 0.717510 0.446035 0.720486 0.449339 0.721974 0.455396 0.723462 0.464758 0.723214 0.469714 0.720982 0.476322 0.719246 0.480727 0.714038 0.481828 0.708333 0.479075 0.705109 0.473568 0.702381
0 0.391520 0.708581 0.389868 0.713046 0.392070 0.718006 0.393722 0.719742 0.401432 0.722222 0.412996 0.722966 0.422907 0.721230 0.436123 0.717014 0.435022 0.712798 0.431718 0.711310 0.426211 0.709821 0.416300 0.708333 0.409692 0.706101 0.405837 0.705605 0.398678 0.706101 0.394824 0.706845
0 0.384361 0.710317 0.375551 0.708085 0.368392 0.707589 0.361233 0.708829 0.356278 0.711062 0.345815 0.720734 0.345264 0.724702 0.351872 0.728175 0.363987 0.728175 0.373899 0.727183 0.377203 0.726438 0.389868 0.720734 0.391520 0.718502 0.391520 0.715774 0.388767 0.712550
0 0.395374 0.722222 0.381057 0.726190 0.376101 0.729663 0.375000 0.733383 0.377203 0.736359 0.382709 0.738839 0.390419 0.740823 0.396476 0.741567 0.405837 0.740575 0.410242 0.739335 0.414097 0.735367 0.414648 0.729415 0.411894 0.725446 0.407489 0.723462 0.404185 0.722718
0 0.449339 0.723710 0.438877 0.725942 0.432819 0.728919 0.428965 0.732391 0.428965 0.736855 0.433370 0.740327 0.438877 0.742063 0.448238 0.742560 0.459251 0.739831 0.462555 0.737599 0.466960 0.732391 0.468612 0.728423 0.464758 0.726438 0.457048 0.724206
0 0.596366 0.488839 0.586454 0.489335 0.576542 0.491567 0.573238 0.493800 0.572137 0.496280 0.572687 0.501984 0.575991 0.504464 0.587004 0.510169 0.596366 0.509921 0.605727 0.508433 0.608480 0.507440 0.611784 0.502976 0.611784 0.497272 0.608480 0.493304 0.604075 0.490575
0 0.507159 0.732143 0.498899 0.728423 0.491740 0.726687 0.482379 0.726935 0.479075 0.727927 0.472467 0.728671 0.468612 0.729911 0.465308 0.735367 0.466410 0.740327 0.473568 0.743304 0.483480 0.743304 0.495595 0.740079 0.506057 0.738591 0.509361 0.737351 0.509912 0.735863
0 0.522026 0.740823 0.520374 0.740079 0.507709 0.738095 0.495595 0.739831 0.489537 0.741319 0.482930 0.743800 0.480176 0.745784 0.479626 0.748512 0.481828 0.752232 0.485683 0.753968 0.490639 0.754960 0.502203 0.754464 0.508260 0.753472 0.519273 0.749256 0.523678 0.744296
0 0.553414 0.737847 0.549559 0.737847 0.543502 0.738839 0.532489 0.742560 0.530286 0.744296 0.528634 0.747520 0.528634 0.752232 0.534141 0.756944 0.545705 0.756944 0.549009 0.756448 0.558370 0.752976 0.561123 0.750744 0.563877 0.744048 0.560022 0.740327
0 0.566079 0.744544 0.563326 0.747768 0.561674 0.752728 0.564978 0.756696 0.568833 0.758681 0.577643 0.760417 0.587555 0.760417 0.599670 0.758929 0.604626 0.757192 0.605176 0.751736 0.602423 0.749752 0.593062 0.746280 0.578744 0.743304 0.569383 0.743304
0 0.613436 0.761161 0.604626 0.758681 0.577643 0.761161 0.574339 0.763641 0.573789 0.769097 0.574339 0.771329 0.578194 0.775298 0.585903 0.776290 0.596916 0.776538 0.612885 0.774306 0.618392 0.771081 0.621145 0.767857 0.618943 0.764633
0 0.465859 0.740575 0.454846 0.741567 0.449339 0.744048 0.444934 0.747768 0.444383 0.752728 0.445485 0.754216 0.452643 0.757440 0.458700 0.757688 0.466960 0.756448 0.477423 0.751736 0.478524 0.747520 0.476872 0.744296 0.470264 0.741567
0 0.551211 0.757937 0.543502 0.757192 0.534692 0.757440 0.528634 0.759177 0.524229 0.761657 0.522577 0.763393 0.521476 0.767609 0.524229 0.772073 0.529736 0.775298 0.534692 0.776290 0.540198 0.776538 0.550110 0.776042 0.555617 0.774802 0.560573 0.772321 0.563877 0.768105 0.562775 0.763641 0.560022 0.761409
0 0.501652 0.754712 0.488987 0.755456 0.483480 0.757688 0.480727 0.759673 0.479075 0.769097 0.481828 0.775298 0.483480 0.776042 0.491740 0.776786 0.494493 0.776042 0.506057 0.775050 0.508811 0.774058 0.516520 0.767609 0.518172 0.763145 0.515419 0.759425 0.508811 0.756200
0 0.475771 0.761409 0.465859 0.759177 0.457599 0.758681 0.452093 0.759177 0.441630 0.761409 0.435022 0.764137 0.432819 0.767361 0.435022 0.771329 0.438326 0.774058 0.442181 0.775794 0.448789 0.777034 0.456498 0.777034 0.468612 0.774554 0.474670 0.771577 0.477423 0.765129 0.477423 0.762649
0 0.420705 0.745784 0.412996 0.748016 0.408040 0.751736 0.406938 0.755208 0.408040 0.759177 0.413546 0.763393 0.416850 0.764633 0.430066 0.765129 0.436674 0.762649 0.441079 0.759177 0.443282 0.756448 0.443282 0.750744 0.440529 0.748016 0.433370 0.746032
0 0.343612 0.731151 0.337004 0.731895 0.324339 0.736111 0.320485 0.738839 0.316630 0.744048 0.317731 0.748512 0.319383 0.750000 0.325441 0.752728 0.329295 0.753472 0.338656 0.753472 0.347467 0.751736 0.351322 0.749504 0.354626 0.745784 0.356278 0.739831 0.354075 0.736111
0 0.368943 0.738839 0.361784 0.740079 0.358480 0.741815 0.353524 0.748016 0.352974 0.751984 0.356828 0.753720 0.360683 0.757192 0.367841 0.758185 0.378855 0.758681 0.385463 0.757192 0.390969 0.753472 0.393172 0.749504 0.392070 0.745040 0.387115 0.741071 0.377753 0.739087
0 0.408040 0.760665 0.404185 0.758929 0.398128 0.757937 0.388216 0.758185 0.382159 0.759425 0.368392 0.765873 0.366740 0.770089 0.367841 0.773065 0.369493 0.773810 0.384361 0.776042 0.395925 0.775298 0.401432 0.773810 0.407489 0.771329 0.411894 0.768105 0.411894 0.763393
0 0.300110 0.745536 0.293502 0.747768 0.286344 0.751736 0.284692 0.754960 0.286344 0.758929 0.291300 0.762401 0.299559 0.765625 0.308370 0.767609 0.318282 0.767857 0.325441 0.763889 0.327643 0.759177 0.327093 0.754216 0.314978 0.746280 0.309471 0.745288
0 0.543502 0.465278 0.541850 0.467014 0.533590 0.470982 0.528965 0.476141 0.527037 0.482192 0.532489 0.484127 0.535793 0.485367 0.540749 0.485863 0.556167 0.485615 0.561123 0.484375 0.563877 0.481151 0.564978 0.477927 0.560022 0.470486 0.552313 0.465278
0 0.603524 0.462798 0.596090 0.460590 0.588656 0.460169 0.579295 0.459821 0.559692 0.463467 0.556993 0.466146 0.559141 0.467535 0.560022 0.470982 0.564427 0.475198 0.569383 0.477183 0.579295 0.477679 0.596751 0.474306 0.601542 0.470635 0.607930 0.467014
0 0.569383 0.446181 0.560022 0.445685 0.548458 0.447173 0.542952 0.449157 0.540749 0.451141 0.539648 0.455109 0.543502 0.461062 0.546806 0.462550 0.551211 0.463294 0.561674 0.463046 0.570485 0.461806 0.579295 0.459077 0.579901 0.455332 0.577643 0.453621 0.574174 0.449926
0 0.595815 0.455109 0.595815 0.459077 0.605176 0.464286 0.612335 0.466518 0.623899 0.466270 0.629405 0.465526 0.635463 0.462302 0.638216 0.459077 0.636013 0.454861 0.630507 0.452877 0.622797 0.451637 0.604075 0.451637
0 0.660793 0.496032 0.650330 0.494792 0.645374 0.495040 0.627753 0.501736 0.628855 0.506200 0.625551 0.509425 0.627203 0.512153 0.630507 0.512897 0.648128 0.514137 0.655837 0.512153 0.667401 0.507688 0.669604 0.506200 0.670154 0.501736 0.664648 0.497768
0 0.640419 0.484871 0.637115 0.484375 0.626101 0.484375 0.616189 0.485367 0.612335 0.486607 0.607930 0.490327 0.609031 0.494544 0.613987 0.499752 0.618392 0.500496 0.630507 0.500744 0.647577 0.494048 0.649780 0.490079
0 0.656388 0.385665 0.649780 0.387153 0.643172 0.390377 0.640969 0.393105 0.639868 0.397321 0.643172 0.400546 0.647577 0.402034 0.655286 0.403770 0.666300 0.403770 0.671256 0.402778 0.678965 0.399554 0.681167 0.397073 0.681167 0.390377 0.678965 0.387897 0.674559 0.385913
0 0.604075 0.476687 0.600771 0.475694 0.594163 0.475198 0.586454 0.475942 0.573789 0.478175 0.566079 0.481895 0.561674 0.485863 0.562775 0.487847 0.566079 0.489335 0.577093 0.491071 0.587555 0.489335 0.604626 0.488095 0.609031 0.483631 0.609031 0.481895
0 0.610683 0.468502 0.602423 0.474702 0.606278 0.478671 0.611233 0.481647 0.616740 0.483383 0.624449 0.484127 0.636564 0.484127 0.641520 0.483383 0.645374 0.480903 0.646476 0.478919 0.645374 0.474702 0.637665 0.469990 0.631057 0.467758 0.622247 0.466766 0.616189 0.467262
0 0.653084 0.474950 0.647577 0.477183 0.645374 0.482639 0.654185 0.488095 0.664648 0.490327 0.673458 0.490079 0.684471 0.486359 0.687775 0.484375 0.689427 0.482391 0.688877 0.478423 0.686674 0.475942 0.683370 0.474454 0.675110 0.472966 0.664097 0.472966
0 0.673458 0.462302 0.665749 0.460317 0.643722 0.459821 0.639317 0.460565 0.636564 0.463294 0.635463 0.466766 0.641520 0.472966 0.647577 0.475694 0.656938 0.474454 0.661894 0.473214 0.666850 0.470982 0.672357 0.467014 0.674559 0.463542
0 0.692731 0.484623 0.689427 0.484871 0.671806 0.490575 0.666850 0.493552 0.666300 0.498512 0.668502 0.500248 0.676211 0.503224 0.681167 0.503968 0.692181 0.503720 0.702093 0.501240 0.708700 0.498016 0.710903 0.494048 0.707599 0.489583 0.700991 0.486111
0 0.728524 0.471230 0.716960 0.469990 0.703744 0.474206 0.693833 0.475942 0.691079 0.477679 0.691079 0.479911 0.693282 0.482887 0.698238 0.485119 0.708700 0.487599 0.713106 0.486607 0.720815 0.482391 0.727423 0.480407 0.730176 0.478423 0.731278 0.473710
0 0.720264 0.466518 0.718062 0.464782 0.714207 0.463542 0.703744 0.463046 0.680176 0.462847 0.674559 0.463988 0.673458 0.467014 0.674284 0.472470 0.691630 0.476687 0.695485 0.475446 0.702093 0.474702 0.708700 0.472966 0.719163 0.468254
0 0.784692 0.466022 0.778634 0.465278 0.770925 0.466022 0.764868 0.467510 0.759361 0.470734 0.758260 0.474950 0.759912 0.477927 0.763216 0.480655 0.769273 0.482887 0.781388 0.483135 0.786344 0.482639 0.790198 0.481151 0.793502 0.478671 0.795154 0.475694 0.794053 0.470486 0.791300 0.468502
0 0.734031 0.449405 0.724119 0.451637 0.717511 0.454365 0.715859 0.459325 0.721366 0.464782 0.729075 0.469494 0.735132 0.470734 0.743943 0.471230 0.746696 0.470734 0.751101 0.468750 0.756608 0.465278 0.756608 0.458581 0.753304 0.454117 0.748348 0.450645 0.743392 0.449157
0 0.714758 0.454613 0.709251 0.450149 0.700991 0.448413 0.688326 0.448909 0.681718 0.449901 0.676762 0.451389 0.671256 0.454861 0.666850 0.459077 0.674559 0.461310 0.689427 0.463294 0.702643 0.463294 0.709802 0.462054 0.713106 0.460813 0.714758 0.459325
0 0.642070 0.443700 0.638767 0.445188 0.634361 0.450149 0.634361 0.452133 0.638767 0.457589 0.641520 0.459325 0.646476 0.460069 0.658590 0.460317 0.664097 0.459573 0.671256 0.455357 0.673458 0.451389 0.669604 0.447421 0.662996 0.444692 0.656938 0.443204 0.646476 0.442956
0 0.573789 0.439236 0.568117 0.439732 0.569769 0.444469 0.571586 0.447421 0.575385 0.450670 0.578194 0.453621 0.581002 0.455853 0.589758 0.455605 0.596366 0.454613 0.605176 0.450893 0.604901 0.446677 0.599504 0.443006 0.591960 0.439980 0.582048 0.438988
0 0.612885 0.431052 0.604626 0.433036 0.598568 0.435516 0.595485 0.440228 0.597907 0.442212 0.602863 0.445064 0.608095 0.448710 0.610573 0.450570 0.612885 0.451389 0.626101 0.451389 0.632709 0.448909 0.638216 0.445437 0.638767 0.439484 0.631057 0.433284 0.626652 0.431548 0.623348 0.430804
0 0.736233 0.382440 0.726322 0.380704 0.712004 0.381944 0.700441 0.385169 0.697687 0.388889 0.703194 0.392609 0.713106 0.396081 0.716960 0.396825 0.727974 0.396825 0.735132 0.394345 0.740088 0.389385 0.740088 0.384673
0 0.726322 0.407490 0.714758 0.411954 0.712555 0.416171 0.716410 0.419643 0.728524 0.421875 0.734581 0.424355 0.743392 0.424851 0.748899 0.423859 0.753304 0.420139 0.753304 0.414931 0.751101 0.411458 0.744493 0.408234 0.740088 0.407242 0.732379 0.406746
0 0.669053 0.404266 0.669053 0.408730 0.671256 0.410714 0.674559 0.411954 0.681167 0.412946 0.691079 0.415427 0.703194 0.415675 0.708700 0.414435 0.709251 0.409474 0.707048 0.405010 0.697687 0.399802 0.692181 0.398562 0.681718 0.398810 0.674009 0.401538
0 0.584802 0.398313 0.582599 0.400546 0.581498 0.405258 0.583150 0.407986 0.587004 0.410714 0.596366 0.411706 0.604626 0.409970 0.613436 0.409474 0.623348 0.404514 0.622797 0.400298 0.612335 0.397569 0.602423 0.396577 0.594163 0.396577 0.587555 0.397321
0 0.628855 0.403026 0.623899 0.405258 0.621696 0.407738 0.622797 0.412202 0.634912 0.418651 0.638767 0.419395 0.650330 0.419643 0.656938 0.418403 0.661894 0.415179 0.663546 0.412946 0.662445 0.408730 0.657489 0.404514 0.647026 0.401786 0.639868 0.401042
0 0.671806 0.411706 0.665198 0.412946 0.660242 0.415923 0.656938 0.419643 0.657489 0.424107 0.672357 0.431300 0.675110 0.432044 0.683370 0.432292 0.686674 0.431796 0.693282 0.429315 0.698789 0.424107 0.696586 0.418403 0.694934 0.416667 0.686123 0.413690 0.680617 0.412450
0 0.700991 0.422867 0.695485 0.427331 0.696035 0.432044 0.700991 0.434276 0.716410 0.438244 0.726872 0.437996 0.735132 0.435020 0.737335 0.432044 0.737335 0.426091 0.736233 0.424603 0.731278 0.422371 0.726322 0.421131 0.716960 0.420387 0.704846 0.421875
0 0.552313 0.406250 0.549009 0.408482 0.547357 0.412202 0.557269 0.419643 0.560573 0.423115 0.570485 0.423611 0.583150 0.421131 0.585903 0.419643 0.587555 0.416915 0.587004 0.411954 0.583150 0.408482 0.577643 0.406002 0.572687 0.405258 0.559471 0.405506
0 0.524229 0.414683 0.520925 0.419395 0.522026 0.422371 0.524780 0.424107 0.533590 0.426835 0.541300 0.427579 0.553965 0.427827 0.559471 0.426835 0.564427 0.423611 0.560573 0.422123 0.550661 0.414683 0.543502 0.411706 0.534692 0.410962 0.529736 0.412202
0 0.585903 0.377976 0.574339 0.380704 0.571035 0.383929 0.571586 0.386905 0.580396 0.393849 0.585352 0.396329 0.596916 0.396329 0.603524 0.394345 0.605727 0.392113 0.607930 0.386409 0.607379 0.383185 0.605727 0.381696 0.596366 0.378224
0 0.509912 0.408482 0.500000 0.407738 0.487885 0.409970 0.484581 0.411706 0.482379 0.415675 0.483480 0.418651 0.490749 0.424082 0.501487 0.424504 0.509912 0.423760 0.515033 0.422222 0.519824 0.421131 0.522577 0.416171 0.520925 0.412946 0.513767 0.409474
0 0.449339 0.404266 0.445485 0.407490 0.445485 0.412202 0.448789 0.416171 0.451542 0.417659 0.454846 0.418155 0.471916 0.417659 0.475771 0.416915 0.482930 0.413938 0.484581 0.412450 0.485683 0.407986 0.472467 0.403770 0.465859 0.402282 0.456498 0.402282
0 0.430066 0.386905 0.427863 0.388393 0.425661 0.392361 0.426211 0.396577 0.429515 0.398562 0.432819 0.402034 0.438877 0.404266 0.448789 0.404266 0.452093 0.403522 0.459802 0.400546 0.461454 0.399058 0.462555 0.395585 0.460352 0.392361 0.455396 0.389385 0.450991 0.388393 0.438326 0.386905
0 0.438877 0.369792 0.430066 0.373512 0.426211 0.376736 0.425661 0.381696 0.430066 0.386409 0.432269 0.386905 0.456498 0.388393 0.459802 0.385417 0.460903 0.381696 0.459802 0.376488 0.457599 0.373512 0.455396 0.372272 0.448238 0.370288
0 0.421806 0.395089 0.412445 0.395585 0.401432 0.398065 0.397577 0.400298 0.397577 0.404762 0.400330 0.407986 0.411894 0.412946 0.420154 0.411260 0.425661 0.409970 0.430617 0.408978 0.432819 0.407490 0.434471 0.404266 0.431167 0.399554 0.425661 0.396329
0 0.350771 0.390873 0.344714 0.389881 0.335352 0.390873 0.325991 0.395585 0.323238 0.399554 0.323238 0.401290 0.325441 0.404514 0.331498 0.406746 0.336454 0.407242 0.345815 0.405010 0.352423 0.404266 0.355727 0.402530 0.359031 0.396329 0.355727 0.392609
0 0.371696 0.408234 0.365088 0.405754 0.359581 0.404514 0.351872 0.404266 0.343612 0.406002 0.338106 0.408482 0.334251 0.411458 0.332048 0.415427 0.331498 0.420387 0.335352 0.421627 0.366740 0.416915 0.369493 0.415675 0.372797 0.412202
0 0.396476 0.408482 0.386564 0.408730 0.376652 0.409970 0.373899 0.411210 0.370595 0.414931 0.371145 0.420387 0.375000 0.424603 0.378304 0.426587 0.384912 0.427827 0.397026 0.427331 0.406388 0.422867 0.408040 0.421131 0.409692 0.416915 0.408590 0.413442 0.401982 0.409474
0 0.444383 0.411458 0.439427 0.409970 0.429515 0.409722 0.419493 0.411458 0.410793 0.415675 0.408590 0.419643 0.409141 0.423859 0.420705 0.425843 0.431718 0.425843 0.442731 0.423859 0.446035 0.422371 0.448789 0.419891 0.448238 0.415179
0 0.454846 0.419147 0.453194 0.419891 0.453194 0.423859 0.457599 0.427331 0.464758 0.430308 0.470264 0.433532 0.473568 0.434524 0.484031 0.433780 0.487885 0.432292 0.491189 0.428075 0.490639 0.424603 0.488987 0.422867 0.485132 0.421131 0.474670 0.418651 0.458700 0.418651
0 0.438877 0.425595 0.432819 0.427579 0.430617 0.431052 0.431718 0.435764 0.434471 0.439980 0.438326 0.442460 0.447137 0.444692 0.454846 0.444196 0.463656 0.440724 0.470815 0.436012 0.469714 0.433284 0.465859 0.430060 0.456498 0.426339 0.449339 0.425347
0 0.404185 0.424355 0.397026 0.427827 0.395374 0.431548 0.399229 0.441716 0.400881 0.443452 0.412445 0.445437 0.426211 0.443700 0.431167 0.441716 0.433370 0.439732 0.431167 0.432540 0.427313 0.428323 0.423458 0.426587 0.414097 0.424355
0 0.377203 0.427827 0.368392 0.431052 0.362335 0.435020 0.361784 0.442956 0.363436 0.445437 0.366189 0.446677 0.379956 0.448165 0.387115 0.447669 0.397577 0.443204 0.398678 0.437996 0.394824 0.430556 0.388767 0.428571
0 0.369493 0.419147 0.361784 0.418155 0.355176 0.418651 0.342511 0.420883 0.338106 0.422619 0.334251 0.426587 0.334251 0.429563 0.337004 0.433284 0.341960 0.435516 0.349670 0.436260 0.360683 0.436260 0.376101 0.427827 0.373899 0.423611
0 0.290749 0.406250 0.289097 0.407986 0.283590 0.409474 0.273678 0.414683 0.272577 0.416171 0.272577 0.420883 0.274229 0.422619 0.279736 0.425595 0.289648 0.428323 0.294604 0.428323 0.302863 0.426835 0.307269 0.424107 0.313326 0.421875 0.316630 0.417907 0.317181 0.414435 0.316079 0.412202 0.310573 0.407986
0 0.319383 0.421627 0.313326 0.422123 0.308370 0.423363 0.302313 0.427827 0.302313 0.432044 0.306167 0.436508 0.308921 0.438492 0.317181 0.440228 0.320485 0.439236 0.326542 0.438740 0.332048 0.436260 0.334802 0.429812 0.334802 0.427331 0.332599 0.423611 0.328194 0.422371
0 0.249449 0.424851 0.245595 0.426835 0.243943 0.429812 0.243943 0.433284 0.247247 0.437996 0.255507 0.440476 0.262665 0.441220 0.267070 0.441220 0.272577 0.440228 0.276432 0.437996 0.278084 0.434524 0.281388 0.431796 0.280837 0.427083 0.274229 0.424851 0.264868 0.423859 0.255507 0.423859
0 0.282489 0.432292 0.276982 0.440724 0.276982 0.444692 0.279736 0.448413 0.286894 0.450893 0.298458 0.452133 0.308921 0.451637 0.313326 0.450645 0.315529 0.448661 0.314978 0.443700 0.312775 0.441220 0.308370 0.438988 0.305617 0.435764 0.300110 0.433532 0.292952 0.432292
0 0.247247 0.439980 0.237885 0.442956 0.235132 0.446925 0.235683 0.451141 0.239537 0.454861 0.247797 0.459573 0.252203 0.460565 0.257709 0.460813 0.264868 0.459573 0.273128 0.454861 0.275881 0.451885 0.275881 0.450397 0.271476 0.445685 0.265969 0.442956 0.258811 0.440972
0 0.275881 0.453373 0.271476 0.455109 0.267621 0.458333 0.268172 0.463294 0.269824 0.466270 0.274780 0.469494 0.282489 0.471478 0.291850 0.472222 0.305066 0.466022 0.305617 0.462798 0.301762 0.455109 0.298458 0.453373 0.292952 0.452133 0.287996 0.452133
0 0.316630 0.451141 0.310573 0.452381 0.306167 0.454365 0.304515 0.458581 0.305617 0.461062 0.310022 0.465526 0.312225 0.466518 0.324890 0.469246 0.328194 0.469246 0.334251 0.467758 0.343062 0.463046 0.343062 0.459077 0.337004 0.453869 0.325991 0.451389
0 0.359031 0.437004 0.354626 0.436260 0.341410 0.436012 0.334251 0.436756 0.324890 0.438988 0.321035 0.440476 0.317731 0.442956 0.318282 0.446677 0.321035 0.449653 0.333700 0.452877 0.343062 0.452381 0.356828 0.447421 0.359031 0.445933 0.360683 0.442212 0.360683 0.438492
0 0.360683 0.446677 0.351872 0.448661 0.345264 0.451389 0.341410 0.455357 0.344163 0.459573 0.348018 0.461806 0.359581 0.464038 0.369493 0.464038 0.383260 0.457837 0.384361 0.455853 0.383811 0.450893 0.382159 0.449157 0.379956 0.448413
0 0.388216 0.447173 0.384912 0.450893 0.386013 0.455605 0.388216 0.457341 0.392621 0.459077 0.399780 0.460317 0.404185 0.462054 0.414648 0.462054 0.423458 0.460813 0.428414 0.459325 0.427313 0.455357 0.424559 0.451389 0.414097 0.446181 0.405837 0.444196 0.395374 0.443948
0 0.438326 0.444196 0.432819 0.445188 0.428414 0.446925 0.425661 0.449653 0.425110 0.451637 0.429515 0.459077 0.437775 0.461806 0.448238 0.464286 0.456498 0.462550 0.462004 0.460069 0.467511 0.454613 0.463106 0.451637 0.452093 0.446181 0.444383 0.444692
0 0.491189 0.434524 0.481278 0.434772 0.473568 0.436012 0.458150 0.443204 0.457048 0.447421 0.459802 0.449653 0.468612 0.453125 0.473018 0.453869 0.483480 0.453373 0.486784 0.452629 0.492291 0.449653 0.500000 0.438988 0.497797 0.437004
0 0.528084 0.425347 0.524780 0.424355 0.517070 0.423363 0.515969 0.423859 0.495595 0.425843 0.492841 0.427331 0.490088 0.431300 0.492291 0.434524 0.500551 0.437996 0.503304 0.438492 0.527533 0.438740 0.532489 0.436012 0.533590 0.432788 0.532489 0.427579
0 0.538546 0.427827 0.535242 0.429563 0.533040 0.436260 0.530837 0.438740 0.530837 0.439980 0.534141 0.443700 0.537445 0.445437 0.542401 0.446677 0.552863 0.446677 0.561123 0.445188 0.564427 0.443452 0.566630 0.439980 0.564978 0.435516 0.561123 0.431548 0.555617 0.428819 0.552313 0.428075 0.546256 0.427579
0 0.621145 0.376488 0.614537 0.378968 0.607930 0.382937 0.606278 0.393601 0.607379 0.395585 0.610132 0.397073 0.621145 0.399306 0.630507 0.399058 0.639317 0.396825 0.642621 0.390625 0.642070 0.385169 0.638216 0.381448 0.629956 0.377728
0 0.608480 0.427827 0.593062 0.422619 0.589207 0.422123 0.579846 0.422371 0.573238 0.423363 0.566630 0.425347 0.564427 0.427331 0.563877 0.432044 0.569383 0.437748 0.574890 0.438492 0.587665 0.437277 0.593172 0.436582 0.605176 0.432292 0.607930 0.431796
0 0.604075 0.410218 0.598018 0.411706 0.593062 0.414187 0.591960 0.415923 0.591960 0.420635 0.593612 0.422123 0.605727 0.426835 0.612885 0.428075 0.622247 0.426835 0.628304 0.424355 0.631608 0.420139 0.629956 0.415923 0.617841 0.410466 0.613987 0.409970
0 0.637665 0.421627 0.631608 0.423363 0.628304 0.426835 0.628855 0.431548 0.639868 0.440724 0.647577 0.441964 0.656388 0.441468 0.661344 0.440228 0.668502 0.437252 0.670705 0.435764 0.671806 0.431300 0.658040 0.424107 0.655837 0.422123 0.652533 0.421627
0 0.672357 0.434524 0.667952 0.439236 0.667401 0.443948 0.669604 0.446429 0.674009 0.448909 0.683370 0.449653 0.700991 0.448413 0.709802 0.449405 0.718062 0.447669 0.722467 0.443700 0.721366 0.440228 0.719163 0.438988 0.709251 0.436260 0.691630 0.432788 0.681718 0.432788 0.675110 0.433532
0 0.200441 0.445933 0.194383 0.447173 0.187775 0.451141 0.186123 0.455853 0.188326 0.459077 0.196035 0.463046 0.204295 0.465278 0.213656 0.465526 0.221916 0.464038 0.227974 0.461558 0.231278 0.459325 0.234031 0.455357 0.232379 0.451389 0.219714 0.447173 0.206498 0.445685
0 0.335352 0.480655 0.325991 0.480903 0.322137 0.481895 0.314978 0.484871 0.312775 0.486855 0.312225 0.490327 0.317731 0.495040 0.321035 0.496776 0.325991 0.497768 0.337004 0.497520 0.343612 0.496776 0.349119 0.494544 0.352423 0.490823 0.351322 0.486359 0.348568 0.483879
0 0.368392 0.473958 0.360683 0.475942 0.359031 0.478175 0.355727 0.479911 0.353524 0.482391 0.353524 0.487351 0.357379 0.492312 0.364537 0.495288 0.371145 0.495784 0.379956 0.494792 0.386013 0.492560 0.389317 0.489335 0.390419 0.485615 0.387115 0.479663 0.378855 0.475694 0.374449 0.474454
0 0.352423 0.463046 0.341960 0.464038 0.333700 0.468006 0.330396 0.471230 0.329846 0.476190 0.330947 0.477927 0.333700 0.479415 0.342511 0.482143 0.352423 0.481399 0.357930 0.478671 0.367291 0.471478 0.366740 0.467758 0.364537 0.465526
0 0.420705 0.480903 0.412996 0.481647 0.409692 0.484375 0.405837 0.486111 0.405837 0.491319 0.409141 0.495784 0.412996 0.497272 0.422357 0.499008 0.425110 0.498016 0.431718 0.497272 0.442181 0.495040 0.443833 0.493800 0.442731 0.490575 0.439978 0.488095 0.427863 0.482391
0 0.401982 0.471230 0.395925 0.471974 0.387665 0.474454 0.386013 0.479167 0.388767 0.484127 0.390969 0.485367 0.404736 0.486359 0.410242 0.484127 0.416850 0.479663 0.417401 0.477183 0.415749 0.474454 0.411894 0.472470 0.406388 0.471230
0 0.388216 0.458333 0.378855 0.460069 0.371145 0.463046 0.367841 0.465774 0.367291 0.467014 0.370595 0.471974 0.378304 0.474454 0.387115 0.474950 0.404736 0.470734 0.405837 0.469494 0.406388 0.465030 0.405286 0.462798 0.397577 0.459573
0 0.411894 0.462798 0.409692 0.463790 0.407489 0.466518 0.408590 0.470734 0.416300 0.474702 0.419053 0.478671 0.430066 0.481151 0.440529 0.480655 0.444383 0.478671 0.446035 0.475446 0.445485 0.466270 0.442731 0.463790 0.438877 0.462054 0.430617 0.460069
0 0.438877 0.594494 0.436123 0.599454 0.437775 0.603671 0.440529 0.605159 0.446586 0.606399 0.465308 0.606895 0.477423 0.605159 0.485132 0.600198 0.482930 0.594494 0.474119 0.591022 0.464758 0.591022 0.458150 0.590278 0.447137 0.590774
0 0.455396 0.463790 0.449890 0.466022 0.446035 0.469990 0.447137 0.475446 0.458150 0.480407 0.471916 0.480655 0.477423 0.479911 0.483480 0.477183 0.487335 0.474454 0.488987 0.469990 0.486784 0.467758 0.481828 0.465526 0.474670 0.463790 0.465308 0.463046
0 0.471366 0.454613 0.465859 0.458333 0.465859 0.459821 0.469163 0.462798 0.490639 0.468254 0.504405 0.466022 0.506608 0.463542 0.507159 0.458085 0.503855 0.454861 0.500000 0.453869 0.492291 0.453125 0.480727 0.453373
0 0.519273 0.438740 0.505507 0.438988 0.500551 0.440228 0.497797 0.442460 0.495044 0.446429 0.496145 0.451389 0.501101 0.454117 0.508260 0.456349 0.532489 0.451885 0.539097 0.447421 0.532489 0.442212 0.528634 0.440476
0 0.526982 0.452629 0.520374 0.453373 0.512115 0.455853 0.508260 0.458085 0.507159 0.460069 0.507159 0.465526 0.510463 0.468750 0.516850 0.470957 0.522026 0.471875 0.529736 0.471974 0.535242 0.470486 0.541300 0.467510 0.542952 0.464534 0.542786 0.461930 0.540198 0.456597 0.535242 0.455109 0.533040 0.453621
0 0.498899 0.467262 0.495044 0.468254 0.490088 0.471230 0.484581 0.478175 0.484031 0.482639 0.491189 0.487103 0.501101 0.487351 0.512115 0.486855 0.517621 0.485119 0.519273 0.482887 0.519273 0.478919 0.517070 0.473710 0.515419 0.471726 0.510463 0.469246 0.508811 0.467510
0 0.442181 0.484623 0.440529 0.486607 0.444383 0.493800 0.451542 0.497024 0.456498 0.498016 0.469714 0.498264 0.482379 0.497520 0.485132 0.496280 0.487885 0.493056 0.488987 0.486111 0.482930 0.482887 0.475220 0.481151 0.455947 0.480655
0 0.445485 0.562996 0.440529 0.562004 0.430066 0.562252 0.422357 0.563740 0.417952 0.565476 0.414097 0.568700 0.412445 0.573661 0.412996 0.576141 0.418502 0.578869 0.427313 0.580109 0.436674 0.579861 0.447137 0.578125 0.451542 0.576389 0.455396 0.572421 0.455396 0.568204 0.452643 0.565724
0 0.546806 0.392857 0.543502 0.392113 0.534141 0.392609 0.514868 0.396329 0.507709 0.399306 0.506057 0.400794 0.504956 0.404762 0.507709 0.407242 0.517070 0.410714 0.525881 0.411706 0.538546 0.409474 0.546256 0.405754 0.549009 0.403522 0.550110 0.395833
0 0.473568 0.390129 0.468062 0.393849 0.466410 0.396081 0.467511 0.400794 0.473568 0.404514 0.481828 0.406994 0.491740 0.407490 0.496145 0.406498 0.502753 0.402778 0.504956 0.398313 0.504405 0.395337 0.500551 0.391865 0.492841 0.388889 0.482379 0.388641
0 0.517621 0.375992 0.504405 0.376736 0.498899 0.377976 0.493392 0.381448 0.492291 0.384177 0.493392 0.388641 0.501652 0.393353 0.507709 0.395337 0.517621 0.395337 0.529185 0.393105 0.530837 0.392361 0.533040 0.389137 0.532489 0.385417 0.528634 0.380952 0.524780 0.377976
0 0.533040 0.369792 0.526982 0.371280 0.524780 0.372520 0.523678 0.377232 0.533040 0.384425 0.534692 0.387401 0.541850 0.389633 0.545154 0.389633 0.552313 0.388145 0.560573 0.384673 0.563326 0.381448 0.562225 0.376736 0.558921 0.374256 0.553965 0.372272 0.546256 0.370784
0 0.587555 0.362599 0.577643 0.362599 0.571035 0.363343 0.568282 0.364087 0.562775 0.369048 0.562225 0.373264 0.568282 0.377728 0.572137 0.378968 0.579295 0.379464 0.589207 0.377480 0.592511 0.376240 0.595815 0.373512 0.595264 0.369048 0.591410 0.363839
0 0.628855 0.369792 0.626101 0.372272 0.626101 0.374256 0.628304 0.376984 0.640969 0.382937 0.647577 0.385169 0.656938 0.385169 0.659141 0.382688 0.659692 0.376240 0.653634 0.369296 0.648128 0.367063 0.638767 0.367560
0 0.690529 0.366815 0.682819 0.367560 0.672357 0.370288 0.667401 0.373016 0.666300 0.376984 0.668502 0.379464 0.676211 0.383681 0.682819 0.384921 0.692731 0.385417 0.699339 0.384425 0.704295 0.382937 0.708700 0.377480 0.708700 0.373016 0.699890 0.368056
0 0.560573 0.385169 0.551211 0.388641 0.549559 0.390625 0.549009 0.393353 0.550661 0.402034 0.551762 0.403274 0.556167 0.405010 0.567731 0.405258 0.573789 0.404762 0.580396 0.402282 0.582048 0.400794 0.583700 0.396329 0.575441 0.389137 0.569934 0.386657
0 0.650330 0.354911 0.644824 0.352927 0.626101 0.351190 0.620595 0.351190 0.609031 0.353423 0.604075 0.355655 0.602974 0.356895 0.602974 0.360863 0.605176 0.365327 0.607930 0.368056 0.612335 0.369792 0.622797 0.370040 0.643172 0.366567 0.653084 0.361359 0.654185 0.357391
0 0.562775 0.349702 0.559471 0.352927 0.559471 0.357391 0.562225 0.359623 0.569383 0.363095 0.595815 0.362103 0.600771 0.359623 0.602423 0.357639 0.601872 0.353175 0.595815 0.348710 0.588106 0.346974 0.577643 0.346726 0.567181 0.348214
0 0.561674 0.359871 0.552863 0.357887 0.544053 0.359375 0.532489 0.364087 0.531388 0.365575 0.533040 0.367312 0.537445 0.369296 0.542401 0.370040 0.553965 0.370536 0.558370 0.369792 0.561123 0.368800 0.564427 0.365575 0.563877 0.361359
0 0.526982 0.359127 0.518172 0.358383 0.508260 0.358879 0.501101 0.360615 0.496696 0.362599 0.494493 0.364831 0.492841 0.369296 0.494493 0.372024 0.497797 0.374504 0.503855 0.375496 0.511013 0.375744 0.519273 0.375000 0.523678 0.373512 0.526982 0.370784 0.530286 0.369296 0.531938 0.367063 0.531388 0.361359
0 0.464758 0.362599 0.458700 0.365079 0.458150 0.373016 0.462004 0.378472 0.465859 0.380952 0.473018 0.382440 0.482930 0.382192 0.486784 0.380704 0.491189 0.376240 0.492291 0.372768 0.490639 0.368800 0.482930 0.364087 0.474670 0.362599
0 0.405286 0.347470 0.401432 0.349454 0.397026 0.356895 0.397577 0.361607 0.400881 0.365079 0.404185 0.366071 0.422907 0.366567 0.427863 0.365327 0.431167 0.362351 0.432269 0.354663 0.430617 0.350942 0.428965 0.349454 0.421806 0.346726 0.412445 0.346478
0 0.481278 0.343998 0.472467 0.345486 0.465859 0.348710 0.462004 0.353175 0.462555 0.356151 0.464758 0.358879 0.469714 0.361111 0.482379 0.362847 0.491740 0.363095 0.499449 0.361359 0.504405 0.358879 0.506608 0.355407 0.507159 0.349702 0.504956 0.347718 0.496696 0.344742 0.491740 0.343998
0 0.551211 0.337302 0.541300 0.336806 0.534692 0.337550 0.530286 0.339286 0.526432 0.342262 0.522026 0.350198 0.523678 0.352679 0.529185 0.356895 0.534692 0.359127 0.542952 0.358879 0.552313 0.357143 0.554515 0.356151 0.561123 0.349950 0.561674 0.341518 0.557269 0.339038
0 0.666300 0.352679 0.662996 0.355159 0.661344 0.357887 0.663546 0.360367 0.669053 0.363095 0.682269 0.366815 0.700441 0.367063 0.702093 0.364583 0.702093 0.359375 0.695485 0.354167 0.689427 0.350942 0.682269 0.349206 0.681167 0.349702 0.673458 0.350198
0 0.691630 0.338046 0.687225 0.339286 0.682819 0.341518 0.682819 0.345982 0.685022 0.349454 0.699890 0.357143 0.709802 0.357391 0.714207 0.355903 0.719714 0.351190 0.720264 0.345238 0.718612 0.342510 0.713106 0.339038 0.706498 0.337550 0.698789 0.337054
0 0.623348 0.336310 0.620044 0.337798 0.616740 0.342758 0.616740 0.345982 0.621145 0.349950 0.626652 0.351190 0.636564 0.352183 0.648128 0.352183 0.652533 0.350198 0.657489 0.345982 0.657489 0.342262 0.654736 0.339534 0.650881 0.337798 0.638767 0.335069 0.628855 0.335069
0 0.595264 0.330109 0.586454 0.332093 0.577643 0.336310 0.576542 0.337550 0.577093 0.342262 0.586454 0.345982 0.592511 0.346230 0.597467 0.347222 0.605176 0.347222 0.609581 0.345982 0.613436 0.343750 0.617291 0.337798 0.613987 0.333085 0.610132 0.331101 0.605727 0.329861
0 0.552313 0.322917 0.543502 0.320685 0.534692 0.320685 0.527533 0.321925 0.517070 0.325645 0.512115 0.329861 0.509912 0.333829 0.510463 0.334821 0.514317 0.336310 0.525330 0.337798 0.535242 0.337302 0.547357 0.335565 0.554515 0.330357 0.554515 0.326141
0 0.440529 0.319692 0.432819 0.322173 0.430617 0.325149 0.431718 0.330605 0.435022 0.334573 0.438326 0.337302 0.442181 0.338790 0.454295 0.340526 0.460352 0.340278 0.464758 0.339038 0.470264 0.334325 0.470815 0.327381 0.469163 0.324157 0.465859 0.321429 0.459251 0.319196 0.447137 0.318700
0 0.465308 0.301339 0.460352 0.303571 0.458150 0.306052 0.458150 0.311260 0.462555 0.315972 0.469714 0.318948 0.481828 0.320685 0.491189 0.320188 0.496145 0.315724 0.496696 0.312748 0.490639 0.304812 0.486233 0.302083 0.481278 0.301091 0.471366 0.300595
0 0.493392 0.487599 0.491189 0.488095 0.488987 0.490575 0.486784 0.498264 0.489537 0.500496 0.499449 0.505704 0.508811 0.506696 0.520374 0.501488 0.522577 0.494792 0.520925 0.490823 0.518172 0.488591 0.515419 0.487599 0.510463 0.487103
0 0.512665 0.293651 0.508811 0.294147 0.501101 0.297619 0.496145 0.302331 0.496696 0.306796 0.498899 0.311012 0.501652 0.312748 0.507709 0.314732 0.518172 0.315228 0.523128 0.314484 0.529185 0.310764 0.529185 0.306548 0.531388 0.303819 0.530837 0.298363 0.526432 0.294147
0 0.538546 0.304563 0.535793 0.306796 0.534692 0.311260 0.537445 0.314484 0.541850 0.316716 0.551762 0.318948 0.561123 0.319196 0.573238 0.316964 0.577643 0.314980 0.580396 0.311260 0.579295 0.308532 0.577093 0.306548 0.571586 0.304067 0.565529 0.302331 0.560022 0.301587 0.550110 0.301339 0.544053 0.302331
0 0.578744 0.316964 0.566079 0.318204 0.558921 0.319940 0.555066 0.321925 0.553965 0.326141 0.556167 0.330605 0.558921 0.332589 0.568833 0.335317 0.578194 0.335317 0.588656 0.326637 0.590308 0.322421 0.589207 0.320685 0.586454 0.318948
0 0.615639 0.309276 0.611233 0.309276 0.601872 0.310516 0.595815 0.314236 0.594714 0.317460 0.595264 0.322669 0.599119 0.326885 0.604075 0.329117 0.613436 0.329861 0.616189 0.328373 0.623899 0.326141 0.627753 0.322421 0.627203 0.313244 0.621696 0.310268
0 0.630507 0.322669 0.626652 0.325893 0.629956 0.329613 0.637115 0.334325 0.645374 0.335813 0.655837 0.339038 0.657489 0.339038 0.660242 0.338046 0.661344 0.330853 0.660242 0.326141 0.656388 0.322421 0.648678 0.319692 0.638767 0.320437
0 0.617291 0.293651 0.608480 0.292659 0.600220 0.292907 0.590308 0.294395 0.582048 0.297123 0.580396 0.298611 0.579295 0.303075 0.582048 0.307044 0.587004 0.309524 0.596366 0.311508 0.601872 0.310020 0.616189 0.308780 0.620595 0.307540 0.625000 0.303323 0.625000 0.300843 0.622247 0.295635
0 0.747797 0.322173 0.743392 0.320437 0.735683 0.319196 0.725771 0.320188 0.720264 0.321925 0.711454 0.326141 0.705947 0.333581 0.707599 0.336558 0.726872 0.338046 0.737885 0.336310 0.746145 0.334325 0.751101 0.332093 0.753304 0.330109 0.752753 0.325645
0 0.691630 0.303571 0.685573 0.304563 0.678414 0.307788 0.675110 0.311012 0.674559 0.318700 0.678965 0.321677 0.687225 0.322917 0.693833 0.322917 0.699890 0.322173 0.707599 0.318948 0.710903 0.315228 0.710903 0.310516 0.709251 0.308532 0.699890 0.304812
0 0.647577 0.298115 0.638767 0.299603 0.634912 0.301587 0.631608 0.306300 0.632159 0.310268 0.634361 0.312252 0.645925 0.316716 0.656938 0.317460 0.662445 0.314980 0.665749 0.310764 0.666850 0.307044 0.665749 0.303075 0.664097 0.301587 0.657489 0.298859
0 0.682819 0.285218 0.672907 0.285466 0.669053 0.286458 0.661344 0.289435 0.656388 0.294643 0.660242 0.298859 0.663546 0.300099 0.667401 0.302827 0.672357 0.303819 0.676211 0.303819 0.682819 0.302827 0.692731 0.294891 0.693833 0.290427 0.688877 0.286706
0 0.569934 0.281746 0.558370 0.282242 0.546806 0.286706 0.542952 0.290427 0.542401 0.295635 0.548458 0.299851 0.560022 0.301587 0.569934 0.301587 0.573238 0.300099 0.576542 0.296131 0.577643 0.290427 0.575991 0.286458
0 0.481828 0.280010 0.473568 0.281002 0.466960 0.284226 0.462004 0.288194 0.460903 0.292411 0.463656 0.296379 0.467511 0.298115 0.473018 0.299603 0.481278 0.300595 0.491189 0.300099 0.500000 0.295635 0.503855 0.291667 0.503855 0.288442 0.502753 0.285714 0.497247 0.282242 0.491189 0.280754
0 0.524780 0.274058 0.515969 0.275546 0.506608 0.279018 0.503855 0.282242 0.503855 0.287946 0.508260 0.291667 0.514317 0.292659 0.526982 0.293403 0.535242 0.292659 0.540749 0.291171 0.542952 0.287946 0.542952 0.282738 0.541850 0.280506 0.539097 0.278522 0.530837 0.275050
0 0.595264 0.267361 0.589207 0.271081 0.588656 0.275546 0.594163 0.279514 0.596916 0.283482 0.604626 0.285714 0.613436 0.286954 0.622797 0.283482 0.622797 0.276786 0.620044 0.271577 0.612885 0.266617 0.605176 0.266121
0 0.511564 0.255704 0.507709 0.255704 0.498899 0.259673 0.495595 0.263145 0.493943 0.267361 0.495595 0.275546 0.499449 0.277282 0.508260 0.276786 0.517621 0.274554 0.526432 0.271577 0.529185 0.268105 0.530286 0.263393 0.527533 0.259921 0.517621 0.256696
0 0.644273 0.257937 0.637115 0.258681 0.630507 0.260665 0.625551 0.265129 0.625000 0.271577 0.627753 0.274554 0.635463 0.278274 0.639317 0.279266 0.648128 0.280010 0.656938 0.278274 0.659692 0.277034 0.662996 0.272073 0.663546 0.266617 0.662445 0.263145 0.659141 0.260169 0.655286 0.258681 0.650330 0.257937
0 0.151432 0.339286 0.143172 0.340030 0.134361 0.341766 0.131057 0.346230 0.130507 0.349950 0.132709 0.353423 0.135463 0.354911 0.144824 0.357143 0.152533 0.358135 0.160793 0.356895 0.163546 0.354663 0.165198 0.350942 0.165198 0.346230 0.161344 0.341022 0.158040 0.340030
0 0.069383 0.327381 0.063326 0.327381 0.052863 0.329117 0.046256 0.331597 0.042952 0.334077 0.041300 0.338790 0.043502 0.341766 0.047357 0.343502 0.057269 0.345982 0.065529 0.346478 0.073789 0.344990 0.080396 0.341766 0.083150 0.339038 0.083150 0.333581 0.080947 0.331349 0.075441 0.328125
0 0.110132 0.310764 0.091410 0.309276 0.079846 0.311260 0.074890 0.312996 0.071586 0.315724 0.070485 0.318948 0.073238 0.321429 0.083150 0.326389 0.090308 0.327877 0.096366 0.327629 0.101322 0.326885 0.109031 0.323661 0.114537 0.318700 0.113987 0.312996 0.112335 0.311260
0 0.125000 0.293899 0.118392 0.294891 0.113987 0.298363 0.113987 0.303323 0.118392 0.310764 0.123899 0.311756 0.130507 0.311756 0.134912 0.311260 0.143722 0.305804 0.145925 0.303075 0.146476 0.298115 0.144273 0.295387 0.142070 0.294643
0 0.083150 0.287450 0.073789 0.288690 0.069383 0.290923 0.068833 0.292907 0.064978 0.296131 0.064427 0.299603 0.064978 0.304315 0.073789 0.308532 0.082048 0.309524 0.093062 0.307788 0.097467 0.306052 0.102423 0.302579 0.104075 0.299107 0.100220 0.292907 0.091960 0.289187
0 0.194934 0.277034 0.192731 0.277778 0.190529 0.279762 0.188877 0.283234 0.182819 0.289683 0.183370 0.294395 0.187225 0.296875 0.197687 0.299107 0.202093 0.299603 0.209802 0.299355 0.213656 0.298363 0.216410 0.295139 0.218062 0.287450 0.216410 0.283234 0.213656 0.280506 0.209802 0.278770
0 0.177313 0.257688 0.170154 0.258185 0.164097 0.259673 0.162445 0.264633 0.166850 0.276042 0.172357 0.279762 0.180066 0.280506 0.182819 0.280010 0.194383 0.274554 0.196035 0.272321 0.196586 0.266121 0.195485 0.263145 0.190529 0.260169
0 0.462555 0.223710 0.455947 0.227183 0.455396 0.229415 0.457048 0.232391 0.462555 0.236111 0.470264 0.238591 0.473018 0.240327 0.484581 0.240327 0.490088 0.237103 0.492291 0.234127 0.497247 0.232391 0.500000 0.228423 0.494493 0.227183 0.490088 0.224454 0.476322 0.222966 0.467511 0.222966
0 0.525881 0.226190 0.518172 0.227679 0.513216 0.230407 0.511564 0.232143 0.512665 0.237103 0.517070 0.240575 0.525330 0.242560 0.535242 0.243056 0.542952 0.242312 0.546806 0.240327 0.549559 0.236855 0.549559 0.232391 0.544604 0.228671 0.539097 0.226687 0.535242 0.225942
0 0.638767 0.227183 0.627203 0.228175 0.621696 0.229911 0.617841 0.232391 0.615639 0.236607 0.617291 0.241071 0.621145 0.245040 0.630507 0.248016 0.639317 0.249008 0.644824 0.247024 0.647026 0.244792 0.648678 0.241319 0.648128 0.232391 0.643722 0.228423
0 0.551762 0.207341 0.542401 0.211806 0.537996 0.216518 0.539097 0.224206 0.541300 0.226190 0.544053 0.227431 0.553414 0.228671 0.561674 0.227679 0.569934 0.225198 0.573789 0.220734 0.573789 0.218502 0.570485 0.212798 0.562225 0.209573
0 0.517621 0.198165 0.508811 0.198661 0.502753 0.201141 0.497247 0.208333 0.496696 0.212302 0.499449 0.215774 0.502753 0.217262 0.508260 0.218750 0.515969 0.219494 0.524780 0.218502 0.530286 0.216766 0.531388 0.212550 0.534141 0.209077 0.534141 0.204613 0.530837 0.201141 0.525881 0.199157
0 0.544053 0.190476 0.541300 0.193204 0.540198 0.199157 0.541850 0.202381 0.545705 0.205109 0.552313 0.207093 0.560573 0.208085 0.570485 0.206845 0.575441 0.204365 0.577093 0.200893 0.575441 0.197173 0.569934 0.192708 0.561123 0.189980 0.551211 0.189484
0 0.607930 0.203125 0.602974 0.202381 0.593612 0.202381 0.583700 0.203373 0.578194 0.204861 0.576542 0.208085 0.576542 0.213790 0.578194 0.216518 0.580947 0.218006 0.586454 0.219494 0.595815 0.219246 0.604626 0.218502 0.612885 0.216270 0.617291 0.212302 0.618943 0.208829 0.613436 0.205109
0 0.588106 0.173363 0.580947 0.178323 0.579846 0.182292 0.582599 0.185268 0.587004 0.187252 0.594714 0.188244 0.613436 0.188492 0.617291 0.185516 0.617291 0.181548 0.608480 0.173859 0.604626 0.172371 0.594163 0.172123
0 0.110683 0.212550 0.108480 0.213046 0.099670 0.218254 0.098018 0.222966 0.098568 0.228671 0.099670 0.230159 0.107930 0.233383 0.115639 0.233879 0.126101 0.233631 0.129956 0.232639 0.135463 0.228919 0.138767 0.224702 0.139317 0.220238 0.136013 0.217014 0.127203 0.213542 0.117841 0.212054
0 0.109031 0.188988 0.099670 0.188988 0.090859 0.192708 0.086454 0.196925 0.085352 0.201389 0.091410 0.209325 0.099119 0.210069 0.109031 0.209325 0.119493 0.204613 0.122797 0.201389 0.124449 0.197421 0.123348 0.193452 0.117841 0.190724
0 0.129405 0.193204 0.125551 0.196677 0.123348 0.201637 0.124449 0.205109 0.131608 0.209077 0.142070 0.211806 0.151432 0.213046 0.160242 0.212798 0.169604 0.210565 0.170705 0.209573 0.169604 0.202629 0.166850 0.199653 0.152533 0.193948 0.143722 0.191716 0.134361 0.191716
0 0.098018 0.173611 0.092511 0.177579 0.090308 0.181300 0.092511 0.184276 0.099119 0.187500 0.109581 0.187748 0.124449 0.189732 0.134912 0.189236 0.138767 0.185516 0.134912 0.181052 0.130507 0.178571 0.120595 0.175595 0.116189 0.173611 0.110132 0.172867 0.102974 0.172867
0 0.725771 0.481399 0.718062 0.484127 0.715308 0.486855 0.715308 0.490823 0.718062 0.494048 0.723568 0.498512 0.727423 0.500248 0.734581 0.501736 0.744493 0.501984 0.751101 0.499752 0.754405 0.497768 0.755507 0.496032 0.756057 0.489583 0.753304 0.484871 0.743943 0.480655 0.734581 0.480407
0 0.708150 0.500000 0.697687 0.502232 0.693282 0.503968 0.690529 0.505704 0.689978 0.510169 0.693282 0.514137 0.698789 0.516369 0.705947 0.517113 0.718612 0.516617 0.724119 0.514881 0.728524 0.509921 0.727423 0.506696 0.721916 0.501240 0.716960 0.500248
0 0.784141 0.505208 0.761013 0.499504 0.753304 0.499504 0.739537 0.503472 0.737335 0.507192 0.737335 0.511409 0.739537 0.513889 0.743392 0.516121 0.750000 0.517113 0.761564 0.516617 0.767621 0.515377 0.776432 0.511657 0.784692 0.506200
0 0.812775 0.484127 0.805617 0.486111 0.800661 0.489583 0.801762 0.494048 0.803965 0.496776 0.808370 0.500248 0.814978 0.503472 0.820485 0.504464 0.830947 0.504464 0.841960 0.500000 0.843612 0.498512 0.843612 0.493304 0.839207 0.488591 0.830947 0.484375 0.822687 0.483135
0 0.817731 0.520833 0.810573 0.524802 0.810573 0.530506 0.811674 0.532490 0.821586 0.538442 0.841960 0.538690 0.848568 0.536210 0.852423 0.532986 0.854075 0.530506 0.854075 0.527778 0.852423 0.525050 0.846916 0.521329 0.840859 0.519345 0.828744 0.518849
0 0.791300 0.520089 0.781938 0.521081 0.775330 0.523313 0.771476 0.529018 0.772026 0.532738 0.779185 0.538938 0.786344 0.540923 0.796256 0.541171 0.806167 0.538690 0.809471 0.537202 0.811674 0.533978 0.810573 0.525794 0.807269 0.522569 0.803965 0.521081 0.797907 0.520089
0 0.769824 0.516121 0.749449 0.517857 0.743392 0.519345 0.736233 0.523065 0.734031 0.524802 0.732930 0.529514 0.741740 0.534474 0.751101 0.536706 0.761013 0.536458 0.765969 0.533482 0.773128 0.526786 0.774780 0.523065 0.773128 0.517857
0 0.719163 0.517113 0.704295 0.517361 0.699339 0.518849 0.696035 0.521577 0.694383 0.525794 0.699890 0.534970 0.703744 0.535962 0.709802 0.536210 0.717511 0.534226 0.723568 0.531498 0.730176 0.526786 0.730727 0.521329 0.725220 0.518601
0 0.691630 0.525050 0.681167 0.524306 0.664097 0.525298 0.659692 0.526290 0.653084 0.530010 0.650330 0.532738 0.652533 0.536954 0.659692 0.539931 0.668502 0.541171 0.677863 0.541171 0.682269 0.540675 0.688877 0.538938 0.694934 0.536706 0.697137 0.533482 0.696586 0.529266
0 0.687775 0.508929 0.682819 0.507192 0.672907 0.506696 0.657489 0.510913 0.651432 0.513889 0.650330 0.517361 0.647577 0.518849 0.645925 0.521081 0.647026 0.523065 0.651432 0.524058 0.662445 0.525050 0.676211 0.524802 0.688326 0.523313 0.692731 0.520585 0.695485 0.517113 0.693282 0.513393
0 0.604075 0.508433 0.595815 0.509921 0.590308 0.511905 0.588106 0.513641 0.586454 0.517609 0.589758 0.521577 0.599119 0.526290 0.602423 0.526786 0.612885 0.526786 0.623348 0.521825 0.623348 0.515873 0.620595 0.512649 0.613987 0.509177
0 0.577093 0.519841 0.569934 0.520585 0.566079 0.521577 0.561674 0.524802 0.561674 0.526538 0.566079 0.531498 0.568282 0.537202 0.577093 0.539187 0.585352 0.538442 0.594714 0.533234 0.597467 0.530010 0.595264 0.524306 0.587004 0.520089
0 0.560573 0.526538 0.551211 0.525546 0.534692 0.527530 0.526982 0.532738 0.526432 0.537202 0.529185 0.538938 0.534692 0.541171 0.542401 0.542411 0.551762 0.542411 0.563326 0.539931 0.567181 0.537202 0.567181 0.532242 0.564427 0.528522
0 0.487885 0.521329 0.487335 0.530010 0.491189 0.533482 0.499449 0.534970 0.520374 0.534970 0.525330 0.534474 0.535242 0.526042 0.533040 0.523313 0.527533 0.520337 0.517070 0.518353 0.509361 0.517609 0.500000 0.517857 0.492841 0.519345
0 0.450991 0.519593 0.448789 0.521825 0.447687 0.526042 0.450441 0.529266 0.456498 0.532490 0.474670 0.532490 0.481278 0.531746 0.485683 0.530506 0.488436 0.526786 0.488436 0.522817 0.485683 0.518849 0.481828 0.517113 0.475220 0.516121 0.464207 0.515873 0.459251 0.516617
0 0.462004 0.499256 0.458700 0.500744 0.453194 0.505456 0.453744 0.511161 0.460903 0.514881 0.484031 0.516865 0.496145 0.512897 0.499449 0.509921 0.497797 0.505704 0.486233 0.500000 0.482930 0.499008 0.475771 0.498264 0.466410 0.498512
0 0.438326 0.496032 0.427313 0.498016 0.421256 0.500744 0.415749 0.505704 0.418502 0.510665 0.421256 0.512153 0.441079 0.514137 0.448238 0.512897 0.449890 0.511905 0.455947 0.502728 0.455947 0.501240 0.452643 0.498512 0.447687 0.496280
0 0.388822 0.492733 0.376652 0.495040 0.364537 0.496776 0.360683 0.498512 0.358480 0.500992 0.359581 0.504960 0.364537 0.508929 0.369493 0.510913 0.378855 0.511657 0.387665 0.509177 0.398128 0.504464 0.400330 0.502232 0.402533 0.495784 0.397192 0.492460
0 0.416300 0.508433 0.404736 0.504960 0.395374 0.505208 0.386013 0.509921 0.379956 0.514633 0.378304 0.516617 0.378304 0.521577 0.384361 0.522817 0.393722 0.523562 0.401432 0.522817 0.410242 0.518601 0.412445 0.516369 0.417401 0.513641 0.417401 0.509177
0 0.448238 0.515129 0.441630 0.514137 0.420705 0.513145 0.413546 0.515625 0.410242 0.520337 0.410242 0.523562 0.413546 0.529266 0.417401 0.531250 0.421256 0.532490 0.428965 0.531994 0.444383 0.527778 0.446586 0.526042 0.452093 0.517857
0 0.448238 0.528770 0.439978 0.529266 0.433921 0.530506 0.426211 0.532738 0.416850 0.537698 0.414097 0.540675 0.414097 0.545387 0.419604 0.548363 0.427313 0.549851 0.439427 0.550843 0.445485 0.549851 0.450991 0.547619 0.453744 0.544395 0.456498 0.536954 0.455396 0.532986
0 0.463656 0.534474 0.459802 0.536210 0.457599 0.539683 0.457599 0.541667 0.463106 0.545139 0.478524 0.548363 0.482379 0.550099 0.492291 0.550347 0.495595 0.548859 0.495044 0.538690 0.492841 0.535466 0.482930 0.532242 0.472467 0.532738
0 0.497247 0.538194 0.495044 0.540675 0.495044 0.546131 0.498348 0.549107 0.516520 0.552827 0.534692 0.552579 0.540198 0.550347 0.541300 0.547619 0.539648 0.543403 0.524229 0.535962 0.519824 0.535218 0.506608 0.534970 0.502753 0.535714
0 0.569934 0.539683 0.559471 0.540923 0.553414 0.542411 0.550661 0.543899 0.547357 0.549107 0.549559 0.553571 0.560573 0.558284 0.570485 0.558532 0.579295 0.557788 0.585903 0.554563 0.590308 0.549851 0.590308 0.548363 0.585903 0.543899 0.579130 0.541270
0 0.595815 0.531746 0.594163 0.533482 0.587555 0.536954 0.585352 0.540427 0.588656 0.545883 0.594163 0.547867 0.604075 0.548859 0.612335 0.548363 0.620044 0.546627 0.623348 0.544891 0.625000 0.540675 0.620044 0.536210 0.611233 0.531994 0.606278 0.531498
0 0.621696 0.523313 0.615639 0.525546 0.612885 0.528026 0.612335 0.530010 0.613987 0.532986 0.622797 0.539435 0.629405 0.541667 0.639317 0.540179 0.646476 0.537450 0.649229 0.534226 0.649229 0.532242 0.645925 0.529018 0.638216 0.525298 0.631608 0.523810
0 0.655837 0.539187 0.647577 0.538194 0.640419 0.539435 0.628304 0.542907 0.624449 0.544891 0.622797 0.548363 0.624449 0.552579 0.637665 0.557292 0.648128 0.557044 0.658590 0.554315 0.662445 0.552331 0.664097 0.549603 0.663546 0.544891 0.660793 0.541667
0 0.592511 0.551091 0.588656 0.552827 0.583700 0.556548 0.583700 0.560764 0.589758 0.564484 0.596366 0.566716 0.602974 0.567212 0.614537 0.566964 0.616740 0.565476 0.618943 0.561508 0.618943 0.555804 0.613436 0.550595 0.609581 0.549603 0.602974 0.549355
0 0.317181 0.467758 0.307819 0.467262 0.300110 0.468998 0.291300 0.473462 0.288546 0.478175 0.291300 0.485119 0.300661 0.485863 0.310573 0.484871 0.314978 0.483879 0.325991 0.478423 0.328194 0.474950 0.327643 0.473214 0.324890 0.470734
0 0.550661 0.576389 0.544053 0.577877 0.539097 0.580853 0.537445 0.583085 0.538546 0.587550 0.542952 0.591022 0.550661 0.593998 0.560022 0.595486 0.568833 0.594494 0.574890 0.592014 0.578744 0.588046 0.579846 0.583581 0.576542 0.580109 0.569383 0.576885 0.562225 0.576141
0 0.554515 0.597470 0.542952 0.598214 0.536344 0.600694 0.533590 0.603175 0.531938 0.607143 0.532489 0.611359 0.539648 0.617808 0.542952 0.619544 0.552313 0.619048 0.560022 0.616567 0.566630 0.612599 0.571035 0.607639 0.570485 0.602183 0.564427 0.598958
0 0.525881 0.575645 0.521476 0.575149 0.506608 0.575645 0.490639 0.578373 0.487885 0.579613 0.484031 0.583333 0.485132 0.587054 0.487335 0.589038 0.499449 0.593006 0.517070 0.592758 0.526432 0.590774 0.531388 0.587550 0.532489 0.583085 0.531388 0.580109
0 0.560573 0.560516 0.556718 0.563740 0.557269 0.567708 0.560022 0.571181 0.566079 0.574653 0.570485 0.575397 0.579846 0.575645 0.587555 0.574405 0.593062 0.572173 0.593612 0.567460 0.590308 0.564484 0.584251 0.561508 0.579295 0.559772 0.574339 0.559276 0.567731 0.559276
0 0.518722 0.553571 0.515419 0.555060 0.513216 0.559772 0.515419 0.564484 0.522577 0.569196 0.526432 0.570188 0.535793 0.570933 0.541850 0.568948 0.546806 0.564980 0.547907 0.561508 0.546806 0.556548 0.542401 0.554067 0.535793 0.552827 0.524229 0.552827
0 0.500551 0.556796 0.490639 0.557788 0.484031 0.559524 0.473568 0.564484 0.470815 0.567956 0.474119 0.572421 0.481828 0.575397 0.490088 0.577133 0.492291 0.577133 0.499449 0.574405 0.501101 0.572421 0.507159 0.568700 0.510463 0.564732 0.506057 0.558532
0 0.466410 0.545883 0.458700 0.546627 0.451542 0.548363 0.439427 0.556548 0.441079 0.560268 0.443282 0.562004 0.448789 0.564732 0.455947 0.566468 0.465859 0.566468 0.470264 0.565724 0.484581 0.559276 0.487335 0.557044 0.485683 0.551835 0.476872 0.547867
0 0.378304 0.523810 0.377203 0.525050 0.377753 0.531002 0.386013 0.537450 0.390419 0.538442 0.394824 0.541171 0.402533 0.541667 0.407489 0.541171 0.415749 0.537450 0.417401 0.532986 0.411894 0.528274 0.406388 0.526042 0.400881 0.524802 0.387665 0.523562
0 0.074890 0.517609 0.064978 0.523065 0.064978 0.529018 0.069383 0.532986 0.077093 0.536458 0.082048 0.537450 0.092511 0.536954 0.099119 0.535218 0.105176 0.532490 0.107930 0.529514 0.106278 0.525298 0.100771 0.521825 0.091960 0.518353 0.085352 0.517113
0 0.290198 0.538690 0.284141 0.539435 0.279185 0.540923 0.275881 0.544395 0.275881 0.549107 0.278084 0.553323 0.281938 0.556300 0.287445 0.557788 0.292401 0.558284 0.300110 0.556796 0.307819 0.553075 0.309471 0.550099 0.309471 0.547123 0.308370 0.544395 0.304515 0.540923 0.300110 0.539435
0 0.063877 0.556548 0.056167 0.559524 0.053414 0.564236 0.056167 0.572421 0.060022 0.573909 0.061674 0.576141 0.064978 0.577629 0.074339 0.577629 0.088656 0.571677 0.092511 0.564980 0.091960 0.560516 0.079295 0.556548
0 0.105176 0.560516 0.098568 0.562500 0.095264 0.564236 0.091410 0.567956 0.091960 0.572421 0.100220 0.576389 0.116740 0.579861 0.126652 0.579117 0.135463 0.576141 0.138216 0.572917 0.138216 0.569196 0.135463 0.564980 0.126652 0.561260 0.120595 0.560020 0.113436 0.559772
0 0.713106 0.537946 0.709802 0.537202 0.697687 0.537202 0.691630 0.538194 0.683921 0.540923 0.681167 0.543155 0.681167 0.549603 0.687775 0.553075 0.691079 0.553819 0.700441 0.553819 0.714207 0.551091 0.720264 0.548363 0.721366 0.546131 0.720815 0.543403 0.717511 0.539683
0 0.734581 0.535218 0.725771 0.537202 0.721916 0.538938 0.720815 0.540179 0.721916 0.546379 0.723568 0.548611 0.732379 0.551587 0.743943 0.552579 0.752753 0.551091 0.756608 0.549355 0.759912 0.545883 0.761564 0.540427 0.759361 0.538442 0.754405 0.536954 0.744493 0.535218
0 0.778084 0.547867 0.775330 0.551587 0.769824 0.556300 0.770374 0.561012 0.779736 0.565228 0.782489 0.565724 0.796806 0.566716 0.805066 0.566220 0.811123 0.564732 0.814427 0.562252 0.816630 0.556796 0.814978 0.553571 0.812225 0.551587 0.808921 0.550099 0.803965 0.549107 0.792401 0.548115
0 0.808370 0.544147 0.807269 0.548859 0.818282 0.554315 0.823238 0.555556 0.839758 0.557292 0.846366 0.556052 0.851872 0.552579 0.853524 0.549107 0.851872 0.546379 0.843062 0.540923 0.838656 0.539435 0.832599 0.538690 0.821035 0.538938
0 0.848568 0.554563 0.843062 0.556796 0.841960 0.558036 0.841960 0.564484 0.848018 0.566964 0.865088 0.570685 0.873899 0.569940 0.883260 0.564732 0.884912 0.560516 0.882709 0.558780 0.863987 0.554067 0.854075 0.553571
0 0.620044 0.563740 0.619493 0.565476 0.623348 0.569692 0.629405 0.572917 0.634912 0.574157 0.644824 0.575149 0.656938 0.575149 0.662445 0.573909 0.666300 0.572173 0.667401 0.567212 0.665749 0.563492 0.661894 0.561012 0.655837 0.559276 0.648678 0.558284 0.638216 0.558284 0.632709 0.559276
0 0.655837 0.577629 0.653634 0.579613 0.652533 0.584573 0.655837 0.587550 0.660242 0.589534 0.665198 0.590526 0.677313 0.590774 0.683370 0.590278 0.690529 0.587798 0.692731 0.584573 0.692181 0.580109 0.684471 0.576389 0.674009 0.574653 0.664648 0.574901
0 0.681718 0.554812 0.672907 0.556300 0.665749 0.560268 0.665749 0.564732 0.669053 0.572421 0.676211 0.574157 0.684471 0.574653 0.693282 0.572917 0.700991 0.569692 0.703194 0.567212 0.703744 0.563244 0.702093 0.560020 0.696586 0.556300 0.690529 0.555060
0 0.738987 0.552579 0.727423 0.550595 0.724119 0.550595 0.718062 0.551587 0.712555 0.553323 0.710352 0.554812 0.707599 0.559524 0.707599 0.565228 0.710903 0.568452 0.716960 0.569692 0.725771 0.569444 0.735683 0.567708 0.742841 0.564980 0.748899 0.560764 0.748348 0.557540 0.746696 0.555804
0 0.700441 0.573909 0.697137 0.575893 0.695485 0.578869 0.696586 0.584821 0.700441 0.586558 0.707599 0.588294 0.717291 0.587004 0.724009 0.586136 0.725606 0.584301 0.726487 0.582217 0.723568 0.578373 0.721090 0.574777 0.716685 0.573686 0.707599 0.572917
0 0.770374 0.562004 0.751652 0.562500 0.746145 0.564484 0.741740 0.569196 0.742291 0.574653 0.743392 0.576141 0.752753 0.579861 0.761564 0.580605 0.769879 0.578447 0.775936 0.575769 0.777919 0.572173 0.777808 0.568080 0.775606 0.565352
0 0.813326 0.565724 0.803965 0.566468 0.795154 0.568452 0.788546 0.571677 0.785793 0.575397 0.785793 0.576885 0.788546 0.580109 0.795705 0.583085 0.803965 0.585069 0.814427 0.584821 0.822467 0.579737 0.823733 0.575595 0.819989 0.570685 0.819934 0.568204
0 0.754956 0.580605 0.742291 0.581349 0.736344 0.583507 0.733480 0.588839 0.735077 0.593824 0.738656 0.595486 0.743943 0.598710 0.751652 0.600694 0.763381 0.594965 0.766079 0.591543 0.769218 0.587971 0.769053 0.585714 0.768722 0.583333 0.762665 0.581349
0 0.826542 0.580605 0.824339 0.582837 0.824339 0.588046 0.826542 0.590526 0.832048 0.593254 0.838106 0.594246 0.848568 0.593998 0.860683 0.591766 0.864537 0.590030 0.866740 0.587302 0.867291 0.583581 0.861784 0.579613 0.852423 0.578373 0.840308 0.578373 0.831498 0.579117
0 0.795154 0.586558 0.789648 0.589286 0.785903 0.591939 0.789813 0.595040 0.796806 0.597718 0.799559 0.600198 0.803965 0.602183 0.812555 0.601761 0.816850 0.600298 0.821090 0.598611 0.824174 0.595114 0.821971 0.592411 0.814207 0.588616 0.808370 0.586062 0.801211 0.585813
0 0.768172 0.593750 0.763216 0.595734 0.758976 0.599231 0.762555 0.604936 0.767621 0.606647 0.777533 0.609127 0.784692 0.612847 0.787996 0.613095 0.796806 0.612351 0.800110 0.611111 0.803414 0.607887 0.802863 0.602927 0.797357 0.597718 0.786894 0.593998
0 0.832048 0.598214 0.830947 0.600694 0.833150 0.605159 0.835352 0.606399 0.847467 0.609871 0.856828 0.611607 0.865639 0.612351 0.876101 0.610863 0.879405 0.609127 0.882159 0.604167 0.881608 0.599454 0.876101 0.596478 0.865088 0.594246 0.855176 0.594246 0.846916 0.594742 0.834251 0.597222
0 0.819383 0.607639 0.814427 0.610367 0.811674 0.614831 0.813326 0.618552 0.817731 0.620784 0.827643 0.622024 0.840308 0.622024 0.845815 0.621032 0.851872 0.618800 0.854075 0.616815 0.854626 0.614583 0.851322 0.611359 0.845264 0.608879 0.831498 0.605903 0.826542 0.606151
0 0.920154 0.611855 0.910242 0.610367 0.898128 0.610367 0.882159 0.612599 0.877753 0.614831 0.877753 0.619544 0.882159 0.625496 0.885463 0.626984 0.890419 0.627728 0.900881 0.627480 0.909692 0.625744 0.917401 0.623264 0.924559 0.619296 0.925661 0.616071 0.924559 0.614087
0 0.863987 0.615327 0.856278 0.616319 0.842511 0.623016 0.843062 0.626240 0.845264 0.628472 0.858480 0.632937 0.864537 0.634177 0.871145 0.632937 0.880507 0.626984 0.880507 0.622272 0.878304 0.618056 0.874449 0.615823
0 0.821035 0.623016 0.811123 0.624752 0.808370 0.625992 0.802313 0.631200 0.800110 0.635169 0.802863 0.638393 0.806167 0.640129 0.813326 0.642113 0.822687 0.643601 0.831498 0.642113 0.838106 0.638641 0.839207 0.634425 0.837004 0.630456 0.833700 0.627728 0.826542 0.624256
0 0.778084 0.618304 0.769824 0.620040 0.763216 0.623016 0.762665 0.627480 0.763767 0.630456 0.767070 0.632937 0.774229 0.635417 0.789097 0.635665 0.800661 0.632192 0.806167 0.626488 0.801762 0.622768 0.795705 0.620288 0.790198 0.619296
0 0.780837 0.609871 0.776982 0.608383 0.761564 0.605903 0.749449 0.607639 0.740639 0.610119 0.731828 0.615079 0.731828 0.619792 0.733480 0.621528 0.738436 0.623760 0.742841 0.624752 0.753304 0.624752 0.761013 0.623512 0.766520 0.622024 0.779185 0.616319 0.782489 0.611855
0 0.700441 0.591022 0.694934 0.595982 0.700441 0.599206 0.703744 0.603919 0.707048 0.605903 0.716410 0.607391 0.726322 0.607143 0.731828 0.606151 0.735683 0.604663 0.738987 0.601438 0.739537 0.598958 0.736784 0.595238 0.730176 0.592014 0.718612 0.589782 0.707599 0.589782
0 0.663546 0.593750 0.660793 0.594990 0.655286 0.600942 0.655286 0.603919 0.661894 0.607639 0.670154 0.608879 0.684471 0.609623 0.692181 0.608631 0.703194 0.604663 0.704295 0.603423 0.702093 0.599950 0.693282 0.595238 0.683370 0.592758 0.672907 0.592014
0 0.636564 0.584325 0.629956 0.585317 0.624449 0.587798 0.622247 0.591022 0.622247 0.594246 0.623348 0.596974 0.627203 0.600198 0.634912 0.602431 0.639868 0.602927 0.650330 0.601687 0.654736 0.600198 0.660242 0.595982 0.660242 0.591518 0.654736 0.587550 0.650881 0.585813 0.642070 0.584325
0 0.590308 0.573661 0.585352 0.576141 0.583150 0.578869 0.583150 0.580605 0.590308 0.585565 0.596916 0.586806 0.613987 0.587302 0.623348 0.584821 0.625551 0.581349 0.625551 0.576885 0.623899 0.574653 0.621145 0.573413 0.613436 0.572173 0.604075 0.571677 0.595264 0.572421
0 0.591410 0.587302 0.587004 0.589782 0.583150 0.594742 0.583150 0.596726 0.585903 0.600942 0.589207 0.602431 0.599670 0.603919 0.604075 0.605407 0.613436 0.604415 0.616740 0.602927 0.619493 0.600198 0.620044 0.594494 0.617291 0.590774 0.612885 0.588542 0.607379 0.587302 0.596366 0.586558
0 0.588106 0.603423 0.574339 0.606647 0.572137 0.611607 0.582599 0.618056 0.594163 0.621776 0.596916 0.622024 0.603524 0.620784 0.608480 0.618304 0.610683 0.616319 0.610132 0.609871 0.607379 0.606399 0.601872 0.604415 0.596366 0.603175
0 0.621696 0.601935 0.616189 0.603423 0.609581 0.606399 0.609031 0.608135 0.611233 0.615079 0.613987 0.617560 0.620044 0.620288 0.632159 0.620288 0.640969 0.617808 0.645374 0.615327 0.646476 0.610863 0.643172 0.605903 0.636564 0.603423 0.628855 0.601935
0 0.661894 0.608879 0.654736 0.610367 0.648678 0.613095 0.646476 0.615079 0.645374 0.619792 0.650330 0.624504 0.654185 0.626240 0.662996 0.627728 0.674009 0.627976 0.681718 0.625744 0.687775 0.622024 0.689978 0.619296 0.688877 0.614335 0.685573 0.611111 0.682269 0.609871 0.667401 0.608631
0 0.698238 0.618800 0.691630 0.620288 0.686123 0.622768 0.685022 0.625248 0.685573 0.628224 0.693282 0.633185 0.697137 0.634673 0.708700 0.637153 0.715308 0.636409 0.723018 0.633929 0.725220 0.631200 0.725220 0.626488 0.722467 0.622768 0.713656 0.619048 0.710352 0.618552
0 0.732930 0.628472 0.729075 0.630704 0.728524 0.635417 0.735683 0.640873 0.742841 0.644097 0.751101 0.645833 0.761013 0.645585 0.767621 0.642857 0.770374 0.638889 0.768722 0.635665 0.764868 0.632937 0.751101 0.627728 0.741740 0.627232
0 0.690529 0.635913 0.684471 0.637897 0.677863 0.642609 0.677863 0.646825 0.680617 0.649802 0.687775 0.653026 0.692731 0.654266 0.700991 0.654762 0.708700 0.653274 0.714758 0.650298 0.717511 0.647073 0.716410 0.642361 0.713106 0.639633 0.708700 0.637897 0.700441 0.635913
0 0.647577 0.628472 0.643722 0.631200 0.640969 0.634673 0.641520 0.639881 0.643722 0.642113 0.647026 0.643353 0.655286 0.644841 0.665749 0.644345 0.675110 0.642857 0.682819 0.639137 0.686123 0.634425 0.677863 0.629464 0.671256 0.628224 0.654185 0.627480
0 0.628855 0.620784 0.619493 0.622024 0.613436 0.624752 0.611784 0.626984 0.612335 0.631696 0.615088 0.634425 0.620044 0.636409 0.631608 0.637401 0.638216 0.636409 0.640969 0.634921 0.645374 0.631200 0.646476 0.626240 0.644273 0.623264 0.641520 0.622024 0.638216 0.621280
0 0.622247 0.644345 0.618943 0.646825 0.617841 0.650546 0.622247 0.655754 0.626652 0.657986 0.639317 0.660466 0.647577 0.660466 0.657489 0.656994 0.659692 0.655010 0.659692 0.650050 0.658040 0.648562 0.648678 0.644345 0.640969 0.642857 0.629405 0.642857
0 0.600220 0.635913 0.586454 0.633929 0.577093 0.635913 0.572687 0.637649 0.568833 0.640625 0.567181 0.647073 0.569934 0.649802 0.573238 0.651290 0.577643 0.652530 0.588106 0.652778 0.596916 0.651538 0.601872 0.649306 0.605176 0.645585 0.605176 0.641121 0.603524 0.637897
0 0.587004 0.619792 0.579295 0.618552 0.569383 0.619048 0.558921 0.623016 0.555617 0.626240 0.555617 0.627976 0.557819 0.631944 0.561123 0.634177 0.568833 0.635665 0.579295 0.635417 0.586454 0.634177 0.593612 0.631200 0.596916 0.627728 0.596366 0.624752 0.593612 0.622272
0 0.308370 0.565972 0.301211 0.568700 0.296806 0.571677 0.294604 0.576389 0.297357 0.580109 0.299559 0.581349 0.308921 0.584077 0.316630 0.584821 0.319934 0.584573 0.325991 0.583085 0.330396 0.580357 0.332599 0.576637 0.333150 0.571925 0.330396 0.568204 0.326542 0.565972
0 0.343612 0.624504 0.333700 0.624256 0.325991 0.625992 0.319934 0.630704 0.318282 0.634177 0.319934 0.638393 0.323238 0.641121 0.326542 0.642857 0.334802 0.644593 0.343062 0.643849 0.346916 0.642857 0.352423 0.640625 0.355176 0.638641 0.356828 0.635913 0.357379 0.630208 0.354626 0.626736 0.350771 0.625496
0 0.404736 0.593006 0.397026 0.593254 0.390969 0.594742 0.384361 0.598214 0.379956 0.603423 0.379956 0.607639 0.384912 0.611855 0.390969 0.613591 0.396476 0.614087 0.404736 0.613095 0.418502 0.603671 0.419604 0.599454 0.417952 0.597470 0.412996 0.594742
0 0.501652 0.593254 0.498899 0.594246 0.493943 0.599950 0.491740 0.607639 0.496145 0.611359 0.500000 0.612847 0.507159 0.614087 0.517070 0.613839 0.522026 0.611607 0.525330 0.607887 0.527533 0.599950 0.525881 0.596230 0.522577 0.593998 0.518172 0.593006 0.507709 0.592758
0 0.473568 0.605903 0.463106 0.607639 0.457599 0.609375 0.452093 0.614583 0.452093 0.618552 0.454846 0.621528 0.462004 0.624008 0.469163 0.625496 0.476322 0.625744 0.482214 0.624206 0.485187 0.622049 0.487280 0.616394 0.489372 0.611260 0.487885 0.608383 0.482930 0.606151
0 0.500000 0.619544 0.492291 0.621528 0.488436 0.623512 0.487335 0.627480 0.490088 0.632192 0.499449 0.637153 0.506057 0.639137 0.519273 0.639633 0.528084 0.636409 0.534692 0.631200 0.533590 0.626488 0.528634 0.623760 0.517621 0.620040 0.509361 0.619048
0 0.458150 0.623760 0.445485 0.624752 0.439978 0.626984 0.437225 0.630456 0.436674 0.636161 0.438877 0.640625 0.447137 0.643849 0.457599 0.641865 0.468062 0.637897 0.469714 0.635913 0.471366 0.630952 0.470264 0.628472 0.465859 0.625744
0 0.491740 0.635665 0.481278 0.635665 0.468062 0.637897 0.457599 0.641865 0.451542 0.646081 0.452093 0.647321 0.462004 0.651042 0.472467 0.652778 0.481828 0.652530 0.491740 0.650298 0.496696 0.648065 0.498348 0.645089 0.497247 0.639633 0.495044 0.637153
0 0.542952 0.635417 0.537996 0.636409 0.533040 0.639633 0.531388 0.642113 0.531388 0.647817 0.533040 0.651538 0.535242 0.652778 0.540749 0.653770 0.546256 0.653770 0.552313 0.653026 0.556718 0.651538 0.563326 0.647073 0.565529 0.643601 0.565529 0.641369 0.563326 0.638889 0.557819 0.636657
0 0.562225 0.656250 0.558921 0.654762 0.553414 0.653522 0.550661 0.653522 0.536894 0.655258 0.531388 0.656498 0.521476 0.661706 0.522026 0.666171 0.523128 0.667163 0.534141 0.669395 0.551211 0.669147 0.562225 0.667163 0.565529 0.665427 0.566630 0.662946 0.566079 0.660218
0 0.526432 0.643601 0.515419 0.644841 0.504405 0.648065 0.496145 0.652282 0.495044 0.655010 0.496696 0.658482 0.501101 0.661458 0.508260 0.664187 0.515419 0.663442 0.519769 0.660962 0.525716 0.654340 0.529020 0.650843 0.530837 0.645833
0 0.545705 0.673611 0.545705 0.678571 0.547357 0.681796 0.551211 0.683780 0.558921 0.685268 0.569934 0.685268 0.582048 0.684276 0.586454 0.682788 0.588106 0.680060 0.588106 0.677083 0.585903 0.674107 0.583150 0.672867 0.562225 0.668403 0.551762 0.669147
0 0.531938 0.685268 0.526432 0.688244 0.523128 0.692708 0.524780 0.697421 0.533040 0.701389 0.542952 0.702381 0.551211 0.703869 0.554515 0.703869 0.561123 0.702629 0.571035 0.698661 0.572687 0.696925 0.574339 0.693204 0.569934 0.688492 0.563877 0.686260 0.551211 0.683780 0.541850 0.683284
0 0.535793 0.670139 0.525330 0.668651 0.516520 0.669891 0.512115 0.672123 0.507709 0.677083 0.507159 0.681796 0.510463 0.685516 0.513216 0.686508 0.519273 0.687252 0.526432 0.687252 0.537996 0.683780 0.541850 0.681796 0.544053 0.678571 0.543502 0.674107 0.541850 0.672619
0 0.482379 0.654266 0.463106 0.653026 0.447687 0.655754 0.442181 0.657986 0.439978 0.660714 0.439978 0.662946 0.442731 0.665923 0.448789 0.668651 0.454846 0.669643 0.465859 0.669643 0.475771 0.667659 0.479626 0.665179 0.486233 0.658730 0.485683 0.656498
0 0.428414 0.641617 0.421256 0.642361 0.416300 0.643601 0.411344 0.646081 0.406938 0.650546 0.409141 0.654514 0.415198 0.657986 0.422907 0.660218 0.432269 0.660962 0.439427 0.659722 0.446035 0.656250 0.447687 0.654514 0.447687 0.649554 0.446035 0.646081 0.440529 0.642857 0.436674 0.641865
0 0.370044 0.649306 0.366740 0.652034 0.366189 0.655010 0.368392 0.657986 0.376101 0.661706 0.387115 0.664931 0.395374 0.665923 0.401432 0.664931 0.404736 0.663690 0.409692 0.659226 0.409141 0.654266 0.403084 0.650050 0.397577 0.648562 0.388216 0.647321 0.378304 0.647321
0 0.444383 0.685020 0.438877 0.687748 0.435573 0.692708 0.438877 0.697669 0.441079 0.699157 0.448789 0.702133 0.456498 0.702381 0.469714 0.700397 0.474119 0.697669 0.474119 0.692956 0.465308 0.686756 0.456498 0.684524 0.446586 0.684524
0 0.464207 0.671131 0.460352 0.673611 0.458150 0.677579 0.462555 0.683532 0.472467 0.686756 0.482930 0.687252 0.491740 0.686260 0.500000 0.681548 0.501101 0.680060 0.501652 0.676835 0.498899 0.673611 0.491740 0.671131 0.480176 0.669147 0.473018 0.668899
0 0.400881 0.669147 0.401432 0.672619 0.404185 0.674355 0.409141 0.675595 0.429515 0.678075 0.444934 0.674107 0.450441 0.670139 0.435573 0.663938 0.422907 0.662202 0.412445 0.662450 0.408040 0.663442 0.403084 0.666171
0 0.596366 0.675595 0.593612 0.680804 0.593062 0.685764 0.595815 0.687252 0.600771 0.691964 0.604626 0.694196 0.608480 0.694692 0.615639 0.694692 0.624449 0.693452 0.627753 0.690476 0.627203 0.685516 0.620044 0.679563 0.604626 0.675347
0 0.577093 0.655010 0.571586 0.657490 0.569383 0.661458 0.569934 0.663938 0.572687 0.667411 0.583150 0.670883 0.594163 0.672619 0.602974 0.672371 0.609581 0.671131 0.613436 0.669147 0.617841 0.662202 0.614537 0.658482 0.605176 0.654762 0.595815 0.653274 0.586454 0.653522
0 0.625000 0.660218 0.616740 0.663938 0.612885 0.669643 0.618392 0.675099 0.627203 0.678571 0.629956 0.679067 0.638767 0.679563 0.648128 0.679067 0.652533 0.677331 0.654736 0.674355 0.651432 0.667907 0.648678 0.664931 0.643172 0.661706 0.639317 0.660466 0.631057 0.659226
0 0.664097 0.656994 0.658590 0.658482 0.653634 0.661954 0.651982 0.665427 0.653084 0.670139 0.655837 0.673611 0.659141 0.675099 0.674009 0.675843 0.678965 0.673859 0.686123 0.669395 0.687775 0.666667 0.687225 0.662450 0.683921 0.659722 0.674559 0.656746
0 0.689427 0.668155 0.682819 0.670387 0.675110 0.675347 0.674009 0.677827 0.675661 0.681548 0.682269 0.686756 0.685022 0.687996 0.691079 0.689236 0.700441 0.689732 0.708700 0.687996 0.713106 0.685764 0.715308 0.682044 0.714207 0.675099 0.711454 0.672123 0.707599 0.669891 0.700991 0.668403
0 0.751101 0.649306 0.743943 0.650546 0.736784 0.654266 0.732930 0.659722 0.732379 0.664435 0.733480 0.667163 0.736233 0.668403 0.742291 0.669395 0.753855 0.669891 0.759361 0.669147 0.768722 0.662450 0.768722 0.657242 0.767070 0.654266 0.762665 0.650794 0.759912 0.649802
0 0.794604 0.640377 0.787445 0.641865 0.783590 0.644345 0.780286 0.649554 0.780286 0.654266 0.782489 0.656746 0.788546 0.660218 0.795705 0.661458 0.807269 0.661458 0.812225 0.660714 0.817731 0.658978 0.822137 0.656250 0.823789 0.654514 0.822687 0.646329 0.819934 0.644097 0.813326 0.642113 0.805066 0.640377