0 0.207729 0.574783 0.205797 0.577391 0.206763 0.584783 0.208696 0.588261 0.214493 0.592174 0.228986 0.596522 0.239614 0.596087 0.246377 0.594348 0.257005 0.593478 0.260870 0.588261 0.259903 0.584783 0.248309 0.574348 0.243478 0.572174 0.228986 0.570435 0.215459 0.572174
0 0.300483 0.563043 0.290821 0.562609 0.268599 0.563913 0.256039 0.566087 0.252174 0.568261 0.249275 0.571739 0.250242 0.575652 0.260870 0.583913 0.271498 0.587826 0.285024 0.588261 0.300483 0.582174 0.310145 0.570435 0.310145 0.567826
0 0.217391 0.599565 0.216425 0.603913 0.219324 0.606522 0.229952 0.611304 0.238647 0.613043 0.265700 0.615652 0.274396 0.613478 0.278261 0.610870 0.280193 0.605652 0.279227 0.599130 0.273430 0.596087 0.267633 0.594783 0.256039 0.594348 0.241546 0.596957 0.222222 0.598261
0 0.203865 0.613478 0.200966 0.619130 0.202899 0.627391 0.220290 0.635652 0.228986 0.637826 0.239614 0.638261 0.248309 0.636957 0.252174 0.635217 0.262802 0.623478 0.257971 0.616957 0.231884 0.612174
0 0.336232 0.566087 0.325604 0.566087 0.316908 0.568261 0.311111 0.572174 0.307246 0.580000 0.300483 0.586087 0.303382 0.594348 0.307246 0.597391 0.314976 0.599565 0.328502 0.600435 0.346860 0.596522 0.354589 0.593478 0.364251 0.583478 0.365217 0.578261 0.361353 0.572174
0 0.377778 0.579565 0.365217 0.583043 0.359420 0.586957 0.356522 0.590870 0.358454 0.603913 0.370048 0.607391 0.396135 0.610000 0.407729 0.607391 0.418357 0.603478 0.422222 0.600435 0.421256 0.593913 0.416425 0.589130 0.398068 0.581304
0 0.220290 0.670870 0.209662 0.672609 0.203865 0.675217 0.197101 0.682609 0.206763 0.693913 0.222222 0.697826 0.233816 0.698261 0.237681 0.696957 0.239614 0.693913 0.249275 0.688261 0.247343 0.677826 0.235749 0.672609
0 0.265700 0.670435 0.260870 0.672609 0.258937 0.675652 0.257005 0.686957 0.262802 0.690870 0.280193 0.697391 0.288889 0.699565 0.292754 0.699565 0.300483 0.696957 0.315072 0.693348 0.327246 0.691174 0.327729 0.680435 0.315942 0.677391 0.308213 0.673913 0.291787 0.669565
0 0.292754 0.647826 0.286957 0.650000 0.283092 0.654348 0.284058 0.662174 0.289855 0.667391 0.298551 0.671304 0.315942 0.675652 0.319807 0.675652 0.331401 0.670870 0.340097 0.662609 0.339130 0.653913 0.332367 0.649565 0.318841 0.647391 0.303382 0.646957
0 0.229952 0.645652 0.221256 0.650870 0.221256 0.658696 0.238647 0.668261 0.247343 0.669130 0.257971 0.668261 0.276329 0.660000 0.276329 0.653478 0.263768 0.647826 0.250242 0.645217 0.235749 0.644783
0 0.258937 0.630870 0.257005 0.635217 0.262802 0.645652 0.276329 0.649130 0.284058 0.649130 0.311111 0.644783 0.319807 0.635217 0.317874 0.633043 0.293720 0.627826 0.270531 0.627391 0.264734 0.628261
0 0.340097 0.640870 0.337198 0.643043 0.336232 0.650870 0.345894 0.660870 0.350725 0.662609 0.358454 0.663478 0.373913 0.662174 0.383575 0.658261 0.386473 0.654348 0.385507 0.649565 0.381643 0.645217 0.371014 0.640870
0 0.330435 0.677391 0.329469 0.682609 0.338164 0.690870 0.355556 0.696957 0.377778 0.696957 0.387440 0.694783 0.395169 0.689565 0.396135 0.680000 0.390338 0.674348 0.380676 0.670870 0.371981 0.670000 0.356522 0.670435 0.345894 0.672174
0 0.465700 0.599130 0.447343 0.599565 0.433816 0.603043 0.426087 0.607391 0.424155 0.613478 0.427053 0.619130 0.429952 0.621739 0.447343 0.628261 0.474396 0.624348 0.485024 0.620435 0.488889 0.616957 0.489855 0.607391 0.486957 0.604348
0 0.289855 0.603478 0.282126 0.606522 0.279227 0.610000 0.279227 0.615652 0.283092 0.619130 0.294686 0.626087 0.316908 0.631304 0.326570 0.631739 0.334300 0.628696 0.340097 0.624348 0.342029 0.611304 0.339130 0.607391 0.330435 0.603043 0.318841 0.600870 0.307246 0.600435
0 0.396135 0.611739 0.379710 0.609130 0.367150 0.608696 0.360386 0.609130 0.347826 0.612174 0.343961 0.616957 0.343961 0.627826 0.346860 0.631304 0.356522 0.636522 0.370048 0.637391 0.387440 0.633913 0.400966 0.628261 0.405797 0.623913 0.407729 0.618696 0.404831 0.615652
0 0.452174 0.630435 0.447343 0.632174 0.444444 0.635652 0.447343 0.642174 0.446377 0.646522 0.454106 0.653043 0.464734 0.655652 0.474396 0.655652 0.491787 0.652174 0.496618 0.648261 0.496618 0.645217 0.491787 0.637826 0.487923 0.635652 0.474396 0.630870 0.466667 0.629565
0 0.114976 0.997826 0.114976 1.000000 0.191304 1.000000 0.190338 0.996957 0.178744 0.992174 0.155556 0.990870 0.129469 0.992609
0 0.245411 0.979565 0.239614 0.977826 0.221256 0.978261 0.204831 0.982609 0.198068 0.987391 0.195169 1.000000 0.249275 1.000000 0.249275 0.998261 0.254106 0.994348 0.254106 0.989130
0 0.160386 0.964783 0.152657 0.966522 0.142995 0.972174 0.141063 0.975217 0.142029 0.982609 0.151691 0.989565 0.160386 0.990870 0.178744 0.990870 0.191304 0.988261 0.200966 0.984348 0.203865 0.980435 0.202899 0.975652 0.196135 0.969565 0.188406 0.966957 0.170048 0.964783
0 0.269565 0.996522 0.269565 1.000000 0.319807 1.000000 0.317874 0.993913 0.311111 0.990000 0.305314 0.989130 0.293720 0.989130 0.281159 0.990435 0.273430 0.992174
0 0.249275 0.978696 0.248309 0.982609 0.256039 0.989565 0.267633 0.990000 0.290821 0.988696 0.301449 0.987391 0.304348 0.985217 0.303382 0.978261 0.293720 0.973913 0.266667 0.974348 0.256039 0.976087
0 0.362319 0.993913 0.340097 1.000000 0.419324 1.000000 0.419324 0.993478 0.417391 0.991739 0.403865 0.987826 0.384541 0.987826 0.374879 0.989565
0 0.342029 0.967391 0.326570 0.971304 0.319807 0.974348 0.314976 0.979130 0.322705 0.990435 0.341063 0.995217 0.359420 0.993913 0.367150 0.990870 0.371014 0.982174 0.363285 0.973913 0.354589 0.968696
0 0.429952 0.984348 0.422222 0.990000 0.421256 1.000000 0.453140 1.000000 0.456039 0.995652 0.453140 0.986087 0.448309 0.983913 0.442512 0.983043
0 0.496618 0.990000 0.489855 0.986087 0.475362 0.983478 0.457005 0.986087 0.454106 0.990435 0.454106 1.000000 0.489855 1.000000 0.498261 0.997217 0.501063 0.992826
0 0.489855 0.973478 0.485990 0.977391 0.487923 0.982174 0.500483 0.986522 0.509179 0.995217 0.514976 0.998261 0.514976 1.000000 0.533333 1.000000 0.533333 0.998261 0.541063 0.995217 0.544928 0.991304 0.544928 0.986087 0.537198 0.982609 0.501449 0.973043
0 0.597101 0.990435 0.585507 0.985217 0.569082 0.984783 0.544928 0.989130 0.542029 0.993478 0.535266 0.997826 0.535266 1.000000 0.597101 1.000000
0 0.598068 0.997826 0.598068 1.000000 0.658937 1.000000 0.657971 0.993478 0.650242 0.989565 0.624155 0.986522 0.612560 0.987826 0.601932 0.993478
0 0.672464 0.988261 0.671498 0.991304 0.673430 0.994783 0.682126 0.998261 0.682126 1.000000 0.721739 1.000000 0.721739 0.998261 0.726570 0.994348 0.726570 0.990000 0.721739 0.984348 0.710145 0.981304 0.690821 0.981304
0 0.629952 0.913478 0.625121 0.915652 0.615459 0.923478 0.614493 0.928696 0.621256 0.935217 0.628019 0.937826 0.648309 0.936957 0.654106 0.933043 0.650242 0.925217 0.639614 0.915217
0 0.625121 0.974348 0.618357 0.982609 0.629952 0.986522 0.645411 0.988261 0.657971 0.988261 0.665700 0.987391 0.668599 0.986087 0.669565 0.978696 0.667633 0.976087 0.655072 0.970435 0.638647 0.970000
0 0.673430 0.951304 0.658937 0.955652 0.653140 0.958696 0.656039 0.966522 0.660870 0.970870 0.668599 0.974783 0.683092 0.979565 0.688889 0.980435 0.701449 0.980000 0.713043 0.974783 0.714010 0.963478 0.712077 0.959565 0.706280 0.954783 0.698551 0.951739 0.690821 0.950435
0 0.729469 0.978261 0.725604 0.980870 0.724638 0.986957 0.730435 0.992609 0.742029 0.998261 0.742029 1.000000 0.769082 1.000000 0.772947 0.993913 0.773913 0.987391 0.772947 0.983478 0.766184 0.976522 0.758454 0.974783 0.747826 0.974783
0 0.736232 0.955217 0.724638 0.955217 0.714010 0.956957 0.712077 0.958261 0.714010 0.973913 0.725604 0.978696 0.735266 0.977826 0.747826 0.974783 0.754589 0.967826 0.751691 0.961304 0.742995 0.956957
0 0.763285 0.966087 0.763285 0.974783 0.786473 0.983043 0.796135 0.983043 0.816425 0.975652 0.816425 0.971739 0.813527 0.968696 0.804831 0.964783 0.795169 0.962609 0.774879 0.962174 0.768116 0.963478
0 0.830918 0.980870 0.819324 0.980435 0.811594 0.983043 0.803865 0.983478 0.794203 0.988696 0.789372 0.994783 0.788406 1.000000 0.848309 1.000000 0.843478 0.989565
0 0.852174 0.983478 0.845411 0.990000 0.845411 1.000000 0.893720 1.000000 0.893720 0.998261 0.899517 0.994783 0.900483 0.989565 0.892754 0.984783 0.884058 0.983043 0.867633 0.981739 0.856039 0.981739
0 0.855072 0.962174 0.847343 0.965652 0.843478 0.970870 0.846377 0.974783 0.863768 0.980435 0.882126 0.983043 0.893720 0.983043 0.898551 0.979130 0.897585 0.974348 0.891787 0.967391 0.884058 0.962609 0.874396 0.960000 0.864734 0.959565
0 0.908213 0.986522 0.905314 0.991739 0.906280 1.000000 0.962319 1.000000 0.961353 0.992609 0.958454 0.990000 0.943961 0.983913 0.925604 0.980870 0.916908 0.981739
0 0.942029 0.973043 0.942029 0.981739 0.953623 0.987826 0.962319 0.989130 0.987440 0.985652 0.990338 0.983043 0.989372 0.978261 0.978744 0.973043 0.961353 0.969565 0.951691 0.969565
0 0.974879 0.946957 0.960386 0.950870 0.950725 0.958696 0.950725 0.964348 0.956522 0.968261 0.979710 0.970870 0.987440 0.970000 0.990338 0.968261 0.993237 0.963478 0.993237 0.957826 0.987440 0.948261
0 0.938164 0.931304 0.924638 0.931304 0.916908 0.933043 0.910145 0.936087 0.906280 0.940870 0.906280 0.955652 0.916908 0.962174 0.924638 0.963478 0.947826 0.959565 0.960000 0.951043 0.964444 0.949870 0.966184 0.949130 0.966184 0.940435 0.964251 0.937826 0.956522 0.934783
0 0.994203 0.935652 0.978744 0.939130 0.978744 0.944348 0.980676 0.946522 0.991304 0.951304 0.995169 0.956087 1.000000 0.956087 1.000000 0.935652
0 0.968116 0.910870 0.959420 0.915217 0.959420 0.920870 0.969082 0.927826 0.977778 0.930000 1.000000 0.931304 1.000000 0.908696 0.983575 0.908696
0 0.857971 0.926957 0.849275 0.926087 0.830918 0.926957 0.825121 0.929130 0.817391 0.935652 0.815459 0.940000 0.818357 0.946522 0.824155 0.952609 0.831884 0.956087 0.846377 0.956522 0.857005 0.954348 0.866667 0.950000 0.875362 0.943913 0.876329 0.938261 0.874396 0.934783 0.865700 0.929130
0 0.734300 0.928696 0.724638 0.930000 0.711111 0.934783 0.708213 0.937826 0.708213 0.944348 0.718841 0.950435 0.725604 0.952174 0.735266 0.953043 0.743961 0.952174 0.752657 0.948261 0.761353 0.940870 0.762319 0.935217 0.755556 0.932609
0 0.767150 0.907826 0.752657 0.911304 0.742029 0.916087 0.735266 0.921304 0.734300 0.924348 0.746860 0.930000 0.773913 0.931739 0.790338 0.928261 0.796135 0.924783 0.796135 0.915652 0.787440 0.910000 0.778744 0.907826
0 0.702415 0.924348 0.691787 0.923043 0.682126 0.923913 0.656039 0.931739 0.654106 0.939565 0.674396 0.947826 0.679227 0.948696 0.688889 0.948261 0.701449 0.943478 0.711111 0.931739 0.707246 0.926087
0 0.625121 0.939130 0.612560 0.945652 0.610628 0.949565 0.612560 0.954348 0.620290 0.959130 0.629952 0.961304 0.640580 0.960870 0.650242 0.959130 0.657005 0.956087 0.658937 0.951739 0.663768 0.947826 0.661836 0.943043 0.648309 0.938696
0 0.621256 0.959565 0.611594 0.958261 0.594203 0.957826 0.585507 0.958696 0.571981 0.962609 0.569082 0.965652 0.569082 0.971739 0.578744 0.979130 0.589372 0.984348 0.598068 0.985217 0.609662 0.983043 0.621256 0.976522 0.627053 0.970870 0.626087 0.963478
0 0.511111 0.967826 0.509179 0.970000 0.510145 0.975217 0.534300 0.981739 0.542995 0.985652 0.560386 0.985217 0.572947 0.982609 0.573913 0.977391 0.567150 0.966957 0.550725 0.960000 0.545894 0.959130 0.530435 0.959565
0 0.564251 0.934783 0.551691 0.942174 0.549758 0.945652 0.551691 0.952174 0.555556 0.955217 0.569082 0.959130 0.573913 0.959130 0.595169 0.956522 0.604831 0.953478 0.607729 0.946522 0.605797 0.943478 0.600966 0.940870 0.578744 0.933478 0.569082 0.933478
0 0.696618 0.897391 0.675362 0.895652 0.668599 0.896087 0.650242 0.900000 0.639614 0.903913 0.636715 0.906957 0.635749 0.912174 0.651208 0.921739 0.660870 0.923043 0.676329 0.923043 0.682126 0.921304 0.695652 0.911304 0.698551 0.903478 0.698551 0.898696
0 0.726570 0.893043 0.715942 0.894348 0.704348 0.898696 0.698551 0.903913 0.696618 0.908261 0.697585 0.914348 0.708213 0.920000 0.715942 0.921304 0.726570 0.920870 0.735266 0.918696 0.749758 0.912174 0.752657 0.908261 0.750725 0.902609 0.743961 0.897826 0.734300 0.894348
0 0.942995 0.891739 0.942995 0.900870 0.951691 0.905652 0.976812 0.906522 0.988406 0.903913 1.000000 0.903043 1.000000 0.882609 0.969082 0.882174 0.963285 0.883043
0 0.853140 0.886957 0.844444 0.888696 0.837681 0.891739 0.849275 0.912609 0.858937 0.918261 0.863768 0.919130 0.872464 0.918696 0.886957 0.915217 0.896618 0.910870 0.898551 0.909130 0.898551 0.903043 0.888889 0.897826 0.857971 0.886957
0 0.807729 0.887391 0.788406 0.891739 0.779710 0.896957 0.777778 0.903043 0.781643 0.906522 0.796135 0.913043 0.818357 0.913913 0.827053 0.912609 0.833816 0.909130 0.837681 0.902174 0.837681 0.897391 0.834783 0.893478 0.825121 0.888261
0 0.828019 0.861739 0.819324 0.863043 0.800966 0.868696 0.798068 0.871739 0.798068 0.875652 0.801932 0.880435 0.809662 0.885217 0.839614 0.888696 0.857005 0.883478 0.860870 0.877391 0.860870 0.871739 0.855072 0.866087 0.848309 0.863478 0.841546 0.862174
0 0.882126 0.865217 0.873430 0.866522 0.863768 0.871739 0.859903 0.878696 0.859903 0.884348 0.874396 0.891739 0.885990 0.893043 0.897585 0.891739 0.907246 0.888261 0.914010 0.883913 0.915942 0.876522 0.912077 0.871739 0.903382 0.868261 0.892754 0.866087
0 0.961353 0.858696 0.954589 0.857826 0.931401 0.857826 0.921739 0.860435 0.915942 0.865652 0.915942 0.873478 0.919807 0.876957 0.920773 0.881739 0.925604 0.885217 0.941063 0.885217 0.962319 0.880000 0.967150 0.873043 0.967150 0.865217
0 0.976812 0.859130 0.971981 0.860870 0.970048 0.863913 0.971981 0.873478 0.977778 0.877391 0.987440 0.878696 0.989372 0.875652 0.994203 0.873478 1.000000 0.873043 1.000000 0.863043 0.995169 0.863043 0.987440 0.859565
0 0.743961 0.876087 0.732367 0.882174 0.732367 0.889130 0.734300 0.891304 0.749758 0.897826 0.771981 0.896957 0.789372 0.888261 0.789372 0.879565 0.780676 0.876087 0.770048 0.874783 0.752657 0.874783
0 0.672464 0.880435 0.670531 0.889130 0.672464 0.892609 0.676329 0.894348 0.682126 0.895217 0.707246 0.894783 0.719807 0.893043 0.728502 0.889130 0.729469 0.884783 0.719807 0.880000 0.703382 0.875652 0.689855 0.874783 0.683092 0.876087
0 0.744928 0.856522 0.723671 0.854783 0.716908 0.855217 0.708213 0.857391 0.700483 0.862174 0.699517 0.870435 0.701449 0.873478 0.714010 0.876522 0.732367 0.876522 0.750725 0.872609 0.756522 0.869565 0.756522 0.865652 0.750725 0.859130
0 0.684058 0.854348 0.658937 0.857391 0.647343 0.861304 0.647343 0.867826 0.652174 0.873043 0.664734 0.876957 0.674396 0.877391 0.691787 0.873043 0.697585 0.869565 0.697585 0.860870 0.692754 0.856957
0 0.641546 0.871739 0.628986 0.871304 0.615459 0.872174 0.603865 0.876957 0.600966 0.881304 0.600966 0.888696 0.610628 0.894348 0.640580 0.894348 0.651208 0.889130 0.653140 0.879130 0.649275 0.874348
0 0.630918 0.894783 0.614493 0.896087 0.608696 0.897391 0.600966 0.901304 0.598068 0.906522 0.598068 0.914348 0.605797 0.920435 0.613527 0.920870 0.617391 0.919565 0.634783 0.909130 0.637681 0.905217 0.637681 0.898696 0.635749 0.896087
0 0.587440 0.898696 0.572947 0.899565 0.555556 0.906957 0.548792 0.911739 0.548792 0.920870 0.555556 0.925652 0.567150 0.930000 0.580676 0.930435 0.588406 0.928261 0.598068 0.923043 0.598068 0.906957 0.600000 0.902609 0.597101 0.900435
0 0.544928 0.920435 0.532367 0.920435 0.520773 0.922174 0.506280 0.927826 0.502415 0.930870 0.505314 0.940870 0.519807 0.946087 0.531401 0.947391 0.544928 0.946522 0.549758 0.944783 0.564251 0.932174 0.563285 0.929565 0.551691 0.922609
0 0.459903 0.950870 0.459903 0.959130 0.473430 0.963913 0.481159 0.965217 0.492754 0.965217 0.499517 0.963913 0.509179 0.964348 0.518841 0.962174 0.520773 0.949565 0.508213 0.943913 0.481159 0.943043 0.465700 0.947391
0 0.436715 0.960435 0.428019 0.966522 0.427053 0.972609 0.429952 0.977826 0.437681 0.980435 0.448309 0.981304 0.473430 0.978696 0.478261 0.976522 0.481159 0.973478 0.481159 0.970435 0.468599 0.962609 0.448309 0.959130
0 0.424155 0.970870 0.409662 0.966522 0.401932 0.966522 0.389372 0.968696 0.376812 0.967826 0.368116 0.972174 0.369082 0.978696 0.374879 0.982609 0.379710 0.983913 0.405797 0.984783 0.416425 0.982609 0.423188 0.978696 0.425121 0.975652
0 0.371014 0.945652 0.368116 0.947826 0.369082 0.960000 0.377778 0.966957 0.392271 0.967826 0.405797 0.965217 0.416425 0.959130 0.416425 0.955217 0.413527 0.952174 0.405797 0.949130 0.398068 0.948696 0.391304 0.946522 0.378744 0.944783
0 0.410628 0.934348 0.404831 0.938261 0.404831 0.943478 0.410628 0.950435 0.420290 0.956522 0.429952 0.960000 0.441546 0.958696 0.453140 0.954348 0.461836 0.947826 0.461836 0.942609 0.452174 0.936957 0.431884 0.933913
0 0.342995 0.943913 0.318841 0.950870 0.315942 0.953478 0.315942 0.956087 0.318841 0.959565 0.325604 0.963043 0.346860 0.964783 0.352657 0.964348 0.365217 0.960000 0.367150 0.953913 0.360386 0.945217
0 0.280193 0.949130 0.272464 0.953478 0.268599 0.958261 0.267633 0.964348 0.274396 0.970870 0.279227 0.972174 0.300483 0.972609 0.316908 0.966522 0.319807 0.963043 0.316908 0.957826 0.301449 0.950435 0.294686 0.949130
0 0.237681 0.949130 0.221256 0.953478 0.211594 0.957826 0.209662 0.965217 0.214493 0.970870 0.225121 0.975217 0.243478 0.976087 0.249275 0.975652 0.258937 0.972174 0.267633 0.963478 0.267633 0.959130 0.259903 0.951304 0.250242 0.949565
0 0.225121 0.931739 0.220290 0.935217 0.221256 0.940435 0.229952 0.945652 0.237681 0.947391 0.269565 0.949565 0.281159 0.947391 0.289855 0.943478 0.290821 0.935217 0.288889 0.930000 0.285990 0.927391 0.274396 0.924783 0.247343 0.925652 0.236715 0.927391
0 0.326570 0.926957 0.317874 0.926087 0.306280 0.926522 0.289855 0.931739 0.288889 0.938261 0.290821 0.943043 0.300483 0.948261 0.307246 0.950000 0.315942 0.949565 0.328502 0.946957 0.350725 0.940000 0.349758 0.936087 0.345894 0.933043
0 0.382609 0.920000 0.365217 0.922174 0.356522 0.924783 0.351691 0.927391 0.347826 0.932174 0.354589 0.938696 0.360386 0.941739 0.388406 0.945217 0.395169 0.944348 0.400966 0.941304 0.406763 0.935652 0.407729 0.931304 0.400966 0.926957 0.397101 0.921304 0.390338 0.920000
0 0.439614 0.910000 0.427053 0.909565 0.412560 0.910870 0.403865 0.915652 0.401932 0.919130 0.402899 0.924783 0.407729 0.929130 0.414493 0.932174 0.430918 0.932174 0.442512 0.927826 0.451208 0.920000 0.451208 0.915652 0.445411 0.911739
0 0.451208 0.922174 0.448309 0.932174 0.450242 0.935652 0.466667 0.940435 0.481159 0.941304 0.496618 0.941304 0.501449 0.940435 0.500483 0.932174 0.486957 0.927391 0.478261 0.921739 0.463768 0.918696
0 0.454106 0.906957 0.454106 0.910435 0.463768 0.917826 0.475362 0.920000 0.482126 0.922609 0.489855 0.923478 0.497585 0.926087 0.509179 0.925652 0.519807 0.920870 0.523671 0.916522 0.522705 0.911739 0.507246 0.905652 0.490821 0.905217 0.478261 0.903478 0.464734 0.903478
0 0.351691 0.893913 0.341063 0.897826 0.333333 0.903478 0.332367 0.910000 0.337198 0.916087 0.343961 0.919565 0.350725 0.920870 0.366184 0.921304 0.381643 0.919565 0.388406 0.916957 0.393237 0.913043 0.384541 0.900435 0.361353 0.893043
0 0.279227 0.902609 0.273430 0.905652 0.269565 0.911304 0.269565 0.916522 0.272464 0.921304 0.280193 0.923478 0.297585 0.925652 0.316908 0.924348 0.326570 0.920000 0.329469 0.916522 0.328502 0.909565 0.318841 0.902609 0.306280 0.902174 0.300483 0.900435 0.290821 0.900435
0 0.135266 0.946522 0.134300 0.953043 0.137198 0.956087 0.144928 0.959565 0.154589 0.961739 0.162319 0.962174 0.195169 0.956522 0.199034 0.953913 0.197101 0.944783 0.178744 0.939565 0.171014 0.936087 0.151691 0.936957 0.142029 0.941304
0 0.186473 0.917826 0.180676 0.919130 0.176812 0.922174 0.178744 0.927826 0.172947 0.931739 0.171981 0.935652 0.186473 0.942174 0.196135 0.943478 0.206763 0.937826 0.220290 0.933913 0.225121 0.926957 0.222222 0.922609 0.200000 0.917826
0 0.116908 0.919565 0.116908 0.927826 0.124638 0.931739 0.130435 0.933043 0.153623 0.935652 0.169082 0.932609 0.173913 0.929130 0.174879 0.923478 0.163285 0.918261 0.141063 0.915652 0.125604 0.916957
0 0.134300 0.893043 0.132367 0.895217 0.134300 0.907391 0.143961 0.913913 0.150725 0.915652 0.171014 0.917391 0.178744 0.916957 0.189372 0.913043 0.198068 0.903043 0.196135 0.896087 0.190338 0.893478 0.180676 0.891304 0.160386 0.890435 0.152657 0.889130
0 0.241546 0.892174 0.229952 0.893043 0.201932 0.900870 0.192271 0.911739 0.200966 0.916957 0.217391 0.920000 0.226087 0.920435 0.236715 0.919130 0.242512 0.916522 0.248309 0.908696 0.249275 0.895652
0 0.257005 0.877826 0.248309 0.879565 0.237681 0.884348 0.236715 0.886087 0.237681 0.890435 0.245411 0.892174 0.250242 0.898261 0.254106 0.900000 0.266667 0.899130 0.272464 0.897391 0.283092 0.890870 0.283092 0.884783 0.273430 0.882609 0.265700 0.879130
0 0.199034 0.865217 0.183575 0.867391 0.171981 0.871739 0.166184 0.881304 0.168116 0.883913 0.178744 0.888261 0.192271 0.890870 0.205797 0.891304 0.214493 0.890435 0.225121 0.887826 0.231884 0.883478 0.232850 0.880000 0.228986 0.873478 0.221256 0.868696 0.212560 0.866087
0 0.125604 0.865217 0.116908 0.867826 0.112077 0.871304 0.108213 0.876522 0.111111 0.882174 0.116908 0.886957 0.134300 0.890000 0.143961 0.889565 0.152657 0.886957 0.163285 0.881304 0.167150 0.877391 0.166184 0.873043 0.153623 0.867391 0.142029 0.865217
0 0.178744 0.838261 0.169082 0.840870 0.166184 0.843913 0.160386 0.846087 0.157488 0.850000 0.160386 0.862609 0.165217 0.865652 0.175845 0.867391 0.196135 0.864783 0.204831 0.857826 0.203865 0.853043 0.196135 0.844783
0 0.228986 0.843913 0.222222 0.845652 0.214493 0.850435 0.209662 0.856957 0.209662 0.862174 0.213527 0.865217 0.228019 0.870870 0.238647 0.871739 0.247343 0.871304 0.257005 0.869130 0.260870 0.866957 0.265700 0.858261 0.264734 0.852609 0.260870 0.849130 0.247343 0.844348 0.240580 0.843478
0 0.272464 0.854348 0.264734 0.860435 0.261836 0.870000 0.266667 0.878261 0.271498 0.880435 0.284058 0.882609 0.290821 0.881739 0.301449 0.876522 0.313043 0.873043 0.315942 0.869130 0.315942 0.865217 0.306280 0.857826 0.284058 0.854783 0.283092 0.853913
0 0.308213 0.874783 0.299517 0.877826 0.293720 0.882174 0.292754 0.892609 0.297585 0.898261 0.305314 0.900435 0.328502 0.901304 0.340097 0.898261 0.351691 0.892609 0.353623 0.890435 0.352657 0.884348 0.345894 0.878696 0.335266 0.875217 0.327536 0.874348
0 0.368116 0.868696 0.360386 0.871304 0.355556 0.876087 0.353623 0.881304 0.356522 0.888261 0.360386 0.890870 0.370048 0.893043 0.377778 0.893913 0.388406 0.893478 0.414493 0.883478 0.416425 0.881739 0.415459 0.877391 0.410628 0.874783 0.379710 0.868261
0 0.395169 0.891304 0.391304 0.899565 0.392271 0.907826 0.395169 0.910000 0.405797 0.910870 0.433816 0.906957 0.440580 0.904783 0.441546 0.899565 0.437681 0.896087 0.429952 0.892609 0.422222 0.890435 0.402899 0.889565
0 0.488889 0.880435 0.482126 0.879130 0.469565 0.880870 0.455072 0.884783 0.450242 0.890870 0.450242 0.895217 0.452174 0.897826 0.459903 0.900870 0.473430 0.902174 0.483092 0.901739 0.500483 0.897826 0.503382 0.893043 0.501449 0.888261
0 0.554589 0.886957 0.542995 0.885217 0.517874 0.888261 0.505314 0.896087 0.505314 0.900435 0.510145 0.904783 0.517874 0.907826 0.526570 0.909565 0.544928 0.910000 0.548792 0.909130 0.566184 0.900435 0.567150 0.897391 0.564251 0.890435
0 0.499517 0.866522 0.497585 0.869130 0.498551 0.881304 0.508213 0.884348 0.518841 0.885217 0.526570 0.883913 0.539130 0.883478 0.545894 0.881739 0.552657 0.877391 0.552657 0.870435 0.535266 0.863043 0.515942 0.861304 0.509179 0.862609
0 0.446377 0.859130 0.432850 0.865217 0.429952 0.869130 0.429952 0.874783 0.433816 0.879130 0.437681 0.880870 0.445411 0.882174 0.457005 0.882174 0.475362 0.878696 0.479227 0.876957 0.483092 0.873478 0.483092 0.869130 0.474396 0.863043 0.468599 0.861304 0.455072 0.859130
0 0.369082 0.849130 0.364251 0.853478 0.363285 0.857826 0.366184 0.861304 0.376812 0.866522 0.395169 0.870870 0.405797 0.871739 0.417391 0.870435 0.428019 0.865217 0.428986 0.860435 0.425121 0.853043 0.422222 0.850870 0.407729 0.845652 0.391304 0.844348 0.379710 0.845652
0 0.573913 0.867826 0.567150 0.868261 0.559420 0.870435 0.554589 0.876522 0.553623 0.883043 0.554589 0.885217 0.567150 0.890435 0.569082 0.893043 0.578744 0.895217 0.579710 0.893478 0.597101 0.886957 0.600966 0.875217 0.599034 0.872609 0.593237 0.870000 0.583575 0.868261
0 0.603865 0.839130 0.599034 0.841304 0.598068 0.852174 0.603865 0.862174 0.612560 0.867826 0.619324 0.869565 0.628019 0.869565 0.641546 0.866957 0.644444 0.862174 0.643478 0.859130 0.634783 0.852174 0.630918 0.845217 0.626087 0.841304 0.622222 0.839565 0.614493 0.838696
0 0.541063 0.847826 0.537198 0.854348 0.537198 0.859130 0.542995 0.864783 0.550725 0.867391 0.562319 0.867826 0.576812 0.866087 0.595169 0.861304 0.593237 0.857391 0.594203 0.853043 0.591304 0.851304 0.561353 0.849130 0.543961 0.846522
0 0.517874 0.837826 0.508213 0.836522 0.497585 0.836522 0.482126 0.840000 0.470531 0.849565 0.471498 0.854348 0.476329 0.860870 0.485990 0.863043 0.501449 0.863478 0.521739 0.860000 0.528502 0.857826 0.530435 0.855652 0.535266 0.853913 0.535266 0.848696 0.528502 0.844348 0.526570 0.840870
0 0.542995 0.834783 0.541063 0.836522 0.541063 0.842609 0.544928 0.845652 0.572947 0.850000 0.584541 0.850000 0.590338 0.848696 0.592271 0.846957 0.591304 0.841739 0.573913 0.833913 0.562319 0.831739 0.551691 0.831739
0 0.418357 0.830435 0.413527 0.835652 0.414493 0.846087 0.418357 0.849130 0.429952 0.853478 0.442512 0.853913 0.452174 0.853043 0.463768 0.850870 0.472464 0.847391 0.479227 0.841304 0.479227 0.837826 0.466667 0.830870 0.442512 0.827391 0.428986 0.827826
0 0.409662 0.817391 0.385507 0.816087 0.369082 0.819130 0.365217 0.822609 0.364251 0.831739 0.366184 0.837826 0.376812 0.841304 0.387440 0.841739 0.397101 0.839565 0.410628 0.833913 0.418357 0.827826 0.418357 0.822174 0.415459 0.819565
0 0.326570 0.826957 0.317874 0.830435 0.314010 0.833913 0.314010 0.837826 0.318841 0.841739 0.325604 0.845217 0.339130 0.846522 0.343961 0.850000 0.351691 0.853043 0.361353 0.852609 0.371014 0.845217 0.369082 0.841739 0.363285 0.837826 0.363285 0.833478 0.359420 0.827826 0.348792 0.825652 0.333333 0.825652
0 0.264734 0.840870 0.263768 0.846957 0.273430 0.852174 0.283092 0.852174 0.291787 0.854783 0.307246 0.856522 0.317874 0.853913 0.323671 0.845217 0.322705 0.843478 0.316908 0.841304 0.314010 0.837826 0.301449 0.835652 0.290821 0.835217 0.283092 0.836957 0.275362 0.837391
0 0.283092 0.811739 0.261836 0.810435 0.241546 0.812174 0.235749 0.813913 0.228019 0.818261 0.228986 0.830435 0.233816 0.834348 0.239614 0.836522 0.253140 0.838696 0.265700 0.838696 0.286957 0.834783 0.291787 0.832609 0.298551 0.826957 0.298551 0.823478 0.295652 0.820000 0.287923 0.816087 0.286957 0.813478
0 0.337198 0.800870 0.328502 0.798696 0.317874 0.797826 0.308213 0.798261 0.299517 0.800000 0.290821 0.804348 0.288889 0.807391 0.288889 0.812609 0.292754 0.817391 0.299517 0.820435 0.317874 0.820000 0.327536 0.818696 0.335266 0.816087 0.343961 0.809130 0.343961 0.806087 0.341063 0.802609
0 0.395169 0.787826 0.385507 0.791304 0.377778 0.796957 0.375845 0.802174 0.377778 0.806957 0.387440 0.810870 0.403865 0.813478 0.419324 0.813478 0.428986 0.808696 0.433816 0.803913 0.431884 0.795217 0.422222 0.789565 0.414493 0.787826
0 0.431884 0.806087 0.429952 0.814783 0.438647 0.823043 0.445411 0.825217 0.454106 0.826522 0.465700 0.826522 0.478261 0.824348 0.483092 0.822174 0.486957 0.818261 0.486957 0.813913 0.483092 0.809130 0.476329 0.806522 0.457005 0.802609 0.445411 0.802609
0 0.473430 0.783043 0.463768 0.786957 0.459903 0.795217 0.464734 0.800435 0.482126 0.806957 0.494686 0.806522 0.498551 0.804783 0.498551 0.803043 0.508213 0.793478 0.506280 0.787826 0.500483 0.784348 0.491787 0.782609 0.480193 0.782174
0 0.523671 0.788261 0.513043 0.790000 0.505314 0.794783 0.504348 0.806957 0.511111 0.810870 0.536232 0.811739 0.544928 0.809565 0.548792 0.806957 0.545894 0.793478 0.542029 0.790870 0.528502 0.788261
0 0.487923 0.820000 0.485990 0.821739 0.485990 0.826522 0.489855 0.830000 0.500483 0.835217 0.526570 0.837391 0.539130 0.835217 0.548792 0.830435 0.549758 0.825652 0.546860 0.819565 0.532367 0.813043 0.520773 0.812174 0.508213 0.813043
0 0.607729 0.811304 0.589372 0.809130 0.566184 0.809130 0.553623 0.810870 0.549758 0.813478 0.548792 0.819130 0.557488 0.829565 0.570048 0.833043 0.577778 0.833913 0.588406 0.831739 0.598068 0.826957 0.610628 0.817826 0.611594 0.813478
0 0.603865 0.823913 0.591304 0.830000 0.589372 0.832609 0.590338 0.835652 0.594203 0.836957 0.624155 0.838261 0.628019 0.834348 0.626087 0.826087 0.620290 0.824783
0 0.680193 0.806957 0.666667 0.803913 0.654106 0.803043 0.636715 0.811739 0.627053 0.821739 0.627053 0.826957 0.629952 0.831739 0.633816 0.833478 0.640580 0.833913 0.660870 0.831739 0.674396 0.827391 0.685990 0.816957 0.685990 0.810435
0 0.666667 0.832174 0.644444 0.833478 0.631884 0.835652 0.628019 0.837391 0.628019 0.842174 0.632850 0.845652 0.636715 0.852174 0.641546 0.856957 0.647343 0.859565 0.684058 0.854348 0.686957 0.852609 0.686957 0.841304 0.680193 0.836087
0 0.699517 0.816522 0.689855 0.817826 0.682126 0.820870 0.678261 0.823913 0.677295 0.827391 0.683092 0.836087 0.688889 0.839565 0.710145 0.840435 0.715942 0.839565 0.731401 0.832609 0.734300 0.830000 0.735266 0.825217 0.730435 0.820870 0.716908 0.817391
0 0.732367 0.832174 0.726570 0.834348 0.715942 0.842609 0.715942 0.847391 0.719807 0.852609 0.725604 0.854783 0.742029 0.855652 0.751691 0.857826 0.762319 0.857826 0.766184 0.856957 0.772947 0.853478 0.775845 0.847826 0.775845 0.841304 0.771014 0.836957 0.763285 0.834348 0.746860 0.831739
0 0.795169 0.837826 0.787440 0.839130 0.776812 0.845652 0.773913 0.848696 0.773913 0.852609 0.781643 0.862174 0.788406 0.865217 0.804831 0.866087 0.830918 0.859130 0.834783 0.854783 0.834783 0.848696 0.828019 0.843478 0.820290 0.840435
0 0.887923 0.842609 0.864734 0.852609 0.864734 0.858696 0.875362 0.863913 0.886957 0.865217 0.899517 0.865217 0.909179 0.863478 0.918841 0.859565 0.920773 0.857826 0.919807 0.849565 0.916908 0.845217 0.912077 0.843478 0.905314 0.842609
0 0.922705 0.842174 0.920773 0.848261 0.924638 0.855652 0.927536 0.856957 0.954589 0.857826 0.960386 0.859130 0.970048 0.858696 0.971981 0.857826 0.973913 0.854348 0.971981 0.850435 0.972947 0.844783 0.970048 0.841739 0.961353 0.837826 0.942995 0.836957
0 0.972947 0.849130 0.974879 0.853913 0.990338 0.859565 0.995169 0.862609 1.000000 0.862609 1.000000 0.847826 0.976812 0.848261
0 0.944928 0.814348 0.939130 0.820000 0.939130 0.828696 0.942995 0.831739 0.969082 0.839130 0.979710 0.839130 1.000000 0.836957 1.000000 0.824783 0.996135 0.824783 0.986473 0.818261 0.966184 0.812174 0.951691 0.812174
0 0.926570 0.819130 0.919807 0.818261 0.907246 0.819130 0.889855 0.824783 0.886957 0.829130 0.886957 0.834348 0.889855 0.836957 0.899517 0.840870 0.921739 0.840870 0.928502 0.839565 0.937198 0.835652 0.939130 0.831739 0.938164 0.827391 0.931401 0.821304
0 0.876329 0.828261 0.863768 0.827391 0.848309 0.828696 0.841546 0.830000 0.833816 0.833913 0.832850 0.842174 0.835749 0.846087 0.842512 0.850000 0.847343 0.851304 0.858937 0.851739 0.874396 0.848261 0.883092 0.839130 0.880193 0.829565
0 0.815459 0.806522 0.805797 0.807391 0.795169 0.810870 0.783575 0.818696 0.778744 0.826087 0.779710 0.829565 0.786473 0.834348 0.802899 0.837826 0.812560 0.837826 0.828019 0.833913 0.839614 0.828261 0.842512 0.823043 0.842512 0.817826 0.839614 0.812609 0.822222 0.807391
0 0.855072 0.795652 0.847343 0.798261 0.841546 0.802609 0.839614 0.806957 0.842512 0.810870 0.842512 0.815217 0.846377 0.820435 0.856039 0.825217 0.866667 0.825652 0.885024 0.822609 0.892754 0.819565 0.894686 0.812174 0.891787 0.808261 0.883092 0.802609
0 0.953623 0.795652 0.942995 0.792609 0.929469 0.791304 0.910145 0.793478 0.902415 0.796957 0.897585 0.801739 0.897585 0.811304 0.900483 0.815217 0.907246 0.817391 0.927536 0.817391 0.939130 0.815652 0.950725 0.811304 0.959420 0.810000 0.963285 0.806087
0 0.977778 0.790870 0.971981 0.792609 0.962319 0.798696 0.965217 0.802609 0.965217 0.810870 0.986473 0.818261 1.000000 0.818696 1.000000 0.790870
0 0.933333 0.772609 0.928502 0.774783 0.926570 0.778696 0.920773 0.782174 0.921739 0.786522 0.926570 0.790000 0.950725 0.793913 0.958454 0.793913 0.971014 0.791304 0.979710 0.787391 0.981643 0.784348 0.980676 0.779130 0.972947 0.773478 0.957488 0.770000
0 0.994203 0.764348 0.981643 0.766522 0.974879 0.772174 0.982609 0.783913 0.995169 0.786957 1.000000 0.786957 1.000000 0.764348
0 0.916908 0.782174 0.910145 0.779565 0.899517 0.781304 0.868599 0.782174 0.864734 0.783043 0.859903 0.787826 0.858937 0.793043 0.861836 0.795217 0.882126 0.800435 0.894686 0.799565 0.908213 0.791304
0 0.786473 0.788696 0.783575 0.796087 0.786473 0.799565 0.794203 0.802609 0.802899 0.803913 0.823188 0.804783 0.830918 0.803043 0.834783 0.800870 0.837681 0.795652 0.836715 0.790870 0.823188 0.786957 0.795169 0.786087
0 0.777778 0.796522 0.759420 0.796087 0.747826 0.797826 0.742029 0.799565 0.734300 0.806522 0.734300 0.810870 0.742995 0.819565 0.750725 0.822609 0.765217 0.822609 0.777778 0.819130 0.789372 0.812609 0.790338 0.804348 0.785507 0.799130
0 0.736232 0.790870 0.707246 0.790870 0.693720 0.793043 0.683092 0.798696 0.685024 0.806522 0.690821 0.810870 0.708213 0.815652 0.717874 0.815217 0.728502 0.810870 0.734300 0.806522 0.737198 0.796522
0 0.742995 0.770435 0.734300 0.774783 0.732367 0.784348 0.741063 0.790435 0.752657 0.793478 0.762319 0.793913 0.783575 0.787391 0.787440 0.782609 0.779710 0.776087 0.770048 0.772609 0.756522 0.770000
0 0.716908 0.763478 0.707246 0.763043 0.686957 0.766957 0.677295 0.771304 0.679227 0.780435 0.690821 0.787826 0.699517 0.789565 0.718841 0.788696 0.729469 0.783913 0.732367 0.775652 0.731401 0.770435 0.728502 0.767391
0 0.675362 0.780435 0.666667 0.780870 0.653140 0.786522 0.638647 0.789565 0.638647 0.796087 0.647343 0.800435 0.654106 0.801739 0.665700 0.802174 0.685024 0.795217 0.688889 0.789565 0.684058 0.783478
0 0.621256 0.785217 0.613527 0.786957 0.607729 0.790870 0.605797 0.794348 0.606763 0.798696 0.612560 0.808261 0.630918 0.809130 0.636715 0.802609 0.638647 0.793043 0.635749 0.789130 0.630918 0.786957
0 0.648309 0.759130 0.642512 0.759565 0.634783 0.764348 0.625121 0.766087 0.622222 0.767826 0.622222 0.783478 0.631884 0.786957 0.649275 0.786957 0.658937 0.784348 0.667633 0.780000 0.667633 0.768261
0 0.848309 0.764348 0.836715 0.764348 0.829952 0.765652 0.809662 0.775217 0.812560 0.781739 0.820290 0.784783 0.838647 0.789130 0.855072 0.787391 0.862802 0.780435 0.862802 0.774783 0.854106 0.766957
0 0.760386 0.751304 0.753623 0.759565 0.753623 0.763913 0.758454 0.767826 0.769082 0.770000 0.786473 0.776087 0.800000 0.776087 0.809662 0.771304 0.815459 0.766522 0.815459 0.762609 0.810628 0.758261 0.786473 0.750435 0.770048 0.750000
0 0.881159 0.750870 0.871498 0.752609 0.858937 0.757826 0.855072 0.763043 0.857005 0.767826 0.871498 0.777391 0.888889 0.780435 0.906280 0.779565 0.912077 0.777391 0.918841 0.772609 0.919807 0.762609 0.917874 0.758696 0.910145 0.754348 0.898551 0.751304 0.891787 0.750435
0 0.961353 0.750870 0.948792 0.747826 0.934300 0.747391 0.921739 0.751304 0.916908 0.755652 0.919807 0.771739 0.923671 0.773478 0.942029 0.771739 0.955556 0.769130 0.970048 0.763478 0.971014 0.757826
0 1.000000 0.738261 0.986473 0.738261 0.971981 0.743043 0.966184 0.747826 0.973913 0.762174 0.978744 0.763913 0.990338 0.764348 1.000000 0.763478
0 0.942029 0.720000 0.926570 0.724348 0.923671 0.727391 0.925604 0.733478 0.931401 0.741304 0.938164 0.745652 0.950725 0.747391 0.961353 0.746957 0.969082 0.744348 0.971014 0.742174 0.971981 0.736087 0.970048 0.731739 0.962319 0.723478 0.952657 0.719565
0 0.994203 0.716957 0.973913 0.720870 0.971014 0.723478 0.971014 0.726087 0.980676 0.732609 0.993237 0.736957 1.000000 0.736957 1.000000 0.716957
0 0.890821 0.729130 0.876329 0.736087 0.881159 0.739565 0.882126 0.744348 0.890821 0.748261 0.898551 0.749565 0.917874 0.749565 0.922705 0.748261 0.926570 0.740000 0.918841 0.732609 0.909179 0.728261
0 0.871498 0.736957 0.845411 0.733913 0.832850 0.733913 0.821256 0.736087 0.811594 0.740435 0.807729 0.743913 0.806763 0.748696 0.812560 0.756522 0.819324 0.759565 0.828986 0.761739 0.840580 0.761739 0.856039 0.757826 0.870531 0.752174 0.881159 0.744783 0.879227 0.740000
0 0.756522 0.726087 0.752657 0.727826 0.746860 0.734783 0.746860 0.740870 0.754589 0.745652 0.760386 0.747826 0.788406 0.749130 0.799034 0.747391 0.806763 0.740435 0.801932 0.733913 0.787440 0.728696 0.773913 0.727826 0.761353 0.725217
0 0.702415 0.743913 0.697585 0.746522 0.696618 0.748696 0.702415 0.753043 0.705314 0.757826 0.714010 0.761739 0.722705 0.763913 0.735266 0.765217 0.742995 0.763478 0.752657 0.759130 0.755556 0.750435 0.748792 0.743913 0.732367 0.741739 0.716908 0.741739
0 0.646377 0.750435 0.645411 0.757391 0.657005 0.763478 0.670531 0.767391 0.680193 0.767391 0.697585 0.763478 0.700483 0.760000 0.699517 0.755217 0.688889 0.747391 0.663768 0.744348 0.657005 0.745652
0 0.716908 0.716087 0.699517 0.715217 0.687923 0.718696 0.680193 0.725652 0.677295 0.737391 0.683092 0.740870 0.700483 0.742609 0.718841 0.740435 0.728502 0.737826 0.737198 0.733043 0.738164 0.726957 0.728502 0.719130
0 0.592271 0.732174 0.597101 0.736522 0.621256 0.743043 0.629952 0.743043 0.636715 0.744783 0.648309 0.745652 0.659903 0.744348 0.665700 0.740870 0.666667 0.731739 0.663768 0.728261 0.663768 0.724783 0.658937 0.723478 0.620290 0.723043 0.605797 0.725652
0 0.584541 0.740870 0.576812 0.745217 0.571981 0.751304 0.571981 0.756957 0.576812 0.762174 0.587440 0.764783 0.595169 0.763478 0.616425 0.763478 0.625121 0.761304 0.628986 0.759565 0.630918 0.755217 0.628986 0.747826 0.601932 0.739565 0.594203 0.739130
0 0.604831 0.762609 0.588406 0.764783 0.581643 0.771304 0.586473 0.780435 0.591304 0.784348 0.600000 0.787391 0.606763 0.787391 0.615459 0.783913 0.615459 0.778261 0.620290 0.771739 0.620290 0.766957 0.618357 0.765217
0 0.569082 0.782609 0.550725 0.790870 0.548792 0.799130 0.551691 0.803043 0.566184 0.807826 0.588406 0.807826 0.600966 0.802609 0.601932 0.794783 0.600000 0.791739 0.589372 0.786957 0.583575 0.782609
0 0.571981 0.775217 0.558454 0.772174 0.550725 0.772174 0.534300 0.775217 0.529469 0.777391 0.525604 0.783478 0.529469 0.786957 0.534300 0.788696 0.548792 0.789565 0.557488 0.787391 0.570048 0.782174
0 0.525604 0.751304 0.512077 0.755652 0.508213 0.759565 0.516908 0.772609 0.535266 0.773043 0.544928 0.771739 0.547826 0.769565 0.553623 0.768261 0.556522 0.765652 0.557488 0.762609 0.555556 0.759565 0.544928 0.754783 0.534300 0.751739
0 0.532367 0.723913 0.518841 0.731739 0.521739 0.736957 0.528502 0.742174 0.538164 0.745652 0.550725 0.747826 0.565217 0.747826 0.572947 0.746522 0.579710 0.741739 0.582609 0.736522 0.582609 0.732609 0.576812 0.726957 0.572947 0.725217 0.553623 0.721739 0.541063 0.722174
0 0.512077 0.733043 0.498551 0.730435 0.484058 0.734783 0.464734 0.750435 0.464734 0.753478 0.473430 0.757826 0.485024 0.759130 0.504348 0.758261 0.522705 0.750870 0.524638 0.747826 0.522705 0.740435
0 0.495652 0.760435 0.492754 0.759565 0.478261 0.760000 0.453140 0.763478 0.443478 0.766957 0.441546 0.769565 0.443478 0.775217 0.450242 0.780435 0.457005 0.783478 0.466667 0.783913 0.478261 0.781304 0.491787 0.776957 0.498551 0.773478 0.502415 0.766522
0 0.386473 0.756957 0.380676 0.759130 0.378744 0.764783 0.393237 0.783913 0.401932 0.786087 0.413527 0.786087 0.429952 0.782609 0.436715 0.779130 0.439614 0.772174 0.432850 0.766522 0.420290 0.760435 0.408696 0.757391 0.398068 0.756522
0 0.348792 0.770435 0.335266 0.774348 0.327536 0.778696 0.328502 0.787391 0.333333 0.791304 0.343961 0.795652 0.362319 0.796087 0.371981 0.793913 0.380676 0.789130 0.385507 0.783913 0.385507 0.778261 0.382609 0.775217 0.370048 0.770870
0 0.297585 0.755652 0.289855 0.759130 0.280193 0.766957 0.281159 0.770870 0.290821 0.777826 0.300483 0.779565 0.321739 0.779565 0.334300 0.776957 0.342029 0.772174 0.341063 0.767391 0.335266 0.762609 0.310145 0.754783
0 0.404831 0.628696 0.390338 0.634783 0.387440 0.638261 0.386473 0.646522 0.397101 0.652174 0.402899 0.653478 0.415459 0.654783 0.430918 0.653913 0.436715 0.650870 0.439614 0.646957 0.439614 0.637826 0.434783 0.631304 0.430918 0.628696 0.424155 0.627826
0 0.229952 0.783043 0.223188 0.786522 0.219324 0.790870 0.219324 0.798696 0.222222 0.803913 0.230918 0.808261 0.238647 0.810435 0.257971 0.810000 0.267633 0.808696 0.280193 0.802609 0.283092 0.799130 0.291787 0.794348 0.291787 0.788696 0.285024 0.786522 0.273430 0.784783 0.239614 0.782174
0 0.215459 0.810870 0.201932 0.811739 0.187440 0.814783 0.182609 0.816522 0.174879 0.822174 0.172947 0.825652 0.173913 0.833913 0.187440 0.839565 0.213527 0.840435 0.221256 0.837391 0.226087 0.833478 0.225121 0.818696 0.219324 0.812174
0 0.125604 0.811304 0.116908 0.816087 0.112077 0.822174 0.110145 0.828696 0.112077 0.834348 0.120773 0.839130 0.133333 0.841739 0.144928 0.841304 0.160386 0.838696 0.168116 0.834348 0.169082 0.829130 0.158454 0.818261 0.151691 0.815217 0.136232 0.810870
0 0.143961 0.793478 0.135266 0.798261 0.135266 0.803043 0.141063 0.806522 0.142029 0.808696 0.158454 0.816522 0.167150 0.818261 0.177778 0.817826 0.186473 0.812174 0.190338 0.807391 0.190338 0.800435 0.187440 0.796522 0.171014 0.792609 0.151691 0.792174
0 0.184541 0.768261 0.173913 0.770870 0.161353 0.776957 0.160386 0.784783 0.164251 0.788696 0.169082 0.790870 0.186473 0.794348 0.198068 0.794783 0.204831 0.793478 0.216425 0.786957 0.219324 0.780000 0.218357 0.776087 0.213527 0.772174 0.206763 0.769565 0.199034 0.768261
0 0.229952 0.755652 0.219324 0.759565 0.209662 0.766957 0.212560 0.772609 0.229952 0.778696 0.236715 0.780000 0.249275 0.780000 0.257005 0.778696 0.265700 0.773478 0.265700 0.764348 0.256039 0.758261 0.249275 0.757391 0.246377 0.755652
0 0.175845 0.756522 0.152657 0.751739 0.134300 0.752609 0.126570 0.756087 0.120773 0.762609 0.116908 0.770870 0.119807 0.776957 0.134300 0.780000 0.144928 0.779565 0.157488 0.776957 0.180676 0.766957 0.181643 0.759565
0 0.149758 0.740000 0.146860 0.745217 0.150725 0.749565 0.168116 0.753913 0.174879 0.754348 0.176812 0.756087 0.195169 0.757391 0.205797 0.756522 0.214493 0.752609 0.222222 0.746522 0.222222 0.743043 0.218357 0.740000 0.192271 0.735217 0.169082 0.733913 0.161353 0.735217
0 0.274396 0.728696 0.264734 0.730435 0.256039 0.738261 0.253140 0.745652 0.256039 0.754783 0.264734 0.759130 0.272464 0.760435 0.291787 0.756957 0.300483 0.753913 0.309179 0.748696 0.310145 0.743043 0.302415 0.736087 0.291787 0.732174
0 0.378744 0.736087 0.362319 0.734348 0.342995 0.736087 0.326570 0.740000 0.324638 0.742174 0.317874 0.743913 0.315942 0.748261 0.325604 0.753478 0.336232 0.756957 0.356522 0.759130 0.370048 0.758696 0.380676 0.756087 0.386473 0.752174 0.387440 0.741304
0 0.434783 0.732174 0.428019 0.730435 0.418357 0.729565 0.407729 0.730435 0.397101 0.733913 0.392271 0.741739 0.392271 0.752609 0.396135 0.756087 0.412560 0.757391 0.419324 0.756957 0.434783 0.754348 0.446377 0.750000 0.451208 0.743913 0.446377 0.738261
0 0.361353 0.708261 0.347826 0.716087 0.347826 0.721739 0.349758 0.723913 0.361353 0.730870 0.384541 0.733913 0.396135 0.733478 0.400000 0.731739 0.405797 0.724783 0.405797 0.716522 0.401932 0.712609 0.394203 0.708261 0.382609 0.706522 0.372947 0.706522
0 0.279227 0.713478 0.276329 0.721304 0.280193 0.725217 0.290821 0.729565 0.325604 0.735217 0.335266 0.733913 0.342029 0.728696 0.343961 0.725217 0.342995 0.720000 0.336232 0.715217 0.325604 0.712609 0.302415 0.709565 0.289855 0.710000
0 0.221256 0.717391 0.216425 0.718261 0.212560 0.720435 0.220290 0.733913 0.221256 0.740870 0.227053 0.745652 0.239614 0.747391 0.249275 0.744348 0.257005 0.736522 0.257971 0.733043 0.262802 0.728696 0.260870 0.722609 0.256039 0.719130 0.240580 0.717391
0 0.138164 0.712609 0.136232 0.716087 0.137198 0.725217 0.145894 0.730000 0.157488 0.733478 0.178744 0.733043 0.194203 0.730870 0.209662 0.725217 0.208696 0.720435 0.192271 0.715217 0.174879 0.707826 0.163285 0.706522 0.152657 0.706957 0.143961 0.708696
0 0.179710 0.692174 0.176812 0.695652 0.176812 0.701739 0.180676 0.707826 0.199034 0.716957 0.203865 0.718261 0.211594 0.718261 0.221256 0.715217 0.229952 0.713913 0.237681 0.710870 0.239614 0.703043 0.235749 0.700000 0.212560 0.696087 0.194203 0.690870 0.184541 0.690435
0 0.134300 0.680000 0.123671 0.681304 0.111111 0.685217 0.107246 0.688696 0.107246 0.694348 0.112077 0.701304 0.121739 0.706087 0.131401 0.707391 0.144928 0.707391 0.156522 0.704783 0.169082 0.695652 0.172947 0.694348 0.174879 0.689565 0.161353 0.683043 0.151691 0.680870
0 0.353623 0.696957 0.345894 0.693043 0.334300 0.691304 0.325604 0.693478 0.304348 0.695652 0.287923 0.703913 0.286957 0.705652 0.290821 0.708696 0.307246 0.709130 0.332367 0.713478 0.342995 0.713478 0.350725 0.712174 0.356522 0.709565
0 0.500483 0.724348 0.474396 0.720435 0.464734 0.720000 0.456039 0.721739 0.446377 0.725217 0.443478 0.727826 0.443478 0.733478 0.450242 0.741304 0.454106 0.743043 0.464734 0.744783 0.474396 0.742174 0.485024 0.734783 0.500483 0.729565
0 0.398068 0.703913 0.397101 0.709130 0.404831 0.713913 0.421256 0.717826 0.453140 0.715652 0.465700 0.711739 0.466667 0.704783 0.454106 0.698261 0.435749 0.692174 0.419324 0.691739 0.413527 0.693043 0.403865 0.697826
0 0.468599 0.707826 0.472464 0.718261 0.482126 0.720870 0.499517 0.721739 0.505314 0.720435 0.518841 0.719565 0.528502 0.717391 0.540097 0.713043 0.542029 0.709565 0.529469 0.702609 0.501449 0.697391 0.490821 0.697391 0.478261 0.699565 0.471498 0.703043
0 0.571014 0.694783 0.557488 0.698261 0.550725 0.703913 0.547826 0.710000 0.547826 0.713478 0.551691 0.719565 0.557488 0.721739 0.569082 0.723478 0.578744 0.721304 0.587440 0.713043 0.591304 0.705217 0.587440 0.697391 0.578744 0.695217
0 0.646377 0.703478 0.630918 0.698261 0.622222 0.697391 0.612560 0.697826 0.596135 0.705652 0.591304 0.709565 0.587440 0.716522 0.587440 0.722174 0.592271 0.723913 0.605797 0.724348 0.627053 0.721739 0.638647 0.718696 0.650242 0.713043 0.651208 0.708696
0 0.878261 0.711739 0.863768 0.711304 0.847343 0.713043 0.831884 0.718261 0.828986 0.725217 0.836715 0.732609 0.854106 0.734783 0.868599 0.735217 0.873430 0.734348 0.885990 0.729130 0.887923 0.722609 0.883092 0.715217
0 0.897585 0.700000 0.891787 0.700870 0.882126 0.704783 0.880193 0.711304 0.877295 0.713043 0.884058 0.716522 0.888889 0.724783 0.891787 0.726087 0.899517 0.726957 0.909179 0.726522 0.916908 0.725217 0.927536 0.720870 0.937198 0.714348 0.936232 0.708261 0.927536 0.704348 0.915942 0.702609 0.909179 0.700435
0 0.965217 0.692609 0.956522 0.695217 0.944928 0.700870 0.940097 0.705652 0.939130 0.712609 0.941063 0.714348 0.951691 0.717391 0.968116 0.719565 0.977778 0.719130 0.987440 0.716087 0.991304 0.710870 0.991304 0.707826 0.984541 0.697391 0.973913 0.693043
0 0.995169 0.693478 0.987440 0.696957 0.988406 0.704783 0.995169 0.710870 1.000000 0.710870 1.000000 0.693478
0 0.968116 0.663478 0.956522 0.665652 0.948792 0.669565 0.948792 0.678261 0.951691 0.683043 0.964251 0.690000 0.973913 0.691739 0.977778 0.693913 0.987440 0.695217 0.996135 0.692174 1.000000 0.692174 1.000000 0.667826 0.996135 0.667826 0.978744 0.663478
0 0.977778 0.640870 0.967150 0.644348 0.958454 0.650000 0.959420 0.654783 0.969082 0.661304 0.985507 0.664348 1.000000 0.665217 1.000000 0.640870
0 0.948792 0.649565 0.927536 0.646522 0.917874 0.646522 0.910145 0.647826 0.905314 0.650000 0.895652 0.659565 0.894686 0.666087 0.908213 0.676522 0.927536 0.675217 0.938164 0.673043 0.955556 0.664348 0.958454 0.660000 0.957488 0.653913
0 0.916908 0.676522 0.906280 0.679565 0.901449 0.683913 0.888889 0.688261 0.886957 0.693913 0.893720 0.698261 0.907246 0.700000 0.916908 0.702609 0.923671 0.703478 0.938164 0.702609 0.943961 0.700435 0.949758 0.695217 0.950725 0.684348 0.948792 0.680870 0.940097 0.676957 0.928502 0.676087
0 0.881159 0.664348 0.861836 0.665217 0.853140 0.668696 0.846377 0.677391 0.848309 0.686522 0.853140 0.689130 0.875362 0.690435 0.889855 0.687391 0.903382 0.680870 0.906280 0.677391 0.900483 0.670870 0.895652 0.668261
0 0.828019 0.677391 0.822222 0.678696 0.816425 0.681304 0.815459 0.686087 0.820290 0.690000 0.820290 0.698261 0.835749 0.708261 0.848309 0.709565 0.862802 0.705652 0.872464 0.701304 0.876329 0.697826 0.875362 0.692609 0.869565 0.690435 0.857005 0.689565 0.850242 0.687391 0.842512 0.676957
0 0.811594 0.703913 0.803865 0.703478 0.787440 0.706957 0.777778 0.711739 0.777778 0.716957 0.791304 0.724783 0.796135 0.726087 0.806763 0.726522 0.813527 0.725217 0.827053 0.716522 0.828019 0.712609 0.825121 0.708696
0 0.742995 0.700000 0.733333 0.704783 0.731401 0.708261 0.734300 0.713043 0.742995 0.719130 0.752657 0.723478 0.776812 0.726522 0.782609 0.725652 0.783575 0.723913 0.778744 0.718261 0.772947 0.716087 0.772947 0.711739 0.768116 0.704348 0.761353 0.699565 0.751691 0.698696
0 0.787440 0.672174 0.769082 0.673913 0.760386 0.677826 0.758454 0.680435 0.761353 0.695217 0.767150 0.700870 0.774879 0.703043 0.787440 0.703478 0.804831 0.701739 0.816425 0.697826 0.820290 0.693913 0.819324 0.690000 0.801932 0.676087 0.797101 0.673913
0 0.756522 0.685652 0.745894 0.684348 0.734300 0.684348 0.714976 0.687391 0.690821 0.696087 0.693720 0.701304 0.709179 0.708696 0.720773 0.709130 0.726570 0.707826 0.735266 0.702609 0.754589 0.694348 0.758454 0.689565
0 0.661836 0.687391 0.657971 0.689130 0.651208 0.696522 0.650242 0.705217 0.655072 0.714348 0.663768 0.717391 0.677295 0.717391 0.694686 0.715652 0.697585 0.713478 0.696618 0.704348 0.689855 0.700000 0.685990 0.694783 0.674396 0.689130 0.665700 0.686957
0 0.659903 0.669565 0.658937 0.679130 0.660870 0.683913 0.664734 0.686522 0.677295 0.688696 0.683092 0.691304 0.691787 0.692174 0.697585 0.689130 0.713043 0.686957 0.719807 0.684348 0.721739 0.682609 0.720773 0.677391 0.713043 0.672174 0.701449 0.670870 0.691787 0.668261 0.664734 0.666957
0 0.742029 0.651304 0.724638 0.652174 0.718841 0.656087 0.716908 0.659565 0.715942 0.670435 0.717874 0.673478 0.733333 0.680000 0.742995 0.679130 0.762319 0.675217 0.766184 0.673043 0.771014 0.664348 0.771014 0.661304 0.765217 0.655652 0.755556 0.653043
0 0.629952 0.659565 0.624155 0.661739 0.623188 0.667391 0.619324 0.672609 0.624155 0.685652 0.637681 0.687826 0.648309 0.687391 0.653140 0.684783 0.657005 0.678261 0.650242 0.664348 0.639614 0.659565
0 0.586473 0.671304 0.577778 0.673913 0.568116 0.681304 0.567150 0.690435 0.569082 0.693478 0.595169 0.696957 0.604831 0.696957 0.613527 0.695652 0.624155 0.690000 0.624155 0.684348 0.619324 0.678696 0.608696 0.673043 0.600966 0.671739
0 0.545894 0.676957 0.515942 0.677826 0.505314 0.681739 0.504348 0.686522 0.508213 0.692609 0.514010 0.697391 0.525604 0.700870 0.547826 0.699565 0.564251 0.692174 0.565217 0.687826 0.562319 0.683913 0.555556 0.679565
0 0.445411 0.677391 0.438647 0.680870 0.436715 0.684348 0.437681 0.690000 0.441546 0.693043 0.463768 0.700000 0.474396 0.700000 0.485990 0.697391 0.491787 0.693478 0.490821 0.689130 0.493720 0.685652 0.491787 0.681304 0.474396 0.675652 0.462802 0.675652
0 0.525604 0.650000 0.518841 0.649130 0.502415 0.649565 0.490821 0.654783 0.478261 0.656522 0.469565 0.661304 0.468599 0.666522 0.473430 0.671739 0.485990 0.677826 0.498551 0.679130 0.509179 0.678261 0.519807 0.675652 0.530435 0.669565 0.536232 0.662174 0.536232 0.656957
0 0.551691 0.650870 0.540097 0.656522 0.535266 0.661304 0.535266 0.666957 0.542995 0.673913 0.549758 0.675217 0.571014 0.674783 0.577778 0.673478 0.584541 0.670435 0.583575 0.664783 0.558454 0.652174
0 0.563285 0.646522 0.558454 0.649565 0.560386 0.652609 0.578744 0.660435 0.591304 0.663478 0.603865 0.664348 0.614493 0.663913 0.628019 0.658261 0.631884 0.653913 0.630918 0.644783 0.622222 0.640000 0.613527 0.638696 0.603865 0.638261 0.577778 0.641304
0 0.672464 0.641304 0.660870 0.644348 0.653140 0.650000 0.654106 0.655217 0.665700 0.664348 0.673430 0.666087 0.688889 0.666087 0.699517 0.663043 0.707246 0.658261 0.710145 0.655217 0.711111 0.650000 0.708213 0.646957 0.693720 0.642174
0 0.791304 0.655217 0.786473 0.659130 0.784541 0.664348 0.786473 0.670435 0.794203 0.673043 0.818357 0.673043 0.834783 0.670435 0.839614 0.666522 0.839614 0.663478 0.834783 0.657826 0.828019 0.654348 0.813527 0.651304 0.803865 0.650435
0 0.833816 0.646087 0.833816 0.655217 0.843478 0.662609 0.848309 0.663913 0.857971 0.664348 0.881159 0.662609 0.891787 0.659130 0.899517 0.654783 0.898551 0.650435 0.887923 0.645217 0.874396 0.642174 0.846377 0.640870
0 0.850242 0.634348 0.850242 0.638696 0.856039 0.640435 0.890821 0.644783 0.901449 0.644783 0.910145 0.643043 0.901449 0.634783 0.866667 0.627391 0.856039 0.629130
0 0.934300 0.622174 0.916908 0.627391 0.914010 0.630000 0.913043 0.638696 0.916908 0.642609 0.925604 0.646087 0.952657 0.648696 0.962319 0.642609 0.961353 0.631739 0.951691 0.623913 0.945894 0.622174
0 1.000000 0.614783 0.969082 0.616087 0.966184 0.618696 0.962319 0.626957 0.966184 0.634783 0.975845 0.639565 1.000000 0.639130
0 0.993430 0.598087 1.000000 0.595870 1.000000 0.614783 0.995169 0.614783 0.986473 0.607565 0.988696 0.600739
0 0.942995 0.593913 0.931401 0.595652 0.922705 0.599130 0.919807 0.603043 0.920773 0.608261 0.934300 0.619565 0.939130 0.620435 0.952657 0.620435 0.962319 0.617826 0.971981 0.613478 0.976812 0.608261 0.977778 0.603043 0.975845 0.599565 0.969082 0.596957 0.955556 0.594348
0 0.910145 0.606522 0.882126 0.607826 0.874396 0.609565 0.870531 0.611739 0.868599 0.616087 0.869565 0.623478 0.874396 0.626957 0.889855 0.631304 0.900483 0.631739 0.924638 0.623043 0.926570 0.613913 0.923671 0.611304
0 0.844444 0.596522 0.830918 0.597826 0.818357 0.600435 0.813527 0.602609 0.809662 0.607826 0.814493 0.615652 0.827053 0.624783 0.838647 0.628696 0.848309 0.629565 0.861836 0.624348 0.866667 0.620000 0.869565 0.613478 0.869565 0.606957 0.866667 0.602174 0.858937 0.597826
0 0.816425 0.624348 0.800966 0.621304 0.781643 0.621304 0.773913 0.622174 0.760386 0.625652 0.753623 0.631304 0.752657 0.640000 0.760386 0.648696 0.765217 0.650870 0.773913 0.652174 0.787440 0.651304 0.805797 0.647826 0.818357 0.642609 0.823188 0.638696 0.824155 0.630870 0.821256 0.626957
0 0.705314 0.620000 0.691787 0.625217 0.686957 0.629565 0.685990 0.635217 0.690821 0.640435 0.701449 0.643043 0.715942 0.649130 0.734300 0.650000 0.743961 0.648696 0.750725 0.639130 0.750725 0.633043 0.743961 0.626522 0.731401 0.620435 0.724638 0.618696 0.715942 0.618261
0 0.665700 0.607391 0.656039 0.607391 0.647343 0.608696 0.641546 0.611304 0.637681 0.617391 0.637681 0.634348 0.647343 0.641739 0.656039 0.643913 0.682126 0.634783 0.688889 0.623478 0.689855 0.613913 0.686957 0.610435
0 0.638357 0.618652 0.613527 0.616522 0.586473 0.618261 0.577778 0.620435 0.575845 0.622609 0.576812 0.626522 0.583575 0.631739 0.595169 0.636087 0.608696 0.637391 0.622222 0.636957 0.627053 0.635217 0.629952 0.631739
0 0.534300 0.623043 0.524638 0.627391 0.521739 0.630000 0.519807 0.639130 0.527536 0.647391 0.533333 0.649565 0.544928 0.649565 0.560386 0.646957 0.571981 0.642609 0.575845 0.639130 0.575845 0.633043 0.569082 0.626957 0.550725 0.623913
0 0.561353 0.596957 0.550725 0.594783 0.537198 0.596957 0.508213 0.597826 0.499517 0.604783 0.497585 0.608261 0.500483 0.615652 0.506280 0.619565 0.513043 0.622174 0.524638 0.624348 0.533333 0.622609 0.552657 0.623043 0.564251 0.617826 0.568116 0.613913 0.568116 0.606957
0 0.639614 0.593913 0.632850 0.591739 0.607729 0.590435 0.600966 0.591304 0.589372 0.595652 0.583575 0.600000 0.583575 0.607826 0.585507 0.610000 0.612560 0.610000 0.624155 0.608261 0.635749 0.603913 0.641546 0.600000
0 0.507246 0.584783 0.507246 0.595217 0.513043 0.596522 0.542029 0.596087 0.560386 0.591739 0.563285 0.589130 0.563285 0.586087 0.559420 0.583478 0.544928 0.581739 0.516908 0.581739
0 0.528502 0.556522 0.512077 0.562174 0.508213 0.566087 0.508213 0.570870 0.514976 0.576087 0.516908 0.579565 0.525604 0.580435 0.535266 0.580000 0.551691 0.581739 0.560386 0.580000 0.570048 0.572174 0.570048 0.567826 0.563285 0.561739 0.551691 0.556522
0 0.698551 0.595652 0.690821 0.600000 0.687923 0.605652 0.688889 0.610000 0.694686 0.616087 0.703382 0.618261 0.720773 0.617826 0.736232 0.616087 0.744928 0.611739 0.747826 0.606957 0.747826 0.602609 0.743961 0.599130 0.735266 0.594783 0.706280 0.594348
0 0.803865 0.595217 0.778744 0.595652 0.756522 0.600000 0.752657 0.602609 0.752657 0.605217 0.760386 0.611739 0.776812 0.616957 0.788406 0.617391 0.794203 0.616087 0.804831 0.610000 0.810628 0.602609 0.810628 0.599565
0 0.880193 0.581304 0.875362 0.582609 0.870531 0.587391 0.869565 0.593043 0.871498 0.597826 0.882126 0.605652 0.895652 0.606087 0.904348 0.605217 0.910145 0.603478 0.919807 0.597826 0.921739 0.595217 0.920773 0.587826 0.916908 0.585652 0.900483 0.581739
0 0.863768 0.579565 0.857005 0.576522 0.839614 0.573478 0.824155 0.573913 0.812560 0.576957 0.803865 0.577826 0.800000 0.580435 0.799034 0.584348 0.800966 0.587826 0.812560 0.597391 0.823188 0.598696 0.828019 0.597391 0.849275 0.595652 0.867633 0.589130 0.868599 0.583478
0 0.771981 0.571739 0.760386 0.570870 0.750725 0.573043 0.742029 0.576087 0.736232 0.581304 0.734300 0.585217 0.735266 0.591739 0.742995 0.597826 0.751691 0.600870 0.782609 0.593043 0.789372 0.587826 0.790338 0.583043 0.781643 0.574783
0 0.645411 0.583043 0.638647 0.592174 0.646377 0.600870 0.656039 0.605217 0.673430 0.606957 0.683092 0.606522 0.692754 0.596087 0.691787 0.590435 0.688889 0.587826 0.672464 0.581304 0.656039 0.580870
0 0.658937 0.560000 0.642512 0.556522 0.626087 0.556522 0.621256 0.558696 0.608696 0.560000 0.599034 0.563913 0.593237 0.567826 0.592271 0.573043 0.594203 0.576087 0.612560 0.584348 0.631884 0.583043 0.648309 0.577391 0.658937 0.571739 0.662802 0.565217 0.661836 0.561739
0 0.682126 0.556087 0.680193 0.558261 0.673430 0.560870 0.671498 0.563913 0.670531 0.573043 0.673430 0.576522 0.678261 0.577826 0.679227 0.580000 0.683092 0.581739 0.689855 0.582609 0.693720 0.584348 0.704348 0.584783 0.717874 0.583913 0.729469 0.580000 0.732367 0.572609 0.730435 0.568261 0.720773 0.559565 0.710145 0.555652 0.690821 0.554783
0 0.724638 0.546087 0.716908 0.548696 0.714010 0.552609 0.714976 0.556522 0.737198 0.569130 0.742995 0.570435 0.752657 0.570000 0.764251 0.563478 0.766184 0.556087 0.763285 0.552174 0.756522 0.548261 0.745894 0.545652
0 0.789372 0.550435 0.781643 0.552609 0.774879 0.560870 0.767053 0.566522 0.782609 0.572174 0.793237 0.575217 0.804831 0.575652 0.813527 0.573913 0.822222 0.569565 0.824155 0.566087 0.823188 0.560435 0.812560 0.551739 0.804831 0.550000
0 0.863768 0.547826 0.857005 0.549565 0.847343 0.554348 0.847343 0.564348 0.852174 0.568261 0.863768 0.573913 0.873430 0.576522 0.883092 0.576522 0.892754 0.573913 0.904348 0.564348 0.903382 0.553478 0.891787 0.548696 0.877295 0.547391
0 0.935266 0.558261 0.925604 0.558261 0.915942 0.560435 0.905314 0.564348 0.901449 0.567826 0.903382 0.580000 0.914976 0.584348 0.925604 0.586087 0.940097 0.583478 0.948792 0.573478 0.948792 0.569565 0.944928 0.563913 0.940097 0.560000
0 0.953623 0.571739 0.942029 0.584783 0.942029 0.588696 0.945894 0.592174 0.950725 0.593478 0.966184 0.594783 0.973913 0.596957 0.977778 0.599565 1.000000 0.596087 1.000000 0.577826 0.996135 0.577826 0.975845 0.571304 0.960386 0.570870
0 1.000000 0.541739 0.996135 0.541739 0.980676 0.537826 0.971014 0.536957 0.962319 0.537826 0.952657 0.540870 0.946860 0.546087 0.940097 0.556522 0.942029 0.560870 0.951691 0.570000 0.979710 0.569130 0.996135 0.562174 1.000000 0.559130
0 0.977778 0.514783 0.969082 0.517391 0.965217 0.521304 0.967150 0.534348 0.973913 0.537391 1.000000 0.540870 1.000000 0.515652
0 0.926570 0.516957 0.915942 0.516522 0.898551 0.518261 0.889855 0.525652 0.885990 0.534348 0.887923 0.541304 0.890821 0.544348 0.907246 0.551304 0.917874 0.550870 0.925604 0.548696 0.936232 0.543043 0.947826 0.533478 0.946860 0.524783 0.942995 0.521739
0 0.885990 0.524783 0.883092 0.523478 0.868599 0.524783 0.839614 0.523478 0.826087 0.525652 0.821256 0.527391 0.814493 0.533478 0.813527 0.537391 0.816425 0.543913 0.822222 0.546957 0.829952 0.548696 0.840580 0.548696 0.860870 0.545217 0.883092 0.534783
0 0.752657 0.519130 0.742995 0.523913 0.740097 0.527826 0.741063 0.536957 0.743961 0.541739 0.754589 0.546522 0.769082 0.549565 0.778744 0.550000 0.790338 0.546522 0.800966 0.540000 0.802899 0.531739 0.799034 0.525217 0.790338 0.520435 0.783575 0.519130 0.770048 0.518261
0 0.794203 0.495652 0.776812 0.502609 0.766184 0.509130 0.765217 0.513913 0.771981 0.516957 0.795169 0.520435 0.813527 0.520000 0.825121 0.513478 0.825121 0.506087 0.822222 0.503043 0.811594 0.497391 0.804831 0.495652
0 0.725604 0.494348 0.709179 0.497826 0.704348 0.502174 0.706280 0.514348 0.718841 0.522609 0.735266 0.523478 0.743961 0.521304 0.764251 0.510870 0.765217 0.504783 0.762319 0.501304 0.751691 0.495652
0 0.666667 0.504783 0.656039 0.509565 0.650242 0.515217 0.650242 0.523478 0.653140 0.527391 0.656039 0.528696 0.685990 0.529565 0.699517 0.532609 0.709179 0.532174 0.713043 0.529130 0.714976 0.524783 0.706280 0.520000 0.702415 0.513043 0.686957 0.505217 0.678261 0.503913
0 0.682126 0.529565 0.671498 0.529130 0.658937 0.530000 0.647343 0.532609 0.641546 0.535652 0.638647 0.539565 0.638647 0.546522 0.641546 0.550000 0.656039 0.557391 0.663768 0.558261 0.674396 0.557826 0.677295 0.556087 0.687923 0.553478 0.694686 0.549130 0.697585 0.544348 0.696618 0.536522 0.691787 0.532174
0 0.595169 0.532174 0.587440 0.533478 0.580676 0.536957 0.575845 0.544348 0.574879 0.549565 0.586473 0.558696 0.598068 0.559565 0.604831 0.559130 0.615459 0.555652 0.626087 0.544783 0.623188 0.540870 0.604831 0.532609
0 0.601932 0.510435 0.593237 0.513478 0.590338 0.523043 0.595169 0.529565 0.611594 0.532609 0.628986 0.533913 0.639614 0.532609 0.648309 0.523913 0.648309 0.518261 0.639614 0.511304 0.630918 0.507826 0.621256 0.507826
0 0.497585 0.535217 0.490821 0.537826 0.482126 0.543478 0.482126 0.552174 0.485024 0.554783 0.493720 0.558261 0.509179 0.559565 0.528502 0.552174 0.532367 0.548696 0.531401 0.541739 0.523671 0.538261 0.514010 0.536087
0 0.542995 0.520435 0.525604 0.526522 0.523671 0.528696 0.524638 0.536957 0.548792 0.545217 0.559420 0.545217 0.570048 0.541304 0.578744 0.533043 0.578744 0.525652 0.574879 0.521739 0.570048 0.520435
0 0.542029 0.489565 0.532367 0.494348 0.527536 0.503913 0.528502 0.510435 0.533333 0.515652 0.542029 0.519130 0.571014 0.518696 0.586473 0.513913 0.590338 0.512261 0.597295 0.510174 0.601159 0.507435 0.602029 0.502261 0.598454 0.497000 0.592464 0.496087 0.585217 0.494696 0.579710 0.493913 0.565217 0.492609 0.552657 0.489130
0 0.576812 0.465217 0.554589 0.468696 0.546860 0.474783 0.555556 0.489130 0.567150 0.491739 0.579710 0.492609 0.601932 0.486957 0.605797 0.483043 0.605797 0.476522 0.600966 0.470435 0.594203 0.466957
0 0.628986 0.476957 0.611594 0.483043 0.603865 0.492174 0.603865 0.498261 0.612560 0.502609 0.632850 0.504783 0.648309 0.504348 0.656039 0.498261 0.657005 0.490000 0.650242 0.482609 0.639614 0.477391
0 0.674396 0.481304 0.666667 0.483913 0.661836 0.489565 0.660870 0.494348 0.662802 0.498261 0.673430 0.503043 0.682126 0.504348 0.693720 0.504348 0.705314 0.498696 0.708213 0.491739 0.707246 0.486522 0.690821 0.480435
0 0.664734 0.456087 0.653140 0.457391 0.642512 0.462609 0.641546 0.474783 0.648309 0.479565 0.665700 0.481304 0.674396 0.480870 0.690821 0.476957 0.694686 0.474783 0.694686 0.468696 0.689855 0.462609 0.683092 0.458696
0 0.766184 0.483478 0.763285 0.481739 0.753623 0.479565 0.739130 0.480435 0.731401 0.482174 0.716908 0.483478 0.714010 0.486087 0.714976 0.489130 0.717874 0.491304 0.726570 0.492174 0.752657 0.492174 0.767150 0.486522
0 0.707246 0.460000 0.700483 0.462609 0.697585 0.465217 0.698551 0.472609 0.708213 0.479130 0.716908 0.482174 0.727536 0.481739 0.733333 0.479565 0.741063 0.472609 0.741063 0.463043 0.726570 0.460435
0 0.760386 0.466957 0.751691 0.470435 0.751691 0.475217 0.760386 0.480435 0.769082 0.483043 0.777778 0.493478 0.787440 0.493043 0.796135 0.490870 0.800966 0.483478 0.800966 0.478261 0.797101 0.473478 0.785507 0.469130 0.770048 0.466522
0 0.936232 0.485652 0.926570 0.483913 0.915942 0.483913 0.902415 0.489565 0.897585 0.497826 0.890821 0.503913 0.890821 0.514783 0.893720 0.516522 0.901449 0.516957 0.908213 0.515652 0.927536 0.515217 0.952657 0.503478 0.952657 0.493478 0.943961 0.488261
0 0.848309 0.486522 0.844444 0.488696 0.844444 0.493913 0.847343 0.498261 0.855072 0.501739 0.862802 0.503478 0.883092 0.503478 0.891787 0.500000 0.894686 0.494783 0.893720 0.489565 0.885990 0.484348 0.875362 0.481739 0.871498 0.481739
0 0.917874 0.456522 0.906280 0.456087 0.893720 0.457391 0.882126 0.461739 0.877295 0.466522 0.878261 0.474783 0.885024 0.478261 0.886957 0.482609 0.890821 0.484348 0.902415 0.485217 0.917874 0.483478 0.928502 0.480435 0.938164 0.474348 0.939130 0.468261 0.936232 0.464783 0.926570 0.459130
0 0.829952 0.459565 0.821256 0.462174 0.812560 0.470435 0.812560 0.478261 0.826087 0.483043 0.843478 0.485217 0.849275 0.485217 0.862802 0.482609 0.874396 0.474348 0.875362 0.470000 0.873430 0.466087 0.855072 0.458696 0.844444 0.458261
0 0.994203 0.444783 0.989372 0.450435 0.989372 0.456087 0.995169 0.465217 1.000000 0.465217 1.000000 0.444783
0 0.950725 0.423913 0.937198 0.429565 0.932367 0.433913 0.933333 0.450435 0.938164 0.454348 0.947826 0.456957 0.975845 0.455652 0.984541 0.453478 0.988406 0.451304 0.988406 0.445652 0.982609 0.431739 0.978744 0.428261 0.971981 0.426087 0.960386 0.423913
0 1.000000 0.400435 0.971014 0.403913 0.960386 0.406957 0.958454 0.408696 0.957488 0.414783 0.960386 0.418261 0.971981 0.425652 0.983575 0.429130 1.000000 0.428696
0 0.950725 0.404348 0.938164 0.402609 0.925604 0.402609 0.906280 0.406087 0.889855 0.411739 0.890821 0.419130 0.896618 0.425217 0.902415 0.428261 0.919807 0.429565 0.944928 0.420870 0.955556 0.410000 0.955556 0.406957
0 0.914976 0.430000 0.900483 0.428261 0.885024 0.428696 0.873430 0.430870 0.867633 0.434348 0.867633 0.440000 0.873430 0.446957 0.889855 0.456957 0.917874 0.454348 0.930435 0.448696 0.932367 0.439130 0.929469 0.435217 0.924638 0.432609
0 0.828986 0.427826 0.821256 0.430435 0.812560 0.438261 0.811594 0.448261 0.820290 0.456087 0.831884 0.459130 0.855072 0.456087 0.869565 0.450870 0.872464 0.446957 0.869565 0.442174 0.854106 0.432174 0.838647 0.428696
0 0.847343 0.402174 0.837681 0.404348 0.828019 0.409565 0.822222 0.416522 0.823188 0.423913 0.827053 0.426522 0.848309 0.430435 0.865700 0.431304 0.883092 0.426087 0.888889 0.417826 0.887923 0.412609 0.869565 0.404348 0.858937 0.402174
0 0.803865 0.435217 0.782609 0.434783 0.761353 0.437391 0.751691 0.444348 0.751691 0.449130 0.756522 0.453913 0.777778 0.460870 0.787440 0.461304 0.798068 0.459130 0.805797 0.455652 0.808696 0.451304 0.809662 0.437826
0 0.783575 0.403913 0.771014 0.407391 0.765217 0.410435 0.757488 0.416957 0.756522 0.424348 0.767150 0.428696 0.787440 0.433043 0.813527 0.434348 0.821256 0.428261 0.821256 0.422609 0.816425 0.411739 0.811594 0.407826 0.803865 0.404348 0.799034 0.403478
0 0.706280 0.437391 0.694686 0.445652 0.694686 0.452609 0.698551 0.456957 0.706280 0.458696 0.727536 0.459565 0.742029 0.461739 0.749758 0.460870 0.752657 0.459565 0.752657 0.452609 0.747826 0.446957 0.736232 0.441739 0.718841 0.436957
0 0.736232 0.407826 0.729469 0.406957 0.714010 0.407391 0.703382 0.410870 0.697585 0.419565 0.697585 0.428261 0.703382 0.431739 0.716908 0.433043 0.732367 0.432174 0.743961 0.430000 0.751691 0.423913 0.752657 0.419130 0.748792 0.417391 0.743961 0.410870
0 0.662802 0.396957 0.646377 0.398696 0.642512 0.400000 0.635749 0.407826 0.634783 0.413478 0.637681 0.418261 0.646377 0.423913 0.655072 0.427826 0.666667 0.428696 0.683092 0.425217 0.695652 0.420000 0.699517 0.411304 0.697585 0.407826 0.682126 0.400000 0.674396 0.397826
0 0.666667 0.429565 0.656039 0.430000 0.639614 0.435652 0.637681 0.438261 0.636715 0.443913 0.638647 0.447826 0.655072 0.455217 0.666667 0.453478 0.683092 0.448696 0.688889 0.444348 0.687923 0.440000 0.683092 0.435217
0 0.594203 0.442609 0.577778 0.450000 0.572947 0.455217 0.571981 0.459130 0.585507 0.464348 0.607729 0.469130 0.622222 0.469565 0.632850 0.467826 0.639614 0.463043 0.640580 0.452609 0.639614 0.450870 0.638744 0.448522 0.635169 0.445348 0.628019 0.443043 0.615459 0.441304 0.603865 0.441304
0 0.623188 0.416522 0.612560 0.415652 0.605797 0.416957 0.586473 0.424783 0.584541 0.426957 0.584541 0.432609 0.595169 0.437391 0.603865 0.439130 0.614493 0.439130 0.631884 0.436522 0.639614 0.434348 0.643478 0.429565 0.639614 0.421739 0.631884 0.420435
0 0.535266 0.425652 0.528502 0.430435 0.523671 0.439565 0.523671 0.443478 0.527536 0.446957 0.552657 0.453913 0.562319 0.454783 0.570048 0.453478 0.585507 0.443913 0.588406 0.440000 0.581643 0.435652 0.574879 0.428261 0.557488 0.424783
0 0.527536 0.449130 0.522415 0.448957 0.517874 0.450435 0.508213 0.455652 0.499517 0.467826 0.499517 0.471739 0.506280 0.474783 0.514976 0.476087 0.527536 0.476522 0.537198 0.475217 0.553623 0.466957 0.556522 0.463043 0.555556 0.458261 0.548792 0.453913 0.536232 0.450000
0 0.614493 0.400435 0.597101 0.397826 0.550725 0.398696 0.542995 0.400000 0.539130 0.405217 0.539130 0.410870 0.542995 0.416522 0.557488 0.423913 0.579710 0.424783 0.604831 0.414348 0.604831 0.412609 0.614493 0.404783
0 0.518841 0.409565 0.507246 0.411304 0.489855 0.416087 0.480193 0.423478 0.480193 0.432174 0.499517 0.440870 0.519807 0.440870 0.531401 0.426957 0.532367 0.419565 0.527536 0.415652 0.526570 0.412174
0 0.405797 0.408261 0.404831 0.412609 0.410628 0.418261 0.429952 0.429565 0.443478 0.433478 0.453140 0.433478 0.466667 0.430870 0.481159 0.420435 0.481159 0.415217 0.472464 0.409565 0.440580 0.403913 0.421256 0.403913 0.415459 0.406957
0 0.463768 0.431739 0.448309 0.434783 0.437681 0.439130 0.438647 0.450435 0.450242 0.457391 0.476329 0.459130 0.484058 0.457826 0.493720 0.451304 0.493720 0.442174 0.491787 0.439565 0.483092 0.435217 0.472464 0.432609
0 0.395169 0.420870 0.385507 0.422609 0.377778 0.426087 0.375845 0.429130 0.375845 0.437391 0.371981 0.443478 0.387440 0.447826 0.404831 0.448696 0.413527 0.447391 0.425121 0.443913 0.430918 0.440870 0.431884 0.431304 0.428019 0.427826 0.413527 0.421739
0 0.431884 0.451304 0.419324 0.451304 0.397101 0.453913 0.385507 0.460000 0.386473 0.471304 0.393237 0.475652 0.404831 0.480870 0.411594 0.482609 0.422222 0.482174 0.439614 0.475217 0.449275 0.468696 0.449275 0.458696 0.439614 0.452609
0 0.447343 0.472174 0.438647 0.475217 0.435749 0.478261 0.438647 0.490870 0.442512 0.494348 0.449275 0.497391 0.469758 0.505435 0.484058 0.494783 0.489855 0.488696 0.490821 0.485217 0.487923 0.478261 0.479227 0.474348
0 0.411594 0.486522 0.403865 0.489565 0.398068 0.497826 0.398068 0.503478 0.405797 0.510435 0.412560 0.512174 0.422222 0.512609 0.431884 0.509565 0.443478 0.508261 0.449275 0.506522 0.452174 0.501304 0.433816 0.489565 0.422222 0.486522
0 0.447343 0.507826 0.433816 0.509565 0.423188 0.513913 0.418357 0.519565 0.418357 0.526522 0.425121 0.532174 0.436715 0.537826 0.444444 0.539130 0.456039 0.539130 0.462802 0.537391 0.472464 0.531739 0.475362 0.527391 0.475362 0.522174 0.470531 0.514348 0.465700 0.510435 0.457005 0.508261
0 0.265700 0.404783 0.260870 0.407391 0.260870 0.414348 0.276329 0.425652 0.292754 0.430000 0.301449 0.430435 0.309179 0.429130 0.321739 0.420435 0.322705 0.415217 0.318841 0.407391 0.309179 0.403913 0.299517 0.403043 0.277295 0.403043
0 0.178744 0.403043 0.172947 0.404348 0.169082 0.407391 0.168116 0.417826 0.174879 0.423913 0.186473 0.426957 0.196135 0.426522 0.203865 0.423913 0.209662 0.420000 0.211594 0.410870 0.208696 0.407826 0.197101 0.403043
0 0.114976 0.402174 0.107246 0.403913 0.101449 0.407826 0.099517 0.411304 0.099517 0.418261 0.101449 0.420435 0.124638 0.429565 0.134300 0.429565 0.143961 0.428261 0.156522 0.423913 0.164251 0.415652 0.152657 0.406957 0.144928 0.403913 0.126570 0.401304
0 0.142995 0.429130 0.140097 0.432609 0.140097 0.438261 0.142995 0.440435 0.163285 0.442609 0.178744 0.446087 0.187440 0.444348 0.198068 0.439130 0.199034 0.435217 0.196135 0.432174 0.189372 0.429565 0.171981 0.425652 0.159420 0.426087
0 0.216425 0.419565 0.208696 0.423478 0.208696 0.430435 0.213527 0.435217 0.221256 0.439130 0.230918 0.441739 0.245411 0.443913 0.257971 0.443478 0.265700 0.440000 0.269565 0.436087 0.268599 0.427826 0.261836 0.421739 0.247343 0.417826 0.228019 0.417826
0 0.274396 0.435217 0.271498 0.441304 0.273430 0.449130 0.278261 0.453913 0.289855 0.458261 0.296618 0.459130 0.312077 0.458696 0.336232 0.455217 0.343961 0.452609 0.344928 0.450870 0.331401 0.441739 0.309179 0.433478 0.300483 0.432174 0.282126 0.432609
0 0.084058 0.435652 0.077295 0.442609 0.077295 0.448696 0.082126 0.454783 0.090821 0.457391 0.105314 0.456957 0.115942 0.459565 0.124638 0.458261 0.133333 0.445652 0.133333 0.442609 0.129469 0.440000 0.118841 0.436087 0.106280 0.433913 0.094686 0.433913
0 0.141063 0.442174 0.137198 0.443478 0.128502 0.452174 0.126570 0.459565 0.134300 0.465217 0.149758 0.471304 0.158454 0.472609 0.170048 0.471739 0.184541 0.467826 0.190338 0.464348 0.190338 0.458696 0.180676 0.449130 0.170048 0.444348 0.152657 0.441739
0 0.389372 0.658261 0.386473 0.661304 0.386473 0.667391 0.397101 0.674348 0.413527 0.680870 0.421256 0.682174 0.426087 0.681739 0.439614 0.677826 0.449275 0.670435 0.449275 0.665652 0.443478 0.661739 0.426087 0.656522 0.419324 0.655652 0.395169 0.655652
0 0.202899 0.439565 0.194203 0.443043 0.188406 0.446957 0.185507 0.452174 0.189372 0.457391 0.198068 0.463913 0.205797 0.466957 0.214493 0.467391 0.225121 0.465652 0.230918 0.463043 0.235749 0.457391 0.235749 0.451304 0.228986 0.445652 0.222222 0.442609
0 0.243478 0.454348 0.238647 0.457826 0.232850 0.466522 0.233816 0.471304 0.237681 0.474783 0.246377 0.477826 0.266667 0.480870 0.277295 0.480870 0.287923 0.478261 0.294686 0.472174 0.292754 0.464348 0.287923 0.459565 0.276329 0.454348 0.270531 0.453043 0.254106 0.452609
0 0.308213 0.468696 0.304348 0.475652 0.304348 0.481739 0.306280 0.483913 0.308309 0.487000 0.314010 0.489565 0.320773 0.494348 0.333333 0.498261 0.342995 0.499130 0.361353 0.494783 0.370048 0.490435 0.371014 0.487826 0.370048 0.481304 0.361353 0.475652 0.352657 0.471739 0.335266 0.466522 0.321739 0.466522
0 0.099517 0.472174 0.097585 0.476522 0.099517 0.488261 0.112077 0.498696 0.121739 0.500870 0.129469 0.500870 0.152657 0.497391 0.158454 0.494783 0.162319 0.489565 0.154589 0.479130 0.140097 0.472174 0.135266 0.470870 0.120773 0.469565 0.104348 0.470435
0 0.190338 0.468261 0.167150 0.473478 0.160386 0.478696 0.158454 0.482609 0.160386 0.486087 0.179710 0.497391 0.186473 0.499130 0.198068 0.499130 0.203865 0.498261 0.211594 0.495217 0.223188 0.486957 0.225121 0.483043 0.224155 0.473478 0.215459 0.469565
0 0.223188 0.485217 0.216425 0.490435 0.216425 0.497391 0.221256 0.506087 0.228986 0.508261 0.240580 0.509130 0.257005 0.509130 0.265700 0.507391 0.273430 0.502174 0.270531 0.490000 0.265700 0.485217 0.243478 0.483043 0.235749 0.483043
0 0.273430 0.483043 0.270531 0.483913 0.268599 0.486522 0.276329 0.503478 0.283092 0.508261 0.299517 0.508261 0.316908 0.499130 0.316908 0.493913 0.302415 0.485217 0.290821 0.483478
0 0.346860 0.500435 0.342995 0.503043 0.342029 0.506087 0.350725 0.513913 0.379710 0.523478 0.396135 0.524348 0.400966 0.522609 0.399034 0.506522 0.386473 0.497826 0.369082 0.496087 0.355556 0.497826
0 0.354589 0.515652 0.333333 0.515652 0.320773 0.517391 0.316908 0.519130 0.314010 0.527391 0.315942 0.537391 0.325604 0.540000 0.335266 0.540000 0.358454 0.537826 0.365217 0.535652 0.367150 0.533043 0.365217 0.521304 0.361353 0.517826
0 0.285024 0.509565 0.277295 0.512174 0.270531 0.513043 0.264734 0.516087 0.262802 0.518261 0.263768 0.525217 0.273430 0.531739 0.294686 0.538696 0.300483 0.539565 0.308213 0.537826 0.311111 0.535652 0.315942 0.516522 0.313043 0.513913 0.302415 0.509565
0 0.254106 0.517391 0.241546 0.515652 0.229952 0.515652 0.211594 0.526087 0.208696 0.528696 0.209662 0.533043 0.221256 0.540000 0.230918 0.540435 0.237681 0.539565 0.247343 0.536957 0.253140 0.533913 0.259903 0.526087 0.259903 0.520435
0 0.084058 0.501739 0.080193 0.505217 0.080193 0.510870 0.084058 0.516957 0.090821 0.521739 0.098551 0.523478 0.127536 0.523478 0.134300 0.522174 0.143961 0.516957 0.146860 0.511304 0.143961 0.504348 0.132367 0.501739 0.101449 0.498696 0.089855 0.499565
0 0.114976 0.528696 0.117874 0.531304 0.133333 0.536522 0.158454 0.539130 0.170048 0.539565 0.176812 0.538696 0.189372 0.534783 0.193237 0.532174 0.193237 0.526957 0.189372 0.521304 0.177778 0.515217 0.170048 0.513913 0.160386 0.513913 0.145894 0.516522 0.128502 0.526522
0 0.187440 0.534783 0.174879 0.539565 0.171981 0.543913 0.171014 0.556957 0.177778 0.559565 0.195169 0.560870 0.203865 0.563913 0.212560 0.563043 0.222222 0.559130 0.226087 0.555652 0.227053 0.551739 0.224155 0.546087 0.211594 0.535652 0.200000 0.534348
0 0.127536 0.539565 0.114976 0.538696 0.104348 0.540000 0.090821 0.546957 0.085024 0.555217 0.085024 0.564783 0.090821 0.569565 0.098551 0.570870 0.129469 0.569565 0.147826 0.560870 0.149758 0.552609 0.145894 0.547391 0.135266 0.541739
0 0.151691 0.557826 0.147826 0.563913 0.148792 0.570435 0.157488 0.578261 0.172947 0.584783 0.178744 0.585217 0.192271 0.583043 0.202899 0.577826 0.206763 0.573478 0.202899 0.564783 0.196135 0.561739 0.180676 0.560435 0.170048 0.557391 0.157488 0.556957
0 0.254106 0.536522 0.243478 0.540870 0.240580 0.544783 0.241546 0.549130 0.245411 0.552609 0.255072 0.556522 0.274396 0.560435 0.284058 0.560870 0.291787 0.558696 0.300483 0.550870 0.300483 0.547826 0.292754 0.539565 0.277295 0.535217
0 0.385507 0.526522 0.377778 0.528696 0.370048 0.533043 0.371014 0.540435 0.377778 0.545217 0.395169 0.549565 0.405797 0.550870 0.417391 0.547391 0.422222 0.542609 0.422222 0.536087 0.419324 0.532174 0.413527 0.528261 0.404831 0.526087
0 0.361353 0.540000 0.330435 0.547391 0.325604 0.550000 0.321739 0.555217 0.325604 0.563478 0.347826 0.568696 0.358454 0.570000 0.364251 0.569565 0.371981 0.566087 0.379710 0.556957 0.376812 0.546957 0.371981 0.544783 0.368116 0.540870
0 0.449275 0.543043 0.435749 0.544348 0.424155 0.549130 0.416425 0.555217 0.415459 0.560870 0.418357 0.567391 0.428019 0.570870 0.437681 0.572174 0.445411 0.572174 0.472464 0.568261 0.480193 0.564783 0.483092 0.561304 0.477295 0.552174 0.466667 0.547391
0 0.394203 0.551739 0.383575 0.555217 0.378744 0.558696 0.371981 0.567826 0.371981 0.572609 0.375845 0.577391 0.380676 0.579130 0.405797 0.580000 0.411594 0.578696 0.415459 0.574348 0.415459 0.564783 0.405797 0.552609
0 0.454106 0.571739 0.447343 0.576087 0.446377 0.589130 0.453140 0.596522 0.456039 0.597826 0.477295 0.599130 0.491787 0.597826 0.502415 0.595652 0.504348 0.592174 0.503382 0.584783 0.498551 0.579565 0.486957 0.572609 0.474396 0.570000
0 0.144928 0.572174 0.128502 0.570435 0.109179 0.571739 0.101449 0.576522 0.099517 0.586522 0.108213 0.597826 0.116908 0.603478 0.132367 0.602609 0.147826 0.599130 0.156522 0.594348 0.163285 0.588261 0.163285 0.585217 0.158454 0.578261
0 0.082126 0.610435 0.082126 0.619130 0.090821 0.627391 0.100483 0.627826 0.107536 0.629000 0.117874 0.626522 0.139130 0.619565 0.139130 0.611304 0.134300 0.608696 0.124638 0.606522 0.098551 0.605217 0.086957 0.607391
0 0.103092 0.631783 0.096618 0.645217 0.099517 0.653913 0.102415 0.652174 0.109179 0.651739 0.125604 0.656522 0.134300 0.656087 0.143961 0.653913 0.149758 0.648261 0.149758 0.644783 0.144928 0.639565 0.131304 0.630217 0.118261 0.629304
0 0.102995 0.651870 0.087923 0.666087 0.085024 0.673478 0.086957 0.677826 0.098551 0.681304 0.114976 0.681304 0.136232 0.678261 0.141063 0.674348 0.141063 0.666522 0.132367 0.659565 0.118841 0.654783
0 0.169082 0.656522 0.148792 0.660000 0.143961 0.662174 0.142029 0.666522 0.159420 0.679130 0.169082 0.680870 0.172947 0.682609 0.178744 0.683043 0.188406 0.681739 0.198068 0.676957 0.204831 0.672174 0.205797 0.668696 0.203865 0.665652 0.195169 0.660435 0.187440 0.658261
0 0.158454 0.646087 0.158454 0.650870 0.166184 0.655217 0.203865 0.660435 0.212560 0.659565 0.217391 0.657826 0.221256 0.650435 0.221256 0.645652 0.215459 0.640000 0.196135 0.636957 0.187440 0.637391 0.166184 0.641739
0 0.177778 0.613043 0.164251 0.612609 0.145894 0.616522 0.136232 0.621739 0.136232 0.628696 0.139130 0.635217 0.151691 0.642174 0.162319 0.642174 0.187440 0.636957 0.195169 0.632174 0.196135 0.625217 0.193237 0.620000 0.189372 0.616957
0 0.184541 0.585652 0.170048 0.588261 0.159420 0.593913 0.154589 0.599565 0.155556 0.604348 0.159420 0.607391 0.170048 0.611739 0.197101 0.612609 0.204831 0.610870 0.212560 0.603913 0.209662 0.591739 0.203865 0.586957 0.198068 0.585652
0 0.135266 0.622609 0.117874 0.626522 0.108213 0.625652 0.090821 0.628696 0.090821 0.635652 0.094686 0.638696 0.100483 0.640000 0.102415 0.636957 0.106280 0.635217 0.109179 0.635217 0.114976 0.632174 0.136232 0.633043 0.139130 0.631739 0.139130 0.628696