0 0.995211 0.807161 0.992337 0.809750 0.990613 0.816523 0.994253 0.822261 1.000000 0.822261 1.000000 0.807161
0 0.860153 0.751510 0.837165 0.749784 0.821839 0.752373 0.804598 0.759275 0.804598 0.764021 0.809387 0.767903 0.818966 0.771786 0.829502 0.772217 0.840996 0.771786 0.859195 0.768335 0.871648 0.764021 0.872605 0.760569 0.867816 0.755824
0 0.978927 0.796808 0.951149 0.799827 0.934866 0.806299 0.930077 0.810181 0.931034 0.815358 0.934866 0.820535 0.952107 0.826143 0.970307 0.826143 0.976054 0.824849 0.988506 0.819241 0.991379 0.808024 0.987548 0.800259
0 0.671456 0.656601 0.662835 0.656169 0.638889 0.658758 0.617816 0.669111 0.615900 0.671268 0.616858 0.682485 0.625479 0.686799 0.635057 0.689387 0.646552 0.691113 0.655172 0.690682 0.666667 0.688093 0.674330 0.684642 0.679119 0.678602 0.679119 0.675582 0.674330 0.666954 0.675287 0.657895
0 0.098659 0.977998 0.094828 0.982312 0.095785 0.987058 0.105364 0.993097 0.116858 0.995686 0.136015 0.996117 0.154215 0.993097 0.164751 0.987058 0.165709 0.981018 0.163793 0.978430 0.153257 0.972821 0.146552 0.971527 0.131226 0.970233 0.115900 0.970664 0.105364 0.974116
0 0.943487 0.933563 0.941571 0.934858 0.932950 0.935720 0.925287 0.937877 0.916667 0.942192 0.912835 0.946937 0.913793 0.955565 0.919540 0.959879 0.931992 0.963330 0.955939 0.964625 0.961686 0.963762 0.974138 0.956428 0.974138 0.947368 0.969349 0.941760 0.960728 0.936152 0.953065 0.933563
0 0.995211 0.982744 0.988506 0.986195 0.986590 0.988783 0.986590 0.994823 0.991379 0.998274 0.991379 1.000000 1.000000 1.000000 1.000000 0.982744
0 0.916667 0.971096 0.905172 0.977998 0.906130 0.984038 0.912835 0.991372 0.920498 0.996549 0.922414 1.000000 0.943487 1.000000 0.943487 0.998274 0.954981 0.991372 0.961686 0.982312 0.961686 0.977998 0.952107 0.971527 0.942529 0.970233 0.922414 0.970233
0 0.845785 0.977998 0.843870 0.983175 0.846743 0.990078 0.855364 0.998274 0.855364 1.000000 0.902299 1.000000 0.904215 0.994823 0.903257 0.986195 0.895594 0.978430 0.890805 0.975841 0.882184 0.973253 0.871648 0.972821 0.862069 0.973684
0 0.832375 0.979292 0.825670 0.976273 0.815134 0.974116 0.805556 0.974547 0.790230 0.978430 0.777778 0.984469 0.772989 0.990078 0.772989 0.994392 0.777778 0.998274 0.777778 1.000000 0.831418 1.000000 0.831418 0.998274 0.837165 0.995686 0.839080 0.992666 0.839080 0.985764
0 0.674330 0.953840 0.655172 0.953408 0.647510 0.954702 0.637931 0.959016 0.635057 0.962036 0.637931 0.974116 0.653257 0.984901 0.654215 0.990509 0.656130 0.990940 0.661877 0.989646 0.665709 0.986195 0.666667 0.982744 0.674330 0.979292 0.683908 0.971527 0.685824 0.962468 0.682950 0.958154
0 0.860153 0.907679 0.842912 0.904228 0.834291 0.904228 0.829502 0.905091 0.816092 0.910699 0.807471 0.922347 0.810345 0.935289 0.799808 0.939172 0.800766 0.941760 0.804598 0.942192 0.821839 0.939603 0.828544 0.936152 0.846743 0.933132 0.857280 0.927524 0.865900 0.921484 0.867816 0.918464 0.867816 0.911993
0 0.760536 0.890423 0.751916 0.895600 0.749042 0.906816 0.751916 0.916307 0.760536 0.920621 0.768199 0.920621 0.775862 0.921915 0.786398 0.921915 0.798851 0.920190 0.814176 0.912856 0.816092 0.907679 0.813218 0.902934 0.805556 0.897757 0.790230 0.892148 0.773946 0.892580 0.768199 0.890854
0 0.734674 0.896894 0.724138 0.892580 0.717433 0.891286 0.707854 0.891286 0.700192 0.893443 0.684866 0.904228 0.681034 0.912425 0.674330 0.917601 0.673372 0.920190 0.680077 0.921484 0.709770 0.921484 0.735632 0.916307 0.745211 0.911993 0.746169 0.906385 0.744253 0.903365
0 0.477969 0.924072 0.481801 0.930975 0.487548 0.933563 0.498084 0.935720 0.511494 0.935720 0.522989 0.933563 0.548851 0.922778 0.557471 0.921053 0.559387 0.918033 0.551724 0.910699 0.547893 0.909836 0.533525 0.910699 0.520115 0.908973 0.502874 0.908973 0.494253 0.910267 0.481801 0.915013 0.477969 0.919327
0 0.418582 0.912425 0.386973 0.905953 0.371648 0.905522 0.361111 0.906816 0.354406 0.909836 0.349617 0.914150 0.350575 0.923210 0.356322 0.930112 0.361111 0.932269 0.375479 0.933132 0.401341 0.929249 0.421456 0.919758 0.422414 0.915013
0 0.111111 0.904228 0.109195 0.911993 0.112069 0.914582 0.118774 0.917170 0.140805 0.919327 0.169540 0.918033 0.177203 0.919758 0.182950 0.919327 0.187739 0.917170 0.187739 0.914582 0.184866 0.911993 0.176245 0.908542 0.165709 0.900345 0.148467 0.894305 0.133142 0.893443 0.126437 0.894737 0.116858 0.899482
0 0.959770 0.914582 0.952107 0.918464 0.950192 0.922347 0.944444 0.927092 0.946360 0.930975 0.955939 0.933132 0.969349 0.938309 0.979885 0.939603 1.000000 0.939603 1.000000 0.910267 0.978927 0.910267
0 0.898467 0.890854 0.890805 0.894305 0.882184 0.908973 0.882184 0.913287 0.896552 0.920190 0.909004 0.921053 0.927203 0.918033 0.936782 0.914150 0.944444 0.907679 0.944444 0.900345 0.934866 0.895168 0.926245 0.892580
0 0.995211 0.856342 0.986590 0.860224 0.977011 0.861950 0.973180 0.863676 0.972222 0.866264 0.980843 0.874029 0.988506 0.877481 0.994253 0.878775 1.000000 0.878775 1.000000 0.856342
0 0.932950 0.868852 0.924330 0.872735 0.923372 0.875324 0.916667 0.880500 0.907088 0.885375 0.943487 0.896894 0.958812 0.896894 0.976054 0.893443 0.984674 0.887834 0.983716 0.877481 0.979885 0.874029 0.969349 0.868852 0.961686 0.867990
0 0.916667 0.864970 0.909962 0.863676 0.893678 0.864970 0.873563 0.864970 0.859195 0.868852 0.848659 0.876186 0.849617 0.880932 0.856322 0.886972 0.864943 0.889991 0.880268 0.892148 0.890805 0.891286 0.897510 0.889560 0.911877 0.880932 0.916667 0.871441
0 0.795019 0.861519 0.794061 0.863244 0.786398 0.865833 0.783525 0.872735 0.787356 0.883520 0.795977 0.887834 0.802682 0.889560 0.819923 0.889991 0.828544 0.888697 0.843870 0.881795 0.847701 0.877912 0.847701 0.875324 0.840996 0.868852 0.828544 0.864538 0.799808 0.862813
0 0.761494 0.836928 0.753831 0.837360 0.748084 0.839948 0.735632 0.841674 0.726054 0.845557 0.716475 0.852459 0.716475 0.860224 0.724138 0.865401 0.741379 0.869284 0.756705 0.870578 0.767241 0.869715 0.776820 0.864970 0.780651 0.861519 0.780651 0.855910 0.782567 0.854185 0.777778 0.845557 0.767241 0.838223
0 0.775862 0.841674 0.781609 0.845125 0.789272 0.853753 0.799808 0.858067 0.819923 0.861519 0.824713 0.861519 0.839080 0.858930 0.842912 0.857204 0.849617 0.846851 0.849617 0.841674 0.838123 0.834771 0.827586 0.833046 0.811303 0.833046 0.794061 0.836928 0.782950 0.840595
0 0.866858 0.837791 0.853448 0.843399 0.849617 0.847714 0.848659 0.853753 0.854406 0.858930 0.866858 0.862381 0.879310 0.863676 0.893678 0.863676 0.904215 0.861519 0.909962 0.852890 0.909962 0.848576 0.904215 0.842537 0.883142 0.836497 0.873563 0.836497
0 0.987548 0.849439 0.978927 0.848145 0.967433 0.843399 0.958812 0.841674 0.942529 0.840380 0.925287 0.842537 0.914751 0.846419 0.911877 0.849439 0.911877 0.857636 0.916667 0.864107 0.920498 0.866264 0.925287 0.867127 0.943487 0.867127 0.960728 0.865401 0.972222 0.861950 0.981801 0.855910 0.988506 0.853753
0 0.986590 0.823123 0.968391 0.828300 0.963602 0.833477 0.966475 0.840811 0.971264 0.843831 0.986590 0.849008 1.000000 0.849871 1.000000 0.823555
0 0.918582 0.817084 0.898467 0.818378 0.895594 0.819672 0.894636 0.822261 0.886973 0.826143 0.886973 0.834771 0.888889 0.836497 0.909004 0.843399 0.918582 0.842968 0.936782 0.839085 0.943487 0.833909 0.944444 0.831320 0.941571 0.824849 0.928161 0.818809
0 0.864943 0.800259 0.859195 0.806299 0.859195 0.811044 0.861111 0.812770 0.886973 0.818809 0.900383 0.818809 0.918582 0.815789 0.927203 0.811044 0.929119 0.806299 0.926245 0.803279 0.911877 0.796808 0.903257 0.794651 0.886015 0.794651 0.873563 0.796808
0 0.818008 0.815358 0.814176 0.817515 0.814176 0.819241 0.819923 0.826143 0.830460 0.831752 0.840996 0.834340 0.848659 0.837791 0.858238 0.838654 0.875479 0.834340 0.883142 0.826575 0.883142 0.820966 0.879310 0.817947 0.871648 0.817084 0.858238 0.813201 0.848659 0.812338
0 0.769157 0.814495 0.764368 0.817947 0.766284 0.827869 0.768199 0.830889 0.774904 0.834340 0.789272 0.835634 0.804598 0.833909 0.813218 0.830026 0.817050 0.826575 0.816092 0.821398 0.805556 0.816221 0.781609 0.813201
0 0.795019 0.786885 0.792146 0.790768 0.792146 0.795082 0.795019 0.797670 0.796935 0.804573 0.789464 0.812468 0.798851 0.814495 0.813218 0.815789 0.844828 0.811044 0.849617 0.807593 0.846743 0.796808 0.839080 0.793356 0.838123 0.790768 0.831418 0.787748 0.821839 0.786022 0.802682 0.785591
0 0.891762 0.771355 0.883142 0.769198 0.862069 0.769629 0.844828 0.771355 0.837165 0.773943 0.825192 0.782744 0.829502 0.786885 0.847701 0.795513 0.868774 0.796808 0.893678 0.793356 0.897510 0.790768 0.900383 0.783003 0.896552 0.775237
0 0.916667 0.774806 0.904215 0.780414 0.903257 0.785160 0.906130 0.790336 0.910920 0.795082 0.926245 0.801553 0.942529 0.801122 0.950192 0.798965 0.958812 0.794219 0.961686 0.783003 0.943487 0.775237
0 0.986590 0.778257 0.977969 0.779551 0.967433 0.783003 0.964559 0.786885 0.963027 0.794133 0.969636 0.796894 0.981513 0.795815 0.988506 0.799396 0.991379 0.804142 0.995211 0.805867 1.000000 0.805867 1.000000 0.779551
0 0.995211 0.764452 0.990421 0.767041 0.990421 0.773512 0.995211 0.776531 1.000000 0.776531 1.000000 0.764452
0 0.948276 0.754961 0.938697 0.759275 0.936782 0.762295 0.926245 0.768766 0.925287 0.772217 0.943487 0.774806 0.960728 0.780414 0.978927 0.779983 0.989464 0.774806 0.990421 0.766178 0.987548 0.761001 0.985728 0.758801 0.980939 0.756903 0.976054 0.755824 0.973180 0.754961
0 0.994253 0.736411 0.985632 0.738999 0.981801 0.746764 0.982759 0.754961 0.993295 0.763589 1.000000 0.764452 1.000000 0.736411
0 0.898467 0.742882 0.881226 0.747196 0.873563 0.750647 0.870690 0.756255 0.883142 0.767903 0.887931 0.768766 0.893678 0.771786 0.909004 0.773080 0.917625 0.771355 0.926245 0.767472 0.935824 0.759707 0.936782 0.754961 0.932950 0.750647 0.919540 0.744176
0 0.840038 0.722174 0.837165 0.723900 0.833333 0.731234 0.833333 0.738136 0.836207 0.741588 0.842912 0.744176 0.846743 0.748059 0.852490 0.749353 0.864943 0.749784 0.874521 0.748490 0.886015 0.744176 0.889847 0.740725 0.888889 0.735548 0.883142 0.729940 0.864943 0.721743 0.846743 0.721311
0 0.768199 0.747627 0.769157 0.751941 0.777778 0.756255 0.804598 0.757118 0.824713 0.750647 0.837165 0.748490 0.838123 0.744176 0.829502 0.742019 0.822797 0.738136 0.815134 0.735979 0.795019 0.734254 0.785441 0.735116 0.776820 0.737705 0.769157 0.744607
0 0.775862 0.758412 0.768199 0.759707 0.752874 0.767472 0.748084 0.772649 0.749042 0.782571 0.753831 0.785591 0.760536 0.787317 0.788314 0.788179 0.795019 0.787317 0.805556 0.783434 0.811303 0.775669 0.810345 0.771355 0.800766 0.763589 0.795019 0.761001 0.787356 0.758844
0 0.751916 0.788179 0.739464 0.790768 0.734674 0.793788 0.731801 0.797239 0.731801 0.802416 0.739464 0.810613 0.750958 0.814064 0.761494 0.815789 0.771073 0.812770 0.788314 0.810871 0.795019 0.806773 0.795019 0.800690 0.789272 0.794219 0.778736 0.789905 0.765326 0.788179
0 0.707854 0.811044 0.696360 0.817084 0.693487 0.823555 0.698276 0.827869 0.710728 0.834340 0.723180 0.836066 0.738506 0.836066 0.752874 0.834771 0.763410 0.830457 0.762452 0.821398 0.754789 0.815789 0.747126 0.812770 0.721264 0.810181
0 0.395594 0.874892 0.388889 0.883520 0.388889 0.889560 0.392720 0.893011 0.403257 0.895600 0.422414 0.895168 0.437739 0.892580 0.449234 0.889129 0.448276 0.884383 0.429119 0.873167 0.422414 0.871441 0.410920 0.870578 0.403257 0.871441
0 0.181034 0.853322 0.174330 0.852459 0.143678 0.853322 0.130268 0.857204 0.125479 0.860224 0.123563 0.866264 0.129310 0.869715 0.134100 0.875755 0.144636 0.877912 0.160920 0.878775 0.172414 0.877049 0.190613 0.872304 0.196360 0.869284 0.199234 0.864538 0.195402 0.859793
0 0.668582 0.816221 0.663793 0.817515 0.664751 0.822692 0.661877 0.834340 0.666667 0.842537 0.670498 0.846419 0.678161 0.850302 0.681992 0.851165 0.700192 0.850302 0.708812 0.848145 0.714559 0.842968 0.712644 0.836497 0.700192 0.830026 0.683908 0.818809 0.674330 0.815789
0 0.648467 0.803279 0.636303 0.804055 0.623563 0.804573 0.607280 0.805436 0.602490 0.806299 0.593870 0.810181 0.590038 0.814064 0.590996 0.819672 0.599617 0.824849 0.613985 0.830457 0.623563 0.832183 0.636015 0.831320 0.646552 0.826143 0.655364 0.823210 0.658142 0.818507 0.657280 0.816393 0.651341 0.805867
0 0.729885 0.798102 0.714559 0.790768 0.707854 0.789042 0.697318 0.788611 0.689655 0.789474 0.679119 0.792925 0.662835 0.800690 0.659962 0.808887 0.661877 0.814495 0.690613 0.817084 0.697318 0.816221 0.708812 0.810613 0.720307 0.809318 0.725096 0.807593 0.725000 0.803710
0 0.662739 0.771355 0.668582 0.775237 0.672414 0.775669 0.681992 0.781708 0.697318 0.787748 0.718391 0.789042 0.722222 0.790336 0.728257 0.789991 0.735632 0.788179 0.744253 0.782140 0.744253 0.774806 0.735632 0.770492 0.718391 0.766178 0.689655 0.766178 0.673851 0.768507
0 0.651341 0.773512 0.643678 0.774374 0.631226 0.779983 0.627395 0.783003 0.626437 0.788611 0.634100 0.795513 0.646552 0.800259 0.657088 0.800259 0.664751 0.798965 0.676245 0.794651 0.682950 0.790768 0.684866 0.786022 0.681992 0.782140 0.674330 0.776963 0.663793 0.773943
0 0.576628 0.777394 0.565709 0.784556 0.561590 0.793486 0.568966 0.800259 0.574713 0.802847 0.596743 0.805436 0.628352 0.802847 0.635057 0.800259 0.636973 0.798533 0.629215 0.792925 0.624521 0.786454 0.613985 0.780846 0.606322 0.779551 0.604406 0.778257 0.599904 0.777308 0.598659 0.776531 0.593582 0.775971 0.587165 0.775237
0 0.595785 0.749784 0.584291 0.754098 0.581418 0.757118 0.575670 0.759707 0.575670 0.769198 0.586207 0.773512 0.596743 0.775669 0.612069 0.777394 0.629310 0.776531 0.633142 0.772217 0.633142 0.766178 0.630268 0.764021 0.630268 0.758412 0.626437 0.753667 0.613985 0.748921 0.603448 0.748490
0 0.693487 0.745470 0.681992 0.741588 0.665709 0.738999 0.654215 0.739431 0.647510 0.741588 0.636973 0.748490 0.634866 0.751035 0.633142 0.755393 0.632854 0.761907 0.635632 0.769068 0.638889 0.772649 0.676245 0.767903 0.693487 0.761864 0.699234 0.755824 0.700192 0.752373
0 0.707854 0.741588 0.701149 0.744607 0.699234 0.748921 0.711686 0.760138 0.718391 0.763589 0.728927 0.766178 0.731801 0.767903 0.745211 0.768335 0.763410 0.760138 0.766284 0.754098 0.763410 0.747627 0.753831 0.743745 0.731801 0.740725 0.712644 0.740725
0 0.715517 0.712683 0.689655 0.712683 0.673372 0.716566 0.667625 0.723037 0.667146 0.728645 0.674330 0.733391 0.679119 0.738999 0.690613 0.743745 0.701149 0.743313 0.717433 0.738568 0.729885 0.731234 0.731801 0.723037 0.728927 0.717429
0 0.732759 0.716566 0.731801 0.729508 0.737548 0.736842 0.743295 0.740293 0.751916 0.742450 0.762452 0.742450 0.769157 0.741156 0.772031 0.738568 0.780651 0.735979 0.785441 0.732097 0.787356 0.726488 0.783525 0.720449 0.780651 0.719154 0.769157 0.718292 0.752874 0.715272 0.740421 0.715272
0 0.795019 0.711821 0.783525 0.716566 0.783525 0.720880 0.792146 0.727783 0.806513 0.734685 0.814176 0.735548 0.826628 0.733822 0.832375 0.731234 0.835249 0.727783 0.835249 0.723037 0.833333 0.721311 0.807471 0.712683
0 0.847701 0.691976 0.831418 0.691976 0.815134 0.696290 0.808429 0.700173 0.808429 0.709232 0.811303 0.712683 0.829502 0.718723 0.838123 0.720966 0.850862 0.720621 0.861207 0.718464 0.867816 0.709232 0.867816 0.701035 0.857280 0.694133
0 0.887931 0.686972 0.873563 0.693270 0.870690 0.695858 0.868774 0.700173 0.869732 0.706212 0.881226 0.712683 0.890805 0.715703 0.905172 0.716566 0.916667 0.715703 0.921456 0.710958 0.918582 0.698016 0.903257 0.688093
0 0.952969 0.721743 0.954119 0.721441 0.956897 0.721743 0.961686 0.721743 0.978927 0.729940 0.982759 0.735116 0.982759 0.739862 0.978927 0.746333 0.971264 0.750216 0.959770 0.752804 0.937644 0.751726 0.924330 0.744176 0.923372 0.735548 0.925287 0.730802 0.933908 0.726488 0.944828 0.725539 0.948659 0.722261 0.952011 0.721657 0.952874 0.721786 0.953065 0.721829
0 0.995211 0.715703 0.988793 0.722519 0.986590 0.729077 0.992337 0.734685 0.995211 0.735979 1.000000 0.735979 1.000000 0.715703
0 0.923372 0.712683 0.922414 0.721311 0.925287 0.726920 0.943295 0.724547 0.946743 0.722606 0.950192 0.721398 0.954693 0.720751 0.965517 0.721743 0.976437 0.727437 0.984195 0.727696 0.993295 0.716997 0.989464 0.712683 0.983716 0.711389 0.966475 0.703624 0.962644 0.702761 0.951149 0.703192 0.934866 0.707075
0 0.743295 0.661777 0.731801 0.666091 0.724138 0.679034 0.726054 0.681622 0.734674 0.684642 0.754789 0.685505 0.758621 0.684211 0.761494 0.680328 0.772989 0.674720 0.772989 0.669543 0.770115 0.666523 0.765326 0.664797 0.752874 0.662209
0 0.833333 0.679034 0.822797 0.670837 0.814176 0.669111 0.801724 0.669543 0.786398 0.672563 0.769157 0.679465 0.763410 0.680328 0.762452 0.685505 0.768199 0.687662 0.789272 0.690250 0.800766 0.693270 0.811303 0.694133 0.823755 0.693701 0.833333 0.689387
0 0.750000 0.688525 0.740421 0.691544 0.738506 0.693270 0.741379 0.696721 0.739464 0.701467 0.746169 0.709664 0.751916 0.713546 0.765326 0.716997 0.778736 0.716997 0.798851 0.709232 0.803640 0.704918 0.804598 0.700173 0.797893 0.694564 0.788314 0.691113 0.762452 0.687662
0 0.963602 0.415876 0.951149 0.422778 0.951149 0.431406 0.960728 0.435720 0.977969 0.440035 0.987548 0.441329 1.000000 0.441329 1.000000 0.414582 0.977969 0.413287
0 0.657088 0.693270 0.653448 0.693658 0.670498 0.702761 0.680077 0.707075 0.690613 0.710095 0.718391 0.711821 0.727011 0.710526 0.733716 0.706212 0.735632 0.691976 0.727011 0.684642 0.714559 0.682916 0.689655 0.682485 0.674330 0.685505 0.655843 0.692235
0 0.632184 0.720449 0.612069 0.721311 0.604406 0.724763 0.600575 0.729940 0.604406 0.739431 0.610824 0.747584 0.616188 0.749310 0.621264 0.750561 0.638889 0.745470 0.650383 0.739862 0.655172 0.732959 0.653257 0.728214 0.646552 0.723469
0 0.620690 0.692839 0.612069 0.696721 0.603448 0.703192 0.602490 0.710526 0.604406 0.713546 0.613027 0.717429 0.627395 0.718723 0.634100 0.720880 0.648467 0.720880 0.665326 0.717213 0.675479 0.712123 0.669540 0.704918 0.660920 0.698016 0.640805 0.692407
0 0.585824 0.727912 0.574713 0.728214 0.560345 0.727783 0.551724 0.729508 0.544061 0.730759 0.535441 0.733822 0.533525 0.735116 0.534483 0.738568 0.545977 0.743313 0.552682 0.747627 0.568966 0.753236 0.578544 0.753667 0.587165 0.752373 0.597701 0.747196 0.598659 0.742882 0.602586 0.740293 0.602490 0.738179 0.600862 0.736109 0.591954 0.731665
0 0.793103 0.512942 0.781609 0.515531 0.774904 0.518550 0.768199 0.525022 0.768199 0.533218 0.776820 0.539258 0.787356 0.542709 0.803640 0.543572 0.813218 0.542709 0.818008 0.541415 0.825670 0.536670 0.826628 0.529336 0.823755 0.520708 0.815134 0.515962 0.800766 0.512942
0 0.567050 0.700173 0.552682 0.702330 0.546935 0.704487 0.542146 0.708801 0.543103 0.713546 0.551724 0.721743 0.559387 0.725626 0.577586 0.726057 0.589080 0.722606 0.599617 0.716997 0.601533 0.713115 0.599617 0.710095 0.600575 0.704487 0.597701 0.702761 0.586207 0.700604
0 0.547893 0.684642 0.547893 0.689387 0.551724 0.694133 0.562261 0.699310 0.581418 0.700173 0.596743 0.699741 0.607280 0.696721 0.622605 0.690250 0.618774 0.685073 0.607280 0.679465 0.591954 0.675151 0.579502 0.673857 0.568966 0.673857 0.556513 0.676877 0.551724 0.679034
0 0.515326 0.681191 0.500000 0.684642 0.492337 0.688093 0.487548 0.692407 0.487548 0.695858 0.490421 0.700173 0.501916 0.706644 0.516284 0.708801 0.527778 0.709232 0.537356 0.707506 0.543103 0.704918 0.548851 0.700604 0.549808 0.695427 0.544061 0.686799 0.525862 0.681622
0 0.485632 0.712683 0.482759 0.716566 0.482759 0.721743 0.485632 0.725194 0.496169 0.728645 0.530651 0.729508 0.535441 0.729077 0.550766 0.724763 0.544061 0.716135 0.525862 0.710095 0.518199 0.708801 0.498084 0.708369
0 0.525862 0.731665 0.517241 0.730371 0.494253 0.730802 0.481801 0.732959 0.474138 0.736411 0.471264 0.739862 0.471264 0.744607 0.483716 0.752804 0.490421 0.754530 0.502874 0.754530 0.522031 0.751079 0.529693 0.748490 0.535441 0.739431 0.529693 0.733391
0 0.534483 0.749353 0.523946 0.751510 0.514368 0.754961 0.507663 0.759275 0.507663 0.764884 0.518199 0.770060 0.519157 0.771786 0.530651 0.776531 0.539272 0.778257 0.553640 0.779120 0.569923 0.775237 0.570881 0.759275 0.561303 0.751941 0.552682 0.749353
0 0.480843 0.769198 0.473180 0.772649 0.468391 0.779120 0.469349 0.783434 0.473180 0.787748 0.481801 0.791199 0.491379 0.793356 0.509579 0.793356 0.515326 0.792494 0.531801 0.785764 0.527778 0.778257 0.523946 0.774374 0.517241 0.771355 0.506705 0.769198 0.496169 0.768335
0 0.510536 0.798965 0.506705 0.801984 0.506705 0.810613 0.514368 0.814927 0.532567 0.818809 0.562261 0.819672 0.569923 0.817515 0.571839 0.802416 0.560345 0.795082 0.553640 0.793356 0.534195 0.792019 0.520785 0.793615
0 0.437739 0.796376 0.434866 0.798533 0.434866 0.802847 0.438697 0.807161 0.447318 0.811907 0.456897 0.814927 0.472222 0.817947 0.484674 0.817947 0.491379 0.817084 0.497126 0.814495 0.500958 0.810613 0.501916 0.801553 0.498084 0.797670 0.485632 0.792925 0.474138 0.790336 0.453065 0.790768 0.440805 0.791760
0 0.413793 0.783865 0.403257 0.783434 0.386015 0.786885 0.369732 0.799827 0.368774 0.802847 0.394636 0.810613 0.413793 0.809750 0.422414 0.807161 0.431992 0.802416 0.432950 0.793356 0.431034 0.789474
0 0.847701 0.517256 0.829502 0.527610 0.829502 0.537532 0.834291 0.542278 0.844828 0.545729 0.864943 0.545298 0.876437 0.541846 0.883142 0.538395 0.884100 0.528904 0.880268 0.525453 0.873563 0.522433 0.853448 0.517688
0 0.885057 0.540552 0.884100 0.549180 0.890805 0.555220 0.898467 0.557377 0.914751 0.557377 0.929119 0.555651 0.934866 0.553926 0.938697 0.548318 0.926245 0.542278 0.917625 0.539689 0.906130 0.538827 0.900383 0.536238 0.889847 0.536238
0 0.395594 0.767903 0.393678 0.776100 0.410920 0.783003 0.430077 0.786454 0.456897 0.783865 0.465517 0.779983 0.468391 0.771786 0.465517 0.764452 0.457854 0.761864 0.455939 0.759275 0.439655 0.757550 0.422414 0.758412 0.413793 0.759707 0.406897 0.761605 0.404215 0.763589
0 0.355364 0.758844 0.342912 0.757981 0.335249 0.759707 0.324713 0.759275 0.312261 0.764884 0.310345 0.769198 0.311303 0.776100 0.316092 0.780846 0.323755 0.784297 0.331418 0.785591 0.346743 0.785591 0.357280 0.784297 0.367816 0.781708 0.381226 0.775237 0.381226 0.770492 0.379310 0.768766 0.361111 0.760138
0 0.099617 0.787748 0.094828 0.790768 0.094828 0.798533 0.099617 0.803279 0.115900 0.810613 0.131226 0.813201 0.143678 0.813201 0.153257 0.809750 0.160920 0.798533 0.156130 0.791199 0.147510 0.786885 0.135057 0.784297 0.124521 0.783865
0 0.278736 0.761432 0.275862 0.758844 0.261494 0.753236 0.250000 0.751510 0.238506 0.751941 0.224138 0.755824 0.216475 0.759707 0.214559 0.762295 0.215517 0.767903 0.211686 0.770923 0.212644 0.773080 0.230843 0.775669 0.248084 0.775669 0.264368 0.773080 0.276820 0.767903 0.279693 0.764452
0 0.272031 0.737705 0.265326 0.739431 0.262452 0.741588 0.261494 0.744176 0.264368 0.748490 0.276820 0.761001 0.281609 0.763589 0.290230 0.765746 0.295019 0.770060 0.300766 0.770923 0.305556 0.769198 0.307471 0.765746 0.316092 0.759707 0.318966 0.750216 0.318008 0.743745 0.312261 0.739431 0.302682 0.737274 0.279693 0.736842
0 0.345785 0.728214 0.340038 0.730802 0.324713 0.733391 0.322797 0.735979 0.324713 0.744176 0.345785 0.756687 0.357280 0.758412 0.368774 0.763158 0.375479 0.762726 0.380268 0.761001 0.381226 0.759275 0.376437 0.755824 0.379310 0.747196 0.374521 0.734254 0.361111 0.728214
0 0.415709 0.733822 0.388889 0.735548 0.380268 0.740293 0.382184 0.752373 0.392720 0.758844 0.401341 0.760569 0.412835 0.759707 0.417625 0.757981 0.431034 0.755824 0.439655 0.748921 0.438697 0.740293 0.430077 0.736411
0 0.430077 0.708369 0.409962 0.716135 0.405172 0.720449 0.405172 0.725626 0.408046 0.729077 0.413793 0.732097 0.432950 0.736411 0.449234 0.737705 0.455939 0.736411 0.467433 0.730802 0.468391 0.719586 0.466475 0.715272 0.456897 0.707938 0.438697 0.707506
0 0.425287 0.677308 0.421456 0.679034 0.416667 0.684642 0.416667 0.694564 0.425287 0.701035 0.437739 0.706644 0.448276 0.707075 0.454981 0.706212 0.470307 0.700173 0.477011 0.694133 0.475096 0.687662 0.470307 0.684211 0.456897 0.679465 0.432950 0.676877
0 0.360153 0.697153 0.345785 0.701035 0.345785 0.712683 0.356322 0.720449 0.366858 0.726488 0.372605 0.728214 0.377395 0.732097 0.386973 0.731665 0.396552 0.719586 0.398467 0.713115 0.396552 0.706212 0.390805 0.700604 0.384100 0.697153 0.379310 0.696290
0 0.336207 0.707938 0.326628 0.705781 0.308429 0.707075 0.297893 0.712252 0.292146 0.716566 0.288314 0.723900 0.283525 0.727783 0.291188 0.732528 0.307471 0.733391 0.322797 0.732959 0.343870 0.727351 0.349617 0.721311 0.349617 0.718723 0.346743 0.714409
0 0.207854 0.720880 0.207854 0.724763 0.211686 0.726488 0.236590 0.732959 0.265326 0.733391 0.274904 0.731234 0.279693 0.727351 0.279693 0.717429 0.277778 0.713546 0.269157 0.708369 0.260536 0.706644 0.247126 0.706644 0.237548 0.707938 0.227969 0.711821 0.222222 0.712683
0 0.161877 0.733822 0.159962 0.740293 0.164751 0.745039 0.170498 0.748059 0.184866 0.752373 0.206897 0.752373 0.214559 0.750216 0.231801 0.750216 0.237548 0.748059 0.238506 0.743745 0.233716 0.741156 0.226054 0.733391 0.215517 0.728214 0.201149 0.724331 0.180077 0.724331 0.170498 0.727351 0.168582 0.730371
0 0.099617 0.707938 0.099617 0.710526 0.107280 0.715272 0.108238 0.721311 0.118774 0.726920 0.135057 0.732528 0.147510 0.734254 0.159004 0.733822 0.174330 0.724763 0.174330 0.716135 0.170498 0.712683 0.161877 0.708801 0.152299 0.707075 0.118774 0.708369
0 0.189655 0.684642 0.186782 0.685505 0.186782 0.698016 0.204023 0.713978 0.213602 0.715272 0.240421 0.706212 0.245211 0.701467 0.244253 0.695858 0.233716 0.688093 0.222222 0.685073
0 0.222222 0.662209 0.212644 0.667386 0.207854 0.677739 0.219349 0.683779 0.229885 0.686368 0.245211 0.688093 0.254789 0.691544 0.255747 0.693270 0.260536 0.693270 0.272989 0.688956 0.274904 0.686368 0.274904 0.680328 0.269157 0.670406 0.258621 0.663934 0.248084 0.660052 0.238506 0.659189
0 0.290230 0.677308 0.279693 0.681622 0.274904 0.688525 0.274904 0.694564 0.280651 0.701467 0.291188 0.704487 0.309387 0.705349 0.326628 0.702761 0.340038 0.698016 0.338123 0.688525 0.330460 0.685505 0.324713 0.681191 0.308429 0.677308
0 0.335249 0.665229 0.334291 0.666523 0.338123 0.669111 0.334291 0.677739 0.347701 0.691544 0.358238 0.695427 0.369732 0.695427 0.385057 0.693270 0.396552 0.688093 0.399425 0.684211 0.398467 0.677739 0.390805 0.672563 0.366858 0.666091 0.356322 0.666091 0.353927 0.664625 0.350575 0.664797 0.345785 0.663503
0 0.365900 0.634599 0.349617 0.640638 0.342912 0.645384 0.342912 0.654443 0.348659 0.659189 0.354406 0.662209 0.378352 0.668248 0.396552 0.669111 0.401341 0.670406 0.412835 0.669974 0.414751 0.664366 0.411877 0.661346 0.414751 0.656169 0.414751 0.649698 0.405172 0.639776 0.387931 0.633736
0 0.466475 0.654012 0.450192 0.657895 0.438697 0.664797 0.438697 0.669974 0.446360 0.672563 0.454981 0.677739 0.465517 0.680328 0.482759 0.682053 0.496169 0.679465 0.500958 0.677308 0.503831 0.667817 0.502874 0.661777 0.500000 0.658758 0.486590 0.654012
0 0.573755 0.654012 0.562261 0.649267 0.542146 0.650129 0.528736 0.653149 0.517241 0.657463 0.511494 0.662209 0.510536 0.666523 0.517241 0.670837 0.529693 0.674288 0.540230 0.676014 0.553640 0.676445 0.567050 0.672131 0.573755 0.666523 0.571839 0.663072
0 0.589080 0.644090 0.580460 0.646678 0.574713 0.651855 0.575670 0.666091 0.579502 0.669543 0.586207 0.672131 0.606322 0.672131 0.613985 0.670837 0.633142 0.662209 0.637931 0.657895 0.634100 0.654443 0.611111 0.645384 0.600575 0.644090
0 0.699234 0.650992 0.679119 0.655738 0.675287 0.660915 0.675287 0.668248 0.680077 0.675582 0.687739 0.679034 0.699234 0.681622 0.710728 0.682053 0.721264 0.679465 0.727969 0.672994 0.728927 0.660915 0.724138 0.655738 0.717433 0.652718 0.710728 0.650992
0 0.744253 0.622951 0.731801 0.620794 0.719349 0.620794 0.697318 0.622088 0.687739 0.623814 0.683908 0.625539 0.681034 0.629422 0.681992 0.634167 0.691571 0.641933 0.699234 0.645815 0.707854 0.647541 0.718391 0.646678 0.721552 0.645125 0.727011 0.642796 0.736590 0.639776 0.746169 0.631148 0.746169 0.625108
0 0.713602 0.650561 0.725096 0.655306 0.728927 0.658326 0.740421 0.660915 0.762452 0.662209 0.772989 0.658326 0.773659 0.651682 0.771073 0.646678 0.772031 0.642364 0.762452 0.638481 0.751916 0.637619 0.733716 0.641933 0.720307 0.646247
0 0.811303 0.637619 0.794061 0.641501 0.777778 0.650129 0.775862 0.659189 0.777778 0.661777 0.795019 0.667817 0.822797 0.668680 0.829502 0.666523 0.834291 0.663072 0.834291 0.647110 0.826628 0.641070 0.820881 0.638481
0 0.876437 0.668248 0.856322 0.668248 0.844828 0.671268 0.834291 0.676877 0.836207 0.685936 0.845785 0.690250 0.864943 0.694996 0.869732 0.694133 0.883142 0.686799 0.896552 0.685936 0.898467 0.683348 0.897510 0.677739 0.891762 0.671700
0 0.977011 0.685936 0.964464 0.687834 0.968295 0.693097 0.966379 0.698447 0.965709 0.700820 0.967337 0.702588 0.972222 0.704918 0.982759 0.709232 1.000000 0.710095 1.000000 0.687662
0 0.899425 0.658758 0.892720 0.665660 0.892720 0.670406 0.902874 0.681536 0.910345 0.683607 0.932950 0.680759 0.945402 0.682053 0.950192 0.675582 0.950192 0.669974 0.947318 0.662640 0.942529 0.657463 0.932950 0.654443 0.916667 0.654012
0 0.994253 0.661346 0.977011 0.669543 0.976054 0.682916 0.982759 0.685936 1.000000 0.687662 1.000000 0.661346
0 0.942529 0.638913 0.934866 0.646247 0.939655 0.654443 0.946360 0.657463 0.954981 0.666091 0.968391 0.667386 0.976054 0.666954 0.987548 0.663934 0.996169 0.659620 1.000000 0.659620 1.000000 0.647110 0.996169 0.647110 0.982759 0.641501 0.967433 0.638481 0.952107 0.637619
0 0.848659 0.639776 0.841954 0.642796 0.836207 0.647972 0.834291 0.652718 0.835249 0.660052 0.837835 0.664323 0.847701 0.667386 0.863985 0.667817 0.877395 0.666954 0.890805 0.664366 0.898467 0.657895 0.893678 0.650129 0.884100 0.643227 0.878352 0.640638 0.865900 0.638050 0.855364 0.638050
0 0.881226 0.630285 0.869732 0.638913 0.878352 0.640207 0.887931 0.644953 0.898467 0.653581 0.899425 0.656169 0.909962 0.655306 0.925287 0.651855 0.929119 0.646678 0.928161 0.642364 0.917625 0.635030 0.910920 0.633736 0.904215 0.630285
0 0.858238 0.612597 0.842912 0.612166 0.837165 0.613028 0.823755 0.618205 0.818966 0.622519 0.817050 0.635030 0.821839 0.638481 0.831322 0.642796 0.840996 0.642796 0.843487 0.640682 0.849234 0.638309 0.869732 0.637619 0.883142 0.628559 0.883142 0.623382 0.880268 0.619068 0.870690 0.615186
0 0.801724 0.610009 0.786398 0.609146 0.765326 0.612597 0.760536 0.616911 0.749042 0.623382 0.748084 0.632010 0.754789 0.636324 0.775862 0.641933 0.784483 0.642796 0.793103 0.641933 0.804598 0.639344 0.813889 0.634728 0.817050 0.627696 0.816092 0.619500 0.808429 0.612166
0 0.724138 0.589733 0.710728 0.594478 0.703065 0.599655 0.698276 0.606989 0.699234 0.615186 0.707854 0.620794 0.718391 0.619931 0.744253 0.620794 0.759579 0.615617 0.765326 0.612166 0.767241 0.603106 0.763410 0.598792 0.752874 0.593184 0.743295 0.591027
0 0.672414 0.599655 0.656130 0.599655 0.637931 0.606126 0.629310 0.610871 0.627395 0.614323 0.629310 0.619068 0.637931 0.624676 0.650383 0.627696 0.666667 0.627696 0.679119 0.625108 0.698276 0.617774 0.694444 0.611303 0.696360 0.608499 0.697222 0.600086 0.687261 0.598318
0 0.675287 0.630285 0.652299 0.629422 0.646552 0.630285 0.636015 0.634167 0.632184 0.638913 0.630268 0.650561 0.638889 0.655738 0.650383 0.656169 0.674330 0.654443 0.683908 0.650561 0.688697 0.641933 0.679119 0.632010
0 0.618774 0.618205 0.603448 0.619068 0.598659 0.621225 0.587165 0.622088 0.579502 0.626833 0.577586 0.629853 0.578544 0.635030 0.585249 0.638913 0.596743 0.642796 0.613027 0.644090 0.626437 0.638913 0.631226 0.635462 0.634100 0.631148 0.634100 0.625108 0.626437 0.619068
0 0.559387 0.622951 0.543103 0.622519 0.531609 0.625108 0.519157 0.630285 0.515326 0.638481 0.510536 0.641933 0.511494 0.646678 0.517241 0.649698 0.535441 0.650561 0.545019 0.648835 0.561303 0.648835 0.572797 0.644521 0.576628 0.639344 0.574713 0.632442 0.571839 0.629422
0 0.441571 0.630716 0.438697 0.632442 0.438697 0.636324 0.443487 0.638913 0.447318 0.643658 0.467433 0.651424 0.480843 0.652718 0.486590 0.652286 0.500000 0.646247 0.502874 0.641933 0.501916 0.633305 0.499042 0.630285 0.490421 0.626402 0.480843 0.625108 0.464559 0.625108
0 0.500958 0.594047 0.471264 0.606989 0.468391 0.611734 0.477011 0.613460 0.498084 0.622088 0.509579 0.623814 0.526820 0.624245 0.538314 0.620794 0.544061 0.615617 0.544061 0.607420 0.540230 0.601381 0.532567 0.597066 0.523946 0.594478
0 0.578544 0.591458 0.568966 0.594478 0.562739 0.599396 0.560345 0.607420 0.568966 0.617774 0.577586 0.620362 0.589080 0.620794 0.597701 0.619500 0.605364 0.616911 0.615900 0.615617 0.624521 0.611734 0.624521 0.603106 0.613985 0.595341 0.608238 0.593184 0.591954 0.591458
0 0.638889 0.572476 0.628352 0.567731 0.613985 0.565142 0.594828 0.565142 0.585249 0.566868 0.575670 0.571613 0.572797 0.578947 0.572797 0.588870 0.576628 0.590595 0.591954 0.590595 0.603448 0.591890 0.614943 0.589733 0.631226 0.585418 0.641762 0.580673
0 0.676245 0.550043 0.666667 0.549180 0.648467 0.549612 0.637931 0.551769 0.631226 0.556514 0.630268 0.560828 0.635057 0.567731 0.645594 0.575928 0.643678 0.581104 0.646552 0.584124 0.652299 0.584124 0.659962 0.581104 0.679119 0.571182 0.684866 0.566005 0.687739 0.560397 0.687739 0.555220 0.685824 0.552632
0 0.701149 0.569888 0.686782 0.570751 0.664751 0.580673 0.654215 0.590164 0.654215 0.594047 0.656130 0.595341 0.666667 0.594909 0.679119 0.596635 0.692529 0.596635 0.713602 0.590164 0.717433 0.584124 0.716475 0.579379
0 0.761494 0.560397 0.743295 0.560828 0.726054 0.563848 0.710728 0.572045 0.716475 0.580673 0.722222 0.584556 0.750958 0.590595 0.766284 0.589301 0.771073 0.586713 0.777778 0.585418 0.785441 0.576359 0.778736 0.566005
0 0.787356 0.583261 0.767241 0.591458 0.763410 0.594909 0.766284 0.600518 0.775862 0.604832 0.794061 0.608714 0.821839 0.610871 0.826628 0.607420 0.824713 0.600518 0.826628 0.594478 0.821839 0.587144 0.814176 0.583693 0.805556 0.581967
0 0.842912 0.570751 0.818966 0.577222 0.816092 0.584124 0.828544 0.596204 0.838123 0.599223 0.849617 0.600086 0.857280 0.598792 0.873563 0.591890 0.878352 0.588007 0.880268 0.583693 0.876437 0.575496 0.872605 0.573770 0.855364 0.570751
0 0.889847 0.588438 0.874521 0.591458 0.865900 0.594478 0.856322 0.600086 0.855364 0.605695 0.858238 0.610440 0.867816 0.614323 0.875479 0.616048 0.883142 0.619931 0.896552 0.620362 0.904215 0.619500 0.913793 0.615186 0.919540 0.610871 0.922414 0.602675 0.917625 0.591458
0 0.918582 0.612166 0.908046 0.619068 0.907088 0.621225 0.910920 0.631148 0.929119 0.638050 0.944444 0.638050 0.954023 0.636324 0.964559 0.630716 0.964559 0.624676 0.958812 0.619068 0.935824 0.612166 0.927203 0.610871
0 0.974138 0.616048 0.969349 0.617774 0.966475 0.620794 0.966475 0.631148 0.969349 0.637187 0.977969 0.640207 1.000000 0.641501 1.000000 0.618637 0.995211 0.618637 0.987548 0.614754
0 0.995211 0.595772 0.984674 0.599223 0.979885 0.607852 0.982759 0.611734 0.995211 0.619068 1.000000 0.619068 1.000000 0.595772
0 0.969349 0.586281 0.953065 0.584556 0.945402 0.584987 0.931034 0.587575 0.923372 0.590595 0.921456 0.597498 0.924330 0.603106 0.934866 0.610440 0.942625 0.612252 0.952778 0.615617 0.964368 0.617299 0.976724 0.616005 0.977969 0.607420 0.983716 0.598792 0.979885 0.591890
0 0.995211 0.546160 0.993295 0.547886 0.995211 0.560828 1.000000 0.560828 1.000000 0.546160
0 0.994253 0.564280 0.983716 0.568162 0.972222 0.575065 0.969349 0.581536 0.971264 0.584987 0.982759 0.590595 0.994253 0.594047 1.000000 0.594047 1.000000 0.564280
0 0.978927 0.541846 0.968391 0.541846 0.952107 0.544435 0.938697 0.550475 0.935824 0.553926 0.934866 0.560828 0.937739 0.565142 0.945402 0.569456 0.951149 0.570319 0.977011 0.569888 0.989464 0.564280 0.992337 0.557808 0.989464 0.546592 0.987548 0.544435
0 0.886015 0.564280 0.880268 0.570751 0.879310 0.576790 0.882184 0.582830 0.892720 0.587575 0.917625 0.589733 0.936782 0.584987 0.944444 0.584124 0.950192 0.581104 0.950192 0.578516 0.945402 0.576359 0.946360 0.572045 0.930077 0.561691 0.920115 0.559448 0.909004 0.558240 0.898467 0.559534
0 0.843870 0.548318 0.833333 0.552632 0.831418 0.555651 0.831418 0.561260 0.837165 0.568162 0.840996 0.569456 0.858238 0.569888 0.864943 0.571182 0.878352 0.569888 0.889847 0.560828 0.889847 0.557808 0.884100 0.551769 0.875479 0.548318 0.866858 0.547023 0.852490 0.547023
0 0.995211 0.513805 0.982759 0.518982 0.975096 0.524590 0.974138 0.531493 0.976054 0.534081 0.983716 0.537532 0.993295 0.539689 1.000000 0.539689 1.000000 0.513805
0 0.786398 0.550043 0.778736 0.553926 0.777778 0.559103 0.778736 0.564711 0.787356 0.572908 0.795019 0.576359 0.802682 0.577653 0.817050 0.577222 0.832375 0.572045 0.835249 0.568594 0.823755 0.556514 0.815134 0.551769 0.804598 0.549180 0.794061 0.548749
0 0.738506 0.540984 0.729215 0.543313 0.728927 0.547023 0.727969 0.549180 0.741379 0.557377 0.752874 0.559534 0.763410 0.559534 0.772989 0.557808 0.784483 0.549180 0.779693 0.540984 0.755747 0.538395 0.750000 0.538395
0 0.961686 0.511217 0.952107 0.512511 0.934866 0.516825 0.925287 0.520708 0.914751 0.528904 0.915709 0.534513 0.933908 0.542278 0.951149 0.543572 0.960728 0.542278 0.970307 0.536670 0.971264 0.520708
0 0.896552 0.499569 0.878352 0.501726 0.863985 0.508197 0.863027 0.514236 0.883142 0.527179 0.900383 0.529336 0.917625 0.525022 0.929119 0.517688 0.930077 0.513374 0.927203 0.505608 0.918582 0.501726 0.909962 0.500000
0 0.867816 0.486195 0.851533 0.486626 0.840038 0.485332 0.827586 0.485332 0.818008 0.486195 0.801724 0.490078 0.796935 0.493960 0.797893 0.497843 0.795977 0.502588 0.798851 0.506471 0.813218 0.513374 0.824713 0.513805 0.832375 0.512511 0.846743 0.507334 0.855364 0.502157 0.866858 0.490509
0 0.873563 0.716997 0.867816 0.721311 0.870307 0.723210 0.878927 0.726963 0.884674 0.729853 0.889080 0.734858 0.890805 0.741156 0.896552 0.742450 0.918582 0.744176 0.921456 0.742019 0.920498 0.736411 0.924330 0.729077 0.918582 0.720880 0.909004 0.717860 0.881226 0.715703
0 0.739464 0.493097 0.723180 0.499569 0.716475 0.504745 0.716475 0.507334 0.733716 0.513805 0.753831 0.518982 0.765326 0.518982 0.778736 0.515531 0.783525 0.512079 0.786398 0.506471 0.786398 0.497843 0.777778 0.493097 0.763410 0.490940
0 0.731801 0.515531 0.725096 0.515099 0.705939 0.517256 0.691571 0.521139 0.694444 0.534513 0.704023 0.539689 0.704981 0.541415 0.716475 0.543572 0.724138 0.543141 0.746169 0.537101 0.753831 0.529767 0.754789 0.524590 0.752874 0.520708 0.745211 0.518119
0 0.936782 0.681191 0.927203 0.681191 0.921456 0.683348 0.909004 0.685505 0.907088 0.688525 0.908046 0.690250 0.912452 0.693745 0.916667 0.697584 0.920594 0.701639 0.923372 0.706212 0.925287 0.707938 0.957854 0.701467 0.965517 0.697584 0.965517 0.692407 0.962644 0.687662 0.952107 0.684211 0.947893 0.682183 0.940613 0.682053
0 0.651341 0.521139 0.642720 0.523296 0.636015 0.528041 0.638889 0.537101 0.647510 0.546592 0.657088 0.548318 0.674330 0.548749 0.684866 0.546160 0.693487 0.540984 0.693487 0.535375 0.687739 0.524590 0.683908 0.521570 0.676245 0.519845
0 0.613027 0.502588 0.602490 0.505177 0.595785 0.509060 0.590038 0.521570 0.594828 0.526747 0.612069 0.531924 0.621648 0.531924 0.630268 0.529767 0.639847 0.524590 0.642720 0.521570 0.642720 0.513805 0.638889 0.509491 0.622605 0.503020
0 0.587165 0.532355 0.577586 0.532787 0.568966 0.536670 0.561303 0.547023 0.560345 0.556946 0.564176 0.560828 0.577586 0.565574 0.589080 0.565142 0.596743 0.563417 0.605364 0.563417 0.611111 0.562123 0.615900 0.559965 0.620690 0.553494 0.615900 0.545729 0.606322 0.539689 0.598659 0.536670 0.592912 0.535807
0 0.489464 0.540984 0.479885 0.548318 0.478927 0.553926 0.481801 0.558671 0.496169 0.564711 0.507663 0.566437 0.520115 0.566868 0.547893 0.563848 0.552682 0.562554 0.554598 0.560828 0.554598 0.555651 0.549808 0.551769 0.548851 0.548749 0.544061 0.544435 0.531609 0.539689 0.516284 0.535375 0.503831 0.536670
0 0.516284 0.567731 0.509579 0.571613 0.507663 0.575496 0.514368 0.584987 0.518199 0.588007 0.536398 0.594047 0.543103 0.598361 0.552682 0.599655 0.553640 0.595341 0.561303 0.589301 0.567050 0.580242 0.565134 0.573339 0.561303 0.568594 0.545977 0.566005
0 0.444444 0.571613 0.438697 0.575065 0.438697 0.577653 0.443487 0.578947 0.450192 0.587575 0.457854 0.592752 0.466475 0.596204 0.473180 0.597498 0.482759 0.597929 0.488506 0.596635 0.500000 0.591458 0.507663 0.584124 0.507663 0.578947 0.503831 0.575496 0.490421 0.571182 0.467433 0.568594
0 0.376820 0.607765 0.409962 0.611734 0.431034 0.611734 0.449234 0.609146 0.457854 0.603969 0.457854 0.599223 0.453065 0.591890 0.447318 0.588007 0.434866 0.583693 0.412835 0.583693 0.395594 0.591458 0.390805 0.595772 0.387931 0.601812 0.376533 0.603538
0 0.317050 0.604400 0.310345 0.611734 0.318008 0.622951 0.327586 0.627265 0.334291 0.628559 0.354406 0.628559 0.363985 0.627265 0.371648 0.622951 0.373563 0.619500 0.373563 0.613028 0.370690 0.608714 0.361111 0.605263 0.351533 0.605695 0.330460 0.602675 0.324713 0.602675
0 0.378352 0.579379 0.370690 0.576359 0.358238 0.575496 0.350575 0.576790 0.329502 0.583693 0.322797 0.590595 0.315134 0.594478 0.313218 0.599655 0.316092 0.602675 0.326628 0.603106 0.334291 0.601812 0.340996 0.603969 0.360153 0.603969 0.381226 0.600086 0.386973 0.595341 0.388889 0.591458 0.386973 0.587575
0 0.291188 0.572045 0.263410 0.570751 0.252874 0.572045 0.245211 0.575928 0.239464 0.583693 0.239464 0.587575 0.247126 0.599223 0.255747 0.602675 0.265326 0.602243 0.273946 0.599655 0.290230 0.598792 0.305556 0.591890 0.309387 0.588007 0.307471 0.578947 0.304598 0.576790 0.299713 0.574331
0 0.310345 0.548749 0.289272 0.553063 0.283525 0.556514 0.281609 0.563417 0.291188 0.571182 0.307471 0.576359 0.320881 0.576790 0.330460 0.575496 0.336207 0.572908 0.341954 0.567731 0.342912 0.560828 0.333333 0.551769 0.326628 0.549612
0 0.373563 0.544435 0.348659 0.555651 0.345785 0.569025 0.351533 0.573339 0.355364 0.574202 0.371648 0.575065 0.375479 0.576359 0.382184 0.576790 0.391762 0.576359 0.406130 0.572045 0.409004 0.562985 0.406130 0.561260 0.409004 0.560958 0.404789 0.559275 0.404215 0.559534 0.406130 0.556514 0.400383 0.553926 0.395594 0.549612 0.387931 0.547023 0.386973 0.544866
0 0.421456 0.540984 0.412835 0.544866 0.407088 0.552200 0.412835 0.562123 0.429119 0.567299 0.438697 0.569025 0.454023 0.569025 0.463602 0.567299 0.475096 0.561691 0.477969 0.558240 0.477011 0.552200 0.471264 0.547023 0.460728 0.543572 0.455939 0.540121 0.450192 0.539258 0.430077 0.539258
0 0.214559 0.516393 0.204023 0.519845 0.194444 0.525453 0.191571 0.529767 0.193487 0.537532 0.195402 0.539258 0.205939 0.542278 0.241379 0.544435 0.244253 0.540121 0.243295 0.525022 0.230843 0.517256 0.223180 0.515531
0 0.455939 0.509491 0.438697 0.514668 0.430077 0.519413 0.426245 0.525022 0.426245 0.528904 0.430077 0.534513 0.435824 0.537101 0.465517 0.539689 0.485632 0.533218 0.489464 0.528041 0.489464 0.522002 0.485632 0.518119 0.473180 0.511217 0.465517 0.509491
0 0.542146 0.509060 0.536398 0.507765 0.523946 0.508628 0.509579 0.514236 0.500000 0.525022 0.499042 0.535375 0.524904 0.533650 0.544061 0.534081 0.556513 0.530198 0.560345 0.526316 0.560345 0.522002 0.553640 0.514668
0 0.534483 0.497412 0.539272 0.507334 0.551724 0.512942 0.557471 0.513805 0.574713 0.512511 0.594828 0.506903 0.601533 0.503883 0.610153 0.502157 0.607280 0.497843 0.599617 0.497412 0.594828 0.493960 0.579502 0.490078 0.559387 0.488783 0.543103 0.489646
0 0.656130 0.476704 0.656130 0.480155 0.663793 0.482312 0.664751 0.489646 0.668582 0.493960 0.678161 0.499137 0.689655 0.502157 0.701149 0.502588 0.709770 0.500000 0.718391 0.495686 0.724138 0.490509 0.724138 0.485332 0.722222 0.481881 0.716475 0.477998 0.694444 0.473684 0.669540 0.477135
0 0.820881 0.449525 0.807471 0.455565 0.803640 0.462036 0.806513 0.471096 0.813218 0.475410 0.824713 0.478861 0.847701 0.478861 0.858238 0.476273 0.865900 0.472390 0.868774 0.466782 0.868774 0.462468 0.865900 0.458154 0.859195 0.453408 0.846743 0.449525 0.836207 0.448663