0 0.236715 0.093500 0.229952 0.100500 0.228986 0.112000 0.237681 0.118000 0.248309 0.120500 0.278261 0.121500 0.293720 0.120000 0.298551 0.118500 0.306280 0.109000 0.303382 0.098500 0.299517 0.094500 0.284058 0.090000 0.264734 0.089000 0.249275 0.090000
0 0.366184 0.596000 0.358454 0.598000 0.345894 0.605000 0.341063 0.613500 0.342029 0.621000 0.343961 0.624000 0.349758 0.626500 0.365217 0.629000 0.377778 0.629000 0.394203 0.624000 0.400000 0.621000 0.406763 0.615500 0.407729 0.610000 0.388406 0.597500 0.381643 0.596000
0 0.418357 0.574000 0.411594 0.576500 0.392271 0.588000 0.392271 0.595000 0.396135 0.599000 0.408696 0.605500 0.419324 0.607500 0.437681 0.608000 0.452174 0.603500 0.455072 0.600000 0.455072 0.595500 0.445411 0.592000 0.439614 0.588000 0.438647 0.576500 0.427053 0.574000
0 0.481159 0.560500 0.470531 0.560500 0.460870 0.562500 0.447343 0.568500 0.440580 0.574500 0.439614 0.588000 0.444444 0.591500 0.457971 0.596500 0.467633 0.596500 0.474396 0.594500 0.491787 0.593500 0.497585 0.590500 0.504348 0.584000 0.506280 0.576000 0.500483 0.568000
0 0.459903 0.597500 0.454106 0.601500 0.452174 0.606000 0.452174 0.615500 0.459903 0.621000 0.470531 0.623500 0.488889 0.625000 0.495652 0.624500 0.507246 0.620500 0.511111 0.616500 0.513043 0.610000 0.509179 0.603000 0.496618 0.595000 0.475362 0.594000
0 0.413527 0.608000 0.410628 0.610000 0.406763 0.618000 0.408696 0.625000 0.412560 0.630000 0.424155 0.638000 0.429952 0.639000 0.441546 0.638500 0.455072 0.631500 0.457005 0.627500 0.455072 0.619000 0.438647 0.609000 0.422222 0.607500
0 0.396135 0.628000 0.384541 0.631500 0.380676 0.636000 0.380676 0.640500 0.387440 0.651500 0.393237 0.655000 0.399034 0.656500 0.420290 0.656500 0.435749 0.650500 0.437681 0.645500 0.432850 0.641500 0.419324 0.635500 0.408696 0.627500
0 0.425121 0.654500 0.421256 0.658000 0.423188 0.667500 0.432850 0.674500 0.444444 0.677000 0.460870 0.683000 0.476329 0.682500 0.486957 0.678000 0.497585 0.663000 0.495652 0.659000 0.490821 0.655500 0.465700 0.655500 0.453140 0.649500 0.441546 0.650500
0 0.501449 0.661000 0.496618 0.665000 0.489855 0.676000 0.489855 0.680500 0.493720 0.685500 0.503382 0.688500 0.520773 0.691000 0.537198 0.690500 0.546860 0.688500 0.550725 0.686000 0.549758 0.682000 0.554589 0.680500 0.554589 0.673000 0.544928 0.664000 0.533333 0.659500 0.522705 0.658000 0.511111 0.658500
0 0.534300 0.627500 0.525604 0.626000 0.518841 0.621500 0.512077 0.620000 0.495652 0.624500 0.466667 0.624500 0.457005 0.630000 0.452174 0.637000 0.453140 0.645500 0.461836 0.654000 0.471498 0.655500 0.485990 0.655000 0.495652 0.653500 0.508213 0.649500 0.518841 0.644500 0.536232 0.631500
0 0.601932 0.601000 0.588406 0.599000 0.576812 0.599000 0.568116 0.600500 0.553623 0.606500 0.532367 0.611500 0.529469 0.616500 0.534300 0.625500 0.544928 0.631000 0.556522 0.633500 0.568116 0.633000 0.580676 0.630000 0.592271 0.624500 0.600000 0.619000 0.604831 0.611500 0.604831 0.602500
0 0.549758 0.571500 0.534300 0.571500 0.519807 0.575000 0.510145 0.579000 0.498551 0.589500 0.499517 0.596000 0.506280 0.599500 0.516908 0.609000 0.522705 0.611500 0.533333 0.611500 0.546860 0.608500 0.563285 0.603500 0.568116 0.600000 0.569082 0.589500 0.563285 0.584500 0.565217 0.578000 0.561353 0.575000
0 0.597101 0.544500 0.572947 0.539000 0.556522 0.541500 0.539130 0.542500 0.535266 0.550000 0.535266 0.557500 0.547826 0.569000 0.555556 0.571500 0.566184 0.571500 0.577778 0.569000 0.590338 0.561500 0.598068 0.554500 0.599034 0.546000
0 0.609662 0.558000 0.594203 0.559000 0.571014 0.572000 0.564251 0.583500 0.568116 0.587000 0.587440 0.587500 0.599034 0.586500 0.613527 0.583500 0.624155 0.579000 0.630918 0.572000 0.622222 0.564500
0 0.614493 0.541500 0.610628 0.544000 0.609662 0.547000 0.610628 0.557000 0.634783 0.572000 0.646377 0.573500 0.662802 0.573500 0.674396 0.569500 0.682126 0.561500 0.679227 0.549000 0.675362 0.545000 0.662802 0.542000 0.647343 0.536000 0.637681 0.536500
0 0.683092 0.576500 0.671498 0.573000 0.631884 0.574500 0.625121 0.578000 0.620290 0.583000 0.620290 0.590500 0.624155 0.596000 0.632850 0.600500 0.644444 0.603000 0.658937 0.603000 0.676329 0.596000 0.680193 0.593000 0.685024 0.583000
0 0.689855 0.579000 0.685024 0.582500 0.682126 0.591500 0.685024 0.603500 0.692754 0.610500 0.706280 0.613500 0.716908 0.613500 0.726570 0.612000 0.737198 0.604500 0.739130 0.601500 0.739130 0.593000 0.735266 0.582000 0.724638 0.579000 0.711111 0.578000
0 0.626087 0.611500 0.610628 0.618500 0.606763 0.622500 0.607729 0.627500 0.625121 0.640500 0.632850 0.644000 0.647343 0.646500 0.657005 0.646500 0.665700 0.643500 0.671498 0.639500 0.669565 0.626500 0.661836 0.616000 0.654106 0.611000 0.647343 0.609500 0.639614 0.609500
0 0.602899 0.625500 0.587440 0.628500 0.570048 0.638000 0.565217 0.642500 0.565217 0.647000 0.571014 0.653000 0.579710 0.657000 0.594203 0.661000 0.609662 0.660500 0.621256 0.657500 0.628986 0.648000 0.628019 0.642500 0.607729 0.627500
0 0.627053 0.659500 0.594203 0.661500 0.586473 0.665000 0.583575 0.669000 0.582609 0.674500 0.585507 0.679000 0.614493 0.690000 0.619324 0.690000 0.629952 0.685500 0.643478 0.674500 0.632850 0.661500
0 0.686957 0.639500 0.669565 0.641500 0.658937 0.646000 0.648309 0.648500 0.637681 0.654500 0.633816 0.659000 0.634783 0.666000 0.651208 0.675000 0.662802 0.677500 0.672464 0.678000 0.683092 0.674000 0.682126 0.665500 0.694686 0.658500 0.698551 0.654000 0.697585 0.647500
0 0.683092 0.665000 0.683092 0.670500 0.685024 0.672500 0.693720 0.674000 0.704348 0.678000 0.714010 0.679500 0.740097 0.677500 0.747826 0.674000 0.750725 0.667000 0.748792 0.659500 0.743961 0.654000 0.739130 0.652000 0.704348 0.652500 0.696618 0.655500 0.691787 0.660500
0 0.727536 0.613000 0.714976 0.613500 0.701449 0.617000 0.694686 0.620500 0.687923 0.628000 0.687923 0.638500 0.695652 0.646500 0.708213 0.651500 0.723671 0.652000 0.738164 0.650500 0.750725 0.644500 0.755556 0.639500 0.755556 0.630000 0.751691 0.622500 0.744928 0.617500
0 0.768116 0.633000 0.757488 0.638000 0.754589 0.642500 0.754589 0.656500 0.757488 0.667000 0.766184 0.672000 0.777778 0.675000 0.784541 0.675500 0.803865 0.673000 0.813527 0.669000 0.819324 0.662500 0.819324 0.657500 0.808696 0.640000 0.799034 0.634000
0 0.792271 0.599500 0.785507 0.600000 0.757488 0.607500 0.753623 0.609500 0.750725 0.614500 0.750725 0.619500 0.753623 0.623500 0.768116 0.630500 0.778744 0.632500 0.799034 0.632000 0.806763 0.627000 0.810628 0.621500 0.809662 0.608000 0.799034 0.601000
0 0.762319 0.571500 0.751691 0.573000 0.744928 0.576500 0.738164 0.583500 0.741063 0.603500 0.745894 0.606500 0.751691 0.608000 0.781643 0.602000 0.789372 0.598500 0.797101 0.592000 0.797101 0.586000 0.792271 0.579500
0 0.783575 0.545000 0.771981 0.550500 0.763285 0.553000 0.756522 0.557500 0.754589 0.565500 0.758454 0.569000 0.771981 0.574500 0.781643 0.576000 0.793237 0.576000 0.800966 0.574500 0.813527 0.568500 0.817391 0.565000 0.818357 0.559000 0.813527 0.552500 0.807729 0.549000 0.793237 0.545000
0 0.724638 0.540500 0.695652 0.546000 0.689855 0.549500 0.685990 0.555000 0.685990 0.560500 0.689855 0.565000 0.702415 0.572000 0.713043 0.575000 0.732367 0.574500 0.741063 0.573000 0.752657 0.564500 0.752657 0.554500 0.749758 0.549500
0 0.635749 0.520500 0.636715 0.525500 0.648309 0.529500 0.650242 0.536500 0.659903 0.541000 0.681159 0.546000 0.693720 0.546000 0.704348 0.543000 0.714010 0.536000 0.719807 0.526000 0.717874 0.518500 0.710145 0.512000 0.699517 0.513500 0.667633 0.512000
0 0.586473 0.508500 0.575845 0.512500 0.573913 0.516000 0.574879 0.520500 0.578744 0.525000 0.574879 0.538000 0.583575 0.541500 0.593237 0.543500 0.606763 0.543500 0.622222 0.539000 0.628019 0.535000 0.632850 0.529500 0.633816 0.521500 0.629952 0.517500 0.622222 0.514000 0.604831 0.509500
0 0.576812 0.523500 0.565217 0.516000 0.559420 0.515000 0.526570 0.518500 0.520773 0.520000 0.514010 0.524000 0.508213 0.533500 0.514010 0.537500 0.533333 0.542000 0.557488 0.540500 0.567150 0.538500 0.572947 0.535500 0.576812 0.531000
0 0.512077 0.536500 0.503382 0.537000 0.490821 0.541000 0.483092 0.545500 0.479227 0.550500 0.479227 0.555000 0.483092 0.561000 0.496618 0.566500 0.512077 0.567000 0.528502 0.560500 0.533333 0.556000 0.535266 0.547500 0.533333 0.542500
0 0.511111 0.515000 0.493720 0.512000 0.472464 0.512500 0.459903 0.517500 0.454106 0.523000 0.454106 0.530500 0.459903 0.537500 0.467633 0.542000 0.475362 0.544000 0.481159 0.544000 0.506280 0.535500 0.508213 0.529500 0.515942 0.522000 0.514976 0.517000
0 0.121739 0.734000 0.103382 0.749500 0.105314 0.761000 0.109179 0.765500 0.119807 0.771000 0.129469 0.772500 0.142029 0.772000 0.158454 0.767500 0.173913 0.755500 0.158454 0.746500 0.155556 0.743500 0.153623 0.736500 0.150725 0.734500
0 0.453140 0.495500 0.450242 0.495000 0.437681 0.498000 0.412560 0.500000 0.397101 0.507000 0.393237 0.513000 0.394203 0.515000 0.419324 0.527500 0.428986 0.527500 0.438647 0.525000 0.451208 0.524000 0.460870 0.516500 0.463768 0.512000 0.463768 0.505000
0 0.444444 0.525500 0.415459 0.530500 0.408696 0.535000 0.401932 0.543500 0.400000 0.549000 0.401932 0.559500 0.409662 0.564500 0.419324 0.567500 0.444444 0.568000 0.449275 0.567000 0.463768 0.560000 0.472464 0.553000 0.470531 0.544500 0.459903 0.538500 0.453140 0.530500
0 0.391304 0.553000 0.371981 0.553000 0.359420 0.555500 0.351691 0.559500 0.345894 0.565500 0.342029 0.576500 0.345894 0.581500 0.359420 0.591000 0.371014 0.592000 0.388406 0.589500 0.396135 0.586000 0.415459 0.573000 0.416425 0.568500 0.401932 0.560500 0.398068 0.555500
0 0.340097 0.575500 0.327536 0.575000 0.319807 0.576500 0.311111 0.580000 0.303382 0.586000 0.299517 0.597500 0.303382 0.604500 0.309179 0.609500 0.314976 0.610000 0.330435 0.608500 0.344928 0.604500 0.361353 0.596000 0.361353 0.591500 0.353623 0.587500
0 0.266667 0.581000 0.254106 0.584000 0.242512 0.591500 0.236715 0.600000 0.237681 0.611000 0.242512 0.616000 0.251208 0.619500 0.267633 0.622000 0.288889 0.620500 0.300483 0.616500 0.304348 0.612000 0.304348 0.606500 0.298551 0.598000 0.296618 0.588000 0.290821 0.582500
0 0.319807 0.619500 0.299517 0.618000 0.285024 0.621500 0.269565 0.622500 0.259903 0.627000 0.256039 0.631000 0.256039 0.637500 0.259903 0.642500 0.269565 0.648500 0.280193 0.650500 0.291787 0.650000 0.305314 0.646500 0.314976 0.641500 0.325604 0.629000 0.325604 0.625500
0 0.369082 0.661500 0.353623 0.658500 0.337198 0.657500 0.322705 0.652500 0.314010 0.653000 0.302415 0.655000 0.290821 0.660500 0.286957 0.666000 0.286957 0.671500 0.293720 0.678000 0.304348 0.682000 0.314976 0.684000 0.323671 0.684000 0.351691 0.678000 0.357488 0.673000 0.369082 0.667500
0 0.285024 0.652000 0.266667 0.650000 0.248309 0.652500 0.235749 0.655500 0.227053 0.660000 0.222222 0.664500 0.220290 0.670500 0.221256 0.674000 0.233816 0.681500 0.244444 0.683000 0.279227 0.677000 0.285024 0.673000 0.286957 0.664500 0.290821 0.659000 0.289855 0.655000
0 0.162319 0.617500 0.129469 0.627500 0.120773 0.634500 0.118841 0.637500 0.119807 0.647000 0.125604 0.652000 0.134300 0.656000 0.152657 0.656000 0.157488 0.655000 0.163285 0.651000 0.166184 0.644500 0.175845 0.633000 0.171014 0.623500 0.171014 0.619000
0 0.164251 0.655500 0.169082 0.660000 0.178744 0.663500 0.202899 0.664000 0.224155 0.661500 0.243478 0.652000 0.245411 0.645000 0.231884 0.637500 0.223188 0.637500 0.216425 0.639000 0.198068 0.639000 0.186473 0.636500 0.177778 0.636500 0.166184 0.645000
0 0.131401 0.659000 0.126570 0.661000 0.120773 0.667000 0.120773 0.676000 0.132367 0.683000 0.145894 0.685500 0.148792 0.689500 0.155556 0.691000 0.157488 0.687000 0.169082 0.684000 0.173913 0.681500 0.180676 0.674000 0.179710 0.666000 0.164251 0.659000 0.155556 0.658000
0 0.108213 0.652500 0.086957 0.652000 0.081159 0.653000 0.068599 0.657500 0.057971 0.663500 0.053140 0.669500 0.053140 0.680500 0.058937 0.686000 0.069565 0.690000 0.078261 0.691500 0.094686 0.691000 0.102415 0.688500 0.109179 0.684500 0.118841 0.674000 0.121739 0.661000 0.115942 0.655500
0 0.102415 0.620000 0.094686 0.619500 0.065700 0.624500 0.057005 0.630000 0.057005 0.635000 0.063768 0.642500 0.071498 0.648000 0.078261 0.650000 0.102415 0.651000 0.112077 0.649500 0.115942 0.646500 0.122705 0.629500 0.119807 0.627500 0.114010 0.626500
0 0.087923 0.583500 0.076329 0.583500 0.065700 0.585500 0.053140 0.590500 0.046377 0.597500 0.046377 0.604500 0.052174 0.613000 0.057971 0.617000 0.071498 0.621500 0.083092 0.621000 0.095652 0.617000 0.103382 0.612500 0.113043 0.600500 0.112077 0.595500
0 0.116908 0.597000 0.104348 0.610500 0.102415 0.617500 0.106280 0.623000 0.111111 0.625500 0.125604 0.627500 0.136232 0.625500 0.154589 0.619000 0.160386 0.616000 0.161353 0.611000 0.144928 0.603500 0.139130 0.598000 0.133333 0.597000
0 0.224155 0.595500 0.215459 0.595000 0.200000 0.600500 0.186473 0.608000 0.176812 0.618000 0.175845 0.627500 0.177778 0.631000 0.182609 0.634500 0.192271 0.638000 0.199034 0.639000 0.216425 0.639000 0.227053 0.636000 0.236715 0.627500 0.237681 0.614000 0.231884 0.601000
0 0.162319 0.581000 0.156522 0.583500 0.147826 0.591500 0.142995 0.599000 0.143961 0.602500 0.147826 0.605500 0.162319 0.610000 0.178744 0.609000 0.189372 0.606000 0.201932 0.599500 0.207729 0.592000 0.205797 0.588000 0.196135 0.583000 0.177778 0.583000
0 0.097585 0.571000 0.091787 0.574000 0.089855 0.578500 0.090821 0.584000 0.095652 0.588000 0.102415 0.591500 0.119807 0.596500 0.140097 0.597000 0.143961 0.595500 0.159420 0.580500 0.146860 0.571000 0.135266 0.567000 0.116908 0.567500
0 0.215459 0.560500 0.210628 0.565000 0.207729 0.576000 0.200966 0.579500 0.200966 0.584000 0.212560 0.593000 0.231884 0.594000 0.240580 0.591500 0.250242 0.585000 0.257971 0.576500 0.256039 0.571500 0.250242 0.564500 0.239614 0.561000
0 0.164251 0.545500 0.150725 0.551500 0.143961 0.560500 0.145894 0.569500 0.154589 0.576000 0.169082 0.581500 0.175845 0.582500 0.196135 0.582000 0.207729 0.576500 0.211594 0.560000 0.205797 0.555500 0.185507 0.546000 0.179710 0.545000
0 0.154589 0.540000 0.127536 0.535500 0.115942 0.535000 0.099517 0.540500 0.093720 0.543500 0.089855 0.548000 0.088889 0.555000 0.091787 0.566000 0.096618 0.568000 0.104348 0.568500 0.141063 0.565000 0.146860 0.555500 0.159420 0.545000
0 0.087923 0.542000 0.063768 0.542500 0.056039 0.545000 0.049275 0.550000 0.049275 0.557000 0.053140 0.563500 0.060870 0.567500 0.071498 0.570500 0.083092 0.569500 0.089855 0.566000 0.090821 0.544000
0 0.112077 0.521000 0.107246 0.519000 0.099517 0.518000 0.094686 0.515000 0.089855 0.514000 0.074396 0.515500 0.057005 0.515500 0.051208 0.521000 0.051208 0.535500 0.057971 0.540000 0.065700 0.542000 0.078261 0.542000 0.099517 0.539000 0.109179 0.536000 0.113043 0.533000 0.115942 0.525000
0 0.305314 0.513000 0.293720 0.515000 0.285990 0.518000 0.278261 0.533500 0.281159 0.540000 0.284058 0.542000 0.300483 0.544500 0.314976 0.544500 0.320773 0.543500 0.336232 0.537500 0.339130 0.533000 0.335266 0.529500 0.336232 0.524500 0.333333 0.521000 0.318841 0.514500
0 0.333333 0.628000 0.320773 0.633500 0.318841 0.636500 0.318841 0.643500 0.323671 0.652000 0.335266 0.657000 0.357488 0.659000 0.375845 0.663000 0.382609 0.659500 0.386473 0.654500 0.380676 0.641000 0.380676 0.630500 0.375845 0.629000 0.361353 0.628500 0.345894 0.625500
0 0.415459 0.657500 0.400966 0.657500 0.380676 0.664000 0.371981 0.670000 0.369082 0.676500 0.370048 0.682000 0.375845 0.688000 0.388406 0.692000 0.396135 0.692000 0.409662 0.689500 0.426087 0.681000 0.427053 0.673000 0.420290 0.661000
0 0.877295 0.418000 0.870531 0.418000 0.849275 0.422500 0.842512 0.427500 0.842512 0.439500 0.853140 0.452000 0.857971 0.454000 0.872464 0.454000 0.883092 0.452500 0.892754 0.449500 0.901449 0.444000 0.902415 0.426000 0.894686 0.422000
0 0.905314 0.449000 0.891787 0.456000 0.885024 0.462500 0.884058 0.469000 0.885990 0.477000 0.892754 0.484000 0.903382 0.488000 0.917874 0.489000 0.929469 0.488000 0.937198 0.486000 0.947826 0.479500 0.949758 0.475500 0.947826 0.470500 0.938164 0.458000 0.929469 0.453000 0.913043 0.449000
0 0.965217 0.430500 0.962319 0.434500 0.946860 0.446500 0.943961 0.462500 0.953623 0.475500 0.956522 0.477000 0.981643 0.477000 1.000000 0.474000 1.000000 0.446500 0.996135 0.446000 0.994203 0.441000 0.990338 0.438500 0.973913 0.431500
0 0.957488 0.478000 0.935266 0.486500 0.932367 0.489500 0.934300 0.498500 0.938164 0.503500 0.952657 0.511000 0.956522 0.512000 0.976812 0.512000 0.989372 0.506000 0.996135 0.498000 1.000000 0.497500 1.000000 0.487000 0.996135 0.486500 0.989372 0.480000 0.982609 0.478500
0 0.889855 0.486000 0.879227 0.488500 0.870531 0.493500 0.870531 0.507000 0.877295 0.514000 0.887923 0.520500 0.905314 0.524000 0.912077 0.523500 0.929469 0.519000 0.934300 0.516500 0.940097 0.510500 0.941063 0.505500 0.930435 0.494000 0.924638 0.490500
0 0.869565 0.455500 0.843478 0.456000 0.837681 0.457500 0.827053 0.462500 0.818357 0.470000 0.814493 0.476000 0.815459 0.486000 0.820290 0.491000 0.835749 0.497000 0.844444 0.498000 0.857005 0.497500 0.872464 0.490500 0.877295 0.486500 0.883092 0.475000 0.882126 0.466500 0.873430 0.461500
0 0.996135 0.497500 0.992271 0.506000 0.996135 0.516500 1.000000 0.516500 1.000000 0.497500
0 0.956522 0.512000 0.944928 0.517000 0.941063 0.521500 0.942029 0.526000 0.950725 0.538000 0.956522 0.540000 0.968116 0.540500 0.979710 0.538000 0.987440 0.532000 0.997101 0.527000 1.000000 0.527000 1.000000 0.518000 0.978744 0.512500
0 0.933333 0.519500 0.926570 0.519500 0.908213 0.524500 0.893720 0.534000 0.888889 0.540000 0.888889 0.546500 0.894686 0.555000 0.912077 0.560000 0.919807 0.561000 0.929469 0.560500 0.940097 0.556000 0.945894 0.551000 0.949758 0.544000 0.949758 0.538500 0.940097 0.523000
0 0.870531 0.530000 0.859903 0.529500 0.847343 0.532000 0.824155 0.542500 0.818357 0.548500 0.818357 0.556500 0.824155 0.561000 0.846377 0.566000 0.866667 0.562000 0.887923 0.555500 0.889855 0.551500 0.884058 0.538000 0.879227 0.533500
0 0.921739 0.561500 0.895652 0.557000 0.882126 0.558500 0.871498 0.562500 0.866667 0.568000 0.866667 0.577000 0.870531 0.583500 0.875362 0.587000 0.884058 0.588500 0.896618 0.588500 0.914976 0.584500 0.929469 0.578500 0.929469 0.568000
0 0.895652 0.589500 0.895652 0.595500 0.907246 0.602000 0.935266 0.607500 0.958454 0.607500 0.965217 0.604500 0.971014 0.599500 0.970048 0.586000 0.950725 0.578500 0.929469 0.579000
0 0.989372 0.541000 0.977778 0.543500 0.961353 0.549500 0.949758 0.559000 0.945894 0.566500 0.946860 0.573500 0.950725 0.578000 0.962319 0.582500 0.972947 0.585000 0.983575 0.584500 1.000000 0.580500 1.000000 0.543500
0 0.996135 0.582500 0.977778 0.586500 0.973913 0.588500 0.971981 0.591000 0.971981 0.597500 0.981643 0.607500 0.988406 0.610000 1.000000 0.610500 1.000000 0.582500
0 0.822222 0.564000 0.797101 0.577500 0.796135 0.581500 0.799034 0.588000 0.812560 0.596500 0.821256 0.599000 0.835749 0.601000 0.855072 0.601000 0.861836 0.598000 0.863768 0.595500 0.855072 0.588000 0.855072 0.581000 0.851208 0.572500 0.839614 0.565500 0.830918 0.563500
0 0.842512 0.602000 0.830918 0.605000 0.826087 0.607500 0.822222 0.612000 0.823188 0.632500 0.833816 0.640500 0.853140 0.644000 0.872464 0.638500 0.881159 0.628500 0.882126 0.615000 0.869565 0.604000 0.861836 0.602000
0 0.878261 0.604000 0.876329 0.609000 0.882126 0.616000 0.882126 0.628500 0.884058 0.631000 0.896618 0.636500 0.914976 0.636500 0.923671 0.631500 0.933333 0.620000 0.934300 0.615000 0.931401 0.608000 0.906280 0.602000 0.894686 0.602000
0 0.968116 0.614000 0.952657 0.614500 0.937198 0.618500 0.915942 0.639000 0.920773 0.642500 0.938164 0.648000 0.948792 0.649500 0.966184 0.649000 0.978744 0.644500 0.982609 0.639000 0.982609 0.633500 0.979710 0.629000 0.977778 0.618000 0.972947 0.615000
0 0.996135 0.622500 0.986473 0.632000 0.982609 0.643000 0.988406 0.650500 0.995169 0.653500 1.000000 0.653500 1.000000 0.622500
0 0.933333 0.647500 0.930435 0.655500 0.932367 0.663000 0.941063 0.670500 0.950725 0.675500 0.965217 0.679000 0.975845 0.678500 0.985507 0.676000 0.997101 0.670500 1.000000 0.670500 1.000000 0.653500 0.996135 0.653500 0.989372 0.651000 0.981643 0.644500 0.963285 0.649000 0.950725 0.649500 0.936232 0.647000
0 0.878261 0.641000 0.875362 0.642000 0.873430 0.645000 0.873430 0.652000 0.876329 0.658500 0.885024 0.667500 0.895652 0.672000 0.908213 0.672500 0.919807 0.671000 0.931401 0.663500 0.929469 0.658500 0.930435 0.648500 0.927536 0.645000 0.907246 0.638000
0 0.812560 0.634000 0.810628 0.639000 0.820290 0.658500 0.827053 0.662500 0.836715 0.665500 0.850242 0.663500 0.863768 0.656500 0.870531 0.650500 0.871498 0.645500 0.869565 0.642000 0.866667 0.641500 0.853140 0.643500 0.834783 0.640000 0.822222 0.632500
0 0.383575 0.512000 0.371981 0.512000 0.351691 0.514500 0.346860 0.517000 0.342995 0.521500 0.341063 0.530500 0.342995 0.535000 0.352657 0.541000 0.362319 0.543000 0.383575 0.542500 0.409662 0.533500 0.411594 0.531000 0.410628 0.526500 0.397101 0.517500
0 0.376812 0.482500 0.368116 0.481000 0.348792 0.481500 0.332367 0.486000 0.324638 0.489500 0.319807 0.496000 0.319807 0.504500 0.328502 0.511000 0.339130 0.514000 0.353623 0.514500 0.377778 0.511000 0.383575 0.508000 0.389372 0.502000 0.388406 0.495000 0.383575 0.486500
0 0.243478 0.486500 0.241546 0.491000 0.251208 0.502500 0.263768 0.508000 0.278261 0.512000 0.285990 0.513000 0.302415 0.512000 0.307246 0.510000 0.315942 0.502000 0.320773 0.489000 0.318841 0.485500 0.309179 0.481500 0.294686 0.479000 0.282126 0.479000 0.251208 0.484000
0 0.234783 0.491000 0.224155 0.485500 0.218357 0.485000 0.206763 0.486000 0.188406 0.485500 0.176812 0.487000 0.167150 0.490500 0.163285 0.493500 0.160386 0.501000 0.161353 0.506000 0.169082 0.511500 0.177778 0.515000 0.193237 0.515500 0.214493 0.513000 0.239614 0.502000 0.239614 0.496500
0 0.155556 0.504500 0.146860 0.504500 0.142029 0.506000 0.121739 0.519000 0.117874 0.527500 0.117874 0.532000 0.119807 0.533500 0.139130 0.537500 0.148792 0.537500 0.170048 0.533500 0.181643 0.529000 0.184541 0.523500 0.179710 0.516500 0.160386 0.505500
0 0.100483 0.485500 0.085990 0.490000 0.085990 0.495000 0.091787 0.502500 0.092754 0.512500 0.100483 0.518000 0.110145 0.518500 0.123671 0.515500 0.136232 0.510000 0.148792 0.503000 0.149758 0.497000 0.132367 0.497000 0.121739 0.495500 0.107246 0.486500
0 0.056039 0.482000 0.051208 0.488500 0.054106 0.512000 0.060870 0.515500 0.078261 0.515000 0.090821 0.511000 0.092754 0.507500 0.090821 0.499500 0.081159 0.489000 0.076329 0.486000
0 0.110145 0.446000 0.101449 0.445500 0.085990 0.451000 0.070531 0.453000 0.053140 0.462500 0.049275 0.467500 0.049275 0.473500 0.053140 0.478500 0.058937 0.482000 0.085990 0.488000 0.098551 0.485500 0.104348 0.483000 0.116908 0.459000
0 0.131401 0.456500 0.118841 0.460000 0.114976 0.463500 0.108213 0.476000 0.108213 0.485500 0.112077 0.490500 0.119807 0.495000 0.130435 0.496500 0.141063 0.496500 0.154589 0.494500 0.166184 0.490500 0.172947 0.485000 0.172947 0.477500 0.170048 0.468000 0.161353 0.459000 0.146860 0.458000 0.141063 0.456500
0 0.167150 0.458500 0.167150 0.463500 0.170048 0.466000 0.173913 0.477000 0.187440 0.484000 0.198068 0.485500 0.218357 0.484500 0.227053 0.481000 0.232850 0.476500 0.237681 0.464500 0.235749 0.461000 0.210628 0.458500 0.197101 0.454000 0.184541 0.454500 0.170048 0.457000
0 0.296618 0.453000 0.292754 0.452000 0.277295 0.452000 0.270531 0.450500 0.263768 0.450500 0.255072 0.452500 0.243478 0.459000 0.237681 0.466000 0.234783 0.472500 0.236715 0.477500 0.252174 0.481500 0.265700 0.481500 0.292754 0.477500 0.303382 0.471000 0.298551 0.462500
0 0.364251 0.442500 0.345894 0.440000 0.329469 0.441500 0.315942 0.445000 0.302415 0.452000 0.299517 0.456000 0.300483 0.465500 0.305314 0.471000 0.318841 0.477500 0.326570 0.479000 0.343961 0.478000 0.350725 0.476000 0.368116 0.467500 0.377778 0.458000 0.369082 0.445500
0 0.455072 0.471000 0.436715 0.466000 0.428986 0.465500 0.417391 0.466500 0.406763 0.469500 0.391304 0.482000 0.390338 0.487500 0.395169 0.493000 0.402899 0.496500 0.414493 0.498500 0.430918 0.498500 0.449275 0.495000 0.456039 0.492000 0.461836 0.485500 0.461836 0.479000
0 0.465700 0.477000 0.462802 0.487000 0.457005 0.491000 0.455072 0.495000 0.463768 0.504000 0.473430 0.511000 0.479227 0.512000 0.489855 0.511500 0.512077 0.502000 0.520773 0.493500 0.521739 0.489500 0.513043 0.483500 0.496618 0.478000 0.473430 0.476500
0 0.550725 0.488000 0.537198 0.488500 0.528502 0.490500 0.516908 0.497500 0.506280 0.509000 0.508213 0.512500 0.513043 0.515000 0.524638 0.517500 0.547826 0.516500 0.560386 0.513500 0.568116 0.510000 0.571981 0.504500 0.571014 0.499000
0 0.660870 0.480500 0.657005 0.478500 0.649275 0.477000 0.639614 0.477000 0.622222 0.480000 0.617391 0.482500 0.610628 0.490000 0.597101 0.496500 0.591304 0.505500 0.592271 0.507500 0.623188 0.513500 0.646377 0.511500 0.659903 0.508500 0.670531 0.503500 0.673430 0.500000 0.673430 0.493500
0 0.713043 0.479500 0.706280 0.479000 0.698551 0.480500 0.688889 0.484000 0.680193 0.489000 0.675362 0.494000 0.673430 0.499500 0.673430 0.507000 0.678261 0.512000 0.700483 0.513000 0.730435 0.500000 0.734300 0.495000 0.734300 0.490000
0 0.738164 0.520500 0.726570 0.525000 0.722705 0.528500 0.720773 0.532500 0.722705 0.538000 0.727536 0.541000 0.745894 0.547500 0.752657 0.548500 0.760386 0.552000 0.769082 0.551500 0.781643 0.545000 0.783575 0.542500 0.783575 0.536000 0.776812 0.524000 0.771014 0.522500 0.754589 0.522000 0.746860 0.520000
0 0.835749 0.515000 0.826087 0.514500 0.800966 0.516500 0.787440 0.520500 0.780676 0.524000 0.780676 0.532000 0.789372 0.543500 0.815459 0.550000 0.824155 0.542500 0.838647 0.536500 0.847343 0.530000 0.848309 0.521000 0.842512 0.517000
0 0.736232 0.491500 0.731401 0.500500 0.731401 0.510500 0.734300 0.515000 0.742029 0.519500 0.757488 0.522500 0.776812 0.523000 0.785507 0.521500 0.800000 0.515500 0.811594 0.515000 0.816425 0.513500 0.817391 0.509500 0.809662 0.502000 0.792271 0.492000 0.772947 0.491000 0.753623 0.488000 0.742029 0.488500
0 0.713043 0.474000 0.714010 0.477000 0.738164 0.488000 0.753623 0.488000 0.771981 0.491000 0.786473 0.491500 0.791304 0.490500 0.798068 0.482500 0.799034 0.478500 0.795169 0.475500 0.776812 0.474000 0.758454 0.470000 0.722705 0.469500
0 0.769082 0.441500 0.756522 0.446000 0.751691 0.451000 0.750725 0.455500 0.755556 0.464000 0.760386 0.469000 0.766184 0.471500 0.777778 0.474000 0.793237 0.474500 0.800966 0.471500 0.812560 0.462500 0.814493 0.459000 0.813527 0.447000 0.805797 0.443000 0.778744 0.441000
0 0.652174 0.448500 0.637681 0.462000 0.640580 0.467000 0.660870 0.475000 0.684058 0.481000 0.694686 0.481500 0.713043 0.475500 0.717874 0.470500 0.718841 0.466500 0.698551 0.452500 0.693720 0.451000 0.673430 0.449500 0.663768 0.446000 0.658937 0.446000
0 0.645411 0.442500 0.635749 0.442000 0.615459 0.445000 0.588406 0.458000 0.585507 0.461000 0.586473 0.466500 0.595169 0.470500 0.606763 0.472500 0.611594 0.472500 0.622222 0.469000 0.637681 0.461500 0.646377 0.454000 0.650242 0.446000
0 0.553623 0.466000 0.549758 0.469500 0.545894 0.480500 0.552657 0.488000 0.560386 0.493000 0.571981 0.496500 0.585507 0.497500 0.599034 0.495500 0.608696 0.491000 0.612560 0.487500 0.615459 0.481000 0.614493 0.476000 0.611594 0.473500 0.600000 0.472000 0.579710 0.465000 0.557488 0.465000
0 0.542029 0.453500 0.534300 0.453500 0.518841 0.458500 0.510145 0.455500 0.499517 0.455000 0.490821 0.458000 0.487923 0.460500 0.487923 0.464500 0.491787 0.470500 0.498551 0.476000 0.517874 0.483500 0.534300 0.484500 0.542029 0.482500 0.545894 0.480000 0.547826 0.470000 0.557488 0.462500
0 0.463768 0.433000 0.440580 0.437000 0.428986 0.447000 0.427053 0.456500 0.435749 0.465500 0.451208 0.470000 0.467633 0.471500 0.484058 0.464500 0.489855 0.455500 0.489855 0.450500 0.483092 0.445000 0.477295 0.435000 0.474396 0.433500
0 0.369082 0.432500 0.369082 0.444000 0.372947 0.451500 0.380676 0.457000 0.389372 0.458500 0.400966 0.457500 0.426087 0.448500 0.437681 0.440000 0.436715 0.435000 0.429952 0.434000 0.416425 0.428500 0.402899 0.426000 0.373913 0.426000
0 0.123671 0.432500 0.118841 0.438500 0.118841 0.444500 0.125604 0.450000 0.141063 0.456500 0.146860 0.457500 0.165217 0.457500 0.184541 0.453500 0.189372 0.451000 0.192271 0.447500 0.193237 0.435000 0.190338 0.431000 0.184541 0.427500 0.166184 0.424000 0.146860 0.424000 0.132367 0.428000
0 0.112077 0.432000 0.090821 0.423000 0.080193 0.423500 0.065700 0.428500 0.054106 0.430500 0.052174 0.436500 0.053140 0.445500 0.057971 0.449000 0.071498 0.452000 0.086957 0.450500 0.108213 0.442500 0.113043 0.436500
0 0.750725 0.427000 0.735266 0.426000 0.727536 0.427000 0.723671 0.429000 0.723671 0.440000 0.721739 0.443500 0.714976 0.447000 0.714976 0.451500 0.724638 0.457500 0.741063 0.457000 0.745894 0.455500 0.751691 0.451000 0.759420 0.437500 0.759420 0.432000 0.755556 0.428500
0 0.721739 0.428000 0.706280 0.422000 0.693720 0.420000 0.685990 0.420500 0.674396 0.423500 0.664734 0.430000 0.659903 0.437000 0.659903 0.443000 0.666667 0.447500 0.678261 0.450000 0.693720 0.450500 0.713043 0.448500 0.719807 0.445500 0.723671 0.441500
0 0.626087 0.409500 0.616425 0.410000 0.608696 0.412500 0.595169 0.421000 0.589372 0.427500 0.592271 0.432000 0.603865 0.441000 0.615459 0.443500 0.625121 0.443500 0.641546 0.440500 0.651208 0.436000 0.655072 0.429500 0.654106 0.424000
0 0.548792 0.421000 0.544928 0.423500 0.548792 0.435500 0.547826 0.440000 0.542029 0.447000 0.542995 0.451500 0.558454 0.461500 0.562319 0.462500 0.580676 0.462000 0.600966 0.450500 0.603865 0.444000 0.600966 0.438500 0.581643 0.426000 0.571981 0.423500
0 0.527536 0.417500 0.502415 0.420500 0.488889 0.424500 0.483092 0.428000 0.480193 0.434500 0.481159 0.441000 0.485990 0.447500 0.495652 0.452000 0.515942 0.456000 0.521739 0.456000 0.531401 0.454000 0.542029 0.446500 0.545894 0.440500 0.545894 0.432000 0.541063 0.423000 0.536232 0.419500
0 0.228986 0.417500 0.212560 0.422000 0.204831 0.425500 0.197101 0.435500 0.194203 0.446000 0.198068 0.452000 0.203865 0.456500 0.217391 0.459500 0.233816 0.460000 0.243478 0.458000 0.257971 0.447500 0.258937 0.426500 0.253140 0.421500 0.241546 0.418500
0 0.274396 0.413500 0.270531 0.415000 0.260870 0.424500 0.260870 0.441500 0.264734 0.447500 0.271498 0.450500 0.278261 0.452000 0.288889 0.452000 0.298551 0.450000 0.317874 0.439000 0.315942 0.435000 0.307246 0.428500 0.304348 0.420000 0.290821 0.415000
0 0.314010 0.414500 0.306280 0.420000 0.306280 0.425500 0.310145 0.431000 0.321739 0.439500 0.327536 0.441000 0.359420 0.439500 0.363285 0.438000 0.369082 0.429000 0.369082 0.424000 0.366184 0.418000 0.361353 0.414500 0.341063 0.410000 0.329469 0.410500
0 0.548792 0.384500 0.532367 0.393500 0.531401 0.397000 0.536232 0.406500 0.554589 0.413500 0.570048 0.417000 0.580676 0.417000 0.587440 0.415500 0.598068 0.408500 0.598068 0.401000 0.595169 0.396000 0.596135 0.388500 0.589372 0.384500 0.573913 0.381500 0.562319 0.382000
0 0.694686 0.383000 0.657971 0.383500 0.655072 0.385000 0.652174 0.392500 0.634783 0.401000 0.630918 0.405000 0.630918 0.409500 0.633816 0.413000 0.645411 0.419000 0.662802 0.423500 0.673430 0.423500 0.689855 0.419000 0.699517 0.413000 0.705314 0.398500 0.705314 0.391500 0.700483 0.385000
0 0.748792 0.389000 0.737198 0.388500 0.729469 0.389500 0.705314 0.402000 0.704348 0.408500 0.709179 0.415000 0.715942 0.419000 0.729469 0.423000 0.739130 0.423500 0.753623 0.420000 0.766184 0.415000 0.771981 0.403500 0.767150 0.396500 0.758454 0.391500
0 0.764251 0.365500 0.756522 0.362000 0.748792 0.360500 0.730435 0.360500 0.702415 0.367500 0.695652 0.373000 0.693720 0.380000 0.707246 0.387500 0.712077 0.388000 0.757488 0.386500 0.764251 0.384500 0.766184 0.381000
0 0.646377 0.357000 0.636715 0.364000 0.636715 0.370000 0.641546 0.375000 0.649275 0.379000 0.661836 0.382500 0.681159 0.382500 0.688889 0.378500 0.696618 0.371500 0.698551 0.365000 0.695652 0.361500 0.685990 0.357500 0.671498 0.355500 0.658937 0.355500
0 0.626087 0.371500 0.617391 0.372500 0.606763 0.377500 0.597101 0.388000 0.596135 0.397000 0.601932 0.407500 0.611594 0.408000 0.626087 0.405000 0.652174 0.392500 0.653140 0.381000
0 0.628019 0.359500 0.612560 0.356000 0.603865 0.351500 0.602899 0.349500 0.597101 0.348000 0.592271 0.348500 0.582609 0.352000 0.568116 0.360000 0.562319 0.371000 0.558454 0.374500 0.559420 0.380000 0.562319 0.381000 0.571014 0.381000 0.609662 0.376500 0.627053 0.367500 0.628986 0.365500
0 0.662802 0.327000 0.637681 0.324000 0.614493 0.327500 0.606763 0.333500 0.603865 0.339000 0.604831 0.348000 0.607729 0.352500 0.616425 0.356500 0.626087 0.358000 0.637681 0.358000 0.660870 0.354000 0.678261 0.342500 0.678261 0.337000
0 0.721739 0.328500 0.709179 0.328500 0.698551 0.331000 0.691787 0.335000 0.687923 0.340000 0.687923 0.349500 0.690821 0.356000 0.698551 0.363500 0.707246 0.365500 0.715942 0.364500 0.734300 0.359500 0.741063 0.354000 0.739130 0.339000 0.730435 0.331500
0 0.757488 0.301000 0.742029 0.298000 0.727536 0.298000 0.709179 0.299500 0.698551 0.302000 0.694686 0.306500 0.694686 0.318500 0.698551 0.324000 0.710145 0.328000 0.728502 0.328500 0.755556 0.323000 0.770048 0.314500 0.771014 0.311000
0 0.639614 0.291000 0.635749 0.298000 0.636715 0.306000 0.633816 0.312000 0.633816 0.317000 0.638647 0.322000 0.643478 0.324000 0.663768 0.326500 0.671498 0.325500 0.686957 0.321000 0.691787 0.318500 0.694686 0.314500 0.692754 0.301500 0.685024 0.297000 0.671498 0.293000 0.655072 0.292500 0.648309 0.290000
0 0.578744 0.289000 0.575845 0.290000 0.575845 0.292000 0.579710 0.295500 0.579710 0.301000 0.565217 0.311000 0.569082 0.315000 0.585507 0.323000 0.611594 0.326000 0.618357 0.323500 0.633816 0.310500 0.633816 0.299000 0.629952 0.295500 0.618357 0.290000 0.602899 0.290500
0 0.636715 0.266500 0.626087 0.261000 0.618357 0.260000 0.593237 0.264500 0.581643 0.269000 0.570048 0.279000 0.571014 0.282500 0.574879 0.285000 0.593237 0.289500 0.620290 0.288500 0.629952 0.284500 0.634783 0.280000
0 0.671498 0.263500 0.666667 0.264500 0.649275 0.274000 0.644444 0.280000 0.644444 0.288500 0.655072 0.292500 0.669565 0.293000 0.685990 0.295500 0.694686 0.291500 0.696618 0.289000 0.695652 0.271500 0.690821 0.267000 0.685024 0.264500
0 0.697585 0.275500 0.696618 0.286000 0.698551 0.290500 0.707246 0.295500 0.714010 0.297500 0.744928 0.297000 0.773913 0.284500 0.771981 0.279000 0.765217 0.272500 0.751691 0.268000 0.731401 0.266000 0.714010 0.266500 0.702415 0.271000
0 0.816425 0.248000 0.783575 0.245000 0.774879 0.247500 0.770048 0.250500 0.765217 0.257500 0.766184 0.269500 0.778744 0.283500 0.784541 0.284500 0.794203 0.281500 0.808696 0.274000 0.815459 0.268500 0.817391 0.262000 0.822222 0.256500 0.821256 0.250500
0 0.823188 0.283500 0.814493 0.282000 0.797101 0.282000 0.779710 0.286000 0.767150 0.291500 0.762319 0.298000 0.762319 0.303000 0.774879 0.312500 0.789372 0.313500 0.817391 0.312500 0.828019 0.309000 0.833816 0.303000 0.832850 0.290500 0.829952 0.287000
0 0.774879 0.313500 0.765217 0.318000 0.763285 0.321500 0.765217 0.327000 0.768116 0.329000 0.783575 0.329000 0.788406 0.330000 0.799034 0.338500 0.807729 0.338500 0.821256 0.333500 0.824155 0.330500 0.825121 0.325000 0.822222 0.317000 0.817391 0.313500
0 0.785507 0.328500 0.768116 0.329000 0.759420 0.331000 0.742995 0.338000 0.741063 0.341000 0.741063 0.348500 0.744928 0.355500 0.752657 0.361000 0.768116 0.365000 0.778744 0.365000 0.787440 0.363000 0.796135 0.358500 0.800966 0.352000 0.801932 0.343500 0.800000 0.339500 0.792271 0.331000
0 0.799034 0.362500 0.789372 0.363000 0.776812 0.368000 0.768116 0.376500 0.766184 0.385000 0.770048 0.389000 0.776812 0.392000 0.782609 0.393000 0.800000 0.392500 0.819324 0.385000 0.825121 0.381000 0.826087 0.377000 0.819324 0.374500 0.811594 0.367000
0 0.789372 0.399500 0.783575 0.401000 0.771981 0.407000 0.769082 0.410500 0.765217 0.422000 0.766184 0.431000 0.776812 0.440000 0.788406 0.442000 0.807729 0.442000 0.817391 0.440000 0.826087 0.435500 0.833816 0.428000 0.834783 0.423500 0.830918 0.417500 0.822222 0.413500 0.812560 0.405000 0.799034 0.400000
0 0.827053 0.383500 0.807729 0.391000 0.806763 0.397000 0.808696 0.400500 0.823188 0.412500 0.833816 0.417500 0.847343 0.419000 0.859903 0.418000 0.873430 0.407500 0.874396 0.398000 0.871498 0.392000 0.864734 0.386500 0.856039 0.383500 0.849275 0.382500
0 0.837681 0.333500 0.828986 0.333500 0.820290 0.336500 0.804831 0.345500 0.802899 0.351500 0.798068 0.356500 0.798068 0.360500 0.813527 0.367000 0.822222 0.367000 0.829952 0.368500 0.847343 0.365500 0.860870 0.361000 0.868599 0.354000 0.868599 0.348000 0.861836 0.342500 0.853140 0.342000 0.851208 0.338000
0 0.831884 0.309500 0.823188 0.313500 0.825121 0.323500 0.830918 0.331000 0.842512 0.335000 0.857005 0.338000 0.867633 0.337500 0.874396 0.335500 0.880193 0.332500 0.886957 0.323000 0.886957 0.314000 0.884058 0.309000 0.875362 0.306000 0.851208 0.306000
0 0.837681 0.290000 0.836715 0.296000 0.839614 0.301000 0.852174 0.304500 0.880193 0.305500 0.894686 0.303000 0.902415 0.299000 0.901449 0.294000 0.896618 0.289500 0.886957 0.285000 0.868599 0.281500 0.858937 0.281000 0.850242 0.282500 0.843478 0.285000
0 0.861836 0.246500 0.845411 0.247000 0.833816 0.250500 0.825121 0.254500 0.817391 0.264000 0.818357 0.271500 0.830918 0.278000 0.847343 0.281500 0.854106 0.281500 0.865700 0.279500 0.876329 0.274000 0.882126 0.267500 0.887923 0.264000 0.886957 0.261500 0.866667 0.253000 0.864734 0.248000
0 0.902415 0.258000 0.889855 0.263000 0.879227 0.271000 0.877295 0.275000 0.879227 0.280500 0.883092 0.283500 0.900483 0.288500 0.909179 0.289500 0.924638 0.289000 0.936232 0.283500 0.937198 0.275500 0.933333 0.271000 0.916908 0.262500 0.912077 0.258500
0 0.936232 0.292500 0.909179 0.295500 0.894686 0.310500 0.893720 0.318500 0.898551 0.323000 0.909179 0.327000 0.920773 0.328000 0.934300 0.326500 0.942995 0.323000 0.946860 0.319500 0.950725 0.311500 0.950725 0.302000 0.948792 0.299000
0 0.878261 0.334000 0.877295 0.338000 0.889855 0.350500 0.895652 0.353500 0.912077 0.358500 0.929469 0.358000 0.935266 0.356500 0.945894 0.350500 0.950725 0.337500 0.948792 0.333500 0.937198 0.327500 0.914010 0.328000 0.907246 0.326500 0.900483 0.326500 0.887923 0.329500
0 0.910145 0.358000 0.891787 0.352500 0.882126 0.352500 0.873430 0.354000 0.862802 0.361000 0.850242 0.366000 0.846377 0.372500 0.847343 0.375500 0.854106 0.378500 0.858937 0.383000 0.865700 0.385000 0.885024 0.385500 0.902415 0.383500 0.914976 0.379000 0.918841 0.369000 0.916908 0.364500
0 0.880193 0.392000 0.877295 0.396000 0.879227 0.404500 0.889855 0.413000 0.903382 0.419000 0.910145 0.419000 0.914010 0.417500 0.920773 0.417500 0.934300 0.413500 0.939130 0.408500 0.941063 0.399000 0.922705 0.390000 0.911111 0.387500 0.896618 0.387000 0.885024 0.389500
0 0.938164 0.416500 0.928502 0.417000 0.911111 0.420500 0.905314 0.424000 0.902415 0.442500 0.904348 0.445500 0.911111 0.448500 0.924638 0.450500 0.937198 0.449500 0.948792 0.444500 0.963285 0.431500 0.964251 0.427500 0.960386 0.422500
0 0.978744 0.391500 0.952657 0.397500 0.948792 0.402000 0.948792 0.406000 0.953623 0.415500 0.967150 0.427000 0.974879 0.430500 0.989372 0.434000 0.996135 0.431000 1.000000 0.431000 1.000000 0.394000
0 0.926570 0.363500 0.922705 0.366000 0.916908 0.375000 0.916908 0.380000 0.922705 0.389000 0.942029 0.397500 0.956522 0.396000 0.970048 0.390500 0.975845 0.385000 0.975845 0.373000 0.964251 0.367000 0.957488 0.365000 0.942995 0.364500 0.938164 0.363000
0 0.995169 0.360500 0.988406 0.364000 0.978744 0.372500 0.978744 0.386500 0.989372 0.392000 1.000000 0.393500 1.000000 0.360500
0 0.973913 0.333000 0.965217 0.333500 0.952657 0.337500 0.947826 0.349000 0.947826 0.352500 0.954589 0.363000 0.965217 0.366000 0.978744 0.366000 0.988406 0.364000 0.996135 0.360500 1.000000 0.360500 1.000000 0.339000
0 0.968116 0.303000 0.962319 0.306000 0.953623 0.316000 0.952657 0.322500 0.956522 0.326500 0.968116 0.331000 1.000000 0.334000 1.000000 0.303000 0.990338 0.301000
0 0.948792 0.270000 0.941063 0.274500 0.937198 0.282500 0.937198 0.288500 0.942995 0.294500 0.947826 0.297500 0.963285 0.301500 0.974879 0.302000 0.986473 0.300500 0.993237 0.296500 0.996135 0.292500 1.000000 0.292000 1.000000 0.287000 0.997101 0.287000 0.995169 0.285500 0.994203 0.279000 0.991304 0.276000 0.980676 0.270500 0.966184 0.267000
0 0.933333 0.233500 0.930435 0.235000 0.925604 0.243000 0.910145 0.251500 0.910145 0.255000 0.925604 0.267000 0.934300 0.270000 0.945894 0.270500 0.958454 0.267500 0.968116 0.261500 0.972947 0.255500 0.973913 0.246000 0.969082 0.241000 0.948792 0.236500 0.942995 0.234000
0 1.000000 0.240500 0.986473 0.241500 0.978744 0.244000 0.975845 0.246500 0.971014 0.261500 0.973913 0.264500 0.980676 0.267500 0.989372 0.268000 1.000000 0.266500
0 0.964251 0.208500 0.953623 0.210500 0.942029 0.216500 0.938164 0.221000 0.937198 0.229000 0.939130 0.231500 0.946860 0.235500 0.973913 0.241000 1.000000 0.235000 1.000000 0.213500 0.982609 0.209500
0 0.910145 0.218000 0.900483 0.217000 0.886957 0.218000 0.874396 0.223500 0.866667 0.229000 0.863768 0.234000 0.864734 0.247000 0.867633 0.252000 0.880193 0.258500 0.885024 0.258500 0.894686 0.254000 0.905314 0.252500 0.914976 0.249500 0.922705 0.245500 0.926570 0.241500 0.929469 0.233500 0.926570 0.226000
0 0.774879 0.227000 0.771981 0.230000 0.771981 0.233500 0.782609 0.242500 0.789372 0.245000 0.818357 0.248000 0.829952 0.248000 0.841546 0.244000 0.846377 0.238500 0.846377 0.224500 0.834783 0.219000 0.824155 0.217000 0.813527 0.217000 0.800000 0.220500 0.786473 0.222000
0 0.714976 0.202500 0.710145 0.208500 0.713043 0.215000 0.723671 0.224500 0.735266 0.232000 0.743961 0.235500 0.753623 0.235500 0.772947 0.228000 0.775845 0.225000 0.775845 0.220500 0.760386 0.213500 0.753623 0.205500 0.731401 0.205500 0.723671 0.203000
0 0.675362 0.236000 0.672464 0.239500 0.671498 0.245500 0.674396 0.250000 0.680193 0.252000 0.714010 0.257000 0.725604 0.257000 0.735266 0.252500 0.738164 0.244000 0.735266 0.239500 0.731401 0.238000 0.696618 0.231000 0.685024 0.232000
0 0.627053 0.227500 0.612560 0.232000 0.610628 0.238500 0.611594 0.248500 0.620290 0.257500 0.637681 0.265500 0.656039 0.267500 0.669565 0.261500 0.674396 0.256000 0.674396 0.251500 0.670531 0.245500 0.672464 0.235000 0.655072 0.226000 0.642512 0.225500
0 0.083092 0.395000 0.072464 0.393000 0.056039 0.393000 0.051208 0.394000 0.042512 0.399000 0.033816 0.411000 0.033816 0.416500 0.041546 0.428500 0.047343 0.430000 0.064734 0.429000 0.090821 0.421500 0.095652 0.413500 0.097585 0.403500 0.093720 0.399500
0 0.103382 0.396500 0.099517 0.399000 0.099517 0.407000 0.094686 0.416000 0.095652 0.424000 0.102415 0.428500 0.110145 0.431000 0.118841 0.431500 0.142029 0.425000 0.151691 0.419500 0.154589 0.416000 0.154589 0.403500 0.148792 0.401000 0.133333 0.399500 0.117874 0.395000
0 0.184541 0.395000 0.172947 0.397500 0.159420 0.403500 0.154589 0.413000 0.155556 0.416000 0.162319 0.421000 0.177778 0.426000 0.193237 0.426500 0.203865 0.425000 0.213527 0.421500 0.219324 0.415500 0.215459 0.413000 0.206763 0.401000 0.197101 0.396000
0 0.236715 0.374000 0.230918 0.376000 0.217391 0.386000 0.216425 0.405500 0.219324 0.412500 0.225121 0.416500 0.240580 0.417500 0.254106 0.416000 0.265700 0.413000 0.273430 0.408500 0.274396 0.403000 0.262802 0.385000 0.251208 0.381500 0.239614 0.374000
0 0.298551 0.377000 0.285024 0.382500 0.270531 0.385500 0.268599 0.390500 0.273430 0.401500 0.277295 0.405500 0.299517 0.413000 0.312077 0.413500 0.327536 0.410000 0.335266 0.405000 0.340097 0.399000 0.344928 0.387500 0.341063 0.383500 0.308213 0.376500
0 0.382609 0.376500 0.366184 0.379500 0.356522 0.384000 0.346860 0.391500 0.346860 0.397000 0.353623 0.405000 0.361353 0.409500 0.382609 0.415500 0.392271 0.416500 0.404831 0.414000 0.417391 0.407000 0.421256 0.400500 0.420290 0.388000 0.417391 0.384000 0.410628 0.380000 0.391304 0.376500
0 0.429952 0.403500 0.420290 0.406000 0.408696 0.413500 0.401932 0.416000 0.400966 0.421500 0.403865 0.424000 0.431884 0.434000 0.442512 0.435000 0.451208 0.434000 0.462802 0.429500 0.468599 0.424500 0.471498 0.417000 0.469565 0.411500 0.457971 0.404000 0.446377 0.403000
0 0.485990 0.388500 0.477295 0.393000 0.472464 0.397500 0.472464 0.403000 0.477295 0.411000 0.487923 0.416500 0.501449 0.420000 0.520773 0.418000 0.527536 0.414500 0.532367 0.408500 0.532367 0.402500 0.528502 0.392000 0.520773 0.388000 0.512077 0.386500 0.494686 0.386500
0 0.524638 0.347500 0.514010 0.350500 0.501449 0.362000 0.501449 0.377000 0.510145 0.380000 0.534300 0.380500 0.551691 0.376500 0.560386 0.372500 0.566184 0.361000 0.558454 0.356000 0.541063 0.349000
0 0.511111 0.344500 0.481159 0.339500 0.463768 0.340000 0.444444 0.343500 0.433816 0.349000 0.434783 0.358500 0.442512 0.368000 0.447343 0.370500 0.458937 0.373000 0.467633 0.373000 0.478261 0.371000 0.497585 0.364000 0.510145 0.354500 0.513043 0.350500
0 0.410628 0.342500 0.403865 0.344000 0.386473 0.354500 0.380676 0.361500 0.379710 0.368000 0.387440 0.375000 0.401932 0.378500 0.418357 0.379500 0.428019 0.378000 0.435749 0.375000 0.440580 0.372000 0.442512 0.368000 0.433816 0.357000 0.431884 0.344500 0.424155 0.343000
0 0.314976 0.350500 0.309179 0.353500 0.308213 0.357500 0.304348 0.361500 0.304348 0.366000 0.317874 0.375500 0.332367 0.378000 0.356522 0.378500 0.363285 0.377500 0.371981 0.374000 0.376812 0.369000 0.376812 0.364500 0.381643 0.354000 0.375845 0.349000 0.352657 0.346000 0.336232 0.346000
0 0.278261 0.351000 0.267633 0.351500 0.255072 0.355000 0.242512 0.360500 0.237681 0.364500 0.236715 0.370000 0.240580 0.374500 0.252174 0.380500 0.268599 0.384500 0.277295 0.384500 0.286957 0.382000 0.296618 0.377500 0.303382 0.370500 0.302415 0.360500 0.299517 0.356500 0.293720 0.354000
0 0.179710 0.357500 0.173913 0.360500 0.171014 0.365000 0.174879 0.374500 0.200000 0.385000 0.212560 0.385500 0.216425 0.384500 0.234783 0.373000 0.237681 0.362000 0.234783 0.358500 0.229952 0.356500 0.209662 0.354000 0.190338 0.355500
0 0.122705 0.374500 0.116908 0.382000 0.116908 0.387500 0.119807 0.395000 0.127536 0.398500 0.137198 0.400000 0.149758 0.400000 0.161353 0.398500 0.176812 0.394500 0.185507 0.388500 0.184541 0.384000 0.176812 0.378500 0.154589 0.370000 0.140097 0.369500 0.131401 0.370500
0 0.057005 0.362500 0.052174 0.365000 0.050242 0.369000 0.050242 0.378000 0.054106 0.383500 0.071498 0.392500 0.085990 0.394500 0.097585 0.394000 0.113043 0.386000 0.123671 0.373000 0.124638 0.369000 0.110145 0.362500 0.097585 0.360000
0 0.114010 0.333500 0.096618 0.329000 0.086957 0.329000 0.072464 0.332000 0.059903 0.333000 0.054106 0.335000 0.052174 0.338000 0.054106 0.340000 0.055072 0.350500 0.059903 0.355500 0.069565 0.361000 0.081159 0.361500 0.099517 0.358000 0.112077 0.344500 0.114976 0.338000
0 0.147826 0.323000 0.138164 0.324000 0.119807 0.333500 0.114010 0.341000 0.112077 0.349000 0.113043 0.360500 0.118841 0.365500 0.130435 0.368500 0.148792 0.368000 0.166184 0.364500 0.183575 0.353500 0.179710 0.337500 0.175845 0.334000
0 0.263768 0.338500 0.258937 0.330500 0.254106 0.327500 0.214493 0.327500 0.203865 0.329500 0.192271 0.335500 0.185507 0.337500 0.182609 0.343500 0.184541 0.346500 0.194203 0.351000 0.218357 0.355000 0.239614 0.356000 0.248309 0.354500 0.257971 0.351000 0.263768 0.344500
0 0.310145 0.314500 0.290821 0.314500 0.277295 0.316500 0.263768 0.322500 0.260870 0.329000 0.262802 0.335000 0.275362 0.349500 0.298551 0.355500 0.317874 0.347000 0.325604 0.337000 0.327536 0.322000 0.323671 0.318000
0 0.400000 0.318500 0.384541 0.316000 0.356522 0.316500 0.350725 0.317500 0.340097 0.322000 0.338164 0.333500 0.343961 0.340000 0.353623 0.346000 0.366184 0.348000 0.376812 0.348000 0.393237 0.341000 0.400966 0.334500 0.405797 0.326500 0.405797 0.322000
0 0.470531 0.314500 0.458937 0.310500 0.449275 0.310500 0.421256 0.318500 0.406763 0.325500 0.403865 0.333000 0.406763 0.339000 0.418357 0.342500 0.436715 0.343000 0.466667 0.338500 0.474396 0.334000 0.475362 0.331000 0.473430 0.318000
0 0.542029 0.311000 0.533333 0.310000 0.525604 0.312500 0.511111 0.313000 0.504348 0.310000 0.496618 0.308500 0.487923 0.311000 0.475362 0.320000 0.477295 0.332500 0.485024 0.338500 0.495652 0.341500 0.507246 0.342000 0.520773 0.339500 0.532367 0.335000 0.546860 0.322500 0.546860 0.314500
0 0.567150 0.317000 0.551691 0.321500 0.544928 0.325000 0.535266 0.334000 0.535266 0.338000 0.541063 0.345500 0.553623 0.351500 0.562319 0.353500 0.574879 0.353500 0.584541 0.351000 0.598068 0.343500 0.608696 0.329500 0.606763 0.326000 0.590338 0.324000 0.572947 0.317000
0 0.482126 0.287000 0.472464 0.282500 0.451208 0.278500 0.438647 0.278500 0.419324 0.281500 0.412560 0.283500 0.403865 0.289000 0.401932 0.297000 0.404831 0.303500 0.411594 0.309500 0.419324 0.312500 0.432850 0.313000 0.458937 0.308500 0.472464 0.302500 0.478261 0.296500 0.481159 0.295500 0.483092 0.292500
0 0.332367 0.295000 0.326570 0.302500 0.327536 0.307000 0.335266 0.312500 0.350725 0.316500 0.380676 0.316000 0.387440 0.313500 0.394203 0.307500 0.395169 0.302000 0.392271 0.296000 0.388406 0.292000 0.378744 0.287500 0.371981 0.286500 0.356522 0.287000
0 0.361353 0.252500 0.344928 0.253000 0.329469 0.256500 0.319807 0.261500 0.316908 0.266500 0.317874 0.273000 0.328502 0.281500 0.341063 0.285500 0.351691 0.287000 0.372947 0.284500 0.383575 0.279500 0.387440 0.276000 0.388406 0.266500 0.382609 0.256500
0 0.363285 0.227500 0.347826 0.238500 0.342995 0.252000 0.360386 0.252500 0.379710 0.255500 0.386473 0.259500 0.391304 0.260500 0.398068 0.258500 0.406763 0.253000 0.408696 0.249500 0.407729 0.243500 0.393237 0.232500 0.374879 0.227000
0 0.424155 0.244000 0.417391 0.244000 0.413527 0.246000 0.406763 0.253000 0.394203 0.260000 0.390338 0.264500 0.390338 0.276500 0.396135 0.279000 0.411594 0.281500 0.428986 0.280000 0.437681 0.277500 0.446377 0.271500 0.447343 0.269000 0.443478 0.254500
0 0.438647 0.222500 0.431884 0.229500 0.428986 0.238500 0.428986 0.244500 0.437681 0.250500 0.448309 0.252000 0.469565 0.251500 0.476329 0.250000 0.482126 0.245000 0.492754 0.244500 0.500483 0.240500 0.485990 0.225500 0.479227 0.222500 0.459903 0.219000 0.449275 0.219000 0.443478 0.220000
0 0.481159 0.249000 0.468599 0.251500 0.452174 0.252000 0.446377 0.255000 0.446377 0.264500 0.449275 0.270500 0.465700 0.279000 0.477295 0.281500 0.485990 0.281000 0.494686 0.278000 0.505314 0.272500 0.510145 0.266500 0.510145 0.259500 0.508213 0.257500 0.501449 0.254500
0 0.501449 0.278000 0.493720 0.280000 0.485024 0.286000 0.485024 0.295500 0.498551 0.308500 0.510145 0.313500 0.526570 0.312500 0.530435 0.311000 0.532367 0.308000 0.529469 0.302000 0.529469 0.293500 0.536232 0.286500 0.536232 0.282500 0.523671 0.278500 0.515942 0.277500
0 0.556522 0.282500 0.548792 0.282500 0.538164 0.285500 0.530435 0.290500 0.528502 0.294000 0.529469 0.302500 0.534300 0.308000 0.546860 0.312500 0.566184 0.309500 0.578744 0.303000 0.579710 0.298000 0.577778 0.294500 0.569082 0.287500
0 0.526570 0.249000 0.514010 0.256500 0.512077 0.268500 0.514976 0.273000 0.533333 0.277000 0.555556 0.278000 0.571981 0.277000 0.583575 0.267000 0.581643 0.257000 0.555556 0.249500 0.543961 0.248500
0 0.534300 0.228500 0.534300 0.233000 0.539130 0.241000 0.548792 0.246000 0.574879 0.253500 0.587440 0.255500 0.603865 0.247500 0.609662 0.235000 0.609662 0.231500 0.606763 0.229500 0.576812 0.224000 0.561353 0.222500 0.546860 0.224000
0 0.494686 0.223500 0.488889 0.224500 0.488889 0.229500 0.497585 0.237500 0.498551 0.240500 0.491787 0.244000 0.485024 0.245000 0.482126 0.248000 0.496618 0.253500 0.512077 0.255500 0.516908 0.254500 0.531401 0.245500 0.536232 0.240500 0.536232 0.236000 0.529469 0.229000 0.514010 0.226500 0.504348 0.223500
0 0.510145 0.195000 0.496618 0.204000 0.493720 0.209000 0.494686 0.214500 0.503382 0.223500 0.517874 0.227500 0.533333 0.228000 0.547826 0.224000 0.557488 0.219500 0.561353 0.214000 0.559420 0.207500 0.555556 0.204000 0.543961 0.198500 0.519807 0.195000
0 0.497585 0.189500 0.485024 0.188000 0.470531 0.188000 0.452174 0.189500 0.443478 0.192000 0.434783 0.200500 0.434783 0.206000 0.441546 0.213000 0.447343 0.216000 0.461836 0.219000 0.474396 0.219000 0.483092 0.216500 0.491787 0.211500 0.496618 0.204000 0.502415 0.199000 0.502415 0.193000
0 0.370048 0.203000 0.362319 0.208000 0.362319 0.216000 0.372947 0.226000 0.395169 0.233000 0.403865 0.234000 0.421256 0.233000 0.430918 0.229500 0.436715 0.224500 0.440580 0.218000 0.440580 0.212500 0.430918 0.204000 0.413527 0.200000 0.387440 0.199000
0 0.297585 0.216000 0.297585 0.222500 0.300483 0.225500 0.325604 0.236000 0.331401 0.237000 0.347826 0.236000 0.353623 0.234000 0.358454 0.230000 0.360386 0.226000 0.359420 0.211500 0.354589 0.208500 0.338164 0.206000 0.327536 0.206000
0 0.208696 0.214000 0.208696 0.220500 0.216425 0.225000 0.246377 0.230500 0.264734 0.230500 0.281159 0.226000 0.292754 0.225000 0.294686 0.222500 0.291787 0.217500 0.266667 0.203000 0.247343 0.199000 0.232850 0.198500 0.222222 0.201500 0.216425 0.205000
0 0.288889 0.226000 0.273430 0.229000 0.255072 0.237500 0.254106 0.244500 0.257971 0.251000 0.273430 0.262000 0.282126 0.265500 0.296618 0.266000 0.305314 0.265000 0.316908 0.261500 0.334300 0.253500 0.338164 0.248500 0.338164 0.244000 0.330435 0.237500 0.311111 0.231500 0.299517 0.226000
0 0.276329 0.272000 0.265700 0.278500 0.265700 0.291000 0.270531 0.298500 0.280193 0.304000 0.290821 0.307000 0.302415 0.307000 0.314010 0.304500 0.330435 0.296500 0.337198 0.291000 0.338164 0.286000 0.322705 0.278000 0.315942 0.272500 0.307246 0.271500 0.291787 0.272500 0.285990 0.271000
0 0.265700 0.296000 0.253140 0.293000 0.237681 0.292500 0.225121 0.294500 0.212560 0.300500 0.208696 0.308500 0.209662 0.319000 0.211594 0.321500 0.222222 0.327000 0.241546 0.327500 0.252174 0.326500 0.273430 0.316000 0.279227 0.311500 0.281159 0.306000
0 0.195169 0.294000 0.158454 0.300000 0.151691 0.303000 0.147826 0.309500 0.148792 0.314500 0.153623 0.318500 0.154589 0.322500 0.169082 0.330500 0.182609 0.331500 0.185507 0.334500 0.189372 0.334000 0.195169 0.329500 0.205797 0.325500 0.209662 0.319500 0.208696 0.306500 0.210628 0.299500 0.204831 0.296500
0 0.192271 0.266500 0.172947 0.264000 0.159420 0.264500 0.150725 0.266500 0.139130 0.272500 0.134300 0.278500 0.134300 0.288000 0.139130 0.293500 0.147826 0.297500 0.168116 0.298000 0.182609 0.296000 0.193237 0.293000 0.210628 0.283500 0.210628 0.279000 0.204831 0.274500 0.202899 0.270500
0 0.230918 0.248000 0.222222 0.250500 0.206763 0.258000 0.203865 0.263000 0.203865 0.269500 0.207729 0.277000 0.219324 0.283500 0.228019 0.285500 0.240580 0.285500 0.254106 0.283000 0.273430 0.273000 0.274396 0.263500 0.254106 0.249000
0 0.134300 0.233500 0.126570 0.237500 0.117874 0.248500 0.115942 0.256500 0.118841 0.261000 0.130435 0.265000 0.143961 0.266000 0.169082 0.263000 0.175845 0.258500 0.177778 0.255000 0.165217 0.241000 0.155556 0.236000 0.142029 0.232500
0 0.180676 0.222000 0.172947 0.224000 0.169082 0.227500 0.166184 0.237000 0.168116 0.244500 0.179710 0.256000 0.188406 0.257500 0.201932 0.257500 0.211594 0.255000 0.233816 0.246000 0.241546 0.240500 0.243478 0.236000 0.234783 0.228500 0.221256 0.226500 0.208696 0.221500
0 0.130435 0.191500 0.121739 0.194000 0.110145 0.201000 0.111111 0.209000 0.118841 0.221000 0.125604 0.226500 0.139130 0.231000 0.147826 0.231000 0.165217 0.227000 0.178744 0.221500 0.188406 0.214500 0.188406 0.211000 0.185507 0.208500 0.170048 0.204000 0.159420 0.194500 0.153623 0.192000 0.142995 0.191000
0 0.062802 0.199000 0.053140 0.202500 0.050242 0.206500 0.054106 0.225000 0.057971 0.229500 0.068599 0.234500 0.081159 0.235000 0.097585 0.231000 0.110145 0.221500 0.112077 0.213500 0.107246 0.201000 0.097585 0.199000
0 0.070531 0.236000 0.064734 0.242000 0.064734 0.250000 0.068599 0.260000 0.080193 0.263000 0.110145 0.266000 0.114010 0.264000 0.115942 0.260500 0.115942 0.251500 0.123671 0.240500 0.121739 0.236000 0.104348 0.231000 0.098551 0.231000 0.086957 0.234000
0 0.057005 0.264000 0.053140 0.268500 0.053140 0.275500 0.064734 0.292000 0.073430 0.293500 0.095652 0.290000 0.112077 0.279500 0.113043 0.271000 0.110145 0.267500 0.097585 0.264500 0.075362 0.262000 0.065700 0.262000
0 0.059903 0.293000 0.054106 0.293500 0.044444 0.298000 0.038647 0.303000 0.033816 0.313000 0.033816 0.323500 0.035749 0.327000 0.042512 0.331500 0.049275 0.333500 0.073430 0.332000 0.083092 0.330000 0.088889 0.327000 0.090821 0.322500 0.086957 0.314500 0.081159 0.309500 0.078261 0.302000
0 0.112077 0.288500 0.100483 0.290000 0.087923 0.295500 0.081159 0.302500 0.081159 0.309000 0.091787 0.320000 0.107246 0.323500 0.117874 0.323500 0.136232 0.318500 0.143961 0.314500 0.149758 0.306500 0.150725 0.302000 0.131401 0.290500 0.120773 0.288500
0 0.646377 0.197000 0.642512 0.202000 0.641546 0.211500 0.644444 0.215500 0.654106 0.221000 0.660870 0.228000 0.665700 0.230500 0.676329 0.232000 0.686957 0.231000 0.693720 0.229000 0.708213 0.221000 0.711111 0.217500 0.708213 0.208000 0.689855 0.198000 0.676329 0.194500 0.660870 0.194500
0 0.563285 0.196500 0.556522 0.201000 0.557488 0.205500 0.563285 0.214500 0.577778 0.222500 0.594203 0.227000 0.611594 0.229000 0.620290 0.227000 0.631884 0.220500 0.638647 0.211500 0.638647 0.204500 0.634783 0.199500 0.630918 0.197500 0.595169 0.191500 0.586473 0.191500
0 0.809662 0.141500 0.805797 0.138000 0.787440 0.129500 0.774879 0.129000 0.766184 0.130500 0.751691 0.134500 0.739130 0.143500 0.735266 0.149500 0.736232 0.156500 0.738164 0.158000 0.752657 0.161000 0.762319 0.161500 0.769082 0.160500 0.795169 0.153500 0.807729 0.147000
0 0.836715 0.032000 0.834783 0.041000 0.828019 0.048500 0.828986 0.061500 0.835749 0.070000 0.843478 0.074500 0.850242 0.076000 0.866667 0.075000 0.882126 0.071500 0.890821 0.067000 0.893720 0.062000 0.893720 0.056500 0.885990 0.047500 0.880193 0.043000 0.871498 0.039000 0.853140 0.035500 0.846377 0.033000
0 0.943961 0.024000 0.928502 0.020500 0.917874 0.022000 0.905314 0.027500 0.895652 0.034000 0.891787 0.040500 0.891787 0.051000 0.896618 0.057000 0.940097 0.054000 0.955556 0.046500 0.961353 0.041500 0.961353 0.035500 0.957488 0.031000
0 0.902415 0.057500 0.895652 0.061000 0.892754 0.068000 0.900483 0.079000 0.904348 0.081000 0.909179 0.087000 0.925604 0.092500 0.936232 0.092000 0.951691 0.084000 0.954589 0.064000 0.942995 0.056000 0.938164 0.054500 0.916908 0.055000
0 0.867633 0.079500 0.855072 0.086000 0.852174 0.090500 0.854106 0.100500 0.866667 0.109500 0.874396 0.111000 0.894686 0.110500 0.911111 0.107500 0.915942 0.103000 0.915942 0.093000 0.903382 0.081500 0.897585 0.079000 0.887923 0.077500 0.876329 0.077500
0 0.828019 0.097500 0.821256 0.099000 0.810628 0.104000 0.806763 0.107500 0.806763 0.112000 0.813527 0.119000 0.819324 0.122000 0.836715 0.126000 0.844444 0.126000 0.864734 0.119500 0.869565 0.114500 0.863768 0.108500 0.849275 0.099500 0.838647 0.097500
0 0.782609 0.076000 0.782609 0.090000 0.784541 0.093000 0.788406 0.095500 0.797101 0.098000 0.816425 0.098000 0.829952 0.096000 0.846377 0.089500 0.854106 0.084500 0.852174 0.079500 0.834783 0.071000 0.822222 0.069000 0.797101 0.068000 0.786473 0.071500
0 0.811594 0.018500 0.800000 0.017500 0.784541 0.018500 0.775845 0.021500 0.766184 0.029000 0.766184 0.036500 0.769082 0.043500 0.782609 0.050000 0.791304 0.051500 0.809662 0.050500 0.822222 0.046000 0.827053 0.042000 0.828986 0.036000 0.828019 0.026000 0.821256 0.021000
0 0.739130 0.000000 0.738164 0.008000 0.740097 0.014500 0.748792 0.020000 0.753623 0.021000 0.771014 0.021000 0.777778 0.020000 0.791304 0.016000 0.800000 0.010000 0.799034 0.005500 0.794203 0.000000
0 0.801932 0.000000 0.803865 0.006000 0.806763 0.007500 0.815459 0.008500 0.837681 0.008500 0.850242 0.003000 0.850242 0.000000
0 0.836715 0.010000 0.828986 0.022500 0.830918 0.025500 0.839614 0.031000 0.856039 0.034000 0.878261 0.034500 0.893720 0.032500 0.902415 0.029000 0.906280 0.022000 0.904348 0.013500 0.901449 0.008500 0.894686 0.004500 0.883092 0.002500 0.867633 0.002500
0 0.914010 0.006000 0.914010 0.013000 0.915942 0.015500 0.925604 0.019500 0.947826 0.023500 0.960386 0.022000 0.966184 0.020000 0.978744 0.010000 0.977778 0.000000 0.917874 0.000000
0 0.991304 0.009500 0.977778 0.012000 0.967150 0.019500 0.967150 0.033500 0.978744 0.041000 0.987440 0.043000 1.000000 0.043000 1.000000 0.009500
0 0.976812 0.055500 0.965217 0.060000 0.956522 0.067500 0.953623 0.073000 0.953623 0.080500 0.955556 0.082500 0.968116 0.084500 1.000000 0.085000 1.000000 0.056500 0.990338 0.055000
0 0.946860 0.089000 0.941063 0.092000 0.938164 0.097500 0.938164 0.100500 0.942029 0.105000 0.961353 0.115000 0.976812 0.117000 0.980676 0.118500 0.985507 0.117500 0.994203 0.111500 0.996135 0.108000 1.000000 0.107500 1.000000 0.089000 0.997101 0.089000 0.992271 0.086000 0.981643 0.084500 0.966184 0.085000
0 0.227053 0.766500 0.216425 0.760500 0.202899 0.756500 0.200000 0.754000 0.180676 0.754500 0.165217 0.762500 0.162319 0.767000 0.162319 0.772000 0.165217 0.775500 0.173913 0.778500 0.196135 0.778500 0.217391 0.774500 0.224155 0.771000
0 0.987440 0.118000 0.979710 0.120000 0.969082 0.125500 0.963285 0.131500 0.961353 0.138500 0.965217 0.144000 0.971981 0.148000 0.988406 0.153000 1.000000 0.153500 1.000000 0.118500
0 0.937198 0.108500 0.925604 0.109000 0.912077 0.114000 0.906280 0.118500 0.905314 0.123500 0.909179 0.135000 0.914010 0.142000 0.918841 0.144500 0.928502 0.145000 0.942029 0.143500 0.955556 0.139000 0.960386 0.135500 0.963285 0.129000 0.962319 0.122500 0.956522 0.117500
0 0.876329 0.122000 0.860870 0.129000 0.857005 0.132500 0.854106 0.137500 0.854106 0.144000 0.856039 0.146500 0.865700 0.151000 0.882126 0.154000 0.899517 0.153500 0.910145 0.151500 0.915942 0.145500 0.904348 0.124000 0.890821 0.121000
0 0.815459 0.186000 0.802899 0.186500 0.793237 0.191000 0.771014 0.196500 0.758454 0.205000 0.758454 0.211000 0.760386 0.213000 0.782609 0.222000 0.802899 0.219500 0.820290 0.215000 0.830918 0.209500 0.832850 0.196500 0.829952 0.192000
0 0.843478 0.191500 0.834783 0.195500 0.834783 0.207500 0.839614 0.218500 0.846377 0.223000 0.859903 0.226000 0.868599 0.226000 0.890821 0.214000 0.892754 0.204000 0.889855 0.196500 0.883092 0.192000 0.874396 0.190000 0.856039 0.190000
0 0.949758 0.188500 0.918841 0.188000 0.905314 0.191000 0.898551 0.196500 0.897585 0.202000 0.904348 0.214500 0.908213 0.217000 0.921739 0.221500 0.931401 0.222000 0.936232 0.221000 0.943961 0.215500 0.965217 0.205500 0.965217 0.201000 0.957488 0.196000 0.952657 0.189500
0 0.965217 0.173500 0.957488 0.177500 0.953623 0.190000 0.957488 0.196000 0.970048 0.203000 0.985507 0.204500 1.000000 0.204000 1.000000 0.174000 0.982609 0.171500
0 0.943961 0.149500 0.933333 0.149500 0.914976 0.153500 0.908213 0.157500 0.904348 0.162000 0.900483 0.171000 0.901449 0.177000 0.907246 0.181000 0.925604 0.185000 0.941063 0.184500 0.952657 0.180000 0.956522 0.177000 0.960386 0.168000 0.959420 0.161500 0.955556 0.157000
0 0.866667 0.153500 0.851208 0.157000 0.840580 0.161500 0.835749 0.166000 0.834783 0.173000 0.838647 0.178000 0.843478 0.180500 0.859903 0.184500 0.875362 0.185000 0.887923 0.182000 0.895652 0.177500 0.898551 0.174000 0.898551 0.166000 0.882126 0.154500
0 0.822222 0.162500 0.794203 0.157000 0.782609 0.157000 0.764251 0.162000 0.758454 0.169500 0.758454 0.174000 0.774879 0.186000 0.775845 0.194000 0.785507 0.193000 0.811594 0.183000 0.826087 0.171000 0.826087 0.165500
0 0.736232 0.168500 0.726570 0.171500 0.714010 0.182000 0.713043 0.192000 0.715942 0.199500 0.720773 0.203500 0.728502 0.205500 0.750725 0.205500 0.757488 0.204500 0.768116 0.198000 0.771981 0.194000 0.771981 0.188000 0.761353 0.175500 0.748792 0.170500
0 0.268599 0.176000 0.262802 0.181000 0.263768 0.197000 0.268599 0.203000 0.283092 0.212500 0.291787 0.214000 0.305314 0.213000 0.328502 0.204500 0.331401 0.201000 0.324638 0.195000 0.322705 0.189500 0.317874 0.186500 0.306280 0.182000 0.285024 0.179000 0.276329 0.175000
0 0.162319 0.188000 0.162319 0.194500 0.166184 0.201500 0.171014 0.204500 0.184541 0.208000 0.201932 0.207500 0.214493 0.205000 0.236715 0.195500 0.239614 0.191000 0.237681 0.186000 0.229952 0.182000 0.216425 0.178000 0.203865 0.176500 0.185507 0.176500 0.167150 0.181500
0 0.198068 0.158000 0.197101 0.163000 0.200966 0.170500 0.208696 0.175500 0.237681 0.184000 0.246377 0.184000 0.256039 0.181500 0.259903 0.178000 0.263768 0.168000 0.262802 0.157500 0.257005 0.153500 0.242512 0.151500 0.223188 0.151000 0.210628 0.153500
0 0.118841 0.168000 0.119807 0.179000 0.122705 0.181500 0.132367 0.184500 0.145894 0.184500 0.163285 0.182500 0.172947 0.180000 0.186473 0.174000 0.184541 0.166000 0.173913 0.159000 0.138164 0.157500 0.120773 0.165500
0 0.063768 0.160000 0.045411 0.171000 0.043478 0.175000 0.045411 0.186500 0.051208 0.192000 0.063768 0.198000 0.084058 0.198500 0.101449 0.194500 0.114976 0.188500 0.119807 0.182500 0.118841 0.178000 0.113043 0.170000 0.094686 0.163000 0.081159 0.160000
0 0.222222 0.000000 0.222222 0.002000 0.226087 0.004000 0.236715 0.006000 0.253140 0.005500 0.269565 0.002000 0.269565 0.000000
0 0.298551 0.143000 0.283092 0.144500 0.272464 0.147000 0.268599 0.149000 0.264734 0.154000 0.264734 0.160000 0.266667 0.165000 0.273430 0.172500 0.286957 0.179000 0.294686 0.180500 0.303382 0.180500 0.308213 0.179000 0.320773 0.171000 0.321739 0.158000 0.325604 0.149000 0.324638 0.147000 0.320773 0.145500
0 0.352657 0.145000 0.342029 0.145000 0.329469 0.148500 0.322705 0.156500 0.322705 0.170000 0.327536 0.172500 0.342029 0.176000 0.362319 0.174000 0.379710 0.162000 0.381643 0.158000 0.366184 0.152000 0.358454 0.146500
0 0.363285 0.174500 0.341063 0.176500 0.329469 0.182000 0.323671 0.189000 0.325604 0.195000 0.335266 0.203500 0.342029 0.206500 0.351691 0.208000 0.361353 0.208000 0.373913 0.201500 0.389372 0.197500 0.387440 0.193000 0.377778 0.187500 0.367150 0.176000
0 0.404831 0.157500 0.383575 0.161500 0.373913 0.165000 0.368116 0.171000 0.368116 0.177000 0.376812 0.187000 0.390338 0.195000 0.401932 0.197500 0.413527 0.198000 0.421256 0.195500 0.433816 0.186000 0.433816 0.183500 0.428986 0.177000 0.428986 0.165500 0.427053 0.163000 0.414493 0.158000
0 0.477295 0.155500 0.465700 0.154500 0.448309 0.157000 0.440580 0.159000 0.431884 0.163500 0.428986 0.169000 0.428986 0.175000 0.431884 0.181000 0.438647 0.185500 0.452174 0.188500 0.477295 0.187500 0.481159 0.186500 0.486957 0.181500 0.496618 0.177000 0.502415 0.171000 0.501449 0.167000 0.496618 0.164000 0.488889 0.162000
0 0.510145 0.171000 0.505314 0.174000 0.504348 0.187500 0.506280 0.190500 0.511111 0.193000 0.529469 0.197000 0.542995 0.198000 0.549758 0.196500 0.560386 0.191000 0.565217 0.186000 0.566184 0.180500 0.563285 0.176000 0.554589 0.172000 0.531401 0.169500
0 0.720773 0.153500 0.693720 0.152000 0.673430 0.155500 0.661836 0.161000 0.657971 0.165000 0.657971 0.171500 0.663768 0.178500 0.672464 0.183500 0.684058 0.186000 0.693720 0.186500 0.706280 0.184000 0.716908 0.179000 0.728502 0.170500 0.728502 0.157500
0 0.624155 0.163500 0.600966 0.171500 0.596135 0.178000 0.597101 0.187500 0.602899 0.192000 0.616425 0.195500 0.624155 0.196500 0.644444 0.196000 0.655072 0.193500 0.660870 0.190500 0.665700 0.186500 0.666667 0.181500 0.654106 0.168000 0.649275 0.165000 0.634783 0.163000
0 0.604831 0.142500 0.595169 0.140500 0.580676 0.141500 0.559420 0.150500 0.553623 0.155500 0.551691 0.160500 0.552657 0.168000 0.557488 0.173500 0.563285 0.175000 0.576812 0.175000 0.597101 0.172500 0.623188 0.162000 0.624155 0.158000 0.614493 0.152000
0 0.458937 0.126500 0.449275 0.125500 0.435749 0.128000 0.420290 0.134500 0.415459 0.142500 0.415459 0.149000 0.417391 0.152000 0.424155 0.155500 0.434783 0.157500 0.446377 0.157500 0.469565 0.153500 0.477295 0.150000 0.481159 0.141000 0.480193 0.135500
0 0.503382 0.129000 0.485024 0.137500 0.482126 0.140500 0.479227 0.148000 0.479227 0.154000 0.482126 0.157500 0.487923 0.160500 0.505314 0.165500 0.518841 0.167000 0.537198 0.167000 0.543961 0.166000 0.549758 0.163000 0.550725 0.157500 0.555556 0.151000 0.551691 0.145000 0.537198 0.136500 0.528502 0.134000 0.521739 0.130000 0.514010 0.128500
0 0.433816 0.114000 0.434783 0.117500 0.454106 0.125500 0.472464 0.128500 0.497585 0.128000 0.511111 0.123500 0.515942 0.115500 0.515942 0.108500 0.514010 0.105000 0.503382 0.101000 0.491787 0.099000 0.471498 0.098000 0.453140 0.101000
0 0.528502 0.114500 0.524638 0.121500 0.523671 0.130000 0.525604 0.132500 0.534300 0.135500 0.560386 0.137500 0.580676 0.137000 0.593237 0.133000 0.600966 0.127500 0.600000 0.123500 0.593237 0.116500 0.583575 0.112500 0.557488 0.107500 0.541063 0.108000 0.535266 0.109500
0 0.632850 0.094500 0.613527 0.100500 0.600000 0.107500 0.595169 0.115500 0.597101 0.119000 0.607729 0.123500 0.630918 0.127500 0.647343 0.127500 0.656039 0.123500 0.658937 0.120000 0.654106 0.111000 0.652174 0.100000 0.644444 0.095000
0 0.676329 0.130500 0.670531 0.129000 0.643478 0.128000 0.633816 0.128500 0.623188 0.131000 0.613527 0.135500 0.608696 0.141500 0.609662 0.146500 0.613527 0.150500 0.626087 0.158000 0.636715 0.161000 0.650242 0.161000 0.657005 0.159500 0.671498 0.153500 0.676329 0.148000 0.680193 0.135000
0 0.701449 0.117500 0.695652 0.119000 0.685024 0.125000 0.681159 0.130500 0.681159 0.142000 0.700483 0.151500 0.714976 0.152500 0.730435 0.151500 0.733333 0.150500 0.747826 0.135500 0.742995 0.124000 0.737198 0.120500 0.730435 0.118500 0.714976 0.117000
0 0.723671 0.099500 0.720773 0.107500 0.721739 0.111500 0.731401 0.117000 0.743961 0.120500 0.757488 0.122500 0.775845 0.122500 0.796135 0.117000 0.801932 0.114000 0.802899 0.110500 0.798068 0.104000 0.782609 0.094500 0.773913 0.092000 0.757488 0.089500 0.746860 0.089500 0.733333 0.093500
0 0.675362 0.090000 0.662802 0.093000 0.655072 0.099000 0.656039 0.110500 0.664734 0.121000 0.685990 0.121500 0.709179 0.115500 0.718841 0.111000 0.721739 0.101500 0.718841 0.097500 0.706280 0.092500
0 0.698551 0.051500 0.685024 0.056000 0.675362 0.061500 0.667633 0.072000 0.667633 0.081000 0.672464 0.087000 0.680193 0.089500 0.709179 0.091500 0.718841 0.089500 0.728502 0.084500 0.721739 0.074000 0.721739 0.059500 0.710145 0.053000
0 0.755556 0.057500 0.740097 0.057500 0.728502 0.059000 0.723671 0.061000 0.721739 0.063500 0.720773 0.071000 0.723671 0.078000 0.729469 0.082500 0.744928 0.088000 0.747826 0.088000 0.772947 0.075000 0.775845 0.071500 0.773913 0.063000 0.769082 0.060500
0 0.752657 0.024500 0.740097 0.023000 0.728502 0.024000 0.713043 0.029500 0.701449 0.037500 0.699517 0.044000 0.703382 0.049500 0.710145 0.053000 0.724638 0.057500 0.733333 0.057500 0.750725 0.054000 0.766184 0.045000 0.767150 0.040500 0.763285 0.029500
0 0.670531 0.000000 0.670531 0.002000 0.665700 0.004500 0.662802 0.008500 0.661836 0.014500 0.664734 0.020000 0.675362 0.026500 0.686957 0.029000 0.699517 0.029500 0.712077 0.028500 0.721739 0.025000 0.725604 0.021500 0.728502 0.010000 0.726570 0.000000
0 0.695652 0.040500 0.682126 0.036500 0.670531 0.036500 0.666667 0.037500 0.641546 0.049500 0.638647 0.052500 0.639614 0.058000 0.646377 0.062000 0.653140 0.063000 0.664734 0.062000 0.691787 0.053500 0.696618 0.050500 0.697585 0.043500
0 0.626087 0.066000 0.615459 0.071500 0.611594 0.076000 0.610628 0.085500 0.612560 0.087500 0.621256 0.091000 0.638647 0.092500 0.653140 0.092500 0.660870 0.091000 0.667633 0.086500 0.664734 0.071000 0.658937 0.067500 0.648309 0.064500 0.636715 0.064000
0 0.553623 0.077000 0.546860 0.084500 0.546860 0.094000 0.558454 0.105000 0.571014 0.109000 0.588406 0.109000 0.602899 0.105500 0.607729 0.103000 0.613527 0.096500 0.613527 0.091500 0.607729 0.086000 0.601932 0.083000 0.584541 0.078000 0.570048 0.076000
0 0.503382 0.066500 0.492754 0.070500 0.489855 0.075000 0.490821 0.081000 0.498551 0.092000 0.507246 0.099000 0.514976 0.101000 0.526570 0.106500 0.535266 0.107000 0.545894 0.100000 0.545894 0.088500 0.549758 0.080000 0.554589 0.076500 0.553623 0.072000 0.545894 0.067000 0.522705 0.065500
0 0.585507 0.038000 0.575845 0.041000 0.561353 0.049000 0.555556 0.056500 0.554589 0.062500 0.556522 0.065500 0.567150 0.071000 0.569082 0.073500 0.577778 0.076500 0.589372 0.077000 0.604831 0.074500 0.630918 0.062500 0.635749 0.057500 0.635749 0.050000 0.629952 0.046000 0.600966 0.038500
0 0.631884 0.009000 0.621256 0.011500 0.606763 0.019000 0.599034 0.027000 0.598068 0.031500 0.601932 0.037000 0.607729 0.040000 0.626087 0.044500 0.639614 0.045000 0.656039 0.042000 0.664734 0.038000 0.669565 0.034500 0.669565 0.027500 0.664734 0.020500 0.654106 0.013500 0.643478 0.010000
0 0.547826 0.000000 0.547826 0.002000 0.554589 0.007000 0.566184 0.010500 0.573913 0.011500 0.591304 0.011500 0.608696 0.002500 0.608696 0.000000
0 0.598068 0.014000 0.590338 0.012500 0.563285 0.012500 0.543961 0.016000 0.528502 0.021500 0.522705 0.027500 0.522705 0.033000 0.530435 0.041000 0.541063 0.047000 0.553623 0.047000 0.569082 0.040000 0.580676 0.038000 0.589372 0.034000 0.600000 0.019000
0 0.514010 0.042000 0.499517 0.050500 0.497585 0.058500 0.500483 0.062000 0.511111 0.065500 0.546860 0.065500 0.552657 0.057500 0.551691 0.054000 0.531401 0.041500 0.522705 0.040500
0 0.490821 0.037500 0.485024 0.038000 0.478261 0.042000 0.457971 0.049000 0.443478 0.051000 0.436715 0.055000 0.432850 0.059500 0.432850 0.065500 0.438647 0.071000 0.464734 0.078000 0.473430 0.078500 0.490821 0.070000 0.497585 0.061500 0.498551 0.051000 0.496618 0.040000
0 0.408696 0.084000 0.408696 0.091000 0.410628 0.093500 0.416425 0.096000 0.433816 0.099500 0.448309 0.100000 0.474396 0.097000 0.485990 0.092000 0.485024 0.087500 0.469565 0.079500 0.439614 0.072000 0.427053 0.072000 0.413527 0.077500
0 0.397101 0.090500 0.385507 0.093500 0.373913 0.099000 0.366184 0.110500 0.366184 0.117000 0.369082 0.120500 0.377778 0.123000 0.401932 0.125000 0.421256 0.122500 0.430918 0.118000 0.434783 0.112000 0.434783 0.106500 0.428986 0.099500 0.415459 0.096000 0.405797 0.090500
0 0.366184 0.127000 0.360386 0.131000 0.360386 0.136500 0.368116 0.152000 0.379710 0.157500 0.389372 0.157500 0.400966 0.155500 0.412560 0.149000 0.415459 0.134500 0.406763 0.129000 0.396135 0.126500 0.372947 0.126000
0 0.321739 0.110000 0.307246 0.113500 0.300483 0.117000 0.297585 0.122000 0.297585 0.132500 0.301449 0.138000 0.309179 0.143000 0.320773 0.145000 0.330435 0.145000 0.348792 0.141000 0.357488 0.137000 0.363285 0.127500 0.363285 0.123000 0.356522 0.117500 0.344928 0.112500
0 0.217391 0.130000 0.218357 0.139000 0.223188 0.144500 0.236715 0.148000 0.254106 0.148000 0.273430 0.145500 0.294686 0.136000 0.293720 0.131000 0.277295 0.123000 0.271498 0.122000 0.236715 0.121500 0.228986 0.122500 0.223188 0.124500
0 0.215459 0.130000 0.210628 0.128000 0.201932 0.127000 0.186473 0.127500 0.168116 0.132500 0.149758 0.141000 0.148792 0.150000 0.150725 0.152000 0.162319 0.156000 0.178744 0.157500 0.200966 0.156000 0.221256 0.150500 0.223188 0.145000 0.217391 0.138500
0 0.142029 0.131500 0.111111 0.133500 0.100483 0.137500 0.085024 0.145500 0.080193 0.149500 0.080193 0.155000 0.084058 0.159000 0.108213 0.167500 0.113043 0.167500 0.119807 0.165500 0.145894 0.148500 0.148792 0.138000 0.146860 0.134000
0 0.103382 0.119500 0.084058 0.120000 0.056039 0.118000 0.049275 0.121000 0.046377 0.125500 0.046377 0.134500 0.050242 0.142500 0.060870 0.150500 0.073430 0.151000 0.080193 0.149500 0.090821 0.142000 0.108213 0.134500 0.111111 0.131000 0.111111 0.126000
0 0.043478 0.099500 0.043478 0.111000 0.053140 0.117000 0.060870 0.118500 0.076329 0.119500 0.099517 0.119000 0.114010 0.113000 0.121739 0.107500 0.119807 0.102000 0.111111 0.097000 0.104348 0.095000 0.078261 0.091000 0.064734 0.090000 0.057005 0.091000 0.049275 0.094000
0 0.123671 0.099500 0.120773 0.103000 0.121739 0.107000 0.114010 0.114000 0.114010 0.116000 0.127536 0.124000 0.140097 0.129000 0.153623 0.131500 0.169082 0.131000 0.182609 0.127000 0.190338 0.119000 0.191304 0.114000 0.176812 0.105500 0.171981 0.099000 0.168116 0.097000 0.154589 0.094500 0.142029 0.094500
0 0.321739 0.081000 0.312077 0.085500 0.303382 0.094500 0.304348 0.101500 0.318841 0.109000 0.331401 0.111000 0.340097 0.111000 0.348792 0.112500 0.352657 0.114500 0.361353 0.111500 0.368116 0.103000 0.369082 0.099000 0.357488 0.090500 0.354589 0.083500 0.344928 0.079500 0.333333 0.079500
0 0.298551 0.057000 0.294686 0.064000 0.294686 0.069000 0.300483 0.078000 0.306280 0.080500 0.323671 0.080500 0.343961 0.078000 0.359420 0.074000 0.366184 0.069500 0.366184 0.064000 0.362319 0.059000 0.342029 0.053000 0.314010 0.051000 0.305314 0.053000
0 0.419324 0.034000 0.408696 0.031500 0.402899 0.031500 0.370048 0.038000 0.364251 0.040500 0.360386 0.045000 0.360386 0.053000 0.362319 0.058000 0.370048 0.066000 0.383575 0.068000 0.412560 0.067000 0.429952 0.060000 0.434783 0.053500 0.434783 0.050000 0.428019 0.044500 0.426087 0.038500
0 0.356522 0.021000 0.361353 0.034500 0.366184 0.037000 0.375845 0.037500 0.410628 0.029500 0.414493 0.022000 0.410628 0.017500 0.396135 0.014500 0.364251 0.015500
0 0.465700 0.012500 0.448309 0.012500 0.432850 0.014500 0.416425 0.021000 0.415459 0.027500 0.417391 0.031500 0.429952 0.043000 0.444444 0.050000 0.459903 0.049000 0.485024 0.037500 0.488889 0.033500 0.485990 0.020500 0.480193 0.017000
0 0.481159 0.010000 0.485024 0.016500 0.492754 0.021500 0.501449 0.023500 0.512077 0.023500 0.538164 0.016000 0.547826 0.010000 0.550725 0.005500 0.545894 0.000000 0.485990 0.000000 0.481159 0.005000
0 0.402899 0.000000 0.406763 0.008500 0.413527 0.013000 0.420290 0.014500 0.430918 0.014500 0.468599 0.008000 0.477295 0.002500 0.477295 0.000000
0 0.360386 0.000000 0.358454 0.007500 0.360386 0.012500 0.364251 0.014500 0.393237 0.014000 0.398068 0.013000 0.403865 0.009500 0.403865 0.000000
0 0.289855 0.000000 0.290821 0.006000 0.306280 0.013000 0.316908 0.015500 0.339130 0.016500 0.352657 0.014000 0.356522 0.010500 0.358454 0.000000
0 0.308213 0.019000 0.287923 0.028000 0.287923 0.033000 0.291787 0.040500 0.307246 0.047500 0.317874 0.050500 0.332367 0.052000 0.342995 0.052000 0.346860 0.051000 0.357488 0.045500 0.362319 0.038000 0.354589 0.023500 0.342029 0.018500 0.331401 0.017000 0.320773 0.017000
0 0.172947 0.029500 0.150725 0.025000 0.145894 0.025000 0.135266 0.029000 0.125604 0.041500 0.125604 0.051500 0.127536 0.055000 0.137198 0.059000 0.154589 0.058000 0.171981 0.054000 0.183575 0.049000 0.185507 0.043500 0.181643 0.034500
0 0.086957 0.030500 0.069565 0.039500 0.068599 0.047500 0.071498 0.051000 0.079227 0.055000 0.093720 0.057500 0.109179 0.062000 0.123671 0.061000 0.127536 0.057500 0.125604 0.053000 0.125604 0.041500 0.129469 0.034500 0.128502 0.032000 0.120773 0.029500 0.108213 0.028000 0.101449 0.028000
0 0.058937 0.061500 0.051208 0.067500 0.046377 0.074000 0.048309 0.082000 0.057971 0.087000 0.069565 0.090000 0.089855 0.091500 0.113043 0.088500 0.124638 0.084000 0.125604 0.076500 0.121739 0.069500 0.104348 0.060500 0.089855 0.057000 0.077295 0.056500 0.067633 0.058000
0 0.233816 0.062500 0.228986 0.068000 0.226087 0.077000 0.228986 0.082000 0.236715 0.086000 0.253140 0.088500 0.281159 0.089000 0.292754 0.086000 0.302415 0.081000 0.293720 0.067500 0.281159 0.062500 0.267633 0.059000 0.256039 0.057500 0.244444 0.058000
0 0.228019 0.086000 0.218357 0.084500 0.192271 0.085000 0.180676 0.087500 0.173913 0.094500 0.172947 0.100000 0.176812 0.105500 0.192271 0.113500 0.209662 0.115000 0.217391 0.114000 0.227053 0.110500 0.229952 0.100000 0.237681 0.092500 0.235749 0.089000
0 0.224155 0.057500 0.215459 0.055000 0.192271 0.054000 0.166184 0.058000 0.156522 0.061000 0.151691 0.065500 0.151691 0.075500 0.161353 0.083500 0.172947 0.085500 0.207729 0.084500 0.221256 0.082000 0.226087 0.078500 0.228019 0.070000 0.227053 0.060000
0 0.198068 0.024500 0.182609 0.031500 0.183575 0.040500 0.189372 0.047000 0.198068 0.052500 0.206763 0.054500 0.224155 0.055000 0.234783 0.051000 0.251208 0.042000 0.253140 0.039000 0.252174 0.032000 0.244444 0.027000 0.232850 0.024000 0.208696 0.023000
0 0.145894 0.007000 0.143961 0.014000 0.152657 0.023500 0.177778 0.030000 0.186473 0.029000 0.197101 0.025000 0.216425 0.023000 0.220290 0.021000 0.224155 0.008000 0.220290 0.003500 0.214493 0.002000 0.213527 0.000000 0.160386 0.000000 0.159420 0.002000 0.151691 0.003500
0 0.084058 0.000000 0.084058 0.005500 0.088889 0.018000 0.097585 0.024000 0.107246 0.025500 0.125604 0.025000 0.137198 0.022500 0.143961 0.018000 0.143961 0.005500 0.140097 0.000000
0 0.043478 0.000000 0.043478 0.001500 0.037681 0.004000 0.034783 0.009000 0.033816 0.022000 0.037681 0.030000 0.046377 0.034500 0.055072 0.035500 0.072464 0.035000 0.082126 0.032500 0.087923 0.029500 0.090821 0.026000 0.090821 0.021000 0.085990 0.013500 0.083092 0.000000
0 0.897585 0.706500 0.887923 0.709000 0.879227 0.714000 0.875362 0.720500 0.875362 0.725500 0.890821 0.738500 0.902415 0.739000 0.911111 0.738000 0.925604 0.733000 0.934300 0.725500 0.938164 0.719500 0.935266 0.716000 0.923671 0.714500 0.915942 0.712500 0.904348 0.707000
0 0.921739 0.742000 0.894686 0.743000 0.884058 0.747000 0.876329 0.756000 0.878261 0.764000 0.885990 0.772000 0.897585 0.776000 0.914010 0.776000 0.922705 0.773000 0.932367 0.767000 0.934300 0.764000 0.933333 0.757500 0.927536 0.751500 0.925604 0.744500
0 0.956522 0.753000 0.941063 0.759500 0.940097 0.768500 0.946860 0.776000 0.957488 0.780500 0.971981 0.781000 0.983575 0.779500 0.997101 0.772000 1.000000 0.772000 1.000000 0.757000 0.977778 0.752000
0 0.951691 0.722000 0.942995 0.722000 0.939130 0.723500 0.927536 0.731500 0.924638 0.737000 0.926570 0.750000 0.935266 0.755500 0.941063 0.756500 0.967150 0.751500 0.976812 0.746000 0.981643 0.740500 0.980676 0.732500 0.962319 0.728000
0 0.978744 0.690500 0.971981 0.692000 0.952657 0.708500 0.949758 0.713000 0.949758 0.718500 0.955556 0.725000 0.961353 0.728000 0.972947 0.731000 0.982609 0.731500 0.995169 0.727000 1.000000 0.726500 1.000000 0.706000 0.996135 0.706000 0.993237 0.703000 0.993237 0.693000 0.989372 0.691000
0 0.937198 0.672000 0.925604 0.673000 0.908213 0.677500 0.897585 0.692000 0.897585 0.698000 0.901449 0.704500 0.912077 0.711000 0.925604 0.714500 0.939130 0.714000 0.951691 0.708500 0.961353 0.702500 0.969082 0.692000 0.964251 0.679500 0.951691 0.676500 0.943961 0.673000
0 0.836715 0.666000 0.832850 0.669500 0.828986 0.679500 0.831884 0.684000 0.841546 0.691000 0.854106 0.697500 0.864734 0.699500 0.883092 0.698500 0.892754 0.695500 0.898551 0.687500 0.899517 0.680500 0.896618 0.676500 0.889855 0.672000 0.881159 0.668500 0.862802 0.665000 0.849275 0.664500
0 0.240580 0.503000 0.228019 0.507000 0.220290 0.511000 0.217391 0.514500 0.217391 0.522000 0.219324 0.524500 0.228019 0.529000 0.245411 0.535500 0.257005 0.536500 0.271498 0.529000 0.281159 0.517500 0.280193 0.513500 0.253140 0.504000
0 0.182609 0.529500 0.177778 0.533500 0.183575 0.544500 0.207729 0.554500 0.228986 0.561000 0.238647 0.560000 0.250242 0.553500 0.260870 0.545000 0.261836 0.539500 0.258937 0.537500 0.246377 0.535500 0.217391 0.524000 0.201932 0.524500
0 0.315942 0.545000 0.298551 0.544500 0.282126 0.542000 0.273430 0.543000 0.260870 0.547500 0.254106 0.554000 0.253140 0.566000 0.258937 0.574000 0.267633 0.580500 0.276329 0.582500 0.288889 0.581500 0.296618 0.576000 0.317874 0.565000 0.324638 0.557500 0.325604 0.552000 0.322705 0.548000
0 0.055072 0.722500 0.052174 0.724500 0.053140 0.733000 0.056039 0.736000 0.085990 0.750500 0.092754 0.752000 0.099517 0.751000 0.116908 0.737500 0.115942 0.732500 0.103382 0.726000 0.099517 0.722500 0.092754 0.720000 0.078261 0.719500
0 0.871498 0.723000 0.857971 0.722000 0.828019 0.730000 0.820290 0.741500 0.821256 0.744000 0.831884 0.750000 0.838647 0.751500 0.861836 0.752000 0.870531 0.750000 0.876329 0.750000 0.882126 0.748000 0.884058 0.745500 0.884058 0.736000 0.882126 0.732000
0 0.845411 0.693500 0.836715 0.693500 0.828986 0.696500 0.811594 0.700000 0.805797 0.702500 0.801932 0.706500 0.801932 0.718500 0.808696 0.724500 0.817391 0.728000 0.830918 0.728500 0.842512 0.726500 0.857005 0.721500 0.866667 0.715000 0.868599 0.711500 0.867633 0.701000 0.855072 0.698000
0 0.783575 0.676000 0.774879 0.682000 0.773913 0.686000 0.779710 0.695000 0.784541 0.697500 0.797101 0.699500 0.810628 0.700000 0.829952 0.696000 0.832850 0.693500 0.832850 0.688500 0.824155 0.678000 0.818357 0.675000 0.804831 0.673500
0 0.716908 0.679500 0.714010 0.682000 0.714010 0.689500 0.723671 0.698000 0.743961 0.706000 0.750725 0.707000 0.761353 0.706000 0.776812 0.693500 0.775845 0.688500 0.765217 0.680500 0.759420 0.677500 0.749758 0.675500 0.744928 0.675500 0.738164 0.678000
0 0.645411 0.680000 0.640580 0.684000 0.641546 0.701500 0.645411 0.706000 0.655072 0.712000 0.670531 0.717500 0.676329 0.718500 0.688889 0.718500 0.693720 0.717500 0.705314 0.709500 0.714010 0.701000 0.714976 0.696000 0.713043 0.692500 0.696618 0.684500 0.678261 0.679500
0 0.637681 0.701000 0.611594 0.701000 0.604831 0.708500 0.595169 0.713500 0.581643 0.716000 0.579710 0.720500 0.580676 0.725500 0.588406 0.731500 0.600000 0.737000 0.610628 0.739000 0.618357 0.738500 0.626087 0.736500 0.642512 0.725000 0.644444 0.721500 0.642512 0.713500 0.643478 0.704500
0 0.556522 0.684000 0.550725 0.689500 0.547826 0.701500 0.554589 0.708000 0.565217 0.712500 0.577778 0.715000 0.587440 0.715000 0.599034 0.712500 0.612560 0.701000 0.613527 0.697000 0.609662 0.690500 0.588406 0.684000
0 0.660870 0.719000 0.645411 0.723500 0.630918 0.732500 0.628986 0.737000 0.647343 0.744000 0.670531 0.746500 0.683092 0.746000 0.694686 0.742000 0.699517 0.736500 0.700483 0.732000 0.693720 0.719500 0.678261 0.719500 0.672464 0.718500
0 0.722705 0.700000 0.713043 0.703500 0.696618 0.717000 0.696618 0.723000 0.700483 0.730500 0.709179 0.735500 0.713043 0.736500 0.731401 0.737000 0.742995 0.734000 0.754589 0.728500 0.769082 0.717000 0.770048 0.712000 0.761353 0.708000 0.746860 0.706500 0.732367 0.701500
0 0.779710 0.715000 0.770048 0.717000 0.757488 0.726000 0.756522 0.740500 0.762319 0.747000 0.772947 0.753500 0.788406 0.754000 0.800966 0.752000 0.808696 0.749500 0.821256 0.738000 0.822222 0.731500 0.805797 0.722500 0.800000 0.716000
0 0.813527 0.752500 0.805797 0.751000 0.798068 0.753000 0.785507 0.754500 0.773913 0.754500 0.757488 0.759500 0.748792 0.766000 0.739130 0.770000 0.738164 0.772000 0.743961 0.776500 0.752657 0.779000 0.782609 0.782500 0.814493 0.779500 0.819324 0.776000 0.817391 0.758500
0 0.835749 0.752000 0.828986 0.754000 0.820290 0.759500 0.820290 0.773500 0.825121 0.784000 0.828019 0.786500 0.832850 0.787500 0.859903 0.786500 0.869565 0.783500 0.877295 0.779000 0.882126 0.773000 0.881159 0.767000 0.873430 0.760500 0.857005 0.753500 0.846377 0.752000
0 0.753623 0.738500 0.739130 0.736500 0.714010 0.737000 0.706280 0.738500 0.695652 0.743000 0.694686 0.749500 0.698551 0.756500 0.708213 0.764000 0.719807 0.769000 0.728502 0.770000 0.739130 0.769500 0.750725 0.764500 0.764251 0.753500 0.763285 0.749000
0 0.690821 0.749500 0.676329 0.749500 0.667633 0.752000 0.657971 0.760500 0.652174 0.763500 0.650242 0.771500 0.646377 0.776000 0.646377 0.780000 0.653140 0.783500 0.685990 0.784500 0.699517 0.781500 0.708213 0.776500 0.708213 0.767500 0.693720 0.750500
0 0.606763 0.740000 0.600966 0.745500 0.600966 0.753500 0.607729 0.761000 0.615459 0.765500 0.624155 0.767500 0.637681 0.767500 0.646377 0.766000 0.656039 0.762000 0.660870 0.758000 0.662802 0.751500 0.654106 0.745000 0.644444 0.743000 0.628986 0.737500 0.622222 0.737500
0 0.542029 0.729000 0.533333 0.733000 0.516908 0.744500 0.514976 0.749000 0.545894 0.761000 0.559420 0.762500 0.586473 0.762000 0.594203 0.757500 0.597101 0.753500 0.597101 0.740000 0.592271 0.733000 0.579710 0.725500 0.573913 0.724500 0.556522 0.725500
0 0.541063 0.761000 0.534300 0.764500 0.528502 0.770500 0.530435 0.782000 0.536232 0.791000 0.547826 0.795000 0.558454 0.795500 0.572947 0.794000 0.585507 0.790500 0.592271 0.787000 0.595169 0.782000 0.595169 0.771500 0.592271 0.766000 0.582609 0.762500 0.553623 0.762500
0 0.472464 0.744000 0.457005 0.749000 0.446377 0.751000 0.441546 0.756000 0.445411 0.762500 0.445411 0.769500 0.447343 0.772000 0.462802 0.779500 0.471498 0.781500 0.482126 0.782000 0.496618 0.779000 0.508213 0.772500 0.514010 0.765000 0.516908 0.752000 0.513043 0.748500 0.494686 0.744500
0 0.436715 0.715500 0.427053 0.717000 0.404831 0.728500 0.400966 0.734500 0.400966 0.741500 0.404831 0.746500 0.415459 0.751000 0.434783 0.754500 0.439614 0.754000 0.445411 0.751000 0.457005 0.749000 0.467633 0.744000 0.469565 0.737500 0.467633 0.728500 0.463768 0.724500 0.444444 0.717000
0 0.462802 0.690000 0.431884 0.705000 0.432850 0.709500 0.437681 0.714000 0.465700 0.725500 0.474396 0.726000 0.484058 0.720500 0.482126 0.709000 0.488889 0.697000 0.485990 0.694000 0.475362 0.690000
0 0.536232 0.692500 0.511111 0.691500 0.497585 0.694500 0.488889 0.698000 0.482126 0.706500 0.482126 0.714500 0.485024 0.719000 0.490821 0.722000 0.502415 0.725000 0.518841 0.724500 0.532367 0.721000 0.547826 0.713000 0.548792 0.704500 0.545894 0.699000
0 0.448309 0.681500 0.435749 0.679000 0.431884 0.679500 0.409662 0.689000 0.393237 0.692500 0.380676 0.701000 0.378744 0.705000 0.380676 0.708500 0.390338 0.712500 0.400966 0.713000 0.405797 0.712500 0.433816 0.704000 0.447343 0.697000 0.454106 0.689000
0 0.355556 0.680000 0.342995 0.680000 0.320773 0.685500 0.313043 0.691500 0.309179 0.699500 0.310145 0.704500 0.314976 0.711000 0.328502 0.716000 0.338164 0.716500 0.352657 0.715000 0.368116 0.711000 0.376812 0.706000 0.378744 0.696500 0.364251 0.683500
0 0.292754 0.678500 0.271498 0.679000 0.258937 0.683000 0.253140 0.690000 0.252174 0.699000 0.255072 0.705500 0.260870 0.709000 0.273430 0.711000 0.291787 0.709500 0.306280 0.702000 0.313043 0.688000 0.309179 0.684500
0 0.209662 0.671500 0.200000 0.672000 0.184541 0.681500 0.180676 0.687500 0.181643 0.706500 0.187440 0.712500 0.196135 0.715500 0.210628 0.715000 0.224155 0.711500 0.236715 0.705500 0.245411 0.697500 0.245411 0.685000
0 0.140097 0.686000 0.133333 0.684500 0.109179 0.685000 0.097585 0.691000 0.079227 0.693500 0.081159 0.705500 0.089855 0.713500 0.097585 0.715500 0.111111 0.715000 0.139130 0.704500 0.146860 0.696000 0.145894 0.691500
0 0.132367 0.706000 0.124638 0.708000 0.115942 0.714000 0.102415 0.719500 0.102415 0.724500 0.110145 0.729000 0.122705 0.733000 0.136232 0.734000 0.148792 0.733500 0.151691 0.732500 0.151691 0.723500 0.156522 0.721000 0.170048 0.720500 0.172947 0.716500 0.170048 0.712500 0.163285 0.709000 0.151691 0.707000
0 0.207729 0.719500 0.187440 0.718500 0.171981 0.721000 0.154589 0.722000 0.152657 0.729000 0.156522 0.744500 0.160386 0.748000 0.171014 0.753000 0.175845 0.754000 0.192271 0.753500 0.213527 0.742500 0.217391 0.737500 0.219324 0.726000 0.216425 0.723000
0 0.228986 0.724000 0.223188 0.724500 0.221256 0.727000 0.219324 0.736000 0.211594 0.745000 0.213527 0.758000 0.219324 0.762500 0.228019 0.765500 0.237681 0.765500 0.257005 0.762500 0.265700 0.759500 0.275362 0.750500 0.276329 0.743500 0.268599 0.739500 0.261836 0.731500 0.256039 0.728000
0 0.305314 0.708500 0.298551 0.708500 0.279227 0.711500 0.268599 0.718500 0.263768 0.724000 0.262802 0.730000 0.266667 0.737000 0.279227 0.746000 0.284058 0.747500 0.292754 0.748000 0.305314 0.746000 0.314976 0.741000 0.321739 0.733500 0.323671 0.716500 0.310145 0.709500
0 0.375845 0.708500 0.344928 0.716500 0.334300 0.724500 0.333333 0.732000 0.339130 0.737000 0.357488 0.742500 0.383575 0.743000 0.389372 0.741500 0.399034 0.736500 0.406763 0.725000 0.406763 0.720500 0.395169 0.713500
0 0.403865 0.755000 0.398068 0.759000 0.393237 0.768500 0.393237 0.772500 0.396135 0.775500 0.400966 0.778000 0.418357 0.781500 0.428986 0.782000 0.432850 0.781000 0.439614 0.777000 0.442512 0.772500 0.442512 0.758500 0.437681 0.755500 0.421256 0.753000
0 0.382609 0.744000 0.355556 0.743500 0.345894 0.747000 0.336232 0.753500 0.330435 0.759500 0.329469 0.769500 0.333333 0.775500 0.341063 0.778500 0.349758 0.780500 0.364251 0.780500 0.379710 0.776000 0.388406 0.772000 0.394203 0.766500 0.400000 0.755500 0.394203 0.749000
0 0.314976 0.742500 0.299517 0.747500 0.282126 0.748000 0.279227 0.749000 0.269565 0.756500 0.265700 0.763500 0.265700 0.768000 0.268599 0.770000 0.304348 0.780000 0.317874 0.779500 0.323671 0.778000 0.329469 0.774000 0.328502 0.763500 0.334300 0.756000 0.334300 0.751500 0.321739 0.744500