0 0.441546 0.046000 0.439614 0.049500 0.440580 0.060500 0.451208 0.068500 0.461836 0.069000 0.493720 0.060500 0.493720 0.056000 0.484058 0.047500 0.478261 0.045000 0.469565 0.043000 0.450242 0.043000
0 0.485990 0.021000 0.482126 0.024500 0.484058 0.033500 0.490821 0.039500 0.502415 0.044500 0.512077 0.045000 0.530435 0.040000 0.540097 0.033500 0.542029 0.028500 0.538164 0.023500 0.531401 0.019500 0.495652 0.018000
0 0.477295 0.000000 0.477295 0.010000 0.488889 0.016500 0.514010 0.018000 0.529469 0.015500 0.532367 0.011000 0.531401 0.000000
0 0.545894 0.010500 0.585507 0.011000 0.606763 0.006500 0.616425 0.002000 0.616425 0.000000 0.556522 0.000000
0 0.540097 0.014000 0.536232 0.016500 0.537198 0.022000 0.544928 0.031000 0.549758 0.033500 0.556522 0.034500 0.564251 0.033500 0.573913 0.034000 0.588406 0.028000 0.591304 0.020500 0.582609 0.012000 0.553623 0.010500
0 0.566184 0.038500 0.553623 0.038000 0.535266 0.040000 0.520773 0.043000 0.512077 0.047000 0.512077 0.053500 0.529469 0.062000 0.542029 0.063500 0.561353 0.051500 0.569082 0.042500 0.569082 0.040000
0 0.465700 0.068500 0.465700 0.072500 0.475362 0.081500 0.495652 0.091000 0.504348 0.093000 0.513043 0.093000 0.518841 0.091500 0.524638 0.088000 0.532367 0.078000 0.532367 0.071000 0.526570 0.066000 0.506280 0.062000 0.487923 0.062000
0 0.452174 0.091500 0.453140 0.096500 0.457971 0.101500 0.476329 0.105500 0.497585 0.104500 0.510145 0.100500 0.514010 0.096500 0.512077 0.093500 0.497585 0.091500 0.481159 0.084000 0.474396 0.082500 0.457971 0.085000
0 0.558454 0.053500 0.539130 0.066000 0.536232 0.080000 0.551691 0.085000 0.567150 0.086000 0.587440 0.081000 0.595169 0.074000 0.595169 0.068000 0.590338 0.062000 0.578744 0.055000 0.571981 0.053500
0 0.580676 0.044500 0.580676 0.050500 0.583575 0.056000 0.594203 0.065000 0.600966 0.068500 0.607729 0.070000 0.615459 0.070000 0.624155 0.068500 0.632850 0.065000 0.640580 0.057000 0.639614 0.052000 0.625121 0.043000 0.608696 0.043500 0.594203 0.042500
0 0.594203 0.020500 0.590338 0.023000 0.587440 0.029000 0.588406 0.034500 0.593237 0.041000 0.600000 0.043000 0.619324 0.043000 0.624155 0.042000 0.629952 0.039000 0.634783 0.032500 0.627053 0.029500 0.611594 0.027500 0.600966 0.021500
0 0.621256 0.000000 0.621256 0.001500 0.612560 0.004500 0.604831 0.010500 0.600000 0.022000 0.608696 0.027000 0.633816 0.031000 0.650242 0.026500 0.653140 0.021500 0.648309 0.009000 0.637681 0.003000 0.629952 0.002000 0.628986 0.000000
0 0.650242 0.000000 0.648309 0.007500 0.653140 0.018000 0.666667 0.025000 0.685990 0.026000 0.709179 0.014500 0.713043 0.008500 0.713043 0.004500 0.709179 0.000000
0 0.728502 0.000000 0.728502 0.001500 0.721739 0.004000 0.718841 0.007500 0.719807 0.017500 0.727536 0.022000 0.744928 0.029000 0.754589 0.029000 0.760386 0.026500 0.769082 0.019500 0.769082 0.007500 0.760386 0.001500 0.760386 0.000000
0 0.706280 0.017500 0.701449 0.018500 0.693720 0.022500 0.683092 0.030500 0.679227 0.036000 0.679227 0.042500 0.684058 0.047000 0.692754 0.049000 0.723671 0.049000 0.738164 0.042500 0.741063 0.039500 0.742029 0.029500 0.722705 0.019000 0.716908 0.017500
0 0.774879 0.266000 0.769082 0.265000 0.752657 0.265500 0.745894 0.267000 0.735266 0.276000 0.733333 0.281000 0.725604 0.286000 0.728502 0.290500 0.742029 0.296000 0.755556 0.295500 0.774879 0.286000 0.781643 0.276000 0.777778 0.268000
0 0.718841 0.247000 0.711111 0.248000 0.697585 0.252500 0.695652 0.254500 0.695652 0.260000 0.706280 0.272500 0.724638 0.281500 0.732367 0.280000 0.734300 0.276000 0.742995 0.269500 0.743961 0.266500 0.737198 0.251000 0.730435 0.247500
0 0.668599 0.256500 0.658937 0.258500 0.651208 0.263000 0.649275 0.265500 0.649275 0.273500 0.653140 0.279500 0.661836 0.285000 0.669565 0.287000 0.679227 0.287500 0.685024 0.286000 0.693720 0.281000 0.702415 0.270500 0.699517 0.264000 0.692754 0.259000 0.679227 0.256500
0 0.646377 0.280000 0.641546 0.282000 0.632850 0.290500 0.630918 0.300000 0.634783 0.306500 0.645411 0.312500 0.657971 0.313500 0.673430 0.311000 0.684058 0.306500 0.687923 0.303500 0.689855 0.296000 0.683092 0.288000 0.670531 0.287000 0.658937 0.283500 0.655072 0.280500
0 0.600966 0.304000 0.595169 0.306500 0.589372 0.312500 0.588406 0.318500 0.592271 0.322500 0.593237 0.327000 0.598068 0.330500 0.613527 0.336500 0.621256 0.338500 0.630918 0.338000 0.639614 0.334500 0.642512 0.330500 0.644444 0.314000 0.636715 0.308500 0.628019 0.305500 0.617391 0.303500
0 0.579710 0.303000 0.554589 0.301000 0.545894 0.302000 0.539130 0.304500 0.532367 0.311500 0.528502 0.321000 0.530435 0.330000 0.539130 0.337000 0.551691 0.336000 0.576812 0.325000 0.586473 0.311500 0.584541 0.306500
0 0.534300 0.296500 0.524638 0.297000 0.511111 0.300000 0.501449 0.305500 0.494686 0.314000 0.493720 0.318500 0.498551 0.324500 0.505314 0.328000 0.516908 0.330500 0.529469 0.330500 0.530435 0.316500 0.540097 0.303000
0 0.574879 0.327000 0.547826 0.338000 0.546860 0.343000 0.548792 0.350000 0.551691 0.352500 0.567150 0.357000 0.579710 0.359000 0.587440 0.357000 0.599034 0.351000 0.606763 0.343500 0.608696 0.336000 0.594203 0.328500
0 0.685990 0.311000 0.676329 0.310500 0.652174 0.314500 0.647343 0.317000 0.643478 0.321500 0.643478 0.327000 0.645411 0.329000 0.650242 0.331000 0.668599 0.333500 0.678261 0.333500 0.685024 0.331500 0.687923 0.329000 0.689855 0.323000 0.688889 0.313500
0 0.704348 0.283000 0.696618 0.288000 0.691787 0.296000 0.689855 0.302500 0.691787 0.312000 0.694686 0.315000 0.700483 0.317000 0.712077 0.318000 0.730435 0.317500 0.738164 0.314500 0.740097 0.311500 0.741063 0.302500 0.739130 0.298000 0.730435 0.293500 0.723671 0.286500 0.718841 0.284000 0.711111 0.282500
0 0.753623 0.311500 0.742029 0.315000 0.736232 0.319000 0.752657 0.334500 0.759420 0.338000 0.768116 0.339500 0.777778 0.338500 0.790338 0.332000 0.794203 0.323500 0.791304 0.318500 0.780676 0.313000 0.765217 0.311000
0 0.811594 0.320000 0.804831 0.321000 0.795169 0.325000 0.792271 0.330000 0.786473 0.334000 0.785507 0.339000 0.791304 0.344000 0.804831 0.346500 0.815459 0.351500 0.832850 0.348000 0.845411 0.340500 0.847343 0.336000 0.845411 0.330000 0.833816 0.324000 0.824155 0.321000
0 0.784541 0.339000 0.767150 0.339500 0.755556 0.336000 0.750725 0.336500 0.744928 0.339500 0.737198 0.349000 0.741063 0.357500 0.744928 0.359500 0.747826 0.359500 0.762319 0.352000 0.789372 0.346500 0.790338 0.344500
0 0.702415 0.318500 0.693720 0.322500 0.689855 0.327500 0.689855 0.333000 0.693720 0.342000 0.699517 0.347000 0.706280 0.349500 0.717874 0.351000 0.729469 0.350500 0.739130 0.346000 0.750725 0.333500 0.742029 0.325000 0.731401 0.319500 0.713043 0.318000
0 0.496618 0.329000 0.485024 0.331500 0.479227 0.336500 0.480193 0.347500 0.490821 0.360500 0.496618 0.363000 0.510145 0.363500 0.519807 0.361000 0.528502 0.356000 0.533333 0.350000 0.536232 0.337500 0.534300 0.334000 0.528502 0.331500 0.510145 0.330000 0.504348 0.328500
0 0.453140 0.347500 0.441546 0.351500 0.429952 0.361000 0.431884 0.365500 0.436715 0.370000 0.441546 0.372000 0.455072 0.374500 0.475362 0.375000 0.485024 0.372000 0.488889 0.369500 0.490821 0.362500 0.486957 0.357000 0.477295 0.349000 0.468599 0.347000
0 0.434783 0.372000 0.426087 0.374000 0.420290 0.377500 0.415459 0.386000 0.415459 0.396500 0.419324 0.399000 0.427053 0.400500 0.451208 0.400500 0.458937 0.398500 0.470531 0.393000 0.468599 0.383000 0.465700 0.380500 0.446377 0.373000
0 0.471498 0.393500 0.457971 0.398500 0.451208 0.402500 0.448309 0.412500 0.451208 0.416500 0.457005 0.420000 0.467633 0.422500 0.482126 0.423500 0.493720 0.421000 0.499517 0.418500 0.504348 0.413000 0.504348 0.408000 0.501449 0.403500 0.490821 0.396000 0.482126 0.393500
0 0.480193 0.425500 0.478261 0.428000 0.478261 0.435500 0.480193 0.440500 0.485024 0.443500 0.525604 0.447000 0.538164 0.444500 0.542995 0.437000 0.542995 0.427000 0.537198 0.423000 0.519807 0.420000 0.494686 0.420500
0 0.531401 0.391500 0.522705 0.393500 0.512077 0.398500 0.505314 0.408000 0.506280 0.412500 0.519807 0.419500 0.542029 0.423000 0.565217 0.417000 0.566184 0.406500 0.562319 0.400000 0.552657 0.394500 0.542995 0.392000
0 0.551691 0.353000 0.530435 0.356000 0.521739 0.361000 0.518841 0.370000 0.523671 0.378500 0.530435 0.384000 0.542029 0.387000 0.554589 0.386000 0.565217 0.381500 0.575845 0.374500 0.578744 0.367000 0.578744 0.360000
0 0.494686 0.366000 0.470531 0.377500 0.468599 0.379500 0.470531 0.390000 0.472464 0.392000 0.489855 0.395000 0.512077 0.397000 0.525604 0.392000 0.527536 0.390000 0.527536 0.383500 0.516908 0.369000 0.508213 0.366000
0 0.583575 0.374500 0.577778 0.375500 0.558454 0.386000 0.557488 0.396500 0.568116 0.405000 0.577778 0.407000 0.587440 0.407500 0.611594 0.398500 0.615459 0.394500 0.614493 0.384000 0.611594 0.381000 0.603865 0.379500 0.593237 0.375000
0 0.602899 0.352000 0.586473 0.357500 0.583575 0.361000 0.584541 0.365000 0.589372 0.369000 0.591304 0.373500 0.597101 0.377000 0.605797 0.379500 0.616425 0.379500 0.628986 0.375500 0.637681 0.360000 0.635749 0.357000 0.623188 0.352000
0 0.643478 0.028500 0.635749 0.032500 0.631884 0.037000 0.635749 0.043000 0.658937 0.051500 0.671498 0.052000 0.678261 0.050000 0.679227 0.044000 0.677295 0.036000 0.673430 0.031000 0.659903 0.027500 0.647343 0.027500
0 0.637681 0.363000 0.632850 0.368000 0.632850 0.377000 0.645411 0.383000 0.654106 0.385500 0.665700 0.386500 0.673430 0.384500 0.680193 0.379500 0.684058 0.371500 0.684058 0.365000 0.681159 0.361500 0.674396 0.360000 0.659903 0.360000
0 0.652174 0.332000 0.648309 0.333000 0.642512 0.341500 0.645411 0.354500 0.654106 0.359500 0.674396 0.358500 0.688889 0.353000 0.691787 0.350500 0.692754 0.343000 0.690821 0.339500 0.679227 0.334000
0 0.703382 0.350500 0.695652 0.352000 0.687923 0.355500 0.684058 0.359500 0.684058 0.365500 0.689855 0.371500 0.701449 0.378500 0.709179 0.380500 0.716908 0.381000 0.725604 0.379500 0.737198 0.371000 0.741063 0.365500 0.741063 0.359000 0.737198 0.353500 0.732367 0.351500
0 0.812560 0.351500 0.806763 0.347000 0.799034 0.346000 0.788406 0.346500 0.766184 0.350500 0.759420 0.352500 0.750725 0.358000 0.744928 0.365500 0.748792 0.368000 0.775845 0.375000 0.791304 0.375000 0.810628 0.370500 0.815459 0.363500
0 0.660870 0.053500 0.651208 0.055000 0.639614 0.059500 0.636715 0.063000 0.636715 0.072500 0.642512 0.080500 0.655072 0.084000 0.669565 0.084500 0.680193 0.082500 0.686957 0.079000 0.690821 0.073000 0.690821 0.069500 0.685024 0.058500 0.677295 0.054500
0 0.818357 0.352000 0.815459 0.355000 0.817391 0.369500 0.835749 0.375500 0.855072 0.374500 0.860870 0.372500 0.863768 0.369500 0.864734 0.357000 0.861836 0.352000 0.857005 0.348500 0.852174 0.347500 0.835749 0.347500
0 0.792271 0.394000 0.783575 0.394500 0.770048 0.400000 0.758454 0.419000 0.764251 0.426000 0.775845 0.430000 0.796135 0.430500 0.804831 0.429500 0.812560 0.425500 0.817391 0.419500 0.816425 0.411000 0.810628 0.399500 0.807729 0.398000 0.797101 0.396500
0 0.739130 0.371000 0.734300 0.374000 0.726570 0.383500 0.726570 0.388500 0.733333 0.394500 0.759420 0.397500 0.771981 0.397500 0.777778 0.396500 0.787440 0.392500 0.790338 0.379000 0.787440 0.375500 0.767150 0.373500 0.754589 0.369000 0.745894 0.369000
0 0.829952 0.373000 0.812560 0.371000 0.806763 0.371500 0.794203 0.375500 0.791304 0.379500 0.790338 0.391500 0.796135 0.396000 0.807729 0.397500 0.841546 0.385000 0.839614 0.378500
0 0.736232 0.396000 0.706280 0.404000 0.704348 0.406500 0.704348 0.413000 0.724638 0.422000 0.733333 0.423500 0.742995 0.423500 0.756522 0.420500 0.762319 0.413500 0.763285 0.407500 0.756522 0.399000 0.748792 0.396000
0 0.754589 0.422000 0.742995 0.424000 0.732367 0.429500 0.714976 0.432000 0.708213 0.435000 0.710145 0.443500 0.731401 0.452000 0.745894 0.452500 0.757488 0.448000 0.764251 0.427000
0 0.772947 0.432000 0.765217 0.435000 0.759420 0.443000 0.763285 0.449500 0.770048 0.453500 0.780676 0.456500 0.789372 0.457500 0.800000 0.456500 0.808696 0.453000 0.817391 0.443000 0.818357 0.439000 0.816425 0.435000 0.806763 0.431000
0 0.738164 0.454000 0.731401 0.458000 0.731401 0.463500 0.739130 0.470500 0.744928 0.472000 0.762319 0.473000 0.773913 0.469000 0.777778 0.459000 0.775845 0.456500 0.768116 0.452500 0.752657 0.451500
0 0.663768 0.419500 0.643478 0.420500 0.628019 0.428000 0.627053 0.438500 0.635749 0.446000 0.657005 0.448000 0.671498 0.446000 0.675362 0.444500 0.679227 0.440000 0.679227 0.431000 0.670531 0.421000
0 0.672464 0.419500 0.675362 0.427500 0.680193 0.432000 0.690821 0.434500 0.703382 0.434500 0.725604 0.431000 0.733333 0.428000 0.736232 0.424500 0.725604 0.422000 0.704348 0.413000 0.696618 0.411000 0.685024 0.411500 0.679227 0.413500
0 0.625121 0.397500 0.624155 0.403000 0.626087 0.405000 0.635749 0.408000 0.650242 0.417500 0.658937 0.419000 0.669565 0.418500 0.681159 0.412500 0.681159 0.404000 0.670531 0.398000 0.655072 0.395500 0.640580 0.395500
0 0.622222 0.405000 0.600000 0.404000 0.591304 0.406000 0.584541 0.409500 0.580676 0.415000 0.580676 0.424500 0.582609 0.428500 0.586473 0.431000 0.600966 0.433000 0.618357 0.431000 0.624155 0.429500 0.641546 0.420500 0.643478 0.418000 0.641546 0.412000 0.635749 0.408500
0 0.614493 0.381500 0.616425 0.392000 0.624155 0.396000 0.657005 0.395500 0.663768 0.393500 0.665700 0.388500 0.633816 0.377500 0.623188 0.377500
0 0.715942 0.382000 0.695652 0.378000 0.685024 0.378500 0.680193 0.380000 0.667633 0.389000 0.668599 0.396500 0.685024 0.406500 0.700483 0.405500 0.719807 0.398500 0.724638 0.393000 0.724638 0.390500 0.720773 0.384500
0 0.696618 0.051000 0.687923 0.057000 0.687923 0.062500 0.696618 0.073000 0.705314 0.077500 0.721739 0.077500 0.733333 0.075500 0.743961 0.068500 0.747826 0.061500 0.755556 0.057000 0.752657 0.054500 0.728502 0.050000 0.708213 0.049500
0 0.729469 0.078000 0.714976 0.077500 0.701449 0.078500 0.688889 0.083500 0.685990 0.089000 0.689855 0.099000 0.693720 0.102500 0.706280 0.105500 0.718841 0.105500 0.732367 0.104000 0.735266 0.102500 0.745894 0.091500 0.745894 0.086500 0.743961 0.083500
0 0.627053 0.083500 0.623188 0.088000 0.624155 0.096000 0.629952 0.104000 0.637681 0.109500 0.650242 0.110000 0.659903 0.108500 0.683092 0.101500 0.685990 0.098000 0.685990 0.093000 0.679227 0.086500 0.671498 0.085500 0.661836 0.086000 0.640580 0.080500 0.631884 0.081500
0 0.576812 0.084000 0.570048 0.086000 0.564251 0.090500 0.561353 0.095500 0.564251 0.103000 0.569082 0.107500 0.578744 0.109000 0.594203 0.114000 0.602899 0.114000 0.615459 0.109000 0.624155 0.103500 0.625121 0.099000 0.622222 0.092000 0.612560 0.086000 0.603865 0.083500 0.586473 0.082500
0 0.768116 0.084500 0.756522 0.087000 0.747826 0.090500 0.740097 0.096000 0.736232 0.104500 0.740097 0.109000 0.751691 0.114000 0.762319 0.116500 0.778744 0.116500 0.788406 0.115000 0.794203 0.112500 0.800966 0.104000 0.800966 0.097500 0.796135 0.091000 0.784541 0.085000
0 0.755556 0.058000 0.748792 0.061000 0.745894 0.064500 0.745894 0.068500 0.765217 0.083000 0.774879 0.084500 0.784541 0.084000 0.797101 0.077000 0.800000 0.073000 0.800000 0.066500 0.795169 0.059500 0.787440 0.056500 0.778744 0.055500 0.767150 0.056000
0 0.805797 0.030500 0.782609 0.030500 0.769082 0.033500 0.763285 0.036500 0.760386 0.040000 0.760386 0.046500 0.771014 0.054500 0.792271 0.057000 0.800000 0.055500 0.810628 0.050000 0.817391 0.042500 0.817391 0.039000
0 0.821256 0.005500 0.815459 0.006500 0.808696 0.010000 0.804831 0.015000 0.803865 0.022500 0.804831 0.027500 0.809662 0.032500 0.819324 0.038000 0.826087 0.038000 0.837681 0.036500 0.848309 0.033500 0.850242 0.031500 0.851208 0.013000 0.835749 0.006500
0 0.827053 0.038500 0.818357 0.044000 0.812560 0.050500 0.813527 0.056500 0.818357 0.061500 0.826087 0.064000 0.850242 0.066000 0.861836 0.066000 0.868599 0.064500 0.872464 0.060500 0.873430 0.050500 0.864734 0.044500 0.847343 0.036000
0 0.834783 0.000000 0.837681 0.006000 0.852174 0.012000 0.890821 0.012000 0.892754 0.011000 0.892754 0.000000
0 0.892754 0.000000 0.893720 0.011500 0.905314 0.018000 0.914010 0.018500 0.931401 0.016000 0.940097 0.013500 0.942029 0.011500 0.942029 0.005500 0.938164 0.000000
0 0.938164 0.000000 0.942029 0.008500 0.949758 0.012500 0.968116 0.012500 0.978744 0.010000 0.984541 0.006500 0.985507 0.000000
0 0.980676 0.009500 0.969082 0.013500 0.971981 0.028500 0.981643 0.037000 0.987440 0.040000 1.000000 0.040000 1.000000 0.013000 0.994203 0.012500 0.989372 0.010000
0 0.984541 0.000000 0.983575 0.006500 0.985507 0.009000 0.994203 0.013000 1.000000 0.013500 1.000000 0.000000
0 0.965217 0.014000 0.938164 0.014000 0.918841 0.018500 0.911111 0.027000 0.910145 0.033500 0.913043 0.037000 0.927536 0.045500 0.935266 0.047000 0.943961 0.046500 0.956522 0.042500 0.971014 0.033500 0.972947 0.029500 0.969082 0.016500
0 0.892754 0.035500 0.885990 0.039500 0.878261 0.047000 0.876329 0.051000 0.877295 0.061500 0.880193 0.063500 0.886957 0.065000 0.900483 0.066000 0.914976 0.065500 0.929469 0.059500 0.933333 0.053000 0.932367 0.049500 0.920773 0.041000 0.911111 0.036000 0.905314 0.035000
0 0.958454 0.044000 0.941063 0.047000 0.934300 0.052500 0.932367 0.057000 0.932367 0.063000 0.938164 0.073500 0.946860 0.076000 0.958454 0.076000 0.968116 0.074500 0.984541 0.066500 0.988406 0.057000 0.986473 0.052000 0.976812 0.047500
0 0.996135 0.046500 0.988406 0.054500 0.985507 0.066000 0.987440 0.070000 0.993237 0.073000 1.000000 0.073500 1.000000 0.046500
0 0.979710 0.070500 0.970048 0.075000 0.963285 0.083000 0.965217 0.093500 0.969082 0.100500 0.980676 0.109500 0.988406 0.110500 1.000000 0.110000 1.000000 0.074000 0.996135 0.074000 0.986473 0.070500
0 0.928502 0.077000 0.911111 0.086000 0.909179 0.088000 0.909179 0.095500 0.923671 0.101500 0.927536 0.106000 0.939130 0.106500 0.952657 0.105000 0.961353 0.102500 0.964251 0.100000 0.965217 0.094500 0.962319 0.086500 0.948792 0.077500 0.944928 0.076500
0 0.865700 0.067500 0.865700 0.081000 0.870531 0.086500 0.874396 0.089000 0.879227 0.090000 0.901449 0.090000 0.912077 0.086000 0.926570 0.076500 0.923671 0.072000 0.914976 0.066500 0.900483 0.066500 0.873430 0.064000
0 0.862802 0.067500 0.822222 0.063500 0.813527 0.064000 0.803865 0.067000 0.800000 0.071000 0.799034 0.076500 0.806763 0.087500 0.818357 0.092500 0.826087 0.092500 0.839614 0.090000 0.848309 0.085000 0.859903 0.074500
0 0.857971 0.093500 0.842512 0.090500 0.815459 0.094500 0.804831 0.100500 0.796135 0.111000 0.795169 0.115500 0.799034 0.118000 0.805797 0.118500 0.813527 0.121500 0.847343 0.122500 0.853140 0.121000 0.864734 0.115000 0.867633 0.112000 0.863768 0.098500
0 0.882126 0.091000 0.875362 0.092500 0.866667 0.098500 0.868599 0.111500 0.875362 0.118000 0.888889 0.120500 0.900483 0.120500 0.914010 0.115500 0.926570 0.107000 0.926570 0.103500 0.920773 0.099500 0.906280 0.095500 0.898551 0.092000
0 0.969082 0.103500 0.957488 0.104000 0.942995 0.106500 0.927536 0.107000 0.921739 0.111500 0.919807 0.115500 0.924638 0.119500 0.940097 0.127000 0.954589 0.129500 0.962319 0.129000 0.968116 0.127500 0.973913 0.123500 0.978744 0.115500 0.976812 0.107500
0 0.980676 0.111000 0.979710 0.117000 0.982609 0.120500 0.984541 0.129000 0.996135 0.136000 1.000000 0.136000 1.000000 0.111500
0 0.793237 0.115500 0.766184 0.117000 0.757488 0.120500 0.749758 0.131500 0.754589 0.136500 0.764251 0.141500 0.775845 0.143500 0.787440 0.142500 0.794203 0.141000 0.800000 0.138000 0.804831 0.126000 0.801932 0.121500
0 0.851208 0.124000 0.828019 0.122000 0.814493 0.122000 0.807729 0.125000 0.802899 0.130000 0.802899 0.138000 0.810628 0.147500 0.814493 0.149500 0.822222 0.150000 0.829952 0.148500 0.840580 0.145000 0.850242 0.140000 0.854106 0.136500 0.854106 0.126000
0 0.873430 0.119500 0.857005 0.124000 0.855072 0.134500 0.861836 0.143000 0.866667 0.146000 0.873430 0.148000 0.884058 0.148000 0.907246 0.142000 0.914976 0.137000 0.918841 0.130500 0.915942 0.126500 0.902415 0.121500
0 0.935266 0.135000 0.916908 0.139500 0.907246 0.144500 0.904348 0.150500 0.908213 0.157000 0.911111 0.158500 0.918841 0.160000 0.940097 0.167500 0.949758 0.167500 0.958454 0.164000 0.960386 0.160000 0.960386 0.153500 0.956522 0.142000 0.951691 0.137000 0.942995 0.135000
0 0.964251 0.129000 0.958454 0.132500 0.955556 0.137500 0.960386 0.153500 0.962319 0.156000 0.967150 0.158000 0.981643 0.158000 0.996135 0.152500 1.000000 0.152500 1.000000 0.136500 0.997101 0.136500 0.989372 0.132500 0.974879 0.129000
0 0.996135 0.152500 0.990338 0.156500 0.990338 0.163500 0.996135 0.172000 1.000000 0.172000 1.000000 0.152500
0 0.914010 0.159000 0.904348 0.159500 0.891787 0.164000 0.883092 0.169500 0.880193 0.173500 0.881159 0.178000 0.891787 0.184500 0.902415 0.187500 0.906280 0.187500 0.913043 0.185000 0.928502 0.185500 0.934300 0.181500 0.935266 0.172500 0.933333 0.166500 0.924638 0.161500
0 0.775845 0.155500 0.771014 0.159000 0.771014 0.163500 0.775845 0.171500 0.792271 0.181000 0.801932 0.182000 0.811594 0.180000 0.823188 0.174500 0.829952 0.168500 0.829952 0.158500 0.825121 0.155500 0.813527 0.153000 0.790338 0.153000
0 0.754589 0.159000 0.745894 0.160000 0.738164 0.164000 0.726570 0.173500 0.718841 0.185500 0.720773 0.192500 0.727536 0.196000 0.737198 0.198500 0.745894 0.198000 0.754589 0.195000 0.764251 0.183500 0.765217 0.172000
0 0.711111 0.132000 0.708213 0.133500 0.714010 0.147500 0.730435 0.154000 0.746860 0.153000 0.759420 0.144000 0.759420 0.140500 0.754589 0.136500 0.746860 0.132500 0.739130 0.131000
0 0.712077 0.106500 0.703382 0.112000 0.696618 0.119000 0.695652 0.123000 0.701449 0.129500 0.709179 0.131500 0.741063 0.131500 0.746860 0.130000 0.754589 0.125000 0.756522 0.118000 0.735266 0.105500 0.721739 0.105000
0 0.785507 0.179000 0.778744 0.179500 0.767150 0.183500 0.756522 0.193000 0.755556 0.198000 0.762319 0.208500 0.767150 0.211000 0.775845 0.212500 0.792271 0.212000 0.802899 0.210000 0.811594 0.205000 0.814493 0.200000 0.814493 0.193000 0.810628 0.188000 0.802899 0.183500
0 0.711111 0.191500 0.699517 0.191500 0.693720 0.193000 0.682126 0.200000 0.679227 0.204000 0.678261 0.213500 0.686957 0.221500 0.691787 0.223500 0.702415 0.224000 0.722705 0.221000 0.734300 0.215500 0.742029 0.208000 0.742029 0.203000 0.739130 0.200000
0 0.672464 0.164000 0.667633 0.170000 0.666667 0.179500 0.670531 0.188000 0.677295 0.191000 0.690821 0.191000 0.713043 0.187500 0.719807 0.183000 0.722705 0.178500 0.721739 0.173000 0.715942 0.166000 0.711111 0.163000 0.693720 0.160000 0.683092 0.160000
0 0.858937 0.187000 0.851208 0.188500 0.844444 0.192000 0.841546 0.201500 0.845411 0.214000 0.855072 0.223500 0.858937 0.225500 0.867633 0.224500 0.875362 0.220500 0.886957 0.211000 0.893720 0.203500 0.893720 0.196000 0.890821 0.193000 0.883092 0.189500 0.871498 0.187500
0 0.963285 0.200500 0.960386 0.197000 0.955556 0.195500 0.934300 0.196500 0.916908 0.201000 0.901449 0.209000 0.919807 0.215500 0.931401 0.216000 0.942029 0.218500 0.950725 0.218000 0.957488 0.216000 0.963285 0.212000
0 0.925604 0.215500 0.919807 0.217000 0.910145 0.229500 0.910145 0.236500 0.916908 0.241500 0.930435 0.243000 0.943961 0.240000 0.947826 0.228500 0.942029 0.219000 0.935266 0.216500
0 0.967150 0.225000 0.957488 0.226500 0.947826 0.231500 0.945894 0.238500 0.950725 0.249000 0.957488 0.253500 0.965217 0.254000 0.993237 0.248500 0.996135 0.245000 0.996135 0.239500 1.000000 0.239000 1.000000 0.234000 0.996135 0.233500 0.991304 0.228500 0.979710 0.226000
0 0.963285 0.254500 0.957488 0.259500 0.960386 0.270000 0.963285 0.271500 0.972947 0.272500 0.988406 0.279000 1.000000 0.279000 1.000000 0.250000 0.987440 0.250000
0 0.950725 0.254500 0.946860 0.252500 0.932367 0.251500 0.925604 0.253000 0.917874 0.257500 0.908213 0.260500 0.897585 0.267000 0.897585 0.275500 0.907246 0.276000 0.913043 0.275000 0.931401 0.276000 0.953623 0.271500 0.957488 0.269000 0.957488 0.262500
0 0.905314 0.230000 0.889855 0.230000 0.884058 0.232500 0.876329 0.239000 0.874396 0.244000 0.875362 0.254500 0.880193 0.259500 0.888889 0.262500 0.903382 0.262000 0.914976 0.259000 0.923671 0.254500 0.928502 0.250000 0.928502 0.243500 0.914010 0.239500 0.910145 0.232000
0 0.984541 0.277000 0.975845 0.273500 0.967150 0.272000 0.953623 0.272000 0.937198 0.275500 0.930435 0.282000 0.928502 0.287000 0.929469 0.291500 0.939130 0.296500 0.949758 0.297500 0.978744 0.292000 0.987440 0.288000 0.987440 0.279500
0 1.000000 0.288500 0.988406 0.289000 0.978744 0.292500 0.957488 0.296500 0.953623 0.298500 0.955556 0.308000 0.970048 0.318500 0.989372 0.320500 0.996135 0.318000 1.000000 0.318000
0 0.909179 0.292500 0.897585 0.297500 0.895652 0.300000 0.895652 0.304000 0.899517 0.311000 0.922705 0.323500 0.936232 0.324000 0.949758 0.317000 0.954589 0.308500 0.953623 0.301000 0.949758 0.298500 0.939130 0.296500 0.929469 0.292000
0 0.849275 0.278500 0.847343 0.282000 0.849275 0.291500 0.855072 0.298000 0.863768 0.303000 0.882126 0.303000 0.897585 0.297500 0.907246 0.291000 0.903382 0.282000 0.893720 0.278000 0.884058 0.277000 0.856039 0.277000
0 0.825121 0.233500 0.810628 0.240000 0.813527 0.249000 0.828986 0.262000 0.835749 0.265000 0.845411 0.266000 0.850242 0.268000 0.858937 0.267500 0.866667 0.260500 0.867633 0.243000 0.864734 0.237000 0.857971 0.233000 0.852174 0.231500
0 0.881159 0.305000 0.860870 0.304500 0.856039 0.305500 0.843478 0.313000 0.828986 0.318000 0.830918 0.322500 0.844444 0.329500 0.854106 0.330000 0.863768 0.327500 0.871498 0.323500 0.880193 0.316000 0.883092 0.311500
0 0.880193 0.317000 0.868599 0.328500 0.873430 0.337500 0.884058 0.339500 0.909179 0.339500 0.921739 0.336000 0.924638 0.332000 0.923671 0.326000 0.914010 0.318000 0.902415 0.314500 0.891787 0.314500
0 0.939130 0.324000 0.935266 0.328500 0.935266 0.334500 0.939130 0.340000 0.959420 0.347500 0.973913 0.348000 0.984541 0.346500 0.991304 0.344500 0.996135 0.339000 1.000000 0.338500 1.000000 0.331500 0.996135 0.331000 0.990338 0.323500 0.985507 0.321000 0.969082 0.318500 0.957488 0.318500 0.946860 0.320500
0 0.996135 0.338500 0.990338 0.345500 0.989372 0.351500 0.995169 0.360500 1.000000 0.360500 1.000000 0.338500
0 0.929469 0.342500 0.916908 0.348500 0.914010 0.358000 0.911111 0.361000 0.914010 0.365500 0.919807 0.367500 0.931401 0.369000 0.949758 0.368500 0.956522 0.366500 0.962319 0.362000 0.960386 0.351500 0.956522 0.347500 0.944928 0.342500
0 0.866667 0.339000 0.859903 0.344000 0.859903 0.350000 0.867633 0.361500 0.878261 0.366000 0.897585 0.366000 0.903382 0.364500 0.912077 0.358000 0.914976 0.350500 0.914976 0.346500 0.909179 0.341500 0.895652 0.339500
0 0.994203 0.361500 0.984541 0.365500 0.981643 0.368500 0.980676 0.379000 0.987440 0.388000 0.994203 0.391000 1.000000 0.391000 1.000000 0.361500
0 0.967150 0.373000 0.957488 0.372500 0.942029 0.375000 0.932367 0.379500 0.925604 0.386500 0.926570 0.395000 0.933333 0.401000 0.941063 0.404000 0.952657 0.405500 0.967150 0.404500 0.974879 0.400500 0.984541 0.390000 0.983575 0.384000 0.978744 0.378000
0 0.899517 0.366000 0.876329 0.367000 0.862802 0.374500 0.859903 0.380500 0.859903 0.388000 0.864734 0.393500 0.873430 0.397500 0.885990 0.398500 0.902415 0.395000 0.907246 0.393000 0.917874 0.382000 0.915942 0.373000 0.909179 0.368500
0 0.911111 0.393500 0.894686 0.396500 0.890821 0.400500 0.898551 0.404500 0.907246 0.413500 0.910145 0.423000 0.914976 0.423500 0.921739 0.422500 0.930435 0.415500 0.933333 0.402000 0.924638 0.395000
0 0.891787 0.400500 0.882126 0.401000 0.878261 0.402500 0.859903 0.415000 0.856039 0.419000 0.856039 0.424500 0.860870 0.429500 0.873430 0.431000 0.881159 0.430500 0.901449 0.426500 0.909179 0.423000 0.909179 0.414000 0.899517 0.404000
0 0.845411 0.385000 0.833816 0.386500 0.811594 0.396500 0.816425 0.411500 0.826087 0.417500 0.832850 0.418500 0.844444 0.418500 0.857005 0.415500 0.871498 0.405000 0.869565 0.397000 0.861836 0.392000 0.859903 0.388500
0 0.821256 0.419500 0.816425 0.423500 0.819324 0.431500 0.818357 0.436000 0.821256 0.441500 0.828019 0.448000 0.843478 0.454000 0.858937 0.453000 0.875362 0.445000 0.880193 0.436500 0.879227 0.431500 0.862802 0.430000 0.857971 0.427500 0.856039 0.422500 0.852174 0.420000 0.829952 0.418500
0 0.895652 0.434500 0.893720 0.438000 0.895652 0.443500 0.898551 0.446000 0.910145 0.450000 0.917874 0.451000 0.945894 0.451000 0.962319 0.447500 0.964251 0.439000 0.961353 0.435500 0.934300 0.423000 0.926570 0.422500 0.911111 0.425000
0 0.933333 0.411500 0.938164 0.423500 0.959420 0.434000 0.971014 0.434000 0.983575 0.431500 0.995169 0.423500 1.000000 0.422500 1.000000 0.412000 0.984541 0.408500 0.964251 0.406000 0.942029 0.405500 0.938164 0.406500
0 0.994203 0.392000 0.985507 0.395000 0.980676 0.399500 0.980676 0.401500 0.985507 0.408000 0.995169 0.410500 1.000000 0.410500 1.000000 0.392000
0 0.996135 0.422000 0.996135 0.423500 0.990338 0.427500 0.991304 0.432500 0.996135 0.436500 1.000000 0.436500 1.000000 0.422000
0 0.978744 0.438500 0.972947 0.440500 0.965217 0.447500 0.963285 0.456000 0.971981 0.463500 0.988406 0.465500 1.000000 0.465500 1.000000 0.439500
0 0.931401 0.451500 0.923671 0.453000 0.918841 0.456500 0.914010 0.462500 0.914010 0.469000 0.922705 0.479500 0.930435 0.483000 0.940097 0.483500 0.951691 0.481500 0.960386 0.476500 0.967150 0.470500 0.969082 0.463500 0.965217 0.458000 0.958454 0.454000 0.944928 0.451500
0 0.879227 0.446000 0.870531 0.448000 0.857005 0.453500 0.850242 0.458000 0.850242 0.461000 0.868599 0.471500 0.873430 0.472500 0.886957 0.472500 0.896618 0.470500 0.902415 0.467500 0.905314 0.463000 0.906280 0.455500 0.904348 0.451000 0.898551 0.447500 0.891787 0.446000
0 1.000000 0.466000 0.988406 0.467500 0.971981 0.467000 0.967150 0.469000 0.952657 0.482000 0.961353 0.488500 0.979710 0.491500 0.989372 0.491500 1.000000 0.489500
0 0.942029 0.495500 0.934300 0.505500 0.934300 0.512000 0.938164 0.515500 0.981643 0.518000 1.000000 0.513500 1.000000 0.499000 0.997101 0.499000 0.988406 0.494500 0.977778 0.491500 0.963285 0.490000 0.953623 0.491000
0 0.917874 0.476500 0.904348 0.476000 0.897585 0.478000 0.888889 0.483000 0.874396 0.494000 0.870531 0.510000 0.882126 0.513000 0.904348 0.513000 0.929469 0.506000 0.937198 0.502000 0.941063 0.495500 0.938164 0.487000
0 0.935266 0.517000 0.923671 0.519500 0.916908 0.522500 0.912077 0.528500 0.912077 0.533500 0.917874 0.540500 0.928502 0.546500 0.933333 0.548000 0.945894 0.548000 0.956522 0.545000 0.962319 0.542000 0.966184 0.538000 0.966184 0.532500 0.959420 0.523500 0.951691 0.519000 0.942995 0.517000
0 0.986473 0.533500 0.968116 0.543000 0.966184 0.547000 0.968116 0.555000 0.980676 0.558500 1.000000 0.559500 1.000000 0.533000
0 0.954589 0.558000 0.947826 0.563000 0.947826 0.570500 0.951691 0.576500 0.962319 0.586000 0.969082 0.589500 0.979710 0.591000 1.000000 0.588500 1.000000 0.562500 0.996135 0.562500 0.990338 0.560000 0.973913 0.557000 0.965217 0.556500
0 0.873430 0.566000 0.872464 0.568500 0.883092 0.575500 0.897585 0.579000 0.928502 0.580000 0.937198 0.578000 0.942029 0.573500 0.942029 0.560500 0.933333 0.554500 0.921739 0.552500 0.896618 0.553500 0.880193 0.561000
0 0.863768 0.520000 0.847343 0.528000 0.842512 0.537500 0.853140 0.542000 0.865700 0.544500 0.883092 0.545500 0.893720 0.544000 0.899517 0.541000 0.902415 0.537500 0.901449 0.530000 0.895652 0.523000 0.889855 0.519500 0.883092 0.518000 0.873430 0.518000
0 0.820290 0.488000 0.814493 0.489000 0.800000 0.497000 0.797101 0.500000 0.796135 0.511000 0.799034 0.518000 0.805797 0.524000 0.814493 0.528000 0.821256 0.529500 0.830918 0.529500 0.845411 0.526500 0.853140 0.522500 0.857005 0.514500 0.857005 0.509500 0.853140 0.502500 0.845411 0.494500 0.841546 0.492500
0 0.852174 0.464000 0.843478 0.464000 0.831884 0.466500 0.822222 0.473500 0.819324 0.477500 0.821256 0.487000 0.830918 0.490500 0.843478 0.492500 0.862802 0.489500 0.871498 0.485000 0.871498 0.473500 0.858937 0.466000
0 0.833816 0.455500 0.814493 0.452500 0.804831 0.454500 0.793237 0.460000 0.789372 0.466000 0.790338 0.471000 0.803865 0.477500 0.807729 0.478000 0.817391 0.476000 0.835749 0.463000 0.837681 0.458500
0 0.768116 0.471000 0.762319 0.474000 0.760386 0.487000 0.768116 0.491500 0.785507 0.493500 0.792271 0.492000 0.803865 0.484500 0.804831 0.478000 0.787440 0.470500 0.774879 0.470000
0 0.767150 0.492000 0.756522 0.493500 0.743961 0.498000 0.741063 0.501500 0.741063 0.506500 0.744928 0.512500 0.757488 0.520500 0.771981 0.521500 0.780676 0.520500 0.789372 0.514500 0.794203 0.509000 0.794203 0.501500 0.784541 0.494000
0 0.785507 0.522000 0.776812 0.520500 0.754589 0.521000 0.748792 0.524000 0.742029 0.534000 0.743961 0.538000 0.752657 0.544000 0.764251 0.544000 0.790338 0.538000 0.794203 0.536000 0.796135 0.529000
0 0.767150 0.556500 0.757488 0.558500 0.745894 0.563000 0.741063 0.568000 0.740097 0.574000 0.744928 0.580500 0.753623 0.586500 0.765217 0.589500 0.771981 0.589500 0.782609 0.588000 0.787440 0.586000 0.794203 0.577000 0.798068 0.564000 0.794203 0.560500 0.788406 0.558500 0.775845 0.556500
0 0.815459 0.556500 0.806763 0.559500 0.796135 0.567000 0.794203 0.572000 0.795169 0.576500 0.807729 0.586000 0.812560 0.587000 0.825121 0.587000 0.836715 0.583500 0.845411 0.578500 0.849275 0.572500 0.849275 0.568000 0.845411 0.562500 0.838647 0.558500 0.830918 0.556500
0 0.865700 0.578000 0.854106 0.581500 0.845411 0.587000 0.844444 0.592500 0.857005 0.605500 0.874396 0.609500 0.887923 0.609000 0.895652 0.606500 0.902415 0.602000 0.903382 0.587500 0.900483 0.582500 0.895652 0.579500 0.888889 0.578000
0 0.919807 0.582000 0.915942 0.586500 0.915942 0.597000 0.922705 0.606000 0.929469 0.609000 0.935266 0.610000 0.954589 0.610000 0.965217 0.604000 0.967150 0.601000 0.966184 0.596000 0.960386 0.589500 0.946860 0.584500 0.928502 0.581500
0 0.996135 0.606000 0.985507 0.614500 0.984541 0.619500 0.990338 0.628000 0.995169 0.630000 1.000000 0.630000 1.000000 0.606000
0 0.995169 0.631500 0.979710 0.634000 0.970048 0.638500 0.965217 0.643000 0.962319 0.650500 0.965217 0.654000 0.973913 0.658500 0.987440 0.662000 1.000000 0.662500 1.000000 0.631500
0 0.937198 0.631500 0.927536 0.632000 0.921739 0.635000 0.911111 0.649500 0.917874 0.661500 0.925604 0.664500 0.937198 0.662500 0.942995 0.659500 0.948792 0.654500 0.960386 0.648000 0.963285 0.644000 0.962319 0.638000 0.951691 0.636500
0 0.974879 0.610000 0.961353 0.610000 0.939130 0.619000 0.936232 0.622000 0.936232 0.631000 0.946860 0.635500 0.957488 0.637500 0.964251 0.637000 0.981643 0.632500 0.986473 0.628000 0.985507 0.618500 0.981643 0.614000
0 0.903382 0.605000 0.893720 0.608000 0.889855 0.611000 0.888889 0.627500 0.891787 0.630500 0.900483 0.634500 0.915942 0.635000 0.921739 0.634000 0.926570 0.631500 0.933333 0.625500 0.935266 0.621500 0.934300 0.614500 0.929469 0.609000 0.916908 0.605000
0 0.852174 0.606000 0.843478 0.608500 0.838647 0.612500 0.836715 0.626500 0.839614 0.629500 0.853140 0.636000 0.857005 0.637000 0.868599 0.637000 0.879227 0.632500 0.885990 0.626500 0.887923 0.623000 0.886957 0.612000 0.880193 0.609500 0.863768 0.606500
0 0.833816 0.628000 0.822222 0.628000 0.814493 0.629500 0.807729 0.634000 0.801932 0.642000 0.806763 0.652500 0.820290 0.658500 0.848309 0.650500 0.854106 0.647000 0.857005 0.643000 0.849275 0.634000
0 0.883092 0.640000 0.867633 0.640000 0.858937 0.643000 0.853140 0.647500 0.850242 0.656500 0.850242 0.668000 0.854106 0.671000 0.864734 0.671500 0.877295 0.668500 0.898551 0.655000 0.899517 0.649500 0.897585 0.646500 0.888889 0.641500
0 0.806763 0.612000 0.797101 0.612000 0.788406 0.613500 0.769082 0.613000 0.762319 0.618500 0.762319 0.639500 0.769082 0.645500 0.775845 0.648500 0.786473 0.649000 0.798068 0.645000 0.816425 0.627500 0.817391 0.618500 0.814493 0.615000
0 0.772947 0.589000 0.767150 0.591000 0.758454 0.598500 0.757488 0.608000 0.761353 0.610000 0.778744 0.613500 0.792271 0.613500 0.799034 0.612000 0.804831 0.606000 0.804831 0.598000 0.800000 0.592500 0.784541 0.588000
0 0.685024 0.555000 0.677295 0.563000 0.677295 0.570000 0.698551 0.585000 0.705314 0.586000 0.712077 0.585500 0.730435 0.576500 0.733333 0.573000 0.733333 0.567500 0.724638 0.562000 0.710145 0.556500 0.693720 0.554000
0 0.667633 0.591000 0.657005 0.593000 0.651208 0.596000 0.648309 0.599000 0.647343 0.604500 0.650242 0.609500 0.658937 0.614000 0.665700 0.616000 0.675362 0.616000 0.685990 0.613500 0.694686 0.609000 0.697585 0.606000 0.697585 0.601000 0.693720 0.597000 0.685990 0.593500 0.678261 0.591500
0 0.708213 0.612500 0.705314 0.615000 0.705314 0.620500 0.708213 0.623500 0.711111 0.633000 0.719807 0.641000 0.732367 0.643500 0.743961 0.640000 0.752657 0.632500 0.752657 0.626000 0.750725 0.623500 0.735266 0.615000 0.726570 0.613000
0 0.668599 0.622500 0.664734 0.625000 0.661836 0.630500 0.663768 0.637000 0.667633 0.640500 0.686957 0.648500 0.697585 0.649500 0.709179 0.649000 0.714976 0.644500 0.714976 0.637000 0.704348 0.621000 0.698551 0.618500 0.686957 0.618500
0 0.726570 0.646500 0.721739 0.652000 0.722705 0.658500 0.748792 0.670000 0.764251 0.673500 0.775845 0.673000 0.785507 0.670000 0.786473 0.665000 0.780676 0.650500 0.762319 0.640500 0.745894 0.639500 0.736232 0.642000
0 0.630918 0.608500 0.618357 0.615000 0.607729 0.618500 0.604831 0.622500 0.605797 0.629500 0.607729 0.632000 0.625121 0.640500 0.641546 0.641000 0.650242 0.638500 0.659903 0.633000 0.665700 0.622500 0.662802 0.615500 0.658937 0.613500 0.647343 0.610000
0 0.558454 0.596000 0.556522 0.601000 0.566184 0.604000 0.579710 0.613000 0.593237 0.616500 0.610628 0.617000 0.619324 0.615000 0.624155 0.612500 0.629952 0.606000 0.629952 0.599500 0.627053 0.596500 0.621256 0.593500 0.611594 0.591000 0.588406 0.590000 0.575845 0.593500 0.564251 0.594000
0 0.560386 0.605000 0.556522 0.606000 0.549758 0.613500 0.551691 0.627500 0.559420 0.636000 0.565217 0.638000 0.574879 0.638500 0.586473 0.635500 0.596135 0.631000 0.598068 0.625000 0.597101 0.619000 0.594203 0.616000 0.582609 0.613500 0.569082 0.605500
0 0.593237 0.632000 0.586473 0.635500 0.572947 0.639000 0.571981 0.647500 0.578744 0.654500 0.587440 0.658500 0.601932 0.661000 0.612560 0.661000 0.623188 0.657500 0.628019 0.654500 0.628986 0.645000 0.627053 0.641000 0.609662 0.632500
0 0.522705 0.604500 0.512077 0.605500 0.502415 0.610000 0.499517 0.614000 0.499517 0.622000 0.503382 0.631500 0.509179 0.637000 0.526570 0.638500 0.546860 0.631500 0.549758 0.622000 0.546860 0.612500 0.535266 0.606000
0 0.494686 0.574500 0.469565 0.580500 0.461836 0.584500 0.460870 0.589500 0.463768 0.593500 0.477295 0.600000 0.487923 0.603000 0.500483 0.603500 0.512077 0.602000 0.518841 0.599000 0.521739 0.593000 0.521739 0.586000 0.514976 0.577500 0.511111 0.575500
0 0.518841 0.552500 0.512077 0.556000 0.508213 0.561000 0.510145 0.573000 0.520773 0.585000 0.525604 0.587000 0.535266 0.587500 0.542029 0.586000 0.555556 0.580000 0.560386 0.576000 0.560386 0.570500 0.557488 0.566500 0.536232 0.556000 0.525604 0.553000
0 0.431884 0.559500 0.423188 0.562000 0.417391 0.567000 0.415459 0.580000 0.428986 0.587000 0.434783 0.588500 0.445411 0.588500 0.457005 0.586000 0.469565 0.580000 0.471498 0.571500 0.467633 0.566500 0.457971 0.561500 0.448309 0.559500
0 0.394203 0.582500 0.385507 0.586500 0.379710 0.594000 0.380676 0.600500 0.387440 0.608000 0.401932 0.611500 0.414493 0.612000 0.428019 0.610500 0.439614 0.600000 0.437681 0.589500 0.413527 0.580500 0.402899 0.580500
0 0.449275 0.596500 0.438647 0.600500 0.429952 0.609500 0.429952 0.617500 0.451208 0.626000 0.464734 0.628500 0.474396 0.628500 0.489855 0.624500 0.496618 0.619000 0.496618 0.612500 0.491787 0.604500 0.466667 0.595500
0 0.485990 0.625000 0.459903 0.634000 0.453140 0.637500 0.452174 0.639500 0.454106 0.642500 0.468599 0.649500 0.483092 0.652500 0.497585 0.652500 0.502415 0.651500 0.509179 0.646500 0.509179 0.639000 0.499517 0.627500 0.495652 0.625500
0 0.454106 0.646500 0.443478 0.644000 0.418357 0.645500 0.411594 0.648500 0.407729 0.656500 0.408696 0.662500 0.415459 0.670000 0.421256 0.673500 0.427053 0.674500 0.442512 0.673500 0.453140 0.670500 0.463768 0.663500 0.466667 0.659000 0.465700 0.654000 0.461836 0.649500
0 0.394203 0.615500 0.391304 0.618000 0.386473 0.629500 0.386473 0.635500 0.402899 0.643500 0.410628 0.645000 0.436715 0.644000 0.454106 0.636500 0.455072 0.627000 0.435749 0.621000 0.427053 0.616000 0.411594 0.612500 0.403865 0.612500
0 0.376812 0.608500 0.358454 0.607500 0.351691 0.609500 0.344928 0.618500 0.334300 0.624500 0.333333 0.636000 0.339130 0.639500 0.342995 0.640500 0.358454 0.639500 0.378744 0.634000 0.383575 0.631500 0.389372 0.624000 0.389372 0.617500
0 0.342995 0.598000 0.334300 0.596000 0.321739 0.595500 0.296618 0.600500 0.291787 0.605000 0.289855 0.611500 0.285990 0.615000 0.287923 0.617500 0.304348 0.623500 0.323671 0.624000 0.339130 0.621000 0.344928 0.618500 0.349758 0.612000 0.348792 0.603500
0 0.350725 0.572000 0.344928 0.573500 0.339130 0.577000 0.339130 0.587000 0.348792 0.597000 0.359420 0.602000 0.368116 0.602000 0.380676 0.592500 0.385507 0.584500 0.384541 0.579000 0.366184 0.571500
0 0.391304 0.547500 0.371981 0.551000 0.367150 0.556000 0.359420 0.560500 0.359420 0.564500 0.365217 0.571000 0.382609 0.578000 0.397101 0.577500 0.402899 0.575500 0.412560 0.569000 0.416425 0.564500 0.413527 0.552500 0.398068 0.550000
0 0.321739 0.570000 0.298551 0.567500 0.287923 0.569500 0.278261 0.575000 0.273430 0.580000 0.273430 0.585500 0.281159 0.594500 0.289855 0.598500 0.302415 0.599000 0.315942 0.596500 0.327536 0.591000 0.331401 0.586500 0.333333 0.576000
0 0.242512 0.597000 0.236715 0.602500 0.236715 0.608500 0.242512 0.612500 0.253140 0.616000 0.264734 0.618000 0.279227 0.617500 0.285990 0.615000 0.289855 0.611500 0.292754 0.602500 0.290821 0.599500 0.284058 0.596000 0.271498 0.593000 0.259903 0.592500 0.252174 0.593500
0 0.214493 0.612000 0.207729 0.614000 0.200966 0.619500 0.200000 0.628000 0.203865 0.634000 0.211594 0.639000 0.219324 0.641500 0.228019 0.643000 0.240580 0.642000 0.249275 0.638500 0.257005 0.632500 0.260870 0.625000 0.259903 0.619000 0.256039 0.616500 0.238647 0.611500
0 0.322705 0.625000 0.314976 0.623500 0.300483 0.623000 0.285024 0.618000 0.274396 0.619000 0.261836 0.624500 0.257971 0.630000 0.257971 0.635000 0.262802 0.643000 0.267633 0.645500 0.278261 0.647000 0.292754 0.645000 0.303382 0.642000 0.316908 0.636000 0.322705 0.628500
0 0.333333 0.638000 0.313043 0.638500 0.299517 0.642500 0.294686 0.645500 0.294686 0.658500 0.301449 0.665500 0.310145 0.669000 0.315942 0.669500 0.327536 0.668000 0.347826 0.660500 0.352657 0.657500 0.354589 0.651000 0.351691 0.643500
0 0.381643 0.635500 0.372947 0.635500 0.363285 0.638000 0.356522 0.641000 0.354589 0.643500 0.355556 0.663500 0.358454 0.666500 0.366184 0.670000 0.378744 0.670000 0.392271 0.667000 0.402899 0.662500 0.405797 0.659000 0.405797 0.651000 0.400966 0.645000 0.393237 0.639500
0 0.700483 0.525000 0.680193 0.529500 0.672464 0.533500 0.671498 0.538000 0.678261 0.547500 0.685024 0.552000 0.692754 0.554000 0.708213 0.555000 0.721739 0.550500 0.727536 0.546500 0.733333 0.538500 0.733333 0.534000 0.730435 0.530500 0.724638 0.527500 0.715942 0.525500
0 0.740097 0.505000 0.725604 0.499500 0.708213 0.500500 0.691787 0.516000 0.687923 0.521500 0.688889 0.525000 0.692754 0.526000 0.697585 0.525000 0.717874 0.525000 0.733333 0.522000 0.742995 0.513500
0 0.623188 0.516500 0.616425 0.518000 0.605797 0.525000 0.601932 0.533000 0.602899 0.538500 0.607729 0.544500 0.614493 0.548000 0.621256 0.550000 0.634783 0.550000 0.644444 0.547500 0.656039 0.542000 0.660870 0.537500 0.661836 0.528000 0.658937 0.524000 0.650242 0.520000 0.633816 0.516500
0 0.538164 0.537000 0.533333 0.540000 0.533333 0.550000 0.538164 0.557500 0.558454 0.565500 0.571981 0.566500 0.578744 0.565000 0.587440 0.560000 0.594203 0.552500 0.594203 0.546500 0.589372 0.540000 0.579710 0.535500 0.565217 0.533500
0 0.552657 0.515500 0.538164 0.513000 0.513043 0.513500 0.499517 0.515500 0.494686 0.519500 0.494686 0.526500 0.498551 0.531500 0.511111 0.538500 0.520773 0.539000 0.533333 0.537000 0.553623 0.525500 0.554589 0.518500
0 0.473430 0.530000 0.461836 0.535000 0.461836 0.544500 0.470531 0.555000 0.480193 0.559500 0.489855 0.559500 0.499517 0.556500 0.507246 0.551000 0.509179 0.545500 0.507246 0.538000 0.496618 0.530000
0 0.200000 0.579500 0.193237 0.581500 0.188406 0.587500 0.186473 0.594500 0.187440 0.603000 0.191304 0.608000 0.196135 0.610500 0.208696 0.612000 0.229952 0.606500 0.234783 0.604000 0.237681 0.598500 0.233816 0.594000 0.215459 0.581000
0 0.247343 0.563000 0.226087 0.566000 0.220290 0.569500 0.215459 0.575000 0.214493 0.580000 0.225121 0.588500 0.229952 0.590500 0.256039 0.590500 0.266667 0.586000 0.268599 0.583500 0.269565 0.578000 0.265700 0.571000 0.256039 0.565500
0 0.232850 0.535500 0.216425 0.537000 0.207729 0.543000 0.203865 0.558500 0.206763 0.562500 0.216425 0.565500 0.224155 0.566000 0.237681 0.564000 0.244444 0.561500 0.248309 0.554000 0.247343 0.540500 0.241546 0.537000
0 0.300483 0.540500 0.292754 0.539500 0.275362 0.540500 0.261836 0.545500 0.257005 0.551000 0.257005 0.556500 0.262802 0.563000 0.271498 0.567000 0.281159 0.568500 0.292754 0.568000 0.302415 0.565500 0.308213 0.562000 0.313043 0.554000 0.312077 0.547500 0.309179 0.544500
0 0.342029 0.525000 0.335266 0.529000 0.330435 0.535000 0.330435 0.542000 0.336232 0.548000 0.343961 0.551000 0.348792 0.551500 0.368116 0.551000 0.383575 0.548500 0.388406 0.545500 0.391304 0.539000 0.391304 0.532500 0.388406 0.529000 0.384541 0.527500 0.354589 0.523000 0.349758 0.523000
0 0.427053 0.517000 0.414493 0.520000 0.396135 0.529500 0.393237 0.533000 0.392271 0.539000 0.395169 0.542500 0.411594 0.548500 0.437681 0.549500 0.441546 0.548000 0.446377 0.542500 0.447343 0.528500 0.444444 0.523000 0.435749 0.517000
0 0.351691 0.508500 0.349758 0.512500 0.351691 0.520500 0.359420 0.524500 0.383575 0.527500 0.394203 0.527500 0.404831 0.525000 0.412560 0.520000 0.412560 0.511500 0.404831 0.506500 0.398068 0.504500 0.392271 0.504500 0.378744 0.501500 0.367150 0.502000 0.359420 0.504000
0 0.409662 0.484000 0.405797 0.486500 0.402899 0.493000 0.404831 0.502500 0.409662 0.508000 0.419324 0.514500 0.427053 0.516500 0.436715 0.516000 0.449275 0.513000 0.461836 0.506000 0.461836 0.494000 0.456039 0.490500 0.444444 0.487000 0.430918 0.487000 0.413527 0.483500
0 0.467633 0.505000 0.460870 0.506000 0.448309 0.514500 0.446377 0.527000 0.450242 0.531500 0.457005 0.532500 0.466667 0.532000 0.488889 0.526500 0.492754 0.524000 0.494686 0.516500 0.491787 0.512500 0.482126 0.508000
0 0.512077 0.476500 0.489855 0.481500 0.482126 0.487500 0.469565 0.494000 0.479227 0.503000 0.491787 0.508500 0.500483 0.509500 0.518841 0.508500 0.527536 0.504500 0.530435 0.501000 0.533333 0.492500 0.529469 0.483500 0.521739 0.479000
0 0.555556 0.483500 0.546860 0.486000 0.537198 0.491500 0.532367 0.497000 0.530435 0.502500 0.532367 0.506500 0.540097 0.512500 0.546860 0.514000 0.563285 0.514500 0.588406 0.509500 0.593237 0.506500 0.595169 0.500000 0.590338 0.494500 0.577778 0.492000 0.558454 0.483500
0 0.646377 0.495000 0.626087 0.488000 0.615459 0.488500 0.608696 0.490500 0.602899 0.493500 0.596135 0.501000 0.594203 0.507000 0.591304 0.509500 0.594203 0.515000 0.600966 0.517500 0.607729 0.518000 0.632850 0.515000 0.640580 0.512000 0.648309 0.506000 0.650242 0.501500
0 0.551691 0.470000 0.548792 0.472500 0.548792 0.475500 0.552657 0.480000 0.576812 0.492000 0.590338 0.494000 0.598068 0.492500 0.604831 0.489000 0.610628 0.482500 0.611594 0.478000 0.606763 0.472500 0.598068 0.468500 0.589372 0.466000 0.577778 0.466000 0.557488 0.468000
0 0.610628 0.467500 0.605797 0.471000 0.622222 0.486500 0.639614 0.493000 0.648309 0.492000 0.654106 0.486500 0.651208 0.477500 0.618357 0.466000
0 0.697585 0.476000 0.687923 0.475000 0.677295 0.477500 0.667633 0.478000 0.655072 0.485000 0.650242 0.490500 0.650242 0.497000 0.656039 0.502500 0.663768 0.506000 0.673430 0.507500 0.683092 0.507500 0.697585 0.505500 0.703382 0.503000 0.707246 0.495500 0.707246 0.484500 0.703382 0.478500
0 0.738164 0.471000 0.714976 0.475000 0.705314 0.479000 0.708213 0.485000 0.716908 0.491500 0.725604 0.495000 0.739130 0.497500 0.746860 0.496500 0.752657 0.493500 0.759420 0.486500 0.760386 0.474500 0.756522 0.473000
0 0.711111 0.445500 0.697585 0.445500 0.685024 0.447500 0.678261 0.450500 0.675362 0.455000 0.675362 0.461500 0.680193 0.469000 0.687923 0.473000 0.700483 0.476500 0.709179 0.476000 0.718841 0.472500 0.726570 0.465500 0.728502 0.461500 0.728502 0.454000 0.726570 0.451500
0 0.618357 0.451000 0.614493 0.455500 0.614493 0.460000 0.619324 0.467000 0.626087 0.470000 0.646377 0.476500 0.663768 0.476500 0.678261 0.472500 0.679227 0.470000 0.673430 0.457500 0.660870 0.449000 0.640580 0.446500 0.630918 0.446500
0 0.578744 0.432000 0.568116 0.435000 0.555556 0.442500 0.553623 0.448500 0.562319 0.455500 0.575845 0.462000 0.584541 0.464000 0.595169 0.464000 0.612560 0.457000 0.616425 0.451500 0.615459 0.444000 0.609662 0.438000 0.602899 0.434000 0.587440 0.431500
0 0.525604 0.448000 0.513043 0.453500 0.509179 0.463500 0.511111 0.467000 0.515942 0.469500 0.532367 0.472000 0.544928 0.471500 0.562319 0.465500 0.566184 0.463000 0.565217 0.459000 0.550725 0.449000 0.543961 0.447000
0 0.480193 0.444500 0.472464 0.447500 0.467633 0.452500 0.465700 0.470000 0.476329 0.478500 0.484058 0.480500 0.492754 0.480500 0.510145 0.476000 0.515942 0.471000 0.510145 0.466500 0.509179 0.463500 0.510145 0.452500 0.505314 0.448000 0.500483 0.446000 0.490821 0.444500
0 0.458937 0.451000 0.450242 0.450500 0.420290 0.458500 0.408696 0.465000 0.404831 0.475000 0.407729 0.480000 0.418357 0.485000 0.427053 0.486500 0.441546 0.486500 0.448309 0.485000 0.458937 0.479000 0.464734 0.470500 0.464734 0.454500
0 0.351691 0.443000 0.346860 0.445500 0.344928 0.449500 0.345894 0.455500 0.351691 0.462000 0.371014 0.471000 0.381643 0.472500 0.390338 0.472500 0.400966 0.467500 0.409662 0.460000 0.409662 0.454000 0.406763 0.449500 0.400000 0.446000 0.381643 0.441500
0 0.353623 0.474000 0.344928 0.478500 0.341063 0.483500 0.342029 0.491000 0.345894 0.494500 0.359420 0.499500 0.371014 0.500000 0.390338 0.498000 0.396135 0.491500 0.395169 0.482000 0.385507 0.474000 0.379710 0.472000 0.371014 0.471000 0.362319 0.471500
0 0.314976 0.458000 0.295652 0.465000 0.288889 0.471500 0.285990 0.477000 0.285024 0.484000 0.287923 0.489500 0.293720 0.492500 0.300483 0.493500 0.316908 0.493500 0.324638 0.492000 0.337198 0.486500 0.340097 0.483000 0.341063 0.476000 0.336232 0.466000 0.323671 0.460000
0 0.256039 0.458000 0.236715 0.468000 0.231884 0.473500 0.230918 0.479500 0.235749 0.485000 0.242512 0.488000 0.256039 0.489500 0.269565 0.489000 0.279227 0.486000 0.284058 0.482500 0.286957 0.476000 0.286957 0.470000 0.282126 0.464500 0.265700 0.458000
0 0.229952 0.497000 0.228986 0.502500 0.231884 0.510000 0.240580 0.515000 0.254106 0.517000 0.267633 0.516500 0.281159 0.513500 0.300483 0.505000 0.303382 0.502500 0.297585 0.494500 0.278261 0.489000 0.237681 0.489000
0 0.223188 0.481500 0.215459 0.480500 0.200000 0.481000 0.190338 0.482500 0.185507 0.485000 0.181643 0.489000 0.180676 0.495000 0.185507 0.505500 0.192271 0.509500 0.198068 0.510500 0.207729 0.510000 0.218357 0.506000 0.227053 0.500500 0.234783 0.489500 0.231884 0.485000
0 0.287923 0.435000 0.279227 0.436500 0.270531 0.442500 0.267633 0.446500 0.266667 0.455500 0.268599 0.459000 0.284058 0.464500 0.293720 0.464500 0.327536 0.453500 0.330435 0.451500 0.331401 0.447000 0.325604 0.442500 0.312077 0.438500 0.296618 0.435500
0 0.368116 0.413000 0.358454 0.413500 0.349758 0.415500 0.343961 0.418500 0.340097 0.423000 0.340097 0.428000 0.343961 0.433000 0.358454 0.441500 0.377778 0.439500 0.385507 0.435000 0.389372 0.429000 0.389372 0.424000 0.384541 0.419000 0.377778 0.415500
0 0.451208 0.424000 0.441546 0.423000 0.411594 0.428000 0.400966 0.436000 0.400000 0.441000 0.402899 0.445000 0.409662 0.448500 0.426087 0.453000 0.438647 0.453000 0.459903 0.449000 0.467633 0.443500 0.467633 0.437000 0.460870 0.428000
0 0.400966 0.403500 0.395169 0.411000 0.395169 0.420000 0.401932 0.424000 0.413527 0.426000 0.436715 0.424000 0.442512 0.422500 0.445411 0.418500 0.445411 0.414500 0.442512 0.408500 0.436715 0.404500 0.430918 0.402000 0.414493 0.398500
0 0.388406 0.378000 0.379710 0.380000 0.375845 0.383000 0.372947 0.390500 0.372947 0.398000 0.389372 0.402500 0.400000 0.402500 0.408696 0.400000 0.412560 0.397500 0.413527 0.384500 0.404831 0.380000 0.399034 0.378500
0 0.322705 0.379000 0.318841 0.384000 0.318841 0.391000 0.321739 0.399500 0.330435 0.405000 0.339130 0.407000 0.353623 0.407000 0.360386 0.405500 0.367150 0.402000 0.371014 0.398000 0.371981 0.387500 0.369082 0.384500 0.363285 0.381500 0.345894 0.377500 0.334300 0.377500
0 0.296618 0.352500 0.288889 0.354500 0.280193 0.360000 0.272464 0.368500 0.272464 0.374000 0.274396 0.377000 0.284058 0.382000 0.290821 0.384000 0.296618 0.384000 0.314976 0.387500 0.318841 0.386500 0.323671 0.379000 0.336232 0.377000 0.335266 0.373000 0.326570 0.369000 0.326570 0.365000 0.320773 0.359000 0.309179 0.354000
0 0.222222 0.349500 0.222222 0.354000 0.230918 0.359500 0.243478 0.362000 0.258937 0.362000 0.272464 0.360500 0.285024 0.356500 0.292754 0.352000 0.293720 0.348000 0.291787 0.343500 0.287923 0.341500 0.269565 0.338500 0.255072 0.333000 0.243478 0.333000 0.230918 0.337500
0 0.171981 0.333500 0.172947 0.338000 0.177778 0.343500 0.193237 0.352000 0.200000 0.353500 0.211594 0.354000 0.221256 0.351000 0.228019 0.340000 0.228019 0.334000 0.224155 0.330500 0.208696 0.327500 0.199034 0.327000 0.178744 0.331000
0 0.261836 0.365000 0.236715 0.364500 0.224155 0.365500 0.212560 0.369500 0.208696 0.374500 0.209662 0.380000 0.215459 0.386000 0.223188 0.390000 0.228986 0.391500 0.236715 0.391500 0.248309 0.388000 0.261836 0.375000 0.264734 0.370000
0 0.184541 0.402500 0.182609 0.406000 0.182609 0.416000 0.185507 0.421000 0.189372 0.423000 0.200000 0.425000 0.226087 0.421000 0.231884 0.419000 0.245411 0.409000 0.244444 0.405000 0.230918 0.400000 0.221256 0.398500 0.198068 0.398000 0.190338 0.399500
0 0.238647 0.426000 0.226087 0.422000 0.211594 0.423000 0.199034 0.426000 0.185507 0.433500 0.183575 0.437000 0.185507 0.445500 0.195169 0.450000 0.206763 0.452000 0.228986 0.451000 0.240580 0.449000 0.244444 0.445000 0.245411 0.431500
0 0.254106 0.455000 0.248309 0.451500 0.241546 0.449500 0.218357 0.451500 0.204831 0.451500 0.191304 0.450000 0.183575 0.451500 0.178744 0.454500 0.179710 0.467000 0.182609 0.470000 0.189372 0.473000 0.198068 0.474000 0.216425 0.473500 0.232850 0.470000 0.253140 0.459000
0 0.382609 0.350500 0.374879 0.350500 0.343961 0.357000 0.339130 0.360000 0.339130 0.365000 0.336232 0.368000 0.330435 0.363500 0.328502 0.364000 0.328502 0.369500 0.336232 0.370000 0.339130 0.374500 0.343961 0.377000 0.366184 0.382000 0.372947 0.381500 0.389372 0.377500 0.397101 0.369500 0.397101 0.364000 0.385507 0.351500
0 0.393237 0.337500 0.362319 0.330500 0.349758 0.330500 0.324638 0.333000 0.313043 0.337000 0.311111 0.341000 0.312077 0.346500 0.315942 0.352000 0.322705 0.356000 0.330435 0.357500 0.344928 0.357000 0.368116 0.352500 0.385507 0.347000 0.393237 0.342500
0 0.388406 0.354500 0.395169 0.361500 0.400966 0.363500 0.408696 0.364000 0.422222 0.362500 0.428019 0.361000 0.453140 0.346000 0.451208 0.341500 0.433816 0.342000 0.421256 0.340500 0.414493 0.338500 0.405797 0.338000 0.397101 0.339500 0.388406 0.346000
0 0.413527 0.318500 0.406763 0.328500 0.406763 0.332000 0.409662 0.336500 0.419324 0.340000 0.429952 0.341500 0.445411 0.341500 0.463768 0.338000 0.471498 0.335000 0.473430 0.330000 0.469565 0.322500 0.450242 0.313500 0.444444 0.312000 0.429952 0.312000 0.420290 0.314500
0 0.400966 0.306000 0.373913 0.307000 0.359420 0.312500 0.355556 0.317500 0.354589 0.323500 0.364251 0.330500 0.381643 0.335000 0.393237 0.335000 0.402899 0.332000 0.410628 0.321500 0.411594 0.315500 0.408696 0.309500
0 0.398068 0.268000 0.390338 0.269000 0.378744 0.274000 0.369082 0.287000 0.365217 0.295000 0.365217 0.300000 0.369082 0.303500 0.375845 0.305500 0.389372 0.306000 0.403865 0.304000 0.413527 0.295000 0.415459 0.290500 0.414493 0.278500 0.411594 0.275000
0 0.374879 0.259000 0.363285 0.255000 0.352657 0.249500 0.343961 0.249000 0.334300 0.253500 0.321739 0.257000 0.317874 0.259500 0.317874 0.277500 0.335266 0.280500 0.345894 0.280500 0.359420 0.278000 0.371014 0.273000 0.375845 0.268000
0 0.348792 0.229500 0.344928 0.231500 0.344928 0.238500 0.349758 0.247500 0.363285 0.254500 0.376812 0.256000 0.384541 0.254500 0.396135 0.250000 0.405797 0.241000 0.403865 0.236000 0.394203 0.229500 0.387440 0.227000 0.379710 0.226000 0.366184 0.226500
0 0.400966 0.248500 0.398068 0.251000 0.399034 0.257500 0.397101 0.264500 0.400966 0.269000 0.412560 0.274000 0.424155 0.274500 0.435749 0.273500 0.456039 0.261000 0.457971 0.257000 0.457005 0.252000 0.450242 0.248500 0.421256 0.244500
0 0.484058 0.259500 0.472464 0.259500 0.454106 0.263500 0.438647 0.274000 0.436715 0.283500 0.446377 0.290000 0.457005 0.293000 0.476329 0.293000 0.481159 0.292000 0.489855 0.287000 0.498551 0.275500 0.492754 0.263500
0 0.481159 0.292500 0.457005 0.294000 0.445411 0.296500 0.442512 0.298500 0.441546 0.308000 0.444444 0.311500 0.465700 0.321000 0.469565 0.321500 0.482126 0.320500 0.490821 0.317500 0.500483 0.307000 0.499517 0.299500 0.489855 0.294500
0 0.344928 0.304500 0.329469 0.305500 0.306280 0.305000 0.297585 0.311500 0.297585 0.316500 0.301449 0.323000 0.311111 0.329500 0.320773 0.332500 0.339130 0.331500 0.345894 0.329500 0.353623 0.324000 0.357488 0.314500 0.356522 0.310000
0 0.311111 0.280000 0.305314 0.283000 0.303382 0.286500 0.303382 0.295500 0.307246 0.301500 0.318841 0.305000 0.333333 0.305000 0.344928 0.303000 0.354589 0.295500 0.352657 0.289500 0.340097 0.283500 0.330435 0.280500 0.323671 0.279500
0 0.315942 0.259000 0.297585 0.255500 0.288889 0.255500 0.266667 0.260000 0.260870 0.266000 0.260870 0.273000 0.264734 0.278500 0.275362 0.283500 0.284058 0.285500 0.292754 0.285500 0.303382 0.283500 0.316908 0.276000 0.318841 0.267000
0 0.202899 0.264500 0.195169 0.273000 0.194203 0.280000 0.198068 0.285000 0.206763 0.289500 0.215459 0.291500 0.231884 0.291500 0.244444 0.289000 0.259903 0.283500 0.261836 0.278500 0.255072 0.268500 0.248309 0.264500 0.224155 0.260000 0.215459 0.260000
0 0.222222 0.299500 0.209662 0.302000 0.201932 0.306000 0.197101 0.311500 0.196135 0.318000 0.200000 0.323000 0.207729 0.327500 0.215459 0.329000 0.228019 0.329500 0.251208 0.325500 0.258937 0.320500 0.259903 0.315500 0.257971 0.309000 0.251208 0.304500 0.236715 0.300500
0 0.300483 0.293500 0.282126 0.290500 0.274396 0.291500 0.268599 0.294500 0.260870 0.306000 0.268599 0.315500 0.272464 0.316500 0.285024 0.316500 0.303382 0.304500 0.305314 0.298000
0 0.264734 0.319000 0.257005 0.322500 0.254106 0.325500 0.256039 0.333500 0.272464 0.339500 0.283092 0.341000 0.290821 0.340000 0.304348 0.330500 0.305314 0.326000 0.302415 0.323000 0.294686 0.319000 0.285990 0.317500 0.272464 0.317500
0 0.224155 0.242500 0.201932 0.238500 0.181643 0.242500 0.176812 0.245000 0.171014 0.252000 0.171014 0.257000 0.175845 0.261500 0.185507 0.265000 0.195169 0.264500 0.227053 0.257000 0.234783 0.251500 0.231884 0.247000
0 0.240580 0.211000 0.229952 0.210500 0.221256 0.212500 0.207729 0.213500 0.199034 0.215500 0.192271 0.219000 0.187440 0.224500 0.188406 0.229500 0.200000 0.238000 0.215459 0.241000 0.226087 0.241500 0.232850 0.240000 0.244444 0.234000 0.249275 0.225500 0.249275 0.220000 0.244444 0.213000
0 0.178744 0.184000 0.170048 0.191000 0.167150 0.196000 0.169082 0.203500 0.177778 0.208500 0.199034 0.214000 0.215459 0.213000 0.233816 0.208500 0.237681 0.205000 0.237681 0.199500 0.234783 0.194500 0.229952 0.191000 0.195169 0.181500 0.185507 0.181500
0 0.173913 0.144500 0.164251 0.149000 0.162319 0.151500 0.162319 0.156500 0.166184 0.162000 0.176812 0.168000 0.190338 0.169000 0.202899 0.168500 0.214493 0.159000 0.215459 0.153000 0.212560 0.148500 0.200966 0.143500 0.185507 0.142500
0 0.239614 0.119500 0.234783 0.117000 0.216425 0.113500 0.201932 0.116000 0.196135 0.119500 0.180676 0.135000 0.181643 0.140500 0.185507 0.142000 0.196135 0.143000 0.218357 0.142500 0.226087 0.141000 0.242512 0.130500 0.243478 0.125000
0 0.260870 0.130000 0.240580 0.133000 0.229952 0.139000 0.228019 0.144000 0.233816 0.151000 0.242512 0.155500 0.255072 0.159500 0.261836 0.160000 0.276329 0.156000 0.284058 0.146500 0.284058 0.138500 0.281159 0.134000 0.277295 0.132000
0 0.257005 0.165000 0.257005 0.166500 0.273430 0.173500 0.289855 0.177500 0.301449 0.177500 0.314976 0.171500 0.317874 0.167500 0.317874 0.164000 0.310145 0.157500 0.301449 0.155500 0.276329 0.157000 0.264734 0.160500
0 0.269565 0.176500 0.256039 0.189000 0.255072 0.194000 0.258937 0.199000 0.266667 0.203500 0.283092 0.205500 0.292754 0.205500 0.300483 0.204000 0.306280 0.201500 0.308213 0.199000 0.304348 0.186000 0.287923 0.177000 0.280193 0.175500
0 0.250242 0.164000 0.235749 0.163500 0.223188 0.167000 0.214493 0.172000 0.205797 0.181500 0.208696 0.185500 0.230918 0.190000 0.255072 0.188000 0.265700 0.177500 0.257005 0.167500
0 0.255072 0.212000 0.257005 0.220500 0.268599 0.231000 0.279227 0.233500 0.289855 0.233500 0.303382 0.230000 0.324638 0.217000 0.323671 0.212000 0.308213 0.205500 0.299517 0.204500 0.293720 0.205500 0.267633 0.204500 0.260870 0.206000
0 0.292754 0.234500 0.260870 0.232500 0.243478 0.235000 0.236715 0.239000 0.234783 0.242000 0.235749 0.248500 0.240580 0.253000 0.252174 0.259000 0.260870 0.261000 0.282126 0.256000 0.295652 0.245500 0.297585 0.239500
0 0.306280 0.230000 0.295652 0.235500 0.296618 0.242000 0.293720 0.250000 0.295652 0.253500 0.302415 0.256500 0.316908 0.257500 0.329469 0.254500 0.339130 0.250500 0.341063 0.243500 0.338164 0.239000 0.331401 0.235500 0.314976 0.230500
0 0.327536 0.213000 0.324638 0.220000 0.326570 0.225000 0.330435 0.227500 0.343961 0.230000 0.380676 0.225000 0.388406 0.221000 0.386473 0.216500 0.371014 0.207500 0.353623 0.202500 0.344928 0.203000 0.336232 0.206000
0 0.364251 0.179000 0.348792 0.177000 0.333333 0.176500 0.316908 0.180500 0.309179 0.185500 0.307246 0.188500 0.308213 0.195000 0.312077 0.200000 0.327536 0.204500 0.337198 0.204500 0.352657 0.200500 0.365217 0.194000 0.367150 0.189000 0.366184 0.180500
0 0.334300 0.155500 0.318841 0.165500 0.317874 0.172000 0.320773 0.177500 0.345894 0.177000 0.367150 0.180500 0.375845 0.178500 0.380676 0.174500 0.381643 0.168000 0.379710 0.164000 0.367150 0.155500 0.355556 0.152500 0.347826 0.152500
0 0.289855 0.142500 0.288889 0.147000 0.292754 0.152000 0.296618 0.154000 0.306280 0.155500 0.328502 0.155000 0.340097 0.153500 0.346860 0.151000 0.348792 0.147500 0.347826 0.142000 0.340097 0.135000 0.333333 0.132500 0.325604 0.131500 0.312077 0.131500 0.301449 0.134000 0.295652 0.136500
0 0.403865 0.125500 0.391304 0.120500 0.380676 0.120500 0.354589 0.123000 0.340097 0.128000 0.338164 0.130500 0.339130 0.134500 0.345894 0.140000 0.352657 0.143000 0.359420 0.144500 0.368116 0.144000 0.382609 0.139000 0.404831 0.127000
0 0.389372 0.136500 0.371981 0.144000 0.368116 0.150000 0.368116 0.154500 0.373913 0.159500 0.381643 0.163000 0.400000 0.164000 0.410628 0.162500 0.416425 0.158500 0.410628 0.145500 0.397101 0.137000
0 0.454106 0.133500 0.440580 0.131000 0.427053 0.131000 0.414493 0.134500 0.410628 0.139500 0.410628 0.146000 0.414493 0.155500 0.420290 0.163000 0.428019 0.162500 0.442512 0.158000 0.457005 0.148500 0.459903 0.144500 0.459903 0.137500
0 0.417391 0.164000 0.413527 0.163000 0.403865 0.163500 0.391304 0.167500 0.372947 0.182500 0.371981 0.186000 0.374879 0.190500 0.384541 0.191500 0.420290 0.188500 0.427053 0.186500 0.430918 0.182500 0.429952 0.172500
0 0.422222 0.189500 0.411594 0.189000 0.390338 0.191000 0.376812 0.194500 0.371014 0.200000 0.371014 0.206000 0.377778 0.211500 0.388406 0.216000 0.397101 0.217500 0.410628 0.215500 0.418357 0.209500 0.427053 0.197500
0 0.398068 0.218500 0.395169 0.220000 0.395169 0.225500 0.400000 0.233000 0.423188 0.244500 0.432850 0.246500 0.446377 0.247000 0.461836 0.238500 0.466667 0.231500 0.466667 0.225000 0.459903 0.220000 0.426087 0.215500 0.413527 0.215500
0 0.448309 0.192000 0.429952 0.197000 0.423188 0.203000 0.421256 0.210000 0.434783 0.217000 0.458937 0.219500 0.465700 0.217000 0.468599 0.213500 0.476329 0.210000 0.478261 0.205000 0.474396 0.200000 0.467633 0.196500 0.453140 0.192000
0 0.434783 0.171000 0.431884 0.173000 0.430918 0.177500 0.432850 0.181500 0.464734 0.196000 0.469565 0.195500 0.484058 0.183000 0.485990 0.179500 0.484058 0.174000 0.467633 0.171500 0.458937 0.169000 0.440580 0.169500
0 0.458937 0.148000 0.452174 0.151500 0.447343 0.156500 0.448309 0.161000 0.455072 0.166500 0.464734 0.171000 0.477295 0.173000 0.488889 0.172500 0.496618 0.170500 0.500483 0.168500 0.502415 0.165000 0.500483 0.159000 0.479227 0.148000 0.474396 0.147000
0 0.528502 0.131000 0.512077 0.130500 0.498551 0.131500 0.490821 0.133500 0.481159 0.138000 0.479227 0.142000 0.481159 0.149000 0.503382 0.160000 0.513043 0.160500 0.522705 0.159000 0.532367 0.155500 0.538164 0.150500 0.538164 0.137500 0.535266 0.133000
0 0.469565 0.232500 0.466667 0.236000 0.468599 0.240000 0.478261 0.249500 0.485024 0.252500 0.497585 0.254500 0.517874 0.254500 0.526570 0.252000 0.534300 0.242000 0.534300 0.228000 0.530435 0.226000 0.493720 0.225000
0 0.503382 0.195500 0.491787 0.200000 0.486957 0.207500 0.487923 0.213000 0.495652 0.221000 0.500483 0.223500 0.508213 0.225000 0.522705 0.225000 0.533333 0.223000 0.546860 0.214000 0.546860 0.208500 0.543961 0.205000 0.532367 0.198500 0.518841 0.198000
0 0.546860 0.165500 0.536232 0.164000 0.521739 0.164500 0.506280 0.168500 0.499517 0.172000 0.496618 0.176000 0.497585 0.185500 0.503382 0.192000 0.514976 0.197000 0.527536 0.197500 0.534300 0.196000 0.553623 0.186000 0.557488 0.182000 0.558454 0.173500 0.555556 0.169500
0 0.545894 0.139000 0.540097 0.141500 0.540097 0.147500 0.546860 0.164000 0.559420 0.171500 0.565217 0.172000 0.571981 0.171000 0.584541 0.164000 0.589372 0.158500 0.590338 0.150000 0.584541 0.142000 0.579710 0.140000
0 0.591304 0.148000 0.590338 0.153000 0.595169 0.159500 0.602899 0.164500 0.613527 0.167500 0.635749 0.168000 0.645411 0.162500 0.649275 0.158500 0.652174 0.151000 0.647343 0.143500 0.639614 0.140500 0.621256 0.139500
0 0.600966 0.170500 0.590338 0.177000 0.588406 0.180500 0.592271 0.187000 0.599034 0.190500 0.609662 0.192500 0.627053 0.192000 0.632850 0.191000 0.641546 0.187000 0.644444 0.183000 0.644444 0.174500 0.639614 0.170000 0.635749 0.169000 0.607729 0.168500
0 0.577778 0.177500 0.558454 0.183500 0.551691 0.190000 0.548792 0.198000 0.550725 0.203000 0.556522 0.207500 0.574879 0.209500 0.585507 0.209500 0.593237 0.207500 0.600000 0.204000 0.603865 0.195500 0.601932 0.192500 0.593237 0.188000 0.587440 0.179500 0.582609 0.177500
0 0.555556 0.209500 0.548792 0.212000 0.540097 0.220000 0.539130 0.232500 0.542995 0.236000 0.566184 0.237500 0.578744 0.235000 0.582609 0.233000 0.592271 0.220500 0.589372 0.216000 0.582609 0.211500 0.566184 0.209500
0 0.587440 0.235000 0.578744 0.234500 0.566184 0.237000 0.541063 0.237000 0.538164 0.245000 0.542029 0.250500 0.546860 0.253000 0.561353 0.256000 0.573913 0.255000 0.588406 0.245500 0.589372 0.238000
0 0.536232 0.255500 0.529469 0.261000 0.527536 0.268500 0.529469 0.275000 0.541063 0.282000 0.548792 0.283000 0.562319 0.282000 0.577778 0.278500 0.586473 0.270000 0.586473 0.265000 0.581643 0.260000 0.549758 0.253500 0.541063 0.253500
0 0.528502 0.275000 0.509179 0.274500 0.502415 0.275500 0.497585 0.278000 0.490821 0.288500 0.491787 0.294500 0.497585 0.298000 0.501449 0.299000 0.512077 0.299000 0.525604 0.297000 0.533333 0.294000 0.539130 0.288000 0.540097 0.283000 0.534300 0.277500
0 0.586473 0.280500 0.583575 0.279500 0.574879 0.279500 0.548792 0.285000 0.542995 0.289000 0.538164 0.297500 0.539130 0.300000 0.542029 0.301500 0.579710 0.301500 0.589372 0.295000
0 0.600966 0.269500 0.593237 0.272500 0.587440 0.279000 0.590338 0.293000 0.599034 0.300500 0.608696 0.302500 0.617391 0.302500 0.626087 0.297500 0.638647 0.283500 0.637681 0.276000 0.628019 0.270000
0 0.593237 0.249000 0.589372 0.254500 0.590338 0.260500 0.594203 0.265000 0.601932 0.267000 0.617391 0.269000 0.630918 0.269000 0.648309 0.265500 0.655072 0.260000 0.656039 0.255500 0.653140 0.251000 0.646377 0.248000 0.627053 0.243000 0.607729 0.243000
0 0.605797 0.215500 0.594203 0.220500 0.591304 0.224500 0.593237 0.235000 0.598068 0.238500 0.604831 0.240500 0.627053 0.241000 0.635749 0.239500 0.654106 0.231000 0.661836 0.225000 0.649275 0.219000 0.628019 0.214000
0 0.668599 0.187500 0.657005 0.187000 0.643478 0.188500 0.634783 0.191000 0.626087 0.196500 0.623188 0.200500 0.624155 0.209500 0.628019 0.213000 0.637681 0.216500 0.645411 0.218000 0.657005 0.218000 0.674396 0.211500 0.678261 0.206500 0.678261 0.193000
0 0.568116 0.108500 0.551691 0.116000 0.548792 0.119000 0.545894 0.126000 0.547826 0.131000 0.553623 0.136000 0.563285 0.139000 0.579710 0.140000 0.595169 0.139000 0.600966 0.136500 0.606763 0.131000 0.606763 0.125000 0.600966 0.117500 0.586473 0.110500 0.572947 0.108000
0 0.209662 0.094500 0.206763 0.099000 0.207729 0.107000 0.220290 0.113500 0.233816 0.114000 0.247343 0.113000 0.265700 0.109000 0.267633 0.107500 0.265700 0.100000 0.248309 0.092000 0.240580 0.090500 0.220290 0.090500 0.213527 0.092000
0 0.320773 0.114000 0.313043 0.109000 0.307246 0.107500 0.268599 0.109000 0.254106 0.112500 0.249275 0.116000 0.248309 0.119500 0.250242 0.123000 0.264734 0.129000 0.300483 0.132000 0.314976 0.129500 0.320773 0.123000
0 0.313043 0.087000 0.302415 0.091500 0.298551 0.095500 0.298551 0.100000 0.302415 0.105000 0.321739 0.113000 0.337198 0.113000 0.350725 0.106000 0.356522 0.100500 0.357488 0.094500 0.355556 0.091000 0.347826 0.087000 0.339130 0.085500 0.323671 0.085500
0 0.424155 0.096500 0.406763 0.099000 0.393237 0.103500 0.389372 0.106500 0.389372 0.113000 0.401932 0.122500 0.421256 0.128500 0.428986 0.129000 0.435749 0.128000 0.441546 0.125000 0.449275 0.115500 0.449275 0.110000 0.447343 0.105000 0.440580 0.099000 0.434783 0.097000
0 0.454106 0.108500 0.451208 0.111000 0.454106 0.123500 0.458937 0.128500 0.472464 0.135000 0.482126 0.135500 0.507246 0.129500 0.514976 0.123500 0.516908 0.119500 0.514976 0.114500 0.510145 0.110000 0.498551 0.105000 0.461836 0.105000
0 0.620290 0.115500 0.616425 0.122000 0.616425 0.129500 0.618357 0.133500 0.625121 0.138500 0.636715 0.140000 0.649275 0.140000 0.663768 0.136500 0.672464 0.132500 0.677295 0.127500 0.676329 0.125000 0.668599 0.122500 0.652174 0.114000 0.641546 0.112000 0.628986 0.112000
0 0.686957 0.101500 0.677295 0.102500 0.651208 0.110500 0.653140 0.114500 0.668599 0.122500 0.677295 0.124500 0.686957 0.124000 0.692754 0.122000 0.701449 0.111500 0.701449 0.106000 0.696618 0.103500
0 0.704348 0.134000 0.698551 0.132500 0.678261 0.133000 0.666667 0.137000 0.658937 0.148000 0.658937 0.155500 0.663768 0.159000 0.670531 0.161000 0.688889 0.159000 0.707246 0.152000 0.712077 0.147500 0.712077 0.139000
0 0.662802 0.227000 0.657971 0.234000 0.657971 0.241000 0.666667 0.245000 0.692754 0.250500 0.703382 0.250500 0.723671 0.244000 0.726570 0.240000 0.715942 0.231500 0.707246 0.229500 0.702415 0.227000 0.684058 0.224000 0.670531 0.224000
0 0.738164 0.217000 0.717874 0.223000 0.715942 0.224500 0.715942 0.230500 0.728502 0.241500 0.740097 0.247000 0.754589 0.250500 0.772947 0.239000 0.775845 0.234000 0.774879 0.228500 0.770048 0.222500 0.761353 0.218500 0.748792 0.216500
0 0.818357 0.210500 0.805797 0.210000 0.774879 0.215000 0.771981 0.223500 0.775845 0.230000 0.784541 0.237500 0.798068 0.240000 0.807729 0.239500 0.815459 0.237500 0.824155 0.233000 0.829952 0.227000 0.832850 0.220000 0.829952 0.215000
0 0.769082 0.241500 0.763285 0.244500 0.758454 0.251000 0.759420 0.256500 0.763285 0.261500 0.769082 0.264000 0.787440 0.266000 0.796135 0.266000 0.802899 0.264500 0.809662 0.261000 0.812560 0.254500 0.812560 0.249000 0.807729 0.242500 0.801932 0.240500 0.787440 0.238500 0.781643 0.238500
0 0.829952 0.262500 0.817391 0.262500 0.805797 0.264000 0.793237 0.268000 0.785507 0.272500 0.782609 0.277500 0.785507 0.284000 0.797101 0.290000 0.805797 0.292500 0.822222 0.292500 0.834783 0.286000 0.836715 0.281000 0.835749 0.267500
0 0.846377 0.293500 0.838647 0.289000 0.833816 0.289000 0.821256 0.293000 0.813527 0.293500 0.802899 0.296000 0.789372 0.302000 0.784541 0.308500 0.785507 0.313000 0.800000 0.315000 0.806763 0.318000 0.813527 0.319000 0.842512 0.314000 0.852174 0.307000 0.850242 0.299000
0 0.769082 0.289500 0.758454 0.294500 0.745894 0.298000 0.744928 0.303000 0.758454 0.310500 0.777778 0.311500 0.785507 0.307500 0.789372 0.303000 0.789372 0.298000 0.780676 0.291500
0 0.213527 0.000000 0.213527 0.002500 0.218357 0.006000 0.229952 0.009000 0.252174 0.007500 0.259903 0.002500 0.259903 0.000000
0 0.255072 0.005500 0.257005 0.009000 0.260870 0.011000 0.291787 0.017500 0.309179 0.017500 0.314976 0.016000 0.319807 0.011500 0.319807 0.004500 0.316908 0.000000 0.260870 0.000000 0.260870 0.001500
0 0.316908 0.000000 0.316908 0.002500 0.324638 0.007500 0.335266 0.010000 0.346860 0.010000 0.353623 0.008500 0.365217 0.002000 0.365217 0.000000
0 0.383575 0.000000 0.383575 0.003000 0.391304 0.010500 0.397101 0.013500 0.404831 0.015000 0.413527 0.014500 0.420290 0.012500 0.438647 0.002000 0.438647 0.000000
0 0.889855 0.012500 0.870531 0.011500 0.859903 0.013000 0.853140 0.016000 0.850242 0.021000 0.852174 0.037000 0.855072 0.040000 0.865700 0.044500 0.879227 0.043500 0.890821 0.036000 0.896618 0.026000 0.897585 0.018500 0.895652 0.014500
0 0.170048 0.000000 0.170048 0.001500 0.162319 0.006000 0.160386 0.009500 0.161353 0.015500 0.171014 0.022500 0.191304 0.026500 0.200966 0.025500 0.208696 0.023000 0.214493 0.020000 0.220290 0.014000 0.220290 0.006500 0.213527 0.000000
0 0.413527 0.016000 0.401932 0.019500 0.391304 0.025500 0.389372 0.033500 0.397101 0.040500 0.405797 0.044500 0.422222 0.046500 0.437681 0.045500 0.447343 0.042000 0.450242 0.038500 0.453140 0.030000 0.450242 0.025000 0.440580 0.019000 0.430918 0.016500 0.422222 0.015500
0 0.355556 0.025000 0.337198 0.024000 0.322705 0.025000 0.314010 0.027000 0.304348 0.032000 0.300483 0.036500 0.301449 0.044500 0.311111 0.053500 0.319807 0.058000 0.327536 0.059500 0.338164 0.059000 0.346860 0.055000 0.352657 0.050500 0.360386 0.041500 0.362319 0.035000 0.361353 0.027500
0 0.262802 0.012000 0.253140 0.012000 0.239614 0.014500 0.233816 0.021500 0.233816 0.036500 0.245411 0.044500 0.254106 0.046000 0.263768 0.045500 0.269565 0.044000 0.280193 0.037500 0.286957 0.029500 0.285990 0.022500 0.280193 0.017000 0.275362 0.014500
0 0.192271 0.030500 0.184541 0.032500 0.170048 0.039000 0.165217 0.043500 0.164251 0.049000 0.178744 0.058000 0.199034 0.063000 0.210628 0.063000 0.228019 0.055000 0.228019 0.045000 0.223188 0.039000 0.216425 0.034500 0.201932 0.030500
0 0.178744 0.059000 0.158454 0.066000 0.150725 0.076000 0.151691 0.085000 0.155556 0.090000 0.160386 0.093000 0.175845 0.095500 0.194203 0.094500 0.204831 0.092500 0.212560 0.088500 0.215459 0.084000 0.214493 0.076000 0.204831 0.066000 0.195169 0.062000
0 0.224155 0.067000 0.216425 0.075500 0.217391 0.085000 0.223188 0.089000 0.260870 0.089000 0.273430 0.084500 0.270531 0.072000 0.257971 0.066500 0.246377 0.063000 0.235749 0.063000
0 0.284058 0.057500 0.276329 0.060500 0.271498 0.066500 0.270531 0.076000 0.275362 0.082500 0.288889 0.087500 0.300483 0.088000 0.315942 0.086000 0.335266 0.076000 0.338164 0.072000 0.333333 0.070000 0.324638 0.062000 0.301449 0.057000 0.290821 0.056500
0 0.373913 0.057500 0.356522 0.060500 0.344928 0.067500 0.342995 0.076500 0.346860 0.081000 0.352657 0.084000 0.370048 0.088000 0.379710 0.088500 0.386473 0.087500 0.395169 0.083500 0.398068 0.071500 0.396135 0.065500 0.392271 0.061500 0.383575 0.058000
0 0.420290 0.059000 0.400000 0.069000 0.398068 0.078000 0.400966 0.087000 0.404831 0.091000 0.412560 0.095000 0.418357 0.096000 0.444444 0.095000 0.452174 0.091500 0.457005 0.084000 0.452174 0.070500 0.440580 0.062000 0.428986 0.059000