0 0.451149 0.382226 0.447318 0.384383 0.444444 0.394305 0.446360 0.396894 0.455939 0.400777 0.481801 0.405522 0.492337 0.405953 0.505747 0.403365 0.514368 0.399051 0.516284 0.393011 0.513410 0.388266 0.491379 0.379206 0.486590 0.378343 0.469349 0.378775
0 0.551724 0.852890 0.524904 0.856773 0.519157 0.861087 0.517241 0.867558 0.523946 0.878343 0.527778 0.881363 0.533525 0.883952 0.554598 0.887403 0.567050 0.886540 0.581418 0.881363 0.582375 0.864538 0.579502 0.860224 0.570881 0.856773 0.566571 0.855565 0.560345 0.853322
0 0.223180 0.407679 0.213602 0.409405 0.204598 0.411346 0.189368 0.413805 0.185824 0.414150 0.177586 0.417860 0.177586 0.422476 0.180172 0.425971 0.186877 0.429594 0.187548 0.430802 0.197318 0.432269 0.204981 0.435720 0.220307 0.436152 0.239464 0.434426 0.249042 0.427524 0.250000 0.423641 0.240421 0.412425 0.230843 0.408973
0 0.355364 0.400345 0.344061 0.407808 0.346743 0.415876 0.352490 0.420190 0.369732 0.425367 0.378352 0.424935 0.387931 0.422778 0.407088 0.422347 0.414751 0.420621 0.417625 0.417601 0.417625 0.409405 0.413793 0.406385 0.401437 0.401855 0.392720 0.400345 0.379981 0.397239 0.365517 0.397368
0 0.433238 0.403969 0.429406 0.413762 0.428257 0.421700 0.439655 0.427955 0.452107 0.428387 0.461686 0.430112 0.464559 0.431838 0.475096 0.432701 0.482759 0.430544 0.493295 0.425367 0.501916 0.424072 0.501916 0.418896 0.497126 0.412425 0.485632 0.406816 0.466475 0.403365 0.455077 0.401381 0.449808 0.401035 0.442529 0.401381
0 0.509579 0.462468 0.490421 0.469370 0.487548 0.474978 0.493295 0.482744 0.503831 0.487058 0.518199 0.489646 0.530651 0.486626 0.544061 0.481450 0.545977 0.474116 0.543103 0.469802 0.537356 0.466782 0.532663 0.462813 0.521073 0.462468
0 0.589080 0.411562 0.574713 0.411130 0.568966 0.411993 0.564464 0.414754 0.560345 0.417601 0.552586 0.420923 0.551724 0.425798 0.549808 0.430112 0.551724 0.438309 0.568966 0.447368 0.596743 0.442623 0.602490 0.439603 0.608238 0.432701 0.609195 0.423641 0.606322 0.418464 0.598659 0.414150
0 0.564176 0.390423 0.550766 0.389129 0.531609 0.391286 0.519157 0.396462 0.510441 0.400518 0.508621 0.404659 0.507663 0.409405 0.509579 0.411993 0.516284 0.416739 0.534483 0.423641 0.550766 0.421915 0.561303 0.415013 0.572797 0.409836 0.578544 0.404659 0.570881 0.392148
0 0.438697 0.510354 0.430077 0.510483 0.423851 0.513374 0.420498 0.515962 0.419540 0.524159 0.444444 0.537964 0.455939 0.540984 0.466475 0.540984 0.485632 0.533650 0.486590 0.529767 0.490421 0.525884 0.488506 0.521139 0.481801 0.517256 0.467433 0.513374 0.459962 0.510267 0.450192 0.510354
0 0.554598 0.524590 0.545019 0.520708 0.535441 0.518982 0.497701 0.522304 0.495211 0.525453 0.490421 0.529336 0.488218 0.536756 0.499042 0.540984 0.519157 0.542709 0.539272 0.538827 0.553640 0.534081
0 0.639847 0.473253 0.624521 0.477567 0.619732 0.481018 0.618774 0.490509 0.623563 0.497412 0.629310 0.501294 0.632950 0.504314 0.642720 0.506040 0.659962 0.507765 0.669540 0.507334 0.674330 0.505177 0.678161 0.498706 0.678161 0.489646 0.674330 0.483175 0.660920 0.474547 0.651341 0.473253
0 0.922414 0.482744 0.912835 0.485332 0.894061 0.491846 0.895019 0.500000 0.899042 0.505134 0.911877 0.507334 0.922414 0.509922 0.935824 0.510785 0.941571 0.509922 0.950192 0.506471 0.953065 0.503020 0.953065 0.498274 0.947318 0.489215 0.934866 0.484038
0 0.741379 0.502588 0.730843 0.506040 0.724138 0.511217 0.721264 0.515531 0.721264 0.522433 0.732088 0.530414 0.749042 0.533650 0.761494 0.533218 0.773946 0.528904 0.778736 0.524676 0.783525 0.520708 0.781609 0.512942 0.770115 0.505177 0.752874 0.502157
0 0.393678 0.798533 0.381226 0.802416 0.375766 0.805349 0.370690 0.810181 0.369732 0.817256 0.383142 0.822951 0.395594 0.826575 0.403257 0.827437 0.412835 0.827006 0.432950 0.817947 0.434866 0.812338 0.432950 0.806299 0.413793 0.799396
0 0.442720 0.806212 0.442529 0.812338 0.444444 0.817947 0.452299 0.823123 0.455939 0.824849 0.460728 0.827869 0.464559 0.831320 0.473180 0.836066 0.484674 0.835634 0.487548 0.834340 0.488506 0.829163 0.492337 0.826143 0.492337 0.817947 0.488506 0.814064 0.487548 0.810181 0.477969 0.806299 0.463602 0.805867
0 0.533525 0.888266 0.517241 0.890423 0.511494 0.892580 0.506705 0.896031 0.506705 0.900777 0.517241 0.912425 0.525862 0.916739 0.537356 0.918033 0.546935 0.916739 0.561303 0.911130 0.567816 0.906255 0.566475 0.903926 0.566858 0.900561 0.559387 0.896031 0.549808 0.891286
0 0.509579 0.772217 0.500000 0.773080 0.487548 0.779120 0.473180 0.790336 0.464272 0.802028 0.476245 0.805004 0.490421 0.802847 0.508621 0.802416 0.525862 0.796376 0.535441 0.791199 0.537356 0.786454 0.533525 0.781277 0.522989 0.775237
0 0.551724 0.783865 0.544061 0.786885 0.537069 0.790552 0.534483 0.792925 0.527969 0.797023 0.531609 0.803279 0.542146 0.807161 0.576628 0.810181 0.586207 0.808887 0.596743 0.802847 0.589080 0.790336 0.578544 0.786022 0.561303 0.782571
0 0.931034 0.861519 0.916667 0.861950 0.904215 0.864970 0.900383 0.867990 0.897510 0.874461 0.898467 0.880932 0.909962 0.886540 0.925287 0.888697 0.943487 0.886109 0.954981 0.881795 0.958812 0.878343 0.958812 0.874461 0.960728 0.867127 0.943487 0.863676
0 0.662835 0.782571 0.656130 0.780846 0.638889 0.780846 0.618774 0.783003 0.605364 0.786022 0.595785 0.794651 0.596743 0.798965 0.602682 0.803192 0.613027 0.806299 0.621648 0.807593 0.640805 0.808024 0.653257 0.806730 0.665709 0.803279 0.670498 0.799396 0.667625 0.786022
0 0.574425 0.813072 0.568008 0.818507 0.567720 0.825410 0.574425 0.831967 0.585249 0.832744 0.594828 0.833046 0.627395 0.831752 0.637931 0.830026 0.642720 0.823555 0.642720 0.817947 0.638889 0.812338 0.623563 0.809750 0.594828 0.809318
0 0.538314 0.834771 0.538314 0.836928 0.542146 0.845557 0.551724 0.849871 0.568008 0.854185 0.576628 0.855047 0.590038 0.852890 0.596743 0.848145 0.601533 0.842105 0.599617 0.836928 0.596743 0.834771 0.591954 0.833477 0.564176 0.830889 0.551724 0.831320
0 0.995211 0.574202 0.977011 0.580673 0.973180 0.586713 0.973180 0.593184 0.976054 0.597066 0.981801 0.599655 0.995211 0.603106 1.000000 0.603106 1.000000 0.574202
0 0.930077 0.677308 0.918582 0.682053 0.916667 0.686799 0.933908 0.702330 0.942529 0.706212 0.953065 0.705349 0.970307 0.700173 0.975096 0.696721 0.975096 0.692839 0.953065 0.681191 0.943487 0.677739
0 0.602490 0.841674 0.600096 0.845643 0.597222 0.849439 0.592912 0.853753 0.594157 0.856557 0.603448 0.858067 0.636973 0.864107 0.647510 0.863676 0.654215 0.861519 0.659004 0.858067 0.660920 0.852459 0.659962 0.849439 0.648467 0.841242 0.631226 0.837791 0.619732 0.837791
0 0.664751 0.723037 0.653257 0.726488 0.646552 0.731665 0.645594 0.737274 0.647510 0.744176 0.659004 0.748921 0.670498 0.749784 0.687739 0.748921 0.701149 0.742882 0.701149 0.735116 0.693487 0.729077 0.682950 0.724331 0.674330 0.722606
0 0.586207 0.865833 0.583716 0.879249 0.592912 0.881363 0.614943 0.883520 0.630268 0.883520 0.648467 0.880069 0.655172 0.877049 0.653257 0.873167 0.639847 0.864970 0.629310 0.862813 0.621648 0.861389 0.613027 0.859793 0.604406 0.859362 0.599617 0.860224
0 0.924330 0.646678 0.903257 0.651855 0.900383 0.656601 0.902299 0.662209 0.909962 0.668680 0.924330 0.675582 0.944444 0.676877 0.953065 0.674720 0.963602 0.666954 0.964559 0.657895 0.959770 0.654443 0.942529 0.647541 0.936782 0.646247
0 0.853448 0.638050 0.843870 0.643227 0.838123 0.650129 0.838123 0.657463 0.843870 0.663072 0.851533 0.666523 0.865900 0.668680 0.886015 0.668680 0.891762 0.667817 0.898467 0.660915 0.895594 0.650561 0.899425 0.645384 0.896552 0.640207 0.881226 0.635893 0.872605 0.635893
0 0.995211 0.664797 0.995211 0.678171 1.000000 0.678171 1.000000 0.664797
0 0.670881 0.918335 0.665805 0.923512 0.667912 0.932226 0.671456 0.933434 0.680077 0.935720 0.696360 0.939603 0.713602 0.939603 0.717433 0.938309 0.727969 0.937446 0.732759 0.935720 0.734674 0.919758 0.728927 0.915876 0.717433 0.911993 0.711686 0.911130 0.691571 0.911993
0 0.759579 0.911562 0.747126 0.915013 0.739847 0.919931 0.739464 0.927092 0.740421 0.932701 0.745211 0.935720 0.758621 0.939603 0.786398 0.939603 0.790230 0.935720 0.787165 0.919931 0.779693 0.913719 0.770115 0.911562
0 0.717529 0.884383 0.716954 0.887705 0.706418 0.894909 0.711207 0.909232 0.722701 0.913891 0.740421 0.914150 0.751916 0.913287 0.755747 0.911130 0.756705 0.903365 0.750000 0.892580 0.746169 0.889991 0.728927 0.884814
0 0.761494 0.594909 0.745211 0.592321 0.734674 0.592752 0.720307 0.595341 0.704981 0.601812 0.699234 0.606989 0.700192 0.610871 0.715517 0.620794 0.726054 0.623814 0.744253 0.622951 0.766284 0.611734 0.771073 0.603538
0 0.896552 0.909405 0.882184 0.908973 0.864943 0.910699 0.852490 0.913719 0.843870 0.918896 0.843870 0.922778 0.849617 0.928387 0.863027 0.935289 0.872605 0.936583 0.888889 0.935720 0.900383 0.933132 0.909004 0.929249 0.912835 0.924072 0.913793 0.915876 0.908238 0.911562
0 0.968391 0.889991 0.955939 0.887834 0.934866 0.888697 0.925287 0.890423 0.911207 0.894090 0.907854 0.899310 0.909291 0.904659 0.923372 0.912856 0.933908 0.916307 0.946360 0.916307 0.959770 0.913719 0.973180 0.908542 0.976054 0.905091 0.977011 0.895600
0 0.236590 0.616480 0.226054 0.617774 0.221264 0.619500 0.218391 0.622951 0.212356 0.631234 0.220019 0.642148 0.226724 0.647110 0.235536 0.648145 0.244732 0.647886 0.247414 0.647196 0.248659 0.647196 0.251820 0.646937 0.258908 0.645686 0.266858 0.645427 0.270881 0.643788 0.276724 0.640897 0.282375 0.633218 0.276820 0.627265 0.272989 0.623382 0.264368 0.619068 0.245211 0.616480
0 0.628352 0.701467 0.621648 0.701035 0.604406 0.703192 0.591954 0.706644 0.586207 0.712683 0.585249 0.720880 0.603448 0.728214 0.623563 0.729077 0.639847 0.726488 0.644636 0.723469 0.646552 0.720449 0.644636 0.708801 0.637931 0.704055
0 0.249521 0.674374 0.247126 0.680328 0.241092 0.685375 0.238506 0.688525 0.238506 0.695858 0.255364 0.703149 0.275096 0.703581 0.285441 0.701467 0.292146 0.698016 0.296743 0.693745 0.301341 0.686928 0.297893 0.681191 0.292146 0.677308 0.291667 0.671527 0.280939 0.669543 0.269061 0.669284 0.258525 0.670449
0 0.700192 0.850733 0.692529 0.850733 0.683908 0.852459 0.671456 0.852459 0.662835 0.855910 0.654215 0.861950 0.647701 0.869715 0.658046 0.875324 0.671456 0.878343 0.683908 0.879206 0.700192 0.877049 0.711686 0.872045 0.716475 0.865833 0.716475 0.859793 0.705939 0.855047 0.703065 0.851596
0 0.761494 0.361950 0.756705 0.366264 0.743295 0.372304 0.744253 0.376186 0.750958 0.381363 0.759579 0.385246 0.777778 0.388266 0.795977 0.388266 0.803640 0.385677 0.806513 0.382226 0.806513 0.379206 0.809004 0.376230 0.808429 0.374029 0.804598 0.364538 0.795019 0.361087 0.787356 0.360224 0.769157 0.360656
0 0.788314 0.389560 0.777778 0.388697 0.769157 0.390854 0.751916 0.401208 0.751916 0.408973 0.760536 0.415013 0.771456 0.414236 0.792146 0.413287 0.805556 0.407679 0.805556 0.399051 0.794061 0.391717
0 0.674330 0.388697 0.670498 0.393874 0.670498 0.398188 0.677490 0.402114 0.682950 0.408110 0.698276 0.413719 0.705939 0.413719 0.715517 0.412425 0.725096 0.409405 0.735632 0.408110 0.737548 0.405953 0.735632 0.396462 0.727969 0.390423 0.717433 0.384814 0.707854 0.382657 0.691571 0.382226 0.683908 0.383952
0 0.365900 0.379034 0.334291 0.380069 0.313218 0.384383 0.309387 0.388266 0.308429 0.393011 0.317050 0.402934 0.325670 0.406385 0.337165 0.408110 0.343870 0.406816 0.347701 0.402934 0.356322 0.398619 0.361111 0.397325 0.369732 0.396894 0.380268 0.387834 0.380268 0.384383
0 0.247126 0.378775 0.244253 0.382657 0.244253 0.393011 0.248084 0.394737 0.256418 0.397541 0.268199 0.397757 0.278736 0.399482 0.294061 0.399051 0.302682 0.396031 0.305556 0.393011 0.302682 0.388266 0.292146 0.380069 0.274904 0.372735 0.264368 0.373167
0 1.000000 0.632010 0.985632 0.633305 0.969349 0.636324 0.950192 0.637187 0.941571 0.641501 0.937739 0.646678 0.968391 0.659189 0.980843 0.658758 1.000000 0.660052
0 0.859195 0.614754 0.854406 0.617774 0.855364 0.621225 0.863985 0.629422 0.879310 0.635030 0.886973 0.636324 0.890805 0.638050 0.901341 0.638913 0.911877 0.637619 0.919540 0.634599 0.926245 0.628991 0.929119 0.624245 0.928161 0.617774 0.921456 0.614754 0.886973 0.609146 0.881226 0.609146 0.871648 0.610871
0 0.704981 0.639776 0.690613 0.642796 0.684866 0.646247 0.681034 0.650129 0.680077 0.657032 0.681992 0.660052 0.691571 0.664366 0.702107 0.666091 0.712644 0.666091 0.725096 0.663503 0.734674 0.658326 0.736590 0.655738 0.736590 0.648835 0.734674 0.646247 0.726054 0.642364 0.711686 0.639776
0 0.955939 0.608714 0.942529 0.619068 0.943487 0.623814 0.951149 0.631148 0.959770 0.635030 0.971264 0.635030 0.990421 0.631579 1.000000 0.631148 1.000000 0.607420 0.990421 0.606557 0.965517 0.606557
0 0.779693 0.882226 0.765326 0.884383 0.753831 0.892148 0.754789 0.896894 0.760536 0.905091 0.769157 0.910267 0.776820 0.911993 0.797893 0.908973 0.810345 0.900259 0.802682 0.892580 0.795115 0.887921 0.791762 0.884685
0 0.794061 0.648835 0.787356 0.650129 0.777778 0.654012 0.773946 0.660483 0.773946 0.668248 0.777778 0.672563 0.793103 0.678171 0.806513 0.678171 0.816092 0.675582 0.827586 0.670406 0.829502 0.661777 0.821839 0.654012 0.807471 0.649698
0 0.671169 0.570406 0.663218 0.571915 0.661303 0.572606 0.659962 0.572692 0.658716 0.572908 0.652011 0.575108 0.647797 0.576790 0.645115 0.580500 0.634004 0.590293 0.648755 0.594694 0.655172 0.596204 0.663793 0.599223 0.670498 0.603969 0.681992 0.605695 0.691571 0.605263 0.704981 0.599223 0.709770 0.587144 0.700192 0.578516 0.695402 0.577222 0.687739 0.572045 0.682950 0.571182
0 0.515326 0.833909 0.498084 0.833909 0.480843 0.837791 0.473180 0.842968 0.473180 0.847714 0.482759 0.855047 0.490421 0.858067 0.500958 0.858499 0.519157 0.855910 0.522989 0.854616 0.529981 0.852675 0.534483 0.850302 0.536398 0.849008 0.537356 0.844262 0.535441 0.840380 0.527778 0.836497
0 0.690613 0.519845 0.677778 0.520492 0.670977 0.524806 0.667625 0.532787 0.666667 0.537532 0.670498 0.541415 0.681034 0.546160 0.701149 0.548318 0.709770 0.545298 0.717433 0.544866 0.728927 0.540984 0.734674 0.537101 0.734674 0.532787 0.719349 0.527610 0.704981 0.520708 0.701149 0.519845
0 0.474521 0.544996 0.491379 0.541544 0.513410 0.543572 0.533525 0.548749 0.536398 0.552200 0.536398 0.560397 0.522989 0.569025 0.499042 0.569456 0.487548 0.565142 0.464464 0.550302
0 0.273946 0.564280 0.272989 0.569888 0.290038 0.575496 0.329502 0.578085 0.339080 0.576790 0.347701 0.572908 0.348659 0.566437 0.344828 0.561691 0.335249 0.555220 0.325670 0.553494 0.307471 0.553926 0.291188 0.556514
0 0.204981 0.599655 0.192529 0.599223 0.168582 0.603106 0.163027 0.604616 0.157088 0.607852 0.154215 0.619068 0.168582 0.623814 0.186782 0.625539 0.211686 0.623382 0.222222 0.619068 0.225096 0.616048 0.222222 0.606989 0.219540 0.604400 0.217433 0.602718
0 0.243295 0.649267 0.235632 0.653581 0.235632 0.655306 0.234483 0.659879 0.237261 0.662856 0.243295 0.664366 0.262452 0.668248 0.270115 0.668248 0.280651 0.666954 0.290230 0.662209 0.291188 0.657032 0.282567 0.650129 0.276820 0.647972 0.268199 0.646247 0.256705 0.646247
0 0.778736 0.860656 0.769157 0.857204 0.750958 0.855910 0.741379 0.857204 0.725096 0.861950 0.717433 0.865401 0.713602 0.872304 0.718774 0.879767 0.733716 0.883952 0.754789 0.883952 0.777778 0.880932 0.787356 0.874892 0.783525 0.864538
0 0.544061 0.686152 0.540230 0.688654 0.531801 0.690595 0.524808 0.693227 0.508238 0.697455 0.523467 0.704918 0.555556 0.716997 0.560345 0.717860 0.577586 0.717429 0.581418 0.715703 0.590996 0.705781 0.587165 0.697153 0.578544 0.692407 0.550383 0.684340
0 0.611111 0.665660 0.603831 0.669111 0.603257 0.678602 0.625479 0.689819 0.637931 0.693270 0.648467 0.693270 0.653257 0.691976 0.665709 0.685936 0.666667 0.683779 0.665709 0.675582 0.659962 0.671268 0.638889 0.664366 0.630268 0.663934 0.623563 0.665229
0 0.767146 0.612079 0.760536 0.619068 0.758621 0.622519 0.748467 0.627351 0.747031 0.639215 0.753831 0.646678 0.759579 0.647972 0.779693 0.647110 0.795977 0.642796 0.798851 0.639344 0.797893 0.631579 0.791188 0.622951 0.780651 0.618637 0.774330 0.612985
0 0.709770 0.618637 0.701149 0.615186 0.682950 0.612597 0.666667 0.612597 0.653736 0.612770 0.644061 0.617558 0.637261 0.623037 0.643678 0.631148 0.648467 0.635893 0.658046 0.638913 0.675287 0.638913 0.697318 0.635030 0.709770 0.629422 0.711686 0.625108
0 0.448276 0.591458 0.439655 0.596204 0.435824 0.606989 0.447318 0.615617 0.456897 0.618205 0.468391 0.619500 0.482759 0.619500 0.494253 0.616480 0.498084 0.613891 0.499042 0.609577 0.494253 0.597929 0.489464 0.594047 0.484674 0.591890 0.470115 0.588870
0 0.152778 0.740595 0.157759 0.747886 0.168582 0.752373 0.181801 0.755177 0.191571 0.756687 0.197318 0.757550 0.211877 0.759534 0.226054 0.755824 0.225096 0.740725 0.222222 0.738136 0.215517 0.735979 0.199234 0.735116 0.175287 0.735979 0.164559 0.737317
0 0.255747 0.728214 0.241379 0.728214 0.237165 0.729379 0.230077 0.731795 0.229885 0.732528 0.226054 0.735979 0.228927 0.752804 0.235632 0.759707 0.238506 0.761001 0.247126 0.761864 0.252874 0.761432 0.266284 0.757550 0.275862 0.750216 0.279693 0.742450 0.280651 0.735979 0.277778 0.732528 0.264368 0.729077
0 0.323755 0.716135 0.313218 0.720449 0.303736 0.731450 0.310632 0.739733 0.337165 0.745902 0.354693 0.747498 0.363027 0.744607 0.374521 0.739862 0.378352 0.736842 0.379310 0.731234 0.376437 0.726920 0.371648 0.723900 0.343870 0.716135 0.334387 0.714193
0 0.326628 0.702761 0.318966 0.701898 0.310345 0.700777 0.302682 0.701035 0.290230 0.700604 0.283333 0.702459 0.272031 0.704487 0.260824 0.707032 0.256705 0.708801 0.246360 0.714366 0.248276 0.720535 0.258812 0.725884 0.270115 0.730371 0.281609 0.731665 0.293103 0.730802 0.303640 0.728645 0.319923 0.714840 0.326628 0.712683 0.328544 0.709232
0 0.206897 0.770060 0.198276 0.770492 0.193487 0.772217 0.186782 0.772217 0.175287 0.775669 0.167625 0.781277 0.165709 0.785160 0.160345 0.791890 0.168582 0.795945 0.181992 0.798965 0.195690 0.801381 0.213602 0.798965 0.216475 0.796808 0.222222 0.795513 0.230843 0.788179 0.230843 0.779551 0.215517 0.773080 0.213602 0.770923
0 0.502874 0.622519 0.490421 0.622088 0.477969 0.625971 0.471264 0.630285 0.465517 0.638481 0.465326 0.647929 0.471169 0.654530 0.477874 0.655867 0.483621 0.657118 0.492337 0.654443 0.504789 0.651424 0.508621 0.649698 0.512452 0.645384 0.526820 0.638913 0.526820 0.633305 0.522989 0.632010 0.518199 0.627696
0 0.737548 0.833046 0.720307 0.833909 0.709770 0.837360 0.706897 0.840380 0.705939 0.847714 0.707854 0.851165 0.713602 0.855479 0.724138 0.858930 0.735632 0.858067 0.750000 0.854616 0.754789 0.851596 0.758621 0.845988 0.756705 0.842105 0.750958 0.837360
0 0.923372 0.962036 0.916667 0.961605 0.902299 0.962899 0.882184 0.971527 0.880268 0.974116 0.880268 0.979292 0.885057 0.984469 0.902299 0.990509 0.903257 0.994823 0.906130 0.996549 0.917625 0.996549 0.925287 0.994823 0.934866 0.990940 0.947318 0.990509 0.951149 0.987489 0.949234 0.974116 0.939655 0.967213
0 0.833333 0.993960 0.835249 1.000000 0.900383 1.000000 0.900383 0.997843 0.890805 0.990509 0.877395 0.984469 0.864943 0.984038 0.849617 0.986195 0.840038 0.989646
0 0.771073 0.986195 0.767241 0.992235 0.768199 1.000000 0.834291 1.000000 0.829502 0.985764 0.822797 0.980587 0.817050 0.978430 0.806513 0.977567 0.790230 0.978430 0.777778 0.981881
0 0.995211 0.896894 0.988506 0.901208 0.977969 0.904659 0.976054 0.908542 0.984674 0.915013 0.995211 0.919758 1.000000 0.919758 1.000000 0.896894
0 0.995211 0.788611 0.990421 0.790768 0.986590 0.794651 0.983716 0.803279 0.987548 0.808024 0.994253 0.811044 1.000000 0.811044 1.000000 0.788611
0 0.969349 0.759707 0.958812 0.766178 0.954023 0.772649 0.954023 0.776531 0.961686 0.779551 0.985632 0.783434 1.000000 0.783434 1.000000 0.761432 0.996169 0.761432 0.986590 0.758844
0 0.936782 0.782571 0.931034 0.786454 0.928161 0.793356 0.931992 0.798965 0.942529 0.802847 0.950192 0.803710 0.968391 0.804142 0.977011 0.802416 0.987548 0.794651 0.987548 0.790336 0.979885 0.785160 0.973180 0.782571 0.955939 0.780414 0.945402 0.780846
0 0.805556 0.781277 0.799808 0.786022 0.800766 0.793356 0.812261 0.802847 0.818008 0.805004 0.829502 0.807161 0.850575 0.802847 0.857280 0.798965 0.858238 0.794219 0.857280 0.790768 0.843870 0.783003 0.821839 0.779551 0.812261 0.779551
0 0.855364 0.783003 0.856322 0.788179 0.873563 0.797239 0.899425 0.797670 0.910920 0.796808 0.920498 0.795082 0.927203 0.791199 0.928161 0.785591 0.923372 0.779551 0.916667 0.775237 0.909004 0.773943 0.886973 0.773512 0.873563 0.774806
0 0.997510 0.845168 1.000000 0.844262 1.000000 0.855997 0.995211 0.854185 0.996743 0.847757
0 0.995211 0.812770 0.989464 0.814064 0.986590 0.816221 0.984674 0.822261 0.979885 0.827006 0.979885 0.830457 0.982759 0.834771 0.992337 0.839085 1.000000 0.839948 1.000000 0.812770
0 0.933908 0.804142 0.922414 0.808024 0.916667 0.814495 0.915709 0.819241 0.920498 0.825280 0.927203 0.829163 0.942529 0.833477 0.955939 0.833909 0.969349 0.832183 0.977969 0.828300 0.983716 0.823986 0.985632 0.813632 0.977969 0.808887 0.966475 0.805436 0.944444 0.803279
0 0.881226 0.798965 0.871648 0.802416 0.863027 0.807118 0.859866 0.810483 0.868774 0.815358 0.872605 0.820966 0.876437 0.823123 0.886015 0.824418 0.900383 0.824418 0.909004 0.823123 0.914751 0.820104 0.920498 0.808024 0.918582 0.801553 0.909962 0.798533
0 0.830460 0.809318 0.819923 0.814064 0.815134 0.817947 0.816092 0.826143 0.825670 0.834340 0.837165 0.836928 0.847701 0.836928 0.861111 0.834340 0.868774 0.830457 0.872605 0.826143 0.873563 0.821829 0.868774 0.817084 0.855364 0.810181 0.844828 0.808887
0 0.879310 0.826575 0.871648 0.829594 0.865900 0.834340 0.859579 0.838827 0.854789 0.843529 0.856609 0.846937 0.889847 0.849871 0.909962 0.849871 0.921456 0.847282 0.926245 0.844694 0.930077 0.838654 0.926245 0.830026 0.918582 0.827006 0.909962 0.825280 0.890805 0.825280
0 0.950192 0.834771 0.935824 0.836842 0.926245 0.845125 0.924330 0.848145 0.925287 0.853322 0.941571 0.861519 0.959770 0.866264 0.977011 0.865401 0.981130 0.863805 0.984674 0.862381 0.988506 0.861519 0.994253 0.854616 0.992337 0.849008 0.974138 0.836497 0.962644 0.834340
0 1.000000 0.863676 0.982759 0.864970 0.967337 0.867903 0.961973 0.875022 0.962452 0.883952 0.970115 0.888740 1.000000 0.889991
0 0.885057 0.849008 0.871073 0.847627 0.856322 0.849439 0.847701 0.852028 0.840996 0.857204 0.840038 0.865401 0.846743 0.874892 0.852490 0.877912 0.863985 0.880932 0.886015 0.879206 0.894636 0.874892 0.898467 0.867990 0.902299 0.865401 0.903257 0.860224 0.901341 0.855910 0.895594 0.852028
0 0.891762 0.881363 0.879310 0.880500 0.863985 0.881795 0.854406 0.884383 0.846743 0.888697 0.844828 0.895168 0.846743 0.900345 0.856322 0.905091 0.866858 0.907679 0.879310 0.908110 0.894636 0.906385 0.905172 0.901639 0.908046 0.888697 0.904215 0.884814
0 0.831418 0.903365 0.818008 0.902934 0.809387 0.904228 0.793103 0.915444 0.795019 0.920190 0.810345 0.927955 0.822797 0.927092 0.833333 0.924072 0.840996 0.920190 0.845785 0.911993 0.841954 0.906816
0 0.830460 0.863676 0.818008 0.864538 0.793870 0.867990 0.788602 0.871786 0.786207 0.876747 0.790230 0.882787 0.808333 0.895858 0.812261 0.900345 0.815134 0.900345 0.818008 0.898188 0.830460 0.896462 0.840038 0.892148 0.848659 0.885677 0.840038 0.867127
0 0.831418 0.836497 0.811303 0.835634 0.799808 0.840380 0.792146 0.845988 0.791188 0.849439 0.786398 0.853753 0.793103 0.860224 0.803640 0.865401 0.811303 0.865401 0.828544 0.862381 0.839080 0.857636 0.848659 0.849871 0.848659 0.844262 0.837165 0.837791
0 0.799808 0.821829 0.787356 0.820966 0.772031 0.821829 0.757663 0.825280 0.751916 0.827869 0.750000 0.834771 0.760536 0.845557 0.766284 0.848145 0.778736 0.848576 0.790230 0.845988 0.815134 0.834771 0.817050 0.829594 0.814176 0.826575
0 0.760536 0.797239 0.755747 0.802416 0.754789 0.808456 0.755747 0.814064 0.760536 0.817947 0.769157 0.820535 0.804598 0.820535 0.810345 0.817084 0.811303 0.808887 0.809387 0.803279 0.803640 0.798533 0.795019 0.795513 0.783525 0.794219 0.770115 0.794651
0 0.679119 0.781708 0.672414 0.786454 0.672414 0.792925 0.675287 0.798965 0.683908 0.803279 0.695402 0.805436 0.710728 0.805436 0.725096 0.803710 0.729885 0.801984 0.736590 0.796808 0.737548 0.790336 0.735632 0.786885 0.727969 0.781277 0.717433 0.777826 0.699234 0.776531
0 0.739464 0.806299 0.727969 0.805004 0.708812 0.806299 0.697318 0.809750 0.691571 0.812770 0.690613 0.820535 0.693487 0.826143 0.699234 0.830457 0.706897 0.833046 0.719349 0.833909 0.737548 0.831320 0.752874 0.823555 0.755747 0.819241 0.752874 0.811907 0.749042 0.809318
0 0.647510 0.820966 0.644636 0.822692 0.641762 0.828732 0.642720 0.836928 0.659004 0.849008 0.664751 0.851596 0.682950 0.852028 0.696360 0.848576 0.704981 0.843399 0.707854 0.838223 0.706897 0.833909 0.681992 0.821829 0.664751 0.821829 0.657088 0.820104
0 0.593870 0.935289 0.583621 0.944780 0.595785 0.951251 0.620690 0.956428 0.627395 0.956859 0.657088 0.954271 0.659962 0.950820 0.655172 0.946937 0.655172 0.938740 0.648467 0.933563 0.629310 0.929249 0.618774 0.928818 0.606322 0.930112
0 0.603448 0.909836 0.596743 0.908542 0.586207 0.908542 0.568966 0.911993 0.551724 0.918896 0.547893 0.922778 0.547893 0.928387 0.551724 0.932269 0.560345 0.935720 0.567050 0.937015 0.580460 0.937015 0.589080 0.935720 0.595785 0.932701 0.606322 0.925367 0.613985 0.917170 0.612069 0.913719
0 0.629310 0.902934 0.620690 0.905953 0.617816 0.909836 0.616858 0.916307 0.618774 0.920190 0.630268 0.927955 0.636973 0.928818 0.646552 0.928387 0.659962 0.924072 0.671456 0.915444 0.678161 0.912425 0.676245 0.908973 0.657088 0.904228
0 0.643678 0.883520 0.640805 0.884814 0.638889 0.888697 0.638889 0.893874 0.641762 0.897757 0.655172 0.903796 0.680077 0.909405 0.692529 0.908542 0.700192 0.904659 0.706897 0.896462 0.706897 0.892148 0.700192 0.885246 0.694444 0.883089 0.684866 0.881795 0.655172 0.881795
0 0.568966 0.888266 0.566092 0.898188 0.568966 0.902071 0.576628 0.904659 0.585249 0.906385 0.599617 0.906385 0.619732 0.905091 0.625479 0.902934 0.627395 0.900345 0.626437 0.895600 0.622605 0.889560 0.613985 0.884814 0.605364 0.883520 0.587165 0.883089 0.577586 0.884383
0 0.508621 0.803279 0.500958 0.805004 0.490421 0.810181 0.492337 0.817084 0.497126 0.823555 0.519157 0.833046 0.535441 0.833909 0.544061 0.832614 0.551724 0.830026 0.561303 0.822261 0.563218 0.818809 0.561303 0.813632 0.556513 0.810181 0.537356 0.806299 0.526820 0.801984
0 0.437739 0.819672 0.431034 0.820966 0.420498 0.826143 0.417625 0.833046 0.419540 0.841674 0.424330 0.845557 0.429119 0.847282 0.449234 0.849008 0.458812 0.847282 0.466475 0.843831 0.469349 0.839948 0.469349 0.835634 0.465517 0.831752 0.449234 0.821829 0.444444 0.820104
0 0.465517 0.849008 0.437739 0.849439 0.430077 0.853322 0.425287 0.860656 0.430077 0.867990 0.445402 0.871441 0.464559 0.870578 0.468391 0.869284 0.474138 0.865401 0.478927 0.857204 0.472222 0.851596
0 0.477011 0.864970 0.464559 0.872304 0.461686 0.875755 0.464559 0.883089 0.481801 0.889991 0.489464 0.890854 0.509579 0.890854 0.522031 0.888697 0.524904 0.885246 0.524904 0.880500 0.519157 0.872304 0.510536 0.865401 0.500958 0.861519 0.491379 0.861519
0 0.439655 0.899914 0.437739 0.902502 0.438697 0.908542 0.448276 0.913287 0.472222 0.921484 0.492337 0.921915 0.499042 0.924072 0.500958 0.923641 0.506705 0.907248 0.500958 0.900345 0.491379 0.894305 0.480843 0.891286 0.468391 0.891286 0.454981 0.894305
0 0.411877 0.867558 0.402299 0.868852 0.394636 0.872304 0.389847 0.876618 0.389847 0.881795 0.395594 0.890854 0.402299 0.895600 0.412835 0.899051 0.423372 0.899914 0.433908 0.897325 0.442529 0.893011 0.446360 0.889129 0.446360 0.877049 0.444444 0.874892 0.430077 0.868852
0 0.391762 0.837791 0.382184 0.839085 0.369732 0.844262 0.364943 0.849439 0.363027 0.855047 0.363985 0.857636 0.376437 0.866695 0.390805 0.868852 0.397510 0.868852 0.415709 0.865401 0.423372 0.858499 0.425287 0.851596 0.420498 0.844694 0.412835 0.841242 0.405172 0.839085
0 0.355364 0.851165 0.335249 0.850302 0.321839 0.852459 0.297893 0.860656 0.295019 0.873598 0.308429 0.880932 0.307471 0.885246 0.317050 0.889560 0.320881 0.888697 0.322797 0.883520 0.326628 0.881363 0.345785 0.880069 0.358238 0.877912 0.369732 0.873167 0.373563 0.869715 0.373563 0.864538 0.364943 0.857636 0.362069 0.852890
0 0.325670 0.883089 0.322797 0.887403 0.325670 0.893443 0.339080 0.900777 0.349617 0.902934 0.351533 0.904228 0.381226 0.902934 0.393678 0.896894 0.394636 0.890854 0.389847 0.887403 0.388889 0.884383 0.378352 0.880932 0.356322 0.879638
0 0.377395 0.905091 0.372605 0.906816 0.367816 0.911562 0.366858 0.920621 0.368774 0.924072 0.386015 0.933132 0.393678 0.934858 0.403257 0.934426 0.422414 0.928387 0.427203 0.920190 0.426245 0.915444 0.423372 0.912425 0.410920 0.906816 0.396552 0.904228
0 0.251916 0.911562 0.252874 0.914582 0.262452 0.916739 0.275862 0.924504 0.296935 0.928818 0.318966 0.927955 0.327586 0.924504 0.334291 0.916739 0.333333 0.911993 0.326628 0.905953 0.308429 0.901639 0.295977 0.900345 0.282567 0.901208 0.273946 0.902934
0 0.255747 0.927092 0.243295 0.931406 0.241379 0.940466 0.244253 0.947800 0.242337 0.951251 0.248084 0.958154 0.263410 0.960742 0.274904 0.960742 0.292146 0.953840 0.300766 0.943486 0.301724 0.933563 0.299808 0.931406 0.289272 0.927524 0.277778 0.926230
0 0.188697 0.961605 0.179119 0.962036 0.161877 0.966782 0.151341 0.973253 0.147510 0.978430 0.146552 0.987489 0.151341 0.992666 0.158046 0.994823 0.171456 0.996117 0.187739 0.996117 0.195402 0.994392 0.202107 0.990509 0.206897 0.982744 0.207854 0.974547 0.204981 0.969802 0.193487 0.962899
0 0.169540 0.933563 0.161877 0.935289 0.151341 0.941329 0.149425 0.946074 0.150383 0.955997 0.156130 0.959448 0.167625 0.961605 0.187739 0.961173 0.196360 0.962036 0.207854 0.959016 0.222222 0.952545 0.221264 0.947368 0.213602 0.939603 0.204023 0.935289 0.187739 0.933132
0 0.222222 0.895600 0.204023 0.894737 0.195402 0.896031 0.183908 0.900345 0.174330 0.905522 0.172414 0.909405 0.168582 0.911993 0.167625 0.917601 0.169540 0.920190 0.178161 0.922778 0.187739 0.924072 0.206897 0.924935 0.213602 0.924072 0.230843 0.919327 0.241379 0.914582 0.243295 0.912856 0.242337 0.904659
0 0.229885 0.885677 0.223180 0.892580 0.224138 0.896462 0.239464 0.902071 0.266284 0.903365 0.274904 0.902071 0.284483 0.899051 0.286398 0.897325 0.286398 0.891717 0.282567 0.887403 0.272989 0.883089 0.266284 0.881795 0.254789 0.881795 0.237548 0.883520
0 0.310345 0.828732 0.290230 0.829594 0.280651 0.833909 0.265326 0.845557 0.264368 0.850733 0.268199 0.853753 0.286398 0.858067 0.300766 0.858499 0.308429 0.856773 0.316092 0.852890 0.319923 0.849008 0.322797 0.837791 0.318008 0.833046
0 0.352490 0.819241 0.340996 0.821829 0.334291 0.824849 0.329502 0.830026 0.329502 0.834771 0.340996 0.842105 0.359195 0.844262 0.367816 0.844262 0.379310 0.838654 0.389847 0.836066 0.390805 0.828732 0.377395 0.820535 0.363027 0.818809
0 0.407471 0.776531 0.407088 0.786454 0.407088 0.791199 0.412835 0.798102 0.422414 0.802847 0.430077 0.805004 0.444444 0.804573 0.453065 0.803279 0.466475 0.795513 0.466475 0.790768 0.459770 0.786022 0.440613 0.778689 0.424425 0.777739
0 0.311303 0.790768 0.313218 0.802847 0.334291 0.810613 0.342912 0.811907 0.361111 0.811044 0.370690 0.807593 0.377395 0.803279 0.379310 0.798533 0.376437 0.794651 0.367816 0.789905 0.357280 0.786885 0.337165 0.786022
0 0.264368 0.801553 0.261494 0.802847 0.258621 0.807161 0.263410 0.814064 0.271073 0.818464 0.276820 0.822261 0.290230 0.823986 0.309387 0.824418 0.313218 0.820535 0.319923 0.817947 0.321839 0.814495 0.314176 0.804142 0.300766 0.798533 0.293103 0.797239 0.279693 0.798102
0 0.237548 0.813632 0.229885 0.816221 0.223180 0.825280 0.222222 0.834340 0.226054 0.839085 0.239464 0.845988 0.248084 0.846419 0.261494 0.840380 0.275862 0.827869 0.276820 0.825280 0.274904 0.822692 0.259579 0.815789 0.250958 0.814064
0 0.231801 0.852459 0.221264 0.852028 0.204023 0.855479 0.197318 0.858930 0.196360 0.869284 0.201149 0.874461 0.211686 0.878775 0.226054 0.879206 0.233716 0.878343 0.248084 0.874461 0.256705 0.870147 0.257663 0.864538 0.253831 0.860656 0.241379 0.855047
0 0.159962 0.861950 0.147510 0.864970 0.139847 0.868852 0.131226 0.876186 0.130268 0.881363 0.132184 0.885246 0.140805 0.889129 0.156130 0.893011 0.171456 0.894305 0.179119 0.893443 0.187739 0.888697 0.198276 0.872735 0.195402 0.868421 0.186782 0.864107 0.172414 0.861950
0 0.189655 0.832183 0.168582 0.832183 0.158046 0.833909 0.151341 0.837360 0.145594 0.845557 0.158046 0.857636 0.171456 0.861519 0.179119 0.861950 0.191571 0.859793 0.206897 0.852028 0.208812 0.846851 0.206897 0.838654 0.198276 0.833909
0 0.099617 0.836928 0.092912 0.848145 0.092912 0.853322 0.099617 0.866264 0.106322 0.869284 0.113985 0.870578 0.131226 0.870147 0.139847 0.868421 0.157088 0.860224 0.157088 0.856773 0.143678 0.845125 0.132184 0.840811 0.109195 0.836497
0 0.169540 0.799396 0.156130 0.802416 0.147510 0.806730 0.145594 0.809750 0.146552 0.817947 0.151341 0.823986 0.168582 0.830457 0.186782 0.830889 0.199234 0.826143 0.204981 0.820535 0.206897 0.815358 0.204981 0.809318 0.196360 0.802847 0.187739 0.800259 0.180077 0.798965
0 0.109195 0.755393 0.098659 0.763158 0.099617 0.772217 0.111111 0.779120 0.117816 0.781277 0.134100 0.781708 0.144636 0.780846 0.152299 0.778689 0.162835 0.773512 0.164751 0.770492 0.163793 0.764884 0.157088 0.759707 0.147510 0.755824 0.136015 0.753667 0.119732 0.753667
0 0.272031 0.759275 0.255747 0.764884 0.247126 0.770060 0.244253 0.773512 0.244253 0.779983 0.249042 0.783434 0.261494 0.787317 0.284483 0.787748 0.290230 0.786885 0.299808 0.783434 0.308429 0.776100 0.308429 0.772649 0.305556 0.767903 0.297318 0.757852
0 0.323755 0.749784 0.318966 0.751510 0.314176 0.755824 0.312261 0.764884 0.314176 0.767041 0.325670 0.770923 0.331418 0.771786 0.353448 0.771355 0.368774 0.767472 0.376437 0.763589 0.380268 0.759707 0.379310 0.755824 0.371648 0.750647 0.352490 0.747627 0.338123 0.747627
0 0.385057 0.759707 0.384100 0.767472 0.386015 0.769198 0.395594 0.772217 0.419540 0.775669 0.434866 0.776100 0.460728 0.771786 0.462644 0.766178 0.455939 0.763158 0.455939 0.759275 0.454023 0.757981 0.445402 0.755393 0.438697 0.754961 0.422414 0.749784 0.409962 0.749353 0.403257 0.750216 0.394636 0.753236
0 0.458812 0.738568 0.448276 0.743745 0.445402 0.747196 0.450192 0.756255 0.475096 0.765315 0.498084 0.767041 0.509579 0.766178 0.519157 0.760569 0.519157 0.756255 0.510536 0.747196 0.492337 0.737705 0.482759 0.735548 0.470307 0.735548
0 0.524904 0.714409 0.516284 0.716566 0.505747 0.722174 0.502874 0.725626 0.502874 0.731665 0.507663 0.738136 0.513410 0.742450 0.520115 0.744607 0.535441 0.747196 0.543103 0.746333 0.560345 0.740725 0.562261 0.738136 0.562261 0.729508 0.559387 0.724331 0.550766 0.717860 0.540230 0.715272
0 0.759579 0.761001 0.746169 0.765315 0.735632 0.770923 0.732759 0.774374 0.734674 0.778689 0.748084 0.786454 0.758621 0.789042 0.787356 0.788179 0.791188 0.779983 0.791188 0.773512 0.788314 0.768766 0.779693 0.763158 0.771073 0.760569
0 0.564176 0.749784 0.553640 0.758844 0.552682 0.769198 0.555556 0.775669 0.560345 0.778689 0.572797 0.781277 0.601533 0.778689 0.607280 0.775669 0.609195 0.770923 0.596743 0.754961 0.590996 0.752804 0.569923 0.748921
0 0.612069 0.571182 0.603448 0.570751 0.591954 0.572045 0.582375 0.576359 0.575670 0.582830 0.574713 0.588438 0.576628 0.592752 0.581418 0.595772 0.590996 0.597929 0.594828 0.600086 0.629310 0.593184 0.638889 0.584556 0.638889 0.579810 0.635057 0.577222
0 0.663793 0.600086 0.655172 0.599223 0.638889 0.595341 0.619732 0.595341 0.601533 0.598792 0.591954 0.603106 0.590996 0.604832 0.591954 0.612597 0.598659 0.619068 0.603448 0.621225 0.614943 0.622088 0.622605 0.621657 0.641762 0.616911 0.665709 0.603969
0 0.603448 0.625108 0.594828 0.627696 0.586207 0.632442 0.585249 0.641501 0.589080 0.647110 0.613027 0.657895 0.626437 0.658326 0.637931 0.657463 0.648467 0.651855 0.652299 0.646678 0.648467 0.636324 0.640805 0.629853 0.631226 0.625539 0.623563 0.623814
0 0.514368 0.645815 0.510536 0.650992 0.516284 0.659189 0.526820 0.660052 0.544061 0.668248 0.550766 0.669543 0.572797 0.669111 0.579502 0.667817 0.581418 0.666091 0.579502 0.653149 0.572797 0.646247 0.563218 0.641933 0.545977 0.638481 0.533525 0.638481
0 0.513410 0.660915 0.499042 0.664366 0.490421 0.668248 0.486590 0.672994 0.485632 0.677739 0.489464 0.682053 0.508621 0.690682 0.526820 0.691113 0.536398 0.688956 0.545019 0.684211 0.547893 0.679034 0.545977 0.671268 0.535441 0.664797 0.525862 0.661777
0 0.450192 0.688956 0.444444 0.691544 0.440613 0.698447 0.441571 0.705349 0.453065 0.712683 0.464559 0.714840 0.482759 0.714840 0.492337 0.712683 0.500000 0.709232 0.501916 0.706212 0.500958 0.700173 0.492337 0.693270 0.483716 0.689387 0.467433 0.686799 0.458812 0.687230
0 0.439655 0.710095 0.429119 0.709232 0.406130 0.712683 0.393678 0.716997 0.387931 0.721311 0.386015 0.724331 0.387931 0.729077 0.395594 0.735979 0.407088 0.741156 0.412835 0.742019 0.429119 0.741156 0.456897 0.732097 0.461686 0.720017 0.454023 0.715272
0 0.613027 0.755824 0.611111 0.757981 0.605364 0.759707 0.604406 0.763158 0.612069 0.772217 0.621648 0.776100 0.636973 0.778689 0.652299 0.777394 0.663793 0.771786 0.667625 0.767472 0.667625 0.762726 0.664751 0.759707 0.657088 0.756687 0.641762 0.754098 0.621648 0.753667
0 0.342912 0.693270 0.334291 0.695858 0.325670 0.701035 0.325670 0.705349 0.329502 0.708801 0.340038 0.713978 0.361111 0.719154 0.368774 0.722174 0.372605 0.722174 0.378352 0.720017 0.382184 0.713978 0.385057 0.705349 0.384100 0.701035 0.380268 0.697584 0.368774 0.692839 0.355364 0.692407
0 0.112069 0.715703 0.101533 0.716566 0.090996 0.723469 0.089080 0.731234 0.090996 0.740725 0.099617 0.745902 0.107280 0.746764 0.116858 0.744176 0.122605 0.741156 0.134100 0.729077 0.133142 0.725194 0.126437 0.718723 0.121648 0.716566
0 0.141762 0.703192 0.133142 0.705349 0.127395 0.708801 0.126437 0.710958 0.127395 0.716135 0.135057 0.727351 0.139847 0.729940 0.145594 0.730802 0.153257 0.733822 0.159004 0.734685 0.167625 0.734254 0.171456 0.733391 0.182950 0.725194 0.182950 0.712683 0.181034 0.708801 0.177203 0.705349 0.168582 0.702761 0.150383 0.702330
0 0.211686 0.704055 0.193487 0.708369 0.184866 0.712683 0.182950 0.716135 0.183908 0.725626 0.189655 0.730371 0.197318 0.732959 0.204023 0.734254 0.220307 0.734254 0.230843 0.731665 0.238506 0.727783 0.243295 0.720017 0.238506 0.713546 0.232759 0.709232 0.221264 0.704918
0 0.307471 0.664797 0.299808 0.668680 0.296935 0.671700 0.297893 0.677739 0.306513 0.686799 0.314176 0.691113 0.325670 0.694133 0.336207 0.694564 0.344828 0.693270 0.351533 0.689819 0.363027 0.678171 0.363985 0.673857 0.362069 0.672131 0.352490 0.667817 0.342912 0.665229 0.327586 0.664366
0 0.385057 0.675582 0.369732 0.685073 0.369732 0.689387 0.375479 0.693701 0.384100 0.698016 0.400383 0.702761 0.409962 0.703192 0.425287 0.701467 0.431992 0.698447 0.437739 0.690682 0.437739 0.686799 0.431034 0.678171 0.422414 0.677308 0.412835 0.674288 0.395594 0.673857
0 0.430077 0.646247 0.411877 0.649698 0.405172 0.654012 0.403257 0.666523 0.411877 0.673425 0.449234 0.681622 0.460728 0.678602 0.466475 0.675582 0.469349 0.669543 0.469349 0.656601 0.465517 0.653581 0.461686 0.653149 0.457854 0.650129 0.450192 0.647541 0.439655 0.645815
0 0.382184 0.641501 0.363027 0.641501 0.353448 0.644090 0.347701 0.647110 0.341954 0.656169 0.342912 0.662209 0.345785 0.664366 0.368774 0.673425 0.387931 0.669974 0.394636 0.666523 0.398467 0.660915 0.400383 0.652718 0.396552 0.644953 0.390805 0.642796
0 0.450192 0.618205 0.441571 0.616911 0.414751 0.617774 0.395594 0.622519 0.386973 0.634167 0.390805 0.638913 0.403257 0.644521 0.414751 0.646678 0.425287 0.646678 0.449234 0.642796 0.459770 0.638913 0.464559 0.635030 0.462644 0.626833
0 0.555460 0.597282 0.543487 0.597239 0.537548 0.599784 0.526820 0.602243 0.516284 0.607420 0.507663 0.614754 0.507663 0.622951 0.525862 0.629422 0.535441 0.631148 0.545019 0.631579 0.551724 0.630716 0.558429 0.627696 0.563218 0.621657 0.565134 0.608714 0.561303 0.603969
0 0.488506 0.575928 0.483716 0.583261 0.486590 0.590595 0.496169 0.595772 0.510536 0.597498 0.535441 0.597498 0.545019 0.594478 0.553640 0.594047 0.556513 0.592752 0.556513 0.587144 0.552682 0.581967 0.544061 0.577653 0.530651 0.575065 0.522031 0.572045 0.499042 0.571182
0 0.392720 0.582399 0.378352 0.584987 0.367816 0.590164 0.363027 0.595341 0.363985 0.603538 0.366858 0.606989 0.386973 0.615617 0.405172 0.616911 0.422414 0.612597 0.425287 0.609577 0.431034 0.607852 0.431992 0.601812 0.424330 0.592752 0.415709 0.586281 0.405172 0.582830
0 0.332375 0.583693 0.321839 0.587144 0.312261 0.591890 0.309387 0.594478 0.309387 0.599655 0.317050 0.605695 0.335249 0.612166 0.341954 0.613028 0.353448 0.612597 0.361111 0.605695 0.363985 0.592752 0.363027 0.587575 0.361111 0.585418 0.355364 0.583693
0 0.323755 0.617343 0.320881 0.621657 0.321839 0.630716 0.325670 0.634599 0.334291 0.638913 0.349617 0.640638 0.359195 0.640638 0.371648 0.639344 0.384100 0.635462 0.389847 0.629853 0.389847 0.623814 0.380268 0.617343 0.354406 0.613460 0.334291 0.613460
0 0.291188 0.634167 0.285441 0.638481 0.283525 0.643227 0.285441 0.650129 0.290230 0.653581 0.293103 0.658758 0.306513 0.663503 0.325670 0.663072 0.336207 0.657895 0.338123 0.655306 0.336207 0.647110 0.331418 0.639776 0.325670 0.635462 0.318008 0.632873 0.306513 0.632442
0 0.227969 0.656169 0.195402 0.656601 0.174330 0.666091 0.172414 0.669974 0.173372 0.677739 0.185824 0.683779 0.199234 0.686368 0.211686 0.685936 0.222222 0.682485 0.230843 0.677308 0.234674 0.668248 0.230843 0.657032
0 0.151341 0.652286 0.144636 0.650561 0.128352 0.650992 0.099617 0.657032 0.090038 0.664797 0.090996 0.670837 0.104406 0.676877 0.113985 0.678602 0.145594 0.678171 0.155172 0.676445 0.162835 0.671700 0.163793 0.667386 0.159004 0.656169
0 0.147510 0.630716 0.128065 0.634297 0.130077 0.640250 0.136973 0.646678 0.160920 0.655306 0.177203 0.658326 0.186782 0.657895 0.200192 0.654012 0.201149 0.650561 0.205939 0.646678 0.206897 0.641933 0.203065 0.638481 0.193487 0.634599 0.174330 0.630716 0.161877 0.629853
0 0.150383 0.583693 0.133142 0.582830 0.109195 0.588007 0.099617 0.594478 0.100575 0.599655 0.116858 0.607420 0.124521 0.608714 0.149425 0.607852 0.160920 0.604832 0.167625 0.601381 0.168582 0.595772 0.163793 0.588007
0 0.296935 0.578085 0.292146 0.576359 0.282567 0.575065 0.275862 0.572476 0.265326 0.572908 0.256705 0.575065 0.238506 0.587575 0.238506 0.602675 0.265326 0.602243 0.277778 0.597498 0.294061 0.595772 0.303640 0.591027 0.304598 0.583693
0 0.106322 0.569025 0.105364 0.572908 0.112069 0.577222 0.134100 0.580673 0.160920 0.581104 0.178161 0.578085 0.187739 0.572476 0.187739 0.568162 0.180077 0.564280 0.166667 0.562123 0.153257 0.556514 0.143678 0.554357 0.133142 0.554789 0.126437 0.556514 0.116858 0.561260
0 0.359195 0.560397 0.358238 0.572908 0.360153 0.576359 0.368774 0.579379 0.378352 0.581104 0.387931 0.581104 0.415709 0.578085 0.434866 0.568594 0.435824 0.564280 0.429119 0.562554 0.421456 0.558671 0.408046 0.556083 0.377395 0.554357 0.365900 0.556514
0 0.482759 0.561691 0.474713 0.558067 0.463602 0.559103 0.455939 0.559103 0.448276 0.560397 0.437739 0.565574 0.422414 0.579810 0.424330 0.584124 0.431034 0.587144 0.447318 0.590164 0.475096 0.588007 0.479885 0.583693 0.485632 0.573339 0.485632 0.566005
0 0.570881 0.547886 0.560345 0.547455 0.551724 0.549612 0.547893 0.552200 0.542146 0.563848 0.542146 0.571613 0.546935 0.576359 0.551724 0.578516 0.562261 0.578516 0.579502 0.576790 0.586207 0.572045 0.591954 0.564711 0.592912 0.555651 0.590038 0.552200
0 0.567050 0.525884 0.561303 0.528904 0.554598 0.536238 0.555556 0.541415 0.562261 0.545729 0.568966 0.547886 0.594828 0.552632 0.617816 0.551769 0.623563 0.548749 0.624521 0.544003 0.617816 0.534081 0.608238 0.527610 0.599617 0.524159 0.589080 0.522433 0.576628 0.523296
0 0.697318 0.553926 0.694444 0.552632 0.683908 0.551337 0.678161 0.548318 0.672414 0.547023 0.650383 0.546160 0.636015 0.547886 0.625479 0.552200 0.622605 0.556083 0.623563 0.564280 0.627395 0.570751 0.635057 0.574202 0.648467 0.575496 0.667625 0.570319 0.681992 0.569456 0.698276 0.556514
0 0.759579 0.560397 0.746169 0.558240 0.729885 0.558240 0.704023 0.562554 0.698276 0.564711 0.696360 0.567299 0.697318 0.572476 0.701149 0.576359 0.714559 0.582399 0.735632 0.582399 0.750000 0.576790 0.758621 0.569888 0.761494 0.565142
0 0.769157 0.564280 0.760536 0.568162 0.751916 0.575496 0.750000 0.579810 0.750958 0.584556 0.761494 0.593184 0.772031 0.596204 0.787356 0.596635 0.806513 0.591890 0.809387 0.586713 0.808429 0.579810 0.804598 0.575928 0.793103 0.569888 0.777778 0.567299
0 0.860153 0.572045 0.846743 0.572045 0.839080 0.574202 0.833333 0.578085 0.829502 0.584124 0.829502 0.595772 0.840996 0.600949 0.841954 0.603969 0.846743 0.606126 0.849617 0.606126 0.863027 0.601381 0.874521 0.595772 0.884100 0.588007 0.886015 0.584124 0.886015 0.579810 0.880268 0.576359 0.873563 0.574202 0.863985 0.573339
0 0.897510 0.564711 0.891762 0.565574 0.888889 0.568162 0.886973 0.581536 0.889847 0.587144 0.900383 0.596635 0.908046 0.598361 0.917625 0.598361 0.931992 0.595772 0.943487 0.592321 0.948276 0.588007 0.948276 0.580242 0.942529 0.576790 0.939655 0.572045 0.929119 0.567299 0.917625 0.564711
0 0.978927 0.545298 0.969349 0.544866 0.958812 0.547023 0.945402 0.554789 0.940613 0.556514 0.935824 0.556514 0.934866 0.558671 0.930077 0.560397 0.934866 0.561260 0.936782 0.568594 0.952107 0.583693 0.971264 0.581967 0.996169 0.573770 1.000000 0.573770 1.000000 0.551337 0.996169 0.551337 0.988506 0.547455
0 0.898467 0.534081 0.888889 0.536238 0.882184 0.539689 0.876437 0.544435 0.871648 0.553063 0.875479 0.556514 0.885057 0.560828 0.899425 0.562123 0.914751 0.561691 0.935824 0.553494 0.934866 0.543572 0.936782 0.540552 0.932950 0.537532 0.928161 0.536238 0.910920 0.534081
0 0.822797 0.537532 0.817050 0.540984 0.811303 0.548318 0.814176 0.556946 0.818008 0.560397 0.828544 0.564280 0.837165 0.565574 0.848659 0.566005 0.860153 0.564711 0.866858 0.562123 0.870690 0.557808 0.869732 0.547455 0.863985 0.540552 0.857280 0.537532 0.849617 0.535807 0.839080 0.535375
0 0.786398 0.534513 0.773946 0.536670 0.763410 0.540552 0.759579 0.544866 0.760536 0.548749 0.768199 0.556946 0.777778 0.562554 0.795019 0.566437 0.804598 0.567299 0.813218 0.558240 0.810345 0.544435 0.805556 0.539258 0.796935 0.534944
0 0.831418 0.500863 0.812261 0.502588 0.803640 0.505608 0.800766 0.511217 0.795019 0.515099 0.792146 0.519845 0.793103 0.525884 0.812261 0.531924 0.820881 0.533218 0.835249 0.530630 0.841954 0.527610 0.850575 0.518119 0.849617 0.509060
0 0.859962 0.495643 0.848755 0.501035 0.853448 0.521570 0.866858 0.524159 0.883142 0.524590 0.890805 0.523727 0.895594 0.522002 0.898467 0.518550 0.897510 0.513374 0.893678 0.508197 0.883142 0.502157 0.871648 0.497455
0 0.812261 0.469370 0.797893 0.472390 0.793103 0.474547 0.788314 0.478430 0.788314 0.483607 0.791188 0.486195 0.801724 0.490940 0.820881 0.496549 0.830460 0.496549 0.847701 0.487489 0.844828 0.474978 0.832375 0.469370
0 0.954023 0.504745 0.948276 0.509491 0.941571 0.521139 0.946360 0.531493 0.953065 0.535375 0.958812 0.536238 0.985632 0.535375 0.991379 0.533650 0.994253 0.530198 0.994253 0.525022 0.990421 0.519845 0.974138 0.508197 0.961686 0.504314
0 0.892720 0.455997 0.882184 0.457722 0.870690 0.463330 0.867816 0.466350 0.868774 0.475410 0.871648 0.477998 0.886015 0.484469 0.891762 0.485764 0.903257 0.485764 0.909962 0.484901 0.917625 0.482312 0.927203 0.481450 0.930077 0.480155 0.932950 0.476273 0.932950 0.470233 0.928161 0.465487 0.917625 0.460742 0.901341 0.455997
0 0.970307 0.469802 0.958812 0.474547 0.951149 0.487058 0.951149 0.493960 0.954023 0.502588 0.962644 0.504314 0.969349 0.507334 0.979885 0.508628 0.987548 0.506903 1.000000 0.506471 1.000000 0.473253 0.996169 0.473253 0.982759 0.469802
0 1.000000 0.443917 0.988506 0.442623 0.975096 0.443054 0.959770 0.446506 0.949234 0.450820 0.947318 0.455565 0.950192 0.461605 0.959770 0.467645 0.972222 0.468507 1.000000 0.465487
0 0.885057 0.423641 0.879789 0.426661 0.875766 0.432485 0.880268 0.447800 0.888889 0.451682 0.907088 0.453408 0.925287 0.451251 0.929119 0.448231 0.929119 0.443486 0.926245 0.437877 0.918582 0.430544 0.913793 0.427524 0.892720 0.422778
0 0.836207 0.399482 0.827586 0.404228 0.822797 0.411562 0.824713 0.416739 0.831418 0.421053 0.865900 0.427092 0.883142 0.425367 0.891762 0.421053 0.900383 0.418464 0.901341 0.415013 0.895594 0.411562 0.893678 0.407679 0.876437 0.402071 0.859195 0.397757 0.847701 0.397757
0 0.819828 0.421657 0.812069 0.423986 0.811303 0.427524 0.810345 0.432701 0.813218 0.439172 0.817529 0.443141 0.831418 0.450388 0.846743 0.453408 0.863027 0.451682 0.875479 0.443917 0.875479 0.438740 0.872605 0.434426 0.866858 0.430975 0.846743 0.423641 0.833333 0.422347
0 0.776820 0.414582 0.767241 0.416307 0.761494 0.419327 0.757663 0.424504 0.755747 0.436583 0.759579 0.441329 0.766284 0.444780 0.788314 0.448663 0.795019 0.447800 0.806513 0.443054 0.809387 0.440035 0.809387 0.427092 0.805556 0.421915 0.793103 0.415876
0 0.735632 0.409836 0.725096 0.410267 0.707854 0.414582 0.700192 0.420190 0.697318 0.426661 0.697318 0.433563 0.701149 0.440035 0.705939 0.442623 0.737548 0.442192 0.743295 0.440035 0.749042 0.432701 0.748084 0.418896
0 0.693008 0.446462 0.689559 0.455781 0.696360 0.460742 0.705939 0.466782 0.713602 0.468507 0.732759 0.468507 0.753831 0.464625 0.762452 0.459016 0.769349 0.458412 0.770115 0.455565 0.770115 0.454271 0.770977 0.452028 0.764655 0.449223 0.756226 0.444003 0.739464 0.443054 0.709770 0.443054
0 0.633142 0.431406 0.615900 0.439172 0.613985 0.444349 0.620690 0.452977 0.638889 0.460311 0.650383 0.462899 0.663793 0.463762 0.675287 0.462899 0.682950 0.459879 0.688697 0.452545 0.687739 0.446937 0.682950 0.441760 0.675287 0.436583 0.658046 0.430544 0.638889 0.430112
0 0.594828 0.444780 0.578544 0.446937 0.571839 0.449957 0.568008 0.453408 0.566092 0.462899 0.568966 0.468076 0.574713 0.472390 0.593870 0.478861 0.595785 0.482312 0.605364 0.481450 0.611111 0.474978 0.619732 0.470664 0.622605 0.458585 0.620690 0.454702 0.613985 0.449094 0.609195 0.446937
0 0.589080 0.493960 0.581513 0.496419 0.575479 0.498361 0.574138 0.501122 0.571360 0.505091 0.569732 0.507377 0.570115 0.510915 0.575862 0.515272 0.582088 0.518507 0.592912 0.521570 0.605364 0.523727 0.614943 0.524159 0.632184 0.521570 0.638889 0.514236 0.638889 0.512511 0.636207 0.509922 0.635057 0.505608 0.626437 0.500863 0.608238 0.493960 0.600575 0.493097
0 0.545019 0.484469 0.534483 0.485332 0.528736 0.487921 0.517241 0.490078 0.509579 0.493960 0.505747 0.497843 0.505747 0.505608 0.525862 0.512942 0.535441 0.513805 0.552682 0.512511 0.561303 0.506040 0.560345 0.497843 0.555556 0.490078
0 0.431034 0.531061 0.421456 0.527179 0.410920 0.525453 0.387931 0.532355 0.378352 0.536670 0.373563 0.540552 0.373563 0.549180 0.377395 0.552200 0.407088 0.554789 0.422414 0.553063 0.431034 0.550906 0.439655 0.545298 0.440613 0.541846 0.439655 0.537964
0 0.352490 0.524159 0.324713 0.525453 0.317050 0.529767 0.309387 0.538395 0.310345 0.550475 0.313218 0.552200 0.329502 0.553063 0.343870 0.556083 0.357280 0.553494 0.362069 0.551337 0.365900 0.545298 0.367816 0.529336
0 0.239464 0.524590 0.236590 0.529336 0.235632 0.541415 0.238506 0.547023 0.245211 0.550475 0.257663 0.553063 0.272031 0.553494 0.283525 0.551769 0.295019 0.547886 0.297893 0.544435 0.294061 0.537101 0.277778 0.527610 0.268199 0.524590 0.258621 0.523296
0 0.273946 0.496549 0.252874 0.501294 0.247126 0.504314 0.242337 0.509060 0.242337 0.513805 0.255747 0.522433 0.284483 0.528473 0.295977 0.527179 0.301724 0.525453 0.306513 0.522002 0.307471 0.513374 0.303640 0.505608 0.299808 0.502157 0.287356 0.497412
0 0.097701 0.514668 0.090996 0.520708 0.090996 0.523296 0.100575 0.533218 0.112069 0.538395 0.124521 0.540984 0.133142 0.540984 0.151341 0.537101 0.159962 0.532787 0.162835 0.529767 0.160920 0.525884 0.154215 0.521570 0.143678 0.517256 0.124521 0.513374 0.109195 0.513374
0 0.486590 0.429249 0.482759 0.431406 0.479885 0.437015 0.479885 0.444349 0.482759 0.447800 0.500000 0.453408 0.523946 0.453408 0.530651 0.452114 0.538314 0.447368 0.539272 0.443917 0.536398 0.440466 0.536398 0.435289 0.530651 0.431838 0.513410 0.427524 0.498084 0.426661
0 0.430077 0.471959 0.427203 0.477998 0.429119 0.483607 0.433908 0.487921 0.439655 0.490509 0.468391 0.493960 0.475096 0.493960 0.483716 0.490509 0.487548 0.478430 0.484674 0.474547 0.474138 0.469802 0.465517 0.468076 0.447318 0.468076
0 0.395594 0.490078 0.389847 0.493097 0.385057 0.493960 0.384100 0.502157 0.395594 0.510785 0.403257 0.512942 0.417625 0.512942 0.433908 0.509922 0.441571 0.507334 0.450192 0.499137 0.447318 0.493960 0.431034 0.489215
0 0.318966 0.485764 0.320881 0.498706 0.324713 0.503020 0.331418 0.506040 0.342912 0.507765 0.357280 0.507765 0.371648 0.504745 0.378352 0.502157 0.381226 0.492666 0.378352 0.490078 0.367816 0.485764 0.351533 0.481881 0.345785 0.481450 0.331418 0.481881
0 0.212644 0.481881 0.212644 0.489646 0.219349 0.494392 0.227969 0.495686 0.265326 0.494392 0.280651 0.490509 0.287356 0.486626 0.284483 0.483607 0.275862 0.481881 0.264368 0.475841 0.250000 0.473253 0.221264 0.473684 0.215517 0.477567
0 0.221264 0.341674 0.212644 0.339085 0.202107 0.337791 0.187739 0.338654 0.178161 0.342968 0.166667 0.352459 0.165709 0.369284 0.176245 0.371441 0.186782 0.371009 0.198276 0.371872 0.204981 0.370578 0.232759 0.359793 0.236590 0.356342 0.235632 0.349871
0 0.255747 0.343831 0.242337 0.348145 0.238506 0.352459 0.240421 0.364970 0.245211 0.371009 0.255747 0.374461 0.265326 0.372735 0.285441 0.373598 0.294061 0.371872 0.300766 0.368421 0.301724 0.359793 0.291188 0.348576 0.282567 0.344262 0.274904 0.342968
0 0.327586 0.349439 0.321839 0.352459 0.316092 0.353322 0.310345 0.360656 0.310345 0.365401 0.313218 0.370147 0.333333 0.378775 0.361111 0.377912 0.364943 0.377049 0.379310 0.369284 0.381226 0.366695 0.380268 0.360224 0.373563 0.356342 0.352490 0.349008 0.336207 0.348145
0 0.431034 0.336497 0.416667 0.336928 0.404215 0.340811 0.392720 0.346419 0.384100 0.353322 0.385057 0.357636 0.394636 0.363676 0.402299 0.366264 0.420498 0.369284 0.431034 0.367990 0.440613 0.364970 0.448276 0.360224 0.454023 0.353753 0.454023 0.345557 0.450192 0.341242
0 0.534483 0.326143 0.518199 0.326143 0.500000 0.330889 0.495211 0.333909 0.493295 0.336928 0.495211 0.345988 0.503831 0.350733 0.515326 0.353753 0.526820 0.353753 0.543103 0.350733 0.554598 0.343399 0.556513 0.337791 0.552682 0.333477 0.545019 0.329163
0 0.578544 0.339517 0.553640 0.345125 0.547893 0.349008 0.547893 0.353753 0.551724 0.357636 0.563218 0.361950 0.581418 0.364538 0.590996 0.363676 0.598659 0.361087 0.602490 0.357636 0.604406 0.352459 0.601533 0.347714 0.591954 0.341674 0.587165 0.339948
0 0.674330 0.333477 0.655172 0.333909 0.640805 0.337791 0.636015 0.341674 0.637931 0.355479 0.646552 0.361950 0.656130 0.364538 0.667625 0.364538 0.680077 0.362381 0.701149 0.354616 0.704023 0.350733 0.704023 0.345557 0.700192 0.342968 0.681992 0.335203
0 0.763410 0.327869 0.751916 0.327869 0.739464 0.329594 0.727011 0.334771 0.724138 0.337360 0.722222 0.345125 0.724138 0.350302 0.734674 0.355910 0.743295 0.357636 0.751916 0.362813 0.759579 0.361950 0.772031 0.355479 0.778736 0.350302 0.780651 0.345988 0.780651 0.340380 0.776820 0.333909 0.771073 0.330026
0 0.816092 0.330026 0.802682 0.330026 0.795977 0.331320 0.782567 0.338223 0.780651 0.340811 0.778736 0.349871 0.781609 0.353322 0.792146 0.359793 0.802682 0.362381 0.821839 0.361087 0.834291 0.354616 0.840996 0.345988 0.839080 0.336928 0.832375 0.333477
0 0.882184 0.335203 0.874521 0.337360 0.863985 0.342537 0.857280 0.353322 0.857280 0.358067 0.859195 0.361950 0.864943 0.364970 0.877395 0.366695 0.893678 0.366695 0.901341 0.365401 0.908046 0.361950 0.910920 0.349439 0.909004 0.345557 0.900383 0.339085 0.891762 0.335634
0 0.943487 0.370578 0.921456 0.369284 0.903257 0.371872 0.894636 0.374892 0.889847 0.380069 0.887931 0.389129 0.889847 0.392148 0.899425 0.397757 0.915709 0.399914 0.929119 0.399482 0.945402 0.397757 0.957854 0.393443 0.960728 0.389560 0.958812 0.380500 0.952107 0.373167
0 0.995211 0.408973 0.985632 0.415013 0.983716 0.427955 0.985632 0.431838 0.995211 0.437015 1.000000 0.437015 1.000000 0.408973
0 0.812261 0.375755 0.807471 0.386109 0.811303 0.392148 0.817050 0.395168 0.829502 0.397325 0.840038 0.397757 0.855364 0.396462 0.866858 0.393443 0.868774 0.383952 0.857280 0.376618 0.846743 0.372304 0.840038 0.370578 0.829502 0.369715 0.822797 0.371009
0 0.672414 0.399914 0.645594 0.398188 0.636973 0.399914 0.628352 0.403365 0.621648 0.411562 0.620690 0.417601 0.625479 0.424504 0.635057 0.428387 0.656130 0.427955 0.665709 0.425367 0.677203 0.419758 0.681034 0.406385
0 0.588123 0.372735 0.580460 0.375324 0.572797 0.380069 0.568966 0.384814 0.568966 0.388697 0.574713 0.392580 0.578544 0.401208 0.595785 0.404228 0.605364 0.404228 0.615900 0.402071 0.623563 0.396462 0.625479 0.392148 0.622605 0.383520 0.613985 0.376186 0.606322 0.373598 0.595785 0.372304
0 0.556513 0.362813 0.540230 0.362381 0.508621 0.368852 0.493295 0.376618 0.493295 0.380932 0.517241 0.389991 0.536398 0.389991 0.552682 0.389129 0.559387 0.387834 0.566092 0.382657 0.566092 0.373598 0.562261 0.366695
0 0.501916 0.360224 0.492337 0.356342 0.477011 0.353322 0.469349 0.353322 0.455939 0.356342 0.447318 0.361950 0.442529 0.368852 0.442529 0.373598 0.447318 0.380932 0.457854 0.381363 0.465517 0.379206 0.490134 0.377351 0.495307 0.375022 0.500000 0.372304 0.506130 0.369154 0.505747 0.364538
0 0.406609 0.367860 0.395594 0.367903 0.384100 0.372735 0.384100 0.384383 0.384100 0.392580 0.386015 0.396462 0.395594 0.400777 0.413793 0.404228 0.432950 0.401208 0.442529 0.396894 0.445402 0.382226 0.440613 0.377049 0.433908 0.373598 0.421456 0.370578
0 0.214559 0.380932 0.199234 0.380500 0.186782 0.382657 0.171456 0.387834 0.164751 0.392580 0.163793 0.399051 0.166667 0.405091 0.172414 0.408542 0.186782 0.413287 0.196360 0.412425 0.213602 0.408973 0.225096 0.408110 0.230843 0.406816 0.237548 0.400777 0.235632 0.393874 0.225096 0.384814
0 0.327586 0.407679 0.299808 0.400345 0.281609 0.400345 0.264368 0.401639 0.251916 0.403796 0.246169 0.408542 0.244253 0.412425 0.251916 0.421484 0.264368 0.427955 0.282567 0.428818 0.296935 0.422347 0.318966 0.416307 0.320881 0.414150 0.326628 0.412425
0 0.441571 0.428387 0.430077 0.433132 0.421456 0.443486 0.422414 0.455565 0.429119 0.459448 0.447318 0.459448 0.454981 0.461173 0.459770 0.461173 0.465517 0.459879 0.468391 0.455565 0.468391 0.451251 0.477011 0.444780 0.476054 0.438309 0.464559 0.431406 0.450192 0.428387
0 0.412835 0.425367 0.407088 0.423641 0.394636 0.423641 0.372605 0.427092 0.360153 0.430975 0.351533 0.435720 0.349617 0.438740 0.350575 0.444349 0.360153 0.449525 0.368774 0.451682 0.381226 0.451251 0.397510 0.446506 0.405172 0.445643 0.414751 0.439603 0.415709 0.427524
0 0.337165 0.418464 0.317050 0.416739 0.312261 0.418896 0.297893 0.422347 0.287356 0.427524 0.283525 0.435720 0.290230 0.440035 0.308429 0.447800 0.317050 0.447368 0.328544 0.444349 0.337165 0.443917 0.347701 0.439172 0.350575 0.433132 0.350575 0.427092 0.345785 0.421484
0 0.183908 0.446937 0.179119 0.453840 0.180077 0.463330 0.186782 0.470664 0.197318 0.474547 0.211686 0.475841 0.224138 0.472390 0.239464 0.471096 0.244253 0.465919 0.244253 0.459016 0.240421 0.453840 0.230843 0.446074 0.222222 0.444349 0.210728 0.444349 0.206897 0.445211 0.193487 0.444780
0 0.266284 0.437446 0.255747 0.440035 0.250000 0.447800 0.252874 0.459016 0.264368 0.465056 0.272989 0.466782 0.292146 0.466350 0.301724 0.462899 0.306513 0.459016 0.307471 0.454702 0.300766 0.446506 0.291188 0.440466 0.281609 0.437446
0 0.314176 0.449525 0.311303 0.452545 0.311303 0.458154 0.314176 0.463330 0.322797 0.469802 0.331418 0.471959 0.342912 0.472821 0.360153 0.471527 0.364943 0.470233 0.371648 0.463762 0.371648 0.458154 0.364943 0.452977 0.353448 0.448663 0.352490 0.446937 0.346743 0.445643 0.330460 0.445643 0.320881 0.446937
0 0.676245 0.755393 0.669540 0.769198 0.669540 0.771786 0.673372 0.773512 0.691571 0.773080 0.704023 0.776100 0.715517 0.777394 0.724138 0.776963 0.729885 0.775237 0.733716 0.770492 0.732759 0.764452 0.727011 0.756687 0.719349 0.752804 0.711686 0.751941 0.695402 0.752373 0.682950 0.753667
0 0.820881 0.756255 0.806034 0.762511 0.804310 0.769154 0.812261 0.775669 0.826628 0.779551 0.841954 0.781708 0.851533 0.781277 0.865900 0.777394 0.870690 0.773512 0.873563 0.763158 0.869732 0.759707 0.852490 0.755393
0 0.769157 0.741588 0.764368 0.746764 0.766284 0.756687 0.770115 0.759707 0.780651 0.762295 0.799808 0.761864 0.815134 0.759275 0.822797 0.756255 0.833333 0.748921 0.833333 0.746764 0.830460 0.745039 0.814176 0.740725 0.784483 0.739431
0 0.874521 0.725194 0.863985 0.725194 0.853448 0.728645 0.842912 0.736411 0.836207 0.743745 0.835728 0.749396 0.840421 0.753926 0.864943 0.757118 0.874521 0.756255 0.889847 0.751079 0.894636 0.748490 0.901341 0.740725 0.900383 0.736411 0.893678 0.731665
0 0.898467 0.748059 0.890805 0.750647 0.886973 0.755393 0.886015 0.764452 0.890805 0.770492 0.897510 0.772217 0.910920 0.773080 0.916667 0.775237 0.927203 0.775237 0.942529 0.771786 0.947318 0.765746 0.947318 0.759275 0.943487 0.754098 0.934866 0.749784 0.918582 0.747196
0 0.906130 0.727783 0.903257 0.739862 0.905172 0.742450 0.914751 0.745902 0.931992 0.747196 0.952107 0.745902 0.956897 0.745039 0.975096 0.736842 0.972222 0.733822 0.960728 0.728214 0.943487 0.724331 0.916667 0.723037
0 0.995211 0.723900 0.990421 0.728645 0.993295 0.729508 0.995211 0.732528 1.000000 0.732528 1.000000 0.723900
0 0.983525 0.738266 0.977011 0.740940 0.971360 0.746549 0.977011 0.752373 0.991475 0.760613 1.000000 0.761691 1.000000 0.751510 1.000000 0.745988 1.000000 0.739603 0.997989 0.735893
0 0.979885 0.703624 0.968391 0.703624 0.958812 0.704918 0.948276 0.707506 0.939655 0.712252 0.940613 0.716997 0.947318 0.723037 0.968391 0.729940 0.978927 0.729508 0.986590 0.727351 1.000000 0.725626 1.000000 0.708369 0.996169 0.708369 0.989464 0.705349
0 0.917625 0.695427 0.899425 0.694564 0.885057 0.697153 0.879310 0.699741 0.872605 0.701035 0.864943 0.705781 0.864943 0.713115 0.867816 0.713115 0.854789 0.717127 0.858716 0.717472 0.859674 0.719284 0.869732 0.720880 0.889847 0.723037 0.909962 0.722174 0.919540 0.720880 0.928161 0.717860 0.931034 0.713978 0.931034 0.705349 0.927203 0.700604
0 0.783525 0.712683 0.775862 0.716566 0.770115 0.723900 0.772031 0.728645 0.776820 0.732097 0.788314 0.737274 0.802682 0.740293 0.829502 0.736842 0.838123 0.729077 0.838123 0.723469 0.834291 0.720449 0.813218 0.711821 0.793103 0.710526
0 0.742337 0.728214 0.725096 0.731234 0.715517 0.734254 0.713602 0.738568 0.716475 0.748490 0.726054 0.754961 0.734674 0.754961 0.741379 0.757118 0.753831 0.757550 0.762452 0.751079 0.766284 0.742450 0.766284 0.735548 0.761494 0.729940 0.753831 0.728214
0 0.720307 0.693701 0.705939 0.694133 0.692529 0.696290 0.681034 0.701035 0.677203 0.704918 0.679119 0.711821 0.687739 0.717860 0.697318 0.720880 0.708812 0.722606 0.726054 0.721743 0.735632 0.720017 0.745211 0.715272 0.747126 0.704918 0.744253 0.701035 0.730843 0.695427