0 0.739130 0.545652 0.731401 0.546522 0.719807 0.550000 0.716908 0.552174 0.716908 0.558261 0.728502 0.570870 0.740097 0.574348 0.746860 0.574783 0.758454 0.572609 0.764251 0.564783 0.776812 0.558696 0.778744 0.555652 0.774879 0.551739 0.767150 0.547826 0.753623 0.545652
0 0.995169 0.935217 0.977778 0.940000 0.974879 0.944783 0.976812 0.949130 0.984541 0.954783 0.995169 0.960000 1.000000 0.960000 1.000000 0.935217
0 0.066667 0.985652 0.064734 0.987826 0.066667 1.000000 0.124638 1.000000 0.126570 0.995217 0.125604 0.988696 0.121739 0.984348 0.101449 0.980435 0.087923 0.980435 0.073430 0.982609
0 0.142029 0.974783 0.134300 0.977826 0.128502 0.982609 0.127536 0.987391 0.131401 0.992609 0.140097 0.997391 0.144928 0.998261 0.144928 1.000000 0.178744 1.000000 0.178744 0.998261 0.189372 0.994783 0.193237 0.990435 0.190338 0.983043 0.186473 0.979130 0.181643 0.976957 0.165217 0.973478 0.149758 0.973043
0 0.195169 0.982174 0.194203 0.987391 0.197101 0.992174 0.202899 0.995652 0.212560 0.998261 0.212560 1.000000 0.261836 1.000000 0.261836 0.997826 0.268599 0.991304 0.269565 0.985652 0.267633 0.982174 0.258937 0.978261 0.248309 0.976522 0.228019 0.975217 0.207729 0.977826
0 0.261836 0.946087 0.253140 0.944783 0.241546 0.944783 0.228986 0.950000 0.221256 0.956087 0.218357 0.962609 0.220290 0.970870 0.223188 0.973478 0.227053 0.974348 0.239614 0.973913 0.255072 0.970870 0.274396 0.963913 0.278261 0.960435 0.283092 0.959130 0.274396 0.950870
0 0.222222 0.950870 0.203865 0.949565 0.191304 0.951304 0.178744 0.951739 0.166184 0.954783 0.160386 0.960000 0.160386 0.963913 0.165217 0.969130 0.174879 0.973043 0.185507 0.975652 0.200000 0.975652 0.208696 0.973913 0.216425 0.970000 0.217391 0.959130
0 0.151691 0.950870 0.137198 0.948261 0.108213 0.950435 0.096618 0.953478 0.089855 0.959130 0.087923 0.963043 0.099517 0.970000 0.116908 0.973478 0.128502 0.973913 0.142995 0.972174 0.148792 0.970435 0.151691 0.966957 0.159420 0.962609 0.159420 0.954783
0 0.139130 0.921739 0.135266 0.920435 0.125604 0.919565 0.099517 0.922174 0.078261 0.932174 0.073430 0.935652 0.072464 0.940870 0.075362 0.943478 0.096618 0.947826 0.106280 0.948696 0.118841 0.948696 0.132367 0.945652 0.140097 0.941739 0.144928 0.932609
0 0.206763 0.935217 0.202899 0.931304 0.196135 0.928261 0.169082 0.929130 0.157488 0.931304 0.152657 0.934348 0.146860 0.935217 0.142995 0.936957 0.142029 0.940435 0.146860 0.943478 0.169082 0.948696 0.189372 0.950870 0.196135 0.950000 0.201932 0.947391 0.205797 0.943478 0.203865 0.939130
0 0.196135 0.905217 0.187440 0.902609 0.176812 0.903043 0.151691 0.908696 0.140097 0.915652 0.142029 0.920435 0.151691 0.923913 0.167150 0.926957 0.187440 0.926087 0.198068 0.920870 0.201932 0.916957 0.201932 0.912174
0 0.082126 0.900435 0.078261 0.906957 0.078261 0.913913 0.081159 0.916957 0.090821 0.920870 0.102415 0.921739 0.133333 0.918696 0.140097 0.916957 0.142029 0.913478 0.141063 0.903913 0.128502 0.897826 0.115942 0.895217 0.103382 0.894783 0.099517 0.893043 0.096618 0.895217 0.090821 0.896087 0.088889 0.898261
0 0.173913 0.881739 0.166184 0.881304 0.153623 0.882609 0.135266 0.888696 0.135266 0.900435 0.138164 0.902609 0.151691 0.906087 0.160386 0.906087 0.187440 0.900870 0.190338 0.896957 0.188406 0.888696 0.183575 0.886957 0.180676 0.883913
0 0.117874 0.862609 0.090821 0.868261 0.082126 0.880435 0.084058 0.885217 0.090821 0.889130 0.104348 0.890435 0.108213 0.892174 0.116908 0.891739 0.134300 0.887826 0.141063 0.884783 0.144928 0.880870 0.145894 0.875652 0.141063 0.868696 0.130435 0.864348
0 0.232850 0.891304 0.221256 0.891739 0.203865 0.896087 0.198068 0.900435 0.199034 0.904348 0.202899 0.906957 0.207729 0.914348 0.211594 0.916087 0.220290 0.917391 0.228986 0.916087 0.241546 0.908696 0.244444 0.904348 0.245411 0.899565 0.242512 0.893913
0 0.186473 0.872609 0.180676 0.881304 0.187440 0.887391 0.203865 0.891739 0.223188 0.891304 0.231884 0.889130 0.237681 0.885217 0.237681 0.880870 0.230918 0.874783 0.207729 0.876087 0.199034 0.874783 0.196135 0.873043
0 0.245411 0.866957 0.236715 0.873043 0.241546 0.880870 0.260870 0.886522 0.283092 0.886522 0.293720 0.877391 0.294686 0.872174 0.292754 0.870435 0.282126 0.866957 0.266667 0.864783 0.256039 0.864348
0 0.248309 0.892609 0.246377 0.894348 0.248309 0.904783 0.258937 0.912609 0.264734 0.915217 0.273430 0.916957 0.285024 0.916957 0.303382 0.913478 0.310145 0.910435 0.317874 0.904348 0.319807 0.901304 0.318841 0.898261 0.298551 0.889565 0.264734 0.888696 0.256039 0.889565
0 0.289855 0.858696 0.289855 0.865652 0.304348 0.872174 0.350725 0.872174 0.355556 0.870435 0.353623 0.864783 0.346860 0.859565 0.335266 0.854348 0.321739 0.850870 0.314010 0.850435 0.307246 0.851304
0 0.301449 0.873478 0.295652 0.879130 0.295652 0.885217 0.299517 0.889565 0.315942 0.896957 0.322705 0.898696 0.333333 0.898696 0.345894 0.896957 0.354589 0.893478 0.362319 0.885652 0.361353 0.877826 0.353623 0.876522 0.353623 0.873043 0.343961 0.872174 0.314010 0.872174
0 0.320773 0.903913 0.317874 0.906957 0.319807 0.910870 0.347826 0.922609 0.351691 0.923478 0.366184 0.923043 0.373913 0.921739 0.380676 0.919130 0.385507 0.907391 0.383575 0.904348 0.376812 0.901739 0.362319 0.899565 0.350725 0.899565 0.325604 0.902174
0 0.351691 0.923478 0.333333 0.917391 0.320773 0.916522 0.309179 0.913913 0.299517 0.914348 0.286957 0.917826 0.281159 0.923043 0.281159 0.928261 0.285024 0.934348 0.294686 0.938696 0.298551 0.939565 0.313043 0.939565 0.341063 0.934348 0.352657 0.928261
0 0.219324 0.920435 0.209662 0.926957 0.209662 0.932174 0.216425 0.938261 0.225121 0.941304 0.239614 0.943913 0.257971 0.943913 0.269565 0.940000 0.279227 0.934783 0.281159 0.932609 0.280193 0.923913 0.267633 0.919130 0.250242 0.917391 0.238647 0.917391 0.226087 0.918696
0 0.294686 0.965217 0.288889 0.966087 0.273430 0.974348 0.273430 0.979565 0.284058 0.987391 0.290821 0.989130 0.301449 0.989130 0.313043 0.987391 0.325604 0.983043 0.330435 0.979565 0.330435 0.975652 0.312077 0.966087
0 0.352657 0.942174 0.340097 0.941739 0.324638 0.943478 0.314010 0.946522 0.308213 0.950000 0.308213 0.955652 0.315942 0.965652 0.326570 0.971739 0.344928 0.972609 0.351691 0.971304 0.366184 0.962609 0.371981 0.954348 0.371014 0.947826 0.364251 0.944348
0 0.387440 0.961739 0.371981 0.965217 0.360386 0.966522 0.349758 0.975217 0.342995 0.978696 0.342995 0.986957 0.356522 0.990870 0.375845 0.993478 0.388406 0.992609 0.398068 0.989565 0.406763 0.980435 0.410628 0.978696 0.411594 0.973478 0.409662 0.970870 0.396135 0.963478
0 0.412560 0.977826 0.397101 0.989130 0.398068 0.995652 0.395169 0.997391 0.395169 1.000000 0.451208 1.000000 0.451208 0.998261 0.457971 0.996522 0.463768 0.993043 0.464734 0.990000 0.457971 0.985652 0.432850 0.977391
0 0.413527 0.936087 0.403865 0.936087 0.395169 0.940870 0.388406 0.939565 0.377778 0.940000 0.374879 0.942609 0.373913 0.949130 0.376812 0.956087 0.383575 0.959565 0.396135 0.961304 0.418357 0.959130 0.430918 0.955217 0.435749 0.952174 0.436715 0.946957
0 0.447343 0.905217 0.429952 0.899130 0.411594 0.897391 0.400966 0.900435 0.388406 0.908261 0.383575 0.913913 0.384541 0.919130 0.396135 0.924783 0.414493 0.925217 0.430918 0.923478 0.448309 0.919565 0.453140 0.916522 0.453140 0.910435
0 0.455072 0.918696 0.453140 0.927826 0.456039 0.930435 0.466667 0.933913 0.491787 0.934348 0.521739 0.931304 0.528502 0.928696 0.528502 0.926957 0.520773 0.920000 0.514010 0.916087 0.502415 0.911739 0.492754 0.909565 0.483092 0.908696 0.473430 0.909565 0.463768 0.912609
0 0.499517 0.953043 0.482126 0.961304 0.475362 0.967391 0.474396 0.971304 0.478261 0.974783 0.489855 0.979565 0.499517 0.981739 0.509179 0.982609 0.533333 0.980435 0.536232 0.979130 0.538164 0.974783 0.533333 0.958696 0.526570 0.955217 0.517874 0.953043 0.510145 0.952174
0 0.556522 0.990000 0.550725 0.984783 0.543961 0.981739 0.525604 0.981739 0.508213 0.983478 0.491787 0.990870 0.490821 1.000000 0.552657 1.000000
0 0.451208 0.997826 0.451208 1.000000 0.488889 1.000000 0.488889 0.997391 0.485990 0.996087 0.476329 0.994783 0.458937 0.994783
0 0.622222 0.963913 0.601932 0.968696 0.588406 0.976087 0.583575 0.981739 0.586473 0.989565 0.600000 0.995652 0.613527 0.997391 0.623188 0.997391 0.634783 0.995217 0.645411 0.990000 0.653140 0.983043 0.651208 0.980000 0.641546 0.974348 0.639614 0.971739 0.624155 0.970435 0.630918 0.968261 0.630918 0.966522
0 0.607729 0.957826 0.596135 0.956957 0.578744 0.953043 0.558454 0.953913 0.545894 0.956522 0.538164 0.960435 0.537198 0.967826 0.540097 0.973913 0.547826 0.980000 0.558454 0.982174 0.568116 0.982174 0.582609 0.979565 0.609662 0.963913 0.610628 0.961739
0 0.595169 0.925652 0.587440 0.928261 0.581643 0.932609 0.571981 0.936957 0.567150 0.942609 0.568116 0.947826 0.574879 0.952174 0.583575 0.954348 0.594203 0.955652 0.607729 0.955652 0.620290 0.953913 0.628986 0.951304 0.632850 0.946522 0.632850 0.941304 0.628019 0.937391 0.604831 0.926522
0 0.553623 0.903043 0.543961 0.907826 0.542995 0.913478 0.555556 0.924783 0.562319 0.928261 0.578744 0.929130 0.583575 0.927826 0.596135 0.919130 0.600000 0.914783 0.604831 0.912609 0.602899 0.908696 0.595169 0.905217 0.581643 0.902174 0.564251 0.901739
0 0.622222 0.911304 0.614493 0.916087 0.611594 0.920000 0.611594 0.924783 0.620290 0.929565 0.632850 0.933913 0.645411 0.936522 0.666667 0.936087 0.674396 0.933043 0.676329 0.923913 0.674396 0.919130 0.653140 0.907826 0.648309 0.906957 0.636715 0.907391
0 0.661836 0.938261 0.649275 0.937826 0.637681 0.941739 0.635749 0.950000 0.631884 0.954783 0.637681 0.960000 0.650242 0.960000 0.662802 0.958696 0.677295 0.955652 0.680193 0.951739 0.673430 0.943478
0 0.647343 0.960435 0.640580 0.966087 0.640580 0.967826 0.647343 0.976522 0.656039 0.980870 0.663768 0.982609 0.683092 0.982174 0.692754 0.978696 0.695652 0.962609 0.690821 0.960435 0.674396 0.958696 0.661836 0.958696
0 0.639614 0.993913 0.640580 1.000000 0.704348 1.000000 0.704348 0.993478 0.691787 0.985217 0.683092 0.983043 0.671498 0.982609 0.656039 0.984348 0.644444 0.990000
0 0.705314 0.967826 0.697585 0.973043 0.689855 0.982174 0.693720 0.987391 0.708213 0.993913 0.720773 0.994348 0.734300 0.993043 0.750725 0.986522 0.751691 0.982174 0.747826 0.978696 0.728502 0.967826 0.720773 0.966957
0 0.744928 0.997826 0.735266 0.993478 0.714976 0.993913 0.704348 0.997391 0.704348 1.000000 0.744928 1.000000
0 0.742029 0.997826 0.742029 1.000000 0.797101 1.000000 0.797101 0.997826 0.789372 0.993913 0.771014 0.990870 0.759420 0.991739 0.747826 0.993913
0 0.754589 0.978261 0.754589 0.982609 0.759420 0.986087 0.777778 0.990870 0.790338 0.991304 0.798068 0.990435 0.805797 0.986087 0.807729 0.983478 0.806763 0.974348 0.795169 0.970435 0.785507 0.970435 0.777778 0.971739
0 0.802899 0.990000 0.803865 0.994783 0.808696 0.997391 0.809662 1.000000 0.857971 1.000000 0.857005 0.985217 0.846377 0.983913 0.835749 0.980435 0.829952 0.979565 0.820290 0.982174 0.813527 0.985217 0.809662 0.985652
0 0.862802 0.990000 0.861836 1.000000 0.924638 1.000000 0.924638 0.993478 0.920773 0.990000 0.907246 0.984783 0.893720 0.983478 0.872464 0.984783
0 1.000000 0.991304 0.957488 0.991739 0.942995 0.997826 0.942995 1.000000 1.000000 1.000000
0 0.988406 0.976087 0.978744 0.971739 0.948792 0.973043 0.933333 0.977826 0.933333 0.986087 0.937198 0.988261 0.952657 0.990870 0.977778 0.990870 0.990338 0.986087 0.991304 0.980870
0 0.994203 0.973043 0.990338 0.974783 0.990338 0.980000 0.995169 0.989130 1.000000 0.989130 1.000000 0.973043
0 0.894686 0.967391 0.884058 0.962174 0.875362 0.961304 0.863768 0.961739 0.847343 0.964783 0.836715 0.969130 0.828986 0.973478 0.829952 0.978696 0.847343 0.982174 0.888889 0.980000 0.894686 0.978261 0.898551 0.974783
0 0.803865 0.950435 0.795169 0.954783 0.795169 0.960870 0.806763 0.966957 0.815459 0.969130 0.819324 0.971304 0.830918 0.971739 0.839614 0.966957 0.848309 0.959565 0.844444 0.955217 0.837681 0.950870 0.831884 0.949130 0.818357 0.948696
0 0.767150 0.944348 0.752657 0.946087 0.732367 0.956087 0.728502 0.960000 0.732367 0.966522 0.744928 0.971304 0.770048 0.973478 0.773913 0.971739 0.783575 0.970435 0.788406 0.968261 0.794203 0.962609 0.789372 0.958261 0.784541 0.950000 0.777778 0.946087
0 0.679227 0.925652 0.676329 0.928261 0.678261 0.944783 0.685024 0.954783 0.693720 0.957391 0.704348 0.957391 0.727536 0.952609 0.737198 0.947826 0.740097 0.943913 0.727536 0.933913 0.718841 0.930000 0.709179 0.927826 0.683092 0.925217
0 0.738164 0.917826 0.733333 0.919130 0.728502 0.923478 0.727536 0.929130 0.730435 0.935217 0.734300 0.939130 0.741063 0.941739 0.750725 0.943478 0.759420 0.943043 0.773913 0.939130 0.784541 0.931304 0.784541 0.926957 0.777778 0.923043 0.763285 0.919130 0.752657 0.917391
0 0.812560 0.918261 0.800966 0.921739 0.793237 0.926957 0.788406 0.934348 0.789372 0.939565 0.794203 0.943913 0.804831 0.947391 0.811594 0.948261 0.832850 0.947391 0.839614 0.945217 0.853140 0.935652 0.853140 0.930870 0.846377 0.926087 0.823188 0.918261
0 0.877295 0.930435 0.867633 0.931304 0.855072 0.935217 0.844444 0.943913 0.843478 0.950870 0.846377 0.954348 0.850242 0.955652 0.858937 0.956522 0.871498 0.960000 0.885024 0.960000 0.896618 0.954783 0.900483 0.948696 0.901449 0.939565 0.897585 0.935217 0.888889 0.931304
0 0.923671 0.927391 0.911111 0.931739 0.906280 0.935217 0.904348 0.940435 0.911111 0.944348 0.924638 0.949130 0.943961 0.951304 0.952657 0.947826 0.953623 0.944783 0.960386 0.939130 0.962319 0.936087 0.960386 0.932174 0.951691 0.927391 0.946860 0.926522
0 0.907246 0.952174 0.902415 0.953043 0.892754 0.958696 0.891787 0.963043 0.899517 0.973913 0.902415 0.976087 0.914010 0.978261 0.931401 0.977391 0.947826 0.970000 0.949758 0.963043 0.947826 0.957826 0.930435 0.952609 0.918841 0.951739
0 0.960386 0.942609 0.955556 0.949565 0.951691 0.952174 0.948792 0.958261 0.950725 0.966087 0.960386 0.971739 0.978744 0.971304 0.989372 0.967391 0.992271 0.963478 0.991304 0.960000 0.986473 0.955217 0.974879 0.948696 0.971981 0.945217
0 0.970048 0.890000 0.958454 0.890000 0.950725 0.891304 0.940097 0.900000 0.942995 0.912174 0.951691 0.917826 0.959420 0.920000 0.970048 0.918261 0.979710 0.913478 0.992271 0.901304 0.993237 0.896522 0.984541 0.891739
0 0.886957 0.881304 0.883092 0.883478 0.881159 0.886957 0.882126 0.893478 0.886957 0.899565 0.895652 0.904348 0.901449 0.905652 0.917874 0.905652 0.926570 0.903913 0.937198 0.897391 0.937198 0.892174 0.926570 0.886522 0.915942 0.883913 0.891787 0.880870
0 0.860870 0.896522 0.849275 0.896957 0.843478 0.898696 0.836715 0.903913 0.834783 0.908696 0.837681 0.919130 0.842512 0.923043 0.856039 0.929130 0.865700 0.928261 0.884058 0.920000 0.895652 0.908261 0.893720 0.904348 0.887923 0.900870
0 0.804831 0.896957 0.793237 0.899130 0.785507 0.903478 0.783575 0.912609 0.789372 0.919565 0.794203 0.920870 0.801932 0.920000 0.813527 0.916957 0.832850 0.908696 0.829952 0.904783 0.821256 0.900000
0 0.747826 0.889130 0.742029 0.890435 0.724638 0.899130 0.721739 0.903913 0.723671 0.908696 0.727536 0.910435 0.751691 0.915217 0.762319 0.915652 0.771981 0.914783 0.777778 0.913478 0.782609 0.910000 0.783575 0.900000 0.780676 0.895652 0.770048 0.890000 0.761353 0.888696
0 0.700483 0.890435 0.711111 0.893043 0.718841 0.896522 0.720773 0.899565 0.719807 0.908696 0.716908 0.910000 0.715942 0.912609 0.704348 0.916522 0.693720 0.918261 0.682126 0.918696 0.658937 0.908261 0.655072 0.904783 0.656039 0.900000 0.661836 0.895652 0.677295 0.890870 0.685990 0.890000
0 0.584541 0.888261 0.578744 0.892609 0.586473 0.900870 0.610628 0.908696 0.622222 0.908696 0.631884 0.906087 0.644444 0.894783 0.644444 0.890870 0.641546 0.888261 0.630918 0.884783 0.624155 0.883913 0.606763 0.884348
0 0.648309 0.868696 0.635749 0.873043 0.634783 0.879565 0.636715 0.883043 0.648309 0.888696 0.655072 0.890000 0.666667 0.890435 0.680193 0.887391 0.686957 0.884348 0.689855 0.881304 0.689855 0.872609 0.685990 0.870435 0.677295 0.868261
0 0.516908 0.879130 0.508213 0.880870 0.501449 0.884348 0.498551 0.888261 0.499517 0.894348 0.507246 0.903043 0.515942 0.906087 0.524638 0.906087 0.539130 0.903043 0.558454 0.895217 0.561353 0.893043 0.561353 0.888261 0.546860 0.882174
0 0.446377 0.876087 0.437681 0.878696 0.428986 0.885217 0.428019 0.890000 0.429952 0.892609 0.436715 0.895217 0.446377 0.896957 0.465700 0.897826 0.479227 0.892609 0.482126 0.888261 0.457971 0.877826
0 0.422222 0.865217 0.413527 0.861739 0.403865 0.860870 0.378744 0.866522 0.367150 0.872609 0.366184 0.882609 0.368116 0.884348 0.378744 0.887391 0.389372 0.888696 0.413527 0.888261 0.425121 0.884783 0.430918 0.880870 0.432850 0.876087 0.428986 0.869565
0 0.522705 0.863478 0.495652 0.859130 0.474396 0.858696 0.468599 0.859565 0.460870 0.862174 0.457971 0.864783 0.459903 0.877391 0.473430 0.884348 0.482126 0.886522 0.493720 0.885217 0.517874 0.877826 0.527536 0.872609 0.530435 0.868696
0 0.548792 0.872174 0.548792 0.881739 0.557488 0.886087 0.563285 0.887391 0.571014 0.887826 0.601932 0.885217 0.609662 0.883913 0.615459 0.881304 0.614493 0.876957 0.606763 0.871304 0.583575 0.863043 0.565217 0.863043 0.554589 0.867391
0 0.749758 0.864348 0.742995 0.863913 0.725604 0.865217 0.709179 0.869130 0.704348 0.873043 0.704348 0.878261 0.707246 0.881304 0.718841 0.886522 0.734300 0.890870 0.744928 0.889565 0.766184 0.877391 0.764251 0.869130
0 0.786473 0.856087 0.766184 0.861739 0.764251 0.863478 0.766184 0.872174 0.773913 0.876957 0.789372 0.879565 0.804831 0.879130 0.810628 0.876957 0.820290 0.870000 0.823188 0.864783 0.819324 0.861304 0.805797 0.856087
0 0.854106 0.887826 0.849275 0.882609 0.830918 0.874348 0.813527 0.876087 0.808696 0.879565 0.795169 0.880000 0.786473 0.884783 0.786473 0.888696 0.795169 0.893478 0.821256 0.898261 0.839614 0.897826 0.850242 0.896087 0.854106 0.893478
0 0.857971 0.856087 0.847343 0.856522 0.828019 0.864783 0.827053 0.870000 0.840580 0.874783 0.847343 0.875652 0.857971 0.875217 0.875362 0.869565 0.874396 0.863913 0.862802 0.857391
0 1.000000 0.858696 0.981643 0.860870 0.971014 0.869130 0.969082 0.872609 0.971014 0.880870 0.989372 0.887391 1.000000 0.887391
0 0.964251 0.868261 0.955556 0.866957 0.932367 0.866957 0.917874 0.869565 0.913043 0.872174 0.916908 0.882609 0.920773 0.884348 0.934300 0.886957 0.952657 0.884348 0.964251 0.877391 0.966184 0.873913
0 0.942029 0.841304 0.934300 0.843043 0.925604 0.846957 0.922705 0.851304 0.914976 0.856957 0.914010 0.861304 0.933333 0.866087 0.963285 0.866522 0.974879 0.861304 0.978744 0.857391 0.977778 0.853043 0.971981 0.847826 0.960386 0.841739 0.956522 0.840870
0 0.984541 0.834348 0.977778 0.836087 0.973913 0.839130 0.972947 0.846087 0.975845 0.850870 0.981643 0.856522 1.000000 0.857826 1.000000 0.834783
0 0.954589 0.816522 0.945894 0.816957 0.934300 0.819130 0.930435 0.822174 0.928502 0.826522 0.924638 0.829130 0.923671 0.833913 0.925604 0.835652 0.935266 0.838261 0.942029 0.839130 0.959420 0.838696 0.974879 0.835217 0.978744 0.833043 0.980676 0.830000 0.977778 0.826087 0.970048 0.821304 0.960386 0.817391
0 0.899517 0.804348 0.876329 0.811739 0.873430 0.814348 0.872464 0.819130 0.876329 0.823043 0.887923 0.827391 0.906280 0.829130 0.917874 0.829130 0.924638 0.826957 0.933333 0.819130 0.933333 0.813478 0.929469 0.810435 0.915942 0.805217 0.910145 0.803913
0 0.888889 0.828696 0.869565 0.833043 0.862802 0.836087 0.861836 0.840870 0.863768 0.846087 0.882126 0.856087 0.909179 0.859130 0.916908 0.853913 0.924638 0.845652 0.923671 0.839565 0.918841 0.833043 0.913043 0.829565 0.909179 0.828696
0 0.812560 0.825652 0.806763 0.827826 0.799034 0.833043 0.798068 0.837826 0.802899 0.842174 0.805797 0.849565 0.809662 0.852609 0.819324 0.856087 0.834783 0.856087 0.844444 0.854783 0.852174 0.852609 0.860870 0.847826 0.861836 0.844783 0.857971 0.836957 0.851208 0.832609 0.830918 0.826957 0.823188 0.825652
0 0.797101 0.837826 0.785507 0.833043 0.770048 0.830435 0.758454 0.830870 0.756908 0.834391 0.746280 0.840609 0.741063 0.845652 0.734300 0.852174 0.736232 0.856957 0.740097 0.858261 0.771014 0.858696 0.789372 0.854783 0.798068 0.850870 0.801932 0.846522 0.800966 0.841304
0 0.761353 0.830000 0.759420 0.831304 0.751691 0.831304 0.739130 0.833913 0.724638 0.840435 0.722705 0.846522 0.726570 0.850870 0.735266 0.852609 0.737874 0.846826 0.741932 0.844304 0.744928 0.841739 0.747826 0.839565 0.756135 0.833435
0 0.717874 0.833913 0.705314 0.834348 0.690821 0.836522 0.672464 0.840435 0.664734 0.843478 0.657971 0.850435 0.661836 0.855217 0.670531 0.859565 0.682126 0.862609 0.701449 0.863043 0.717874 0.857826 0.723671 0.850870 0.720773 0.841739 0.721739 0.837391
0 0.581643 0.850870 0.577778 0.853043 0.581643 0.857391 0.605797 0.868261 0.612560 0.870000 0.624155 0.870000 0.636715 0.866522 0.644444 0.862174 0.645411 0.856087 0.641546 0.853478 0.630918 0.850435 0.620290 0.849565 0.603865 0.851304 0.595169 0.850435
0 0.699517 0.827826 0.680193 0.820870 0.674396 0.819565 0.663768 0.819130 0.656039 0.821304 0.647343 0.826522 0.643478 0.830435 0.640580 0.838261 0.647343 0.841739 0.655072 0.842609 0.674396 0.839565 0.693720 0.835217 0.701449 0.830435
0 0.690821 0.794783 0.682126 0.798261 0.671498 0.806957 0.672464 0.815217 0.682126 0.820000 0.687923 0.820870 0.700483 0.820870 0.715942 0.819130 0.727536 0.813913 0.729469 0.806522 0.723671 0.805217 0.708213 0.796957 0.700483 0.794783
0 0.821256 0.803478 0.808696 0.801304 0.793237 0.801304 0.775845 0.803913 0.760386 0.807826 0.753623 0.812174 0.752657 0.815652 0.755556 0.820435 0.768116 0.829565 0.787440 0.832174 0.801932 0.828696 0.820290 0.817391 0.825121 0.810435 0.825121 0.806087
0 0.856039 0.806087 0.836715 0.809130 0.827053 0.811739 0.823188 0.814348 0.821256 0.818696 0.825121 0.824348 0.831884 0.827826 0.848309 0.832174 0.857005 0.833043 0.860870 0.831304 0.869565 0.822609 0.872464 0.808696 0.867633 0.806522
0 0.477295 0.826087 0.471498 0.825217 0.455072 0.827391 0.445411 0.829565 0.429952 0.836087 0.427053 0.838696 0.427053 0.844783 0.429952 0.849130 0.433816 0.851304 0.455072 0.855217 0.469565 0.855217 0.483092 0.851739 0.489855 0.846522 0.490821 0.838261 0.488889 0.834783
0 0.395169 0.827826 0.377778 0.832609 0.368116 0.837826 0.361353 0.844783 0.361353 0.851304 0.363285 0.854348 0.376812 0.858696 0.389372 0.860000 0.408696 0.860000 0.421256 0.855217 0.428019 0.849130 0.420290 0.834783 0.406763 0.830435 0.404831 0.827826
0 0.308213 0.827391 0.304348 0.829565 0.303382 0.836522 0.308213 0.845217 0.313043 0.847391 0.335266 0.850000 0.344928 0.848261 0.356522 0.843913 0.358454 0.839565 0.352657 0.830435 0.343961 0.826087 0.337198 0.825217 0.316908 0.825217 0.313043 0.826957
0 0.330435 0.806957 0.326570 0.809565 0.326570 0.814783 0.335266 0.822174 0.350725 0.828261 0.362319 0.831304 0.378744 0.831739 0.391304 0.827826 0.398068 0.821304 0.398068 0.812609 0.390338 0.807826 0.379710 0.806087 0.362319 0.806087 0.352657 0.804348 0.342995 0.804783
0 0.404831 0.805652 0.397101 0.810435 0.398068 0.821739 0.414493 0.832609 0.423188 0.833913 0.437681 0.831739 0.448309 0.827826 0.456039 0.826522 0.463768 0.822174 0.462802 0.817826 0.457005 0.813913 0.455652 0.812174 0.451208 0.810435 0.435749 0.805217 0.423188 0.803913 0.409662 0.803913
0 0.484058 0.813913 0.477295 0.818261 0.481159 0.826522 0.494686 0.834783 0.511111 0.838261 0.518841 0.838696 0.536232 0.830435 0.538164 0.821304 0.535266 0.816957 0.526570 0.810870 0.502415 0.810435
0 0.551691 0.796957 0.541063 0.802174 0.533333 0.811304 0.533333 0.814783 0.537198 0.820000 0.542029 0.822174 0.568116 0.826957 0.587440 0.827391 0.589372 0.826522 0.591304 0.818696 0.595169 0.815217 0.588406 0.804348 0.579710 0.799565 0.570048 0.796522 0.558454 0.796087
0 0.471498 0.789565 0.466667 0.793478 0.466667 0.800000 0.473430 0.805652 0.482126 0.808696 0.488889 0.809565 0.514976 0.808696 0.523671 0.806087 0.530435 0.802174 0.530435 0.794783 0.519807 0.789130 0.501449 0.785652 0.487923 0.785652 0.481159 0.786522
0 0.285990 0.831304 0.274396 0.829565 0.263768 0.830000 0.253140 0.832174 0.240580 0.842609 0.238647 0.849565 0.244444 0.854348 0.245411 0.860000 0.249275 0.862174 0.255072 0.863043 0.271498 0.862174 0.291787 0.856957 0.307246 0.850000 0.307246 0.844783 0.302415 0.837391 0.295652 0.833913
0 0.228019 0.848696 0.217391 0.848261 0.204831 0.849565 0.193237 0.854348 0.190338 0.868261 0.193237 0.871739 0.203865 0.874783 0.213527 0.875217 0.227053 0.873043 0.236715 0.869130 0.241546 0.865652 0.243478 0.862609 0.241546 0.853478
0 0.146860 0.850870 0.141063 0.852174 0.136232 0.855652 0.132367 0.860870 0.134300 0.865217 0.148792 0.871304 0.156522 0.876522 0.171014 0.877826 0.179710 0.875217 0.186473 0.869130 0.189372 0.861304 0.188406 0.855217 0.184541 0.853043 0.175845 0.850870
0 0.208696 0.822174 0.194203 0.829565 0.191304 0.833043 0.191304 0.838261 0.195169 0.846087 0.202899 0.848696 0.217391 0.847391 0.231884 0.847826 0.236715 0.846522 0.244444 0.838261 0.244444 0.830435 0.232850 0.826087 0.217391 0.822174
0 0.177778 0.823478 0.169082 0.821739 0.150725 0.825217 0.142995 0.828696 0.132367 0.837826 0.133333 0.844348 0.138164 0.847391 0.150725 0.849565 0.175845 0.850000 0.191304 0.845652 0.192271 0.841304 0.189372 0.829565
0 0.132367 0.846957 0.119807 0.845217 0.106280 0.845217 0.086957 0.849565 0.085024 0.854783 0.089855 0.858261 0.098551 0.861739 0.099517 0.865217 0.116908 0.861739 0.127536 0.861739 0.135266 0.858696 0.139130 0.854348 0.139130 0.851304
0 0.096618 0.812609 0.089855 0.814783 0.082126 0.821304 0.081159 0.832174 0.077295 0.838261 0.083092 0.840870 0.087923 0.841304 0.116908 0.840870 0.133333 0.836522 0.144928 0.826957 0.144928 0.824783 0.139130 0.820870 0.116908 0.813913
0 0.126570 0.797391 0.120773 0.799565 0.116908 0.803478 0.116908 0.810000 0.119807 0.813478 0.132367 0.818696 0.142995 0.821304 0.154589 0.820870 0.168116 0.818696 0.171981 0.815652 0.172947 0.810870 0.180676 0.799565 0.179710 0.797391 0.172947 0.795217 0.142995 0.793913
0 0.213527 0.795652 0.203865 0.797826 0.195169 0.796522 0.185507 0.796522 0.177778 0.802609 0.171014 0.813478 0.171014 0.818696 0.177778 0.823043 0.185507 0.824348 0.198068 0.824783 0.217391 0.819130 0.224155 0.806957 0.224155 0.802609 0.220290 0.798696
0 0.143961 0.778696 0.140097 0.782609 0.139130 0.787826 0.144928 0.793043 0.176812 0.796087 0.185507 0.795217 0.197101 0.795652 0.203865 0.793913 0.204831 0.790870 0.174879 0.774783 0.158454 0.773913 0.150725 0.775652
0 0.129469 0.771739 0.115942 0.771739 0.090821 0.776087 0.085024 0.778261 0.085024 0.788261 0.096618 0.796087 0.117874 0.798696 0.136232 0.792174 0.140097 0.787391 0.140097 0.777826 0.138164 0.775217
0 0.243478 0.800435 0.235749 0.801739 0.228019 0.805217 0.222222 0.813913 0.222222 0.818696 0.225121 0.822174 0.240580 0.828261 0.246377 0.829565 0.257005 0.829565 0.266667 0.827826 0.288889 0.818696 0.294686 0.813913 0.287923 0.807826 0.279227 0.804348 0.251208 0.800435
0 0.248309 0.775217 0.237681 0.775652 0.232850 0.783043 0.221256 0.789130 0.218357 0.793043 0.218357 0.796087 0.221256 0.798696 0.229952 0.800000 0.248309 0.798696 0.258937 0.796522 0.265700 0.793043 0.269565 0.787826 0.267633 0.782174 0.259903 0.778261 0.252174 0.776957
0 0.273430 0.786522 0.269565 0.790435 0.269565 0.795217 0.278261 0.803478 0.290821 0.808696 0.297585 0.810000 0.303382 0.810000 0.309179 0.808696 0.318841 0.799565 0.318841 0.794348 0.314010 0.790870 0.302415 0.785217 0.298551 0.784783 0.282126 0.785217
0 0.324638 0.797391 0.314010 0.803043 0.307246 0.810000 0.307246 0.813043 0.311111 0.818696 0.317874 0.823478 0.336232 0.824348 0.339130 0.822174 0.330435 0.816522 0.326570 0.810000 0.332367 0.806957 0.347826 0.805217 0.350725 0.802174 0.346860 0.800000 0.335266 0.797391
0 0.377778 0.787826 0.370048 0.789130 0.360386 0.793043 0.354589 0.798696 0.355556 0.803043 0.361353 0.804348 0.387440 0.805652 0.394203 0.803043 0.394203 0.801304 0.386473 0.794348 0.385507 0.789565
0 0.310145 0.775217 0.305314 0.779130 0.304348 0.783043 0.312077 0.790435 0.323671 0.794348 0.341063 0.796522 0.350725 0.796087 0.366184 0.789130 0.371014 0.785652 0.371014 0.778696 0.363285 0.775652 0.344928 0.772174 0.327536 0.771304
0 0.288889 0.762174 0.277295 0.766522 0.271498 0.775652 0.278261 0.781739 0.292754 0.783478 0.301449 0.783478 0.302415 0.774783 0.307246 0.773043 0.317874 0.773043 0.321739 0.771304 0.311111 0.765652 0.298551 0.762609
0 0.202899 0.752174 0.195169 0.752609 0.186473 0.755652 0.182609 0.759565 0.179710 0.772174 0.186473 0.780000 0.196135 0.783478 0.205797 0.784783 0.223188 0.781739 0.230918 0.781739 0.233816 0.776957 0.233816 0.771304 0.230918 0.767391 0.226087 0.764783 0.222222 0.759130
0 0.159420 0.749130 0.153623 0.750435 0.141063 0.756087 0.138164 0.758696 0.138164 0.762609 0.149758 0.769565 0.160386 0.772174 0.174879 0.772609 0.178744 0.770435 0.178744 0.761739 0.182609 0.756522 0.181643 0.752174 0.171981 0.749565
0 0.127536 0.754348 0.117874 0.752174 0.103382 0.752174 0.086957 0.755652 0.082126 0.757826 0.078261 0.762609 0.077295 0.771304 0.080193 0.773478 0.092754 0.775652 0.130435 0.769565 0.137198 0.763478 0.136232 0.759130
0 0.225121 0.755652 0.224155 0.760435 0.236715 0.772609 0.256039 0.776957 0.266667 0.776522 0.281159 0.764348 0.279227 0.760870 0.254106 0.753913 0.232850 0.753478
0 0.290821 0.731304 0.269565 0.738261 0.260870 0.746957 0.256039 0.748261 0.262802 0.756087 0.278261 0.759565 0.300483 0.760435 0.309179 0.756087 0.308213 0.742174 0.300483 0.732609
0 0.321739 0.736957 0.315942 0.737826 0.312077 0.740000 0.312077 0.756957 0.320773 0.765217 0.335266 0.769565 0.359420 0.766043 0.365217 0.753043 0.365217 0.747826 0.362319 0.743478 0.351691 0.738696
0 0.381643 0.753913 0.374879 0.754783 0.363285 0.758696 0.359420 0.764783 0.364251 0.773478 0.369082 0.776957 0.377778 0.780000 0.388406 0.780435 0.404831 0.777391 0.408696 0.775652 0.406763 0.762174 0.401932 0.757826 0.396135 0.755217
0 0.398068 0.781304 0.390338 0.786957 0.389372 0.790435 0.396135 0.801304 0.401932 0.803043 0.434783 0.803478 0.440580 0.802174 0.444444 0.798696 0.432850 0.790435 0.428019 0.784783 0.414493 0.780435 0.401932 0.780435
0 0.465700 0.776957 0.451208 0.777391 0.437681 0.779565 0.430918 0.782609 0.428986 0.785652 0.431884 0.790870 0.447343 0.800870 0.457971 0.802174 0.465700 0.798696 0.467633 0.793478 0.478261 0.786957 0.480193 0.783913 0.474396 0.779130
0 0.440580 0.751739 0.429952 0.752609 0.410628 0.759565 0.408696 0.763478 0.410628 0.773478 0.418357 0.777391 0.423188 0.778261 0.433816 0.778696 0.460870 0.776087 0.468599 0.773913 0.475362 0.769565 0.474396 0.763478 0.469565 0.759565 0.464734 0.757391
0 0.516908 0.758696 0.508213 0.759565 0.504348 0.761304 0.497585 0.762174 0.488889 0.765652 0.486957 0.767826 0.505314 0.779130 0.512077 0.785217 0.516908 0.787391 0.526570 0.787826 0.535266 0.785217 0.538164 0.782609 0.541063 0.765652 0.540097 0.763478 0.528502 0.759130
0 0.560386 0.762174 0.542029 0.770435 0.540097 0.774783 0.541063 0.785652 0.551691 0.790435 0.567150 0.792609 0.580676 0.793043 0.597101 0.790870 0.606763 0.783043 0.607729 0.780000 0.600966 0.772609 0.593237 0.767826 0.580676 0.763913 0.571014 0.762174
0 0.630918 0.773043 0.621256 0.773913 0.614493 0.777826 0.607729 0.779565 0.605797 0.783043 0.600676 0.789217 0.600966 0.791304 0.610628 0.795652 0.620290 0.797391 0.637681 0.796957 0.641546 0.795652 0.645411 0.791739 0.642512 0.784783 0.644444 0.778696 0.639614 0.774783
0 0.622222 0.746087 0.612560 0.748696 0.603865 0.753043 0.598068 0.759130 0.598068 0.763913 0.595169 0.767826 0.603865 0.772174 0.611594 0.773478 0.625121 0.773478 0.629952 0.772609 0.648309 0.773043 0.660870 0.767826 0.662802 0.764348 0.660870 0.759565 0.653140 0.753043 0.639614 0.746087
0 0.674396 0.766522 0.659903 0.768696 0.649275 0.774783 0.646377 0.785652 0.651208 0.794783 0.656039 0.798261 0.666667 0.798696 0.680193 0.796957 0.703382 0.789130 0.713043 0.783478 0.711111 0.779130 0.698551 0.772174 0.686957 0.768696
0 0.744928 0.772609 0.729469 0.772609 0.723671 0.774348 0.708213 0.786522 0.709179 0.792174 0.714010 0.795652 0.726570 0.796957 0.736232 0.795217 0.755556 0.779565 0.755556 0.775217
0 0.753623 0.781739 0.746860 0.786957 0.746860 0.794783 0.750725 0.798261 0.756522 0.800435 0.768116 0.802609 0.779710 0.803043 0.794203 0.800870 0.805797 0.800435 0.815459 0.795652 0.816425 0.790870 0.806763 0.780435 0.796135 0.776522 0.787440 0.775217 0.775845 0.775217 0.764251 0.777391
0 0.719807 0.750435 0.714010 0.753043 0.708213 0.758261 0.708213 0.764348 0.711111 0.766522 0.731401 0.772609 0.745894 0.773043 0.760386 0.775217 0.768116 0.773478 0.775845 0.768696 0.776812 0.766087 0.771014 0.756087 0.766184 0.751739 0.761353 0.749565 0.753623 0.748261 0.739130 0.748261
0 0.828986 0.765652 0.816425 0.768261 0.810628 0.771304 0.807729 0.780435 0.820290 0.793478 0.825121 0.795652 0.832850 0.796957 0.842512 0.796087 0.855072 0.792174 0.870531 0.782174 0.872464 0.777391 0.866667 0.772174 0.857971 0.769130 0.846377 0.766957
0 0.785507 0.742174 0.776812 0.745217 0.771014 0.751739 0.773913 0.760435 0.779710 0.766087 0.786473 0.770000 0.791884 0.772174 0.805797 0.771739 0.831884 0.763913 0.834783 0.760870 0.833816 0.755217 0.829952 0.751739 0.806763 0.743043 0.799034 0.741739
0 0.659903 0.738696 0.654106 0.742174 0.652174 0.746087 0.652174 0.750870 0.659903 0.757826 0.673430 0.764783 0.690821 0.769130 0.700483 0.768696 0.706280 0.763478 0.709179 0.756522 0.714976 0.752174 0.714976 0.746957 0.711111 0.743043 0.700483 0.738261 0.688889 0.735652 0.676329 0.736087
0 0.918841 0.790435 0.910145 0.784783 0.900483 0.781304 0.888889 0.780000 0.875362 0.780435 0.867633 0.783478 0.851208 0.794783 0.853140 0.803043 0.857005 0.805217 0.864734 0.806087 0.885990 0.806087 0.909179 0.803478 0.919807 0.799130 0.921739 0.794348
0 0.911111 0.765217 0.897585 0.770870 0.898551 0.779130 0.901449 0.781739 0.918841 0.790435 0.925604 0.792174 0.936232 0.791739 0.948792 0.789565 0.954589 0.786957 0.958454 0.782174 0.960386 0.775217 0.957488 0.770870 0.942995 0.764783 0.921739 0.764348
0 0.872464 0.745217 0.857971 0.749130 0.851208 0.753043 0.845411 0.758696 0.846377 0.764348 0.852174 0.767826 0.872464 0.773913 0.891787 0.773478 0.907246 0.764348 0.904348 0.759565 0.904348 0.752174 0.896618 0.747826 0.887923 0.745652
0 0.906280 0.752174 0.904348 0.757391 0.906280 0.760870 0.911111 0.763913 0.944928 0.764348 0.952657 0.761739 0.954589 0.755217 0.948792 0.750435 0.939130 0.747391 0.925604 0.746957 0.915942 0.747826
0 0.948792 0.793478 0.939130 0.797826 0.934300 0.802609 0.934300 0.807391 0.939130 0.812174 0.950725 0.814783 0.968116 0.816522 0.979710 0.816087 0.988406 0.813913 0.993237 0.811304 0.995169 0.807391 0.994203 0.798696 0.991304 0.796087 0.979710 0.790870 0.967150 0.790435
0 0.997488 0.794000 0.993237 0.796957 0.995169 0.809565 1.000000 0.809565 1.000000 0.791957
0 0.970048 0.767391 0.965217 0.770870 0.962802 0.773348 0.960386 0.778696 0.961353 0.784783 0.969082 0.788696 0.977778 0.790435 1.000000 0.789565 1.000000 0.768261 0.995169 0.768261 0.988406 0.765652
0 0.995169 0.746522 0.983575 0.755652 0.983575 0.760435 0.985507 0.764348 0.995169 0.768261 1.000000 0.768261 1.000000 0.744609
0 0.954589 0.731304 0.947826 0.733913 0.941063 0.740000 0.941063 0.746522 0.959420 0.756087 0.979710 0.756087 0.987440 0.753478 0.995169 0.747391 0.999420 0.743478 1.000000 0.736522 0.996135 0.736522 0.989372 0.733478 0.977778 0.731304
0 0.941063 0.721304 0.932367 0.719565 0.922705 0.719565 0.915942 0.720870 0.909179 0.723913 0.893720 0.734348 0.892754 0.740435 0.920773 0.741739 0.935266 0.741739 0.940097 0.740870 0.945894 0.734783 0.945894 0.730000
0 0.994879 0.720130 0.988406 0.723913 0.988406 0.727391 0.991304 0.733478 0.995169 0.735652 1.000000 0.735652 1.000000 0.717435
0 0.979710 0.707391 0.962319 0.704783 0.946860 0.706957 0.941063 0.713043 0.940097 0.720870 0.947826 0.726522 0.954589 0.726957 0.977778 0.724783 0.983575 0.723478 0.993237 0.717826 0.992271 0.713043
0 0.864734 0.706087 0.857971 0.708261 0.853140 0.712174 0.853140 0.717391 0.856039 0.721739 0.874396 0.734348 0.890821 0.734348 0.897585 0.732174 0.915942 0.720870 0.916908 0.716087 0.914010 0.712609 0.908213 0.709565 0.892754 0.706087 0.878261 0.705217
0 0.849275 0.722174 0.834783 0.722609 0.811594 0.730870 0.807729 0.740435 0.810628 0.744348 0.829952 0.750870 0.843478 0.750870 0.856039 0.749565 0.863768 0.746522 0.869565 0.740870 0.870531 0.734783 0.868599 0.732174 0.857971 0.724348
0 0.747826 0.721304 0.740097 0.728261 0.742029 0.737391 0.750725 0.742174 0.756522 0.743043 0.775845 0.743043 0.796135 0.741304 0.802899 0.739565 0.809662 0.733043 0.809662 0.728261 0.786473 0.718261 0.768116 0.716087 0.754589 0.718261
0 0.788406 0.698696 0.780676 0.703043 0.777778 0.709130 0.781643 0.714348 0.791304 0.718261 0.802899 0.720435 0.813527 0.720435 0.824155 0.718261 0.829952 0.715652 0.835749 0.706522 0.833816 0.700870 0.828019 0.697826 0.822222 0.696522 0.801932 0.696522
0 0.846377 0.672609 0.834783 0.675217 0.823188 0.680000 0.817391 0.684783 0.816425 0.690000 0.820290 0.694348 0.830918 0.698696 0.838647 0.703478 0.845411 0.704783 0.865700 0.704348 0.874396 0.701739 0.878261 0.697826 0.882126 0.689565 0.877295 0.681739 0.864734 0.674783 0.856039 0.672609
0 0.926570 0.679565 0.903382 0.680435 0.885990 0.687391 0.881159 0.692609 0.881159 0.696957 0.887923 0.702609 0.899517 0.706957 0.915942 0.710435 0.928502 0.709565 0.938164 0.706957 0.943961 0.700870 0.943961 0.696522 0.935266 0.682174
0 0.972947 0.676522 0.955556 0.679565 0.943961 0.684783 0.941063 0.690000 0.942995 0.694348 0.949758 0.700000 0.959420 0.703478 0.980676 0.706957 0.996135 0.700870 0.999710 0.693304 0.998841 0.684565 0.996135 0.679565 0.988406 0.676957
0 0.934300 0.651739 0.913043 0.657826 0.911111 0.671304 0.914976 0.674348 0.925604 0.677391 0.934300 0.678696 0.952657 0.678261 0.961353 0.676522 0.967150 0.673043 0.967150 0.664783 0.962319 0.659565 0.950725 0.653478 0.944928 0.652174
0 0.906280 0.658261 0.890821 0.659565 0.873430 0.659130 0.864734 0.663913 0.861836 0.670870 0.865700 0.674348 0.884058 0.681304 0.891787 0.682174 0.897585 0.681304 0.902415 0.678696 0.911111 0.663478 0.910145 0.659565
0 0.893720 0.630000 0.882126 0.630435 0.871498 0.633043 0.860870 0.637826 0.855072 0.643043 0.855072 0.649565 0.857971 0.652174 0.867633 0.657391 0.880193 0.659565 0.892754 0.659565 0.909179 0.656957 0.915942 0.650435 0.916908 0.641739 0.914976 0.638696 0.901449 0.631304
0 0.851208 0.650000 0.838647 0.647391 0.826087 0.646522 0.814493 0.648261 0.807729 0.651739 0.800000 0.659565 0.799034 0.667391 0.804831 0.674783 0.810628 0.677826 0.815459 0.678261 0.834783 0.675217 0.851208 0.671739 0.859903 0.667826 0.864734 0.662609 0.864734 0.657391 0.860870 0.653913
0 0.762319 0.650000 0.750725 0.650435 0.743961 0.653043 0.739130 0.660870 0.739130 0.667391 0.742029 0.672609 0.751691 0.679565 0.762319 0.679565 0.777778 0.675652 0.792271 0.668261 0.796135 0.662609 0.794203 0.659130 0.778744 0.652609
0 0.809662 0.685217 0.797101 0.679565 0.776812 0.676087 0.768116 0.677391 0.755556 0.681304 0.745894 0.688261 0.743961 0.693478 0.747826 0.696522 0.757488 0.700000 0.775845 0.700435 0.784541 0.699565 0.808696 0.694783 0.811594 0.690870
0 0.698551 0.673913 0.692754 0.676957 0.692754 0.682174 0.694686 0.684348 0.706280 0.689130 0.709179 0.692174 0.713043 0.693913 0.722705 0.695217 0.741063 0.693913 0.751691 0.682174 0.748792 0.676957 0.739130 0.673043 0.726570 0.670870 0.709179 0.671304
0 0.743961 0.695652 0.733333 0.695217 0.714976 0.698696 0.707246 0.703043 0.703382 0.708696 0.704348 0.714348 0.707246 0.716957 0.717874 0.720870 0.727536 0.722174 0.742029 0.721739 0.749758 0.720000 0.758454 0.715217 0.758454 0.704348 0.752657 0.698696
0 0.656039 0.686957 0.649275 0.689130 0.647343 0.694783 0.651208 0.699565 0.657005 0.701739 0.659903 0.706522 0.666667 0.709565 0.681159 0.711739 0.699517 0.709130 0.706280 0.704348 0.710145 0.698696 0.709179 0.693043 0.700483 0.686957 0.694686 0.685652
0 0.682126 0.716957 0.673430 0.715652 0.656039 0.717826 0.647343 0.720000 0.644444 0.723913 0.647343 0.730435 0.656039 0.736522 0.667633 0.736957 0.685024 0.733478 0.689855 0.728696 0.689855 0.723478 0.685990 0.718696
0 0.613527 0.696522 0.608696 0.698696 0.604831 0.702609 0.603865 0.710435 0.606763 0.713043 0.618357 0.717826 0.628986 0.719565 0.641546 0.719130 0.651208 0.716957 0.659903 0.713043 0.661836 0.708696 0.653140 0.702609 0.627053 0.696522
0 0.588406 0.726522 0.583575 0.736957 0.597101 0.743478 0.611594 0.746087 0.633816 0.745217 0.639614 0.744348 0.647343 0.740435 0.649275 0.736087 0.639614 0.724348 0.630918 0.721304 0.623188 0.720000 0.611594 0.720000 0.599034 0.722174
0 0.524638 0.734348 0.517874 0.739130 0.517874 0.744783 0.525604 0.753478 0.537198 0.757826 0.552657 0.758696 0.565217 0.756957 0.578744 0.753043 0.592271 0.746522 0.593237 0.743913 0.586473 0.739130 0.580676 0.736522 0.569082 0.733913 0.553623 0.731739 0.542029 0.731739
0 0.523671 0.708696 0.520773 0.721304 0.523671 0.726087 0.531401 0.730435 0.535266 0.731304 0.554589 0.730870 0.571981 0.726957 0.580676 0.722609 0.583575 0.716522 0.574879 0.711739 0.550725 0.705652 0.536232 0.705217 0.530435 0.706087
0 0.459903 0.744783 0.457971 0.748696 0.460870 0.753043 0.472464 0.758261 0.488889 0.760000 0.500483 0.760000 0.515942 0.757826 0.521739 0.756087 0.522705 0.751304 0.515942 0.740870 0.501449 0.734348 0.489855 0.734348 0.474396 0.737391 0.465700 0.740870
0 0.427053 0.723043 0.411594 0.726522 0.408696 0.728261 0.406763 0.732609 0.414493 0.744348 0.418357 0.746957 0.425121 0.749130 0.439614 0.750435 0.452174 0.747391 0.462802 0.742609 0.472464 0.736522 0.474396 0.731739 0.465700 0.726957 0.456039 0.724348 0.446377 0.723043
0 0.481159 0.701739 0.461836 0.707826 0.457005 0.711304 0.454106 0.716957 0.460870 0.721739 0.471498 0.726087 0.481159 0.727826 0.491787 0.727826 0.498551 0.729130 0.506280 0.728696 0.517874 0.720870 0.518841 0.712609 0.515942 0.708261 0.507246 0.703478 0.499517 0.701304 0.488889 0.700870
0 0.386473 0.726957 0.381643 0.728261 0.365217 0.738696 0.363285 0.744783 0.366184 0.749565 0.372947 0.752609 0.379710 0.753478 0.401932 0.753913 0.415459 0.751304 0.419324 0.747826 0.410628 0.741739 0.404831 0.731739 0.396135 0.727826
0 0.410628 0.703478 0.407729 0.704783 0.406763 0.709565 0.408696 0.713043 0.414493 0.716957 0.428986 0.721304 0.435749 0.721739 0.442512 0.721304 0.452174 0.718696 0.457005 0.710000 0.457005 0.704783 0.454106 0.703478 0.445411 0.701739 0.421256 0.702174
0 0.305314 0.713913 0.300483 0.719565 0.300483 0.725217 0.314976 0.733478 0.328502 0.736522 0.352657 0.737826 0.361353 0.736522 0.370048 0.732609 0.366184 0.720870 0.353623 0.713043 0.336232 0.707826 0.325604 0.707826
0 0.398068 0.701304 0.385507 0.699130 0.377778 0.699130 0.360386 0.705217 0.353623 0.706522 0.349758 0.708696 0.353623 0.712609 0.369082 0.722174 0.388406 0.721739 0.399034 0.720000 0.406763 0.716957 0.407729 0.712174 0.402899 0.703913
0 0.245411 0.706957 0.241546 0.709565 0.241546 0.714348 0.250242 0.724783 0.264734 0.732174 0.275362 0.732609 0.281159 0.731739 0.297585 0.725652 0.300483 0.720435 0.300483 0.714348 0.294686 0.710000 0.283092 0.706522 0.256039 0.704783
0 0.278261 0.686087 0.273430 0.687826 0.269565 0.693043 0.273430 0.703043 0.289855 0.709130 0.300483 0.710870 0.323671 0.699130 0.324638 0.693913 0.316908 0.690000 0.303382 0.686522 0.291787 0.685652
0 0.369082 0.686087 0.367150 0.693043 0.369082 0.695217 0.377778 0.698696 0.405797 0.701739 0.418357 0.698261 0.418357 0.693043 0.410628 0.683478 0.400966 0.682174 0.386473 0.682174
0 0.222222 0.720435 0.213527 0.723043 0.202899 0.729130 0.200966 0.733478 0.204831 0.740435 0.222222 0.747391 0.229952 0.749130 0.238647 0.750000 0.250242 0.749565 0.257005 0.746522 0.265700 0.737391 0.263768 0.732174 0.245411 0.722609 0.233816 0.720435
0 0.156522 0.723478 0.145894 0.728261 0.140097 0.735217 0.141063 0.744348 0.143961 0.746957 0.149758 0.748696 0.180676 0.749130 0.199034 0.744348 0.203865 0.741304 0.199034 0.732174 0.193237 0.728261 0.177778 0.723478
0 0.124638 0.726522 0.114976 0.725217 0.099517 0.725652 0.085990 0.731304 0.081159 0.736087 0.079227 0.745652 0.082126 0.749565 0.090821 0.750870 0.107246 0.750870 0.117874 0.750000 0.136232 0.746522 0.140097 0.741739 0.139130 0.736087
0 0.099517 0.702609 0.087923 0.712609 0.087923 0.720000 0.091787 0.722609 0.099517 0.725217 0.116908 0.724783 0.124638 0.726522 0.143961 0.726522 0.152657 0.723043 0.154589 0.721304 0.153623 0.719565 0.141063 0.714783 0.129469 0.708261 0.113043 0.703043
0 0.214493 0.694348 0.204831 0.693043 0.195169 0.693478 0.187440 0.696087 0.172947 0.707826 0.170048 0.714783 0.172947 0.721304 0.185507 0.722174 0.197101 0.720000 0.208696 0.719130 0.229952 0.712609 0.233816 0.709565 0.233816 0.705217 0.227053 0.699565
0 0.151691 0.684783 0.138164 0.689130 0.135266 0.692174 0.135266 0.697826 0.149758 0.704783 0.160386 0.706957 0.172947 0.706522 0.178744 0.704348 0.192271 0.693043 0.187440 0.689130 0.180676 0.686522 0.162319 0.684348
0 0.099517 0.674783 0.082126 0.681739 0.082126 0.692609 0.085990 0.696957 0.092754 0.700435 0.108213 0.702609 0.118841 0.702174 0.132367 0.698696 0.140097 0.685217 0.134300 0.680870 0.122705 0.676087 0.112077 0.674348
0 0.145894 0.669130 0.143961 0.674348 0.147826 0.679130 0.156522 0.682609 0.184541 0.687391 0.195169 0.687391 0.208696 0.685217 0.210628 0.683043 0.208696 0.670870 0.203865 0.667391 0.192271 0.662609 0.178744 0.660000 0.169082 0.660435 0.157488 0.663043
0 0.219324 0.669130 0.209662 0.673913 0.208696 0.678261 0.211594 0.682174 0.216425 0.684348 0.233816 0.688696 0.264734 0.694783 0.270531 0.693043 0.272464 0.688696 0.278261 0.683913 0.275362 0.677391 0.267633 0.672174 0.259903 0.668696 0.246377 0.665652 0.230918 0.666087
0 0.133333 0.643913 0.118841 0.642609 0.104348 0.643043 0.097585 0.643913 0.089855 0.647826 0.088889 0.655217 0.090821 0.659130 0.099517 0.668261 0.107246 0.672174 0.117874 0.671739 0.126570 0.668261 0.143961 0.655217 0.144928 0.650000 0.142029 0.647391
0 0.351691 0.661304 0.344928 0.659565 0.333333 0.659130 0.314010 0.667391 0.307246 0.672609 0.304348 0.680870 0.307246 0.684783 0.317874 0.685652 0.342029 0.685217 0.352657 0.683478 0.368116 0.677826 0.369082 0.673478 0.363285 0.668261
0 0.296618 0.641739 0.289855 0.641304 0.277295 0.643478 0.261836 0.650435 0.257005 0.659130 0.257005 0.666087 0.267633 0.670870 0.274396 0.671739 0.300483 0.670435 0.308213 0.669130 0.322705 0.662609 0.327536 0.658696 0.326570 0.655217 0.321739 0.650435 0.306280 0.643913
0 0.262802 0.633913 0.239614 0.626087 0.230918 0.625217 0.222222 0.626087 0.213527 0.629565 0.195169 0.648696 0.196135 0.652609 0.200966 0.654348 0.215459 0.654348 0.247343 0.650870 0.257971 0.647826 0.267633 0.643043 0.267633 0.637826
0 0.419324 0.676957 0.415459 0.681304 0.414493 0.688261 0.417391 0.693043 0.424155 0.696522 0.437681 0.698696 0.457971 0.698696 0.466667 0.697391 0.480193 0.693478 0.482126 0.687826 0.474396 0.681304 0.467633 0.678261 0.451208 0.674348 0.429952 0.672609
0 0.393237 0.658261 0.378744 0.662174 0.371981 0.665217 0.371981 0.674783 0.380676 0.679130 0.387440 0.680870 0.403865 0.682174 0.413527 0.680870 0.428986 0.673043 0.430918 0.669130 0.426087 0.664783 0.412560 0.660000
0 0.371981 0.638261 0.342995 0.637826 0.334300 0.639565 0.329469 0.641739 0.325604 0.646522 0.325604 0.650870 0.329469 0.655217 0.335266 0.657826 0.352657 0.660870 0.366184 0.656957 0.374879 0.652609 0.379710 0.646957 0.379710 0.642174 0.377778 0.640000
0 0.381643 0.634783 0.376812 0.637826 0.379710 0.642609 0.376812 0.651739 0.380676 0.654783 0.396135 0.657826 0.407729 0.658261 0.420290 0.656522 0.428019 0.653913 0.431884 0.650435 0.430918 0.645652 0.427053 0.639130 0.418357 0.633913 0.406763 0.631739 0.393237 0.631739
0 0.455072 0.636087 0.435749 0.640435 0.434783 0.648261 0.444444 0.662174 0.456039 0.664348 0.470531 0.663913 0.480193 0.662174 0.496618 0.655652 0.498551 0.649130 0.493720 0.644348 0.482126 0.639130 0.467633 0.636087
0 0.493720 0.677391 0.487923 0.684783 0.487923 0.690435 0.492754 0.694783 0.501449 0.698261 0.522705 0.700435 0.536232 0.699565 0.546860 0.696957 0.553623 0.693478 0.554589 0.688696 0.551691 0.684348 0.541063 0.677391 0.517874 0.673478 0.502415 0.674348
0 0.523671 0.650000 0.517874 0.652174 0.510145 0.660000 0.510145 0.665652 0.515942 0.671304 0.522705 0.673913 0.542995 0.676957 0.556522 0.676087 0.566184 0.673913 0.575845 0.665217 0.575845 0.660870 0.571981 0.656957 0.555556 0.651304 0.543961 0.648696 0.533333 0.648696
0 0.579710 0.679565 0.563285 0.684783 0.559420 0.688696 0.558454 0.693913 0.563285 0.698696 0.571981 0.703043 0.575845 0.703913 0.588406 0.703913 0.610628 0.697391 0.612560 0.695217 0.612560 0.686087 0.599034 0.680000
0 0.625121 0.655217 0.621256 0.654783 0.602899 0.656957 0.576812 0.664348 0.570048 0.669565 0.570048 0.673913 0.577778 0.678696 0.605797 0.678696 0.614493 0.677391 0.624155 0.673478 0.628986 0.670000 0.626087 0.663043 0.628019 0.656957
0 0.660870 0.676957 0.651208 0.674348 0.638647 0.675217 0.614493 0.687391 0.612560 0.689130 0.613527 0.694348 0.618357 0.696087 0.639614 0.697391 0.648309 0.690435 0.662802 0.685217 0.664734 0.681304
0 0.654106 0.646957 0.642512 0.649565 0.631884 0.654783 0.627053 0.666522 0.634783 0.670870 0.642512 0.673043 0.665700 0.673913 0.682126 0.670435 0.687923 0.667826 0.690821 0.664783 0.690821 0.658696 0.687923 0.653913 0.677295 0.648696 0.668599 0.646957
0 0.712077 0.625217 0.699517 0.625217 0.681159 0.628696 0.673430 0.631739 0.669565 0.636522 0.669565 0.640000 0.674396 0.646957 0.692754 0.655217 0.699517 0.656522 0.708213 0.655652 0.717874 0.653043 0.731401 0.646522 0.736232 0.642609 0.736232 0.636087 0.732367 0.630870 0.725604 0.627391
0 0.622222 0.620000 0.612560 0.620435 0.600966 0.623913 0.592271 0.633913 0.591304 0.639130 0.596135 0.646087 0.602899 0.648696 0.610628 0.650000 0.626087 0.650000 0.639614 0.648696 0.649275 0.646522 0.653140 0.642609 0.653140 0.634783 0.646377 0.627391 0.633816 0.622174
0 0.580676 0.626957 0.569082 0.627391 0.551691 0.630870 0.535266 0.638261 0.535266 0.642609 0.539130 0.646522 0.543961 0.648696 0.564251 0.653478 0.570048 0.653913 0.581643 0.652174 0.591304 0.646957 0.589372 0.632174 0.586473 0.629130
0 0.534300 0.607391 0.532367 0.610000 0.533333 0.620000 0.536232 0.626087 0.540097 0.628696 0.553623 0.630000 0.571014 0.626957 0.579710 0.626522 0.585507 0.624783 0.587440 0.622174 0.586473 0.616957 0.570048 0.606087 0.562319 0.604348 0.549758 0.604348 0.541063 0.605217
0 0.492754 0.617391 0.482126 0.619130 0.473430 0.623043 0.471498 0.629565 0.478261 0.636522 0.490821 0.640870 0.502415 0.641304 0.517874 0.638696 0.525604 0.635217 0.531401 0.631304 0.532367 0.626522 0.528502 0.623478 0.514976 0.618696 0.505314 0.617391
0 0.405797 0.615217 0.402899 0.618696 0.403865 0.623478 0.417391 0.633478 0.429952 0.638696 0.440580 0.638696 0.462802 0.634348 0.467633 0.629130 0.469565 0.622609 0.465700 0.618261 0.457005 0.613478 0.441546 0.611739 0.421256 0.611304
0 0.371014 0.610870 0.360386 0.610435 0.350725 0.612609 0.332367 0.621739 0.329469 0.624783 0.329469 0.631304 0.334300 0.634348 0.349758 0.637826 0.365217 0.637826 0.376812 0.636522 0.394203 0.630870 0.397101 0.626087 0.390338 0.617826 0.380676 0.613043
0 0.303382 0.612609 0.287923 0.612609 0.280193 0.614783 0.271498 0.619565 0.265700 0.628696 0.265700 0.635217 0.269565 0.637391 0.282126 0.639130 0.300483 0.638696 0.320773 0.634783 0.326570 0.632609 0.327536 0.628696 0.323671 0.623478 0.314010 0.616522
0 0.329469 0.595652 0.324638 0.595652 0.318841 0.597391 0.311111 0.603043 0.314010 0.616087 0.325604 0.622609 0.333333 0.621304 0.350725 0.612609 0.357488 0.610870 0.359420 0.608696 0.357488 0.604783 0.345894 0.598261
0 0.360386 0.593043 0.356522 0.601304 0.360386 0.608261 0.393237 0.616087 0.404831 0.614783 0.410628 0.611739 0.412560 0.608696 0.412560 0.603478 0.408696 0.600000 0.401932 0.596957 0.378744 0.590870 0.368116 0.591304
0 0.436715 0.587391 0.427053 0.595217 0.427053 0.599565 0.431884 0.606087 0.442512 0.610435 0.456039 0.613043 0.468599 0.613043 0.483092 0.610435 0.493720 0.603913 0.495652 0.600870 0.494686 0.594783 0.490821 0.591304 0.483092 0.587826 0.473430 0.585652 0.462802 0.585217 0.457971 0.583913 0.447343 0.584348
0 0.503382 0.590870 0.502415 0.596957 0.505314 0.599565 0.515942 0.602609 0.536232 0.604783 0.546860 0.604783 0.561353 0.601739 0.578744 0.600435 0.581643 0.596522 0.575845 0.588696 0.571014 0.585217 0.556522 0.579565 0.541063 0.576957 0.532367 0.576957 0.521739 0.578696 0.513043 0.583043
0 0.527536 0.564348 0.512077 0.563043 0.490821 0.563043 0.473430 0.566087 0.468599 0.567826 0.462802 0.572174 0.462802 0.577391 0.476329 0.586087 0.489855 0.590435 0.500483 0.590435 0.507246 0.587826 0.529469 0.574348 0.533333 0.567826
0 0.430918 0.560435 0.414493 0.560435 0.404831 0.563043 0.396135 0.567391 0.388406 0.575652 0.390338 0.587391 0.392271 0.588261 0.409662 0.590435 0.428986 0.590000 0.446377 0.584348 0.455072 0.583043 0.459903 0.580870 0.457971 0.572174 0.442512 0.563913
0 0.315942 0.579565 0.315942 0.584348 0.325604 0.592609 0.329469 0.594348 0.342029 0.596522 0.352657 0.596087 0.363285 0.591739 0.383575 0.588696 0.389372 0.586087 0.389372 0.581304 0.385507 0.577391 0.371014 0.571304 0.361353 0.569130 0.338164 0.569130 0.328502 0.570435 0.318841 0.575217
0 0.281159 0.578261 0.273430 0.580435 0.268599 0.584783 0.267633 0.590000 0.270531 0.596087 0.275362 0.601304 0.285024 0.605652 0.290821 0.606957 0.301449 0.606522 0.314010 0.601304 0.322705 0.595217 0.323671 0.591739 0.311111 0.580870 0.293720 0.577826
0 0.184541 0.598696 0.184541 0.601739 0.188406 0.604783 0.205797 0.612174 0.221256 0.615217 0.233816 0.615652 0.241546 0.614348 0.247343 0.611739 0.251208 0.607391 0.251208 0.598261 0.241546 0.593043 0.232850 0.591304 0.217391 0.591304 0.200966 0.592609 0.193237 0.594348
0 0.177778 0.613043 0.158454 0.616522 0.151691 0.619565 0.149758 0.630000 0.154589 0.635652 0.160386 0.638261 0.170048 0.640435 0.187440 0.641304 0.204831 0.637826 0.217391 0.626522 0.215459 0.623043 0.201932 0.616522 0.187440 0.613478
0 0.113043 0.600435 0.101449 0.601739 0.094686 0.604348 0.089855 0.608696 0.088889 0.616522 0.090821 0.620870 0.104348 0.631304 0.108213 0.632609 0.119807 0.633043 0.134300 0.631304 0.147826 0.627391 0.152657 0.614348 0.149758 0.606522 0.146860 0.604783 0.127536 0.600870
0 0.152657 0.585652 0.143961 0.588696 0.140097 0.595652 0.142029 0.598696 0.151691 0.604348 0.156522 0.605217 0.171014 0.605217 0.179710 0.602174 0.186473 0.596087 0.184541 0.591304 0.170048 0.584783
0 0.168116 0.563043 0.158454 0.562609 0.150725 0.563478 0.132367 0.567391 0.128502 0.569130 0.125604 0.572174 0.125604 0.576522 0.129469 0.581739 0.139130 0.586522 0.143961 0.587391 0.152657 0.585652 0.170048 0.584783 0.180676 0.580000 0.183575 0.576957 0.182609 0.572609 0.173913 0.565217
0 0.186473 0.548696 0.180676 0.550435 0.176812 0.553913 0.174879 0.565652 0.178744 0.569565 0.197101 0.576087 0.204831 0.576522 0.225121 0.569565 0.229952 0.564348 0.228986 0.560435 0.222222 0.555217 0.213527 0.552174 0.203865 0.550000 0.195169 0.550000
0 0.265700 0.550870 0.251208 0.552174 0.245411 0.553478 0.239614 0.556522 0.238647 0.563478 0.240580 0.568696 0.245411 0.571739 0.255072 0.574348 0.266667 0.574783 0.281159 0.573043 0.291787 0.570000 0.299517 0.565217 0.298551 0.560870 0.292754 0.558261
0 0.308213 0.549130 0.305314 0.551739 0.307246 0.559565 0.314010 0.563913 0.324638 0.567826 0.332367 0.569130 0.362319 0.568696 0.367150 0.566522 0.371014 0.561739 0.368116 0.553478 0.358454 0.544783 0.352657 0.541739 0.343961 0.540000 0.334300 0.540435
0 0.301449 0.531739 0.291787 0.530870 0.271498 0.531739 0.261836 0.533913 0.256039 0.536957 0.257971 0.541304 0.264734 0.547391 0.280193 0.553043 0.292754 0.553043 0.305314 0.550000 0.316908 0.545217 0.319807 0.542609 0.319807 0.540435 0.313043 0.535652
0 0.194203 0.525217 0.190338 0.529565 0.200966 0.542174 0.217391 0.548261 0.228986 0.549565 0.242512 0.548696 0.247343 0.546087 0.255072 0.536522 0.260870 0.533478 0.259903 0.528261 0.254106 0.523913 0.249275 0.522174 0.238647 0.520870 0.218357 0.520435
0 0.240580 0.513478 0.238647 0.517391 0.240580 0.520000 0.259903 0.525652 0.283092 0.527826 0.295652 0.527826 0.304348 0.525652 0.304348 0.513043 0.302415 0.510435 0.292754 0.505652 0.284058 0.503478 0.273430 0.503043 0.258937 0.505217
0 0.311111 0.513478 0.305314 0.516087 0.305314 0.522609 0.313043 0.529130 0.314010 0.532609 0.325604 0.539565 0.335266 0.539565 0.350725 0.533478 0.356522 0.526087 0.355556 0.521304 0.343961 0.514783 0.336232 0.512609 0.320773 0.512174
0 0.362319 0.498696 0.342995 0.506522 0.342029 0.510870 0.345894 0.516522 0.358454 0.522609 0.370048 0.524783 0.387440 0.525217 0.395169 0.523478 0.405797 0.513913 0.406763 0.509130 0.403865 0.504783 0.397101 0.500000 0.387440 0.497391 0.371014 0.497391
0 0.361353 0.490870 0.351691 0.489130 0.329469 0.490870 0.308213 0.491304 0.302415 0.493913 0.299517 0.499130 0.307246 0.506087 0.322705 0.509130 0.336232 0.508696 0.364251 0.497826 0.364251 0.493913
0 0.243478 0.477826 0.235749 0.481304 0.230918 0.485652 0.229952 0.490870 0.232850 0.494348 0.238647 0.496957 0.251208 0.499130 0.277295 0.498696 0.281159 0.496957 0.287923 0.490435 0.285990 0.482174 0.276329 0.478261 0.267633 0.476522 0.254106 0.476087
0 0.173913 0.464783 0.170048 0.469130 0.168116 0.475652 0.170048 0.480000 0.174879 0.483043 0.185507 0.486957 0.197101 0.488261 0.214493 0.488261 0.228986 0.487391 0.230918 0.486522 0.235749 0.479130 0.234783 0.473478 0.229952 0.468261 0.222222 0.463913 0.208696 0.460000 0.199034 0.459565 0.186473 0.460870
0 0.456039 0.539130 0.447343 0.542174 0.442512 0.545652 0.440580 0.548696 0.442512 0.555217 0.454106 0.563043 0.460870 0.565217 0.466667 0.566087 0.482126 0.564783 0.490821 0.561739 0.499517 0.554783 0.504348 0.553043 0.502415 0.549130 0.488889 0.540870 0.482126 0.538696 0.461836 0.538261
0 0.508213 0.531739 0.504348 0.533043 0.494686 0.540870 0.497585 0.545652 0.512077 0.556522 0.529469 0.556957 0.541063 0.553478 0.557488 0.545652 0.558454 0.540000 0.556522 0.537391 0.547826 0.534348 0.533333 0.531304
0 0.457971 0.509565 0.438647 0.514783 0.434783 0.521304 0.436715 0.529565 0.456039 0.537826 0.483092 0.538261 0.486957 0.537391 0.500483 0.527391 0.504348 0.523043 0.504348 0.519565 0.479227 0.509565
0 0.588406 0.536087 0.575845 0.537826 0.571981 0.540435 0.570048 0.544348 0.572947 0.560000 0.577778 0.562174 0.587440 0.562609 0.612560 0.558261 0.625121 0.552609 0.626087 0.550000 0.623188 0.546087 0.613527 0.540870 0.605797 0.538696
0 0.519807 0.518261 0.517874 0.520435 0.518841 0.524348 0.531401 0.530000 0.559420 0.537391 0.569082 0.536957 0.575845 0.534783 0.577778 0.524783 0.574879 0.517826 0.571014 0.514348 0.562319 0.512609 0.542995 0.512174 0.525604 0.515652
0 0.582609 0.521304 0.578744 0.525217 0.578744 0.529565 0.583575 0.533478 0.611594 0.539565 0.627053 0.539565 0.636715 0.538261 0.638647 0.533043 0.634783 0.525652 0.628019 0.519565 0.620290 0.516522 0.614493 0.515217 0.603865 0.514783 0.593237 0.516957
0 0.538164 0.498696 0.537198 0.507826 0.542995 0.511739 0.580676 0.514783 0.587440 0.513478 0.593237 0.510435 0.595169 0.505652 0.583575 0.500870 0.552657 0.496522 0.542029 0.496522
0 0.508213 0.488261 0.491787 0.490435 0.479227 0.493913 0.476329 0.496957 0.476329 0.502174 0.481159 0.508261 0.487923 0.512609 0.497585 0.516522 0.510145 0.517826 0.518841 0.516957 0.527536 0.513478 0.535266 0.506957 0.536232 0.502174 0.540097 0.497391 0.538164 0.493478 0.532367 0.490870
0 0.415459 0.482609 0.403865 0.485217 0.393237 0.490000 0.393237 0.496957 0.409662 0.507391 0.428019 0.510000 0.439614 0.509130 0.457005 0.503043 0.459903 0.498696 0.459903 0.493478 0.448309 0.486087 0.441546 0.483913 0.430918 0.482174
0 0.424155 0.459130 0.414493 0.461739 0.401932 0.468696 0.400966 0.472174 0.402899 0.474783 0.411594 0.478261 0.414493 0.480870 0.431884 0.482174 0.448309 0.485217 0.461836 0.480435 0.466667 0.475652 0.467633 0.470435 0.462802 0.463913 0.456039 0.459565 0.448309 0.457826 0.434783 0.457826
0 0.510145 0.465652 0.499517 0.472174 0.497585 0.477826 0.499517 0.483043 0.511111 0.487826 0.516908 0.487826 0.542029 0.491304 0.556522 0.490435 0.565217 0.484783 0.564251 0.479565 0.557488 0.474348 0.543961 0.467391 0.526570 0.462609
0 0.599034 0.482174 0.586473 0.487391 0.584541 0.489565 0.583575 0.495217 0.586473 0.500870 0.608696 0.506522 0.628019 0.506957 0.637681 0.505652 0.643478 0.502609 0.645411 0.498696 0.643478 0.493478 0.639614 0.490435 0.620290 0.481739 0.612560 0.480435
0 0.665700 0.511304 0.650242 0.512609 0.639614 0.514783 0.633816 0.517391 0.630918 0.521304 0.636715 0.527826 0.656039 0.534348 0.666667 0.534348 0.675362 0.531739 0.685990 0.522609 0.683092 0.515652 0.678261 0.513478
0 0.664734 0.536957 0.657005 0.537826 0.645411 0.541739 0.640580 0.548696 0.635749 0.552174 0.635749 0.558261 0.641546 0.561739 0.660870 0.564783 0.674396 0.564783 0.683092 0.563478 0.688889 0.560870 0.690821 0.558261 0.690821 0.551304 0.686957 0.544783 0.680193 0.540435 0.674396 0.538261
0 0.633816 0.561304 0.622222 0.561304 0.611594 0.560000 0.586473 0.563043 0.576812 0.569130 0.575845 0.573478 0.577778 0.577391 0.586473 0.582174 0.600000 0.586087 0.613527 0.586957 0.627053 0.584783 0.632850 0.574783 0.641546 0.568696 0.638647 0.563043
0 0.603865 0.590435 0.591304 0.594348 0.587440 0.599565 0.591304 0.606522 0.597101 0.611739 0.612560 0.618696 0.631884 0.619130 0.639614 0.617391 0.651208 0.611739 0.654106 0.608261 0.655072 0.602609 0.651208 0.598261 0.636715 0.592609 0.628986 0.590870
0 0.638647 0.570870 0.632850 0.575652 0.628986 0.584783 0.633816 0.591304 0.646377 0.596087 0.657005 0.596087 0.691787 0.592609 0.696618 0.591304 0.697585 0.584783 0.695652 0.580000 0.688889 0.575652 0.679227 0.571739 0.657971 0.567391 0.646377 0.568261
0 0.685990 0.593043 0.677295 0.594348 0.669565 0.597826 0.663768 0.603043 0.661836 0.611304 0.665700 0.615217 0.679227 0.621739 0.693720 0.622609 0.703382 0.620870 0.716908 0.615652 0.723671 0.607826 0.724638 0.602609 0.716908 0.598261 0.703382 0.593913
0 0.739130 0.599130 0.728502 0.603043 0.724638 0.606087 0.720773 0.614783 0.722705 0.618261 0.730435 0.620870 0.750725 0.623478 0.767150 0.622174 0.772947 0.620000 0.781643 0.611739 0.778744 0.607826 0.771981 0.603478 0.759420 0.599130 0.754589 0.598261
0 0.771981 0.634348 0.770048 0.638261 0.771014 0.644348 0.774879 0.649565 0.783575 0.653043 0.800966 0.653043 0.816425 0.646957 0.830918 0.643478 0.830918 0.640870 0.828019 0.638696 0.815459 0.634348 0.788406 0.630870 0.776812 0.631739
0 0.795169 0.607391 0.784541 0.610435 0.777778 0.613913 0.773913 0.617826 0.774879 0.622174 0.782609 0.627826 0.792271 0.631304 0.803865 0.633478 0.819324 0.633913 0.825121 0.631304 0.825121 0.626522 0.820290 0.622609 0.822222 0.614783 0.819324 0.612174 0.808696 0.608261
0 0.698551 0.579565 0.698551 0.585217 0.701449 0.588261 0.715942 0.591304 0.727536 0.591739 0.747826 0.588261 0.754589 0.584348 0.749758 0.578261 0.743961 0.575652 0.726570 0.572609 0.716908 0.572174 0.709179 0.573478 0.702415 0.576087
0 0.756522 0.584783 0.749758 0.591739 0.752657 0.597391 0.776812 0.604783 0.789372 0.604348 0.802899 0.600870 0.806763 0.597391 0.806763 0.590000 0.801932 0.586522 0.775845 0.582174 0.764251 0.582609
0 0.855072 0.607391 0.837681 0.610870 0.820290 0.618696 0.820290 0.623478 0.838647 0.631739 0.861836 0.633478 0.872464 0.633043 0.886957 0.628696 0.888889 0.625217 0.887923 0.620435 0.883092 0.613478 0.876329 0.609130 0.865700 0.606957
0 0.981643 0.624348 0.973913 0.623478 0.940097 0.623478 0.925604 0.625217 0.920773 0.630000 0.920773 0.637826 0.924638 0.643043 0.933333 0.646522 0.949758 0.646957 0.970048 0.642609 0.979710 0.638696 0.988406 0.631739 0.986473 0.627391
0 0.995169 0.613043 0.986473 0.615217 0.983575 0.624348 0.994203 0.634783 1.000000 0.635217 1.000000 0.613043
0 1.000000 0.597391 0.994203 0.596957 0.978744 0.592174 0.963285 0.592609 0.955556 0.593913 0.946860 0.599130 0.942995 0.605652 0.942995 0.610870 0.947826 0.614783 0.956522 0.616087 0.980676 0.615652 0.996135 0.611304 1.000000 0.611304
0 0.882126 0.599130 0.881159 0.610435 0.890821 0.622174 0.894686 0.623913 0.907246 0.626087 0.917874 0.625652 0.926570 0.623043 0.939130 0.615217 0.940097 0.609565 0.938164 0.606957 0.930435 0.603478 0.917874 0.600435 0.903382 0.599130
0 0.899517 0.570000 0.880193 0.575652 0.874396 0.582609 0.874396 0.587826 0.879227 0.592174 0.886957 0.595217 0.906280 0.598696 0.914976 0.599565 0.924638 0.599130 0.934300 0.595652 0.934300 0.586957 0.927536 0.576522 0.917874 0.572174
0 0.821256 0.579130 0.813527 0.581739 0.809662 0.587826 0.808696 0.593043 0.810628 0.599565 0.816425 0.603478 0.828986 0.607826 0.848309 0.607826 0.855072 0.605652 0.858937 0.601304 0.868599 0.596957 0.871498 0.593478 0.870531 0.587826 0.859903 0.582609 0.849275 0.580000 0.839614 0.578696
0 0.930435 0.572174 0.929469 0.576522 0.939130 0.587826 0.952657 0.591739 0.962319 0.591739 0.978744 0.590435 0.987440 0.588261 0.987440 0.584348 0.972947 0.575652 0.945894 0.569565 0.936232 0.570000
0 0.995169 0.558261 0.986473 0.559565 0.974879 0.564348 0.972947 0.569130 0.980676 0.578261 0.995169 0.586522 1.000000 0.586522 1.000000 0.558261
0 0.920773 0.543478 0.918841 0.544348 0.918841 0.549130 0.923671 0.552609 0.926570 0.557391 0.949758 0.566087 0.957488 0.566957 0.971981 0.566087 0.989372 0.556522 0.991304 0.553478 0.990338 0.548696 0.984541 0.543913 0.973913 0.540870 0.947826 0.539565
0 0.875362 0.546957 0.871498 0.549130 0.880193 0.553913 0.882126 0.561739 0.885024 0.565217 0.888889 0.566957 0.899517 0.568696 0.913043 0.568261 0.920773 0.563913 0.923671 0.558261 0.923671 0.553478 0.919807 0.549565 0.913043 0.546957 0.905314 0.545652 0.879227 0.546087
0 0.866667 0.550870 0.835749 0.564783 0.833816 0.571739 0.836715 0.575652 0.843478 0.578696 0.861836 0.581739 0.867633 0.581739 0.874396 0.579565 0.885990 0.570000 0.881159 0.554348 0.878261 0.552609
0 0.772947 0.560000 0.765217 0.563913 0.761353 0.568261 0.760386 0.572609 0.766184 0.576522 0.776812 0.580000 0.786473 0.581739 0.796135 0.582174 0.807729 0.580000 0.813527 0.577391 0.818357 0.572609 0.816425 0.568261 0.809662 0.563478 0.803865 0.560870 0.797101 0.559565 0.776812 0.559130
0 0.708213 0.521304 0.687923 0.525217 0.685024 0.528696 0.685990 0.533478 0.693720 0.539565 0.705314 0.545652 0.713043 0.547826 0.720773 0.548261 0.729469 0.546957 0.740097 0.542609 0.746860 0.536522 0.747826 0.531739 0.738164 0.524348 0.725604 0.521739
0 0.839614 0.536087 0.813527 0.538696 0.801932 0.540870 0.793237 0.546957 0.792271 0.553478 0.794203 0.556087 0.801932 0.560000 0.815459 0.563478 0.834783 0.563913 0.839614 0.563043 0.856039 0.556087 0.858937 0.553043 0.859903 0.548696 0.856039 0.543043
0 0.772947 0.526087 0.772947 0.534348 0.778744 0.537391 0.789372 0.539565 0.806763 0.540000 0.824155 0.538261 0.834783 0.536087 0.837681 0.533478 0.835749 0.529130 0.826087 0.521304 0.819324 0.517826 0.813527 0.516522 0.791304 0.516522 0.781643 0.520000
0 0.880193 0.514348 0.875362 0.515652 0.861836 0.528696 0.863768 0.537391 0.870531 0.543043 0.879227 0.545652 0.901449 0.545652 0.907246 0.544348 0.918841 0.537826 0.920773 0.533913 0.918841 0.525652 0.914976 0.521304 0.905314 0.516957 0.893720 0.514783
0 0.946860 0.518696 0.937198 0.526087 0.935266 0.530000 0.939130 0.534348 0.948792 0.538696 0.985507 0.542174 1.000000 0.540000 0.999420 0.522000 0.996135 0.518261 0.986473 0.514348 0.978744 0.512609 0.968116 0.512609 0.958454 0.514348
0 0.995169 0.542652 0.990628 0.545261 0.990338 0.549130 0.994203 0.553043 1.000000 0.554217 1.000000 0.542087
0 0.927536 0.500000 0.910145 0.502174 0.898551 0.505652 0.893720 0.509565 0.894686 0.513913 0.910145 0.518696 0.921739 0.527826 0.925604 0.528696 0.935266 0.528261 0.948792 0.517826 0.950725 0.514348 0.950725 0.509565 0.947826 0.506087 0.938164 0.501739
0 0.857005 0.497826 0.844444 0.497826 0.828019 0.499565 0.821256 0.502174 0.817391 0.505652 0.817391 0.510870 0.822222 0.516957 0.834783 0.526522 0.846377 0.530000 0.856039 0.529565 0.861836 0.526957 0.877295 0.512609 0.877295 0.507391 0.874396 0.503913 0.865700 0.500000
0 0.758454 0.498261 0.746860 0.500000 0.741063 0.502609 0.733333 0.509565 0.733333 0.514348 0.737198 0.517826 0.748792 0.523478 0.767150 0.524783 0.774879 0.523478 0.787440 0.517391 0.791304 0.513913 0.790338 0.509130 0.787440 0.505652 0.771981 0.499565
0 0.712077 0.478261 0.705314 0.482174 0.705314 0.493043 0.708213 0.496957 0.717874 0.501739 0.724638 0.502609 0.733333 0.502174 0.755556 0.497826 0.762319 0.495217 0.765217 0.491304 0.764251 0.486087 0.754589 0.481739 0.726570 0.477391
0 0.785507 0.473913 0.778744 0.476957 0.771014 0.485652 0.772947 0.492609 0.783575 0.497826 0.800966 0.500435 0.821256 0.499565 0.826087 0.497391 0.829952 0.482174 0.826087 0.478696 0.814493 0.472609 0.809662 0.471739 0.795169 0.472174
0 0.883092 0.478261 0.874396 0.474348 0.866667 0.473043 0.856039 0.472609 0.847343 0.474348 0.831884 0.483043 0.828986 0.490000 0.828986 0.498261 0.857971 0.496957 0.864734 0.495217 0.883092 0.486957
0 0.920773 0.470435 0.906280 0.470870 0.897585 0.472609 0.887923 0.476957 0.885024 0.480000 0.885990 0.490870 0.895652 0.497826 0.908213 0.500870 0.928502 0.499565 0.936232 0.495217 0.942029 0.489565 0.942995 0.483913 0.941063 0.477391 0.930435 0.472174
0 0.947826 0.469565 0.941063 0.473913 0.942995 0.483913 0.945894 0.488261 0.954589 0.489565 0.973913 0.489565 0.977778 0.488696 0.985507 0.485217 0.996715 0.478174 0.998454 0.471957 0.976812 0.471304 0.962319 0.468696 0.951691 0.468696
0 0.992271 0.483478 0.982609 0.485652 0.973913 0.491304 0.973913 0.494783 0.987440 0.502609 0.995169 0.504783 1.000000 0.504783 1.000000 0.483478
0 0.800966 0.454783 0.800000 0.459130 0.809662 0.470000 0.814493 0.471739 0.822222 0.472609 0.838647 0.471304 0.847343 0.469130 0.855072 0.464348 0.855072 0.462174 0.851208 0.458696 0.832850 0.450870 0.812560 0.450435
0 0.760386 0.441304 0.751691 0.444348 0.747826 0.447391 0.745894 0.451304 0.747826 0.458696 0.759420 0.463913 0.783575 0.463043 0.800000 0.455217 0.803865 0.451304 0.803865 0.446957 0.787440 0.441739 0.779710 0.440870
0 0.871498 0.430000 0.863768 0.433043 0.857005 0.438696 0.857005 0.443478 0.867633 0.454783 0.872464 0.456087 0.885024 0.456087 0.903382 0.450435 0.907246 0.447391 0.907246 0.443043 0.902415 0.436957 0.898551 0.434783 0.876329 0.430000
0 0.916908 0.410000 0.910145 0.411739 0.911111 0.415652 0.900483 0.423478 0.898551 0.433043 0.911111 0.444783 0.919807 0.446087 0.928502 0.446087 0.938164 0.444348 0.942995 0.440870 0.942995 0.425217 0.938164 0.416957 0.934300 0.413913 0.928502 0.411304
0 1.000000 0.440000 0.984541 0.440870 0.975845 0.443913 0.969082 0.448261 0.964251 0.454348 0.964251 0.459565 0.969082 0.463478 0.975845 0.464783 1.000000 0.463913
0 1.000000 0.420435 0.984541 0.418261 0.966184 0.418696 0.960386 0.420435 0.946860 0.427391 0.947826 0.433913 0.951691 0.439130 0.958454 0.440870 0.974879 0.441739 0.981643 0.440000 0.989372 0.439565 0.996135 0.436957 1.000000 0.436957
0 0.965217 0.391304 0.958454 0.394783 0.951691 0.403043 0.949758 0.407391 0.951691 0.413478 0.963285 0.416957 0.977778 0.417826 1.000000 0.416957 1.000000 0.395652 0.996135 0.395652 0.987440 0.392174 0.979710 0.390870 0.969082 0.390435
0 0.939130 0.373043 0.938164 0.380435 0.941063 0.383478 0.949758 0.387826 0.960386 0.390435 0.971014 0.390000 0.985507 0.391739 1.000000 0.392174 1.000000 0.364783 0.989372 0.363478 0.963285 0.364783 0.950725 0.367391
0 0.932367 0.404348 0.925604 0.401304 0.909179 0.398261 0.891787 0.399130 0.884058 0.400435 0.878261 0.403478 0.876329 0.407391 0.877295 0.416087 0.881159 0.419565 0.890821 0.421739 0.900483 0.422174 0.906280 0.420000 0.910145 0.416522 0.910145 0.412609 0.916908 0.410435 0.929469 0.411304 0.935266 0.413478 0.936232 0.408261
0 0.917874 0.367391 0.909179 0.366522 0.896618 0.366957 0.888889 0.368261 0.880193 0.373043 0.881159 0.381739 0.893720 0.397391 0.902415 0.397826 0.907246 0.396957 0.927536 0.386957 0.935266 0.380870 0.935266 0.376087 0.932367 0.372609 0.927536 0.370000
0 0.847343 0.365217 0.835749 0.370000 0.832850 0.376957 0.833816 0.383478 0.845411 0.387391 0.865700 0.388261 0.872464 0.386087 0.878261 0.381304 0.876329 0.372609 0.868599 0.368261 0.858937 0.365652
0 0.823188 0.390870 0.820290 0.395652 0.821256 0.398696 0.830918 0.404348 0.856039 0.408261 0.874396 0.404783 0.878261 0.400870 0.877295 0.395652 0.862802 0.388696 0.858937 0.387826 0.829952 0.387826
0 0.817391 0.408696 0.812560 0.412609 0.812560 0.418261 0.817391 0.425217 0.825121 0.428696 0.838647 0.432174 0.857005 0.432609 0.861836 0.431304 0.871498 0.424348 0.871498 0.416087 0.866667 0.411304 0.860870 0.409565 0.830918 0.406087
0 0.802899 0.411304 0.777778 0.411739 0.771981 0.413913 0.760386 0.421304 0.754589 0.426957 0.754589 0.431739 0.770048 0.437826 0.784541 0.439565 0.796135 0.439565 0.804831 0.437826 0.810628 0.434783 0.815459 0.428261 0.810628 0.416087
0 0.719807 0.400870 0.705314 0.407391 0.702415 0.411304 0.702415 0.416522 0.705314 0.420435 0.712077 0.424783 0.724638 0.429130 0.740097 0.430435 0.750725 0.430000 0.768116 0.416957 0.768116 0.410870 0.757488 0.404348 0.743961 0.399565
0 0.761353 0.386087 0.755556 0.390000 0.754589 0.400435 0.761353 0.406087 0.769082 0.409565 0.789372 0.410870 0.818357 0.402174 0.820290 0.400435 0.818357 0.396087 0.810628 0.390000 0.786473 0.384348 0.774879 0.383913
0 0.778744 0.367391 0.773913 0.372174 0.773913 0.374348 0.779710 0.381739 0.787440 0.384783 0.811594 0.390435 0.822222 0.390000 0.828986 0.384783 0.831884 0.377826 0.831884 0.371304 0.827053 0.366087 0.819324 0.363043 0.813527 0.362174 0.800000 0.362174
0 0.725604 0.360000 0.717874 0.366087 0.717874 0.370435 0.721739 0.374783 0.736232 0.378261 0.751691 0.383913 0.764251 0.383913 0.768116 0.383043 0.771981 0.377826 0.770048 0.372609 0.742995 0.360435 0.736232 0.359130
0 0.709179 0.378261 0.699517 0.385217 0.697585 0.393043 0.703382 0.396957 0.713043 0.400870 0.744928 0.398696 0.753623 0.392609 0.749758 0.384783 0.744928 0.380870 0.726570 0.376087 0.716908 0.376087
0 0.672464 0.458261 0.662802 0.462609 0.660870 0.467391 0.666667 0.478261 0.675362 0.482609 0.681159 0.483913 0.699517 0.483478 0.709179 0.478261 0.719807 0.476087 0.730435 0.471304 0.727536 0.466522 0.711111 0.460870 0.691787 0.457391 0.682126 0.456957
0 0.696618 0.428696 0.688889 0.430000 0.676329 0.434348 0.669565 0.439130 0.668599 0.443478 0.673430 0.449130 0.688889 0.456957 0.699517 0.458696 0.706280 0.458696 0.712077 0.457826 0.723671 0.453478 0.732367 0.446957 0.734300 0.442609 0.732367 0.439130 0.724638 0.433913 0.714010 0.430435
0 0.633816 0.459565 0.609662 0.466087 0.602899 0.470000 0.602899 0.473478 0.612560 0.480000 0.631884 0.485217 0.640580 0.485652 0.657971 0.482609 0.664734 0.478696 0.664734 0.474783 0.660870 0.467391 0.654106 0.463043 0.647343 0.460435
0 0.571014 0.446957 0.557488 0.447826 0.539130 0.451304 0.531401 0.455217 0.528502 0.458696 0.530435 0.462174 0.553623 0.472174 0.560386 0.473913 0.573913 0.473478 0.580676 0.472174 0.589372 0.468261 0.592271 0.464783 0.592271 0.458261 0.587440 0.452174 0.579710 0.448696
0 0.623188 0.433043 0.602899 0.433043 0.597101 0.434783 0.593237 0.438696 0.588406 0.451739 0.598068 0.463043 0.603865 0.464783 0.614493 0.464348 0.631884 0.459565 0.651208 0.447391 0.650242 0.443478 0.645411 0.440435 0.630918 0.434783
0 0.534300 0.422609 0.527536 0.427826 0.521739 0.435652 0.521739 0.443913 0.524638 0.446957 0.535266 0.450435 0.543961 0.450000 0.569082 0.446087 0.572947 0.444348 0.575845 0.440870 0.574879 0.436087 0.569082 0.430435 0.544928 0.422609
0 0.671498 0.413043 0.652174 0.412609 0.642512 0.414783 0.636715 0.419130 0.636715 0.433913 0.646377 0.441739 0.653140 0.443478 0.657971 0.443478 0.664734 0.441304 0.681159 0.432609 0.695652 0.427826 0.694686 0.423478 0.688889 0.418261 0.680193 0.414783
0 0.577778 0.415652 0.573913 0.419565 0.572947 0.424348 0.575845 0.427826 0.586473 0.432174 0.597101 0.433478 0.624155 0.431304 0.628986 0.425217 0.625121 0.415652 0.614493 0.412609 0.586473 0.411739
0 0.677295 0.391739 0.669565 0.394348 0.662802 0.398696 0.659903 0.405217 0.659903 0.411739 0.673430 0.413478 0.681159 0.415652 0.691787 0.415652 0.700483 0.412174 0.703382 0.408696 0.702415 0.398261 0.698551 0.394348 0.691787 0.391739
0 0.648309 0.386522 0.621256 0.389565 0.606763 0.396087 0.601932 0.400000 0.600966 0.404348 0.607729 0.409565 0.628019 0.414783 0.639614 0.414783 0.649275 0.412609 0.657971 0.408261 0.660870 0.404783 0.661836 0.396522 0.656039 0.392609 0.654106 0.389130
0 0.690821 0.368261 0.676329 0.368696 0.651208 0.373478 0.648309 0.375217 0.648309 0.383043 0.654106 0.387391 0.659903 0.389565 0.670531 0.391304 0.687923 0.391304 0.693720 0.390000 0.703382 0.376522 0.698551 0.370870
0 0.602899 0.366522 0.596135 0.369130 0.593237 0.372174 0.595169 0.376522 0.620290 0.389130 0.634783 0.386957 0.639614 0.385217 0.645700 0.377043 0.637681 0.369565 0.631884 0.366957 0.623188 0.365652
0 0.567150 0.373913 0.556522 0.376957 0.552657 0.380000 0.552657 0.392609 0.557488 0.395652 0.586473 0.403478 0.594203 0.402609 0.609662 0.392609 0.607729 0.385217 0.603865 0.380435 0.592271 0.375217 0.581643 0.373913
0 0.544928 0.397391 0.534300 0.399565 0.529469 0.402609 0.529469 0.412174 0.540097 0.421304 0.549758 0.424783 0.563285 0.426522 0.570048 0.423043 0.586473 0.407391 0.577778 0.402174 0.561353 0.397391
0 0.530435 0.374783 0.519807 0.375217 0.501449 0.378696 0.493720 0.384348 0.493720 0.390000 0.500483 0.397391 0.515942 0.402174 0.526570 0.402609 0.544928 0.396522 0.549758 0.392609 0.551691 0.379565 0.547826 0.377391
0 0.471498 0.363043 0.463768 0.364783 0.459903 0.367826 0.457005 0.377391 0.460870 0.382174 0.465700 0.384348 0.474396 0.386522 0.486957 0.386957 0.494686 0.383478 0.501449 0.377391 0.498551 0.368696 0.494686 0.365652 0.487923 0.363478
0 0.438647 0.386957 0.436715 0.389565 0.438647 0.397826 0.444444 0.403478 0.456039 0.408261 0.463768 0.407826 0.475362 0.404783 0.489855 0.403478 0.494686 0.402174 0.499517 0.396087 0.491787 0.390000 0.474396 0.387826 0.458937 0.383913 0.446377 0.384348
0 0.472464 0.404783 0.462802 0.407826 0.459903 0.410000 0.457005 0.415652 0.457971 0.420000 0.465700 0.427391 0.482126 0.434783 0.493720 0.435652 0.500483 0.433478 0.515942 0.424348 0.517874 0.418696 0.516908 0.411304 0.510145 0.406957 0.501449 0.404783 0.493720 0.403913
0 0.462802 0.443913 0.448309 0.437391 0.437681 0.436522 0.429952 0.437826 0.420290 0.443043 0.406763 0.445652 0.402899 0.447391 0.401932 0.451739 0.409662 0.456522 0.420290 0.458696 0.456039 0.457826 0.461836 0.454783 0.464734 0.451304
0 0.405797 0.412174 0.388406 0.420000 0.388406 0.423913 0.392271 0.428261 0.400000 0.431739 0.422222 0.436522 0.431884 0.436957 0.439614 0.435652 0.446377 0.432174 0.451208 0.424348 0.452174 0.418696 0.449275 0.415217 0.440580 0.411739 0.434783 0.411304
0 0.325604 0.466087 0.322705 0.467391 0.320773 0.471739 0.322705 0.482609 0.326570 0.487391 0.333333 0.489565 0.363285 0.489130 0.370048 0.486087 0.373913 0.482609 0.373913 0.477826 0.368116 0.472174 0.353623 0.467826 0.343961 0.463478
0 0.360386 0.440870 0.355556 0.442174 0.350725 0.447826 0.349758 0.458261 0.351691 0.464348 0.356522 0.467391 0.372947 0.471304 0.379710 0.471739 0.387440 0.470870 0.398068 0.466957 0.402899 0.463043 0.400000 0.456087 0.383575 0.445217 0.376812 0.443043
0 0.337198 0.438261 0.308213 0.438261 0.297585 0.440870 0.285024 0.445652 0.278261 0.451304 0.277295 0.455652 0.281159 0.460000 0.293720 0.465652 0.307246 0.468696 0.317874 0.469130 0.346860 0.458696 0.348792 0.456087 0.348792 0.446957 0.342029 0.440000
0 0.128502 0.461304 0.116908 0.466522 0.118841 0.478696 0.131401 0.483043 0.141063 0.484348 0.161353 0.484783 0.169082 0.482609 0.167150 0.475217 0.171014 0.466522 0.167150 0.463043 0.153623 0.459130 0.145894 0.458696
0 0.152657 0.441739 0.148792 0.449565 0.149758 0.455652 0.153623 0.458696 0.164251 0.462174 0.178744 0.463043 0.190338 0.460000 0.206763 0.459130 0.210628 0.456087 0.209662 0.451739 0.204831 0.446522 0.198068 0.443913 0.171981 0.438261 0.160386 0.438261
0 0.091787 0.434783 0.088889 0.440000 0.095652 0.447826 0.113043 0.456522 0.125604 0.460000 0.137198 0.459565 0.146860 0.457391 0.149758 0.443043 0.146860 0.438261 0.140097 0.435217 0.124638 0.431739 0.115942 0.431739 0.108213 0.433478
0 0.146860 0.410000 0.135266 0.411304 0.126570 0.413478 0.120773 0.416087 0.114976 0.424348 0.116908 0.427826 0.126570 0.432174 0.142995 0.436522 0.152657 0.436522 0.159420 0.435217 0.165217 0.431739 0.169082 0.423913 0.168116 0.415652 0.160386 0.411304 0.153623 0.410000
0 0.172947 0.422174 0.171014 0.425652 0.171981 0.433043 0.180676 0.440000 0.191304 0.442174 0.204831 0.442174 0.213527 0.441304 0.219324 0.439130 0.222222 0.434348 0.218357 0.427391 0.178744 0.420870
0 0.175845 0.412174 0.173913 0.418696 0.175845 0.420435 0.214493 0.426522 0.223188 0.426522 0.234783 0.424348 0.234783 0.407826 0.222222 0.402609 0.205797 0.401304 0.197101 0.402174
0 0.237681 0.410870 0.235749 0.414348 0.235749 0.423478 0.242512 0.429565 0.250242 0.433043 0.260870 0.434783 0.290821 0.433913 0.303382 0.431304 0.309179 0.421304 0.309179 0.418696 0.306280 0.416087 0.295652 0.414348 0.285024 0.410000 0.267633 0.406522 0.249275 0.406957
0 0.325604 0.405217 0.314976 0.410000 0.312077 0.413478 0.309179 0.422174 0.309179 0.431739 0.319807 0.436087 0.344928 0.436957 0.364251 0.427826 0.367150 0.424348 0.366184 0.419130 0.352657 0.410435 0.335266 0.406087
0 0.342995 0.383478 0.336232 0.384783 0.325604 0.389130 0.320773 0.395652 0.321739 0.400435 0.326570 0.404348 0.339130 0.406087 0.353623 0.410435 0.361353 0.410870 0.370048 0.408696 0.378744 0.400435 0.378744 0.394783 0.371014 0.387826 0.362319 0.384348
0 0.256039 0.378261 0.248309 0.381304 0.246377 0.383478 0.243478 0.401739 0.246377 0.404348 0.252174 0.406087 0.283092 0.406522 0.287923 0.402609 0.290821 0.397391 0.290821 0.388696 0.286957 0.384783 0.278261 0.380000 0.267633 0.377826
0 0.192271 0.383478 0.186473 0.387391 0.185507 0.393043 0.186473 0.396522 0.193237 0.400000 0.229952 0.402609 0.239614 0.400000 0.243478 0.396522 0.244444 0.392174 0.241546 0.388696 0.231884 0.384348 0.223188 0.381739 0.210628 0.381739
0 0.308213 0.365652 0.284058 0.370870 0.276329 0.375652 0.276329 0.378261 0.300483 0.393043 0.308213 0.395217 0.317874 0.395652 0.321739 0.393913 0.325604 0.389565 0.338164 0.383043 0.339130 0.376087 0.336232 0.372609 0.327536 0.368261 0.319807 0.366087
0 0.278261 0.360870 0.265700 0.358261 0.253140 0.358261 0.229952 0.361304 0.217391 0.365217 0.217391 0.371304 0.221256 0.373913 0.228986 0.375652 0.237681 0.379565 0.245411 0.380870 0.259903 0.377826 0.274396 0.377826 0.285024 0.369565 0.285024 0.364783
0 0.995169 0.812174 0.991304 0.814348 0.986473 0.817478 0.984541 0.826522 0.989372 0.830435 0.995169 0.832174 1.000000 0.832174 1.000000 0.812174