0 0.701449 0.417826 0.690821 0.420870 0.684058 0.427391 0.683092 0.432609 0.685024 0.436087 0.688889 0.438696 0.699517 0.441304 0.717874 0.443478 0.737198 0.431304 0.736232 0.424783 0.730435 0.420435 0.717874 0.417391
0 0.730435 0.436522 0.727536 0.441739 0.730435 0.447826 0.751691 0.454348 0.760386 0.455652 0.787440 0.456522 0.796135 0.455217 0.802899 0.451739 0.805797 0.447391 0.803865 0.443478 0.795169 0.434348 0.788406 0.432174 0.759420 0.429130 0.748792 0.430435
0 0.856039 0.424348 0.834783 0.422174 0.819324 0.423043 0.801932 0.425652 0.798068 0.427391 0.796135 0.433043 0.799034 0.439565 0.805797 0.446087 0.813527 0.447826 0.827053 0.448261 0.831884 0.447826 0.851208 0.442174 0.859903 0.436957 0.862802 0.433043 0.860870 0.426957
0 0.829952 0.455217 0.821256 0.462174 0.821256 0.466957 0.828986 0.472609 0.845411 0.476087 0.857971 0.476522 0.876329 0.475217 0.883092 0.472174 0.890821 0.463913 0.890821 0.459130 0.883092 0.454348 0.875362 0.452609 0.847343 0.452174 0.835749 0.453478
0 0.898551 0.414348 0.892754 0.415652 0.882126 0.421304 0.882126 0.432174 0.890821 0.439565 0.899517 0.442609 0.906280 0.443913 0.917874 0.443913 0.929469 0.441739 0.935266 0.439565 0.941063 0.433478 0.942029 0.426522 0.933333 0.420000 0.921739 0.415652 0.914010 0.414348
0 0.924638 0.442174 0.915942 0.444783 0.909662 0.447870 0.906280 0.451304 0.905314 0.456957 0.907246 0.462174 0.914976 0.465652 0.936232 0.470435 0.952657 0.470870 0.961353 0.465652 0.967150 0.459130 0.963285 0.451304 0.956522 0.446957 0.949082 0.443783 0.940676 0.441870 0.935266 0.441304
0 1.000000 0.459130 0.982609 0.456957 0.975845 0.456957 0.967150 0.458696 0.959420 0.466957 0.958454 0.471304 0.960386 0.474783 0.969082 0.480000 0.978744 0.479565 0.991304 0.476957 1.000000 0.476522
0 0.846667 0.536957 0.866667 0.536522 0.877295 0.538696 0.885024 0.542174 0.887923 0.546522 0.886957 0.551739 0.876329 0.559130 0.870531 0.561304 0.865700 0.568261 0.856039 0.567826 0.852174 0.565652 0.843478 0.564783 0.837681 0.560870 0.838647 0.556087 0.834783 0.546696 0.839517 0.538957
0 0.950725 0.551739 0.936232 0.557391 0.933333 0.560435 0.933333 0.566522 0.938164 0.572174 0.946860 0.576957 0.952657 0.578261 0.975845 0.580870 0.986473 0.580435 0.994203 0.573913 0.998841 0.569478 0.997005 0.562870 0.996135 0.557826 0.991304 0.554348 0.979710 0.551304 0.958454 0.550870
0 0.947826 0.532174 0.937198 0.530870 0.926570 0.531304 0.916908 0.533913 0.911111 0.536957 0.908213 0.543478 0.908213 0.549565 0.910145 0.553478 0.916908 0.558696 0.928502 0.559130 0.933333 0.558261 0.952657 0.550000 0.957488 0.545217 0.958454 0.540435 0.955556 0.535217
0 0.842512 0.520435 0.844444 0.524348 0.863768 0.535652 0.889855 0.540870 0.897585 0.540000 0.906280 0.537391 0.913043 0.526957 0.913043 0.520870 0.905314 0.516957 0.887923 0.514348 0.862802 0.513913 0.849275 0.516522
0 0.979710 0.509565 0.970048 0.513043 0.962319 0.522609 0.961353 0.530870 0.963285 0.535652 0.971014 0.539130 1.000000 0.542174 1.000000 0.510000 0.990338 0.509130
0 0.894686 0.503478 0.892754 0.510000 0.896618 0.514348 0.907246 0.517391 0.914010 0.521304 0.926570 0.523913 0.945894 0.523913 0.952657 0.523043 0.962319 0.517826 0.967150 0.513043 0.967150 0.501739 0.960386 0.498261 0.951691 0.496522 0.928502 0.494783 0.915942 0.495652
0 0.760386 0.494348 0.752657 0.496522 0.741063 0.505217 0.739130 0.510435 0.742995 0.515652 0.750725 0.518261 0.755556 0.521739 0.763285 0.523478 0.778744 0.523478 0.800000 0.517391 0.807729 0.506957 0.806763 0.502609 0.791304 0.495652 0.780676 0.494348
0 0.709179 0.506087 0.697585 0.505652 0.676329 0.506957 0.663768 0.509130 0.658937 0.511304 0.654106 0.516957 0.655072 0.523478 0.675362 0.526957 0.691787 0.526957 0.700483 0.525652 0.712077 0.521304 0.714010 0.519130 0.714010 0.509565
0 0.762319 0.480870 0.734300 0.480435 0.716908 0.481739 0.708213 0.483913 0.702415 0.486957 0.696618 0.491739 0.696618 0.498261 0.712077 0.507826 0.716908 0.509130 0.736232 0.509130 0.749758 0.498261 0.762319 0.492609 0.764251 0.487826 0.764251 0.482174
0 0.808696 0.486087 0.805797 0.490435 0.810628 0.495217 0.814493 0.503043 0.819324 0.506957 0.839614 0.513478 0.852174 0.514348 0.861836 0.513043 0.878261 0.503478 0.881159 0.499565 0.880193 0.492174 0.872464 0.486087 0.865700 0.483043 0.851208 0.480000 0.835749 0.480000
0 0.908213 0.465652 0.894686 0.468261 0.879227 0.478261 0.879227 0.485652 0.895652 0.493043 0.906280 0.494783 0.919807 0.494783 0.927536 0.492609 0.941063 0.486087 0.942995 0.482609 0.942029 0.478261 0.937198 0.472174 0.925604 0.467826
0 0.995169 0.476522 0.979710 0.479130 0.972947 0.481739 0.971014 0.495217 0.972947 0.499565 0.975845 0.501304 0.985507 0.503478 1.000000 0.504783 1.000000 0.476522
0 0.657005 0.496957 0.648309 0.493913 0.629952 0.495217 0.623188 0.497391 0.601932 0.498261 0.586473 0.500000 0.581643 0.505217 0.582609 0.510000 0.586473 0.514348 0.592271 0.518261 0.601932 0.520000 0.606763 0.520000 0.631884 0.514783 0.660870 0.502174
0 0.568116 0.471739 0.558454 0.475652 0.554589 0.480000 0.555556 0.491304 0.559420 0.495652 0.565217 0.498696 0.579710 0.500435 0.600000 0.496522 0.605797 0.494348 0.608696 0.491304 0.607729 0.485217 0.600000 0.479565 0.580676 0.472609
0 0.661836 0.476522 0.656039 0.477826 0.643478 0.484348 0.636715 0.490000 0.634783 0.494348 0.638647 0.495217 0.647343 0.494783 0.657971 0.498261 0.658937 0.500870 0.663768 0.502609 0.674396 0.502609 0.685024 0.500435 0.690821 0.497826 0.693720 0.494783 0.694686 0.486087 0.684058 0.478261 0.675362 0.476522
0 0.743961 0.451304 0.734300 0.450435 0.716908 0.452609 0.699517 0.462609 0.698551 0.467391 0.708213 0.476957 0.716908 0.480435 0.734300 0.480870 0.752657 0.480000 0.765217 0.476522 0.766184 0.468261 0.761353 0.460870 0.755556 0.456087
0 0.601932 0.455652 0.593237 0.458696 0.586473 0.465652 0.588406 0.474783 0.601932 0.480435 0.612560 0.483043 0.638647 0.483913 0.645411 0.482174 0.651208 0.479565 0.669179 0.473304 0.675362 0.470000 0.665990 0.465609 0.656039 0.458696 0.647343 0.456087 0.634783 0.454783
0 0.538164 0.423043 0.531401 0.426522 0.528502 0.431739 0.532367 0.435652 0.549758 0.443913 0.560386 0.446087 0.571981 0.446087 0.583575 0.443913 0.588406 0.439565 0.589372 0.431304 0.582609 0.426087 0.573913 0.423478 0.549758 0.421739
0 0.590338 0.433478 0.587440 0.443913 0.593237 0.446957 0.608696 0.451739 0.616425 0.453043 0.641546 0.453913 0.646377 0.452174 0.651208 0.438261 0.648309 0.433043 0.641546 0.428696 0.632850 0.426957 0.613527 0.427391 0.594203 0.431739
0 0.130435 0.990870 0.127536 1.000000 0.188406 1.000000 0.190338 0.994783 0.188406 0.991304 0.177778 0.986957 0.164251 0.984783 0.152657 0.985217 0.137198 0.987826
0 0.166184 0.970870 0.160386 0.968261 0.148792 0.965652 0.134300 0.964348 0.124638 0.964348 0.117874 0.965652 0.114976 0.966957 0.107246 0.978261 0.107246 0.982609 0.104348 0.984783 0.105314 0.987391 0.111111 0.989565 0.118841 0.990000 0.123671 0.988696 0.135266 0.988696 0.143961 0.986522 0.161353 0.983913 0.165217 0.979130
0 0.175845 0.967391 0.170048 0.975217 0.174879 0.981739 0.180676 0.984348 0.201932 0.986087 0.218357 0.985652 0.238647 0.983043 0.245411 0.979130 0.246377 0.973043 0.239614 0.963913 0.226087 0.962174 0.201932 0.961739 0.185507 0.964348
0 0.188406 0.997826 0.188406 1.000000 0.246377 1.000000 0.246377 0.993478 0.232850 0.989565 0.213527 0.988261 0.203865 0.988696 0.193237 0.993043
0 0.253140 0.978261 0.246377 0.980870 0.242512 0.984783 0.244444 0.990870 0.256039 0.997391 0.261836 0.998261 0.261836 1.000000 0.285024 1.000000 0.285024 0.998261 0.291787 0.996087 0.298551 0.988696 0.299517 0.986087 0.294686 0.980435 0.290821 0.978261 0.283092 0.976522 0.275362 0.976087
0 0.310145 1.000000 0.367150 1.000000 0.367150 0.997826 0.356522 0.992609 0.343961 0.990435 0.326570 0.990870 0.312077 0.993913
0 0.325604 0.976957 0.323671 0.979565 0.324638 0.983913 0.328502 0.986522 0.341063 0.989565 0.356522 0.990870 0.378744 0.990435 0.387440 0.985652 0.387440 0.980000 0.384541 0.974783 0.379710 0.970870 0.362319 0.966957 0.338164 0.970435
0 0.299517 0.950870 0.290821 0.952609 0.276329 0.958696 0.273430 0.962609 0.274396 0.969565 0.282126 0.974783 0.291787 0.978261 0.302415 0.980435 0.312077 0.980870 0.324638 0.975217 0.327536 0.958696 0.317874 0.950870
0 0.422222 0.966522 0.412560 0.966087 0.397101 0.970435 0.392271 0.973913 0.392271 0.987391 0.399034 0.994783 0.403865 0.996957 0.430918 0.996087 0.440580 0.990870 0.443478 0.987391 0.443478 0.978261 0.436715 0.972609
0 0.490821 0.978696 0.485990 0.980870 0.482126 0.984783 0.482126 0.988261 0.491787 0.994348 0.503382 0.998261 0.503382 1.000000 0.531401 1.000000 0.532367 0.997826 0.543961 0.996522 0.553623 0.991304 0.553623 0.984348 0.549758 0.981739 0.539130 0.978261 0.521739 0.976522 0.508213 0.976522
0 0.439614 0.961739 0.435749 0.966522 0.436715 0.970435 0.445411 0.978696 0.455072 0.982609 0.466667 0.983478 0.475362 0.982609 0.485024 0.978696 0.490821 0.974348 0.491787 0.969565 0.488889 0.967391 0.482222 0.966522 0.479227 0.962609 0.455072 0.960870
0 0.485024 0.954348 0.485024 0.960435 0.490821 0.966087 0.506280 0.968696 0.519807 0.968696 0.539130 0.966957 0.556522 0.959565 0.555556 0.955652 0.547826 0.950870 0.537198 0.949565 0.530435 0.946957 0.517874 0.945652 0.499517 0.945217 0.493720 0.946522
0 0.465700 0.943478 0.444444 0.937391 0.428019 0.937391 0.412560 0.940000 0.404831 0.943478 0.402899 0.946957 0.403865 0.951304 0.408696 0.956087 0.414493 0.959130 0.418357 0.960000 0.438647 0.959565 0.447343 0.956957 0.465700 0.947391
0 0.342995 0.939130 0.338164 0.943913 0.339130 0.951739 0.346860 0.959130 0.354589 0.963478 0.367150 0.966087 0.379710 0.966522 0.386473 0.965652 0.396135 0.962609 0.403865 0.955652 0.402899 0.947391 0.400966 0.945652 0.377778 0.939130 0.361353 0.936957
0 0.264734 0.926087 0.249275 0.936087 0.248309 0.943913 0.250242 0.945652 0.258937 0.949565 0.271498 0.952609 0.283092 0.953043 0.300483 0.949565 0.307246 0.943478 0.305314 0.935217 0.301449 0.930870 0.290821 0.926957 0.274396 0.925652
0 0.174879 0.942609 0.176812 0.954783 0.179710 0.956522 0.194203 0.960000 0.213527 0.960435 0.224155 0.959565 0.246377 0.951304 0.246377 0.946957 0.242512 0.943043 0.230918 0.938696 0.209662 0.935217 0.198068 0.934348 0.189372 0.935217 0.177778 0.939565
0 0.127536 0.936957 0.115942 0.941304 0.114010 0.948261 0.116908 0.953478 0.131401 0.963043 0.150725 0.963478 0.156522 0.961304 0.170048 0.959130 0.174879 0.956957 0.175845 0.953913 0.171014 0.947391 0.162319 0.940870 0.152657 0.937826 0.146860 0.937826 0.137198 0.936087
0 0.140097 0.907391 0.134300 0.908261 0.130435 0.911304 0.125604 0.920000 0.125604 0.926522 0.127536 0.930000 0.133333 0.933913 0.142029 0.936087 0.152657 0.936522 0.179710 0.930435 0.183575 0.928261 0.183575 0.923043 0.178744 0.917391 0.163285 0.911739 0.161353 0.909130 0.147826 0.907391
0 0.183575 0.916087 0.182609 0.920000 0.188406 0.927826 0.200000 0.932174 0.220290 0.934783 0.228986 0.934348 0.237681 0.931739 0.242512 0.929130 0.247343 0.923913 0.247343 0.919130 0.244444 0.916087 0.240580 0.914348 0.226087 0.912174 0.202899 0.910870 0.195169 0.911739
0 0.236715 0.882609 0.231884 0.883913 0.219324 0.890870 0.208696 0.899565 0.207729 0.904783 0.222222 0.910870 0.234783 0.912609 0.244444 0.912609 0.254106 0.909565 0.265700 0.900000 0.254106 0.892174 0.249275 0.884783 0.242512 0.882609
0 0.304348 0.901739 0.291787 0.900000 0.273430 0.899565 0.257005 0.905652 0.251208 0.911304 0.255072 0.920000 0.264734 0.923478 0.273430 0.924783 0.283092 0.924348 0.295652 0.920870 0.310145 0.911304 0.309179 0.904783
0 0.255072 0.883913 0.254106 0.890000 0.256039 0.892609 0.273430 0.898696 0.300483 0.898261 0.309179 0.893478 0.312077 0.889130 0.310145 0.882174 0.302415 0.878696 0.292754 0.877391 0.268599 0.878696
0 0.197101 0.888261 0.177778 0.885652 0.169082 0.887826 0.161353 0.892609 0.156522 0.897391 0.156522 0.901304 0.169082 0.908696 0.187440 0.907391 0.199034 0.904783 0.202899 0.902609 0.205797 0.899130 0.205797 0.894348 0.203865 0.891739
0 0.150725 0.873043 0.143961 0.871739 0.134300 0.872609 0.125604 0.872174 0.116908 0.876087 0.108213 0.887391 0.108213 0.893043 0.116908 0.898696 0.122705 0.899565 0.143961 0.899130 0.152657 0.897391 0.164251 0.889130 0.165217 0.882609 0.161353 0.876522
0 0.174879 0.878261 0.173913 0.881739 0.176812 0.883043 0.202899 0.888696 0.222222 0.887826 0.228019 0.883913 0.228019 0.872609 0.221256 0.868696 0.216425 0.867826 0.203865 0.867826
0 0.194203 0.853043 0.171014 0.852609 0.147826 0.857391 0.145894 0.862174 0.151691 0.870000 0.160386 0.874348 0.169082 0.876522 0.177778 0.876087 0.204831 0.866957 0.207729 0.860435
0 0.106280 0.843043 0.100483 0.843913 0.098551 0.845652 0.093720 0.857826 0.094686 0.865217 0.099517 0.869565 0.105314 0.871304 0.119807 0.871739 0.135266 0.869130 0.140097 0.866522 0.141063 0.856957 0.135266 0.853043 0.114976 0.843913
0 0.153623 0.826522 0.146860 0.826957 0.122705 0.831739 0.114976 0.837826 0.114976 0.842174 0.118841 0.845217 0.142995 0.854348 0.152657 0.854348 0.171981 0.851304 0.178744 0.846087 0.178744 0.841739 0.166184 0.831739
0 0.152850 0.823130 0.169082 0.834783 0.179710 0.842609 0.186473 0.843478 0.197101 0.843043 0.210628 0.839130 0.215459 0.835217 0.214493 0.830435 0.210628 0.827826 0.187440 0.824783 0.162029 0.819913
0 0.242512 0.840000 0.231884 0.836522 0.213527 0.836957 0.205797 0.840435 0.194203 0.843043 0.192271 0.844348 0.191304 0.849565 0.193237 0.851739 0.202899 0.855217 0.215459 0.855217 0.235749 0.852609 0.244444 0.849565 0.246377 0.846957 0.246377 0.843478
0 0.212560 0.857391 0.222222 0.867826 0.229952 0.871739 0.247343 0.874783 0.274396 0.876522 0.278261 0.874783 0.283092 0.868696 0.285990 0.860870 0.282126 0.857826 0.273430 0.854348 0.258937 0.851739 0.243478 0.850870 0.221256 0.854783
0 0.336232 0.858261 0.326570 0.855217 0.317874 0.853913 0.310145 0.854348 0.297585 0.856957 0.293140 0.858913 0.288889 0.861304 0.285990 0.864783 0.285990 0.870000 0.289855 0.875217 0.300483 0.875217 0.312077 0.877391 0.327536 0.877391 0.338164 0.875217 0.342995 0.873043 0.343961 0.868261
0 0.361353 0.908261 0.352657 0.907391 0.343961 0.907826 0.319807 0.913913 0.317874 0.917391 0.317874 0.927826 0.322705 0.932609 0.329469 0.935217 0.338164 0.936522 0.351691 0.936522 0.358454 0.934783 0.375845 0.926957 0.378744 0.924348 0.378744 0.919130 0.371981 0.912174
0 0.419324 0.901739 0.408696 0.901304 0.395169 0.902609 0.382609 0.908261 0.378744 0.911304 0.377778 0.917391 0.380676 0.921739 0.385507 0.923913 0.401932 0.927826 0.411594 0.927826 0.418357 0.926522 0.425121 0.922174 0.429952 0.913043 0.429952 0.907826 0.423188 0.902609
0 0.433816 0.910435 0.429952 0.912174 0.427053 0.915652 0.426087 0.924783 0.437681 0.933478 0.446377 0.937391 0.455072 0.939565 0.463768 0.940435 0.478261 0.939565 0.483092 0.937391 0.490821 0.928696 0.489855 0.920435 0.483092 0.913478 0.476329 0.910435 0.468599 0.909130 0.445411 0.908696
0 0.529469 0.918261 0.514976 0.916957 0.507246 0.918261 0.503382 0.920000 0.500483 0.923478 0.493720 0.926087 0.486957 0.932609 0.486957 0.938261 0.491787 0.941739 0.498551 0.943043 0.534300 0.939130 0.544928 0.935217 0.547826 0.932609 0.546860 0.927391 0.538164 0.921739
0 0.423188 0.872609 0.402899 0.873478 0.395169 0.875652 0.385507 0.882609 0.383575 0.887826 0.385507 0.895217 0.390338 0.897826 0.401932 0.900870 0.412560 0.900870 0.425121 0.898261 0.436715 0.894348 0.440580 0.890435 0.440580 0.883043 0.428019 0.878261
0 0.347826 0.850870 0.344928 0.852609 0.343961 0.865217 0.347826 0.868261 0.370048 0.876957 0.376812 0.878261 0.383575 0.878261 0.387440 0.876522 0.400000 0.874783 0.413527 0.865652 0.412560 0.861304 0.403865 0.853043 0.388406 0.849565 0.365217 0.848261
0 0.456039 0.875217 0.446377 0.882609 0.445411 0.896522 0.447343 0.897826 0.459903 0.899565 0.473430 0.899130 0.489855 0.896957 0.500483 0.893478 0.501449 0.884783 0.490821 0.878696 0.475362 0.874348
0 0.534300 0.876522 0.516908 0.880435 0.509179 0.885217 0.502415 0.891304 0.502415 0.897391 0.509179 0.904783 0.539130 0.907391 0.550725 0.904783 0.562319 0.898261 0.565217 0.887391 0.558454 0.880870 0.554589 0.879130 0.544928 0.876957
0 0.560386 0.900870 0.543961 0.907391 0.540097 0.921739 0.542995 0.924783 0.550725 0.928696 0.577778 0.929130 0.593237 0.924783 0.598068 0.920000 0.597101 0.914783 0.588406 0.907391 0.578744 0.903043 0.570048 0.900870
0 0.631884 0.927391 0.622222 0.925652 0.610628 0.925652 0.582609 0.929565 0.572947 0.934783 0.571981 0.940000 0.569082 0.942609 0.571981 0.947391 0.586473 0.953043 0.615459 0.953478 0.629952 0.951304 0.640580 0.946957 0.643478 0.943478 0.641546 0.936522
0 0.581643 0.956087 0.574879 0.959130 0.569082 0.965217 0.568116 0.971739 0.571014 0.974783 0.578744 0.978261 0.595169 0.981304 0.615459 0.982174 0.623188 0.980870 0.632850 0.974783 0.632850 0.966957 0.627053 0.959130 0.621256 0.956522 0.607729 0.954783 0.593237 0.954348
0 0.655072 0.953913 0.647343 0.956957 0.635749 0.966522 0.634783 0.975217 0.638647 0.980435 0.648309 0.985217 0.666667 0.986087 0.681159 0.983913 0.688889 0.980870 0.696618 0.973043 0.696618 0.966957 0.692754 0.963478 0.682126 0.958261 0.665700 0.954348
0 0.633816 0.996957 0.633816 1.000000 0.695652 1.000000 0.693720 0.996087 0.685990 0.992174 0.684058 0.989565 0.674396 0.985652 0.657971 0.985652 0.648309 0.986957 0.636715 0.993043
0 0.784541 0.977391 0.767150 0.975652 0.742029 0.979130 0.738164 0.980870 0.736232 0.984783 0.738164 0.991739 0.747826 0.996522 0.755556 0.997826 0.756522 1.000000 0.774879 1.000000 0.774879 0.998261 0.785507 0.993478 0.789372 0.988696 0.789372 0.980870
0 0.774879 0.997826 0.774879 1.000000 0.838647 1.000000 0.838647 0.997391 0.833816 0.993913 0.812560 0.992609 0.786473 0.992609
0 0.839420 0.988087 0.843478 1.000000 0.906280 1.000000 0.906280 0.994783 0.900483 0.988696 0.885024 0.982609 0.869565 0.980652 0.856908 0.981000 0.850531 0.981870 0.840193 0.983304
0 0.935266 0.975652 0.918841 0.986087 0.923671 1.000000 0.971981 1.000000 0.971981 0.998261 0.978744 0.994783 0.981643 0.989130 0.981643 0.984783 0.978744 0.980435 0.973913 0.978261 0.952657 0.974348
0 0.799034 0.953478 0.785507 0.962609 0.790338 0.969565 0.801932 0.974783 0.823188 0.980435 0.840580 0.981304 0.852174 0.978696 0.854106 0.974348 0.845411 0.962174 0.825121 0.953478 0.816425 0.951739 0.805797 0.951739
0 0.742995 0.948261 0.729469 0.950435 0.723671 0.953478 0.722705 0.968261 0.720773 0.970870 0.725604 0.974783 0.742995 0.977391 0.752657 0.977391 0.764251 0.972609 0.771014 0.966957 0.772947 0.960870 0.775845 0.958696 0.770048 0.950435 0.753623 0.948261
0 0.746860 0.930435 0.729469 0.926522 0.709179 0.927826 0.702415 0.930000 0.694686 0.942609 0.695652 0.947391 0.702415 0.952609 0.707246 0.953913 0.720773 0.953478 0.730435 0.950000 0.745894 0.947391 0.752657 0.944348 0.756522 0.939565 0.755556 0.935652
0 0.662802 0.926522 0.655459 0.926565 0.647633 0.927087 0.640870 0.929043 0.645411 0.943478 0.660870 0.950435 0.677295 0.950870 0.684058 0.948696 0.695652 0.942174 0.697585 0.935217 0.693720 0.931739 0.684058 0.928261 0.674396 0.926522
0 0.890821 0.937826 0.881159 0.936522 0.855072 0.938696 0.842512 0.940870 0.828986 0.946522 0.831884 0.953043 0.853140 0.959565 0.865700 0.959130 0.877295 0.954348 0.884058 0.950000 0.891787 0.939565
0 0.915942 0.934348 0.905314 0.936522 0.900483 0.940435 0.894686 0.942609 0.890821 0.946957 0.891787 0.955217 0.899517 0.964348 0.902415 0.965652 0.908213 0.966522 0.934300 0.965652 0.952657 0.956522 0.958454 0.948696 0.957488 0.943043 0.950725 0.939130 0.942029 0.936957
0 0.995169 0.946957 0.985507 0.954783 0.984541 0.960870 0.987440 0.967391 0.995169 0.971304 1.000000 0.971304 1.000000 0.946957
0 0.926570 0.900870 0.923671 0.902609 0.923671 0.907826 0.931401 0.920435 0.935266 0.923913 0.946860 0.928261 0.959420 0.930000 0.975845 0.928261 0.988406 0.923478 0.996135 0.918261 0.996618 0.915652 0.997295 0.913478 0.996135 0.910870 0.984541 0.906087 0.943961 0.898261
0 0.864734 0.904783 0.855072 0.913913 0.852174 0.919130 0.859903 0.929130 0.874396 0.936522 0.891787 0.936957 0.903382 0.934783 0.917874 0.929130 0.920773 0.926522 0.922705 0.920435 0.919807 0.916522 0.901449 0.908261 0.872464 0.904783
0 0.821256 0.896957 0.799034 0.900435 0.793237 0.905217 0.793237 0.911304 0.800966 0.919565 0.807729 0.923913 0.822222 0.928261 0.829952 0.927826 0.840580 0.923913 0.845411 0.920000 0.847343 0.912174 0.840580 0.902174 0.831884 0.898696
0 0.747826 0.914348 0.742995 0.917826 0.742995 0.921304 0.754589 0.929130 0.771981 0.935652 0.777778 0.936957 0.787440 0.936957 0.795169 0.930870 0.799034 0.924348 0.791304 0.913913 0.778744 0.910000 0.769082 0.910000
0 0.717874 0.900435 0.702415 0.901739 0.695652 0.904348 0.693720 0.906957 0.695652 0.923478 0.700483 0.926522 0.707246 0.927826 0.732367 0.925217 0.740097 0.921739 0.743961 0.916957 0.742995 0.912174 0.736232 0.906957 0.727536 0.902174
0 0.616425 0.904348 0.612560 0.908261 0.616425 0.909565 0.621256 0.916957 0.645411 0.924783 0.652174 0.925652 0.665700 0.925217 0.674396 0.923478 0.681159 0.920000 0.684058 0.916087 0.684058 0.911739 0.688889 0.908696 0.688889 0.904348 0.682126 0.900870 0.648309 0.897391 0.637681 0.897391 0.625121 0.902609
0 0.691787 0.869565 0.682126 0.870000 0.671498 0.873478 0.664734 0.877391 0.655072 0.888261 0.656039 0.893478 0.664734 0.893913 0.673430 0.897391 0.682126 0.899130 0.710145 0.895217 0.717874 0.892609 0.719807 0.890435 0.719807 0.883913 0.712077 0.876087 0.705314 0.872609
0 0.734300 0.875652 0.723671 0.884348 0.725604 0.892609 0.731401 0.897391 0.740097 0.901739 0.751691 0.904348 0.761353 0.904348 0.778744 0.898696 0.785507 0.892174 0.785507 0.888261 0.770048 0.880000 0.760386 0.877826 0.757488 0.876087 0.748792 0.874783
0 0.813527 0.869130 0.792271 0.870000 0.785507 0.871739 0.778744 0.876087 0.778744 0.884348 0.785507 0.889130 0.791304 0.891304 0.800966 0.892174 0.813527 0.891304 0.825121 0.884348 0.827053 0.881739 0.825121 0.874348
0 0.847343 0.873478 0.832850 0.880000 0.822222 0.888261 0.823188 0.892609 0.828019 0.896522 0.838647 0.899565 0.860870 0.899565 0.874396 0.896087 0.877295 0.893043 0.878261 0.887826 0.868599 0.878696 0.857005 0.873913
0 0.895652 0.881304 0.893720 0.885217 0.909179 0.896957 0.918841 0.900435 0.927536 0.900870 0.939130 0.898696 0.953623 0.892174 0.956522 0.889130 0.954589 0.883043 0.950725 0.881304 0.933333 0.878261 0.907246 0.877391
0 0.586473 0.865217 0.577778 0.867826 0.567150 0.873043 0.561353 0.881304 0.575845 0.889130 0.595169 0.892609 0.611594 0.892174 0.620290 0.889130 0.624155 0.884783 0.624155 0.876957 0.621256 0.872174 0.612560 0.866957 0.602899 0.865217
0 0.692754 0.841304 0.673430 0.843478 0.656039 0.851304 0.654106 0.856087 0.656039 0.862609 0.663768 0.865217 0.679227 0.868261 0.699517 0.867391 0.716908 0.861739 0.715942 0.849565 0.713043 0.846957 0.705314 0.843478
0 0.724638 0.844783 0.719807 0.849130 0.722705 0.852609 0.719807 0.856522 0.719807 0.860435 0.721739 0.863043 0.734300 0.870870 0.741063 0.873043 0.758454 0.873043 0.778744 0.870435 0.790338 0.863043 0.795169 0.857826 0.791304 0.850000 0.778744 0.844783 0.763285 0.842609 0.745894 0.842174 0.734300 0.845217
0 0.812560 0.840870 0.802899 0.843043 0.800000 0.845217 0.797101 0.851739 0.798068 0.857391 0.801932 0.861739 0.812560 0.866522 0.821256 0.868261 0.830918 0.867826 0.841546 0.865652 0.848309 0.862609 0.851208 0.859130 0.850242 0.852609 0.848309 0.850435 0.830918 0.843913
0 0.900483 0.850870 0.880193 0.850435 0.873430 0.851739 0.861836 0.860435 0.859903 0.870870 0.866667 0.876522 0.881159 0.882609 0.888889 0.881739 0.893720 0.879130 0.909179 0.875652 0.922705 0.865217 0.922705 0.860435 0.918841 0.855217
0 0.977778 0.848261 0.969082 0.847826 0.963285 0.851739 0.951691 0.850870 0.940097 0.855652 0.926570 0.867826 0.927536 0.874348 0.933333 0.878261 0.955556 0.882609 0.970048 0.882609 0.977778 0.881304 0.986473 0.877391 0.988406 0.875217 0.986473 0.861739 0.988406 0.857391 0.983575 0.855652
0 0.829952 0.826957 0.824155 0.830000 0.823188 0.834348 0.838647 0.845217 0.853140 0.850435 0.864734 0.851304 0.874396 0.850435 0.883092 0.845217 0.887923 0.838696 0.887923 0.833913 0.882126 0.829130 0.866667 0.825217 0.847343 0.825217
0 0.916908 0.828696 0.906280 0.831304 0.893720 0.836957 0.890821 0.840435 0.891787 0.846087 0.898551 0.850000 0.917874 0.854783 0.936232 0.855217 0.950725 0.849565 0.951691 0.843478 0.946860 0.834783 0.940097 0.830870 0.929469 0.829130
0 0.995169 0.858261 0.991304 0.860435 0.988406 0.864783 0.989372 0.874348 0.995169 0.882174 1.000000 0.882174 1.000000 0.858261
0 0.995169 0.825217 0.981643 0.834348 0.979710 0.841304 0.980676 0.846957 0.986473 0.853913 0.995169 0.857826 1.000000 0.857826 1.000000 0.825217
0 0.976812 0.816087 0.952657 0.816522 0.944928 0.819565 0.942029 0.823043 0.942029 0.829130 0.951691 0.841304 0.951691 0.850000 0.962319 0.850870 0.970048 0.846957 0.975845 0.846087 0.976812 0.837826 0.988406 0.827391 0.988406 0.821739 0.984541 0.818261
0 0.995169 0.788261 0.980676 0.795217 0.991304 0.813043 0.995169 0.814783 1.000000 0.814783 1.000000 0.788261
0 0.925604 0.797826 0.925604 0.803913 0.933333 0.808696 0.944928 0.813043 0.959420 0.815652 0.980676 0.815652 0.987440 0.813478 0.988406 0.809130 0.981643 0.801304 0.978744 0.794783 0.973913 0.792174 0.955556 0.790000 0.943961 0.790435
0 0.910145 0.800435 0.895652 0.800435 0.888889 0.803043 0.869565 0.806957 0.865700 0.809130 0.865700 0.815652 0.871498 0.823043 0.876329 0.825652 0.886957 0.828696 0.910145 0.828696 0.921739 0.825217 0.932367 0.820000 0.934300 0.811739 0.930435 0.806957 0.919807 0.802174
0 0.814493 0.793913 0.802899 0.798261 0.801932 0.807391 0.803865 0.811739 0.810628 0.816522 0.816425 0.818696 0.828019 0.820870 0.842512 0.820870 0.849275 0.818696 0.854106 0.814783 0.855072 0.801739 0.853140 0.798261 0.848309 0.795217 0.840580 0.793478 0.820290 0.793043
0 0.742995 0.826087 0.741063 0.835217 0.759420 0.842174 0.776812 0.843043 0.794203 0.842174 0.802899 0.839130 0.809662 0.838261 0.814493 0.834348 0.809662 0.829565 0.809662 0.825652 0.806763 0.823043 0.787440 0.816087 0.769082 0.815217 0.758454 0.816522 0.751691 0.819565
0 0.725604 0.796087 0.719807 0.798696 0.721739 0.806522 0.725604 0.809565 0.738164 0.814783 0.751691 0.815652 0.760386 0.814783 0.762319 0.810870 0.768116 0.806957 0.766184 0.803043 0.767150 0.798261 0.762319 0.795217 0.754589 0.793913 0.733333 0.794348
0 0.695652 0.820000 0.681159 0.825217 0.676329 0.830000 0.678261 0.833478 0.691787 0.840000 0.708213 0.843478 0.717874 0.843913 0.726570 0.841739 0.736232 0.836522 0.736232 0.826957 0.729469 0.822174 0.717874 0.818696
0 0.667633 0.825652 0.658937 0.823478 0.646377 0.823478 0.622222 0.828696 0.610628 0.833913 0.606763 0.842609 0.612560 0.848261 0.646377 0.849565 0.659903 0.847826 0.671498 0.841739 0.674396 0.838696 0.669565 0.832609
0 0.636715 0.801304 0.631884 0.806522 0.633816 0.810000 0.639614 0.814783 0.647343 0.817826 0.665700 0.821304 0.683092 0.820870 0.691787 0.816957 0.695652 0.810000 0.695652 0.802174 0.690821 0.798696 0.678261 0.796957 0.655072 0.796957 0.646377 0.798261
0 0.595169 0.807826 0.575845 0.813043 0.570048 0.822609 0.573913 0.826522 0.585507 0.833478 0.602899 0.833913 0.612560 0.831739 0.628019 0.824783 0.630918 0.822609 0.631884 0.816957 0.628019 0.813043 0.623188 0.810870 0.614493 0.809130
0 0.601932 0.835217 0.596135 0.834348 0.576812 0.834783 0.558454 0.836522 0.548792 0.838696 0.542029 0.841739 0.539130 0.846957 0.542995 0.853043 0.551691 0.857826 0.560386 0.860870 0.568116 0.861739 0.581643 0.859130 0.599034 0.850000 0.605797 0.837391
0 0.421256 0.843478 0.412560 0.847391 0.409662 0.852609 0.416425 0.863478 0.434783 0.871304 0.443478 0.872609 0.451208 0.872609 0.457005 0.871304 0.465700 0.867826 0.471498 0.862609 0.471498 0.851304 0.467633 0.846522 0.459903 0.843043 0.449275 0.841739 0.435749 0.841739
0 0.511111 0.822609 0.504348 0.821739 0.488889 0.822174 0.482126 0.823478 0.471498 0.827826 0.465700 0.838696 0.468599 0.845652 0.474396 0.852609 0.485024 0.853478 0.508213 0.851304 0.514976 0.850000 0.521739 0.846522 0.529469 0.838696 0.530435 0.830000 0.522705 0.826087
0 0.468599 0.826087 0.458937 0.821304 0.446377 0.818261 0.432850 0.816522 0.413527 0.817826 0.402899 0.822174 0.396135 0.830000 0.395169 0.834348 0.402899 0.838261 0.412560 0.840435 0.433816 0.840870 0.450242 0.839130 0.460870 0.834348 0.461836 0.831739 0.465700 0.831739
0 0.435749 0.790000 0.426087 0.793478 0.419324 0.799130 0.418357 0.806087 0.421256 0.809565 0.438647 0.816522 0.447343 0.817826 0.467633 0.817391 0.485024 0.810000 0.486957 0.806522 0.485990 0.798696 0.477295 0.793913 0.467633 0.790870 0.451208 0.788696
0 0.513043 0.802174 0.497585 0.808696 0.496618 0.814783 0.508213 0.821304 0.525604 0.827391 0.535266 0.828696 0.542029 0.830870 0.553623 0.830435 0.567150 0.818696 0.567150 0.813913 0.555556 0.806522 0.543961 0.802609 0.532367 0.801304 0.516908 0.801304
0 0.776812 0.775217 0.772947 0.780870 0.773913 0.786522 0.776812 0.789130 0.785507 0.792174 0.805797 0.793043 0.820290 0.790870 0.827053 0.788261 0.831884 0.784348 0.831884 0.782174 0.823188 0.776087 0.813527 0.772174 0.793237 0.770870 0.785507 0.772174
0 0.813527 0.755652 0.803865 0.761304 0.801932 0.763913 0.803865 0.766087 0.820290 0.773478 0.829952 0.775174 0.840580 0.775652 0.849275 0.776087 0.856039 0.775652 0.866667 0.771739 0.866667 0.759130 0.857005 0.753478 0.849275 0.752174 0.828019 0.752174 0.821256 0.753043 0.816329 0.754130
0 0.903382 0.753043 0.890821 0.755217 0.882126 0.760000 0.881159 0.766957 0.882126 0.768696 0.888889 0.771739 0.903382 0.776087 0.908213 0.779130 0.912077 0.779130 0.917874 0.777391 0.918841 0.775652 0.936232 0.767826 0.939130 0.764348 0.939130 0.759130 0.936232 0.756087 0.928502 0.753913
0 0.978744 0.757391 0.961353 0.759130 0.949758 0.763043 0.940097 0.764783 0.929469 0.773043 0.928502 0.777826 0.931401 0.783478 0.936232 0.786087 0.946860 0.789130 0.968116 0.791304 0.978744 0.790435 0.988406 0.785652 0.992271 0.782174 0.995169 0.773478 0.993816 0.771522 0.994203 0.768478 0.994203 0.766522 0.986473 0.759565
0 0.932367 0.740000 0.930435 0.744348 0.934300 0.747826 0.939420 0.750174 0.947826 0.753043 0.960386 0.754348 0.975845 0.754348 1.000000 0.751739 1.000000 0.733043 0.996135 0.733043 0.982609 0.728261 0.969082 0.727826 0.952657 0.728696 0.942029 0.733043
0 0.909179 0.727826 0.893720 0.727391 0.882126 0.728261 0.871498 0.732609 0.866667 0.740435 0.868599 0.743913 0.875362 0.748261 0.889855 0.750870 0.907246 0.750000 0.923671 0.744348 0.923671 0.738696 0.917874 0.732174 0.912077 0.730435
0 0.944928 0.704348 0.932367 0.704348 0.922705 0.706957 0.914010 0.707826 0.899517 0.715652 0.903382 0.725217 0.920773 0.732609 0.935266 0.733043 0.953623 0.724783 0.959420 0.716522 0.952657 0.707391
0 0.951691 0.700870 0.951691 0.705652 0.960386 0.714783 0.967150 0.718261 0.983575 0.720870 1.000000 0.720000 1.000000 0.696957 0.972947 0.696087 0.965217 0.696957
0 0.849275 0.721739 0.835749 0.721304 0.824155 0.722174 0.808696 0.730435 0.806763 0.744348 0.821256 0.750870 0.831884 0.751304 0.852174 0.746522 0.861836 0.741304 0.866667 0.732174 0.861836 0.726957
0 0.774879 0.755652 0.761353 0.750870 0.748792 0.750000 0.740097 0.751304 0.721739 0.757391 0.716908 0.760000 0.714010 0.766087 0.714010 0.769565 0.719807 0.777826 0.727536 0.778696 0.732367 0.777391 0.744928 0.776957 0.765217 0.772174 0.777778 0.763913 0.778744 0.759130
0 0.700483 0.746957 0.673430 0.746522 0.666667 0.748696 0.658937 0.754348 0.657005 0.759130 0.658937 0.768261 0.663768 0.772174 0.671498 0.775652 0.673430 0.779130 0.683092 0.778261 0.687923 0.775652 0.700483 0.773913 0.705314 0.771304 0.707246 0.768261 0.706280 0.763043 0.711111 0.759565 0.713043 0.755652 0.709179 0.749565
0 0.628986 0.766522 0.618357 0.770000 0.610628 0.774348 0.606763 0.779130 0.609662 0.783043 0.627053 0.792174 0.635749 0.793478 0.657971 0.793478 0.662802 0.792609 0.668599 0.788696 0.671498 0.779565 0.661836 0.771739 0.649275 0.767391 0.639614 0.765652
0 0.554589 0.790870 0.554589 0.795217 0.562319 0.804348 0.568116 0.806957 0.574879 0.807826 0.587440 0.807391 0.601932 0.804348 0.619324 0.795217 0.619324 0.793478 0.615459 0.790870 0.592271 0.785652 0.569082 0.785217 0.560386 0.786087
0 0.482126 0.780435 0.476329 0.786957 0.477295 0.791304 0.490821 0.799130 0.510145 0.801304 0.529469 0.799565 0.539130 0.796087 0.542029 0.792609 0.542995 0.786087 0.540097 0.781304 0.535266 0.777826 0.520773 0.775217 0.507246 0.775217
0 0.448309 0.764348 0.428986 0.765217 0.412560 0.769565 0.411594 0.777826 0.429952 0.786957 0.444444 0.786957 0.457005 0.783913 0.465700 0.779565 0.465700 0.775217 0.461836 0.771304
0 0.480193 0.745652 0.468599 0.747826 0.455072 0.753043 0.452174 0.755217 0.453140 0.763913 0.468599 0.771739 0.482126 0.774348 0.492754 0.774348 0.499517 0.771739 0.508406 0.769826 0.513623 0.767174 0.514976 0.763913 0.515942 0.759565 0.509179 0.752609 0.499517 0.748261 0.491787 0.746087
0 0.541063 0.728261 0.522705 0.728261 0.516908 0.729565 0.508213 0.733478 0.502415 0.739130 0.503382 0.747391 0.513043 0.752609 0.520773 0.760870 0.524638 0.762609 0.534300 0.760870 0.556522 0.750000 0.564251 0.740870 0.563285 0.736957 0.558454 0.732174
0 0.568116 0.754348 0.551691 0.759565 0.549758 0.762609 0.550725 0.767826 0.570048 0.779565 0.583575 0.782174 0.585507 0.783478 0.596135 0.783913 0.608696 0.771739 0.609662 0.765217 0.607729 0.759565 0.604831 0.756522 0.598068 0.754348 0.590338 0.753478
0 0.639614 0.731304 0.623188 0.735652 0.606763 0.742609 0.603865 0.744783 0.600966 0.751739 0.604831 0.756522 0.610628 0.759130 0.631884 0.762609 0.641546 0.762609 0.650242 0.759565 0.658937 0.752174 0.661836 0.747391 0.661836 0.741739 0.658937 0.737826 0.647343 0.732609
0 0.596135 0.715217 0.571981 0.715652 0.566184 0.716957 0.558454 0.720870 0.555556 0.723478 0.555556 0.727391 0.567150 0.737826 0.578744 0.739565 0.595169 0.736957 0.605797 0.733913 0.620290 0.725217 0.620290 0.723913 0.604831 0.716957
0 0.636715 0.700000 0.628019 0.703478 0.619324 0.709565 0.618357 0.714783 0.624155 0.722174 0.636715 0.726522 0.645411 0.727826 0.657971 0.727391 0.669565 0.724783 0.679227 0.720870 0.684058 0.716087 0.683092 0.710000 0.672464 0.703913 0.661836 0.700870
0 0.726570 0.722174 0.716908 0.721739 0.697585 0.728261 0.689855 0.733043 0.688889 0.740435 0.708213 0.744783 0.719807 0.744783 0.725604 0.743913 0.734300 0.740435 0.736232 0.734783 0.733333 0.730870 0.732367 0.724348
0 0.749758 0.720435 0.740097 0.724783 0.737198 0.728261 0.737198 0.734348 0.740097 0.737826 0.760386 0.744783 0.777778 0.746957 0.796135 0.746087 0.800000 0.744348 0.802512 0.739130 0.804831 0.733043 0.804831 0.728261 0.801932 0.726957 0.800966 0.724348 0.788406 0.720000 0.781643 0.719130 0.771014 0.717130 0.758454 0.718696
0 0.736232 0.696957 0.734300 0.701304 0.739130 0.705652 0.766184 0.714348 0.779710 0.716522 0.788406 0.716522 0.796135 0.715217 0.800000 0.713478 0.800966 0.700000 0.789372 0.692174 0.777778 0.690435 0.758454 0.690000 0.751691 0.690870
0 0.851208 0.697391 0.838647 0.695652 0.806763 0.701739 0.802899 0.704348 0.800966 0.714348 0.804831 0.716957 0.821256 0.721739 0.846377 0.721304 0.859903 0.717826 0.865700 0.713478 0.864734 0.708261 0.857971 0.699565
0 0.891787 0.689565 0.882126 0.689565 0.866667 0.695652 0.862802 0.700435 0.866667 0.709130 0.876329 0.714783 0.882126 0.721304 0.892754 0.720435 0.898551 0.713478 0.910145 0.708696 0.914010 0.702174 0.913043 0.696087 0.910145 0.693478 0.900483 0.690435
0 0.848309 0.679565 0.814493 0.676522 0.795169 0.679130 0.792271 0.681304 0.793237 0.688696 0.797101 0.693913 0.803865 0.698696 0.813527 0.699565 0.839614 0.694783 0.847343 0.689565 0.850242 0.682174
0 0.881159 0.661304 0.866667 0.666087 0.862802 0.670000 0.861836 0.681739 0.868599 0.685652 0.878261 0.688261 0.900483 0.690000 0.909179 0.688261 0.919807 0.681739 0.922705 0.669130 0.917874 0.664783 0.906280 0.660870
0 0.685024 0.655652 0.678261 0.660435 0.676329 0.664783 0.676329 0.670435 0.682126 0.677391 0.690821 0.680000 0.709179 0.681304 0.714976 0.682609 0.725604 0.681739 0.740097 0.673478 0.740097 0.668696 0.731401 0.661304 0.726570 0.659130 0.712077 0.656087 0.698551 0.654783
0 0.760386 0.645652 0.742995 0.649130 0.738164 0.651304 0.731401 0.657391 0.731401 0.659130 0.742995 0.672174 0.760386 0.678696 0.770048 0.679130 0.781643 0.676957 0.793237 0.670435 0.793237 0.657826 0.788406 0.651304 0.778744 0.646522
0 0.800966 0.654348 0.796135 0.658261 0.796135 0.663478 0.800000 0.669130 0.814493 0.675652 0.820290 0.676957 0.835749 0.676957 0.838647 0.675652 0.850918 0.673087 0.852174 0.664348 0.852174 0.656957 0.849275 0.654348 0.839614 0.651739 0.815459 0.651304
0 0.978744 0.646087 0.967150 0.645652 0.950725 0.647391 0.925604 0.653043 0.914010 0.657826 0.914976 0.662174 0.933333 0.674348 0.942029 0.676087 0.954589 0.676087 0.966184 0.673913 0.974879 0.669565 0.981643 0.660870 0.990338 0.654348 0.985507 0.649130
0 0.995169 0.651739 0.991304 0.653913 0.983575 0.663043 0.982609 0.670870 0.995169 0.678261 1.000000 0.678261 1.000000 0.651739
0 0.993237 0.625217 0.981643 0.626957 0.976812 0.628696 0.971014 0.633478 0.970048 0.638696 0.977778 0.645217 0.994203 0.649565 1.000000 0.649565 1.000000 0.625217
0 0.864734 0.630435 0.859903 0.640000 0.860870 0.646087 0.864734 0.650435 0.882126 0.659565 0.892754 0.660435 0.907246 0.658696 0.917874 0.654783 0.926570 0.647826 0.924638 0.642609 0.917874 0.637826 0.908213 0.634348 0.890821 0.630870 0.875362 0.629565
0 0.796135 0.626087 0.792271 0.629565 0.792271 0.639130 0.795169 0.642609 0.805797 0.646522 0.817391 0.648261 0.834783 0.647391 0.850242 0.639565 0.851208 0.630870 0.843478 0.626087 0.823188 0.622174 0.812560 0.622174
0 0.854106 0.603043 0.847343 0.607391 0.844444 0.611304 0.843478 0.616087 0.846377 0.621304 0.853140 0.623913 0.863768 0.626087 0.884058 0.625652 0.895652 0.623478 0.902415 0.619565 0.898551 0.615217 0.896618 0.607391 0.885990 0.603478 0.872464 0.600870 0.864734 0.600435
0 0.924638 0.610435 0.917874 0.614348 0.915942 0.618696 0.915942 0.627826 0.917874 0.629565 0.924638 0.632174 0.942995 0.634783 0.954589 0.634783 0.967150 0.633043 0.982609 0.623043 0.982609 0.617826 0.977778 0.614348 0.972947 0.612609 0.944928 0.608261 0.933333 0.608696
0 0.985507 0.582609 0.960386 0.583478 0.945894 0.587826 0.938164 0.592609 0.936232 0.595652 0.938164 0.600870 0.942995 0.604783 0.952657 0.609130 0.967150 0.611304 0.976812 0.610870 0.988406 0.608696 0.996135 0.605217 1.000000 0.605217 1.000000 0.586087 0.996135 0.586087 0.992271 0.583913
0 0.865700 0.570870 0.858937 0.571304 0.854106 0.573043 0.836715 0.576087 0.826087 0.582609 0.821256 0.587391 0.821256 0.594783 0.829952 0.600435 0.848309 0.602609 0.857005 0.601739 0.869565 0.597826 0.878261 0.588261 0.878261 0.582609 0.867633 0.574348
0 0.776812 0.602174 0.772947 0.605652 0.772947 0.612174 0.778744 0.617391 0.801932 0.621739 0.824155 0.621304 0.828986 0.620000 0.828986 0.612174 0.826087 0.606522 0.812560 0.599130 0.805797 0.597391 0.795169 0.597391 0.786473 0.598261
0 0.749758 0.615217 0.740097 0.617826 0.736232 0.621304 0.731401 0.630870 0.734300 0.637826 0.744928 0.643043 0.757488 0.643913 0.773913 0.643043 0.785507 0.639130 0.785507 0.630435 0.780676 0.623043 0.774879 0.618696 0.766184 0.615652 0.761353 0.614783
0 0.699517 0.630870 0.688889 0.634348 0.676329 0.641304 0.673430 0.644348 0.673430 0.647826 0.682126 0.652609 0.689855 0.654783 0.717874 0.656522 0.728502 0.652609 0.734300 0.647391 0.734300 0.641739 0.729469 0.637826 0.715942 0.631739 0.709179 0.630435
0 0.695652 0.603478 0.685024 0.606522 0.672464 0.614783 0.673430 0.619565 0.690821 0.627391 0.713043 0.630870 0.729469 0.629565 0.733333 0.627391 0.733333 0.618696 0.730435 0.614348 0.717874 0.606087 0.707246 0.603478
0 0.621256 0.616087 0.607729 0.623043 0.606763 0.631304 0.609662 0.634348 0.624155 0.639565 0.635749 0.642174 0.654106 0.642609 0.662802 0.641304 0.667633 0.639130 0.673430 0.631739 0.672464 0.623043 0.666667 0.616957 0.661836 0.614783 0.654106 0.613913 0.643478 0.613913
0 0.627053 0.650870 0.603865 0.658696 0.600000 0.661739 0.599034 0.666522 0.605797 0.670435 0.620290 0.674348 0.639614 0.674783 0.645411 0.673913 0.654106 0.670435 0.658937 0.665217 0.658937 0.658696 0.657005 0.656087 0.647343 0.652609 0.639614 0.650870
0 0.603865 0.674348 0.583575 0.680435 0.573913 0.693478 0.576812 0.695217 0.577778 0.698261 0.588406 0.701739 0.598068 0.703043 0.617391 0.703043 0.625121 0.701739 0.632850 0.697826 0.632850 0.690000 0.623188 0.679130 0.613527 0.677826 0.609662 0.674348
0 0.514976 0.698261 0.514010 0.701739 0.516908 0.704783 0.530435 0.709565 0.571014 0.712609 0.575845 0.710435 0.574879 0.701304 0.577778 0.696957 0.574879 0.694348 0.569082 0.692609 0.562319 0.691739 0.542029 0.691739 0.522705 0.694783
0 0.572947 0.662174 0.564251 0.660000 0.546860 0.661304 0.525604 0.670435 0.516908 0.671739 0.516908 0.685652 0.525604 0.686957 0.552657 0.687391 0.573913 0.683478 0.583575 0.677826 0.583575 0.672174 0.580676 0.667826
0 0.568116 0.628696 0.560386 0.630000 0.553623 0.634348 0.551691 0.637391 0.551691 0.646522 0.563285 0.655217 0.572947 0.658696 0.579710 0.659130 0.587440 0.657391 0.596135 0.652609 0.601932 0.646957 0.603865 0.638261 0.601932 0.634783 0.595169 0.630435 0.586473 0.629130
0 0.475362 0.640870 0.464734 0.644783 0.458937 0.650000 0.457005 0.659130 0.460870 0.663478 0.467633 0.666957 0.482126 0.669565 0.491787 0.669130 0.515942 0.662609 0.517874 0.659565 0.515942 0.653913 0.511111 0.648696 0.500483 0.643043 0.491787 0.640870
0 0.484058 0.672174 0.473430 0.670870 0.460870 0.672174 0.447343 0.671739 0.420290 0.673478 0.413527 0.677391 0.412560 0.685652 0.418357 0.694348 0.429952 0.699130 0.448309 0.700000 0.458937 0.697391 0.474396 0.689565 0.478261 0.680435 0.485024 0.676957
0 0.469565 0.618261 0.456039 0.617391 0.441546 0.620870 0.430918 0.621739 0.424155 0.624783 0.420290 0.629565 0.420290 0.636522 0.425121 0.640870 0.445411 0.644348 0.457971 0.644348 0.473430 0.639565 0.479227 0.635217 0.479227 0.627391 0.475362 0.620870
0 0.490821 0.618261 0.481159 0.623043 0.484058 0.635217 0.499517 0.640435 0.518841 0.640870 0.528502 0.639130 0.539130 0.631304 0.541063 0.627826 0.535266 0.623478 0.521739 0.618261 0.514976 0.616957 0.506280 0.616522
0 0.596135 0.596957 0.581643 0.596522 0.568116 0.597826 0.560386 0.600870 0.552657 0.610000 0.552657 0.616087 0.549275 0.624261 0.557101 0.627609 0.571981 0.626957 0.582609 0.626957 0.606763 0.622609 0.619324 0.615217 0.620290 0.610000 0.618357 0.607391 0.606763 0.600435
0 0.522705 0.581304 0.513043 0.583043 0.506280 0.587391 0.502415 0.594348 0.502415 0.601739 0.507246 0.609130 0.516908 0.613913 0.534300 0.614348 0.541063 0.613478 0.550725 0.609565 0.558454 0.601304 0.558454 0.594783 0.552657 0.587391 0.548792 0.585217 0.535266 0.581739
0 0.395169 0.641304 0.376812 0.646522 0.375845 0.651739 0.377778 0.654348 0.397101 0.664348 0.413527 0.669130 0.417391 0.667391 0.422222 0.661739 0.425121 0.653478 0.424155 0.647391 0.419324 0.643478 0.414493 0.641739 0.404831 0.640870
0 0.363285 0.614348 0.356522 0.618696 0.361353 0.632609 0.368116 0.636957 0.377778 0.640000 0.385507 0.641304 0.397101 0.640000 0.409662 0.634783 0.413527 0.630870 0.413527 0.626522 0.408696 0.619565 0.397101 0.615217 0.387440 0.613478 0.371981 0.613043
0 0.441546 0.598261 0.423188 0.598261 0.412560 0.603478 0.409662 0.607391 0.409662 0.612609 0.421256 0.618261 0.430918 0.619130 0.449275 0.616087 0.457005 0.611739 0.454106 0.603043 0.448309 0.600000
0 0.482126 0.585652 0.468599 0.590870 0.459903 0.597826 0.459903 0.603478 0.465700 0.611739 0.474396 0.613478 0.491787 0.614783 0.502415 0.612174 0.504348 0.606087 0.494686 0.590870 0.488889 0.586957
0 0.424155 0.573913 0.415459 0.579565 0.414493 0.585217 0.416425 0.588261 0.426087 0.592609 0.438647 0.596087 0.451208 0.596087 0.461836 0.594783 0.466667 0.591739 0.468599 0.586087 0.465700 0.579565 0.458937 0.573478 0.449275 0.571304 0.438647 0.571304
0 0.358454 0.581304 0.348792 0.588261 0.347826 0.595652 0.349758 0.600000 0.360386 0.604348 0.372947 0.606087 0.401932 0.606522 0.407729 0.605652 0.421256 0.596087 0.419324 0.590870 0.411594 0.586087 0.388406 0.579130 0.371981 0.578696
0 0.333333 0.636522 0.326570 0.637391 0.314976 0.642174 0.313043 0.647391 0.316908 0.656087 0.325604 0.662174 0.340097 0.662609 0.352657 0.660435 0.370048 0.655652 0.371981 0.654348 0.371014 0.646522 0.358454 0.641304 0.343961 0.637826
0 0.361353 0.659130 0.351691 0.663913 0.349758 0.669130 0.351691 0.677391 0.357488 0.682174 0.366184 0.683913 0.379710 0.684348 0.395169 0.681304 0.412560 0.673478 0.412560 0.670000 0.387440 0.661739 0.370048 0.658696
0 0.313043 0.669565 0.305314 0.672609 0.299517 0.677391 0.297585 0.685217 0.309179 0.690870 0.315942 0.692609 0.333333 0.692609 0.344928 0.689130 0.350725 0.682174 0.349758 0.676957 0.346860 0.674348 0.335266 0.670435 0.324638 0.669130
0 0.381643 0.693478 0.378744 0.696087 0.379710 0.701739 0.395169 0.708261 0.420290 0.710000 0.428986 0.708696 0.429952 0.703478 0.427053 0.699565 0.410628 0.690000 0.395169 0.689130
0 0.350725 0.697391 0.346860 0.699130 0.343961 0.703043 0.343961 0.707826 0.349758 0.716087 0.369082 0.728696 0.378744 0.728261 0.399034 0.719130 0.400000 0.715652 0.397101 0.710435 0.383575 0.704348 0.378744 0.700870 0.372947 0.700000 0.367150 0.697391
0 0.430918 0.715217 0.420290 0.715652 0.401932 0.719565 0.375845 0.730870 0.374879 0.733043 0.379710 0.740435 0.385507 0.744348 0.403865 0.748261 0.418357 0.749565 0.428019 0.748696 0.435749 0.745217 0.438647 0.741304 0.437681 0.725217 0.441546 0.720435 0.438647 0.717391
0 0.325604 0.731739 0.318841 0.736087 0.314976 0.743043 0.322705 0.752174 0.332367 0.755652 0.342995 0.757391 0.362319 0.757391 0.371014 0.755652 0.377778 0.752174 0.380676 0.743478 0.374879 0.735217 0.369082 0.730435 0.363285 0.728696 0.348792 0.728696
0 0.281159 0.743043 0.264734 0.750000 0.264734 0.759130 0.272464 0.763913 0.280193 0.767000 0.289855 0.768696 0.304348 0.769565 0.319807 0.769130 0.323671 0.766522 0.324638 0.760435 0.321739 0.752174 0.314976 0.745652 0.300483 0.741304 0.289855 0.741304
0 0.281159 0.714783 0.271498 0.716957 0.267633 0.720000 0.267633 0.730000 0.269565 0.733913 0.282126 0.739565 0.301449 0.739565 0.319807 0.733043 0.319807 0.726087 0.310145 0.719130 0.300483 0.715217 0.294686 0.714348
0 0.283092 0.700870 0.286957 0.707826 0.291787 0.711739 0.309179 0.717826 0.325604 0.720000 0.336232 0.720000 0.345894 0.716957 0.342995 0.706957 0.343961 0.698696 0.342029 0.696957 0.335266 0.695217 0.324638 0.693913 0.307246 0.694348 0.295652 0.696522
0 0.254106 0.669565 0.246377 0.672609 0.241546 0.677391 0.243478 0.685652 0.253140 0.690435 0.263768 0.693478 0.273430 0.694783 0.287923 0.693478 0.293720 0.690435 0.291787 0.677391 0.285990 0.672609 0.274396 0.669130 0.263768 0.668696
0 0.220290 0.695652 0.213527 0.700870 0.211594 0.709565 0.215459 0.713043 0.228019 0.717826 0.238647 0.719130 0.257005 0.718696 0.273430 0.716087 0.281159 0.713478 0.283092 0.709130 0.282126 0.703913 0.269565 0.695217 0.249275 0.691304 0.238647 0.690870 0.227053 0.693043
0 0.257005 0.719565 0.236715 0.719565 0.205797 0.724348 0.200966 0.726957 0.202899 0.733478 0.212560 0.738261 0.220290 0.739565 0.228986 0.743043 0.237681 0.743913 0.251208 0.743043 0.262802 0.737391 0.266667 0.731304 0.265700 0.723913
0 0.229952 0.744348 0.210628 0.748696 0.207729 0.751304 0.207729 0.756957 0.213527 0.761739 0.237681 0.771739 0.246377 0.777391 0.249275 0.777391 0.257005 0.773913 0.260870 0.760435 0.259903 0.750870 0.248309 0.744783 0.239614 0.743913
0 0.290821 0.770435 0.280193 0.775217 0.281159 0.783478 0.293720 0.793043 0.301449 0.796522 0.311111 0.797391 0.324638 0.790870 0.333333 0.788261 0.335266 0.779130 0.331401 0.775652 0.317874 0.770870
0 0.369082 0.779565 0.358454 0.783478 0.355556 0.786522 0.354589 0.791304 0.357488 0.795217 0.370048 0.800435 0.379710 0.803043 0.399034 0.803478 0.404831 0.802174 0.415459 0.796087 0.419324 0.791739 0.419324 0.786522 0.416425 0.783478 0.407729 0.779130 0.398068 0.777826 0.386473 0.777391
0 0.325604 0.790870 0.316908 0.794783 0.314010 0.798261 0.314010 0.802609 0.316908 0.806957 0.329469 0.817391 0.333333 0.818261 0.352657 0.817391 0.368116 0.812174 0.371981 0.808261 0.371981 0.803043 0.366184 0.799565 0.343961 0.791304 0.335266 0.790000
0 0.373913 0.816522 0.358454 0.816522 0.348792 0.819130 0.335266 0.834783 0.337198 0.842609 0.342029 0.845652 0.352657 0.846522 0.363285 0.845217 0.375845 0.841304 0.390338 0.833913 0.394203 0.825652 0.390338 0.821739
0 0.302415 0.828696 0.285990 0.837391 0.284058 0.841304 0.285990 0.845217 0.299517 0.851304 0.306280 0.852609 0.319807 0.853043 0.334300 0.851739 0.338164 0.850000 0.339130 0.844783 0.330435 0.833043 0.318841 0.828261
0 0.310145 0.800870 0.305314 0.801304 0.293720 0.806522 0.290821 0.811304 0.290821 0.820435 0.294686 0.825652 0.299517 0.827826 0.314010 0.827391 0.326570 0.824348 0.332367 0.818696 0.323671 0.813043 0.316908 0.806522 0.314976 0.802174
0 0.274396 0.812174 0.245411 0.814783 0.234783 0.817391 0.228986 0.821304 0.228986 0.827391 0.235749 0.835217 0.250242 0.844348 0.264734 0.847826 0.276329 0.845217 0.283092 0.840435 0.290821 0.830870 0.287923 0.819565
0 0.240580 0.782174 0.229952 0.793478 0.230918 0.801739 0.235749 0.807391 0.247343 0.812174 0.258937 0.812609 0.288889 0.808261 0.297585 0.803913 0.300483 0.797826 0.279227 0.784348 0.266667 0.782174 0.251208 0.780870
0 0.168116 0.803478 0.163285 0.806957 0.163285 0.811739 0.173913 0.821304 0.192271 0.825217 0.209662 0.826522 0.219324 0.825652 0.226087 0.823478 0.235749 0.811739 0.234783 0.806957 0.228986 0.803478 0.219324 0.800870 0.187440 0.799130 0.180676 0.800000 0.177778 0.802609
0 0.142029 0.804783 0.126570 0.803913 0.113043 0.804783 0.095652 0.811739 0.092754 0.818696 0.093720 0.821739 0.099517 0.825217 0.111111 0.828696 0.125604 0.830435 0.134300 0.829565 0.149758 0.826087 0.150725 0.818696 0.156522 0.816522 0.157488 0.813913 0.154589 0.810000
0 0.092754 0.790870 0.092754 0.795217 0.096618 0.800000 0.099517 0.801739 0.108213 0.803478 0.143961 0.804348 0.159420 0.802174 0.171014 0.799130 0.152657 0.790870 0.127536 0.785217 0.111111 0.784348 0.100483 0.785217
0 0.195169 0.774348 0.186473 0.776522 0.180676 0.782174 0.179710 0.792174 0.181643 0.795217 0.190338 0.799130 0.217391 0.800435 0.224155 0.797826 0.235749 0.783478 0.234783 0.779130 0.228019 0.776087
0 0.171014 0.760870 0.158454 0.760870 0.145894 0.762609 0.138164 0.764783 0.127536 0.770435 0.125604 0.773913 0.127536 0.782609 0.133333 0.786087 0.142029 0.788696 0.150725 0.790000 0.163285 0.790000 0.173913 0.787391 0.182609 0.775652 0.182609 0.771304 0.177778 0.763913
0 0.119807 0.740870 0.106280 0.740870 0.089855 0.743478 0.085024 0.746957 0.083092 0.753478 0.084058 0.760870 0.099517 0.771739 0.110145 0.772174 0.123671 0.769565 0.138164 0.765217 0.146860 0.760000 0.147826 0.751739 0.144928 0.747826 0.132367 0.742609
0 0.187440 0.739130 0.170048 0.742174 0.156522 0.748261 0.155556 0.750435 0.156522 0.753913 0.161353 0.757826 0.177778 0.763043 0.188406 0.762609 0.201932 0.760000 0.205797 0.757391 0.206763 0.747826 0.203865 0.744348 0.196135 0.740435
0 0.086957 0.724348 0.086957 0.729565 0.090821 0.733913 0.098551 0.736957 0.122705 0.740870 0.136232 0.740870 0.145894 0.737391 0.146860 0.734783 0.143961 0.728261 0.140097 0.725217 0.126570 0.720000 0.106280 0.716957 0.099517 0.717391
0 0.136232 0.716087 0.137198 0.721739 0.143961 0.725652 0.150725 0.733478 0.157488 0.736957 0.169082 0.740435 0.180676 0.740435 0.199034 0.732609 0.197101 0.727391 0.183575 0.720435 0.173913 0.718261 0.149758 0.715217
0 0.144928 0.700435 0.145894 0.705217 0.151691 0.710435 0.158454 0.713913 0.166184 0.715217 0.179710 0.715217 0.199034 0.712609 0.207729 0.709130 0.209662 0.706087 0.208696 0.700435 0.200966 0.696522 0.193237 0.694348 0.178744 0.692609 0.169082 0.692609
0 0.091787 0.689565 0.085990 0.692609 0.082126 0.697391 0.085024 0.705217 0.099517 0.713913 0.110145 0.715217 0.127536 0.714783 0.131401 0.712609 0.132367 0.703913 0.131401 0.696522 0.126570 0.691304 0.117874 0.687826 0.099517 0.687826
0 0.128502 0.665652 0.114010 0.670435 0.109179 0.677391 0.111111 0.681739 0.117874 0.686522 0.128502 0.690870 0.139130 0.692609 0.161353 0.693913 0.169082 0.692174 0.176812 0.686522 0.177778 0.683913 0.173913 0.672609 0.154589 0.665217 0.138164 0.664783
0 0.195169 0.670435 0.187440 0.673043 0.182609 0.676522 0.181643 0.685652 0.193237 0.693478 0.203865 0.696957 0.213527 0.697826 0.226087 0.693043 0.232850 0.691739 0.237681 0.689130 0.236715 0.676522 0.233816 0.673913 0.225121 0.670435
0 0.124638 0.650435 0.116908 0.649130 0.083092 0.654348 0.081159 0.663043 0.090821 0.669130 0.102415 0.670000 0.122705 0.664348 0.131401 0.658696 0.131401 0.653913
0 0.152657 0.656522 0.150725 0.657826 0.150725 0.662174 0.167150 0.670435 0.176812 0.672609 0.185507 0.672609 0.192271 0.670000 0.197101 0.661739 0.195169 0.656957 0.189372 0.653043 0.170048 0.652174
0 0.222222 0.640435 0.206763 0.647391 0.204831 0.650435 0.204831 0.659565 0.207729 0.662609 0.216425 0.666957 0.228986 0.670000 0.239614 0.670870 0.253140 0.667391 0.257005 0.664348 0.257005 0.650435 0.255072 0.646522 0.247343 0.641739 0.238647 0.640000
0 0.304348 0.643043 0.287923 0.641739 0.273430 0.643043 0.266667 0.645652 0.261836 0.650435 0.260870 0.662609 0.266667 0.666087 0.274396 0.667826 0.301449 0.666957 0.314010 0.662174 0.315942 0.659565 0.314010 0.649130 0.311111 0.645652
0 0.226087 0.634783 0.213527 0.628696 0.202899 0.628696 0.183575 0.634348 0.170048 0.640435 0.166184 0.645652 0.168116 0.649565 0.175845 0.651304 0.188406 0.651304 0.197101 0.649565 0.223188 0.638261
0 0.129469 0.633478 0.118841 0.639130 0.117874 0.643043 0.121739 0.647391 0.140097 0.653478 0.152657 0.653913 0.160386 0.652609 0.163285 0.649565 0.158454 0.635217 0.153623 0.633043 0.146860 0.632174
0 0.073430 0.614783 0.073430 0.626957 0.082126 0.637826 0.090821 0.641739 0.098551 0.642609 0.110145 0.642174 0.116908 0.640870 0.131401 0.631304 0.127536 0.625652 0.101449 0.616522 0.091787 0.616087 0.085024 0.613913
0 0.134300 0.613913 0.126570 0.618261 0.127536 0.624783 0.142995 0.630870 0.168116 0.636087 0.173913 0.635217 0.177778 0.632609 0.178744 0.626522 0.174879 0.618261 0.169082 0.613043 0.163285 0.611739 0.150725 0.611739
0 0.185507 0.601304 0.180676 0.603478 0.172947 0.610870 0.173913 0.616087 0.182609 0.626522 0.186473 0.629130 0.193237 0.629565 0.205797 0.627826 0.221256 0.627391 0.225121 0.620435 0.225121 0.614348 0.217391 0.606522 0.205797 0.602174 0.196135 0.600870
0 0.245411 0.606957 0.238647 0.608261 0.232850 0.611304 0.228019 0.619130 0.226087 0.630870 0.233816 0.635652 0.253140 0.638261 0.264734 0.637826 0.273430 0.634783 0.277295 0.623913 0.277295 0.611739 0.273430 0.609565 0.264734 0.607391
0 0.316908 0.611739 0.309179 0.610435 0.297585 0.611304 0.285024 0.616957 0.279227 0.625217 0.280193 0.632174 0.283092 0.634783 0.287923 0.635652 0.311111 0.635652 0.326570 0.632174 0.331401 0.627391 0.331401 0.622174 0.326570 0.616957
0 0.664734 0.437826 0.655072 0.440000 0.651208 0.442609 0.649275 0.446957 0.650242 0.455217 0.659903 0.461739 0.668599 0.465652 0.683092 0.468261 0.708213 0.456522 0.709179 0.450000 0.704348 0.443478 0.692754 0.439565 0.681159 0.437391
0 0.117874 0.585652 0.108213 0.587391 0.085990 0.594348 0.079227 0.598261 0.075362 0.602609 0.076329 0.606957 0.081159 0.609565 0.108213 0.616522 0.119807 0.613913 0.125604 0.605652 0.127536 0.593913 0.123671 0.589130
0 0.153623 0.583913 0.148792 0.584348 0.140097 0.587391 0.131401 0.593043 0.128502 0.597826 0.129469 0.607826 0.134300 0.611739 0.138164 0.612609 0.144928 0.612609 0.159420 0.610435 0.170048 0.610435 0.177778 0.606957 0.182609 0.600000 0.181643 0.595217 0.176812 0.591304
0 0.084058 0.575652 0.085024 0.583913 0.090821 0.586957 0.098551 0.588696 0.138164 0.580435 0.134300 0.576957 0.120773 0.572174 0.100483 0.568261 0.088889 0.570870
0 0.203865 0.573913 0.195169 0.577391 0.188406 0.583913 0.185507 0.590870 0.186473 0.596087 0.194203 0.600000 0.210628 0.602609 0.225121 0.602174 0.237681 0.600000 0.243478 0.596957 0.243478 0.590870 0.232850 0.576957 0.220290 0.574348
0 0.154589 0.561304 0.139130 0.568696 0.139130 0.575652 0.148792 0.581304 0.159420 0.584348 0.169082 0.588696 0.176812 0.590870 0.181643 0.590870 0.186473 0.589565 0.194203 0.578696 0.203865 0.573043 0.201932 0.569130 0.192271 0.563478 0.183575 0.561304 0.174879 0.560435
0 0.091787 0.544783 0.085990 0.550000 0.085990 0.557391 0.090821 0.562609 0.108213 0.568696 0.119807 0.570870 0.126570 0.571304 0.137198 0.569130 0.147826 0.561304 0.153623 0.559565 0.154589 0.551739 0.152657 0.549565 0.142995 0.545652 0.137198 0.544783 0.113043 0.543478 0.098551 0.543478
0 0.237681 0.576087 0.238647 0.583478 0.247343 0.596522 0.256039 0.598261 0.265700 0.598261 0.284058 0.592174 0.286957 0.581304 0.279227 0.577391 0.249275 0.574783
0 0.308213 0.568696 0.298551 0.571739 0.287923 0.582174 0.287923 0.592609 0.289855 0.596087 0.311111 0.600870 0.336232 0.600870 0.344928 0.596087 0.350725 0.584348 0.351691 0.575652 0.345894 0.572174 0.326570 0.568261
0 0.250242 0.550435 0.245411 0.552609 0.242512 0.556087 0.242512 0.566522 0.249275 0.572174 0.255072 0.574348 0.266667 0.575652 0.282126 0.575652 0.296618 0.573043 0.309179 0.564348 0.310145 0.560435 0.297585 0.554783 0.295652 0.552609 0.285990 0.550000 0.271498 0.547826 0.259903 0.548261
0 0.256039 0.525217 0.235749 0.521304 0.219324 0.521304 0.201932 0.524783 0.195169 0.529130 0.194203 0.534348 0.195169 0.540435 0.201932 0.546087 0.212560 0.549565 0.225121 0.549565 0.247343 0.546087 0.259903 0.540870 0.266667 0.534783 0.265700 0.529565
0 0.086957 0.513478 0.080193 0.516957 0.076329 0.520870 0.077295 0.529565 0.083092 0.535652 0.098551 0.541739 0.116908 0.541304 0.135266 0.538261 0.142029 0.533478 0.142029 0.526957 0.138164 0.521304 0.132367 0.516957 0.118841 0.513043 0.100483 0.510000
0 0.384541 0.544783 0.375845 0.547826 0.369082 0.552174 0.368116 0.554348 0.369082 0.563043 0.373720 0.566348 0.378744 0.568696 0.389372 0.572609 0.402899 0.574348 0.422222 0.573913 0.429952 0.571304 0.439614 0.570435 0.442512 0.568696 0.437681 0.556522 0.433816 0.553043 0.409662 0.544043
0 0.364251 0.526957 0.337198 0.527826 0.326570 0.532609 0.326570 0.548261 0.328502 0.550435 0.340097 0.554348 0.354589 0.554783 0.363285 0.553478 0.378744 0.544783 0.379710 0.539130 0.374879 0.531304 0.370048 0.528261
0 0.334300 0.507826 0.329469 0.509565 0.325604 0.515217 0.325604 0.522174 0.333333 0.527826 0.362319 0.527391 0.382609 0.520435 0.387440 0.513913 0.386473 0.509565 0.378744 0.509565 0.363285 0.506522 0.344928 0.506522
0 0.275362 0.490435 0.264734 0.494348 0.259903 0.499130 0.259903 0.506087 0.264734 0.513043 0.273430 0.516087 0.289855 0.517826 0.300483 0.516957 0.310145 0.514783 0.318841 0.507391 0.317874 0.500435 0.307246 0.493913 0.283092 0.490000
0 0.181643 0.499130 0.170048 0.497826 0.153623 0.499130 0.147826 0.500435 0.138164 0.505217 0.134300 0.509565 0.134300 0.514783 0.138164 0.521739 0.145894 0.526087 0.155556 0.527391 0.175845 0.526957 0.191304 0.523043 0.198068 0.519565 0.200966 0.514348 0.200000 0.509565 0.194203 0.506957 0.187440 0.501304
0 0.225121 0.482174 0.220290 0.482174 0.212560 0.484348 0.199034 0.490000 0.195169 0.493043 0.193237 0.502174 0.200966 0.504783 0.200966 0.506087 0.217391 0.510000 0.223188 0.510000 0.232850 0.506087 0.244444 0.494348 0.244444 0.489130 0.241546 0.486087 0.233816 0.483478
0 0.083092 0.485217 0.078261 0.489565 0.076329 0.495217 0.077295 0.500435 0.082126 0.504348 0.090821 0.506957 0.106280 0.508261 0.126570 0.508261 0.135266 0.506957 0.141063 0.502609 0.140097 0.497826 0.127536 0.490000 0.114976 0.485652 0.100483 0.482609 0.090821 0.483043
0 0.097585 0.466087 0.093720 0.469130 0.093720 0.477391 0.098551 0.481304 0.128502 0.489130 0.142029 0.488696 0.152657 0.486522 0.147826 0.472174 0.139130 0.465217 0.130435 0.463913 0.114010 0.463478
0 0.169082 0.457826 0.161353 0.461304 0.157488 0.468696 0.151691 0.473913 0.151691 0.478696 0.157488 0.486087 0.169082 0.490000 0.196135 0.490000 0.213527 0.482174 0.214493 0.475217 0.210628 0.466522 0.203865 0.460870 0.194203 0.457826
0 0.085990 0.445652 0.083092 0.449130 0.084058 0.456087 0.086957 0.461739 0.092754 0.464348 0.100483 0.465652 0.116908 0.463478 0.131401 0.464348 0.139130 0.463478 0.139130 0.458261 0.131401 0.448261 0.125604 0.443478 0.119807 0.440870 0.108213 0.440000 0.098551 0.443478 0.091787 0.443913
0 0.125604 0.430435 0.124638 0.436522 0.127536 0.439130 0.127536 0.443478 0.130435 0.446957 0.135266 0.449130 0.178744 0.449130 0.184541 0.447391 0.189372 0.443913 0.180676 0.430870 0.169082 0.425217 0.160386 0.423913 0.145894 0.423913 0.132367 0.426957
0 0.194203 0.422609 0.186473 0.425652 0.183575 0.430435 0.189372 0.443478 0.194203 0.445652 0.211594 0.449565 0.223188 0.450000 0.235749 0.447391 0.249275 0.443043 0.256039 0.436087 0.256039 0.431304 0.248309 0.425652 0.239614 0.423043 0.223188 0.420435 0.205797 0.420870
0 0.238647 0.447826 0.214493 0.452609 0.208696 0.456087 0.206763 0.460435 0.212560 0.466522 0.226087 0.471304 0.248309 0.473043 0.257005 0.467826 0.257971 0.456087 0.252174 0.452609
0 0.257971 0.469565 0.247343 0.476522 0.243478 0.481739 0.244444 0.486522 0.250242 0.491739 0.265700 0.493043 0.277295 0.490000 0.300483 0.491304 0.316908 0.483043 0.314976 0.478261 0.302415 0.472174 0.283092 0.468696 0.262802 0.468696
0 0.289855 0.431304 0.276329 0.433913 0.257005 0.440870 0.254106 0.444348 0.254106 0.447826 0.259903 0.453043 0.280193 0.457826 0.303382 0.458261 0.307246 0.456957 0.312077 0.450870 0.303382 0.440000 0.300483 0.432609
0 0.314976 0.423478 0.307246 0.426522 0.301449 0.431304 0.304348 0.435652 0.305894 0.439478 0.307150 0.443478 0.309565 0.445826 0.314976 0.447391 0.316908 0.448261 0.325604 0.447826 0.338164 0.450870 0.352657 0.450435 0.356522 0.448696 0.361353 0.440870 0.361353 0.435652 0.354589 0.427826 0.345894 0.423913 0.335266 0.422174 0.321739 0.422174
0 0.325604 0.447391 0.316908 0.449565 0.311111 0.453043 0.306280 0.458261 0.306280 0.463478 0.308213 0.466087 0.321739 0.472174 0.332367 0.474348 0.343961 0.474348 0.349758 0.473043 0.359420 0.467391 0.359420 0.459130 0.347826 0.452174
0 0.374879 0.432609 0.361353 0.442174 0.358454 0.446957 0.361353 0.450870 0.372947 0.455217 0.387440 0.457826 0.409662 0.459565 0.425121 0.459130 0.428019 0.456522 0.426087 0.451739 0.428019 0.445652 0.426087 0.442609 0.404831 0.432174 0.399034 0.430870 0.385507 0.430435
0 0.438647 0.435217 0.433816 0.439130 0.432850 0.446522 0.435749 0.453478 0.441546 0.459130 0.449275 0.462609 0.456039 0.463913 0.466667 0.464783 0.474396 0.463478 0.481159 0.460435 0.484058 0.455652 0.483092 0.444783 0.480193 0.439130 0.474396 0.436087 0.469565 0.435217
0 0.413527 0.473478 0.400966 0.473043 0.391304 0.473913 0.370048 0.479130 0.363285 0.482174 0.357488 0.489130 0.359420 0.494348 0.376812 0.500000 0.393237 0.502609 0.404831 0.502174 0.422222 0.499130 0.430918 0.493913 0.431884 0.489130 0.425121 0.477826
0 0.412560 0.503913 0.392271 0.513043 0.392271 0.516522 0.396135 0.521304 0.424155 0.529565 0.430918 0.530435 0.450242 0.530000 0.460870 0.520870 0.462802 0.512174 0.458937 0.505652 0.452174 0.503043 0.441546 0.501304 0.428986 0.501304
0 0.435749 0.482174 0.433816 0.484348 0.433816 0.492174 0.436715 0.495217 0.449275 0.500870 0.472464 0.506087 0.484058 0.506087 0.494686 0.503043 0.505314 0.494783 0.505314 0.489130 0.500483 0.486522 0.478261 0.480000 0.459903 0.477826 0.447343 0.478261
0 0.485024 0.460000 0.478261 0.464348 0.475362 0.469130 0.477295 0.478696 0.498551 0.485217 0.515942 0.487826 0.527536 0.488261 0.534300 0.482609 0.536232 0.474348 0.519807 0.462609 0.507246 0.459130 0.493720 0.458696
0 0.578744 0.451739 0.570048 0.449130 0.560386 0.449130 0.546377 0.449522 0.534300 0.453478 0.527536 0.456957 0.522705 0.462609 0.527536 0.467391 0.534300 0.470870 0.542029 0.472174 0.552657 0.471739 0.561353 0.472609 0.583575 0.470435 0.589372 0.458261
0 0.509179 0.524783 0.499517 0.519565 0.492754 0.518261 0.482126 0.518696 0.468599 0.521304 0.459903 0.525217 0.454106 0.529130 0.453140 0.533913 0.467633 0.537391 0.491787 0.538696 0.502415 0.536087 0.508213 0.533478 0.511111 0.530000
0 0.469565 0.538261 0.458937 0.538696 0.447343 0.541304 0.437681 0.551739 0.445411 0.566087 0.454106 0.570870 0.464734 0.573913 0.470531 0.572609 0.482126 0.566522 0.492754 0.563043 0.500483 0.553043 0.498551 0.547826 0.491787 0.541739 0.485024 0.540000
0 0.515942 0.553913 0.502415 0.555217 0.495652 0.560000 0.494686 0.573478 0.500483 0.577826 0.508213 0.580000 0.520773 0.580870 0.544928 0.575652 0.553623 0.570870 0.554589 0.566957 0.549758 0.561739 0.543961 0.558696 0.535266 0.556087
0 0.564251 0.515217 0.558454 0.514348 0.535266 0.515217 0.516908 0.517826 0.510145 0.521304 0.514010 0.530870 0.525604 0.537391 0.535266 0.538696 0.548792 0.532174 0.564251 0.529130 0.571981 0.522609 0.571014 0.518261
0 0.552657 0.530870 0.542995 0.533913 0.534300 0.540435 0.534300 0.546522 0.540097 0.555217 0.546860 0.559130 0.553623 0.560435 0.571981 0.560435 0.577778 0.559565 0.590338 0.555652 0.596135 0.552174 0.597101 0.543043 0.594203 0.537826 0.585507 0.533478 0.570048 0.530435
0 0.639614 0.516522 0.621256 0.517391 0.615459 0.519565 0.604831 0.521304 0.595169 0.527391 0.590338 0.533043 0.592271 0.536087 0.612560 0.545652 0.628019 0.545217 0.638647 0.543043 0.653140 0.533913 0.655072 0.529565 0.654106 0.525652 0.648309 0.518696
0 0.583575 0.567391 0.569082 0.569565 0.558454 0.572609 0.553623 0.576087 0.551691 0.581304 0.554589 0.586957 0.561353 0.590435 0.577778 0.594783 0.587440 0.595217 0.604831 0.592609 0.613527 0.589565 0.616425 0.584783 0.616425 0.580000 0.613527 0.573913 0.604831 0.569130
0 0.600000 0.560435 0.602899 0.565652 0.619324 0.577391 0.635749 0.580870 0.646377 0.580870 0.652174 0.579130 0.664734 0.564783 0.659903 0.560435 0.648309 0.557391 0.639614 0.557391 0.622222 0.553913
0 0.703382 0.564348 0.691787 0.563043 0.672464 0.563913 0.661836 0.568261 0.658937 0.572174 0.660870 0.580435 0.664734 0.585652 0.672464 0.589565 0.690821 0.589565 0.700483 0.587826 0.710145 0.583913 0.714010 0.577391 0.713043 0.570000 0.711111 0.567391
0 0.734300 0.555652 0.726570 0.560435 0.724638 0.564348 0.727536 0.573478 0.732367 0.575217 0.747826 0.577391 0.770048 0.577391 0.778744 0.574348 0.781643 0.568261 0.781643 0.563478 0.778744 0.560000 0.771014 0.556087 0.752657 0.552609
0 0.700483 0.528261 0.690821 0.527826 0.673430 0.529130 0.660870 0.532609 0.652174 0.537391 0.643478 0.544348 0.640580 0.549130 0.644444 0.553043 0.656039 0.557826 0.673430 0.561304 0.685024 0.561304 0.700483 0.554783 0.709179 0.545217 0.709179 0.537826
0 0.736232 0.520435 0.723671 0.522609 0.708213 0.533043 0.712077 0.544783 0.726570 0.551739 0.734300 0.553043 0.747826 0.552174 0.761353 0.550000 0.770048 0.546522 0.774879 0.541739 0.774879 0.538261 0.771014 0.533043 0.766957 0.527957 0.757488 0.525217 0.745894 0.521739
0 0.802899 0.518261 0.787440 0.521304 0.782609 0.523913 0.780676 0.535217 0.785507 0.541304 0.794203 0.545652 0.800000 0.546957 0.814493 0.546957 0.825121 0.545217 0.835749 0.541304 0.841546 0.535217 0.841546 0.530000 0.836715 0.524783 0.828986 0.520435 0.822222 0.518696