0 0.457005 0.279000 0.454106 0.280000 0.438647 0.295500 0.435749 0.300000 0.435749 0.306000 0.439614 0.310500 0.445411 0.313000 0.456039 0.315000 0.467633 0.315000 0.486957 0.311000 0.501449 0.304000 0.502415 0.302000 0.500483 0.297500 0.490821 0.290500 0.485024 0.283000 0.473430 0.279000
0 0.145894 0.007500 0.142995 0.018500 0.144928 0.020500 0.150725 0.022000 0.192271 0.022500 0.200000 0.014000 0.199034 0.009500 0.193237 0.004000 0.187440 0.001500 0.187440 0.000000 0.159420 0.000000 0.159420 0.001500
0 0.216425 0.000000 0.218357 0.006000 0.230918 0.011500 0.241546 0.013000 0.260870 0.012000 0.272464 0.008500 0.285024 0.002000 0.285024 0.000000
0 0.309179 0.000000 0.309179 0.001500 0.294686 0.009500 0.292754 0.015000 0.295652 0.019500 0.304348 0.023000 0.319807 0.026500 0.333333 0.026500 0.346860 0.024500 0.351691 0.021000 0.358454 0.010500 0.357488 0.005500 0.352657 0.000000
0 0.359420 0.010500 0.351691 0.021000 0.350725 0.028000 0.351691 0.032500 0.360386 0.038000 0.373913 0.040000 0.401932 0.038500 0.411594 0.036000 0.414493 0.033500 0.411594 0.026500 0.414493 0.016500 0.412560 0.013000 0.407729 0.010500 0.387440 0.004000 0.379710 0.004000 0.371014 0.008000
0 0.429952 0.003000 0.420290 0.007500 0.415459 0.014500 0.412560 0.022500 0.414493 0.031500 0.424155 0.035000 0.442512 0.037000 0.457005 0.036000 0.472464 0.032000 0.476329 0.029500 0.477295 0.024000 0.466667 0.013500 0.451208 0.005000 0.439614 0.002500
0 0.493720 0.012000 0.485990 0.014500 0.478261 0.020000 0.477295 0.033500 0.482126 0.040000 0.488889 0.043500 0.496618 0.045000 0.505314 0.045000 0.522705 0.040000 0.536232 0.033000 0.538164 0.028500 0.531401 0.022000 0.523671 0.018000 0.510145 0.013500
0 0.566184 0.000000 0.565217 0.002000 0.553623 0.002500 0.550725 0.004000 0.545894 0.013000 0.545894 0.018500 0.550725 0.026500 0.556522 0.031500 0.565217 0.035000 0.579710 0.036000 0.606763 0.029000 0.615459 0.024000 0.616425 0.020500 0.609662 0.015500 0.589372 0.005000 0.583575 0.003000 0.574879 0.002000 0.573913 0.000000
0 0.628986 0.000000 0.632850 0.006500 0.644444 0.011000 0.664734 0.010000 0.677295 0.007000 0.688889 0.002000 0.688889 0.000000
0 0.758454 0.000000 0.760386 0.003000 0.771014 0.005500 0.782609 0.005500 0.795169 0.002000 0.795169 0.000000
0 0.832850 0.007500 0.832850 0.011500 0.836715 0.015500 0.844444 0.018500 0.857005 0.018500 0.883092 0.014500 0.889855 0.010000 0.890821 0.005000 0.886957 0.002000 0.886957 0.000000 0.842512 0.000000 0.842512 0.001500 0.835749 0.004000
0 0.900483 0.017000 0.901449 0.022000 0.904348 0.024500 0.911111 0.025500 0.926570 0.030500 0.945894 0.031500 0.959420 0.030000 0.971981 0.026500 0.976812 0.022000 0.977778 0.012000 0.974879 0.006000 0.965217 0.001500 0.965217 0.000000 0.934300 0.000000 0.933333 0.002000 0.925604 0.003000 0.913043 0.007500
0 0.117874 0.036500 0.085990 0.038000 0.075362 0.040500 0.068599 0.043500 0.066667 0.053000 0.071498 0.061500 0.078261 0.067000 0.086957 0.069500 0.110145 0.071000 0.134300 0.053500 0.133333 0.049000 0.125604 0.047500 0.121739 0.045000 0.122705 0.040000
0 0.187440 0.024000 0.170048 0.022500 0.151691 0.022500 0.137198 0.025500 0.131401 0.028500 0.126570 0.034000 0.126570 0.039000 0.138164 0.051000 0.146860 0.053000 0.163285 0.054000 0.186473 0.048000 0.195169 0.038000 0.197101 0.030500 0.194203 0.026500
0 0.199034 0.015000 0.195169 0.020500 0.199034 0.028000 0.214493 0.032500 0.227053 0.034000 0.235749 0.034000 0.246377 0.032000 0.259903 0.018000 0.254106 0.013500 0.228986 0.012000 0.207729 0.012500
0 0.257005 0.021000 0.251208 0.028000 0.253140 0.038500 0.257005 0.042000 0.274396 0.045500 0.297585 0.045500 0.309179 0.042000 0.321739 0.041000 0.324638 0.037500 0.324638 0.033000 0.310145 0.025000 0.304348 0.024000 0.291787 0.019000 0.284058 0.017000 0.267633 0.017000
0 0.200000 0.030500 0.197101 0.033000 0.196135 0.040500 0.190338 0.043500 0.187440 0.048000 0.188406 0.058500 0.194203 0.065500 0.206763 0.068500 0.219324 0.068000 0.247343 0.062000 0.257971 0.051500 0.257971 0.048000 0.255072 0.045000 0.244444 0.039000 0.234783 0.035500 0.218357 0.033500 0.208696 0.030500
0 0.259903 0.052000 0.252174 0.060500 0.252174 0.065500 0.260870 0.071500 0.282126 0.075000 0.295652 0.075000 0.309179 0.073000 0.314010 0.070500 0.315942 0.066500 0.314010 0.057000 0.308213 0.051000 0.301449 0.047500 0.296618 0.046500 0.274396 0.046500
0 0.337198 0.054500 0.328502 0.055000 0.321739 0.058500 0.312077 0.075000 0.314010 0.087000 0.322705 0.092500 0.328502 0.094000 0.351691 0.092500 0.376812 0.086000 0.380676 0.081000 0.380676 0.075000 0.375845 0.070500 0.362319 0.064000 0.344928 0.059000
0 0.426087 0.043500 0.424155 0.041000 0.414493 0.037500 0.370048 0.040000 0.357488 0.042500 0.349758 0.047500 0.340097 0.048500 0.340097 0.049500 0.351691 0.056500 0.366184 0.061500 0.398068 0.063000 0.411594 0.061000 0.422222 0.056000 0.425121 0.051500
0 0.449275 0.038000 0.439614 0.039500 0.429952 0.043500 0.428019 0.054500 0.430918 0.059000 0.439614 0.066000 0.449275 0.070000 0.458937 0.070500 0.469565 0.068500 0.481159 0.063500 0.491787 0.053000 0.492754 0.048500 0.489855 0.045000 0.478261 0.040500 0.466667 0.038500
0 0.540097 0.064000 0.517874 0.051000 0.512077 0.050000 0.501449 0.051000 0.490821 0.056000 0.482126 0.063000 0.473430 0.074000 0.472464 0.080500 0.482126 0.082000 0.504348 0.082000 0.512077 0.078500 0.534300 0.073000 0.540097 0.068500
0 0.533333 0.035500 0.526570 0.038500 0.522705 0.042000 0.521739 0.051000 0.527536 0.057000 0.540097 0.063000 0.549758 0.063500 0.564251 0.061000 0.579710 0.053000 0.591304 0.045000 0.591304 0.040500 0.588406 0.038500 0.580676 0.037000 0.551691 0.034500
0 0.577778 0.054000 0.567150 0.060500 0.567150 0.070500 0.571981 0.080000 0.575845 0.082000 0.583575 0.083500 0.597101 0.083000 0.614493 0.080000 0.627053 0.073000 0.628019 0.068000 0.626087 0.063500 0.618357 0.059000 0.610628 0.057000 0.588406 0.053500
0 0.638647 0.057000 0.628986 0.061000 0.628019 0.063000 0.628986 0.071500 0.634783 0.078000 0.660870 0.090000 0.670531 0.089500 0.681159 0.082500 0.685990 0.076500 0.686957 0.071500 0.684058 0.063000 0.674396 0.057500 0.667633 0.055500 0.654106 0.055000
0 0.625121 0.025500 0.617391 0.033500 0.616425 0.042000 0.626087 0.049000 0.651208 0.053500 0.671498 0.054000 0.680193 0.052000 0.684058 0.048500 0.685024 0.037500 0.678261 0.029000 0.665700 0.021500 0.657005 0.018500 0.650242 0.018500 0.642512 0.021500
0 0.792271 0.034000 0.784541 0.031500 0.774879 0.030500 0.762319 0.033500 0.745894 0.034500 0.741063 0.036000 0.739130 0.045000 0.742029 0.051000 0.752657 0.058500 0.763285 0.058500 0.772947 0.056000 0.795169 0.042000 0.795169 0.036500
0 0.749758 0.007000 0.738164 0.009500 0.729469 0.013000 0.725604 0.017500 0.726570 0.022500 0.730435 0.028000 0.739130 0.033000 0.742995 0.034000 0.758454 0.034000 0.766184 0.032500 0.777778 0.027500 0.781643 0.023000 0.782609 0.017000 0.780676 0.013500 0.770048 0.008500 0.763285 0.007000
0 0.863768 0.023000 0.855072 0.021000 0.847343 0.021000 0.832850 0.024500 0.817391 0.033000 0.814493 0.038500 0.816425 0.044500 0.824155 0.048000 0.848309 0.050000 0.861836 0.049000 0.872464 0.045500 0.877295 0.041000 0.878261 0.037000 0.876329 0.033000
0 0.901449 0.034500 0.893720 0.037500 0.881159 0.047000 0.878261 0.057000 0.885990 0.063000 0.894686 0.066500 0.907246 0.068000 0.928502 0.067500 0.934300 0.065500 0.938164 0.062000 0.938164 0.053500 0.935266 0.047500 0.918841 0.034500 0.914976 0.033500
0 0.944928 0.036000 0.938164 0.044500 0.939130 0.063500 0.941063 0.065500 0.951691 0.069000 0.973913 0.069000 0.983575 0.067500 0.997101 0.061500 1.000000 0.061500 1.000000 0.052000 0.996135 0.052000 0.970048 0.039000 0.951691 0.034500
0 0.971981 0.069000 0.954589 0.070000 0.940097 0.074500 0.937198 0.077500 0.937198 0.082500 0.941063 0.088500 0.954589 0.101000 0.963285 0.104000 0.974879 0.102000 0.983575 0.095000 0.988406 0.076000 0.979710 0.070000
0 0.927536 0.070000 0.911111 0.069000 0.893720 0.074000 0.877295 0.083500 0.875362 0.088500 0.879227 0.093000 0.889855 0.097000 0.903382 0.100000 0.917874 0.100000 0.927536 0.097500 0.938164 0.090500 0.935266 0.076000
0 0.858937 0.055500 0.844444 0.058500 0.830918 0.065500 0.826087 0.070500 0.826087 0.078500 0.832850 0.084500 0.840580 0.087500 0.848309 0.089000 0.863768 0.089500 0.869565 0.088500 0.882126 0.080500 0.888889 0.074000 0.890821 0.068000 0.880193 0.060000 0.867633 0.056000
0 0.834783 0.056500 0.827053 0.050500 0.815459 0.044500 0.800966 0.043000 0.795169 0.043500 0.785507 0.047500 0.773913 0.056000 0.766184 0.064500 0.767150 0.068500 0.771014 0.071500 0.780676 0.072500 0.800000 0.072500 0.817391 0.071000 0.825121 0.069000 0.832850 0.064500 0.835749 0.060500
0 0.777778 0.074500 0.770048 0.076500 0.766184 0.079500 0.766184 0.085500 0.771014 0.092000 0.771014 0.096000 0.773913 0.099000 0.780676 0.102000 0.790338 0.104000 0.796135 0.103500 0.817391 0.093000 0.823188 0.088000 0.823188 0.083500 0.813527 0.078500 0.800966 0.075000
0 0.763285 0.068000 0.759420 0.062500 0.755556 0.060500 0.737198 0.059000 0.695652 0.067000 0.691787 0.069000 0.689855 0.073000 0.692754 0.075500 0.705314 0.079000 0.738164 0.086000 0.746860 0.086500 0.755556 0.084000 0.761353 0.080000
0 0.696618 0.085000 0.685024 0.096000 0.690821 0.101500 0.706280 0.110000 0.714976 0.111500 0.728502 0.110500 0.748792 0.103000 0.753623 0.095500 0.742029 0.086500 0.717874 0.082000 0.708213 0.082000
0 0.725604 0.120000 0.726570 0.126500 0.732367 0.129500 0.743961 0.132000 0.780676 0.133000 0.795169 0.131000 0.803865 0.127500 0.802899 0.124000 0.799034 0.121000 0.779710 0.111000 0.759420 0.105000 0.745894 0.105000 0.736232 0.108000 0.729469 0.113500
0 0.755556 0.133000 0.739130 0.133500 0.721739 0.139000 0.714976 0.142500 0.706280 0.150000 0.705314 0.153000 0.706280 0.157500 0.712077 0.161500 0.728502 0.165000 0.742029 0.166000 0.753623 0.165000 0.766184 0.160000 0.770048 0.155500 0.770048 0.146000 0.761353 0.135500
0 0.657971 0.128000 0.644444 0.130500 0.633816 0.135000 0.619324 0.146000 0.618357 0.151000 0.621256 0.153000 0.644444 0.159500 0.664734 0.160500 0.672464 0.159000 0.687923 0.153000 0.690821 0.150500 0.690821 0.142000 0.688889 0.137500 0.680193 0.131000 0.672464 0.128500
0 0.642512 0.107500 0.618357 0.107500 0.600966 0.111000 0.590338 0.116000 0.587440 0.119000 0.588406 0.127000 0.596135 0.135000 0.604831 0.139000 0.616425 0.140500 0.625121 0.140000 0.642512 0.131000 0.648309 0.123500 0.650242 0.117500 0.648309 0.111000
0 0.618357 0.082000 0.602899 0.082000 0.578744 0.087000 0.572947 0.091000 0.569082 0.099000 0.570048 0.103500 0.582609 0.107000 0.594203 0.112000 0.620290 0.107000 0.630918 0.099500 0.633816 0.091000 0.629952 0.086500
0 0.508213 0.080000 0.506280 0.085000 0.513043 0.094500 0.525604 0.100500 0.541063 0.104500 0.558454 0.103500 0.570048 0.095000 0.575845 0.088000 0.576812 0.084000 0.570048 0.078500 0.553623 0.074500 0.530435 0.074500 0.516908 0.077000
0 0.568116 0.104000 0.554589 0.104000 0.541063 0.105500 0.534300 0.108500 0.528502 0.114000 0.528502 0.121500 0.532367 0.126000 0.540097 0.131000 0.550725 0.134500 0.558454 0.135000 0.569082 0.133000 0.580676 0.127500 0.582609 0.125000 0.585507 0.114000 0.584541 0.108500 0.576812 0.105500
0 0.485024 0.097500 0.481159 0.099500 0.478261 0.105000 0.478261 0.113000 0.484058 0.118500 0.500483 0.122500 0.512077 0.122000 0.519807 0.120000 0.529469 0.111500 0.531401 0.108000 0.529469 0.103500 0.514010 0.096000 0.497585 0.095500
0 0.405797 0.105000 0.412560 0.113500 0.416425 0.115500 0.428019 0.116000 0.470531 0.105500 0.479227 0.101500 0.480193 0.095500 0.462802 0.090500 0.440580 0.087500 0.428019 0.087500 0.410628 0.093000 0.405797 0.101000
0 0.428019 0.064000 0.411594 0.063500 0.400966 0.065500 0.390338 0.069500 0.381643 0.075000 0.381643 0.083000 0.384541 0.086000 0.404831 0.091500 0.413527 0.091000 0.428019 0.087500 0.439614 0.086500 0.446377 0.080500 0.447343 0.075500 0.441546 0.069500
0 0.373913 0.087000 0.363285 0.089000 0.351691 0.094000 0.347826 0.099000 0.345894 0.108500 0.349758 0.112000 0.366184 0.118000 0.383575 0.118500 0.398068 0.116000 0.408696 0.111500 0.404831 0.103000 0.404831 0.098000 0.401932 0.093500 0.395169 0.089500
0 0.318841 0.106000 0.310145 0.109500 0.304348 0.115000 0.302415 0.125000 0.310145 0.134000 0.318841 0.136000 0.325604 0.136000 0.348792 0.131000 0.365217 0.119000 0.342995 0.108000 0.330435 0.106000
0 0.257971 0.085500 0.254106 0.091000 0.256039 0.096500 0.260870 0.100000 0.269565 0.102500 0.289855 0.105500 0.314010 0.106000 0.323671 0.101000 0.324638 0.095000 0.314976 0.088000 0.309179 0.079500 0.300483 0.076500 0.287923 0.076000 0.277295 0.077500 0.268599 0.080000
0 0.246377 0.065000 0.238647 0.065000 0.223188 0.068500 0.210628 0.074500 0.207729 0.077500 0.206763 0.085000 0.214493 0.092000 0.223188 0.095500 0.232850 0.096500 0.247343 0.094500 0.254106 0.091000 0.258937 0.082000 0.258937 0.071500
0 0.175845 0.063000 0.163285 0.066500 0.149758 0.073000 0.143961 0.078500 0.144928 0.085000 0.151691 0.090500 0.170048 0.095000 0.186473 0.096000 0.198068 0.094500 0.207729 0.088500 0.205797 0.079500 0.208696 0.076500 0.207729 0.072000 0.189372 0.063500
0 0.171014 0.059500 0.164251 0.056000 0.156522 0.054000 0.139130 0.053000 0.121739 0.062000 0.114010 0.068500 0.112077 0.073000 0.115942 0.076500 0.123671 0.079000 0.138164 0.078500 0.143961 0.077000 0.159420 0.068500 0.170048 0.064500
0 0.079227 0.067500 0.071498 0.071000 0.061836 0.080500 0.060870 0.090500 0.064734 0.097000 0.072464 0.101500 0.081159 0.103500 0.097585 0.103500 0.114010 0.101000 0.128502 0.092500 0.128502 0.087000 0.123671 0.080000 0.107246 0.071500 0.090821 0.070000
0 0.058937 0.106500 0.058937 0.112000 0.066667 0.120000 0.087923 0.132000 0.101449 0.135000 0.114010 0.134000 0.132367 0.123500 0.131401 0.119000 0.117874 0.111500 0.107246 0.108000 0.084058 0.104500 0.063768 0.104000
0 0.141063 0.092000 0.129469 0.094000 0.120773 0.097500 0.115942 0.102000 0.114976 0.108000 0.126570 0.116500 0.143961 0.125000 0.148792 0.126000 0.152657 0.125500 0.162319 0.120000 0.174879 0.116000 0.179710 0.110500 0.180676 0.106500 0.177778 0.099500 0.171981 0.095500 0.154589 0.092000
0 0.183575 0.097000 0.179710 0.099500 0.181643 0.107500 0.196135 0.114000 0.201932 0.119500 0.214493 0.124000 0.222222 0.123500 0.229952 0.109000 0.236715 0.104000 0.233816 0.099000 0.229952 0.097000 0.216425 0.094000 0.200000 0.094500
0 0.230918 0.108500 0.225121 0.116500 0.225121 0.123500 0.231884 0.129000 0.244444 0.132500 0.260870 0.135000 0.292754 0.133000 0.301449 0.131000 0.301449 0.125500 0.287923 0.106000 0.262802 0.101000 0.251208 0.101000 0.240580 0.103000
0 0.360386 0.123500 0.351691 0.130500 0.351691 0.136500 0.356522 0.141500 0.372947 0.149500 0.383575 0.152000 0.399034 0.152500 0.406763 0.151500 0.414493 0.148500 0.418357 0.141500 0.419324 0.132500 0.417391 0.125000 0.412560 0.121500 0.400000 0.118500 0.389372 0.118500 0.367150 0.121500
0 0.435749 0.114500 0.428986 0.116500 0.420290 0.122500 0.419324 0.131000 0.424155 0.136000 0.432850 0.140500 0.448309 0.144500 0.459903 0.144500 0.470531 0.140500 0.475362 0.133000 0.484058 0.127000 0.483092 0.120500 0.477295 0.115000 0.466667 0.112500 0.449275 0.112500
0 0.526570 0.122500 0.518841 0.121500 0.510145 0.123500 0.493720 0.125000 0.485990 0.127000 0.476329 0.132500 0.471498 0.138000 0.473430 0.142500 0.479227 0.148000 0.494686 0.154000 0.506280 0.155000 0.516908 0.153500 0.532367 0.147000 0.538164 0.140000 0.538164 0.133500 0.532367 0.126500
0 0.532367 0.148500 0.514010 0.156000 0.509179 0.161500 0.510145 0.168000 0.522705 0.174500 0.536232 0.178500 0.558454 0.179000 0.563285 0.178000 0.572947 0.171000 0.573913 0.158000 0.570048 0.154000 0.563285 0.150000 0.555556 0.147500 0.541063 0.147000
0 0.591304 0.157000 0.582609 0.159000 0.575845 0.163000 0.572947 0.180000 0.578744 0.189000 0.592271 0.196500 0.603865 0.196500 0.617391 0.193500 0.626087 0.189000 0.638647 0.178500 0.640580 0.174000 0.639614 0.169000 0.628019 0.162000 0.618357 0.159000 0.604831 0.157000
0 0.645411 0.169500 0.642512 0.173500 0.644444 0.178500 0.658937 0.186000 0.700483 0.187000 0.708213 0.185000 0.712077 0.182000 0.713043 0.177500 0.709179 0.166500 0.700483 0.161500 0.694686 0.160000 0.680193 0.160000 0.661836 0.162000
0 0.722705 0.168000 0.716908 0.170000 0.715942 0.185500 0.717874 0.187500 0.731401 0.190000 0.745894 0.195000 0.759420 0.193000 0.771981 0.182500 0.771981 0.175500 0.766184 0.170000 0.753623 0.166000 0.731401 0.166500
0 0.707246 0.188000 0.704348 0.189500 0.702415 0.195000 0.696618 0.201000 0.703382 0.214500 0.709179 0.219500 0.714976 0.222000 0.731401 0.222000 0.752657 0.215500 0.760386 0.210500 0.760386 0.203500 0.747826 0.196000 0.734300 0.191000
0 0.195169 0.118500 0.168116 0.118500 0.162319 0.120000 0.153623 0.126000 0.152657 0.134000 0.160386 0.144500 0.171981 0.149000 0.180676 0.149500 0.188406 0.148500 0.194203 0.143000 0.200966 0.139500 0.223188 0.132000 0.222222 0.128000 0.218357 0.125000
0 0.148792 0.130500 0.139130 0.131000 0.118841 0.150500 0.114976 0.162500 0.117874 0.166000 0.121739 0.167500 0.139130 0.167500 0.152657 0.165500 0.170048 0.161500 0.178744 0.158000 0.178744 0.150500 0.160386 0.144500
0 0.122705 0.138000 0.110145 0.135500 0.084058 0.134000 0.064734 0.138500 0.060870 0.142000 0.059903 0.147000 0.063768 0.153500 0.074396 0.162500 0.074396 0.167000 0.077295 0.170000 0.103382 0.165500 0.114010 0.161000 0.117874 0.152500 0.125604 0.143000
0 0.068599 0.179000 0.056039 0.193000 0.056039 0.200000 0.060870 0.204500 0.069565 0.206500 0.087923 0.206500 0.111111 0.203000 0.122705 0.199500 0.124638 0.198000 0.124638 0.193000 0.117874 0.189500 0.109179 0.179500 0.091787 0.176000 0.077295 0.176000
0 0.164251 0.168000 0.156522 0.166500 0.140097 0.168000 0.121739 0.168000 0.113043 0.171500 0.112077 0.182000 0.118841 0.190000 0.128502 0.194500 0.141063 0.195000 0.159420 0.190000 0.157488 0.184500 0.151691 0.181500 0.149758 0.178000 0.166184 0.170000
0 0.148792 0.177500 0.150725 0.181500 0.155556 0.183500 0.159420 0.188500 0.173913 0.194500 0.190338 0.198000 0.209662 0.199000 0.227053 0.190000 0.224155 0.173500 0.217391 0.169500 0.209662 0.167000 0.195169 0.165500 0.180676 0.166500 0.167150 0.169500
0 0.223188 0.133000 0.209662 0.135500 0.197101 0.140500 0.192271 0.144000 0.189372 0.150500 0.195169 0.158500 0.223188 0.172000 0.230918 0.171500 0.235749 0.169000 0.247343 0.158000 0.242512 0.147500 0.231884 0.138500 0.230918 0.134500
0 0.322705 0.138000 0.305314 0.134000 0.286957 0.133500 0.264734 0.136000 0.257971 0.137500 0.249275 0.142000 0.249275 0.152000 0.255072 0.157500 0.273430 0.165000 0.286957 0.165500 0.297585 0.164000 0.318841 0.151000 0.323671 0.145000
0 0.372947 0.150000 0.360386 0.143500 0.349758 0.143000 0.338164 0.144500 0.321739 0.148500 0.312077 0.156500 0.308213 0.158000 0.308213 0.162500 0.325604 0.167000 0.348792 0.169000 0.360386 0.169000 0.369082 0.167500 0.373913 0.165500 0.375845 0.160500
0 0.444444 0.153500 0.438647 0.152000 0.412560 0.151000 0.383575 0.155000 0.376812 0.158500 0.376812 0.166000 0.388406 0.176500 0.398068 0.181000 0.405797 0.182000 0.428019 0.176500 0.444444 0.168000 0.448309 0.163000 0.447343 0.157000
0 0.476329 0.148500 0.461836 0.149000 0.448309 0.154000 0.448309 0.164000 0.453140 0.169500 0.455072 0.178500 0.464734 0.184500 0.469565 0.184500 0.473430 0.183000 0.479227 0.174000 0.496618 0.167000 0.504348 0.160000 0.502415 0.156500 0.494686 0.155000 0.483092 0.150000
0 0.483092 0.172000 0.476329 0.177500 0.475362 0.186500 0.485024 0.194000 0.495652 0.196500 0.507246 0.197000 0.519807 0.196000 0.530435 0.192000 0.536232 0.186000 0.536232 0.180500 0.532367 0.177500 0.518841 0.174000 0.509179 0.168500 0.496618 0.168500
0 0.574879 0.195500 0.559420 0.195500 0.551691 0.197000 0.543961 0.201000 0.538164 0.208500 0.539130 0.217500 0.551691 0.226500 0.561353 0.228000 0.575845 0.226500 0.602899 0.217000 0.608696 0.213500 0.609662 0.209000 0.605797 0.206000 0.589372 0.199000
0 0.658937 0.195000 0.647343 0.197000 0.640580 0.201500 0.639614 0.216000 0.643478 0.222000 0.652174 0.226500 0.664734 0.228500 0.679227 0.226000 0.689855 0.221500 0.700483 0.213500 0.700483 0.209000 0.695652 0.201500 0.687923 0.198500 0.669565 0.195000
0 0.703382 0.229500 0.695652 0.226000 0.687923 0.225000 0.679227 0.225500 0.663768 0.228500 0.643478 0.238000 0.640580 0.242000 0.636715 0.244000 0.635749 0.248500 0.637681 0.250500 0.651208 0.253500 0.685990 0.256500 0.698551 0.254000 0.703382 0.252000 0.708213 0.244500 0.708213 0.238500
0 0.620290 0.231000 0.602899 0.229000 0.593237 0.230000 0.585507 0.232500 0.575845 0.238500 0.574879 0.247500 0.583575 0.259500 0.587440 0.262000 0.593237 0.263000 0.611594 0.262000 0.622222 0.259500 0.632850 0.253000 0.635749 0.239500 0.631884 0.235500
0 0.636715 0.253500 0.622222 0.261000 0.621256 0.269000 0.624155 0.275500 0.640580 0.284000 0.657971 0.284500 0.665700 0.283500 0.686957 0.272500 0.689855 0.269000 0.689855 0.263000 0.685024 0.258500 0.679227 0.256500 0.651208 0.253500
0 0.546860 0.228000 0.525604 0.225000 0.516908 0.227000 0.508213 0.231000 0.500483 0.238000 0.497585 0.245000 0.496618 0.259000 0.500483 0.262500 0.504348 0.263000 0.521739 0.261000 0.542995 0.255500 0.553623 0.250000 0.557488 0.245000 0.558454 0.240000 0.555556 0.234500
0 0.520773 0.199000 0.515942 0.198000 0.500483 0.198000 0.494686 0.199000 0.477295 0.209500 0.473430 0.214500 0.471498 0.226000 0.474396 0.228000 0.486957 0.231000 0.504348 0.230500 0.530435 0.224000 0.535266 0.221500 0.538164 0.218000 0.536232 0.208500 0.532367 0.205000
0 0.435749 0.176000 0.407729 0.181500 0.401932 0.186000 0.400000 0.194500 0.402899 0.201000 0.410628 0.205500 0.422222 0.208500 0.435749 0.208000 0.446377 0.205000 0.461836 0.196000 0.466667 0.190500 0.464734 0.185000 0.455072 0.180000
0 0.371014 0.178500 0.357488 0.183500 0.351691 0.189000 0.350725 0.193500 0.358454 0.200500 0.379710 0.208000 0.384541 0.215500 0.390338 0.217000 0.398068 0.212000 0.401932 0.207000 0.400000 0.198500 0.400966 0.184000 0.396135 0.180000 0.390338 0.178000
0 0.321739 0.168000 0.311111 0.170500 0.305314 0.174000 0.302415 0.177500 0.302415 0.186000 0.305314 0.192500 0.313043 0.198500 0.322705 0.203000 0.330435 0.204000 0.350725 0.195000 0.353623 0.187500 0.359420 0.182500 0.369082 0.177500 0.360386 0.172500 0.354589 0.171000 0.331401 0.168000
0 0.298551 0.166000 0.258937 0.164500 0.242512 0.168000 0.226087 0.176000 0.226087 0.184500 0.231884 0.190500 0.243478 0.196000 0.257005 0.198500 0.262802 0.198500 0.285024 0.192500 0.296618 0.185500 0.300483 0.181000 0.303382 0.169500
0 0.269565 0.197000 0.266667 0.202000 0.272464 0.209500 0.278261 0.214000 0.294686 0.222000 0.299517 0.227000 0.307246 0.227000 0.310145 0.225500 0.314976 0.217000 0.321739 0.210000 0.321739 0.203500 0.308213 0.196000 0.302415 0.194500 0.282126 0.194000
0 0.222222 0.196000 0.213527 0.199500 0.206763 0.208500 0.207729 0.218500 0.221256 0.225500 0.227053 0.226500 0.247343 0.226500 0.259903 0.220000 0.270531 0.212000 0.270531 0.208000 0.267633 0.204000 0.259903 0.199500 0.243478 0.196000
0 0.170048 0.196000 0.153623 0.199500 0.144928 0.204500 0.142995 0.207500 0.142995 0.218000 0.146860 0.224500 0.153623 0.228500 0.168116 0.233000 0.178744 0.233000 0.196135 0.226000 0.203865 0.221000 0.202899 0.217000 0.205797 0.215500 0.208696 0.200500 0.178744 0.196000
0 0.126570 0.202000 0.115942 0.202000 0.087923 0.207000 0.083092 0.210000 0.080193 0.216500 0.081159 0.221500 0.095652 0.229500 0.116908 0.234000 0.121739 0.233500 0.131401 0.228000 0.136232 0.227000 0.142995 0.222000 0.142029 0.207500 0.137198 0.204500
0 0.065700 0.237500 0.058937 0.242500 0.057971 0.248500 0.059903 0.252500 0.073430 0.263500 0.074396 0.266000 0.078261 0.267500 0.090821 0.267500 0.108213 0.270000 0.116908 0.268000 0.131401 0.254500 0.131401 0.251000 0.127536 0.246500 0.124638 0.238000 0.120773 0.236000 0.106280 0.233500 0.087923 0.233500
0 0.138164 0.227500 0.131401 0.229000 0.125604 0.233500 0.124638 0.237000 0.127536 0.246000 0.132367 0.251000 0.148792 0.252000 0.159420 0.249000 0.165217 0.245500 0.168116 0.240000 0.165217 0.235000 0.154589 0.229000 0.148792 0.227500
0 0.227053 0.228000 0.216425 0.226500 0.198068 0.226500 0.180676 0.233000 0.174879 0.240000 0.175845 0.244500 0.180676 0.252500 0.192271 0.258000 0.201932 0.259000 0.219324 0.257000 0.232850 0.252000 0.244444 0.245000 0.240580 0.233500
0 0.268599 0.213000 0.265700 0.216000 0.255072 0.220500 0.252174 0.223500 0.243478 0.241000 0.253140 0.246500 0.285990 0.246500 0.298551 0.240500 0.295652 0.224000 0.283092 0.216500 0.276329 0.214000
0 0.362319 0.202000 0.354589 0.200500 0.342029 0.201000 0.337198 0.202000 0.325604 0.207500 0.315942 0.217000 0.314010 0.223000 0.314976 0.230500 0.322705 0.235000 0.352657 0.236000 0.371014 0.232500 0.379710 0.228500 0.385507 0.221500 0.384541 0.217000
0 0.405797 0.215500 0.388406 0.220000 0.373913 0.234000 0.372947 0.242000 0.374879 0.244500 0.389372 0.249500 0.414493 0.250000 0.428986 0.244500 0.435749 0.236500 0.424155 0.220500 0.414493 0.217000
0 0.466667 0.226500 0.458937 0.226500 0.451208 0.228000 0.440580 0.233500 0.430918 0.242000 0.428986 0.254000 0.430918 0.260000 0.434783 0.262000 0.448309 0.264000 0.469565 0.263000 0.484058 0.259000 0.496618 0.252500 0.496618 0.239500 0.479227 0.230000
0 0.412560 0.251000 0.394203 0.250500 0.373913 0.253500 0.360386 0.258500 0.355556 0.263000 0.355556 0.276500 0.360386 0.280500 0.369082 0.281000 0.378744 0.279000 0.394203 0.272000 0.398068 0.268500 0.410628 0.262500 0.416425 0.257000 0.416425 0.254500
0 0.310145 0.238000 0.303382 0.240000 0.294686 0.245000 0.294686 0.249000 0.300483 0.260000 0.303382 0.263000 0.317874 0.269500 0.325604 0.271000 0.339130 0.270500 0.345894 0.268000 0.362319 0.254000 0.363285 0.247000 0.357488 0.241000 0.344928 0.236500 0.327536 0.236000
0 0.237681 0.250000 0.227053 0.256000 0.234783 0.264500 0.248309 0.273500 0.259903 0.277000 0.271498 0.277000 0.279227 0.275000 0.289855 0.268500 0.296618 0.260500 0.296618 0.254000 0.292754 0.248500 0.287923 0.247000 0.253140 0.247000
0 0.198068 0.265500 0.192271 0.270000 0.186473 0.278000 0.186473 0.285000 0.189372 0.288500 0.195169 0.291500 0.208696 0.293500 0.225121 0.293000 0.247343 0.288500 0.255072 0.284000 0.255072 0.278000 0.234783 0.266000 0.219324 0.263500 0.204831 0.264000
0 0.132367 0.257000 0.127536 0.259500 0.126570 0.265500 0.133333 0.275500 0.140097 0.280000 0.153623 0.284500 0.168116 0.284500 0.181643 0.280000 0.188406 0.274500 0.194203 0.264000 0.194203 0.259500 0.188406 0.256500 0.175845 0.253000 0.158454 0.252500
0 0.823188 0.093500 0.813527 0.099500 0.812560 0.104000 0.815459 0.108000 0.839614 0.118000 0.848309 0.123000 0.866667 0.125500 0.876329 0.124000 0.881159 0.120500 0.881159 0.114000 0.875362 0.106000 0.874396 0.100000 0.867633 0.093000 0.861836 0.090500 0.844444 0.089500
0 0.916908 0.105500 0.908213 0.109000 0.904348 0.112500 0.903382 0.121500 0.905314 0.126000 0.913043 0.133000 0.934300 0.140000 0.944928 0.140500 0.956522 0.136000 0.969082 0.127000 0.968116 0.115000 0.964251 0.111500 0.950725 0.105500 0.942029 0.104500
0 0.992271 0.107000 0.983575 0.108500 0.977778 0.111500 0.974879 0.115000 0.972947 0.126500 0.978744 0.138000 0.988406 0.142000 1.000000 0.142000 1.000000 0.107000
0 0.942995 0.146000 0.940097 0.151500 0.940097 0.159500 0.947826 0.168500 0.955556 0.170000 0.973913 0.171000 0.982609 0.170000 0.996135 0.165500 1.000000 0.165500 1.000000 0.145500 0.997101 0.145500 0.981643 0.140000 0.962319 0.140000 0.954589 0.141000
0 0.939130 0.144000 0.908213 0.138000 0.890821 0.138500 0.875362 0.141500 0.868599 0.147000 0.868599 0.159500 0.872464 0.167000 0.879227 0.172000 0.890821 0.175000 0.920773 0.165500 0.928502 0.161500 0.936232 0.154500 0.941063 0.147000
0 0.860870 0.124500 0.842512 0.123000 0.834783 0.124000 0.829952 0.126500 0.823188 0.136500 0.816425 0.142000 0.816425 0.147000 0.828019 0.154500 0.834783 0.156000 0.845411 0.156000 0.858937 0.150500 0.869565 0.144000 0.871498 0.141500 0.871498 0.130500 0.868599 0.127000
0 0.845411 0.162000 0.830918 0.160500 0.809662 0.162000 0.801932 0.163500 0.796135 0.167500 0.794203 0.173000 0.796135 0.181500 0.808696 0.188500 0.821256 0.192500 0.829952 0.192500 0.844444 0.189500 0.852174 0.186000 0.863768 0.177500 0.864734 0.172500 0.861836 0.168500
0 0.868599 0.180000 0.864734 0.183500 0.865700 0.196000 0.869565 0.201500 0.877295 0.207500 0.885024 0.211000 0.897585 0.213500 0.908213 0.213000 0.917874 0.211000 0.930435 0.204000 0.937198 0.197500 0.939130 0.193000 0.933333 0.187000 0.923671 0.182500 0.906280 0.177500 0.886957 0.177000
0 0.924638 0.169500 0.920773 0.172000 0.922705 0.181000 0.937198 0.190000 0.944928 0.199000 0.950725 0.201000 0.963285 0.202500 0.972947 0.201500 0.975845 0.198500 0.976812 0.184500 0.969082 0.173000 0.966184 0.171500 0.950725 0.169500
0 0.983575 0.212500 0.967150 0.203000 0.952657 0.201500 0.935266 0.202500 0.921739 0.209000 0.916908 0.213000 0.915942 0.222500 0.917874 0.228000 0.920773 0.230500 0.931401 0.232000 0.952657 0.230500 0.973913 0.223500 0.982609 0.217000
0 0.780676 0.183500 0.776812 0.185500 0.775845 0.189000 0.763285 0.202000 0.763285 0.212000 0.772947 0.217500 0.781643 0.219500 0.795169 0.220500 0.813527 0.219500 0.828019 0.212000 0.828986 0.206000 0.825121 0.196000 0.819324 0.192000 0.799034 0.184000 0.791304 0.183000
0 0.845411 0.212500 0.837681 0.216500 0.836715 0.223500 0.850242 0.241500 0.855072 0.245000 0.874396 0.245000 0.879227 0.242500 0.884058 0.236000 0.892754 0.231500 0.895652 0.223500 0.887923 0.217500 0.876329 0.214000 0.863768 0.212000
0 0.799034 0.221000 0.789372 0.227500 0.782609 0.235000 0.779710 0.243000 0.781643 0.253500 0.789372 0.258500 0.800000 0.261500 0.814493 0.262000 0.829952 0.260500 0.841546 0.257000 0.847343 0.253000 0.848309 0.243500 0.840580 0.234000 0.828986 0.228000 0.816425 0.224500 0.807729 0.220500
0 0.708213 0.230000 0.708213 0.235500 0.715942 0.244500 0.720773 0.246500 0.750725 0.253000 0.765217 0.253000 0.772947 0.249500 0.776812 0.242500 0.777778 0.232000 0.774879 0.227000 0.765217 0.222000 0.753623 0.220000 0.738164 0.220500 0.721739 0.224000
0 0.703382 0.263500 0.702415 0.269000 0.705314 0.271000 0.744928 0.281000 0.753623 0.282500 0.762319 0.282500 0.769082 0.280500 0.773913 0.276500 0.776812 0.268000 0.775845 0.262500 0.771014 0.258000 0.761353 0.254500 0.741063 0.254000 0.725604 0.255500 0.714976 0.258000
0 0.834783 0.262000 0.827053 0.261000 0.803865 0.262500 0.793237 0.266000 0.772947 0.279000 0.771981 0.287000 0.775845 0.290000 0.792271 0.296500 0.810628 0.299000 0.820290 0.298500 0.834783 0.295000 0.842512 0.287500 0.838647 0.266500
0 0.850242 0.258500 0.840580 0.264000 0.839614 0.275500 0.846377 0.288000 0.857005 0.292000 0.870531 0.292500 0.882126 0.290500 0.895652 0.286000 0.902415 0.282500 0.906280 0.276500 0.904348 0.271000 0.895652 0.264500 0.877295 0.258500
0 0.889855 0.232500 0.884058 0.236000 0.874396 0.248500 0.874396 0.254500 0.880193 0.259500 0.896618 0.264500 0.908213 0.263000 0.920773 0.257000 0.923671 0.243500 0.910145 0.236500 0.899517 0.233500
0 0.944928 0.238000 0.933333 0.239500 0.923671 0.244000 0.920773 0.255000 0.921739 0.259500 0.927536 0.266500 0.931401 0.268000 0.935266 0.272000 0.939130 0.273000 0.944928 0.273000 0.966184 0.269000 0.984541 0.257000 0.984541 0.251500 0.974879 0.244500 0.957488 0.239500
0 1.000000 0.214000 0.987440 0.215500 0.977778 0.220500 0.969082 0.227500 0.966184 0.231500 0.966184 0.237500 0.968116 0.240000 0.972947 0.242000 0.985507 0.243500 1.000000 0.243500
0 0.985507 0.258500 0.976812 0.261500 0.966184 0.269000 0.963285 0.273500 0.963285 0.281000 0.969082 0.285500 0.979710 0.288500 1.000000 0.288500 1.000000 0.259500
0 0.919807 0.275000 0.909179 0.278500 0.902415 0.284500 0.901449 0.287500 0.904348 0.293500 0.910145 0.297500 0.929469 0.302000 0.941063 0.301500 0.948792 0.298500 0.954589 0.294000 0.956522 0.290500 0.955556 0.283000 0.948792 0.278500 0.940097 0.276000 0.928502 0.274500
0 0.072464 0.268500 0.065700 0.270500 0.057005 0.275500 0.056039 0.282500 0.058937 0.291500 0.063768 0.293500 0.077295 0.294000 0.084058 0.298000 0.095652 0.298000 0.109179 0.294500 0.114976 0.291500 0.121739 0.284500 0.122705 0.278500 0.113043 0.272500 0.104348 0.269500 0.089855 0.267500
0 0.177778 0.291000 0.155556 0.286500 0.142995 0.286500 0.131401 0.288500 0.123671 0.292500 0.115942 0.302000 0.115942 0.309000 0.120773 0.316500 0.132367 0.320000 0.138164 0.320500 0.165217 0.317500 0.193237 0.303000 0.193237 0.298500
0 0.255072 0.290500 0.247343 0.289500 0.240580 0.290000 0.220290 0.296000 0.208696 0.302500 0.201932 0.310000 0.204831 0.314000 0.227053 0.321000 0.254106 0.320500 0.264734 0.316000 0.270531 0.309500 0.259903 0.294000
0 0.318841 0.275000 0.308213 0.272000 0.291787 0.272000 0.285024 0.273000 0.270531 0.278500 0.267633 0.281500 0.260870 0.284500 0.259903 0.286500 0.260870 0.295000 0.265700 0.298500 0.272464 0.301500 0.283092 0.303000 0.309179 0.300500 0.316908 0.296000 0.318841 0.293000 0.319807 0.283000 0.322705 0.279500
0 0.337198 0.275500 0.327536 0.277500 0.320773 0.282500 0.320773 0.296000 0.325604 0.305500 0.331401 0.309500 0.335266 0.310500 0.349758 0.310500 0.361353 0.308000 0.379710 0.300500 0.379710 0.294500 0.376812 0.291000 0.354589 0.277500 0.346860 0.275500
0 0.428986 0.306000 0.419324 0.302000 0.405797 0.299500 0.396135 0.299000 0.384541 0.301000 0.377778 0.304500 0.370048 0.314000 0.370048 0.319000 0.367150 0.323000 0.369082 0.329000 0.374879 0.331500 0.390338 0.330500 0.410628 0.326500 0.432850 0.319000 0.437681 0.315500 0.437681 0.313500
0 0.435749 0.267000 0.417391 0.267500 0.393237 0.273000 0.386473 0.276500 0.381643 0.281500 0.381643 0.288500 0.383575 0.291000 0.395169 0.297000 0.421256 0.301500 0.432850 0.299000 0.438647 0.296000 0.449275 0.285000 0.450242 0.278500 0.443478 0.269000
0 0.528502 0.261500 0.515942 0.261500 0.500483 0.264000 0.489855 0.269500 0.487923 0.273000 0.488889 0.286500 0.495652 0.293000 0.502415 0.295500 0.519807 0.295500 0.528502 0.292500 0.537198 0.286500 0.544928 0.277500 0.545894 0.270500 0.542995 0.267000
0 0.549758 0.290500 0.539130 0.293500 0.527536 0.299000 0.523671 0.302500 0.524638 0.307000 0.543961 0.317500 0.554589 0.319500 0.565217 0.320000 0.578744 0.314000 0.580676 0.311000 0.579710 0.302500 0.566184 0.291500 0.557488 0.290000
0 0.586473 0.276500 0.570048 0.284500 0.568116 0.291500 0.571981 0.295500 0.582609 0.302000 0.594203 0.306500 0.622222 0.306500 0.630918 0.302000 0.636715 0.291500 0.635749 0.283500 0.625121 0.277500 0.610628 0.274000 0.600966 0.274000
0 0.618357 0.307500 0.605797 0.307500 0.591304 0.309500 0.583575 0.311500 0.569082 0.319000 0.568116 0.322500 0.576812 0.331500 0.595169 0.338000 0.605797 0.339000 0.616425 0.338500 0.622222 0.337000 0.627053 0.334000 0.631884 0.323000 0.632850 0.314500 0.630918 0.311500 0.626087 0.309000
0 0.576812 0.332500 0.562319 0.332500 0.551691 0.335000 0.542995 0.339000 0.537198 0.345000 0.536232 0.355000 0.539130 0.360500 0.545894 0.366500 0.555556 0.370000 0.566184 0.369000 0.580676 0.363000 0.589372 0.356500 0.596135 0.348000 0.596135 0.341000 0.593237 0.337500
0 0.500483 0.305500 0.494686 0.306500 0.486957 0.312000 0.485990 0.328000 0.494686 0.339500 0.504348 0.340500 0.514976 0.334500 0.530435 0.329000 0.536232 0.324000 0.540097 0.317500 0.538164 0.314000 0.527536 0.309000
0 0.440580 0.319500 0.432850 0.322500 0.427053 0.329000 0.425121 0.338000 0.428986 0.343500 0.434783 0.346500 0.450242 0.349000 0.465700 0.348000 0.476329 0.345500 0.482126 0.342000 0.481159 0.337500 0.485990 0.334500 0.485024 0.325500 0.478261 0.322000 0.466667 0.319000 0.448309 0.318500
0 0.391304 0.341000 0.382609 0.340500 0.370048 0.344000 0.366184 0.353000 0.353623 0.361000 0.353623 0.366000 0.359420 0.370500 0.372947 0.373000 0.387440 0.373000 0.398068 0.371000 0.407729 0.365500 0.407729 0.352500 0.401932 0.346000
0 0.241546 0.357000 0.243478 0.361500 0.247343 0.365500 0.258937 0.369500 0.278261 0.370500 0.294686 0.370000 0.313043 0.366000 0.319807 0.361000 0.317874 0.350000 0.308213 0.343500 0.276329 0.339000 0.260870 0.340500 0.250242 0.346500
0 0.306280 0.302500 0.298551 0.302500 0.287923 0.304500 0.271498 0.312500 0.265700 0.318500 0.261836 0.325000 0.262802 0.331500 0.268599 0.335500 0.282126 0.340000 0.297585 0.341500 0.307246 0.341000 0.322705 0.336000 0.329469 0.331000 0.329469 0.319500 0.324638 0.311000 0.314976 0.305000
0 0.249275 0.321500 0.228986 0.321000 0.211594 0.323500 0.199034 0.328500 0.190338 0.336500 0.188406 0.343500 0.191304 0.348500 0.203865 0.356000 0.215459 0.359500 0.231884 0.360500 0.239614 0.358000 0.249275 0.347000 0.264734 0.338000 0.263768 0.334000 0.259903 0.332000 0.254106 0.324000
0 0.134300 0.321500 0.129469 0.326000 0.128502 0.331000 0.134300 0.342500 0.146860 0.351000 0.157488 0.353000 0.170048 0.353000 0.181643 0.350000 0.187440 0.346000 0.189372 0.338000 0.195169 0.330500 0.190338 0.326000 0.182609 0.323000 0.165217 0.319000
0 0.062802 0.341500 0.061836 0.346000 0.070531 0.354500 0.092754 0.360000 0.112077 0.360500 0.117874 0.359000 0.124638 0.359000 0.137198 0.356500 0.142029 0.354000 0.142029 0.350500 0.134300 0.342500 0.128502 0.331500 0.114010 0.327000 0.097585 0.326500 0.091787 0.327500 0.071498 0.334500
0 0.091787 0.318000 0.079227 0.315000 0.059903 0.313000 0.043478 0.315000 0.035749 0.321000 0.034783 0.326500 0.037681 0.333000 0.046377 0.337000 0.059903 0.337000 0.070531 0.335000 0.088889 0.329000 0.091787 0.327000
0 0.060870 0.301500 0.057005 0.306500 0.057971 0.312500 0.062802 0.314000 0.074396 0.314500 0.086957 0.317000 0.090821 0.319000 0.094686 0.324500 0.103382 0.324000 0.116908 0.315500 0.114976 0.301000 0.110145 0.297500 0.099517 0.296500 0.080193 0.301500
0 0.059903 0.358500 0.053140 0.363000 0.052174 0.367000 0.060870 0.377500 0.068599 0.382500 0.076329 0.383500 0.087923 0.383000 0.097585 0.381500 0.106280 0.378000 0.112077 0.369000 0.110145 0.364500 0.104348 0.361000 0.095652 0.360500 0.074396 0.356000
0 0.096618 0.383000 0.070531 0.383500 0.062802 0.385000 0.056039 0.387500 0.050242 0.393500 0.052174 0.402000 0.065700 0.418500 0.072464 0.422500 0.079227 0.424500 0.085990 0.422500 0.092754 0.417500 0.113043 0.393500 0.110145 0.387000
0 0.175845 0.368500 0.169082 0.365000 0.154589 0.362500 0.141063 0.363000 0.121739 0.369000 0.114976 0.374000 0.114010 0.386500 0.115942 0.389000 0.123671 0.392000 0.137198 0.392000 0.148792 0.391000 0.160386 0.388000 0.171014 0.383500 0.177778 0.373500
0 0.223188 0.374000 0.215459 0.377000 0.204831 0.384500 0.205797 0.397000 0.209662 0.400500 0.219324 0.404500 0.229952 0.406000 0.247343 0.404500 0.266667 0.392500 0.268599 0.384500 0.259903 0.378500 0.246377 0.374500 0.239614 0.373500
0 0.146860 0.401000 0.138164 0.403500 0.135266 0.407500 0.135266 0.416500 0.138164 0.423500 0.144928 0.428500 0.159420 0.434500 0.169082 0.436000 0.176812 0.435500 0.200000 0.424000 0.203865 0.418000 0.202899 0.412500 0.199034 0.408500 0.190338 0.404000 0.178744 0.401000 0.164251 0.399500
0 0.118841 0.392500 0.116908 0.392500 0.114976 0.396000 0.105314 0.401500 0.095652 0.414000 0.085990 0.422000 0.082126 0.423500 0.083092 0.428000 0.100483 0.433000 0.110145 0.433500 0.123671 0.431500 0.130435 0.429500 0.136232 0.425000 0.134300 0.405500 0.130435 0.400500
0 0.133333 0.430000 0.097585 0.436500 0.085990 0.443000 0.085024 0.448000 0.090821 0.458000 0.104348 0.463500 0.114976 0.466000 0.133333 0.465500 0.142029 0.463000 0.147826 0.459500 0.155556 0.451500 0.156522 0.446500 0.152657 0.438000 0.146860 0.434500
0 0.030918 0.423000 0.028986 0.424000 0.029952 0.435500 0.038647 0.445500 0.046377 0.450500 0.053140 0.452000 0.065700 0.452000 0.083092 0.446000 0.091787 0.439000 0.092754 0.433000 0.074396 0.423000 0.065700 0.421000 0.052174 0.421000
0 0.265700 0.446500 0.258937 0.440000 0.247343 0.436500 0.239614 0.435500 0.223188 0.436500 0.206763 0.440000 0.184541 0.450500 0.184541 0.459000 0.189372 0.462500 0.204831 0.467000 0.214493 0.468000 0.244444 0.468000 0.257005 0.465000 0.263768 0.460500 0.266667 0.456000
0 0.332367 0.404000 0.319807 0.405000 0.308213 0.411000 0.299517 0.424000 0.299517 0.432500 0.305314 0.437500 0.313043 0.440500 0.338164 0.439500 0.346860 0.437500 0.357488 0.432000 0.362319 0.427500 0.361353 0.421000 0.350725 0.411500 0.344928 0.408000
0 0.344928 0.439500 0.308213 0.441000 0.297585 0.443000 0.292754 0.446500 0.291787 0.451500 0.295652 0.455500 0.314976 0.467500 0.327536 0.471000 0.339130 0.471000 0.344928 0.469500 0.350725 0.466500 0.358454 0.459500 0.361353 0.453000 0.360386 0.446500 0.356522 0.443000
0 0.376812 0.435000 0.368116 0.443000 0.365217 0.448000 0.370048 0.455000 0.380676 0.460500 0.403865 0.465500 0.414493 0.465500 0.433816 0.461500 0.443478 0.462500 0.450242 0.460500 0.452174 0.457000 0.451208 0.451000 0.447343 0.449000 0.439614 0.439500 0.424155 0.430500 0.408696 0.427000 0.398068 0.427000 0.387440 0.429500
0 0.465700 0.391000 0.457005 0.390500 0.446377 0.394000 0.427053 0.397500 0.417391 0.402000 0.411594 0.406500 0.408696 0.411500 0.409662 0.418000 0.412560 0.421000 0.429952 0.428500 0.438647 0.430000 0.452174 0.429000 0.460870 0.426000 0.476329 0.416500 0.477295 0.405500 0.475362 0.396500
0 0.366184 0.375500 0.360386 0.378000 0.355556 0.385000 0.354589 0.399000 0.357488 0.406000 0.365217 0.412000 0.372947 0.413500 0.384541 0.413000 0.401932 0.408500 0.410628 0.404500 0.419324 0.397000 0.420290 0.392500 0.405797 0.383500 0.371014 0.375500
0 0.455072 0.352500 0.435749 0.353500 0.426087 0.357500 0.423188 0.360500 0.422222 0.367000 0.427053 0.381000 0.442512 0.388500 0.448309 0.387500 0.452174 0.384500 0.467633 0.379000 0.476329 0.370000 0.477295 0.364000 0.475362 0.360500 0.466667 0.355500
0 0.503382 0.347500 0.493720 0.347500 0.487923 0.349000 0.479227 0.361000 0.474396 0.372500 0.474396 0.377000 0.479227 0.383000 0.487923 0.386000 0.499517 0.386000 0.522705 0.381500 0.529469 0.375000 0.528502 0.368500 0.513043 0.357000 0.508213 0.349500
0 0.588406 0.364500 0.588406 0.368500 0.593237 0.374500 0.600966 0.378500 0.620290 0.382000 0.639614 0.380000 0.661836 0.373500 0.666667 0.370000 0.664734 0.363500 0.650242 0.355000 0.640580 0.351500 0.621256 0.347500 0.610628 0.347500 0.603865 0.349000 0.598068 0.352500
0 0.561353 0.372500 0.547826 0.373000 0.532367 0.375500 0.524638 0.383500 0.525604 0.391000 0.529469 0.397000 0.542029 0.404500 0.548792 0.407000 0.555556 0.407500 0.572947 0.404500 0.582609 0.400000 0.592271 0.393000 0.595169 0.386500 0.594203 0.382500 0.587440 0.377500 0.575845 0.374000
0 0.525604 0.394500 0.514010 0.392500 0.502415 0.392500 0.491787 0.395000 0.484058 0.399000 0.480193 0.404500 0.477295 0.415500 0.479227 0.419500 0.484058 0.422000 0.493720 0.424000 0.514976 0.423000 0.529469 0.419500 0.539130 0.414500 0.543961 0.407500
0 0.556522 0.412500 0.546860 0.415000 0.535266 0.423000 0.531401 0.428500 0.533333 0.441000 0.537198 0.444000 0.555556 0.447500 0.568116 0.448000 0.580676 0.447000 0.589372 0.444500 0.599034 0.439500 0.602899 0.435500 0.600966 0.427000 0.593237 0.420000 0.581643 0.414500 0.572947 0.412500
0 0.527536 0.428500 0.503382 0.426000 0.480193 0.428000 0.464734 0.431500 0.458937 0.435500 0.457971 0.443000 0.461836 0.449500 0.469565 0.455000 0.480193 0.459000 0.492754 0.459500 0.505314 0.457000 0.518841 0.452000 0.524638 0.448500 0.531401 0.440500 0.531401 0.433500
0 0.651208 0.387000 0.641546 0.385500 0.623188 0.385500 0.618357 0.386500 0.612560 0.390000 0.609662 0.410000 0.614493 0.414500 0.624155 0.418500 0.642512 0.413000 0.661836 0.403000 0.666667 0.399000 0.666667 0.394500 0.657971 0.389000
0 0.045411 0.518000 0.043478 0.522000 0.046377 0.527500 0.047343 0.537500 0.052174 0.542000 0.065700 0.549000 0.079227 0.553500 0.089855 0.553500 0.100483 0.551000 0.115942 0.543000 0.122705 0.537000 0.122705 0.529500 0.109179 0.522000 0.101449 0.519500 0.081159 0.518000 0.055072 0.518000 0.050242 0.517000
0 0.155556 0.496500 0.142995 0.496000 0.133333 0.497500 0.115942 0.506500 0.113043 0.512500 0.112077 0.522000 0.119807 0.528000 0.130435 0.532500 0.144928 0.533500 0.157488 0.531500 0.176812 0.524500 0.190338 0.517000 0.191304 0.513500 0.175845 0.503000 0.165217 0.498500
0 0.187440 0.490500 0.176812 0.497000 0.176812 0.502500 0.183575 0.508500 0.191304 0.512500 0.203865 0.515500 0.224155 0.516500 0.227053 0.515500 0.234783 0.509500 0.239614 0.495000 0.236715 0.491500 0.231884 0.489500 0.218357 0.487000 0.200000 0.487500
0 0.292754 0.460000 0.279227 0.460500 0.249275 0.467500 0.237681 0.474500 0.240580 0.478000 0.247343 0.481500 0.258937 0.485000 0.278261 0.488000 0.292754 0.488000 0.302415 0.484000 0.310145 0.476500 0.309179 0.466500 0.302415 0.462000
0 0.281159 0.489000 0.273430 0.488500 0.252174 0.491500 0.244444 0.493500 0.238647 0.497500 0.236715 0.508500 0.242512 0.513500 0.255072 0.520000 0.278261 0.521000 0.284058 0.520000 0.286957 0.518000 0.287923 0.513500 0.296618 0.505500 0.290821 0.500500 0.287923 0.491500
0 0.347826 0.481500 0.341063 0.480000 0.326570 0.480000 0.313043 0.481500 0.303382 0.484500 0.289855 0.493500 0.292754 0.500000 0.302415 0.504500 0.314976 0.508000 0.322705 0.508500 0.338164 0.507000 0.346860 0.503000 0.351691 0.497500 0.350725 0.485500
0 0.392271 0.463000 0.380676 0.463000 0.370048 0.466500 0.361353 0.472500 0.352657 0.482000 0.351691 0.487500 0.355556 0.497000 0.363285 0.500000 0.382609 0.499500 0.397101 0.496000 0.408696 0.492000 0.420290 0.486000 0.423188 0.483000 0.422222 0.475000 0.404831 0.466500
0 0.472464 0.490500 0.427053 0.489500 0.411594 0.492500 0.405797 0.498000 0.405797 0.503500 0.409662 0.509000 0.425121 0.516500 0.436715 0.516500 0.447343 0.514000 0.462802 0.506500 0.471498 0.500000 0.475362 0.495500 0.475362 0.492000
0 0.553623 0.486500 0.542995 0.485000 0.527536 0.485500 0.518841 0.487000 0.509179 0.491500 0.506280 0.494000 0.504348 0.503500 0.505314 0.512500 0.509179 0.518500 0.516908 0.520500 0.527536 0.520500 0.546860 0.515000 0.562319 0.506500 0.568116 0.498000 0.560386 0.490000
0 0.619324 0.464500 0.606763 0.464000 0.592271 0.465500 0.576812 0.468500 0.564251 0.473500 0.558454 0.479000 0.557488 0.486500 0.563285 0.493500 0.573913 0.499000 0.586473 0.501000 0.596135 0.501000 0.606763 0.498000 0.620290 0.490500 0.618357 0.478500 0.622222 0.472000 0.622222 0.466500
0 0.622222 0.434500 0.615459 0.441500 0.611594 0.450000 0.611594 0.456500 0.614493 0.460500 0.631884 0.464000 0.656039 0.463000 0.657971 0.461500 0.657971 0.451000 0.671498 0.443500 0.670531 0.439000 0.654106 0.434000 0.631884 0.433500
0 0.715942 0.445500 0.702415 0.441500 0.682126 0.442000 0.670531 0.444000 0.657971 0.451000 0.657005 0.458500 0.659903 0.463500 0.677295 0.471500 0.703382 0.471500 0.718841 0.465500 0.724638 0.459500 0.722705 0.450500
0 0.644444 0.466000 0.622222 0.474500 0.620290 0.477500 0.621256 0.486500 0.628019 0.492000 0.642512 0.499500 0.660870 0.504500 0.665700 0.504500 0.670531 0.503000 0.674396 0.497500 0.681159 0.493500 0.685024 0.488500 0.685990 0.479500 0.684058 0.475000 0.680193 0.472000 0.662802 0.465500 0.653140 0.465000
0 0.661836 0.506000 0.659903 0.511000 0.650242 0.517000 0.646377 0.523000 0.648309 0.536000 0.657005 0.540500 0.681159 0.541000 0.685990 0.540000 0.690821 0.537500 0.680193 0.520500 0.679227 0.510000 0.665700 0.506000
0 0.641546 0.521000 0.628986 0.518000 0.615459 0.518000 0.609662 0.519000 0.602899 0.522000 0.583575 0.538000 0.583575 0.542500 0.591304 0.554000 0.612560 0.555000 0.625121 0.552000 0.640580 0.545500 0.647343 0.538000 0.647343 0.528500
0 0.571014 0.502500 0.566184 0.504000 0.550725 0.513500 0.546860 0.519500 0.547826 0.525000 0.558454 0.530500 0.571981 0.532000 0.579710 0.535000 0.587440 0.534500 0.590338 0.530500 0.607729 0.519000 0.607729 0.512500 0.603865 0.508500 0.597101 0.505000 0.588406 0.503000
0 0.556522 0.531500 0.542029 0.534500 0.537198 0.537500 0.526570 0.549500 0.526570 0.558000 0.529469 0.563000 0.537198 0.566500 0.569082 0.568500 0.581643 0.564500 0.588406 0.559500 0.590338 0.555500 0.587440 0.553000 0.587440 0.548500 0.583575 0.544000 0.581643 0.537500 0.577778 0.534500 0.567150 0.531500
0 0.494686 0.534500 0.489855 0.537000 0.489855 0.540500 0.480193 0.545500 0.472464 0.552500 0.469565 0.561500 0.471498 0.566500 0.480193 0.572500 0.505314 0.574500 0.511111 0.573500 0.524638 0.565000 0.525604 0.559500 0.521739 0.540000 0.519807 0.538500 0.511111 0.538000
0 0.505314 0.520500 0.490821 0.518000 0.478261 0.517500 0.464734 0.519000 0.457005 0.521500 0.448309 0.526000 0.444444 0.531000 0.443478 0.537500 0.451208 0.546500 0.465700 0.552500 0.473430 0.551500 0.488889 0.542000 0.489855 0.537000 0.493720 0.535000 0.514976 0.537500 0.518841 0.535000 0.517874 0.529000 0.514010 0.524500
0 0.429952 0.518500 0.415459 0.518000 0.407729 0.519000 0.393237 0.523000 0.382609 0.529500 0.381643 0.534500 0.393237 0.545500 0.403865 0.550000 0.422222 0.549000 0.427053 0.543500 0.440580 0.535000 0.443478 0.530000 0.443478 0.524500 0.438647 0.521000
0 0.361353 0.501500 0.350725 0.505500 0.344928 0.510500 0.343961 0.520000 0.346860 0.526000 0.350725 0.527500 0.361353 0.527000 0.371014 0.529000 0.382609 0.529000 0.392271 0.523000 0.405797 0.517500 0.408696 0.514000 0.407729 0.510500 0.399034 0.505000 0.383575 0.501000 0.371014 0.500500
0 0.300483 0.508500 0.291787 0.513500 0.286957 0.520000 0.289855 0.529500 0.294686 0.534500 0.300483 0.537500 0.304348 0.538000 0.320773 0.537500 0.336232 0.535000 0.346860 0.529500 0.342029 0.517500 0.342995 0.510000 0.337198 0.508000
0 0.250242 0.520500 0.239614 0.522500 0.228986 0.529500 0.228019 0.534000 0.234783 0.548500 0.247343 0.552000 0.262802 0.553000 0.278261 0.549500 0.293720 0.540000 0.296618 0.536500 0.284058 0.522000
0 0.168116 0.531500 0.162319 0.536000 0.161353 0.545000 0.163285 0.547500 0.176812 0.553000 0.190338 0.555500 0.210628 0.555500 0.221256 0.553000 0.231884 0.546500 0.230918 0.540000 0.225121 0.529000 0.215459 0.525000 0.208696 0.524000 0.193237 0.524500
0 0.165217 0.550000 0.150725 0.550000 0.142995 0.551500 0.133333 0.556500 0.132367 0.567000 0.136232 0.575500 0.142029 0.578500 0.154589 0.581000 0.166184 0.579000 0.189372 0.568500 0.191304 0.565500 0.190338 0.559500 0.187440 0.556500
0 0.125604 0.567000 0.086957 0.567000 0.074396 0.570000 0.061836 0.575500 0.058937 0.579000 0.059903 0.587500 0.065700 0.593500 0.075362 0.599500 0.084058 0.601500 0.091787 0.601500 0.105314 0.598000 0.114976 0.593500 0.125604 0.585500 0.133333 0.576500 0.132367 0.572000
0 0.117874 0.599500 0.105314 0.598500 0.093720 0.600500 0.079227 0.607500 0.071498 0.614500 0.071498 0.621500 0.076329 0.627500 0.087923 0.628500 0.094686 0.630500 0.114010 0.630000 0.125604 0.628500 0.130435 0.623500 0.130435 0.618500 0.126570 0.613500 0.123671 0.603000
0 0.102415 0.630500 0.086957 0.634500 0.080193 0.637500 0.070531 0.646000 0.070531 0.651000 0.081159 0.657000 0.095652 0.661500 0.115942 0.662500 0.125604 0.661000 0.136232 0.655000 0.141063 0.647500 0.136232 0.637500 0.126570 0.631000 0.117874 0.630000
0 0.180676 0.619000 0.164251 0.619000 0.156522 0.620500 0.140097 0.620000 0.130435 0.624500 0.128502 0.631000 0.135266 0.636000 0.140097 0.642500 0.148792 0.647500 0.160386 0.649500 0.174879 0.648000 0.183575 0.643500 0.192271 0.634500 0.199034 0.631500 0.190338 0.623000
0 0.163285 0.584000 0.154589 0.584000 0.145894 0.587500 0.139130 0.591500 0.128502 0.604000 0.128502 0.611500 0.131401 0.616500 0.137198 0.619500 0.156522 0.620500 0.162319 0.619000 0.174879 0.618500 0.180676 0.616500 0.184541 0.599500 0.169082 0.591000
0 0.226087 0.565500 0.211594 0.565500 0.192271 0.569000 0.168116 0.578000 0.163285 0.583500 0.165217 0.588000 0.181643 0.598000 0.192271 0.600500 0.202899 0.601000 0.214493 0.598500 0.227053 0.592500 0.233816 0.580500 0.233816 0.575500 0.229952 0.567500
0 0.232850 0.593000 0.223188 0.594000 0.214493 0.599000 0.206763 0.601000 0.195169 0.607000 0.192271 0.610000 0.188406 0.618000 0.189372 0.621500 0.193237 0.625500 0.206763 0.630500 0.224155 0.631000 0.230918 0.630000 0.247343 0.624500 0.255072 0.619500 0.255072 0.614500 0.244444 0.603500 0.240580 0.596500
0 0.229952 0.549500 0.225121 0.552500 0.226087 0.564500 0.235749 0.576500 0.241546 0.579500 0.255072 0.582000 0.268599 0.577500 0.279227 0.569000 0.285024 0.557000 0.284058 0.552500 0.279227 0.550500 0.274396 0.550500 0.258937 0.553000 0.246377 0.551500 0.239614 0.549500
0 0.320773 0.550500 0.304348 0.551000 0.292754 0.553500 0.286957 0.556000 0.283092 0.560500 0.282126 0.569000 0.285024 0.576500 0.293720 0.582500 0.303382 0.585500 0.312077 0.585500 0.326570 0.582500 0.335266 0.579000 0.348792 0.568500 0.348792 0.561500 0.329469 0.552500
0 0.345894 0.530500 0.330435 0.539500 0.326570 0.544500 0.327536 0.551000 0.342995 0.558000 0.351691 0.560000 0.378744 0.561000 0.384541 0.559500 0.393237 0.555500 0.396135 0.549000 0.378744 0.531000 0.361353 0.528000
0 0.377778 0.562500 0.366184 0.563000 0.357488 0.566000 0.345894 0.573000 0.339130 0.579500 0.335266 0.587500 0.335266 0.594500 0.340097 0.600500 0.347826 0.603000 0.364251 0.605000 0.376812 0.604500 0.388406 0.601000 0.400000 0.594000 0.405797 0.588000 0.407729 0.579500 0.402899 0.574500 0.390338 0.567000
0 0.285024 0.579000 0.276329 0.579500 0.268599 0.578000 0.257005 0.582000 0.248309 0.587500 0.244444 0.594000 0.243478 0.601000 0.254106 0.613500 0.259903 0.617500 0.273430 0.618000 0.292754 0.614000 0.298551 0.611000 0.302415 0.606000 0.315942 0.596000 0.309179 0.587500 0.296618 0.584500
0 0.331401 0.595000 0.323671 0.595000 0.314976 0.597500 0.308213 0.601500 0.298551 0.611000 0.297585 0.619500 0.305314 0.625500 0.314976 0.629000 0.323671 0.629000 0.327536 0.627500 0.324638 0.623500 0.325604 0.619000 0.335266 0.612500 0.338164 0.607500 0.342995 0.604000
0 0.342995 0.604000 0.338164 0.606500 0.325604 0.618500 0.324638 0.625000 0.326570 0.627500 0.340097 0.634000 0.362319 0.637000 0.370048 0.637000 0.377778 0.635500 0.384541 0.633000 0.388406 0.629000 0.387440 0.618000 0.390338 0.605000 0.388406 0.604000 0.380676 0.604000 0.367150 0.605500 0.354589 0.604000
0 0.293720 0.618500 0.284058 0.618500 0.251208 0.625000 0.242512 0.629000 0.236715 0.635000 0.235749 0.639000 0.247343 0.645500 0.253140 0.651500 0.260870 0.655000 0.269565 0.655500 0.276329 0.653000 0.301449 0.636000 0.304348 0.625500 0.300483 0.621500
0 0.228986 0.638500 0.222222 0.640500 0.214493 0.650500 0.213527 0.655000 0.219324 0.667000 0.228019 0.672000 0.233816 0.673000 0.246377 0.672500 0.257005 0.667500 0.260870 0.662500 0.261836 0.657500 0.239614 0.640000
0 0.215459 0.634500 0.207729 0.633000 0.199034 0.633000 0.192271 0.635000 0.178744 0.647000 0.172947 0.657000 0.173913 0.662000 0.177778 0.666000 0.181643 0.667000 0.193237 0.667000 0.201932 0.664500 0.205797 0.662000 0.211594 0.655500 0.212560 0.651000 0.221256 0.642500 0.220290 0.638500
0 0.334300 0.637000 0.330435 0.635500 0.317874 0.636000 0.295652 0.640000 0.279227 0.652000 0.274396 0.654000 0.272464 0.657000 0.274396 0.662000 0.288889 0.665000 0.319807 0.664500 0.324638 0.663500 0.324638 0.656500 0.328502 0.647000 0.334300 0.640000
0 0.340097 0.635000 0.335266 0.636000 0.332367 0.638500 0.323671 0.655000 0.323671 0.660500 0.329469 0.665500 0.336232 0.667000 0.345894 0.667000 0.358454 0.664000 0.366184 0.659000 0.366184 0.639000 0.354589 0.636000
0 0.387440 0.633000 0.378744 0.639000 0.375845 0.644000 0.376812 0.654500 0.380676 0.660000 0.392271 0.663000 0.406763 0.663000 0.430918 0.657500 0.439614 0.652000 0.440580 0.648500 0.438647 0.645000 0.428986 0.638000 0.428019 0.634500 0.423188 0.632500 0.410628 0.634000
0 0.405797 0.596500 0.398068 0.598000 0.395169 0.600000 0.388406 0.613500 0.389372 0.629000 0.397101 0.633500 0.409662 0.633500 0.428986 0.631000 0.439614 0.624500 0.445411 0.615000 0.445411 0.609500 0.443478 0.608000 0.428986 0.606500 0.423188 0.603000
0 0.419324 0.578000 0.410628 0.584000 0.406763 0.591000 0.407729 0.596500 0.413527 0.599500 0.423188 0.601500 0.434783 0.607500 0.444444 0.608000 0.451208 0.606000 0.468599 0.596000 0.466667 0.584500 0.461836 0.579500 0.453140 0.577500
0 0.405797 0.550500 0.401932 0.555000 0.402899 0.565500 0.405797 0.571000 0.413527 0.575000 0.425121 0.577500 0.448309 0.577000 0.455072 0.575500 0.465700 0.569500 0.466667 0.558500 0.460870 0.552000 0.451208 0.546500 0.429952 0.545000 0.421256 0.549500
0 0.518841 0.576500 0.513043 0.575000 0.487923 0.574500 0.481159 0.572500 0.473430 0.573500 0.465700 0.579500 0.467633 0.589000 0.473430 0.598000 0.480193 0.600500 0.488889 0.600500 0.523671 0.588500 0.524638 0.582500
0 0.527536 0.588000 0.520773 0.589000 0.487923 0.600000 0.476329 0.600500 0.478261 0.612000 0.488889 0.620000 0.503382 0.625500 0.519807 0.625500 0.532367 0.620500 0.541063 0.610500 0.545894 0.598000 0.543961 0.595500
0 0.507246 0.627000 0.493720 0.622500 0.480193 0.613500 0.469565 0.613000 0.456039 0.615000 0.446377 0.618500 0.437681 0.626500 0.429952 0.631000 0.429952 0.636000 0.435749 0.642000 0.461836 0.640500 0.476329 0.642500 0.480193 0.644000 0.496618 0.642500 0.506280 0.631000
0 0.466667 0.640000 0.455072 0.640000 0.448309 0.642000 0.442512 0.646000 0.442512 0.653000 0.434783 0.656500 0.431884 0.660000 0.431884 0.665500 0.434783 0.670000 0.440580 0.673500 0.450242 0.675500 0.463768 0.674500 0.474396 0.669500 0.482126 0.668500 0.488889 0.666000 0.493720 0.662500 0.494686 0.658000 0.483092 0.646000 0.473430 0.641500
0 0.533333 0.621500 0.508213 0.629000 0.501449 0.635500 0.500483 0.643000 0.510145 0.649000 0.522705 0.653000 0.549758 0.653000 0.555556 0.651500 0.559420 0.648500 0.560386 0.631500 0.556522 0.628000 0.541063 0.622000
0 0.571981 0.593000 0.553623 0.598500 0.547826 0.602000 0.542029 0.610000 0.540097 0.619000 0.543961 0.622500 0.552657 0.626500 0.569082 0.630000 0.576812 0.630000 0.588406 0.628500 0.606763 0.623500 0.611594 0.616500 0.611594 0.608000 0.604831 0.601500 0.599034 0.598500 0.580676 0.593500
0 0.537198 0.567500 0.524638 0.572000 0.522705 0.576500 0.525604 0.582000 0.533333 0.589500 0.548792 0.596500 0.557488 0.597500 0.570048 0.594000 0.578744 0.588500 0.581643 0.575500 0.578744 0.572500 0.571981 0.569500
0 0.623188 0.568500 0.610628 0.569000 0.590338 0.576500 0.580676 0.588000 0.580676 0.592500 0.586473 0.595500 0.601932 0.598500 0.627053 0.598500 0.641546 0.593500 0.642512 0.586000 0.636715 0.578000 0.628986 0.570500
0 0.639614 0.547000 0.622222 0.553000 0.621256 0.559000 0.627053 0.568000 0.642512 0.581500 0.647343 0.583500 0.659903 0.583500 0.667633 0.582000 0.679227 0.577000 0.685024 0.572500 0.687923 0.567500 0.673430 0.555500 0.665700 0.551500 0.651208 0.548000
0 0.498551 0.658000 0.506280 0.662000 0.518841 0.663000 0.533333 0.667000 0.548792 0.669000 0.560386 0.668000 0.564251 0.665500 0.566184 0.660000 0.565217 0.655500 0.552657 0.653000 0.518841 0.653000 0.513043 0.655000 0.502415 0.655500
0 0.617391 0.650000 0.611594 0.648500 0.590338 0.648500 0.578744 0.651000 0.572947 0.651000 0.569082 0.652500 0.566184 0.657500 0.565217 0.666500 0.568116 0.672000 0.572947 0.675000 0.577778 0.676500 0.588406 0.677000 0.600966 0.674500 0.607729 0.671000 0.618357 0.662000 0.622222 0.654500
0 0.619324 0.628000 0.614493 0.626000 0.604831 0.625500 0.581643 0.629500 0.567150 0.634000 0.562319 0.638000 0.562319 0.644000 0.566184 0.649000 0.571981 0.651000 0.580676 0.650500 0.591304 0.648000 0.609662 0.646500 0.619324 0.643500 0.624155 0.639500 0.624155 0.632000
0 0.655072 0.595000 0.647343 0.594500 0.632850 0.597000 0.622222 0.601500 0.616425 0.607000 0.616425 0.623500 0.629952 0.629500 0.640580 0.630000 0.668599 0.625500 0.677295 0.622500 0.687923 0.616000 0.688889 0.610500 0.686957 0.608500 0.674396 0.601500
0 0.692754 0.568000 0.692754 0.576000 0.681159 0.582000 0.678261 0.586000 0.679227 0.600000 0.681159 0.602500 0.694686 0.608000 0.715942 0.608500 0.724638 0.606500 0.735266 0.602000 0.744928 0.592500 0.743961 0.588000 0.732367 0.582000 0.723671 0.574500
0 0.784541 0.588000 0.772947 0.588000 0.753623 0.594500 0.745894 0.594500 0.738164 0.599000 0.736232 0.602000 0.738164 0.611000 0.742995 0.615500 0.758454 0.622000 0.771014 0.622000 0.775845 0.621000 0.792271 0.612500 0.797101 0.611500 0.800000 0.609000 0.799034 0.603000 0.794203 0.598500 0.791304 0.592000
0 0.797101 0.566500 0.792271 0.569000 0.790338 0.574000 0.793237 0.596500 0.798068 0.601500 0.806763 0.605000 0.816425 0.605500 0.825121 0.604500 0.834783 0.601500 0.850242 0.594000 0.852174 0.591000 0.851208 0.584000 0.843478 0.577500 0.830918 0.572000 0.812560 0.569000 0.806763 0.566500
0 0.894686 0.568500 0.889855 0.568000 0.879227 0.570000 0.859903 0.571000 0.850242 0.578500 0.857005 0.591000 0.869565 0.596000 0.879227 0.597500 0.893720 0.597500 0.900483 0.594500 0.906280 0.584500 0.906280 0.580500 0.898551 0.570000
0 0.850242 0.599500 0.848309 0.611500 0.854106 0.617000 0.857971 0.624500 0.861836 0.627000 0.875362 0.627000 0.904348 0.620500 0.916908 0.614000 0.917874 0.608000 0.911111 0.601500 0.898551 0.597000 0.883092 0.597500 0.858937 0.594000
0 0.830918 0.604500 0.814493 0.606000 0.804831 0.609500 0.798068 0.613500 0.792271 0.622000 0.794203 0.636000 0.800966 0.639000 0.821256 0.643500 0.829952 0.643000 0.847343 0.639000 0.856039 0.635000 0.857971 0.632000 0.857971 0.625000 0.851208 0.614500 0.839614 0.607500
0 0.714976 0.611500 0.704348 0.618000 0.704348 0.628500 0.723671 0.636500 0.731401 0.638500 0.742029 0.638500 0.748792 0.635500 0.754589 0.630500 0.754589 0.621500 0.737198 0.611500 0.727536 0.610500
0 0.700483 0.629000 0.690821 0.631000 0.684058 0.634500 0.677295 0.642000 0.669565 0.659500 0.672464 0.662000 0.683092 0.664000 0.685990 0.666000 0.710145 0.666500 0.721739 0.664000 0.733333 0.658000 0.735266 0.651500 0.727536 0.639500 0.711111 0.631500
0 0.678261 0.625500 0.669565 0.625500 0.645411 0.629000 0.635749 0.633000 0.624155 0.643500 0.623188 0.647500 0.624155 0.653500 0.629952 0.658500 0.642512 0.659000 0.649275 0.658000 0.675362 0.645000 0.685024 0.633500 0.685024 0.630000
0 0.736232 0.639500 0.733333 0.641500 0.733333 0.647500 0.740097 0.662500 0.752657 0.666500 0.761353 0.667000 0.770048 0.666000 0.774879 0.663000 0.776812 0.659000 0.771981 0.642000 0.762319 0.637000 0.745894 0.637500
0 0.779710 0.629000 0.771981 0.632500 0.768116 0.638000 0.773913 0.645000 0.775845 0.656000 0.782609 0.659000 0.796135 0.662000 0.807729 0.661500 0.818357 0.658500 0.823188 0.655500 0.823188 0.644500 0.799034 0.638000 0.793237 0.634500 0.792271 0.628500
0 0.875362 0.627500 0.861836 0.628500 0.853140 0.636500 0.825121 0.644500 0.825121 0.656000 0.833816 0.662000 0.844444 0.664500 0.861836 0.664500 0.878261 0.661500 0.885990 0.657500 0.885990 0.645500 0.888889 0.637500 0.881159 0.629500
0 0.909179 0.628500 0.899517 0.630500 0.892754 0.634500 0.886957 0.643000 0.886957 0.654000 0.888889 0.663000 0.891787 0.665000 0.914976 0.667500 0.921739 0.665500 0.936232 0.655500 0.941063 0.644000 0.941063 0.638500 0.936232 0.634500 0.928502 0.631000 0.917874 0.628500
0 0.992271 0.636500 0.965217 0.633000 0.956522 0.635000 0.943961 0.640500 0.937198 0.650000 0.939130 0.662000 0.936232 0.664000 0.936232 0.667000 0.942029 0.669000 0.946860 0.668500 0.958454 0.665000 0.969082 0.663500 0.976812 0.660000 0.992271 0.644500 0.995169 0.639500
0 0.996135 0.638500 0.982609 0.654000 0.982609 0.660000 0.988406 0.668000 0.995169 0.671000 1.000000 0.671000 1.000000 0.638500
0 0.965217 0.602500 0.958454 0.607000 0.956522 0.612500 0.958454 0.622000 0.965217 0.631000 0.969082 0.633000 0.980676 0.635500 1.000000 0.634500 1.000000 0.611000 0.992271 0.610000 0.987440 0.607500 0.981643 0.601500
0 0.994203 0.582500 0.988406 0.585000 0.983575 0.590500 0.982609 0.601500 0.987440 0.608500 0.994203 0.611000 1.000000 0.611000 1.000000 0.582500
0 0.924638 0.586000 0.919807 0.588500 0.917874 0.595500 0.914010 0.599000 0.914010 0.604000 0.918841 0.608500 0.920773 0.616500 0.926570 0.619000 0.938164 0.619500 0.953623 0.611500 0.959420 0.605000 0.968116 0.600000 0.967150 0.595500 0.960386 0.591500 0.943961 0.586500
0 0.959420 0.553500 0.925604 0.553000 0.914976 0.554500 0.904348 0.558000 0.897585 0.563500 0.897585 0.569000 0.910145 0.582000 0.922705 0.585500 0.939130 0.585500 0.946860 0.583500 0.956522 0.579000 0.962319 0.575000 0.967150 0.562500 0.966184 0.556500
0 0.979710 0.543500 0.972947 0.545000 0.968116 0.550500 0.968116 0.561000 0.964251 0.574000 0.969082 0.578500 0.973913 0.580500 0.991304 0.583000 1.000000 0.582000 1.000000 0.544500 0.995169 0.544500 0.989372 0.546500
0 0.952657 0.518000 0.942995 0.517500 0.931401 0.519500 0.909179 0.533000 0.907246 0.538500 0.908213 0.544000 0.914010 0.548000 0.926570 0.552500 0.935266 0.553500 0.955556 0.553000 0.967150 0.549500 0.971981 0.546000 0.973913 0.538500 0.970048 0.531000 0.959420 0.521000
0 0.926570 0.477500 0.921739 0.480500 0.914976 0.493000 0.915942 0.498500 0.920773 0.504000 0.922705 0.510000 0.929469 0.515000 0.934300 0.517000 0.945894 0.517000 0.954589 0.515000 0.968116 0.506500 0.972947 0.499500 0.975845 0.490000 0.971014 0.484500 0.959420 0.480500 0.936232 0.477000
0 0.072464 0.491500 0.052174 0.502000 0.052174 0.510500 0.066667 0.517500 0.086957 0.519000 0.104348 0.518500 0.111111 0.514000 0.113043 0.507000 0.102415 0.493000 0.095652 0.490500 0.078261 0.490500
0 0.084058 0.459000 0.066667 0.464500 0.054106 0.471000 0.061836 0.475000 0.069565 0.483000 0.079227 0.486000 0.088889 0.486500 0.096618 0.485500 0.108213 0.480000 0.116908 0.471000 0.116908 0.466500 0.095652 0.459500
0 0.720773 0.028000 0.705314 0.031000 0.689855 0.039000 0.685990 0.044000 0.685990 0.049500 0.695652 0.055500 0.724638 0.060000 0.738164 0.058000 0.743961 0.052000 0.740097 0.043000 0.740097 0.035000 0.728502 0.028500
0 1.000000 0.464000 0.995169 0.464000 0.989372 0.466000 0.983575 0.470000 0.976812 0.478000 0.975845 0.483500 0.978744 0.489000 0.987440 0.493500 1.000000 0.493500
0 1.000000 0.499500 0.994203 0.499500 0.988406 0.501000 0.971014 0.508000 0.963285 0.514000 0.962319 0.522000 0.965217 0.526000 0.974879 0.534500 0.982609 0.537500 1.000000 0.538000
0 0.973913 0.433000 0.966184 0.435000 0.952657 0.444500 0.949758 0.448500 0.948792 0.460000 0.952657 0.463000 0.964251 0.466500 0.978744 0.466000 0.984541 0.464500 0.996135 0.458500 1.000000 0.458500 1.000000 0.444500 0.996135 0.444000 0.988406 0.436500
0 0.912077 0.434500 0.904348 0.436500 0.894686 0.442500 0.887923 0.451500 0.887923 0.459500 0.892754 0.463500 0.910145 0.468500 0.922705 0.468500 0.937198 0.465500 0.946860 0.460500 0.948792 0.446500 0.940097 0.440500 0.921739 0.435500
0 0.904348 0.414500 0.903382 0.421000 0.905314 0.425000 0.916908 0.434500 0.942995 0.441000 0.953623 0.438500 0.959420 0.435500 0.964251 0.429000 0.964251 0.418000 0.959420 0.413000 0.943961 0.411000 0.912077 0.412000
0 0.957488 0.400500 0.953623 0.402500 0.952657 0.405500 0.961353 0.413000 0.973913 0.420500 0.975845 0.423500 0.987440 0.429000 1.000000 0.429500 1.000000 0.404000 0.988406 0.403000 0.975845 0.400000 0.964251 0.399500
0 0.995169 0.374000 0.989372 0.383000 0.981643 0.389500 0.979710 0.397000 0.983575 0.401000 0.991304 0.402500 1.000000 0.402500 1.000000 0.374000
0 0.949758 0.355500 0.930435 0.364500 0.926570 0.371000 0.926570 0.378000 0.930435 0.387000 0.935266 0.391000 0.942995 0.394000 0.954589 0.394500 0.964251 0.393000 0.980676 0.388000 0.988406 0.383000 0.990338 0.376500 0.977778 0.363500 0.958454 0.356500
0 0.995169 0.327500 0.983575 0.337000 0.981643 0.343500 0.983575 0.349500 0.987440 0.353500 0.995169 0.355500 1.000000 0.355500 1.000000 0.327500
0 0.960386 0.326000 0.950725 0.324000 0.931401 0.324000 0.907246 0.331000 0.905314 0.334500 0.908213 0.345000 0.922705 0.355500 0.926570 0.356500 0.938164 0.356000 0.953623 0.351500 0.968116 0.344500 0.975845 0.337000 0.976812 0.333500
0 0.866667 0.300500 0.866667 0.311000 0.872464 0.320000 0.876329 0.323500 0.890821 0.330000 0.905314 0.330500 0.916908 0.328000 0.928502 0.324000 0.942995 0.314500 0.942995 0.309500 0.938164 0.304500 0.908213 0.297500 0.881159 0.298000 0.874396 0.297000
0 0.962319 0.290500 0.959420 0.296000 0.969082 0.308500 0.982609 0.315500 0.988406 0.317000 1.000000 0.317000 1.000000 0.288500 0.975845 0.289000
0 0.915942 0.499000 0.909179 0.498500 0.900483 0.499500 0.868599 0.509500 0.866667 0.511500 0.866667 0.518500 0.872464 0.524500 0.877295 0.525000 0.894686 0.522500 0.904348 0.517500 0.914010 0.514500 0.919807 0.508500 0.919807 0.504000
0 0.914976 0.515000 0.909179 0.515500 0.894686 0.522000 0.874396 0.524000 0.872464 0.525000 0.871498 0.531500 0.878261 0.537500 0.888889 0.540000 0.894686 0.539500 0.904348 0.534000 0.919807 0.528000 0.921739 0.526500 0.921739 0.520500
0 0.866667 0.536000 0.847343 0.542500 0.845411 0.545000 0.846377 0.557000 0.851208 0.564500 0.858937 0.568500 0.866667 0.570500 0.883092 0.570000 0.894686 0.566000 0.900483 0.556000 0.895652 0.551000 0.892754 0.541000 0.881159 0.538500 0.875362 0.536000
0 0.814493 0.534500 0.807729 0.536500 0.795169 0.544000 0.792271 0.548000 0.793237 0.553500 0.802899 0.561000 0.805797 0.566000 0.810628 0.568500 0.837681 0.573000 0.844444 0.570500 0.848309 0.565500 0.844444 0.540500 0.840580 0.537500 0.829952 0.534500
0 0.843478 0.510500 0.817391 0.518000 0.812560 0.522000 0.820290 0.530000 0.827053 0.533500 0.843478 0.538500 0.853140 0.539500 0.869565 0.533500 0.871498 0.525000 0.867633 0.521000 0.864734 0.512000 0.861836 0.510500
0 0.835749 0.485500 0.831884 0.484500 0.819324 0.485000 0.807729 0.490000 0.802899 0.494000 0.792271 0.507500 0.791304 0.518000 0.794203 0.522000 0.800000 0.522500 0.813527 0.521000 0.836715 0.512500 0.849275 0.510000 0.855072 0.506500 0.856039 0.501500 0.846377 0.491500
0 0.884058 0.472500 0.859903 0.474000 0.846377 0.484500 0.846377 0.491500 0.856039 0.500000 0.861836 0.503000 0.874396 0.506000 0.883092 0.505500 0.897585 0.500000 0.903382 0.496000 0.906280 0.489000 0.903382 0.479000 0.893720 0.474000
0 0.799034 0.451500 0.784541 0.467500 0.784541 0.475500 0.787440 0.479000 0.798068 0.483500 0.809662 0.485000 0.831884 0.484500 0.842512 0.482500 0.843478 0.477500 0.840580 0.474500 0.840580 0.470500 0.846377 0.468000 0.851208 0.470500 0.851208 0.475000 0.854106 0.474500 0.856039 0.471000 0.856039 0.467000 0.851208 0.461500 0.837681 0.456000 0.825121 0.453500 0.817391 0.450500 0.803865 0.450500
0 0.724638 0.442000 0.722705 0.447500 0.726570 0.453000 0.736232 0.459500 0.754589 0.468500 0.760386 0.470000 0.770048 0.470000 0.780676 0.468000 0.785507 0.465500 0.790338 0.460500 0.795169 0.451000 0.792271 0.447000 0.779710 0.441000 0.758454 0.438000 0.745894 0.438000 0.729469 0.440000
0 0.737198 0.460000 0.730435 0.459500 0.726570 0.460500 0.717874 0.466500 0.695652 0.475500 0.690821 0.480000 0.688889 0.485000 0.690821 0.490500 0.693720 0.492500 0.709179 0.497500 0.725604 0.497500 0.742029 0.495500 0.751691 0.493000 0.763285 0.486500 0.763285 0.479000 0.758454 0.471000
0 0.763285 0.489000 0.756522 0.491000 0.745894 0.498000 0.742995 0.505000 0.744928 0.511000 0.751691 0.518000 0.759420 0.520500 0.768116 0.521500 0.786473 0.520500 0.791304 0.517500 0.793237 0.505500 0.800000 0.499000 0.801932 0.494000 0.790338 0.490000 0.777778 0.488500
0 0.731401 0.503000 0.712077 0.499000 0.692754 0.499500 0.686957 0.502000 0.680193 0.509500 0.679227 0.518000 0.683092 0.527000 0.692754 0.535500 0.717874 0.535000 0.733333 0.531000 0.739130 0.528000 0.746860 0.521500 0.748792 0.517000 0.742029 0.509000
0 0.751691 0.520000 0.746860 0.522000 0.738164 0.529000 0.735266 0.538000 0.738164 0.548000 0.745894 0.556000 0.749758 0.557500 0.756522 0.558000 0.776812 0.556000 0.789372 0.550500 0.794203 0.544500 0.803865 0.538500 0.803865 0.533000 0.793237 0.526000 0.783575 0.523000
0 0.729469 0.534500 0.722705 0.534000 0.710145 0.536000 0.698551 0.536000 0.683092 0.542000 0.673430 0.553500 0.678261 0.560500 0.688889 0.566000 0.707246 0.570000 0.717874 0.570000 0.726570 0.568500 0.738164 0.564000 0.741063 0.561000 0.741063 0.552000 0.736232 0.546000 0.733333 0.536500
0 0.771981 0.557000 0.745894 0.558000 0.727536 0.570000 0.727536 0.577500 0.734300 0.583500 0.745894 0.588000 0.775845 0.587500 0.781643 0.586000 0.788406 0.581500 0.789372 0.568500 0.781643 0.562000
0 0.867633 0.425000 0.857005 0.424500 0.849275 0.425500 0.827053 0.433000 0.820290 0.439500 0.820290 0.450500 0.825121 0.453500 0.846377 0.458000 0.863768 0.458000 0.877295 0.456000 0.885990 0.452500 0.889855 0.448000 0.889855 0.441000 0.886957 0.435500 0.877295 0.427500
0 0.875362 0.384500 0.866667 0.394000 0.867633 0.401000 0.872464 0.406000 0.888889 0.410000 0.901449 0.411500 0.917874 0.411500 0.939130 0.408500 0.939130 0.395500 0.930435 0.389000 0.915942 0.382000 0.900483 0.379500 0.889855 0.379500
0 0.817391 0.385000 0.804831 0.390500 0.798068 0.396500 0.799034 0.403500 0.805797 0.410000 0.818357 0.415500 0.828019 0.418000 0.844444 0.418500 0.858937 0.416500 0.864734 0.413500 0.869565 0.408500 0.869565 0.404000 0.862802 0.392500 0.852174 0.386000 0.838647 0.382500 0.828986 0.382500
0 0.767150 0.415000 0.755556 0.421500 0.750725 0.426500 0.750725 0.432000 0.756522 0.436500 0.783575 0.441500 0.794203 0.441500 0.809662 0.439000 0.816425 0.435500 0.818357 0.432000 0.817391 0.426500 0.811594 0.418000 0.804831 0.413500 0.794203 0.411000 0.782609 0.411000
0 0.738164 0.400500 0.728502 0.400000 0.724638 0.401000 0.714010 0.407000 0.708213 0.421500 0.708213 0.431500 0.711111 0.433500 0.717874 0.434000 0.746860 0.426500 0.752657 0.424000 0.763285 0.416000 0.761353 0.409500
0 0.664734 0.406000 0.654106 0.410000 0.649275 0.413500 0.646377 0.419000 0.647343 0.424000 0.656039 0.430000 0.673430 0.435000 0.688889 0.441000 0.702415 0.440500 0.706280 0.433500 0.708213 0.417000 0.706280 0.410000 0.699517 0.406000 0.686957 0.403500 0.676329 0.403500
0 0.699517 0.370500 0.681159 0.373500 0.667633 0.377500 0.662802 0.382000 0.660870 0.389500 0.668599 0.396500 0.674396 0.399500 0.685990 0.403000 0.705314 0.405000 0.715942 0.403500 0.726570 0.398500 0.729469 0.393000 0.728502 0.381000 0.725604 0.377000 0.718841 0.373500 0.711111 0.371500
0 0.657005 0.341500 0.654106 0.344500 0.655072 0.349000 0.664734 0.361500 0.671498 0.367000 0.683092 0.371500 0.691787 0.371500 0.698551 0.370000 0.714010 0.358500 0.715942 0.352500 0.713043 0.347000 0.706280 0.343000 0.693720 0.340500 0.662802 0.340500
0 0.641546 0.316000 0.635749 0.321500 0.635749 0.331000 0.639614 0.335000 0.646377 0.338500 0.655072 0.340500 0.671498 0.339500 0.684058 0.334500 0.689855 0.330500 0.688889 0.322000 0.679227 0.317000 0.663768 0.314000 0.654106 0.314000
0 0.647343 0.287000 0.640580 0.290000 0.635749 0.296500 0.635749 0.302500 0.646377 0.309000 0.660870 0.313000 0.679227 0.313500 0.689855 0.311500 0.697585 0.308000 0.703382 0.301500 0.703382 0.294500 0.700483 0.290500 0.690821 0.284500 0.671498 0.283000
0 0.718841 0.290500 0.713043 0.295000 0.712077 0.299500 0.714010 0.303500 0.723671 0.310000 0.738164 0.315000 0.759420 0.317000 0.766184 0.316000 0.779710 0.309000 0.787440 0.299500 0.785507 0.295000 0.773913 0.289000 0.761353 0.285500 0.737198 0.285500 0.728502 0.287000
0 0.715942 0.318000 0.706280 0.326000 0.703382 0.332500 0.703382 0.339500 0.708213 0.344500 0.716908 0.348500 0.721739 0.349500 0.748792 0.349000 0.759420 0.347000 0.772947 0.342000 0.776812 0.338500 0.773913 0.329000 0.770048 0.323500 0.753623 0.316500 0.744928 0.315500 0.728502 0.315500
0 0.778744 0.351000 0.771981 0.348000 0.764251 0.346500 0.745894 0.349000 0.720773 0.350500 0.714976 0.356000 0.714976 0.360500 0.720773 0.368000 0.727536 0.372000 0.733333 0.373000 0.747826 0.372500 0.764251 0.368000 0.778744 0.362000 0.780676 0.354000
0 0.747826 0.373500 0.741063 0.375000 0.735266 0.380000 0.736232 0.388000 0.743961 0.396500 0.744928 0.400500 0.749758 0.404500 0.759420 0.407500 0.764251 0.407500 0.775845 0.404500 0.784541 0.400000 0.794203 0.386000 0.794203 0.383500 0.790338 0.379500 0.781643 0.375500 0.767150 0.373500
0 0.799034 0.344500 0.788406 0.348000 0.782609 0.352500 0.778744 0.362500 0.780676 0.370500 0.788406 0.376000 0.798068 0.378500 0.816425 0.379000 0.828986 0.377500 0.844444 0.371000 0.850242 0.365500 0.851208 0.361000 0.848309 0.358000 0.825121 0.347500
0 0.881159 0.342500 0.866667 0.347500 0.859903 0.351500 0.855072 0.357000 0.854106 0.361500 0.856039 0.364500 0.868599 0.372000 0.882126 0.376500 0.913043 0.380500 0.921739 0.377000 0.925604 0.366500 0.924638 0.358000 0.913043 0.348500 0.904348 0.344000 0.892754 0.342000
0 0.820290 0.326500 0.818357 0.335500 0.823188 0.343000 0.829952 0.348000 0.839614 0.350000 0.855072 0.350500 0.859903 0.349500 0.884058 0.339000 0.887923 0.334500 0.873430 0.324500 0.855072 0.320500 0.831884 0.320500
0 0.791304 0.310500 0.779710 0.313000 0.775845 0.315500 0.771981 0.320500 0.771981 0.326500 0.781643 0.341500 0.787440 0.345000 0.793237 0.346000 0.806763 0.340500 0.815459 0.335000 0.823188 0.321000 0.819324 0.318000 0.805797 0.313000
0 0.857005 0.296000 0.842512 0.294500 0.813527 0.300500 0.805797 0.306000 0.806763 0.312000 0.815459 0.316500 0.826087 0.319500 0.838647 0.319500 0.851208 0.318000 0.861836 0.310500 0.864734 0.305000 0.863768 0.299500
0 0.096618 0.004500 0.093720 0.004500 0.072464 0.013000 0.064734 0.020000 0.063768 0.026500 0.065700 0.030500 0.072464 0.035000 0.080193 0.037500 0.096618 0.037500 0.114976 0.035500 0.129469 0.029000 0.132367 0.026000 0.128502 0.022000 0.112077 0.014500 0.102415 0.007000
0 0.097585 0.000000 0.098551 0.006000 0.111111 0.015000 0.125604 0.021500 0.134300 0.022000 0.139130 0.019500 0.142995 0.015000 0.144928 0.000000