0 0.279318 0.826581 0.268124 0.822317 0.262260 0.822317 0.253731 0.824449 0.247868 0.830135 0.245203 0.840085 0.245736 0.852168 0.248934 0.861407 0.258529 0.877043 0.260128 0.877754 0.265458 0.875622 0.276119 0.867093 0.280384 0.860697 0.283582 0.852168 0.285714 0.840085 0.283582 0.831557
0 0.616738 0.470505 0.608209 0.465529 0.599680 0.465529 0.587953 0.469794 0.581023 0.476901 0.579957 0.479744 0.581023 0.493959 0.584222 0.502488 0.591684 0.515281 0.595949 0.515281 0.602345 0.510306 0.610874 0.507463 0.619403 0.495380 0.621535 0.484719 0.619403 0.475480
0 0.321429 0.395878 0.316631 0.402985 0.313966 0.415778 0.313966 0.422175 0.318230 0.432836 0.322495 0.437811 0.333156 0.442075 0.337953 0.442075 0.343817 0.438522 0.350213 0.429282 0.352345 0.420043 0.352878 0.413646 0.349680 0.403696 0.341684 0.395878 0.335821 0.394456 0.325160 0.394456
0 0.364606 0.386638 0.358209 0.398010 0.359275 0.404407 0.362473 0.407960 0.363539 0.411514 0.369403 0.419332 0.376759 0.422317 0.382196 0.425729 0.392324 0.425729 0.394563 0.422175 0.397122 0.417910 0.401386 0.408671 0.401386 0.401564 0.398721 0.387349 0.394456 0.382374 0.388060 0.380242 0.376866 0.380242
0 0.373667 0.340441 0.370469 0.347548 0.368870 0.356077 0.372601 0.371002 0.377399 0.377399 0.381130 0.378820 0.397655 0.380242 0.400853 0.378109 0.410981 0.359275 0.408849 0.352523 0.402985 0.341151 0.397122 0.336887 0.387527 0.334755 0.378998 0.335466
0 0.352345 0.429282 0.344350 0.442786 0.343284 0.447761 0.344350 0.453447 0.351279 0.460554 0.361407 0.465529 0.376866 0.466240 0.380597 0.464108 0.385928 0.456290 0.385394 0.436389 0.383262 0.428571 0.381130 0.425729 0.374733 0.422175 0.366738 0.422175
0 0.327825 0.440654 0.321962 0.441365 0.314499 0.447761 0.309701 0.454158 0.305437 0.469794 0.304904 0.478323 0.306503 0.482587 0.322495 0.489694 0.342751 0.481166 0.344350 0.475480 0.343284 0.461976 0.337953 0.449893 0.332623 0.443497
0 0.324627 0.489694 0.321429 0.495380 0.319829 0.506041 0.321962 0.518834 0.330490 0.529495 0.336887 0.532338 0.347548 0.534471 0.352345 0.531628 0.354478 0.528785 0.355011 0.524520 0.352345 0.508884 0.353412 0.491827 0.349147 0.486851 0.342751 0.483298 0.334222 0.484719
0 0.359275 0.487562 0.355544 0.492537 0.353412 0.498223 0.352878 0.503909 0.353412 0.515991 0.355544 0.523099 0.359275 0.529495 0.365672 0.533049 0.373134 0.533049 0.385394 0.529495 0.389659 0.525231 0.394456 0.513859 0.391791 0.501066 0.390192 0.498223 0.380064 0.490405 0.371002 0.486141 0.363539 0.485430
0 0.386994 0.457001 0.380597 0.467662 0.380064 0.477612 0.382729 0.488273 0.395522 0.501066 0.406183 0.500355 0.410448 0.493248 0.418443 0.484719 0.419510 0.481876 0.418977 0.476190 0.413113 0.466240 0.409915 0.457001 0.407249 0.454158 0.396588 0.452736
0 0.403518 0.411514 0.400320 0.413646 0.393923 0.424307 0.392324 0.429282 0.391791 0.441365 0.393390 0.445629 0.399254 0.451315 0.408316 0.453447 0.414712 0.441365 0.420576 0.437882 0.428038 0.434257 0.424307 0.424307 0.417910 0.416489 0.413113 0.412935
0 0.412047 0.363895 0.408316 0.366027 0.404051 0.373845 0.400853 0.393746 0.404051 0.408671 0.405650 0.410803 0.417910 0.412935 0.427505 0.407960 0.432303 0.397299 0.436034 0.393035 0.437100 0.387349 0.434435 0.379531 0.424307 0.366738 0.416844 0.363895
0 0.416311 0.440654 0.412047 0.445629 0.410448 0.453447 0.413113 0.466240 0.424840 0.482587 0.434968 0.487562 0.438699 0.486851 0.440832 0.469794 0.445629 0.452736 0.444563 0.442075 0.440299 0.437100 0.435501 0.434968 0.426972 0.435679
0 0.435501 0.395167 0.431237 0.402985 0.429104 0.418621 0.430171 0.426439 0.433369 0.432836 0.447228 0.442075 0.451493 0.442075 0.463220 0.433547 0.468017 0.427150 0.469083 0.417910 0.466951 0.412225 0.462687 0.406539 0.448294 0.395167 0.442964 0.393746
0 0.462687 0.357498 0.456823 0.362473 0.450426 0.372424 0.447761 0.380952 0.448294 0.392324 0.452026 0.398010 0.465352 0.407249 0.473881 0.407249 0.479744 0.405117 0.484542 0.400853 0.487207 0.394456 0.487740 0.382374 0.482409 0.369581 0.473881 0.363895 0.466951 0.356787
0 0.430171 0.323383 0.424840 0.328358 0.422708 0.334044 0.422708 0.345416 0.425906 0.366027 0.432836 0.376688 0.436034 0.378820 0.445096 0.378820 0.449893 0.374556 0.460021 0.353234 0.459488 0.344705 0.456823 0.334044 0.452559 0.328358 0.445629 0.324805 0.437100 0.322672
0 0.466951 0.319829 0.458422 0.330490 0.457889 0.336176 0.460554 0.347548 0.465885 0.355366 0.477079 0.366027 0.483475 0.368159 0.490405 0.366738 0.496802 0.356787 0.500000 0.347548 0.500000 0.338308 0.497335 0.328358 0.492004 0.321251 0.482942 0.316986 0.474414 0.316986
0 0.497868 0.353945 0.489339 0.369581 0.488806 0.378109 0.489872 0.381663 0.496269 0.390192 0.502665 0.393746 0.514925 0.404407 0.521855 0.405828 0.525586 0.403696 0.528785 0.398010 0.529318 0.392324 0.526119 0.376688 0.518124 0.357498 0.514392 0.351102 0.511727 0.349680 0.504264 0.350391
0 0.537846 0.309168 0.529851 0.309168 0.520256 0.313433 0.515458 0.319829 0.513326 0.327647 0.513060 0.337598 0.528785 0.359630 0.533582 0.359630 0.540085 0.357996 0.538806 0.352310 0.535714 0.345771 0.534488 0.335466 0.537313 0.328358 0.545309 0.319829 0.544776 0.314854
0 0.543977 0.321251 0.537313 0.329566 0.535181 0.336034 0.536514 0.345274 0.541045 0.357143 0.555970 0.366738 0.564499 0.368159 0.567697 0.365316 0.570896 0.360341 0.573561 0.351102 0.573561 0.338308 0.569296 0.325515 0.564499 0.319829 0.559168 0.317697 0.550107 0.317697
0 0.533049 0.360341 0.530917 0.362473 0.527719 0.372424 0.529318 0.390192 0.531983 0.398721 0.536780 0.405117 0.549041 0.407249 0.554904 0.404407 0.563966 0.392324 0.565032 0.388770 0.565032 0.376688 0.561834 0.369581 0.541738 0.359275
0 0.593177 0.323454 0.587207 0.330561 0.584701 0.338877 0.584062 0.350675 0.586994 0.359701 0.594350 0.368870 0.604478 0.369581 0.615672 0.373134 0.618870 0.366738 0.621002 0.352523 0.621375 0.339872 0.618337 0.330490 0.616258 0.324805 0.610128 0.320043 0.599041 0.321464
0 0.591684 0.370291 0.589019 0.377399 0.588486 0.395167 0.592751 0.407960 0.597548 0.415778 0.601279 0.417910 0.609808 0.417910 0.615672 0.415068 0.617804 0.412225 0.624200 0.393746 0.624200 0.388060 0.622068 0.381663 0.618337 0.375977 0.606610 0.370291
0 0.557569 0.402274 0.557036 0.411514 0.559168 0.425018 0.563433 0.432836 0.567164 0.434968 0.573028 0.435679 0.582623 0.431414 0.594350 0.422175 0.597015 0.415068 0.590085 0.402274 0.588486 0.396588 0.585288 0.393746 0.566631 0.392324 0.561834 0.395167
0 0.488273 0.397299 0.485608 0.400853 0.482942 0.408671 0.482942 0.415778 0.486674 0.427861 0.490405 0.434257 0.493070 0.435679 0.505597 0.437456 0.513326 0.440654 0.519190 0.434257 0.521855 0.429282 0.522921 0.417910 0.522388 0.413646 0.518657 0.407249 0.499467 0.393746 0.495736 0.393746
0 0.532516 0.406539 0.527719 0.408671 0.523987 0.413646 0.522388 0.422886 0.522388 0.432125 0.525053 0.442075 0.529851 0.451315 0.531983 0.453447 0.537846 0.454158 0.549574 0.446340 0.558635 0.434968 0.559701 0.429282 0.557569 0.419332 0.554904 0.414357 0.545842 0.408671 0.538913 0.406539
0 0.489872 0.437100 0.487740 0.439943 0.485075 0.449183 0.485608 0.462687 0.488806 0.473348 0.493070 0.479744 0.497335 0.482587 0.502132 0.483298 0.507463 0.481876 0.514392 0.474769 0.519190 0.464108 0.521855 0.461265 0.521855 0.459133 0.511727 0.439943 0.500533 0.436389
0 0.467484 0.431414 0.455757 0.439232 0.450426 0.450604 0.451493 0.453447 0.458955 0.454869 0.464286 0.459844 0.469083 0.467662 0.474414 0.483298 0.478678 0.483298 0.482942 0.479744 0.485608 0.472637 0.484542 0.444918 0.478678 0.433547 0.474947 0.431414
0 0.447228 0.455579 0.442431 0.464819 0.439765 0.483298 0.440832 0.492537 0.444030 0.499645 0.450426 0.506041 0.457356 0.508173 0.463753 0.507463 0.469083 0.503909 0.471748 0.498934 0.473881 0.488984 0.473881 0.483298 0.469616 0.468372 0.462687 0.458422 0.458955 0.455579 0.451493 0.454158
0 0.559701 0.434968 0.553305 0.442786 0.551173 0.447761 0.547974 0.464819 0.547974 0.472637 0.549574 0.480455 0.553838 0.488273 0.556503 0.489694 0.568230 0.489694 0.570896 0.488273 0.579957 0.477612 0.585288 0.469083 0.585821 0.464108 0.581557 0.447761 0.577825 0.441365 0.569829 0.435679
0 0.523454 0.459844 0.517591 0.468372 0.514392 0.476190 0.514392 0.481876 0.516525 0.490405 0.518657 0.493959 0.523987 0.496091 0.533049 0.503198 0.541578 0.507463 0.545309 0.508173 0.547974 0.506752 0.551706 0.497512 0.551706 0.488273 0.549041 0.480455 0.545842 0.463397 0.537846 0.454869 0.531450 0.454869
0 0.583156 0.432836 0.582090 0.436389 0.582090 0.449183 0.584222 0.458422 0.589019 0.467662 0.592751 0.468372 0.610874 0.464819 0.615672 0.459133 0.618337 0.452736 0.618870 0.444918 0.613539 0.432836 0.605011 0.426439 0.599147 0.423596 0.594350 0.423596 0.587953 0.427150
0 0.552772 0.497512 0.550107 0.508884 0.550107 0.518834 0.552239 0.527363 0.555437 0.533049 0.566098 0.535181 0.577825 0.534471 0.585288 0.531628 0.591684 0.523810 0.591684 0.519545 0.585288 0.506752 0.569829 0.491827 0.560235 0.490405 0.557036 0.491827
0 0.517591 0.496091 0.509062 0.506752 0.505864 0.517413 0.506930 0.527363 0.508529 0.531628 0.527719 0.555082 0.530917 0.556503 0.538380 0.555082 0.543710 0.549396 0.551173 0.534471 0.551173 0.527363 0.548507 0.515991 0.543710 0.509595 0.538380 0.505330 0.533049 0.503198 0.525586 0.497512
0 0.477079 0.485430 0.474414 0.490405 0.471215 0.501777 0.471215 0.508884 0.473348 0.518834 0.481876 0.532338 0.497335 0.528785 0.503731 0.520256 0.507463 0.511016 0.507463 0.502488 0.505864 0.497512 0.499467 0.488984 0.492004 0.484009 0.481876 0.482587
0 0.452559 0.508884 0.447228 0.512438 0.443497 0.518124 0.438699 0.533760 0.438699 0.541578 0.440299 0.545131 0.447761 0.552239 0.460021 0.555082 0.473881 0.545131 0.478145 0.532338 0.474947 0.522388 0.469083 0.515281 0.461620 0.510306
0 0.407249 0.498934 0.403518 0.513149 0.406716 0.520256 0.413646 0.529495 0.423774 0.532338 0.438166 0.529495 0.441418 0.524520 0.442964 0.520256 0.445096 0.513859 0.443497 0.499645 0.437633 0.489694 0.426439 0.484719 0.420043 0.486141 0.411514 0.492537
0 0.506930 0.533049 0.499467 0.530917 0.491471 0.530917 0.481876 0.533049 0.478145 0.535892 0.475480 0.542289 0.475480 0.550107 0.479744 0.564321 0.484542 0.571429 0.489872 0.575693 0.495736 0.574982 0.504264 0.570007 0.513326 0.557925 0.516525 0.550107 0.516525 0.543710
0 0.549041 0.539446 0.543710 0.551528 0.543177 0.555082 0.544776 0.562189 0.553838 0.564321 0.558102 0.567164 0.566631 0.580668 0.572495 0.579247 0.579424 0.572139 0.581023 0.562189 0.580490 0.553660 0.578358 0.547264 0.573561 0.540156 0.568763 0.537313 0.559701 0.535181 0.553305 0.535892
0 0.537313 0.565743 0.533049 0.570718 0.529318 0.579957 0.529851 0.589908 0.531983 0.595593 0.535181 0.599858 0.547441 0.606965 0.554904 0.608387 0.565725 0.610021 0.565565 0.596304 0.565032 0.580668 0.561834 0.570718 0.551173 0.562900 0.543710 0.562900
0 0.625800 0.527363 0.622068 0.519545 0.614606 0.511727 0.610874 0.510306 0.601812 0.512438 0.594350 0.517413 0.592217 0.521677 0.590618 0.528074 0.591151 0.541578 0.594350 0.546553 0.600213 0.544421 0.611940 0.543710 0.623667 0.547264 0.626866 0.539446
0 0.594350 0.546553 0.590618 0.553660 0.591151 0.570718 0.604478 0.587065 0.611407 0.589908 0.617804 0.586354 0.623667 0.577825 0.625800 0.567164 0.625800 0.558635 0.623134 0.548685 0.613539 0.543710 0.600746 0.543710
0 0.624200 0.502488 0.622601 0.508884 0.623134 0.515991 0.624733 0.521677 0.630597 0.532338 0.635928 0.533049 0.640192 0.530917 0.654584 0.530917 0.658316 0.520967 0.659382 0.511016 0.657783 0.500355 0.655117 0.496091 0.648188 0.492537 0.634328 0.493248 0.629531 0.495380
0 0.625267 0.449183 0.620469 0.458422 0.619403 0.465529 0.619936 0.475480 0.624200 0.486851 0.630064 0.493248 0.647122 0.490405 0.651919 0.484009 0.654584 0.476901 0.654584 0.471215 0.646588 0.454869 0.640192 0.447761 0.628998 0.447761
0 0.467484 0.570718 0.462687 0.579957 0.460554 0.591329 0.462687 0.601990 0.469616 0.613362 0.493603 0.612651 0.498401 0.607676 0.499467 0.589908 0.495203 0.581379 0.484009 0.570718 0.479211 0.567875 0.473348 0.567875
0 0.433369 0.548685 0.427505 0.562189 0.429638 0.583511 0.432836 0.592040 0.438166 0.595593 0.446162 0.595593 0.456290 0.591329 0.461087 0.585643 0.463326 0.577328 0.464286 0.572850 0.462154 0.563611 0.457889 0.557214 0.450800 0.555011 0.439765 0.545842
0 0.426972 0.538735 0.423241 0.533760 0.416311 0.530917 0.406716 0.531628 0.400853 0.533760 0.396588 0.538735 0.394456 0.547264 0.394456 0.565032 0.396055 0.569296 0.399787 0.572850 0.416311 0.574271 0.422175 0.570718 0.426439 0.564321 0.429478 0.556645 0.430704 0.551528 0.430704 0.547974
0 0.373134 0.572850 0.363539 0.572850 0.360341 0.574271 0.354478 0.582800 0.349147 0.595593 0.348614 0.606965 0.349680 0.611230 0.352878 0.617626 0.358742 0.623312 0.367271 0.624733 0.372068 0.622601 0.382196 0.611940 0.388060 0.602701 0.389659 0.597726 0.389659 0.592040 0.384861 0.581379 0.378465 0.574982
0 0.329424 0.532338 0.324627 0.538024 0.321962 0.545131 0.320896 0.554371 0.321962 0.560768 0.325160 0.570007 0.329424 0.576404 0.342217 0.579957 0.348614 0.573561 0.353412 0.565743 0.355544 0.558635 0.355544 0.550107 0.353412 0.545131 0.347548 0.538024 0.334222 0.531628
0 0.321962 0.581379 0.315565 0.589908 0.312900 0.596304 0.312367 0.613362 0.314499 0.619048 0.320896 0.624733 0.327825 0.626155 0.346482 0.622601 0.349680 0.618337 0.349680 0.611940 0.348081 0.606254 0.348614 0.594883 0.346482 0.587775 0.342217 0.581379 0.336354 0.578536 0.328891 0.577825
0 0.316098 0.632552 0.307569 0.628287 0.301173 0.627576 0.295309 0.629709 0.290512 0.636816 0.287313 0.649609 0.286247 0.668799 0.288913 0.674058 0.293177 0.683014 0.299574 0.684435 0.310235 0.680171 0.324627 0.660981 0.325160 0.643923 0.321429 0.637527
0 0.263326 0.668088 0.254797 0.680171 0.254264 0.690121 0.255864 0.695096 0.264925 0.707178 0.271322 0.712154 0.279318 0.714996 0.288380 0.714996 0.290512 0.713575 0.293710 0.706468 0.294776 0.692964 0.293710 0.685146 0.285714 0.666667 0.279851 0.663113 0.270789 0.663113
0 0.335821 0.625444 0.331557 0.629709 0.326226 0.646055 0.326226 0.658138 0.329424 0.668799 0.332090 0.672353 0.341151 0.675906 0.345949 0.676617 0.352878 0.674485 0.357676 0.670931 0.362473 0.663824 0.364072 0.655295 0.362473 0.643213 0.358209 0.633973 0.349680 0.626155 0.343817 0.624023
0 0.401386 0.642502 0.388593 0.643213 0.373134 0.656716 0.368870 0.663824 0.368870 0.673063 0.372601 0.680881 0.384861 0.691542 0.393923 0.692964 0.398721 0.690832 0.405117 0.679460 0.407249 0.665956 0.407249 0.654584 0.406183 0.650320
0 0.376866 0.689410 0.369403 0.693674 0.360874 0.702914 0.357143 0.710021 0.357143 0.721393 0.359275 0.726368 0.369936 0.738451 0.380064 0.744847 0.384861 0.744847 0.397122 0.734186 0.398188 0.723525 0.389126 0.699360 0.382729 0.690832
0 0.412047 0.677328 0.405650 0.681592 0.400320 0.688699 0.396055 0.705046 0.397122 0.716418 0.401919 0.724236 0.406716 0.727079 0.422708 0.727079 0.427505 0.723525 0.431237 0.717839 0.432303 0.712864 0.431770 0.704335 0.429638 0.695807 0.424840 0.685146 0.416311 0.678038
0 0.412047 0.625444 0.409382 0.643923 0.410448 0.647477 0.415245 0.653873 0.427505 0.663113 0.439232 0.667377 0.446695 0.664534 0.449893 0.659559 0.452559 0.649609 0.452559 0.636816 0.449360 0.626155 0.446162 0.621891 0.439765 0.616915 0.425906 0.615494 0.421109 0.616915
0 0.462154 0.621180 0.459488 0.630419 0.460554 0.641080 0.465352 0.648188 0.472281 0.654584 0.482942 0.660270 0.489339 0.660270 0.494670 0.657427 0.499467 0.651741 0.503731 0.631130 0.501066 0.621180 0.496802 0.616205 0.492537 0.614072 0.473881 0.614072 0.468017 0.615494
0 0.461620 0.660270 0.460021 0.663113 0.460021 0.680881 0.469616 0.702203 0.477079 0.707889 0.484009 0.707889 0.489339 0.704335 0.498934 0.687278 0.500533 0.678038 0.498401 0.670220 0.492537 0.664534 0.476013 0.659559
0 0.512793 0.568586 0.509062 0.571429 0.502665 0.581379 0.498934 0.599858 0.498934 0.616205 0.502665 0.621180 0.507996 0.623312 0.529318 0.620469 0.534115 0.613362 0.534648 0.602701 0.529318 0.590618 0.527719 0.579247 0.523454 0.572850 0.518124 0.568586
0 0.511194 0.624733 0.504797 0.631130 0.502132 0.637527 0.501066 0.650320 0.502665 0.655295 0.508529 0.663113 0.518657 0.670931 0.522921 0.672353 0.530917 0.672353 0.533049 0.670931 0.537846 0.654584 0.537846 0.636816 0.535714 0.628998 0.531983 0.624023 0.528252 0.621891 0.520256 0.621891
0 0.539979 0.612651 0.536247 0.621180 0.535714 0.628287 0.538380 0.634684 0.547441 0.647477 0.562367 0.653163 0.566631 0.653163 0.574094 0.643213 0.576759 0.626155 0.575160 0.619758 0.571962 0.615494 0.563966 0.611230 0.545309 0.608387
0 0.549041 0.649609 0.538913 0.658138 0.536780 0.661692 0.534648 0.670220 0.535181 0.685146 0.536247 0.690121 0.541045 0.696517 0.550640 0.699360 0.557569 0.698650 0.562900 0.694385 0.566098 0.685146 0.567697 0.663113 0.565032 0.653873 0.554904 0.649609
0 0.588486 0.571429 0.581023 0.572139 0.576759 0.576404 0.573028 0.584222 0.568230 0.600569 0.569296 0.611940 0.579424 0.623312 0.596482 0.617626 0.599680 0.614072 0.606077 0.601990 0.606077 0.595593 0.604478 0.589908 0.592217 0.573561
0 0.607676 0.620469 0.593284 0.619048 0.581023 0.623312 0.576759 0.630419 0.576226 0.639659 0.577292 0.644634 0.587420 0.658138 0.591684 0.657427 0.599147 0.650320 0.607676 0.647477 0.613006 0.633262 0.611940 0.626866
0 0.997868 0.278607 0.985608 0.299218 0.985075 0.307747 0.987207 0.315565 0.992537 0.324094 1.000000 0.326937 1.000000 0.278607
0 0.569829 0.660270 0.568230 0.662402 0.567697 0.675906 0.565565 0.687278 0.565565 0.695096 0.567164 0.698650 0.570896 0.702914 0.584222 0.704335 0.594989 0.695238 0.592804 0.693248 0.591684 0.690121 0.588486 0.679460 0.587953 0.661692 0.579957 0.658849
0 0.607676 0.648898 0.602665 0.649325 0.596695 0.653163 0.589552 0.659559 0.588326 0.662615 0.589019 0.679247 0.592751 0.692253 0.595416 0.695096 0.607676 0.694385 0.615139 0.692253 0.619403 0.689410 0.621535 0.685856 0.618390 0.669367 0.610981 0.654513
0 0.616738 0.631130 0.613539 0.634684 0.609808 0.642502 0.608742 0.648898 0.618870 0.669510 0.621002 0.680171 0.623667 0.683014 0.633795 0.683014 0.639659 0.675195 0.641258 0.665956 0.641258 0.655295 0.636461 0.635394 0.632196 0.629709 0.621002 0.629709
0 0.628465 0.579957 0.622601 0.579957 0.618870 0.585643 0.610341 0.590618 0.608209 0.595593 0.607143 0.601279 0.607676 0.617626 0.611940 0.626155 0.615672 0.629709 0.631130 0.628998 0.634861 0.626155 0.640725 0.616205 0.641791 0.609808 0.640725 0.596304
0 0.598614 0.695096 0.598081 0.705757 0.599147 0.710021 0.603412 0.716418 0.611940 0.723525 0.622068 0.727790 0.627399 0.727790 0.631130 0.724947 0.639659 0.705757 0.639659 0.698650 0.637527 0.691542 0.634861 0.687278 0.631130 0.685146 0.622601 0.684435 0.616205 0.692253 0.607143 0.695096
0 0.563433 0.708600 0.556503 0.719972 0.555437 0.726368 0.556503 0.737740 0.565032 0.747690 0.572495 0.752665 0.590085 0.752665 0.592751 0.745558 0.592751 0.729211 0.590085 0.720682 0.584755 0.710732 0.581023 0.706468 0.575693 0.704335 0.567697 0.705046
0 0.512793 0.687989 0.498934 0.688699 0.495203 0.692964 0.491471 0.702203 0.487207 0.719972 0.487207 0.729211 0.492004 0.737029 0.497335 0.740583 0.505330 0.742004 0.514392 0.741294 0.520789 0.737029 0.523987 0.731343 0.524520 0.723525 0.521855 0.710021 0.516525 0.693674
0 0.533049 0.738451 0.526119 0.751244 0.526119 0.765458 0.527186 0.769012 0.536247 0.779673 0.544776 0.784648 0.553305 0.786070 0.559701 0.782516 0.564499 0.773987 0.566098 0.767591 0.566098 0.753376 0.563966 0.746979 0.556503 0.739161 0.552772 0.737740 0.537313 0.736318
0 0.372601 0.761905 0.367804 0.756219 0.361940 0.754087 0.356077 0.754797 0.349680 0.758351 0.343817 0.764748 0.339019 0.773276 0.336354 0.783227 0.337420 0.788913 0.341684 0.794598 0.351279 0.799574 0.366205 0.800284 0.370469 0.798152 0.375800 0.790334 0.376866 0.784648 0.376866 0.775409
0 0.388593 0.742004 0.384328 0.747690 0.382729 0.755508 0.382729 0.762615 0.385394 0.772566 0.389659 0.778962 0.394989 0.781095 0.402452 0.781805 0.412047 0.779673 0.417910 0.769723 0.419510 0.763326 0.419510 0.746979 0.417910 0.742715 0.411514 0.737029 0.405650 0.735608 0.396055 0.736318
0 0.228145 0.697228 0.223881 0.701493 0.220682 0.710732 0.219616 0.719261 0.220149 0.737740 0.224414 0.744847 0.227612 0.746979 0.240405 0.747690 0.244136 0.746269 0.258529 0.732054 0.257996 0.720682 0.252665 0.710021 0.244136 0.698650 0.240405 0.696517 0.232942 0.695807
0 0.275586 0.733475 0.271855 0.731343 0.262793 0.732054 0.255864 0.734897 0.248934 0.742004 0.247068 0.744136 0.245256 0.745913 0.244136 0.747690 0.243070 0.749822 0.242004 0.759062 0.243603 0.766880 0.249467 0.774698 0.255864 0.780384 0.267591 0.781805 0.271855 0.778962 0.275586 0.771855 0.280384 0.766880 0.283049 0.756219 0.283049 0.746979 0.281983 0.743426
0 0.234542 0.760483 0.229744 0.757640 0.222814 0.757640 0.213753 0.761905 0.207356 0.767591 0.200959 0.779673 0.199360 0.791045 0.200426 0.796731 0.204158 0.801706 0.212687 0.807392 0.226546 0.805970 0.239872 0.798863 0.244670 0.791045 0.244670 0.781095 0.242004 0.771144
0 0.304904 0.783227 0.298507 0.774698 0.292111 0.769012 0.281983 0.767591 0.278785 0.769723 0.269190 0.783227 0.265991 0.791756 0.263326 0.803838 0.263859 0.813077 0.265991 0.820185 0.275586 0.824449 0.282516 0.824449 0.290512 0.820896 0.297974 0.815210 0.305437 0.805970 0.307569 0.800284 0.307036 0.788202
0 0.295309 0.862829 0.286780 0.861407 0.262793 0.877043 0.261194 0.879886 0.261194 0.888415 0.263326 0.894101 0.267591 0.899787 0.276119 0.906183 0.281450 0.907605 0.287313 0.907605 0.296908 0.896233 0.301173 0.888415 0.300640 0.872779 0.299041 0.867804
0 0.309168 0.883440 0.303305 0.886994 0.289446 0.905473 0.287846 0.914712 0.289979 0.921819 0.294776 0.928216 0.303838 0.933902 0.314499 0.936034 0.317697 0.933902 0.321962 0.926084 0.325160 0.901919 0.325160 0.893390 0.324094 0.887704 0.320896 0.884861
0 0.341684 0.819474 0.336887 0.826581 0.335288 0.833689 0.334755 0.847193 0.336887 0.855011 0.342751 0.862829 0.345949 0.864961 0.359808 0.863539 0.369936 0.855721 0.374733 0.850036 0.375267 0.830135 0.371002 0.822317 0.366738 0.819474 0.358209 0.817342 0.348614 0.816631
0 0.360874 0.866382 0.349147 0.866382 0.335821 0.872068 0.326759 0.882729 0.326759 0.887704 0.335288 0.900498 0.342217 0.906894 0.349147 0.911158 0.361407 0.910448 0.363006 0.907605 0.368870 0.882018 0.366205 0.870647
0 0.342217 0.909026 0.333156 0.913291 0.330490 0.916134 0.320896 0.933191 0.317697 0.943141 0.317697 0.953092 0.319296 0.958067 0.328891 0.966596 0.337420 0.969439 0.343284 0.968728 0.348081 0.965885 0.350213 0.961620 0.350213 0.954513 0.352878 0.941009 0.352878 0.923952 0.350213 0.914712 0.346482 0.914001 0.344883 0.910448
0 0.164712 0.940299 0.160981 0.950959 0.165778 0.963042 0.170043 0.966596 0.184968 0.974414 0.190832 0.975835 0.198827 0.975124 0.203625 0.968728 0.206823 0.956645 0.207356 0.943852 0.206290 0.936745 0.202026 0.929638 0.196695 0.927505 0.182836 0.928927 0.168977 0.935323
0 0.232942 0.985075 0.229211 0.978678 0.225480 0.975835 0.216951 0.974414 0.205757 0.975835 0.200959 0.978678 0.195629 0.985075 0.192431 0.992182 0.191898 1.000000 0.233475 1.000000
0 0.265458 0.996446 0.261194 0.991471 0.254797 0.989339 0.236141 0.997157 0.236141 1.000000 0.265458 1.000000
0 0.303305 0.996446 0.300107 0.992182 0.291578 0.991471 0.284648 0.993603 0.279318 0.997157 0.279318 1.000000 0.303305 1.000000
0 0.303838 0.980810 0.302772 0.985075 0.302772 1.000000 0.340618 1.000000 0.340618 0.997157 0.343284 0.992182 0.343284 0.985785 0.338486 0.970860 0.331023 0.968728 0.321322 0.962544 0.317164 0.962331 0.312900 0.965885 0.308102 0.971571
0 0.290512 0.928927 0.280917 0.934613 0.276119 0.941009 0.273454 0.949538 0.273454 0.963042 0.274520 0.966596 0.279318 0.972281 0.287313 0.975124 0.299574 0.975124 0.310768 0.966596 0.317537 0.959773 0.315032 0.947406 0.310235 0.937456 0.299574 0.933191 0.295309 0.928927
0 0.364606 0.986496 0.361407 0.984364 0.349680 0.986496 0.343817 0.990760 0.341151 0.997157 0.341151 1.000000 0.356770 0.999645 0.360288 0.991827
0 0.359435 0.995096 0.357676 1.000000 0.389126 1.000000 0.388220 0.996944 0.385608 0.991684 0.381876 0.986709 0.377399 0.983653 0.368657 0.984364 0.365085 0.986709 0.362367 0.989481
0 0.359275 0.936034 0.354478 0.941720 0.351279 0.950959 0.350746 0.962331 0.352878 0.970149 0.359275 0.978678 0.366205 0.982942 0.373667 0.982942 0.380597 0.985075 0.384861 0.983653 0.386994 0.977257 0.387527 0.967306 0.392324 0.960910 0.392324 0.955224 0.386994 0.943852 0.378998 0.935323 0.374733 0.933191 0.365139 0.933191
0 0.387527 0.969439 0.386994 0.982942 0.396055 0.997868 0.396055 1.000000 0.421109 1.000000 0.422175 0.994314 0.421215 0.985785 0.414179 0.969439 0.408849 0.963042 0.402985 0.960199 0.396055 0.960199 0.391258 0.962331
0 0.422175 0.953802 0.414712 0.965885 0.415245 0.970860 0.420576 0.983653 0.423134 0.994456 0.423561 0.998579 0.426439 1.000000 0.440832 1.000000 0.443497 0.997868 0.447761 0.991471 0.449360 0.984364 0.448827 0.970860 0.443497 0.953802 0.438166 0.948827 0.430171 0.949538
0 0.392324 0.916134 0.386461 0.923241 0.385394 0.928216 0.385928 0.938166 0.388593 0.946695 0.394989 0.958067 0.406716 0.961620 0.411514 0.965885 0.413646 0.965174 0.418443 0.957356 0.419510 0.950959 0.419456 0.942644 0.416098 0.928785 0.410128 0.917555 0.406716 0.914712 0.399787 0.913291
0 0.385394 0.869225 0.380597 0.869225 0.372068 0.877754 0.366738 0.891969 0.364072 0.903340 0.363539 0.909737 0.366205 0.916134 0.372601 0.922530 0.378465 0.924662 0.382729 0.924662 0.388060 0.918977 0.397122 0.914001 0.400320 0.904762 0.400320 0.896233 0.397122 0.877754 0.392857 0.873490
0 0.450426 0.926084 0.443497 0.934613 0.441898 0.938877 0.441898 0.948827 0.448827 0.967306 0.456823 0.977257 0.465885 0.978678 0.470682 0.976546 0.477612 0.968017 0.481876 0.955935 0.481876 0.944563 0.480810 0.940299 0.475480 0.933191 0.470682 0.929638 0.463220 0.926795
0 0.414712 0.901919 0.411514 0.903340 0.410448 0.905473 0.408849 0.914712 0.416578 0.928145 0.419776 0.942928 0.419989 0.953092 0.424307 0.952381 0.433902 0.948117 0.442431 0.935323 0.444030 0.928216 0.442964 0.917555 0.432303 0.904051 0.424307 0.901208
0 0.431770 0.893390 0.430704 0.899076 0.432303 0.903340 0.444030 0.918266 0.452026 0.924662 0.457356 0.926084 0.465352 0.925373 0.469616 0.918977 0.472814 0.909026 0.473348 0.886994 0.469616 0.880597 0.455224 0.879886 0.444030 0.882729 0.437100 0.886994
0 0.425906 0.855721 0.420576 0.852878 0.412580 0.852878 0.404584 0.864250 0.399254 0.877043 0.399254 0.888415 0.401919 0.899787 0.406716 0.901919 0.413113 0.901919 0.425373 0.899076 0.429638 0.896233 0.437100 0.884151 0.436034 0.872068 0.432303 0.863539
0 0.377932 0.828003 0.376333 0.830135 0.375267 0.838664 0.375267 0.851457 0.383795 0.867093 0.394989 0.874200 0.399254 0.873490 0.407783 0.858564 0.413113 0.852168 0.413646 0.846482 0.411514 0.837953 0.408849 0.833689 0.399787 0.828714 0.389659 0.825871
0 0.444030 0.828003 0.439232 0.830846 0.437633 0.834399 0.437100 0.842217 0.440832 0.865672 0.450959 0.877754 0.455224 0.877754 0.459488 0.874911 0.465885 0.867093 0.471215 0.852168 0.472281 0.840085 0.469616 0.834399 0.461620 0.828714 0.455757 0.827292
0 0.501066 0.841507 0.495203 0.837242 0.487207 0.834399 0.477612 0.835821 0.473348 0.840796 0.469083 0.867804 0.470682 0.878465 0.474414 0.885572 0.477079 0.886994 0.487207 0.885572 0.504264 0.864961 0.506397 0.858564 0.506397 0.850746
0 0.488806 0.986496 0.489339 1.000000 0.526119 1.000000 0.526119 0.986496 0.521322 0.980100 0.509062 0.975124 0.496269 0.975835 0.489872 0.982232
0 0.569829 0.985785 0.563433 0.975835 0.557569 0.971571 0.552772 0.971571 0.531983 0.985785 0.527186 0.991471 0.526119 1.000000 0.571429 1.000000
0 0.580490 0.993603 0.580490 1.000000 0.625800 1.000000 0.624733 0.991471 0.619936 0.984364 0.605704 0.979531 0.590618 0.982232 0.584222 0.985785
0 0.627932 0.977967 0.626333 0.987918 0.629531 1.000000 0.666844 1.000000 0.668977 0.993603 0.668977 0.987918 0.664179 0.970860 0.657783 0.965885 0.648188 0.963753 0.638060 0.965174 0.632729 0.969439
0 0.568230 0.929638 0.567697 0.938166 0.569296 0.950959 0.573028 0.959488 0.578891 0.966596 0.586354 0.970149 0.596482 0.969439 0.600213 0.967306 0.606077 0.960199 0.609808 0.948827 0.609808 0.938877 0.608209 0.933902 0.602345 0.928216 0.590085 0.922530 0.578891 0.922530
0 0.537313 0.904762 0.534648 0.908316 0.531450 0.919687 0.532516 0.940299 0.534115 0.948827 0.538913 0.958067 0.544243 0.959488 0.553305 0.958067 0.566098 0.945984 0.567164 0.941720 0.566631 0.929638 0.563433 0.921109 0.552772 0.906183 0.547974 0.904051
0 0.648721 0.915423 0.640192 0.911158 0.636994 0.911158 0.630064 0.914712 0.623667 0.923952 0.618870 0.936745 0.617804 0.943141 0.618870 0.956645 0.621002 0.961620 0.626866 0.963753 0.638060 0.964463 0.647655 0.960199 0.655117 0.950959 0.657783 0.945274 0.658316 0.934613 0.656183 0.926084
0 0.599680 0.872068 0.594883 0.876333 0.591151 0.882729 0.589339 0.890832 0.587420 0.901919 0.585928 0.914072 0.591684 0.921819 0.596482 0.924662 0.611194 0.925515 0.619936 0.916844 0.622068 0.909026 0.622068 0.903340 0.615672 0.881308 0.610874 0.875622 0.604478 0.872068
0 0.571429 0.872068 0.561301 0.875622 0.556503 0.879886 0.552239 0.888415 0.552239 0.899076 0.555970 0.908316 0.561834 0.916844 0.565032 0.919687 0.573028 0.922530 0.576759 0.921109 0.585288 0.909026 0.587953 0.889126 0.587420 0.882018 0.584222 0.875622
0 0.570362 0.822317 0.560768 0.833689 0.558102 0.844350 0.558635 0.853589 0.563433 0.862118 0.571429 0.870647 0.577825 0.872779 0.587953 0.871357 0.595416 0.862829 0.597015 0.857854 0.595416 0.838664 0.592217 0.832267 0.584755 0.826581 0.576759 0.822317
0 0.601279 0.818763 0.596482 0.830135 0.595949 0.842217 0.598081 0.851457 0.602345 0.856432 0.607676 0.858564 0.623134 0.857854 0.626333 0.856432 0.630064 0.850036 0.635394 0.845771 0.635928 0.840085 0.631663 0.828714 0.622068 0.816631 0.617271 0.813788 0.609808 0.813077
0 0.649254 0.849325 0.633262 0.847903 0.626333 0.857143 0.624200 0.884151 0.626333 0.891969 0.633795 0.900498 0.641258 0.899076 0.647655 0.894101 0.657783 0.874911 0.658849 0.870647 0.658316 0.861407 0.655117 0.854300
0 0.670043 0.868515 0.665778 0.868515 0.659915 0.872779 0.648721 0.894812 0.647655 0.902630 0.648188 0.911158 0.649787 0.915423 0.655117 0.921819 0.661514 0.923952 0.670043 0.923241 0.677505 0.918266 0.682836 0.909737 0.683369 0.898365 0.680704 0.884861 0.678571 0.879886
0 0.704691 0.879176 0.697228 0.880597 0.691365 0.886283 0.684968 0.894812 0.683369 0.904051 0.684435 0.911158 0.691365 0.921819 0.696695 0.926084 0.705757 0.928927 0.712154 0.926795 0.716418 0.920398 0.718017 0.912580 0.719083 0.893390 0.717484 0.888415 0.710021 0.879886
0 0.708422 0.940299 0.705224 0.933191 0.699360 0.927505 0.692964 0.926084 0.686034 0.928927 0.675373 0.936034 0.671109 0.941009 0.667324 0.959133 0.671109 0.962331 0.675906 0.965174 0.691898 0.970149 0.701493 0.970860 0.706290 0.965885 0.709488 0.958067 0.710021 0.948117
0 0.666418 0.959488 0.664712 0.966596 0.665778 0.978678 0.670043 0.992182 0.674840 0.997868 0.677719 0.998294 0.682516 0.998081 0.684968 0.997157 0.693497 0.990760 0.698827 0.984364 0.701972 0.972353 0.683742 0.968088 0.669136 0.962331
0 0.686034 0.997157 0.686034 1.000000 0.714286 1.000000 0.713220 0.994314 0.710021 0.990050 0.705224 0.987207 0.696962 0.989197
0 0.717484 0.996446 0.717484 1.000000 0.738273 1.000000 0.738273 0.997157 0.736674 0.995025 0.729744 0.990760 0.724414 0.990050 0.720149 0.991471
0 0.715352 0.945274 0.711087 0.950249 0.709488 0.955935 0.708955 0.966596 0.711620 0.971571 0.719616 0.980100 0.725480 0.983653 0.736674 0.984364 0.739872 0.982232 0.744136 0.975835 0.746802 0.966596 0.747335 0.953092 0.745203 0.944563 0.737207 0.939588 0.731876 0.939588 0.719616 0.942431
0 0.743070 0.996446 0.743070 1.000000 0.778252 1.000000 0.778252 0.992182 0.776652 0.986496 0.772921 0.981521 0.765991 0.975835 0.759062 0.975124 0.750000 0.980810 0.746269 0.985785
0 0.768497 0.917200 0.764392 0.920753 0.755864 0.928216 0.751066 0.936034 0.748401 0.944563 0.748401 0.950959 0.753198 0.960910 0.759062 0.966596 0.765458 0.968017 0.772921 0.966596 0.776119 0.961620 0.778785 0.953802 0.778785 0.950249 0.775586 0.948117 0.771322 0.939588 0.769190 0.921819
0 0.776119 0.909026 0.771322 0.915423 0.769723 0.920967 0.770629 0.927719 0.771482 0.936389 0.773454 0.945274 0.780384 0.951670 0.786247 0.953092 0.792644 0.952381 0.799041 0.948117 0.803305 0.940299 0.803838 0.928927 0.802239 0.924662 0.794243 0.911869 0.789446 0.906823 0.778252 0.907605
0 0.792111 0.908316 0.793177 0.909950 0.798934 0.918124 0.803838 0.926652 0.804104 0.935394 0.802079 0.945060 0.797974 0.950249 0.802772 0.952381 0.811834 0.952381 0.813966 0.950959 0.817164 0.942431 0.814499 0.928927 0.799574 0.908316
0 0.752665 0.894101 0.747335 0.894812 0.742004 0.899076 0.732409 0.913291 0.731343 0.921819 0.731876 0.928927 0.735075 0.936745 0.739872 0.941009 0.748401 0.942431 0.752665 0.933191 0.759595 0.923952 0.765991 0.919687 0.768657 0.915423 0.767591 0.911158 0.759062 0.899787
0 0.787313 0.872779 0.781983 0.869936 0.766311 0.871784 0.759009 0.877470 0.754797 0.882018 0.755864 0.894101 0.766525 0.909737 0.769190 0.911158 0.772388 0.911158 0.778785 0.906183 0.787846 0.906183 0.792111 0.897655 0.793177 0.884861 0.791578 0.877043
0 0.779318 0.853589 0.774520 0.849325 0.770256 0.849325 0.757463 0.855721 0.753731 0.860697 0.755330 0.877754 0.760128 0.876333 0.765991 0.871357 0.776119 0.870647 0.782516 0.867804 0.782516 0.861407
0 0.744670 0.852168 0.738273 0.851457 0.730277 0.855011 0.725480 0.859986 0.720682 0.871357 0.720149 0.883440 0.721748 0.890547 0.727079 0.898365 0.731343 0.901208 0.736674 0.902630 0.740938 0.899787 0.749467 0.890547 0.754797 0.877754 0.753731 0.867093 0.751066 0.857854
0 0.696695 0.830846 0.691898 0.832978 0.684435 0.840085 0.679104 0.857143 0.682836 0.869225 0.685501 0.873490 0.694030 0.879886 0.704158 0.879176 0.709488 0.875622 0.713220 0.868515 0.714286 0.863539 0.714286 0.848614 0.711620 0.840085 0.708955 0.835821 0.704691 0.832978
0 0.654051 0.817342 0.646588 0.825160 0.650320 0.845771 0.656716 0.854300 0.665778 0.861407 0.671109 0.862118 0.673774 0.860697 0.679104 0.851457 0.682303 0.840796 0.682303 0.831557 0.680704 0.822317 0.678038 0.818053 0.672175 0.814499 0.661514 0.814499
0 0.765458 0.804549 0.755864 0.803838 0.745736 0.813788 0.740938 0.821606 0.739872 0.837242 0.741471 0.842928 0.745203 0.847903 0.753198 0.853589 0.756930 0.854300 0.770256 0.848614 0.773454 0.844350 0.776652 0.835821 0.777719 0.824449 0.776119 0.816631 0.772921 0.810235
0 0.778252 0.839375 0.775586 0.845060 0.775586 0.848614 0.781450 0.857854 0.786780 0.871357 0.794243 0.876333 0.800640 0.876333 0.803838 0.874911 0.807569 0.870647 0.808635 0.856432 0.806503 0.850036 0.799041 0.840796 0.791578 0.835110 0.787313 0.833689 0.783049 0.835110
0 0.826226 0.877754 0.819296 0.878465 0.810235 0.882018 0.801173 0.892679 0.799041 0.897655 0.799041 0.904051 0.801173 0.909026 0.814499 0.926084 0.827292 0.925373 0.833689 0.914001 0.834222 0.901208 0.829957 0.881308
0 0.834222 0.829424 0.829424 0.828003 0.821429 0.829424 0.815565 0.834399 0.809701 0.842217 0.808102 0.845771 0.807569 0.852168 0.809701 0.859986 0.809168 0.869225 0.811834 0.873490 0.818230 0.877043 0.831023 0.876333 0.835288 0.874200 0.844350 0.864250 0.845949 0.857143 0.844883 0.845771 0.840618 0.836532
0 0.841684 0.868515 0.836887 0.873490 0.833156 0.886994 0.833689 0.896233 0.835821 0.905473 0.839019 0.912580 0.841791 0.918337 0.845416 0.919687 0.850746 0.919687 0.855011 0.917555 0.861407 0.908316 0.865672 0.899787 0.866738 0.887704 0.864606 0.880597 0.858209 0.872068 0.850213 0.867804
0 0.837420 0.929638 0.836887 0.936034 0.839552 0.946695 0.842217 0.950959 0.847548 0.953802 0.855544 0.953802 0.861940 0.950959 0.873667 0.939588 0.875800 0.930348 0.875267 0.926795 0.872068 0.924662 0.855011 0.921109 0.841684 0.923241
0 0.834755 0.938166 0.820896 0.937456 0.818230 0.940299 0.815991 0.947050 0.813433 0.952381 0.812367 0.958067 0.813433 0.968728 0.816631 0.976546 0.821962 0.982232 0.826226 0.982232 0.826226 0.969439 0.830490 0.953092 0.836354 0.948827 0.837953 0.945984 0.836887 0.939588
0 0.837420 0.946695 0.831450 0.952736 0.828358 0.962758 0.825160 0.982232 0.828358 0.983653 0.831023 0.987207 0.837420 0.990050 0.846482 0.991471 0.851812 0.987918 0.857676 0.980810 0.859808 0.972992 0.859808 0.960910 0.857676 0.955224 0.844883 0.953163
0 0.877932 0.943141 0.872068 0.941009 0.861940 0.950959 0.859222 0.954371 0.860128 0.958351 0.860448 0.967591 0.858209 0.980810 0.858742 0.982942 0.862473 0.983653 0.874200 0.980810 0.882729 0.973703 0.884328 0.968017 0.883795 0.959488 0.881663 0.949538
0 0.812900 0.997157 0.812900 1.000000 0.846482 1.000000 0.845949 0.995025 0.842217 0.995025 0.840085 0.992182 0.833156 0.989339 0.826759 0.984364 0.820362 0.986496
0 0.887527 0.992893 0.885394 0.984364 0.882196 0.979389 0.880064 0.978678 0.857143 0.985075 0.849147 0.997157 0.849147 1.000000 0.887527 1.000000
0 0.920043 0.963753 0.916418 0.964534 0.904584 0.973703 0.900053 0.975693 0.892058 0.974414 0.886247 0.969012 0.884328 0.969439 0.884328 0.977967 0.889659 0.989339 0.893390 0.993603 0.898188 0.995736 0.904584 0.995736 0.908849 0.993603 0.914712 0.987207 0.920043 0.973703
0 0.916791 0.935181 0.912047 0.931770 0.904051 0.930348 0.889659 0.931770 0.885928 0.933902 0.883795 0.936745 0.881663 0.943852 0.881663 0.952381 0.885928 0.968017 0.893390 0.974414 0.901386 0.975124 0.917910 0.963042 0.920043 0.960199 0.920896 0.947406 0.919776 0.937669
0 0.906183 0.893390 0.898721 0.890547 0.886994 0.891969 0.882729 0.894101 0.877399 0.900498 0.875800 0.906183 0.876333 0.916844 0.878998 0.923952 0.884328 0.932480 0.905117 0.930348 0.908316 0.928216 0.909915 0.921109 0.909915 0.901919 0.908316 0.896233
0 0.916311 0.914001 0.910448 0.923952 0.909915 0.929638 0.920043 0.937456 0.921642 0.943852 0.921642 0.955935 0.929638 0.957356 0.936034 0.955935 0.939765 0.953092 0.945096 0.945984 0.944030 0.928216 0.942431 0.923952 0.938166 0.917555 0.930704 0.912580 0.919510 0.911869
0 0.916311 0.914001 0.910981 0.922530 0.909915 0.930348 0.917377 0.934613 0.920043 0.938166 0.921642 0.946695 0.920896 0.957001 0.922708 0.957356 0.932303 0.957356 0.939765 0.953802 0.945629 0.945274 0.944563 0.930348 0.941365 0.921109 0.938166 0.916844 0.929638 0.911869 0.919510 0.911869
0 0.917910 0.997157 0.917910 1.000000 0.937633 1.000000 0.937633 0.997157 0.928571 0.990050 0.923241 0.990760
0 0.944563 0.953802 0.941365 0.957356 0.939232 0.963753 0.939232 0.977257 0.942964 0.987207 0.950426 0.997868 0.953358 0.999147 0.963486 0.999858 0.967484 0.997868 0.974947 0.985785 0.977079 0.977257 0.977612 0.969439 0.974947 0.959488 0.963753 0.952381 0.950426 0.950959
0 1.000000 0.975835 0.991471 0.974414 0.984009 0.975124 0.980810 0.977257 0.974947 0.986496 0.973881 1.000000 1.000000 1.000000
0 0.986141 0.930348 0.978145 0.937456 0.976013 0.944563 0.974947 0.955935 0.978145 0.965885 0.982942 0.972992 0.994670 0.972992 0.998401 0.968728 0.999840 0.961478 1.000000 0.934613 0.994670 0.931059
0 0.942431 0.908316 0.938166 0.914712 0.944030 0.929638 0.946162 0.946695 0.950959 0.950249 0.964286 0.950959 0.968550 0.945984 0.971215 0.935323 0.971215 0.923952 0.968550 0.914712 0.963753 0.908316 0.960021 0.906894 0.949360 0.906183
0 0.989872 0.882729 0.978145 0.887704 0.972281 0.892679 0.970149 0.896944 0.969616 0.904051 0.973881 0.916844 0.978678 0.924662 0.986141 0.929638 0.994136 0.929638 1.000000 0.926795 1.000000 0.884151
0 0.970149 0.844350 0.963220 0.846482 0.959488 0.849325 0.955224 0.857143 0.954691 0.864961 0.960021 0.884151 0.965885 0.889126 0.971215 0.891258 0.987207 0.881308 0.990938 0.873490 0.990938 0.864961 0.987207 0.856432 0.982942 0.850746 0.974947 0.845060
0 0.938699 0.850036 0.934968 0.855011 0.933902 0.860697 0.933902 0.870647 0.935501 0.877043 0.942964 0.885572 0.950959 0.887704 0.958955 0.886283 0.958316 0.881805 0.956290 0.874343 0.955757 0.868515 0.954691 0.856432 0.943497 0.847193
0 0.951493 0.804549 0.946695 0.810235 0.945096 0.818053 0.946695 0.828003 0.948134 0.832338 0.949893 0.836532 0.958422 0.845060 0.971215 0.842928 0.974947 0.837242 0.978678 0.823738 0.978678 0.812367 0.961620 0.800995 0.957889 0.800995
0 0.924307 0.804549 0.914712 0.810235 0.909382 0.815920 0.906183 0.825160 0.906716 0.832978 0.909915 0.842928 0.915245 0.849325 0.923241 0.853589 0.930704 0.853589 0.936034 0.850036 0.940299 0.842217 0.942964 0.826581 0.942431 0.817342 0.939765 0.808102 0.937633 0.805259
0 0.872601 0.796731 0.865139 0.800995 0.856610 0.810945 0.852878 0.819474 0.852878 0.826581 0.856077 0.835821 0.864606 0.846482 0.872068 0.850036 0.879531 0.850036 0.884861 0.845060 0.887527 0.838664 0.889659 0.823738 0.889659 0.814499 0.884861 0.798152 0.882729 0.796731
0 0.924840 0.762615 0.920576 0.771144 0.918977 0.783227 0.919510 0.794598 0.923241 0.803127 0.939765 0.803838 0.952559 0.800284 0.954691 0.798152 0.955224 0.793888 0.951493 0.781805 0.952559 0.767591 0.946162 0.761905 0.939232 0.759773 0.929104 0.759773
0 0.953092 0.769723 0.952026 0.771855 0.951493 0.782516 0.954158 0.793888 0.966418 0.804549 0.977612 0.810235 0.981343 0.809524 0.984009 0.804549 0.983475 0.796020 0.963220 0.770434 0.960021 0.769012
0 0.994670 0.753376 0.985608 0.756930 0.981343 0.760483 0.977079 0.766169 0.972814 0.778252 0.973881 0.783227 0.982942 0.794598 0.984009 0.799574 0.985608 0.800995 0.996269 0.801706 1.000000 0.800284 1.000000 0.755508
0 0.728145 0.771144 0.724414 0.775409 0.721215 0.784648 0.722814 0.800995 0.726546 0.810945 0.730810 0.816631 0.740405 0.818053 0.749467 0.810945 0.757463 0.800995 0.759595 0.793177 0.759062 0.784648 0.754264 0.775409 0.748401 0.771855
0 0.708422 0.783227 0.700426 0.787491 0.696695 0.791756 0.691898 0.809524 0.692431 0.820896 0.697228 0.828714 0.701493 0.831557 0.707889 0.832978 0.716418 0.832267 0.724947 0.824449 0.727612 0.813788 0.723348 0.804549 0.720149 0.791045 0.712633 0.784932
0 0.673774 0.778962 0.666311 0.786780 0.657249 0.799574 0.656716 0.813077 0.657783 0.814499 0.673241 0.815210 0.676972 0.817342 0.681237 0.824449 0.687633 0.824449 0.691365 0.820185 0.692964 0.803838 0.692431 0.793177 0.690299 0.787491 0.683902 0.779673 0.681237 0.778252
0 0.650853 0.771144 0.646055 0.769012 0.638060 0.769012 0.623667 0.777541 0.618870 0.783227 0.617804 0.786070 0.617804 0.800284 0.622601 0.809524 0.629531 0.815920 0.633262 0.817342 0.641791 0.816631 0.648188 0.810235 0.655650 0.794598 0.655650 0.781095
0 0.581557 0.772566 0.579424 0.776830 0.579424 0.800995 0.583156 0.810235 0.590618 0.817342 0.599680 0.818763 0.606077 0.815210 0.611407 0.809524 0.616205 0.799574 0.616738 0.793888 0.614606 0.783937 0.609808 0.776830 0.603945 0.772566 0.595949 0.770434 0.587420 0.770434
0 0.599680 0.726368 0.594883 0.732765 0.593817 0.736318 0.593284 0.753376 0.595416 0.759062 0.599147 0.764037 0.612473 0.775409 0.620469 0.774698 0.627399 0.765458 0.631130 0.755508 0.631130 0.742004 0.628465 0.735608 0.623134 0.729922 0.616738 0.727079 0.608742 0.725657
0 0.660981 0.715707 0.651386 0.709311 0.643390 0.709311 0.638593 0.712154 0.631663 0.727079 0.630597 0.739872 0.632196 0.742715 0.632729 0.748401 0.636994 0.753376 0.647655 0.753376 0.658849 0.746979 0.662047 0.741294 0.663646 0.734897 0.663646 0.720682
0 0.673774 0.714996 0.669510 0.717129 0.665778 0.723525 0.663113 0.739161 0.659382 0.746979 0.659382 0.754087 0.661514 0.760483 0.664179 0.764037 0.671642 0.767591 0.679104 0.767591 0.683902 0.765458 0.689765 0.759062 0.695629 0.747690 0.696162 0.736318 0.692431 0.727790 0.686567 0.719972 0.680704 0.715707
0 0.699893 0.744136 0.692964 0.751955 0.687100 0.763326 0.687633 0.778962 0.690832 0.784648 0.696162 0.788913 0.708422 0.783227 0.715885 0.786070 0.719563 0.785999 0.722601 0.777967 0.724947 0.773987 0.724947 0.767591 0.723454 0.763611 0.718550 0.750533 0.710554 0.742004 0.703625 0.742004
0 0.723881 0.734186 0.720149 0.743426 0.719616 0.752665 0.725480 0.766169 0.731343 0.769723 0.746802 0.770434 0.756397 0.763326 0.755864 0.749112 0.751066 0.737740 0.745203 0.729922 0.740938 0.727079 0.734542 0.726368 0.727612 0.729922
0 0.779318 0.751244 0.772388 0.751955 0.765991 0.756219 0.759062 0.764748 0.756397 0.773276 0.756930 0.778962 0.761194 0.788202 0.767058 0.794598 0.775053 0.798863 0.785181 0.794598 0.788913 0.789623 0.790512 0.784648 0.789979 0.778962 0.785714 0.766880 0.784115 0.756219 0.781983 0.752665
0 0.797974 0.732765 0.794243 0.734186 0.786780 0.746269 0.784648 0.753376 0.785075 0.762260 0.791045 0.781095 0.803305 0.785359 0.809168 0.778962 0.812367 0.762615 0.812900 0.749822 0.808635 0.735608
0 0.803305 0.787491 0.795309 0.783937 0.791578 0.784648 0.785181 0.793888 0.776119 0.799574 0.775586 0.811656 0.781450 0.829424 0.797441 0.830135 0.801173 0.828714 0.807036 0.821606 0.809701 0.815210 0.810768 0.804549 0.809168 0.796731
0 0.821429 0.756219 0.816631 0.761905 0.815565 0.766169 0.816098 0.780384 0.820896 0.794598 0.825160 0.799574 0.829424 0.801706 0.838486 0.801706 0.848614 0.795309 0.852345 0.788913 0.852878 0.777541 0.850746 0.770434 0.845416 0.761905 0.835288 0.753376 0.828358 0.753376
0 0.902985 0.741294 0.899254 0.741294 0.894989 0.746269 0.890192 0.756930 0.884861 0.774698 0.884861 0.786070 0.891258 0.794598 0.906183 0.794598 0.912580 0.791045 0.917910 0.784648 0.918443 0.773276 0.914179 0.756930 0.907783 0.745558
0 0.870469 0.728500 0.865672 0.731343 0.864606 0.746269 0.858209 0.758351 0.860341 0.768301 0.868870 0.778252 0.876333 0.778962 0.881663 0.774698 0.887527 0.764748 0.891258 0.754797 0.891791 0.745558 0.890192 0.739872 0.884328 0.732054 0.876866 0.728500
0 0.856077 0.708600 0.851279 0.708600 0.844350 0.714286 0.841151 0.719261 0.835821 0.734897 0.836887 0.751244 0.839019 0.755508 0.844883 0.760483 0.851279 0.760483 0.857676 0.757640 0.864232 0.746340 0.864765 0.740796 0.865672 0.732054 0.860341 0.712864
0 0.928038 0.710732 0.915245 0.714286 0.907783 0.721393 0.904051 0.729922 0.904051 0.738451 0.915245 0.754087 0.919510 0.758351 0.923241 0.759773 0.931770 0.757640 0.939232 0.744847 0.939232 0.737740 0.936567 0.720682 0.932303 0.712864
0 0.948294 0.732765 0.944030 0.740583 0.944030 0.752665 0.946162 0.760483 0.954691 0.769012 0.959488 0.769012 0.965885 0.772566 0.970149 0.770434 0.976013 0.757640 0.978678 0.746269 0.978678 0.736318 0.976546 0.729211 0.972281 0.726368 0.962687 0.726368 0.955224 0.728500
0 1.000000 0.715707 0.993603 0.715707 0.985608 0.719972 0.980277 0.726368 0.978678 0.730633 0.978678 0.743426 0.979744 0.747690 0.986141 0.756219 0.992537 0.754087 1.000000 0.754797
0 0.818763 0.686567 0.814499 0.689410 0.810768 0.695096 0.811301 0.716418 0.815032 0.726368 0.819296 0.732765 0.825160 0.737029 0.829424 0.737029 0.836354 0.730633 0.842751 0.711443 0.843284 0.696517 0.838486 0.688699 0.834755 0.686567 0.826759 0.685146
0 0.777719 0.685856 0.773987 0.694385 0.773987 0.706468 0.777719 0.719972 0.781983 0.725657 0.785714 0.727790 0.799041 0.728500 0.802772 0.726368 0.809168 0.716418 0.810235 0.694385 0.808635 0.689410 0.795309 0.680171 0.788380 0.680171
0 0.759595 0.689410 0.752665 0.692964 0.744670 0.704335 0.741471 0.710732 0.740938 0.724236 0.742004 0.727079 0.747868 0.732054 0.754797 0.741294 0.759062 0.743426 0.767058 0.744136 0.771855 0.741294 0.775053 0.737029 0.776652 0.720682 0.772921 0.697939 0.770789 0.692253 0.768657 0.689410
0 0.910981 0.661692 0.902452 0.666667 0.894456 0.676617 0.892324 0.682303 0.891791 0.692253 0.893923 0.698650 0.902985 0.708600 0.910448 0.712154 0.918977 0.711443 0.923774 0.709311 0.926972 0.700782 0.925906 0.677328 0.923774 0.670220 0.919510 0.663824
0 0.958955 0.662402 0.954691 0.658849 0.950426 0.658138 0.931237 0.672353 0.927505 0.678749 0.927505 0.696517 0.929104 0.700782 0.932836 0.704335 0.942964 0.707889 0.954158 0.707178 0.959488 0.704335 0.963220 0.697228 0.963753 0.679460 0.962154 0.669510
0 0.965352 0.676617 0.964286 0.682303 0.964286 0.699360 0.966418 0.705046 0.972281 0.711443 0.979744 0.712154 0.985608 0.710732 0.995203 0.704335 0.998401 0.699360 1.000000 0.695593 0.999467 0.681450 0.998401 0.677328 0.995203 0.673063 0.982409 0.669510 0.972814 0.669510 0.968550 0.671642
0 0.701493 0.695096 0.696162 0.700071 0.694030 0.705757 0.691365 0.722104 0.694030 0.730633 0.699893 0.738451 0.703625 0.740583 0.711620 0.739872 0.721215 0.728500 0.724414 0.717839 0.724414 0.708600 0.717484 0.697228 0.713220 0.695096
0 0.654051 0.651031 0.644989 0.657427 0.641791 0.664534 0.641258 0.675195 0.642857 0.685146 0.645522 0.692253 0.650320 0.697939 0.657249 0.700071 0.667377 0.698650 0.673774 0.691542 0.678038 0.681592 0.679638 0.672353 0.679104 0.660981 0.674307 0.653163 0.668443 0.650320
0 0.666311 0.608387 0.661514 0.606254 0.654051 0.606965 0.641791 0.621891 0.636994 0.631841 0.639126 0.646055 0.641791 0.650320 0.647122 0.653163 0.656183 0.650320 0.670576 0.648898 0.672175 0.646766 0.675373 0.624023 0.672175 0.616205
0 0.684435 0.620469 0.680171 0.623312 0.674307 0.632552 0.673241 0.643923 0.675373 0.652452 0.688699 0.673063 0.691898 0.674485 0.701493 0.673063 0.712687 0.659559 0.713220 0.647477 0.712154 0.641791 0.706823 0.630419 0.699360 0.621180 0.697228 0.619758
0 0.694030 0.578536 0.681770 0.578536 0.676972 0.579957 0.670576 0.584932 0.666311 0.592040 0.665245 0.595593 0.665778 0.603412 0.671642 0.616205 0.677505 0.624733 0.684435 0.620469 0.697761 0.619048 0.698827 0.616915 0.700959 0.604833 0.700426 0.589908 0.698294 0.582800
0 0.720149 0.665956 0.715352 0.673063 0.714286 0.678749 0.715352 0.685856 0.719083 0.696517 0.724947 0.706468 0.731343 0.712154 0.739872 0.711443 0.751599 0.692253 0.752132 0.682303 0.751066 0.678749 0.744670 0.670931 0.728145 0.665245
0 0.715885 0.641080 0.713753 0.646766 0.713753 0.654584 0.715352 0.658849 0.721215 0.664534 0.729211 0.665245 0.738806 0.668799 0.744670 0.668799 0.749467 0.660270 0.748401 0.651741 0.746269 0.648898 0.735075 0.643923 0.727079 0.636816 0.720149 0.636816
0 0.742537 0.597015 0.727612 0.605544 0.723348 0.618337 0.723348 0.626155 0.726546 0.635394 0.732409 0.641791 0.739872 0.646055 0.747335 0.646766 0.751599 0.644634 0.754264 0.641080 0.757463 0.633262 0.757996 0.621891 0.754797 0.603412 0.748934 0.597726
0 0.715352 0.566453 0.706290 0.572139 0.703092 0.578536 0.700959 0.588486 0.700959 0.599147 0.703625 0.609097 0.708422 0.615494 0.711620 0.616915 0.721748 0.616915 0.724414 0.615494 0.726013 0.609097 0.729211 0.604833 0.732409 0.604122 0.737740 0.599147 0.737740 0.590618 0.735608 0.581379 0.731876 0.574271 0.723881 0.567164
0 0.802772 0.658849 0.796375 0.646055 0.787473 0.646055 0.782249 0.647122 0.777719 0.651031 0.767697 0.666453 0.764925 0.672353 0.765458 0.679460 0.771322 0.683724 0.779318 0.684435 0.785714 0.680881 0.799041 0.678749 0.803305 0.673063 0.803838 0.665956
0 0.799041 0.628998 0.791578 0.621891 0.788380 0.621891 0.771855 0.631841 0.763326 0.631130 0.757996 0.634684 0.755864 0.637527 0.754797 0.645345 0.759595 0.661692 0.763326 0.667377 0.767058 0.667377 0.771855 0.658138 0.779851 0.648188 0.787313 0.644634 0.796269 0.644989 0.799041 0.643923
0 0.756930 0.603412 0.756930 0.619758 0.758529 0.624733 0.763326 0.629709 0.771855 0.631130 0.787846 0.621891 0.791045 0.617626 0.794243 0.606965 0.792111 0.601990 0.772921 0.591329 0.763859 0.592751 0.759595 0.597726
0 0.764925 0.560768 0.761727 0.567875 0.762793 0.584932 0.764925 0.589908 0.776652 0.592751 0.786247 0.598436 0.789979 0.598436 0.793177 0.595593 0.794776 0.592040 0.795842 0.580668 0.797974 0.572850 0.797441 0.562189 0.793710 0.555082 0.784115 0.551528 0.778785 0.551528 0.772921 0.553660
0 0.810235 0.563611 0.801173 0.568586 0.796908 0.574982 0.794776 0.601279 0.797441 0.606965 0.802772 0.613362 0.812900 0.616205 0.817697 0.614072 0.827825 0.598436 0.829957 0.592751 0.830490 0.584222 0.827825 0.574271 0.824094 0.569296 0.817164 0.564321
0 0.818763 0.640370 0.810235 0.642502 0.805970 0.648188 0.803305 0.656006 0.803838 0.675195 0.812900 0.688699 0.819829 0.686567 0.826226 0.681592 0.828358 0.661692 0.830437 0.652523 0.831557 0.648188
0 0.838486 0.594172 0.828358 0.598436 0.816631 0.616915 0.815565 0.633262 0.817164 0.638237 0.819296 0.641080 0.829424 0.646766 0.834755 0.646766 0.844350 0.638948 0.845949 0.624023 0.850213 0.612651 0.850746 0.606254 0.842751 0.596304
0 0.868870 0.601279 0.865139 0.600569 0.854478 0.604122 0.850746 0.609808 0.845949 0.623312 0.844883 0.629709 0.845949 0.639659 0.851279 0.646766 0.857143 0.651741 0.869403 0.651741 0.874733 0.646766 0.877399 0.639659 0.877932 0.632552 0.875800 0.611940 0.872601 0.604122
0 0.834275 0.647832 0.832090 0.650320 0.830011 0.657001 0.826759 0.676617 0.828358 0.681592 0.837420 0.688699 0.844883 0.692253 0.852878 0.692253 0.864339 0.684151 0.864606 0.680881 0.863006 0.668088 0.855011 0.651031 0.850213 0.644634 0.846482 0.642502 0.841151 0.642502
0 0.864072 0.653163 0.857676 0.654442 0.862313 0.664534 0.865565 0.683085 0.859382 0.688628 0.854478 0.690832 0.854478 0.695807 0.858209 0.700782 0.864606 0.704335 0.869403 0.705046 0.877399 0.700071 0.879531 0.695807 0.881130 0.684435 0.874200 0.662402 0.871002 0.657427 0.866205 0.653163
0 0.898188 0.627576 0.893390 0.626155 0.888593 0.626866 0.884328 0.630419 0.881130 0.637527 0.877399 0.656716 0.877399 0.663824 0.880597 0.673774 0.882196 0.675195 0.892857 0.675195 0.912047 0.659559 0.912580 0.647477 0.910981 0.642502 0.905117 0.633262
0 0.929638 0.628998 0.919510 0.633973 0.917910 0.636105 0.916844 0.651031 0.919510 0.661692 0.923774 0.668088 0.927505 0.670931 0.932303 0.670931 0.941365 0.663113 0.946162 0.660981 0.949893 0.656716 0.952026 0.650320 0.952026 0.641080 0.948827 0.636105 0.941898 0.634684 0.932303 0.628998
0 0.921109 0.588486 0.914712 0.587775 0.909915 0.589908 0.905650 0.594883 0.901919 0.604122 0.900320 0.611940 0.900320 0.625444 0.908316 0.636105 0.916844 0.636105 0.922175 0.633262 0.928571 0.627576 0.931770 0.620469 0.932836 0.610519 0.932303 0.602701 0.925906 0.592040
0 0.896588 0.563611 0.886461 0.563611 0.880064 0.566453 0.872068 0.574271 0.870469 0.579957 0.871535 0.590618 0.881130 0.604122 0.888593 0.610519 0.892857 0.609097 0.896055 0.604833 0.903518 0.599858 0.906716 0.593461 0.907249 0.585643 0.905650 0.574271 0.900853 0.567164
0 0.844883 0.554371 0.838486 0.561478 0.834755 0.569296 0.834755 0.584932 0.840085 0.594883 0.848081 0.601279 0.852878 0.602701 0.861940 0.601279 0.865672 0.597726 0.868870 0.591329 0.869403 0.574982 0.868337 0.568586 0.866205 0.562900 0.858209 0.554371
0 0.933369 0.606965 0.931237 0.623312 0.932303 0.627576 0.935501 0.631130 0.942431 0.634684 0.953625 0.636105 0.960021 0.634684 0.967484 0.626866 0.969616 0.611230 0.966951 0.608387 0.952559 0.601990 0.939232 0.601990 0.934435 0.604833
0 1.000000 0.629709 0.997335 0.629709 0.988273 0.637527 0.981876 0.648188 0.980277 0.656716 0.981876 0.667377 0.984009 0.669510 0.996269 0.671642 0.998401 0.668088 0.999627 0.660199
0 0.992004 0.608387 0.987740 0.606965 0.975480 0.608387 0.969083 0.617626 0.967484 0.626155 0.961087 0.633973 0.959915 0.643923 0.964819 0.648898 0.970682 0.652452 0.979211 0.653163 0.991471 0.634684 0.997868 0.629709 0.999893 0.626724 0.999627 0.623099 0.997868 0.619758 0.996802 0.614783
0 1.000000 0.560057 0.995203 0.558635 0.990405 0.559346 0.975480 0.570007 0.972814 0.576404 0.972814 0.581379 0.969616 0.594883 0.972281 0.601990 0.977612 0.606965 0.990938 0.606965 1.000000 0.602701
0 0.934968 0.573561 0.933529 0.589908 0.938166 0.599858 0.941365 0.601990 0.946695 0.601990 0.962687 0.596304 0.969616 0.589908 0.972281 0.581379 0.972281 0.574982 0.963220 0.567875 0.947761 0.560057 0.942964 0.560768 0.939232 0.564321
0 0.927505 0.526652 0.920043 0.525942 0.915245 0.527363 0.905650 0.535181 0.902452 0.543710 0.901919 0.555792 0.903518 0.562900 0.907249 0.570718 0.914712 0.574271 0.927505 0.572850 0.932303 0.568586 0.936034 0.560768 0.937633 0.552239 0.937100 0.539446 0.934435 0.533049
0 0.897655 0.528785 0.893923 0.523810 0.888593 0.520256 0.883262 0.520256 0.879531 0.522388 0.873134 0.530206 0.864606 0.537313 0.861407 0.545131 0.862473 0.554371 0.868337 0.560768 0.878998 0.564321 0.885394 0.564321 0.896055 0.561478 0.899254 0.557214 0.900853 0.550817 0.900853 0.541578
0 0.974947 0.512438 0.969083 0.513149 0.963220 0.516702 0.956823 0.528074 0.954158 0.538735 0.954691 0.547974 0.957889 0.557214 0.962687 0.561478 0.970682 0.562189 0.976546 0.560057 0.981343 0.556503 0.986674 0.549396 0.988273 0.545131 0.988806 0.532338 0.986141 0.523099 0.981343 0.516702
0 0.998081 0.516986 0.991471 0.531628 0.990405 0.544421 0.992537 0.551528 1.000000 0.554371 1.000000 0.514570
0 0.995736 0.464819 0.990938 0.466240 0.977612 0.476901 0.974414 0.481166 0.972814 0.486141 0.973348 0.492537 0.978145 0.503909 0.986141 0.513859 0.989339 0.515281 0.995203 0.515281 1.000000 0.512438 1.000000 0.466240
0 0.939765 0.493248 0.933902 0.498223 0.931237 0.508884 0.931770 0.518834 0.936567 0.532338 0.938699 0.535181 0.944030 0.538735 0.952026 0.538735 0.954691 0.535181 0.960021 0.520256 0.966418 0.513149 0.967484 0.508173 0.966418 0.502488 0.963220 0.496802 0.949360 0.491827
0 0.911514 0.461265 0.906716 0.466240 0.905650 0.477612 0.912047 0.506041 0.915245 0.513859 0.920576 0.518834 0.924307 0.519545 0.931237 0.517413 0.930171 0.508031 0.933902 0.497512 0.935501 0.495380 0.946535 0.490974 0.945629 0.484719 0.941365 0.478323 0.935501 0.474769 0.928038 0.465529 0.920043 0.461265
0 0.888593 0.464108 0.880597 0.465529 0.876333 0.471215 0.874733 0.481876 0.883795 0.491827 0.883422 0.496802 0.880064 0.512438 0.880597 0.518124 0.884861 0.518124 0.896588 0.508173 0.906183 0.494670 0.907249 0.490405 0.906716 0.481166 0.897655 0.470505
0 0.873134 0.481876 0.861407 0.486141 0.852878 0.491827 0.848614 0.496802 0.847015 0.501777 0.847015 0.509595 0.849680 0.517413 0.858209 0.528785 0.864606 0.532338 0.867804 0.532338 0.873134 0.528785 0.878465 0.518124 0.881130 0.509595 0.882729 0.491827 0.880064 0.487562
0 0.828358 0.454158 0.814499 0.471215 0.814499 0.475480 0.818763 0.486851 0.825693 0.498223 0.834755 0.499645 0.840618 0.494670 0.845416 0.486851 0.848614 0.477612 0.849147 0.469083 0.846482 0.459844 0.842751 0.455579
0 0.857143 0.426439 0.847548 0.434257 0.845949 0.444208 0.847548 0.459133 0.849680 0.466240 0.853412 0.471215 0.856610 0.472637 0.864072 0.471926 0.873134 0.466240 0.881663 0.457711 0.883795 0.451315 0.883795 0.443497 0.881663 0.435679 0.878998 0.434257 0.875800 0.429282
0 0.828358 0.517413 0.820362 0.520967 0.811301 0.533760 0.805970 0.545131 0.805437 0.551528 0.809701 0.562189 0.814499 0.562900 0.827292 0.570007 0.830490 0.570007 0.834222 0.567875 0.839552 0.558635 0.841151 0.548685 0.841151 0.538735 0.839019 0.528785 0.834755 0.519545
0 0.790085 0.504122 0.781983 0.507463 0.778785 0.512438 0.778252 0.520967 0.779851 0.540867 0.783049 0.550107 0.786247 0.552239 0.795309 0.553660 0.800640 0.550107 0.803838 0.544421 0.805437 0.533760 0.804904 0.516702 0.803305 0.511727 0.798507 0.505330
0 0.773454 0.505330 0.765458 0.506041 0.759062 0.511016 0.755864 0.516702 0.753731 0.525231 0.753198 0.535892 0.754797 0.547264 0.763326 0.560768 0.767591 0.559346 0.773987 0.552239 0.780917 0.549396 0.778252 0.528927 0.777612 0.523312 0.777559 0.516489 0.778625 0.511016 0.777719 0.507463
0 0.807036 0.475480 0.802772 0.472637 0.795309 0.463397 0.789979 0.462687 0.778785 0.465529 0.775053 0.467662 0.769190 0.477612 0.769190 0.493248 0.773454 0.503198 0.778785 0.507463 0.789446 0.503909 0.797601 0.504051 0.805970 0.490405
0 0.818763 0.429282 0.809701 0.427363 0.805544 0.431343 0.801173 0.434257 0.797974 0.438522 0.794776 0.456290 0.796375 0.464108 0.799041 0.468372 0.809115 0.474485 0.817697 0.466240 0.827186 0.453092 0.828358 0.450604 0.829531 0.442004 0.823028 0.432836
0 0.764392 0.423596 0.760128 0.433547 0.759595 0.444208 0.766525 0.458422 0.775053 0.464819 0.788913 0.462687 0.793710 0.458422 0.795842 0.444208 0.795842 0.437100 0.793710 0.432836 0.785714 0.427150 0.779851 0.419332 0.775586 0.416489 0.768124 0.420043
0 0.744136 0.441365 0.740405 0.444208 0.734542 0.452026 0.732942 0.456290 0.731343 0.465529 0.732409 0.476901 0.735608 0.484009 0.740405 0.490405 0.746269 0.492537 0.756397 0.492537 0.759595 0.491116 0.763326 0.486851 0.768124 0.477612 0.768124 0.472637 0.765458 0.466240 0.764392 0.455579 0.755330 0.443497
0 0.752665 0.493959 0.743070 0.492537 0.729744 0.498223 0.724414 0.503909 0.719616 0.512438 0.719616 0.520967 0.722281 0.528074 0.731876 0.540867 0.737207 0.543710 0.742537 0.543710 0.745736 0.542289 0.750533 0.536603 0.757463 0.511016 0.756397 0.500355
0 0.714286 0.518834 0.708422 0.518834 0.700426 0.524520 0.697761 0.530917 0.699360 0.559346 0.701493 0.565032 0.705224 0.569296 0.722281 0.565743 0.729744 0.557925 0.731343 0.552950 0.730810 0.540867 0.720149 0.523810
0 0.698827 0.469083 0.691098 0.483085 0.691898 0.492537 0.696162 0.500355 0.703092 0.508173 0.712154 0.511727 0.720682 0.510306 0.722281 0.506041 0.726546 0.501066 0.728145 0.492537 0.728145 0.486851 0.724947 0.474058 0.705224 0.470505 0.701493 0.468372
0 0.689765 0.533049 0.683369 0.532338 0.671642 0.534471 0.667910 0.536603 0.663113 0.542999 0.664712 0.560057 0.669510 0.574271 0.673241 0.577825 0.678571 0.579247 0.692431 0.577114 0.695629 0.572850 0.698827 0.565032 0.697228 0.542999 0.695629 0.538735
0 0.650320 0.552239 0.642324 0.557214 0.633262 0.567875 0.631130 0.581379 0.639659 0.594172 0.643390 0.597015 0.649254 0.599147 0.655650 0.599147 0.665245 0.592040 0.667910 0.584932 0.668977 0.573561 0.666844 0.565032 0.663113 0.557214 0.658316 0.552950
0 0.657249 0.534471 0.653518 0.531628 0.640192 0.531628 0.634861 0.533049 0.631130 0.536603 0.626866 0.543710 0.625800 0.548685 0.626333 0.555082 0.629531 0.566453 0.630597 0.567875 0.634861 0.567164 0.643657 0.554513 0.652719 0.550817 0.662580 0.554016 0.662047 0.545842
0 0.698294 0.507463 0.692964 0.496091 0.689765 0.493248 0.686567 0.493248 0.677505 0.501777 0.665778 0.504620 0.660981 0.517413 0.659915 0.523810 0.660448 0.528785 0.670043 0.533760 0.691898 0.530917 0.698827 0.523810 0.699360 0.515991
0 0.689765 0.476190 0.684968 0.469083 0.678038 0.463397 0.672708 0.464108 0.659382 0.471215 0.656183 0.475480 0.654051 0.481876 0.654584 0.490405 0.656716 0.496091 0.661514 0.501066 0.664712 0.502488 0.677505 0.501777 0.689232 0.489694 0.690832 0.481876
0 0.692431 0.448472 0.692964 0.461265 0.699893 0.468372 0.711620 0.471926 0.724947 0.473348 0.730277 0.467662 0.729744 0.462687 0.726013 0.456290 0.716418 0.447050 0.705224 0.440654 0.697228 0.441365 0.694030 0.444208
0 0.647122 0.429282 0.644989 0.437811 0.644989 0.448472 0.647655 0.457001 0.652985 0.466951 0.659382 0.469794 0.668977 0.466240 0.678038 0.459133 0.680704 0.451315 0.680704 0.437811 0.675906 0.429282 0.664712 0.423596 0.655117 0.422886 0.650853 0.424307
0 0.626866 0.393035 0.623134 0.396588 0.617271 0.413646 0.615139 0.429282 0.615672 0.435679 0.617271 0.439943 0.623134 0.447050 0.641258 0.446340 0.648188 0.425018 0.646588 0.410803 0.643923 0.402274 0.639659 0.395167 0.634328 0.392324
0 0.683902 0.399431 0.678038 0.404407 0.668443 0.418621 0.664072 0.422886 0.674307 0.427150 0.681343 0.436887 0.681770 0.449893 0.687100 0.450604 0.691898 0.448472 0.697228 0.441365 0.705224 0.439232 0.710021 0.430704 0.710554 0.422886 0.708955 0.417910 0.697228 0.411514 0.687100 0.399431
0 0.679638 0.388060 0.669403 0.378820 0.665245 0.378820 0.656716 0.390903 0.650320 0.395167 0.646588 0.402985 0.646588 0.409382 0.650853 0.420753 0.652985 0.422175 0.664712 0.422175 0.667377 0.420753 0.680171 0.400142 0.681770 0.393035
0 0.686567 0.384506 0.681930 0.387207 0.686567 0.398721 0.697228 0.411514 0.709488 0.417910 0.715352 0.415068 0.719083 0.410092 0.721215 0.398721 0.720682 0.392324 0.719083 0.388060 0.712687 0.380952 0.698827 0.378109 0.691898 0.380952
0 0.691365 0.343994 0.681237 0.343284 0.678038 0.344705 0.673774 0.352523 0.667910 0.368159 0.667910 0.378109 0.673241 0.380952 0.681237 0.388770 0.686567 0.383795 0.702026 0.377399 0.704691 0.374556 0.704158 0.365316 0.701493 0.358209 0.693497 0.345416
0 0.626866 0.343284 0.621535 0.351812 0.618870 0.369581 0.619403 0.377399 0.626866 0.392324 0.635394 0.392324 0.641258 0.395167 0.648188 0.392324 0.652452 0.384506 0.652452 0.374556 0.649254 0.363184 0.638593 0.345416 0.631663 0.341222
0 0.640725 0.321962 0.638593 0.325515 0.638060 0.342573 0.643923 0.355366 0.649787 0.365316 0.654051 0.369581 0.658849 0.370291 0.666311 0.368159 0.669510 0.363895 0.675906 0.346837 0.676439 0.340441 0.673241 0.328358 0.670043 0.325515 0.667377 0.326937 0.659382 0.327079 0.648134 0.321393
0 0.644190 0.285004 0.638593 0.297797 0.638593 0.311301 0.642857 0.320540 0.648348 0.320896 0.659382 0.326937 0.666311 0.326937 0.672175 0.323383 0.673774 0.316276 0.672175 0.304193 0.666311 0.294243 0.661514 0.289268 0.655117 0.285714
0 0.681237 0.289268 0.676333 0.294812 0.673774 0.309168 0.673774 0.320540 0.677505 0.339730 0.680171 0.342573 0.693497 0.342573 0.700959 0.336887 0.705224 0.331201 0.707889 0.323383 0.707356 0.315565 0.702026 0.302772 0.693497 0.291400
0 0.717484 0.256574 0.715352 0.262260 0.715352 0.268657 0.720149 0.285714 0.728145 0.295665 0.735608 0.299218 0.740405 0.297086 0.745736 0.289268 0.746802 0.285004 0.745736 0.267946 0.742004 0.259417 0.738273 0.255864 0.730277 0.253731 0.721748 0.254442
0 0.740405 0.301350 0.724947 0.296375 0.716418 0.297797 0.712687 0.300640 0.709488 0.312011 0.710021 0.326937 0.712687 0.335466 0.720149 0.347548 0.724947 0.348259 0.730810 0.346127 0.733475 0.339019 0.738806 0.331201 0.747335 0.326226 0.747335 0.309879
0 0.723348 0.349680 0.716951 0.355366 0.710928 0.364534 0.711247 0.375124 0.722814 0.393746 0.727079 0.398721 0.738273 0.398721 0.740405 0.396588 0.744136 0.388060 0.745203 0.377399 0.737740 0.368870 0.735874 0.364534 0.732889 0.348685 0.727079 0.348259
0 0.739872 0.330490 0.735608 0.335466 0.732942 0.341151 0.732942 0.348259 0.736301 0.365103 0.737953 0.368728 0.746855 0.379104 0.761141 0.378109 0.761994 0.376475 0.762260 0.366027 0.762260 0.353234 0.760128 0.343284 0.754797 0.330490 0.748401 0.327647
0 0.760128 0.380242 0.754264 0.379531 0.748401 0.383085 0.744136 0.390903 0.742004 0.398010 0.739925 0.405473 0.745043 0.414357 0.747868 0.423596 0.750533 0.427861 0.760128 0.426439 0.768657 0.418621 0.773987 0.415778 0.776119 0.412225 0.776652 0.403696 0.771855 0.392324 0.764392 0.382374
0 0.738273 0.405117 0.730810 0.405117 0.721748 0.407960 0.712154 0.420043 0.711620 0.431414 0.714819 0.442075 0.717484 0.447761 0.723881 0.454869 0.727612 0.456290 0.732942 0.454869 0.744670 0.438522 0.747868 0.430704 0.747868 0.422886 0.746269 0.416489 0.740405 0.406539
0 0.779264 0.399929 0.777719 0.404407 0.776386 0.413930 0.784648 0.425729 0.798507 0.434257 0.803785 0.432125 0.809701 0.427150 0.812367 0.417910 0.812367 0.407960 0.810128 0.400498 0.798188 0.393461 0.786247 0.394812
0 0.764392 0.354655 0.763326 0.358920 0.763326 0.372424 0.766525 0.383085 0.775053 0.397299 0.779318 0.398721 0.786247 0.394456 0.794776 0.393035 0.797441 0.390192 0.801706 0.378820 0.801173 0.368870 0.785181 0.347548 0.782516 0.345416 0.775053 0.345416 0.769190 0.348969
0 0.812900 0.319829 0.805437 0.319119 0.791578 0.322672 0.783582 0.331201 0.782516 0.335466 0.783582 0.346127 0.802239 0.368870 0.807569 0.368870 0.812367 0.365316 0.819296 0.348969 0.819829 0.339730 0.818763 0.329780 0.817164 0.324094
0 0.828358 0.292111 0.821962 0.298507 0.818230 0.310590 0.817697 0.323383 0.820362 0.338308 0.824627 0.344705 0.828891 0.346127 0.844883 0.342573 0.848614 0.337598 0.852878 0.326937 0.852345 0.317697 0.847015 0.303483 0.842217 0.295665 0.835288 0.291400
0 0.847015 0.344705 0.839019 0.343994 0.830490 0.346127 0.819296 0.353234 0.816098 0.357498 0.812900 0.367448 0.813433 0.377399 0.821962 0.388060 0.835821 0.388060 0.841151 0.390192 0.845949 0.388060 0.851812 0.378109 0.852345 0.361763
0 0.863006 0.319119 0.857143 0.321962 0.853412 0.327647 0.848614 0.339730 0.848614 0.347548 0.852345 0.361052 0.860874 0.371713 0.868870 0.373134 0.873134 0.370291 0.877932 0.363895 0.881130 0.356077 0.883795 0.342573 0.883795 0.334755 0.882729 0.329780 0.876333 0.322672 0.869403 0.319119
0 0.860341 0.270078 0.856077 0.273632 0.851812 0.280028 0.850213 0.293532 0.848081 0.300640 0.848614 0.309168 0.850213 0.312011 0.856610 0.314854 0.860341 0.319119 0.877399 0.319829 0.882729 0.314144 0.886461 0.299218 0.886994 0.289979 0.885394 0.283582 0.881663 0.275764 0.873134 0.270078
0 0.889126 0.291400 0.886994 0.294954 0.883262 0.309168 0.884328 0.321962 0.888593 0.329069 0.891258 0.331201 0.909915 0.327647 0.913646 0.326226 0.917910 0.321962 0.919510 0.315565 0.918977 0.309168 0.916844 0.302061 0.912580 0.294954 0.906183 0.288557 0.901919 0.287136 0.893923 0.287846
0 0.921642 0.251599 0.917910 0.257996 0.915778 0.265103 0.916844 0.278607 0.920576 0.296375 0.923241 0.299929 0.942964 0.296375 0.947761 0.291400 0.951493 0.284293 0.952026 0.277896 0.948827 0.267946 0.944030 0.261549 0.931770 0.250178
0 0.939765 0.297086 0.926013 0.299929 0.924307 0.302772 0.921642 0.309879 0.918977 0.329780 0.919510 0.341862 0.922708 0.349680 0.928038 0.352523 0.932303 0.353234 0.935501 0.350391 0.940299 0.339659 0.942910 0.331770 0.943390 0.302701 0.943177 0.297939
0 0.953518 0.286638 0.948827 0.289979 0.943977 0.296304 0.943923 0.306183 0.942964 0.325515 0.945629 0.330490 0.957889 0.334755 0.962687 0.334044 0.966951 0.331201 0.969616 0.326226 0.972921 0.314499 0.971215 0.301350 0.968550 0.293532 0.961887 0.286283
0 0.943497 0.331912 0.936034 0.350391 0.931663 0.353945 0.928678 0.359062 0.933582 0.365245 0.938699 0.371713 0.943497 0.380242 0.947228 0.380242 0.951493 0.378109 0.955224 0.373845 0.956290 0.369581 0.963753 0.356077 0.963753 0.348259 0.959488 0.337598 0.951493 0.332623
0 0.888593 0.335466 0.885394 0.340441 0.882729 0.351102 0.883262 0.357498 0.886994 0.365316 0.904051 0.373845 0.908849 0.373845 0.912580 0.371002 0.918443 0.362473 0.920043 0.356787 0.919510 0.345416 0.918177 0.336034 0.914286 0.328571 0.900053 0.329922
0 0.874733 0.369581 0.872068 0.372424 0.870469 0.378109 0.871535 0.383085 0.875000 0.391045 0.878465 0.412225 0.883262 0.415068 0.890725 0.416489 0.905650 0.400853 0.907249 0.380952 0.905117 0.376688 0.898188 0.371002 0.888060 0.366738
0 0.851279 0.380952 0.847015 0.387349 0.846482 0.397299 0.849147 0.410092 0.857143 0.423596 0.861940 0.425729 0.869936 0.426439 0.872068 0.424307 0.876866 0.409382 0.877399 0.402985 0.873721 0.387846 0.869776 0.379815 0.866205 0.376688 0.859808 0.375977
0 0.913646 0.369581 0.908316 0.381663 0.907249 0.387349 0.907249 0.398721 0.909382 0.402274 0.916844 0.403696 0.924307 0.407960 0.929904 0.404264 0.941258 0.401421 0.944030 0.399431 0.942964 0.380242 0.940832 0.375267 0.931237 0.363184 0.928571 0.361052 0.922708 0.361052 0.917910 0.363895
0 0.898721 0.408671 0.894989 0.413646 0.892857 0.420753 0.906183 0.444208 0.908316 0.446340 0.915832 0.447406 0.922708 0.445629 0.925906 0.436389 0.925373 0.424307 0.921642 0.415778 0.922175 0.408671 0.916205 0.404122 0.907783 0.402985
0 0.892324 0.417910 0.888060 0.423596 0.886461 0.429282 0.885394 0.444208 0.885928 0.456290 0.888060 0.463397 0.896588 0.467662 0.903518 0.466951 0.912580 0.459844 0.917910 0.450604 0.917910 0.447761 0.908316 0.446979 0.902292 0.439446 0.897281 0.429424 0.893124 0.423099 0.893923 0.418621
0 0.922708 0.410803 0.922175 0.416489 0.924307 0.420753 0.947228 0.436389 0.955224 0.436389 0.960021 0.429993 0.961620 0.412935 0.959488 0.405117 0.956823 0.402274 0.945096 0.400853 0.930171 0.405117
0 0.935501 0.434968 0.930171 0.443497 0.927505 0.451315 0.926972 0.461265 0.928571 0.465529 0.936034 0.474058 0.944030 0.479744 0.951493 0.479744 0.958422 0.475480 0.961620 0.471215 0.963753 0.464108 0.963753 0.454869 0.959488 0.444208 0.955224 0.437811 0.947761 0.436389 0.940299 0.432125
0 1.000000 0.429282 1.000000 0.459133 0.998401 0.459133 0.995203 0.463397 0.977292 0.472708 0.966631 0.468443 0.969616 0.450604 0.974574 0.440441 0.980810 0.429282 0.990938 0.424307
0 0.991471 0.408671 0.976546 0.402274 0.963220 0.404051 0.962154 0.407249 0.958955 0.438522 0.962687 0.449893 0.969083 0.450604 0.980330 0.429282 0.986674 0.425018 0.994136 0.422886 0.995203 0.420043 0.994670 0.415068
0 0.997868 0.382374 0.995736 0.386638 0.993603 0.396588 0.993070 0.408671 0.996802 0.422886 1.000000 0.424307 1.000000 0.382374
0 0.991471 0.367448 0.984009 0.358920 0.975480 0.353945 0.965352 0.356787 0.956290 0.371713 0.955224 0.383795 0.957889 0.395878 0.962154 0.402274 0.964819 0.402985 0.972175 0.401848 0.983475 0.402985 0.987207 0.400142 0.992537 0.393746 0.995203 0.386638 0.994670 0.376688
0 0.974947 0.314144 0.972281 0.318408 0.969083 0.329780 0.970149 0.341151 0.974414 0.351812 0.979211 0.355366 0.995203 0.354655 1.000000 0.351812 1.000000 0.328003 0.998081 0.327008 0.993603 0.324805 0.985608 0.312722 0.981343 0.312011
0 0.977079 0.248756 0.969616 0.252310 0.962687 0.259417 0.958422 0.267946 0.957356 0.275764 0.958422 0.282161 0.964712 0.288344 0.971748 0.297086 0.974414 0.299218 0.981876 0.299218 0.985608 0.297086 0.989872 0.291400 0.995203 0.280028 0.995736 0.272210 0.991471 0.257996 0.987207 0.251599 0.982942 0.248756
0 0.477079 0.761194 0.470682 0.764037 0.464286 0.772566 0.458422 0.788202 0.455224 0.802416 0.455224 0.808813 0.456823 0.813788 0.462154 0.818763 0.472281 0.823028 0.482942 0.823028 0.489872 0.820185 0.493603 0.815210 0.494670 0.809524 0.494670 0.781095 0.492537 0.773276 0.488806 0.767591 0.482409 0.761194
0 0.825160 0.388770 0.818763 0.395167 0.812900 0.405828 0.812900 0.421464 0.816098 0.427150 0.828358 0.437100 0.837953 0.437100 0.843817 0.432125 0.846482 0.424307 0.848081 0.415068 0.846482 0.400853 0.844883 0.395878 0.838539 0.389126
0 0.393390 0.577114 0.391791 0.589197 0.393977 0.598721 0.401919 0.608244 0.409222 0.618053 0.414712 0.620469 0.426439 0.612651 0.432303 0.597015 0.431770 0.590618 0.427505 0.582090 0.420576 0.577825 0.405117 0.573561 0.398188 0.573561
0 0.403518 0.786780 0.397122 0.791045 0.388593 0.801706 0.385928 0.810945 0.386994 0.821606 0.390192 0.825871 0.408316 0.832978 0.417377 0.830846 0.421109 0.828003 0.425373 0.820185 0.425906 0.807392 0.424307 0.800284 0.420576 0.792466 0.415245 0.787491 0.409915 0.786070