0 0.629952 0.442609 0.618357 0.442174 0.594203 0.447391 0.587440 0.450000 0.577778 0.458696 0.577778 0.463478 0.582609 0.466957 0.603865 0.471739 0.621256 0.470870 0.639614 0.466957 0.645411 0.459130 0.645411 0.454348 0.639614 0.447391
0 0.055072 0.990000 0.053140 0.993913 0.054106 1.000000 0.111111 1.000000 0.111111 0.990000 0.099517 0.985652 0.071498 0.984783 0.060870 0.986957
0 0.116908 0.986087 0.114010 0.989565 0.114976 1.000000 0.179710 1.000000 0.180676 0.993913 0.178744 0.991304 0.161353 0.980870 0.142995 0.979130 0.130048 0.978957 0.121836 0.981217
0 0.194203 0.954783 0.188406 0.952609 0.167150 0.949130 0.139130 0.950435 0.124638 0.953478 0.116908 0.959565 0.116908 0.963913 0.125604 0.972609 0.132367 0.976087 0.150725 0.977826 0.162319 0.977391 0.174879 0.974783 0.191304 0.966957 0.197101 0.960000
0 0.045411 0.931304 0.044444 0.935652 0.050242 0.938696 0.054106 0.945217 0.064734 0.949565 0.069565 0.950000 0.076329 0.952609 0.087923 0.953913 0.100483 0.953478 0.110145 0.950435 0.121739 0.943913 0.119807 0.935652 0.110145 0.930870 0.100483 0.930435 0.073430 0.925217 0.056039 0.928261
0 0.070531 0.952609 0.067633 0.956957 0.060870 0.960435 0.057971 0.966087 0.057971 0.974783 0.063768 0.980435 0.074396 0.984348 0.085024 0.984783 0.099517 0.983478 0.119807 0.979130 0.124638 0.976957 0.125604 0.973913 0.112077 0.957826 0.100483 0.954783 0.090821 0.954783 0.075362 0.952174
0 0.244444 0.960435 0.235749 0.962609 0.221256 0.968696 0.217391 0.973043 0.218357 0.980000 0.227053 0.985217 0.246377 0.991304 0.255072 0.992609 0.275362 0.991739 0.281159 0.990435 0.286957 0.984783 0.293720 0.980870 0.294686 0.976087 0.291787 0.971739 0.277295 0.962174 0.262802 0.959565
0 0.363285 0.962609 0.346860 0.962174 0.333333 0.963478 0.312077 0.970435 0.305314 0.974348 0.301449 0.982609 0.308213 0.989130 0.322705 0.994348 0.343961 0.996087 0.350725 0.994783 0.362319 0.990000 0.366184 0.982609 0.375845 0.974783 0.371981 0.966522
0 0.404831 0.972609 0.395169 0.971739 0.391304 0.973478 0.379710 0.975217 0.372947 0.977391 0.363285 0.990000 0.367150 1.000000 0.418068 1.000000 0.421836 0.997957 0.430918 0.994783 0.429855 0.986913 0.422222 0.980435 0.412560 0.977391
0 0.421256 0.997826 0.430918 0.995217 0.439614 0.995217 0.457391 0.998435 0.461836 1.000000 0.421256 1.000000
0 0.480193 0.997826 0.480193 1.000000 0.531401 1.000000 0.531401 0.997826 0.522705 0.991304 0.510145 0.987826 0.498551 0.988261
0 0.474396 0.971739 0.459903 0.971739 0.448309 0.973478 0.438647 0.977391 0.433816 0.981739 0.433816 0.987826 0.437681 0.991739 0.445411 0.995652 0.456039 0.997826 0.462802 0.997826 0.463768 1.000000 0.466667 1.000000 0.467633 0.997826 0.483092 0.996522 0.493720 0.991304 0.499517 0.986522 0.499517 0.981739 0.496618 0.977826 0.490821 0.975217
0 0.436715 0.946957 0.418357 0.947391 0.399034 0.953913 0.390338 0.958696 0.390338 0.962609 0.394203 0.965217 0.401932 0.967826 0.419324 0.971304 0.432850 0.971304 0.446377 0.967826 0.453140 0.963478 0.453140 0.954783 0.450242 0.952174
0 0.581643 0.982174 0.570048 0.977826 0.562319 0.977826 0.542995 0.980000 0.532367 0.982609 0.528502 0.984348 0.524638 0.989565 0.531401 1.000000 0.590338 1.000000 0.590338 0.996957
0 0.587440 0.978261 0.583575 0.981739 0.583575 0.987826 0.593237 1.000000 0.639614 1.000000 0.639614 0.998261 0.653140 0.990435 0.654106 0.987826 0.652174 0.983478 0.643478 0.978261 0.633816 0.975652 0.623188 0.974348 0.602899 0.974348
0 0.533333 0.975217 0.542995 0.978696 0.570048 0.977391 0.590338 0.970870 0.589372 0.966522 0.584541 0.962609 0.571981 0.958696 0.562319 0.956957 0.550725 0.956957 0.541063 0.960000 0.534300 0.966087
0 0.477295 0.952609 0.470531 0.958696 0.471498 0.963478 0.477295 0.970870 0.483092 0.973478 0.498551 0.976522 0.510145 0.976522 0.522705 0.974783 0.532367 0.970435 0.537198 0.958696 0.528502 0.954783 0.519807 0.952174 0.507246 0.950435 0.489855 0.950000
0 0.601932 0.943043 0.585507 0.950000 0.583575 0.952609 0.584541 0.958261 0.591304 0.963478 0.600000 0.967391 0.611594 0.970000 0.632850 0.970000 0.644444 0.967826 0.651208 0.963043 0.653140 0.959130 0.646377 0.950870 0.639614 0.946957 0.622222 0.942174 0.610628 0.941739
0 0.675362 0.957391 0.661836 0.965652 0.659903 0.975217 0.662802 0.977826 0.677295 0.983478 0.690821 0.985217 0.713043 0.985217 0.725604 0.982609 0.736232 0.978261 0.738164 0.975652 0.736232 0.968261 0.722705 0.961304 0.704348 0.956522 0.696618 0.955652 0.684058 0.955652
0 0.642512 0.997826 0.642512 1.000000 0.707246 1.000000 0.707246 0.997826 0.700483 0.992609 0.686957 0.988696 0.677295 0.987826 0.663768 0.987826 0.658937 0.988696 0.647343 0.993913
0 0.784541 0.969565 0.773913 0.973043 0.766184 0.978696 0.763285 0.983043 0.761353 0.992609 0.767150 1.000000 0.814493 1.000000 0.814493 0.998261 0.826087 0.992174 0.830918 0.986957 0.831884 0.982174 0.828986 0.979130 0.816425 0.973478 0.810628 0.972174
0 0.726570 0.951739 0.726570 0.958261 0.731401 0.963043 0.739130 0.966957 0.756522 0.969565 0.759420 0.970870 0.778744 0.968261 0.789372 0.963043 0.790338 0.957826 0.787440 0.955217 0.766184 0.946522 0.746860 0.946087 0.737198 0.946957
0 0.813527 0.929130 0.796135 0.931304 0.783575 0.936522 0.777778 0.941304 0.774879 0.946957 0.788406 0.954783 0.805797 0.958696 0.818357 0.958696 0.827053 0.957391 0.841546 0.951739 0.843478 0.947391 0.834783 0.933478 0.826087 0.930435
0 0.854106 0.956087 0.843478 0.957826 0.831884 0.963913 0.829952 0.966087 0.830918 0.978261 0.833816 0.981304 0.841546 0.984783 0.867633 0.985652 0.876329 0.984348 0.884058 0.980000 0.891787 0.967826 0.890821 0.962609 0.884058 0.959130 0.875362 0.956957
0 0.824155 0.997826 0.824155 1.000000 0.888889 1.000000 0.885990 0.993478 0.880193 0.989565 0.869565 0.986087 0.858937 0.985217 0.846377 0.985217 0.839614 0.986522 0.833816 0.989565
0 0.908213 0.963913 0.889855 0.972174 0.885990 0.981304 0.885990 0.990870 0.890821 0.995652 0.897585 0.998261 0.905121 0.999391 0.923092 0.999391 0.928502 0.997826 0.936232 0.996957 0.947826 0.992174 0.949758 0.985217 0.929469 0.967391 0.918841 0.963913
0 0.941063 0.997826 0.941063 1.000000 1.000000 1.000000 1.000000 0.996652 0.994783 0.995130 0.989855 0.993522 0.975749 0.990043 0.968116 0.989130 0.954589 0.991739
0 0.995169 0.974348 0.986473 0.981739 0.986473 0.986522 0.991304 0.993913 0.995169 0.996087 1.000000 0.996087 1.000000 0.974348
0 0.964251 0.952609 0.951691 0.953913 0.940097 0.956522 0.933333 0.960870 0.932367 0.966957 0.936232 0.973043 0.945894 0.980870 0.969082 0.986957 0.977778 0.986522 0.988406 0.980870 0.995169 0.973478 0.996908 0.972261 0.996908 0.970087 0.995169 0.968261 0.991304 0.959565 0.981643 0.954348 0.973913 0.952609
0 0.995169 0.955217 0.991304 0.958261 0.992271 0.963478 0.995845 0.968130 1.000000 0.969000 1.000000 0.953783
0 0.938164 0.930000 0.936232 0.932174 0.936232 0.943043 0.938164 0.947391 0.941063 0.949130 0.959420 0.952609 0.971981 0.952174 1.000000 0.946957 1.000000 0.934565 0.996135 0.930870 0.988406 0.928261 0.965217 0.925652 0.950725 0.925652
0 0.927536 0.932174 0.906280 0.932609 0.899517 0.935652 0.898551 0.947391 0.903382 0.956087 0.913043 0.958696 0.916908 0.960870 0.929469 0.959565 0.940097 0.955217 0.940097 0.950870 0.935266 0.941304 0.935266 0.934783
0 0.855072 0.917826 0.843478 0.920435 0.838647 0.926087 0.837681 0.932174 0.845411 0.945652 0.849275 0.948696 0.859903 0.950870 0.874396 0.951304 0.881159 0.950435 0.895652 0.945217 0.898551 0.936957 0.904348 0.930870 0.904348 0.927391 0.898551 0.922609 0.885024 0.917826 0.876329 0.916957
0 0.709179 0.922174 0.697585 0.931304 0.696618 0.936087 0.698551 0.940870 0.707246 0.944348 0.725604 0.946087 0.752657 0.943478 0.760386 0.939565 0.759420 0.936087 0.754589 0.930870 0.734300 0.921304 0.714976 0.920870
0 0.738164 0.906957 0.740097 0.920000 0.771981 0.930000 0.786473 0.930435 0.792271 0.929565 0.800966 0.926087 0.806763 0.922174 0.810628 0.917391 0.809662 0.912174 0.797101 0.906087 0.790338 0.904348 0.760386 0.901739
0 0.801932 0.887391 0.792271 0.891739 0.789372 0.894348 0.791304 0.901304 0.798068 0.905652 0.828019 0.910000 0.840580 0.909565 0.852174 0.906087 0.855072 0.902174 0.855072 0.892609 0.847343 0.887826 0.839614 0.885652 0.822222 0.884783
0 0.926570 0.885217 0.899517 0.885652 0.885024 0.890000 0.868599 0.897391 0.866667 0.903913 0.869565 0.906522 0.888889 0.914348 0.899517 0.916087 0.917874 0.915217 0.933333 0.908696 0.938164 0.901304 0.937198 0.888696
0 0.949758 0.899130 0.939130 0.905652 0.936232 0.911739 0.937198 0.916957 0.942995 0.921304 0.950725 0.923913 0.977778 0.926522 1.000000 0.926087 1.000000 0.905652 0.996135 0.903478 0.971014 0.897826 0.958454 0.897391
0 0.994203 0.874348 0.986473 0.878261 0.980676 0.884348 0.979710 0.892609 0.988406 0.899130 1.000000 0.900435 1.000000 0.874348
0 0.950725 0.859130 0.938164 0.862609 0.929469 0.867826 0.922705 0.874783 0.922705 0.881739 0.936232 0.887391 0.962319 0.888696 0.978744 0.885217 0.987440 0.877391 0.986473 0.873478 0.978744 0.865652 0.968116 0.860435
0 0.869565 0.859565 0.862802 0.861304 0.849275 0.868261 0.851208 0.878261 0.855072 0.881739 0.861836 0.884783 0.874396 0.887391 0.891787 0.887391 0.905314 0.883913 0.914976 0.873913 0.914976 0.868261 0.909179 0.864783 0.891787 0.859565
0 0.763285 0.865217 0.752657 0.867826 0.742995 0.872609 0.738164 0.881739 0.742995 0.888696 0.745894 0.890000 0.770048 0.893913 0.780676 0.892174 0.793237 0.888261 0.805797 0.881739 0.806763 0.876522 0.804831 0.873913 0.790338 0.867826 0.777778 0.865652
0 0.713043 0.879130 0.703382 0.888261 0.705314 0.893478 0.734300 0.904783 0.745894 0.904783 0.751691 0.903478 0.763285 0.897826 0.763285 0.894348 0.758454 0.892609 0.749758 0.891739 0.744928 0.889565 0.737198 0.882174 0.732367 0.880000 0.718841 0.878696
0 0.670531 0.901739 0.660870 0.910870 0.660870 0.912609 0.670531 0.917391 0.687923 0.921304 0.702415 0.920870 0.718841 0.918261 0.724638 0.913043 0.723671 0.905652 0.717874 0.899565 0.709179 0.895652 0.689855 0.895217
0 0.649275 0.917391 0.640580 0.919130 0.630918 0.923913 0.627053 0.927826 0.628019 0.934783 0.629952 0.936087 0.647343 0.939565 0.661836 0.939565 0.683092 0.934348 0.685990 0.932174 0.686957 0.927391 0.683092 0.922174 0.674396 0.918696 0.667633 0.918261 0.664734 0.916957
0 0.568116 0.908696 0.560386 0.911739 0.562319 0.921304 0.569082 0.930000 0.575845 0.935217 0.580676 0.936957 0.591304 0.938261 0.597101 0.938261 0.609662 0.935652 0.619324 0.931739 0.621256 0.929130 0.620290 0.923913 0.616425 0.920000 0.608696 0.917826 0.587440 0.908696 0.578744 0.907826
0 0.502415 0.922174 0.497585 0.927826 0.498551 0.935217 0.503382 0.940870 0.514976 0.946087 0.530435 0.948261 0.543961 0.947826 0.561353 0.944348 0.571014 0.939565 0.572947 0.936087 0.571014 0.931739 0.558454 0.922609 0.536232 0.919565 0.510145 0.920000
0 0.446377 0.925217 0.438647 0.929130 0.433816 0.934348 0.433816 0.940000 0.438647 0.943913 0.447343 0.947391 0.457971 0.949565 0.468599 0.949565 0.481159 0.947826 0.489855 0.943478 0.487923 0.936522 0.484058 0.931739 0.477295 0.927391 0.465700 0.924348 0.456039 0.923913
0 0.457971 0.900000 0.439614 0.899130 0.427053 0.900000 0.417391 0.903478 0.413527 0.906957 0.419324 0.915652 0.428019 0.920000 0.429952 0.923478 0.438647 0.927391 0.444444 0.925217 0.464734 0.921304 0.474396 0.916522 0.477295 0.912609 0.474396 0.904783
0 0.498551 0.889130 0.483092 0.894348 0.477295 0.900000 0.476329 0.904783 0.483092 0.911739 0.491787 0.914783 0.509179 0.917826 0.524638 0.919130 0.537198 0.918261 0.542995 0.910870 0.542995 0.906957 0.527536 0.892609 0.516908 0.889565 0.509179 0.888696
0 0.622222 0.881739 0.612560 0.884348 0.603865 0.888261 0.600000 0.899130 0.602899 0.912609 0.608696 0.916087 0.619324 0.918261 0.631884 0.917391 0.640580 0.915652 0.657005 0.908696 0.657005 0.900000 0.644444 0.889130
0 0.583575 0.874348 0.563285 0.873478 0.553623 0.874783 0.542995 0.877826 0.535266 0.881739 0.530435 0.888261 0.531401 0.893478 0.536232 0.899565 0.546860 0.905217 0.558454 0.906087 0.570048 0.905652 0.582609 0.903478 0.597101 0.897826 0.604831 0.883913
0 0.657005 0.867826 0.647343 0.870000 0.641546 0.873043 0.639614 0.876522 0.640580 0.885217 0.647343 0.890435 0.664734 0.897826 0.674396 0.898261 0.699517 0.891304 0.707246 0.881739 0.707246 0.876087 0.699517 0.870870 0.693720 0.869130
0 0.711111 0.854783 0.705314 0.856522 0.702415 0.860435 0.702415 0.871739 0.713043 0.877826 0.723671 0.879130 0.734300 0.879130 0.745894 0.870435 0.756522 0.865652 0.756522 0.861304 0.752657 0.857826 0.744928 0.855652 0.723671 0.854348
0 0.645411 0.846957 0.641546 0.849130 0.640580 0.854783 0.646377 0.861739 0.657971 0.866087 0.665700 0.867391 0.684058 0.867391 0.688889 0.866522 0.700483 0.861304 0.703382 0.853043 0.698551 0.846087 0.694686 0.843913 0.686957 0.842609 0.672464 0.842174 0.658937 0.843478
0 0.581643 0.849565 0.574879 0.855217 0.574879 0.863043 0.576812 0.865652 0.589372 0.871739 0.601932 0.874783 0.615459 0.874783 0.639614 0.870435 0.644444 0.865652 0.646377 0.860870 0.634783 0.853043 0.605797 0.846522 0.594203 0.846957
0 0.561353 0.850435 0.548792 0.848261 0.530435 0.848261 0.520773 0.850000 0.508213 0.856957 0.506280 0.867826 0.514976 0.874348 0.521739 0.877391 0.536232 0.877391 0.571014 0.870000 0.572947 0.866087 0.571981 0.856087
0 0.502415 0.868261 0.494686 0.867391 0.473430 0.868261 0.465700 0.870000 0.452174 0.876522 0.446377 0.884348 0.447343 0.888261 0.455072 0.892609 0.470531 0.894348 0.483092 0.893478 0.502415 0.886522 0.510145 0.880870 0.511111 0.877826
0 0.409662 0.876087 0.395169 0.879565 0.391304 0.884348 0.390338 0.889565 0.394203 0.896087 0.404831 0.899130 0.413527 0.900000 0.439614 0.895217 0.444444 0.892609 0.445411 0.888261 0.442512 0.883913 0.432850 0.879130 0.422222 0.876522
0 0.440580 0.841739 0.429952 0.843043 0.417391 0.846087 0.402899 0.858696 0.402899 0.865217 0.405797 0.870000 0.412560 0.873913 0.428986 0.876957 0.449275 0.876087 0.468599 0.867391 0.470531 0.865217 0.471498 0.856957 0.468599 0.853913 0.449275 0.843478
0 0.389372 0.855217 0.377778 0.853478 0.367150 0.855652 0.350725 0.856087 0.336232 0.858696 0.327536 0.868696 0.327536 0.874348 0.329469 0.876522 0.344928 0.881739 0.360386 0.883043 0.376812 0.881304 0.393237 0.877391 0.400000 0.873043 0.401932 0.867391 0.398068 0.860870
0 0.346860 0.898261 0.342029 0.904348 0.342029 0.908696 0.353623 0.917826 0.360386 0.920435 0.377778 0.919130 0.400966 0.914348 0.410628 0.908696 0.408696 0.902609 0.384541 0.894348 0.361353 0.893478 0.354589 0.894783
0 0.294686 0.879565 0.290821 0.882609 0.289855 0.889130 0.298551 0.899565 0.305314 0.901739 0.318841 0.903043 0.335266 0.902609 0.361353 0.890435 0.362319 0.884348 0.360386 0.883478 0.345894 0.882174 0.333333 0.878261 0.316908 0.876957
0 0.414493 0.916522 0.405797 0.915217 0.394203 0.915652 0.367150 0.921304 0.360386 0.927826 0.359420 0.931739 0.362319 0.934348 0.383575 0.942174 0.389372 0.943043 0.406763 0.942609 0.418357 0.939565 0.426087 0.932609 0.427053 0.924348 0.420290 0.918696
0 0.314010 0.936522 0.306280 0.942609 0.308213 0.952174 0.314976 0.958696 0.325604 0.961739 0.337198 0.962174 0.360386 0.960000 0.374879 0.955652 0.390338 0.947391 0.387440 0.943913 0.372947 0.937391 0.361353 0.934348 0.344928 0.932609 0.335266 0.932609
0 0.299517 0.902609 0.290821 0.906957 0.282126 0.915217 0.284058 0.923913 0.288889 0.929130 0.298551 0.933478 0.317874 0.935217 0.334300 0.932174 0.349758 0.927826 0.353623 0.924348 0.353623 0.919565 0.336232 0.906957 0.323671 0.903913
0 0.280193 0.932174 0.267633 0.927391 0.256039 0.924783 0.241546 0.923913 0.232850 0.925652 0.217391 0.932609 0.207729 0.942174 0.207729 0.946087 0.214493 0.953913 0.223188 0.956087 0.243478 0.956087 0.267633 0.950870 0.279227 0.946087 0.286957 0.940435 0.286957 0.937391
0 0.178744 0.905217 0.159420 0.913043 0.157488 0.916522 0.163285 0.921739 0.185507 0.933043 0.191304 0.933913 0.211594 0.933478 0.223188 0.929565 0.227053 0.923913 0.232850 0.920435 0.222222 0.909565 0.216425 0.906957 0.205797 0.905217
0 0.281159 0.894783 0.268599 0.893043 0.256039 0.892609 0.241546 0.895652 0.228019 0.901304 0.224155 0.909130 0.229952 0.914783 0.237681 0.918261 0.244444 0.919565 0.258937 0.920000 0.265700 0.919565 0.278261 0.916522 0.292754 0.904348 0.290821 0.899130
0 0.256039 0.872174 0.251208 0.876957 0.251208 0.884783 0.256039 0.892174 0.284058 0.894783 0.287923 0.892609 0.286957 0.887391 0.289855 0.882609 0.285990 0.874348 0.276329 0.871304
0 0.186473 0.873043 0.180676 0.879130 0.180676 0.886087 0.192271 0.897826 0.203865 0.901739 0.218357 0.901739 0.227053 0.900435 0.244444 0.893043 0.246377 0.884348 0.243478 0.881304 0.230918 0.876087 0.213527 0.873043
0 0.203865 0.861739 0.202899 0.865652 0.206763 0.870000 0.214493 0.872609 0.238647 0.876087 0.248309 0.875652 0.255072 0.872609 0.271498 0.869565 0.271498 0.863913 0.267633 0.859130 0.260870 0.856087 0.244444 0.851739 0.229952 0.851304 0.221256 0.852609 0.206763 0.859130
0 0.290821 0.847391 0.276329 0.853478 0.275362 0.858696 0.278261 0.863913 0.286957 0.871304 0.294686 0.874783 0.303382 0.876087 0.315942 0.875652 0.318841 0.874348 0.320773 0.869130 0.331401 0.864348 0.334300 0.856957 0.324638 0.849565 0.320773 0.848261 0.303382 0.846522
0 0.123671 0.917826 0.114976 0.923478 0.114010 0.929565 0.123671 0.940435 0.132367 0.946522 0.139130 0.948696 0.160386 0.947826 0.183575 0.939565 0.187440 0.936087 0.186473 0.933913 0.153623 0.917391 0.142029 0.916522
0 0.081159 0.900000 0.068599 0.903478 0.060870 0.906957 0.056039 0.910870 0.056039 0.916957 0.073430 0.924348 0.093720 0.928261 0.109179 0.929565 0.113043 0.927826 0.113043 0.925217 0.116908 0.922174 0.116908 0.916087 0.106280 0.908261 0.100483 0.900435 0.093720 0.899565
0 0.168116 0.886522 0.155556 0.884783 0.137198 0.885217 0.124638 0.887391 0.106280 0.893043 0.103382 0.896087 0.104348 0.906087 0.106280 0.908696 0.115942 0.914348 0.124638 0.916087 0.143961 0.916087 0.150725 0.915217 0.158454 0.913043 0.183575 0.902174 0.187440 0.898261 0.187440 0.895652
0 0.053140 0.875652 0.051208 0.881739 0.056039 0.889565 0.065700 0.893913 0.081159 0.896522 0.092754 0.896087 0.121739 0.888261 0.127536 0.881304 0.122705 0.876087 0.114010 0.872609 0.089855 0.869130 0.075362 0.869130 0.063768 0.870435 0.056039 0.873043
0 0.125604 0.853043 0.114010 0.856957 0.114010 0.863478 0.119807 0.871304 0.136232 0.880870 0.144928 0.881304 0.152657 0.880000 0.173913 0.871739 0.180676 0.865652 0.179710 0.863478 0.173913 0.859565 0.158454 0.854783 0.146860 0.853043
0 0.161353 0.837391 0.163285 0.842174 0.160386 0.844348 0.160386 0.848696 0.167150 0.853043 0.169082 0.856087 0.181643 0.860000 0.196135 0.860870 0.203865 0.859130 0.223188 0.849565 0.222222 0.845217 0.214493 0.841304 0.195169 0.837391 0.181643 0.836087 0.167150 0.836087
0 0.060870 0.833913 0.056039 0.839565 0.056039 0.845217 0.064734 0.852609 0.082126 0.859565 0.092754 0.860000 0.102415 0.858696 0.126570 0.850435 0.126570 0.845217 0.094686 0.833913 0.085990 0.832174 0.065700 0.832174
0 0.105314 0.822174 0.102415 0.825652 0.104348 0.829130 0.102415 0.834348 0.117874 0.841739 0.124638 0.843478 0.135266 0.843913 0.143961 0.843043 0.153623 0.840000 0.156522 0.838261 0.160386 0.831304 0.155556 0.826087 0.133333 0.821304
0 0.047343 0.805652 0.047343 0.812609 0.050242 0.814783 0.065700 0.817826 0.098551 0.819130 0.114010 0.818696 0.117874 0.817391 0.118841 0.813913 0.111111 0.809565 0.109179 0.806957 0.099517 0.801739 0.086957 0.798261 0.063768 0.796522 0.056039 0.798261
0 0.116908 0.780435 0.099517 0.787391 0.094686 0.794348 0.095652 0.798261 0.102415 0.803043 0.120773 0.811304 0.133333 0.813043 0.148792 0.812609 0.160386 0.808261 0.167150 0.803478 0.170048 0.799130 0.170048 0.790870 0.161353 0.786087 0.136232 0.781304
0 0.238647 0.833043 0.228986 0.836522 0.227053 0.842609 0.244444 0.851739 0.258937 0.855652 0.267633 0.856087 0.280193 0.850870 0.286957 0.846087 0.287923 0.841304 0.284058 0.836957 0.280193 0.835217 0.266667 0.833043
0 0.330435 0.836087 0.325604 0.840000 0.325604 0.843043 0.327536 0.844348 0.327536 0.850000 0.334300 0.855217 0.341063 0.856087 0.370048 0.855217 0.379710 0.851739 0.380676 0.847391 0.378744 0.844783 0.369082 0.841739 0.362319 0.837826 0.347826 0.833913 0.339130 0.833913
0 0.330435 0.822174 0.326570 0.821304 0.316908 0.822174 0.299517 0.833043 0.290821 0.834348 0.288889 0.837391 0.289855 0.840000 0.299517 0.844348 0.309179 0.845652 0.316908 0.843478 0.326570 0.838261 0.337198 0.826957
0 0.296618 0.811739 0.273430 0.811739 0.268599 0.812609 0.262802 0.815652 0.257971 0.820000 0.257005 0.823478 0.258937 0.828261 0.263768 0.832609 0.285024 0.835217 0.301449 0.831739 0.307246 0.829130 0.315942 0.822609 0.314976 0.818696 0.305314 0.813913
0 0.196135 0.809565 0.191304 0.811304 0.187440 0.816957 0.187440 0.825652 0.194203 0.833913 0.201932 0.834783 0.221256 0.834348 0.234783 0.830870 0.245411 0.826087 0.248309 0.822609 0.245411 0.814348 0.237681 0.810435 0.219324 0.808261 0.204831 0.808261
0 0.223188 0.783478 0.211594 0.780870 0.195169 0.780435 0.179710 0.785652 0.173913 0.789130 0.171014 0.793043 0.171014 0.803478 0.175845 0.806957 0.184541 0.809130 0.193237 0.809130 0.203865 0.807391 0.219324 0.806957 0.227053 0.804348 0.232850 0.800870 0.237681 0.795217 0.238647 0.790870
0 0.297585 0.793478 0.277295 0.789565 0.257971 0.790435 0.241546 0.793043 0.234783 0.799130 0.234783 0.803913 0.240580 0.810435 0.256039 0.817391 0.261836 0.816522 0.273430 0.812174 0.290821 0.810870 0.296618 0.808261 0.301449 0.798261
0 0.312077 0.791304 0.306280 0.793913 0.303382 0.796957 0.299517 0.806087 0.301449 0.811304 0.322705 0.819565 0.333333 0.820435 0.348792 0.820000 0.363285 0.816957 0.372947 0.810870 0.372947 0.805652 0.361353 0.796522 0.345894 0.790000 0.337198 0.788261 0.331401 0.788261
0 0.385507 0.810435 0.377778 0.811304 0.354589 0.821304 0.347826 0.826522 0.349758 0.832174 0.360386 0.836957 0.375845 0.840870 0.390338 0.841304 0.401932 0.839130 0.409662 0.833913 0.401932 0.826522 0.403865 0.818696 0.401932 0.812609 0.398068 0.810870
0 0.477295 0.810435 0.465700 0.807391 0.451208 0.807826 0.419324 0.813043 0.409662 0.816957 0.403865 0.821739 0.403865 0.830000 0.415459 0.835652 0.431884 0.839130 0.440580 0.839565 0.453140 0.836957 0.472464 0.823913 0.478261 0.815217
0 0.489855 0.825652 0.480193 0.827826 0.474396 0.827826 0.466667 0.830435 0.454106 0.837391 0.452174 0.842609 0.457005 0.847826 0.468599 0.853478 0.474396 0.855217 0.491787 0.856087 0.503382 0.854783 0.509179 0.853043 0.522705 0.846957 0.523671 0.843913 0.513043 0.831304 0.501449 0.826957
0 0.544928 0.816087 0.533333 0.817391 0.522705 0.820435 0.514010 0.828696 0.515942 0.834348 0.521739 0.841304 0.528502 0.845217 0.538164 0.846957 0.545894 0.846957 0.553623 0.845217 0.568116 0.839565 0.573913 0.835217 0.573913 0.825652 0.571981 0.822174
0 0.608696 0.815217 0.585507 0.818696 0.576812 0.821739 0.574879 0.824783 0.574879 0.834348 0.578744 0.837391 0.587440 0.840435 0.606763 0.844783 0.615459 0.845217 0.622222 0.844348 0.628019 0.841739 0.630918 0.838696 0.632850 0.821304 0.628986 0.817826 0.620290 0.815217
0 0.476329 0.803913 0.469565 0.806957 0.478261 0.811304 0.477874 0.819826 0.473430 0.826435 0.501449 0.825652 0.508213 0.823913 0.528502 0.814783 0.530435 0.811739 0.529469 0.808696 0.518841 0.803913 0.500483 0.801739 0.489855 0.801739
0 0.682126 0.813043 0.668599 0.810870 0.660870 0.810870 0.652174 0.812174 0.643478 0.815652 0.632850 0.827826 0.632850 0.835652 0.637681 0.841304 0.646377 0.843043 0.667633 0.842609 0.677295 0.840870 0.686957 0.836522 0.696618 0.828696 0.698551 0.821739 0.695652 0.818696
0 0.576812 0.783913 0.556522 0.788261 0.548792 0.791304 0.539130 0.801739 0.539130 0.807391 0.544928 0.813913 0.550725 0.816957 0.561353 0.819130 0.578744 0.820435 0.598068 0.816087 0.605797 0.811739 0.606763 0.808261 0.604831 0.796087 0.601932 0.793043 0.585507 0.785217
0 0.621256 0.785217 0.612560 0.789130 0.606763 0.794348 0.605797 0.804783 0.608696 0.809130 0.617391 0.812609 0.628019 0.814348 0.647343 0.813478 0.662802 0.810000 0.668599 0.806957 0.666667 0.798261 0.661836 0.793043 0.648309 0.787391 0.639614 0.785217
0 0.746860 0.815652 0.737198 0.814783 0.725604 0.815217 0.714010 0.817826 0.705314 0.821739 0.693720 0.833478 0.693720 0.840000 0.700483 0.844348 0.720773 0.848696 0.741063 0.847826 0.751691 0.844783 0.762319 0.837826 0.762319 0.825652 0.753623 0.817391
0 0.763285 0.838696 0.754589 0.842609 0.747826 0.849130 0.748792 0.854348 0.759420 0.862609 0.795169 0.866957 0.816425 0.864348 0.823188 0.860000 0.825121 0.845217 0.820290 0.841739 0.808696 0.837826 0.797101 0.836522 0.778744 0.836522
0 0.838647 0.818261 0.822222 0.810870 0.803865 0.810000 0.774879 0.815652 0.770048 0.817826 0.764251 0.824348 0.765217 0.832174 0.770048 0.833913 0.784541 0.836087 0.809662 0.836087 0.823188 0.834348 0.836715 0.830870 0.839614 0.829130 0.840580 0.821739
0 0.857971 0.834783 0.847343 0.835217 0.834783 0.841304 0.827053 0.848261 0.825121 0.859130 0.837681 0.868696 0.848309 0.868261 0.861836 0.861304 0.882126 0.853478 0.885024 0.850870 0.885990 0.844348 0.884058 0.842174 0.872464 0.837826
0 0.916908 0.835217 0.903382 0.836957 0.888889 0.842174 0.886957 0.852174 0.897585 0.861304 0.908213 0.864348 0.922705 0.865217 0.931401 0.863913 0.951691 0.856957 0.958454 0.852609 0.960386 0.845652 0.957488 0.842174 0.950725 0.839130
0 0.986473 0.834783 0.974879 0.837391 0.964251 0.842609 0.960386 0.848261 0.961353 0.852609 0.971014 0.860870 0.977778 0.863478 1.000000 0.864783 1.000000 0.834783
0 0.848309 0.821739 0.845411 0.824783 0.845411 0.829130 0.853140 0.834348 0.864734 0.836087 0.881159 0.840435 0.892754 0.840000 0.904348 0.835652 0.904348 0.826522 0.894686 0.821304 0.874396 0.817826 0.862802 0.817826
0 0.913043 0.818261 0.911111 0.821304 0.912077 0.826522 0.925604 0.834783 0.942029 0.836522 0.953623 0.836522 0.961353 0.834348 0.965217 0.830435 0.965217 0.826522 0.961353 0.822174 0.952657 0.817826 0.937198 0.815652 0.927536 0.815652
0 0.995169 0.806522 0.980676 0.810870 0.971981 0.814783 0.967150 0.818261 0.967150 0.822609 0.971981 0.827826 0.990338 0.834348 1.000000 0.834783 1.000000 0.806522
0 0.995169 0.783913 0.987440 0.790435 0.988406 0.803478 0.990338 0.806087 1.000000 0.806522 1.000000 0.783913
0 0.951691 0.786957 0.943961 0.788261 0.937198 0.790870 0.932367 0.795217 0.931401 0.799130 0.938164 0.810435 0.958454 0.817826 0.963285 0.817826 0.976812 0.812609 0.988406 0.805652 0.988406 0.790870 0.978744 0.787826
0 0.899517 0.785652 0.880193 0.792174 0.874396 0.800435 0.876329 0.810870 0.884058 0.815217 0.888889 0.816087 0.916908 0.816087 0.928502 0.813913 0.934300 0.810870 0.934300 0.805217 0.930435 0.797826 0.921739 0.790870 0.909179 0.786087
0 0.837681 0.788696 0.828986 0.790870 0.822222 0.795217 0.821256 0.799130 0.823188 0.803043 0.829952 0.807391 0.844444 0.812609 0.857005 0.813043 0.866667 0.810435 0.870531 0.808261 0.871498 0.798696 0.866667 0.793913 0.860870 0.790870 0.848309 0.788261
0 0.786473 0.790870 0.778744 0.789565 0.764251 0.789130 0.759420 0.790000 0.742995 0.796522 0.737198 0.802174 0.737198 0.807826 0.735266 0.810000 0.740097 0.814348 0.750725 0.815652 0.771014 0.815652 0.792271 0.811304 0.801932 0.806957 0.801932 0.802174 0.793237 0.794348
0 0.690821 0.790000 0.683092 0.791739 0.676329 0.794783 0.673430 0.798261 0.674396 0.803478 0.680193 0.810435 0.687923 0.814348 0.697585 0.817391 0.709179 0.817826 0.730435 0.812174 0.734300 0.807391 0.732367 0.799565 0.728502 0.796957 0.700483 0.790435
0 0.744928 0.765652 0.734300 0.766087 0.731401 0.767826 0.715942 0.771739 0.708213 0.775217 0.703382 0.779130 0.701449 0.782609 0.703382 0.790000 0.708213 0.792609 0.727536 0.796522 0.736232 0.796957 0.742995 0.795652 0.755556 0.790000 0.759420 0.786522 0.759420 0.776087 0.750725 0.768261
0 0.802899 0.763043 0.798068 0.763913 0.794203 0.766087 0.789372 0.770870 0.789372 0.776087 0.796135 0.786957 0.800000 0.790000 0.810628 0.793913 0.818357 0.793913 0.841546 0.787391 0.845411 0.783043 0.838647 0.774783 0.825121 0.767391
0 0.856039 0.764783 0.845411 0.770870 0.842512 0.775217 0.846377 0.783478 0.851208 0.787391 0.862802 0.790000 0.881159 0.789130 0.891787 0.787826 0.903382 0.783478 0.907246 0.778261 0.907246 0.774783 0.902415 0.770435 0.893720 0.766087 0.884058 0.763478 0.862802 0.763478
0 1.000000 0.763478 0.996135 0.763478 0.982609 0.758696 0.968116 0.759130 0.952657 0.761304 0.938164 0.766087 0.933333 0.770870 0.933333 0.776957 0.942029 0.782174 0.954589 0.784783 0.973913 0.784348 0.987440 0.782174 0.996135 0.778261 1.000000 0.778261
0 0.928502 0.743043 0.919807 0.741304 0.904348 0.741304 0.890821 0.742609 0.875362 0.748261 0.873430 0.751739 0.874396 0.756957 0.879227 0.760870 0.898551 0.766087 0.905314 0.765652 0.913333 0.765739 0.918841 0.764783 0.926570 0.763913 0.933333 0.760000 0.936329 0.753783 0.935266 0.747391
0 0.811594 0.739130 0.803865 0.741739 0.800966 0.744783 0.800966 0.760435 0.812560 0.764783 0.828019 0.766957 0.846377 0.765217 0.857971 0.762174 0.864734 0.756957 0.868599 0.755652 0.871498 0.747826 0.864734 0.745217 0.863768 0.743478 0.857971 0.740870 0.850242 0.739565 0.832850 0.738696
0 0.750725 0.748696 0.742995 0.753043 0.739130 0.759565 0.739130 0.763913 0.749758 0.767391 0.760386 0.776957 0.770048 0.776957 0.786473 0.771304 0.792271 0.765217 0.796135 0.763478 0.797101 0.759565 0.775845 0.750870 0.761353 0.748696
0 0.667633 0.761739 0.656039 0.763043 0.648309 0.766087 0.643478 0.771304 0.642512 0.781739 0.645411 0.785217 0.664734 0.793913 0.675362 0.794348 0.697585 0.786522 0.710145 0.771304 0.696618 0.764783 0.682126 0.762174
0 0.634783 0.767826 0.615459 0.763913 0.606763 0.764783 0.583575 0.771739 0.580676 0.774348 0.582609 0.782174 0.593237 0.784783 0.613527 0.784783 0.633816 0.781739 0.636715 0.780000 0.638647 0.770870
0 0.518841 0.756957 0.515942 0.759565 0.515942 0.764348 0.513043 0.767826 0.514976 0.771739 0.534300 0.788696 0.541063 0.790000 0.551691 0.789565 0.561353 0.787391 0.574879 0.782174 0.577778 0.779565 0.576812 0.772609 0.573913 0.769130 0.557488 0.761739 0.540097 0.757391 0.532367 0.756522
0 0.896618 0.724348 0.892754 0.719565 0.886957 0.718261 0.842512 0.721739 0.829952 0.724348 0.824155 0.729130 0.823188 0.732609 0.829952 0.736957 0.834783 0.738261 0.863768 0.740870 0.885990 0.740000 0.891787 0.739130 0.897585 0.736522
0 0.575845 0.736957 0.567150 0.738696 0.562319 0.741304 0.554589 0.747826 0.553623 0.752609 0.557488 0.759130 0.567150 0.765217 0.578744 0.770000 0.587440 0.770435 0.596135 0.768261 0.616425 0.760435 0.619324 0.756087 0.618357 0.747391 0.608696 0.742609 0.599034 0.740000 0.584541 0.737391
0 0.736232 0.742609 0.726570 0.740000 0.710145 0.741739 0.688889 0.742174 0.685024 0.743913 0.679227 0.750870 0.677295 0.755217 0.679227 0.759130 0.686957 0.761739 0.699517 0.763478 0.720773 0.763478 0.731401 0.761739 0.738164 0.756522 0.740097 0.753043 0.740097 0.748261
0 0.647343 0.734783 0.633816 0.739130 0.621256 0.747826 0.620290 0.755652 0.622222 0.757826 0.637681 0.762609 0.653140 0.763043 0.669565 0.760435 0.676329 0.756957 0.683092 0.743913 0.681159 0.740000 0.674396 0.737391 0.662802 0.735217
0 0.500483 0.766957 0.474396 0.770435 0.464734 0.779130 0.462802 0.791304 0.468599 0.796087 0.481159 0.800000 0.511111 0.800435 0.516908 0.799565 0.523671 0.797391 0.530435 0.791739 0.529469 0.786522 0.518841 0.774783 0.510145 0.768696
0 0.464734 0.794348 0.457971 0.790870 0.445411 0.788696 0.432850 0.788261 0.415459 0.789565 0.405797 0.792609 0.397101 0.797826 0.396135 0.804783 0.398068 0.808261 0.404831 0.812174 0.415459 0.813043 0.448309 0.807826 0.463768 0.806957 0.468599 0.803478 0.468599 0.797826
0 0.360386 0.768696 0.349758 0.771304 0.346860 0.775217 0.346860 0.779130 0.354589 0.786087 0.355556 0.789565 0.364251 0.799130 0.369082 0.801304 0.371981 0.801304 0.399034 0.794783 0.406763 0.788261 0.406763 0.786087 0.401932 0.780870 0.388406 0.775217
0 0.412560 0.752174 0.407729 0.754348 0.405797 0.757826 0.398068 0.763043 0.398068 0.770870 0.400966 0.776957 0.404831 0.780870 0.416425 0.787391 0.420290 0.788261 0.438647 0.787391 0.461836 0.781739 0.468599 0.772174 0.468599 0.767826 0.465700 0.765217 0.458937 0.763478 0.439614 0.754783 0.425121 0.754348
0 0.261836 0.779130 0.264734 0.784783 0.275362 0.788696 0.290821 0.791739 0.301449 0.792609 0.327536 0.787391 0.321739 0.779130 0.311111 0.775652 0.296618 0.772609 0.286957 0.771739 0.274396 0.772174 0.264734 0.776087
0 0.324638 0.747391 0.316908 0.748696 0.299517 0.754348 0.289855 0.762609 0.287923 0.767826 0.290821 0.771739 0.308213 0.775217 0.323671 0.780435 0.339130 0.780870 0.344928 0.779565 0.346860 0.772609 0.354589 0.763478 0.351691 0.762609 0.342995 0.753478 0.329469 0.747826
0 0.229952 0.747826 0.212560 0.755652 0.210628 0.758261 0.211594 0.765652 0.219324 0.770870 0.233816 0.775652 0.248309 0.778261 0.260870 0.778696 0.265700 0.777391 0.271498 0.773478 0.279227 0.771739 0.285990 0.764783 0.283092 0.755217 0.267633 0.752609 0.257005 0.747826 0.251208 0.748696 0.239614 0.747391
0 0.117874 0.763913 0.115942 0.766522 0.115942 0.775652 0.121739 0.779565 0.160386 0.784783 0.171981 0.783913 0.181643 0.781304 0.190338 0.766522 0.188406 0.763913 0.172947 0.758261 0.151691 0.756087 0.132367 0.758696
0 0.094686 0.756522 0.073430 0.756522 0.062802 0.758261 0.054106 0.761739 0.049275 0.766957 0.050242 0.774348 0.056039 0.780870 0.062802 0.784348 0.078261 0.786957 0.082126 0.790435 0.093720 0.786522 0.109179 0.783043 0.113043 0.780000 0.114010 0.767391 0.112077 0.763478 0.099517 0.757391
0 0.094686 0.747391 0.097585 0.756522 0.105314 0.760000 0.114010 0.762174 0.119807 0.762174 0.137198 0.757826 0.156522 0.754783 0.165217 0.749130 0.164251 0.745652 0.156522 0.742174 0.148792 0.740870 0.114976 0.739565 0.103382 0.741304 0.097585 0.743913
0 0.199034 0.728696 0.197101 0.733478 0.200000 0.738261 0.212560 0.743043 0.229952 0.746957 0.255072 0.746957 0.262802 0.743913 0.266667 0.740870 0.265700 0.732609 0.261836 0.728261 0.253140 0.724348 0.243478 0.721739 0.230918 0.720435 0.218357 0.721304
0 0.154589 0.712609 0.144928 0.710870 0.114976 0.712174 0.107246 0.713478 0.099517 0.717391 0.090821 0.719130 0.088889 0.720870 0.103382 0.733043 0.115942 0.737391 0.137198 0.739565 0.152657 0.739130 0.161353 0.736087 0.167150 0.732174 0.168116 0.722174 0.165217 0.717391
0 0.072464 0.688696 0.064734 0.690000 0.053140 0.695652 0.048309 0.703043 0.048309 0.709565 0.052174 0.715652 0.059903 0.720870 0.064734 0.722174 0.075362 0.722609 0.084058 0.721304 0.090821 0.717826 0.107246 0.713043 0.108213 0.710435 0.108502 0.708435 0.109179 0.705652 0.100483 0.693043 0.083092 0.689565
0 0.124638 0.680435 0.105314 0.688261 0.101449 0.693043 0.103382 0.697826 0.109179 0.702609 0.123671 0.710435 0.143961 0.710435 0.148792 0.709565 0.161643 0.710652 0.167150 0.702609 0.172947 0.697826 0.172947 0.693043 0.163285 0.686957 0.153623 0.683478 0.138164 0.680435
0 0.206763 0.693478 0.195169 0.693043 0.185507 0.693913 0.179710 0.695217 0.170048 0.700870 0.165217 0.711304 0.166184 0.716522 0.170048 0.720000 0.186473 0.727391 0.196135 0.726957 0.224155 0.719565 0.229952 0.713913 0.234783 0.705217 0.231884 0.701304
0 0.271498 0.725652 0.265700 0.728261 0.268599 0.751304 0.271498 0.752609 0.283092 0.753913 0.298551 0.753043 0.312077 0.750435 0.315942 0.748261 0.315942 0.743913 0.311111 0.734783 0.305314 0.730000 0.290821 0.725652 0.283092 0.724783
0 0.236715 0.707391 0.231884 0.712174 0.232850 0.715217 0.250242 0.723043 0.264734 0.726087 0.281159 0.724783 0.287923 0.723043 0.288889 0.716087 0.281159 0.707391 0.270531 0.701739 0.265700 0.700870 0.255072 0.701304
0 0.265700 0.689565 0.262802 0.693043 0.264734 0.696957 0.269565 0.701739 0.287923 0.713478 0.290821 0.714348 0.301449 0.713913 0.315942 0.709130 0.314010 0.702174 0.292754 0.691739 0.275362 0.689130
0 0.308213 0.714348 0.299517 0.717826 0.297585 0.722609 0.301449 0.726957 0.313043 0.732174 0.315942 0.736087 0.329469 0.739130 0.345894 0.737826 0.353623 0.733478 0.360386 0.726087 0.358454 0.719130 0.325604 0.713478
0 0.369082 0.730000 0.347826 0.737826 0.347826 0.746087 0.345894 0.747826 0.346860 0.756957 0.351691 0.761304 0.360386 0.763913 0.390338 0.763913 0.397101 0.761739 0.404831 0.756522 0.403865 0.750435 0.398068 0.739565 0.390338 0.734348 0.377778 0.730870
0 0.403865 0.730000 0.399034 0.732609 0.399034 0.737391 0.403865 0.747391 0.408696 0.750435 0.421256 0.753478 0.429952 0.754348 0.443478 0.753478 0.454106 0.750870 0.462802 0.740435 0.462802 0.736087 0.457005 0.732174 0.441546 0.728696 0.422222 0.726087
0 0.484058 0.734348 0.476329 0.734348 0.470531 0.735652 0.457971 0.746522 0.457005 0.750000 0.452174 0.754348 0.454106 0.760870 0.464734 0.764783 0.482126 0.764348 0.494686 0.762609 0.503382 0.760435 0.508213 0.757391 0.507246 0.753913 0.495652 0.746957 0.492754 0.739565 0.488889 0.736087
0 0.556522 0.728261 0.539130 0.725217 0.531401 0.725217 0.512077 0.728261 0.500483 0.732174 0.494686 0.739130 0.495652 0.744348 0.499517 0.749130 0.508213 0.754348 0.514976 0.755652 0.527536 0.756087 0.550725 0.750870 0.560386 0.742174 0.561353 0.731304
0 0.542029 0.714348 0.535266 0.719565 0.533333 0.724783 0.555556 0.728261 0.561353 0.731304 0.561353 0.736522 0.563285 0.737391 0.570048 0.737391 0.577778 0.735652 0.583575 0.733043 0.584541 0.727391 0.582609 0.723043 0.576812 0.718261 0.561353 0.712609 0.551691 0.712609
0 0.485024 0.703913 0.479227 0.708261 0.481159 0.712609 0.480193 0.721304 0.482126 0.723913 0.501449 0.727826 0.513043 0.727826 0.528502 0.725217 0.536232 0.717391 0.536232 0.712174 0.532367 0.708696 0.523671 0.704783 0.506280 0.701739 0.497585 0.701739
0 0.456039 0.696957 0.431884 0.706957 0.424155 0.713478 0.421256 0.720870 0.424155 0.724783 0.428019 0.726522 0.455072 0.731304 0.460870 0.731304 0.471498 0.729130 0.478261 0.725217 0.480193 0.712174 0.465700 0.699130
0 0.404831 0.699565 0.392271 0.700000 0.375845 0.702609 0.369082 0.706087 0.365217 0.711739 0.365217 0.717826 0.371981 0.724783 0.395169 0.730435 0.408696 0.728261 0.419324 0.724783 0.422222 0.704783 0.418357 0.702174
0 0.351691 0.687391 0.340097 0.693043 0.322705 0.697391 0.318841 0.700870 0.317874 0.705652 0.321739 0.709565 0.329469 0.713043 0.353623 0.717391 0.363285 0.713043 0.364251 0.705217 0.361353 0.693043 0.356522 0.689130
0 0.617391 0.710870 0.602899 0.713478 0.592271 0.719130 0.588406 0.724348 0.592271 0.731739 0.604831 0.737826 0.616425 0.739565 0.628019 0.739565 0.644444 0.733913 0.652174 0.725652 0.654106 0.720435 0.651208 0.717391 0.636715 0.712174
0 0.722705 0.716087 0.714010 0.714348 0.697585 0.713043 0.688889 0.713478 0.674396 0.716522 0.668599 0.720000 0.667633 0.729130 0.672464 0.736087 0.689855 0.741739 0.708213 0.741304 0.725604 0.738261 0.734300 0.732174 0.735266 0.728261 0.731401 0.720435
0 0.805797 0.721304 0.788406 0.716087 0.770242 0.709565 0.752657 0.717826 0.745894 0.719565 0.741063 0.723043 0.738164 0.729565 0.740097 0.739565 0.744928 0.745652 0.750725 0.747391 0.780676 0.749130 0.796135 0.746522 0.812560 0.736957 0.812560 0.729130
0 0.790338 0.690435 0.778744 0.694783 0.771014 0.700870 0.773913 0.708696 0.785507 0.714783 0.803865 0.720870 0.811594 0.721739 0.824155 0.721304 0.828019 0.722174 0.835749 0.721304 0.839614 0.716957 0.838647 0.703478 0.831884 0.696957 0.823188 0.693043 0.811594 0.690000 0.800000 0.689130
0 0.772947 0.691304 0.769082 0.690000 0.758454 0.690000 0.735266 0.694348 0.717874 0.700000 0.708213 0.705652 0.710145 0.712609 0.734300 0.719130 0.743961 0.719130 0.755556 0.716957 0.760386 0.714783 0.770048 0.705652 0.769082 0.700870 0.775845 0.693478
0 0.676329 0.688696 0.657005 0.688696 0.644444 0.692174 0.632850 0.697391 0.630918 0.700000 0.631884 0.705217 0.638647 0.711304 0.664734 0.720435 0.681159 0.714783 0.699517 0.712609 0.703382 0.710870 0.702415 0.699565 0.687923 0.691739
0 0.737198 0.670870 0.727536 0.670000 0.710145 0.670870 0.700483 0.673913 0.693720 0.678261 0.691787 0.681739 0.693720 0.692174 0.696618 0.694783 0.708213 0.699130 0.718841 0.698696 0.744928 0.690870 0.751691 0.686522 0.753623 0.683913 0.751691 0.677391
0 0.569082 0.690870 0.559420 0.694783 0.555556 0.700435 0.562319 0.711304 0.567150 0.713913 0.574879 0.716087 0.592271 0.716087 0.598068 0.715217 0.614493 0.709565 0.622222 0.702174 0.622222 0.699565 0.619324 0.696957 0.589372 0.690000
0 0.631884 0.664348 0.621256 0.665652 0.613527 0.670000 0.606763 0.680000 0.606763 0.693478 0.611594 0.695217 0.617391 0.695217 0.626087 0.696957 0.630918 0.696957 0.639614 0.693913 0.648309 0.678261 0.647343 0.669130 0.638647 0.665217
0 0.511111 0.677391 0.498551 0.682174 0.493720 0.693913 0.497585 0.698261 0.508213 0.701739 0.522705 0.704348 0.535266 0.703913 0.552657 0.700435 0.556522 0.698261 0.557488 0.695217 0.563285 0.690435 0.558454 0.685217 0.548792 0.680870 0.527536 0.676957
0 0.569082 0.654783 0.553623 0.661739 0.551691 0.673913 0.557488 0.678696 0.566184 0.682609 0.574879 0.683913 0.587440 0.683913 0.599034 0.681739 0.604831 0.679130 0.616425 0.666522 0.616425 0.664348 0.610628 0.660000 0.600000 0.656957 0.582609 0.654348
0 0.693720 0.650435 0.689855 0.650435 0.677295 0.653913 0.667633 0.655217 0.659903 0.659130 0.650242 0.668696 0.649275 0.674783 0.651208 0.678261 0.660870 0.681739 0.673430 0.684348 0.684058 0.684348 0.691787 0.681739 0.697585 0.674783 0.709179 0.670435 0.710145 0.666087
0 0.932367 0.740000 0.938164 0.749130 0.944928 0.753913 0.960386 0.758696 0.976812 0.757826 0.996135 0.751304 0.997585 0.744913 1.000000 0.740174 0.996135 0.736957 0.992271 0.734783 0.972947 0.729565 0.965217 0.728696 0.948792 0.729130
0 0.914976 0.706522 0.903382 0.707826 0.899517 0.709565 0.895652 0.713478 0.894686 0.719130 0.904348 0.735217 0.918841 0.740435 0.926570 0.741739 0.936232 0.738261 0.943961 0.732174 0.947826 0.723478 0.947826 0.715652 0.943961 0.710870 0.937198 0.707826 0.927536 0.706522
0 0.950725 0.701739 0.943961 0.704783 0.941063 0.708261 0.946860 0.713043 0.947826 0.722174 0.950725 0.725652 0.965217 0.727391 0.980676 0.727391 0.989372 0.726087 0.996135 0.722174 1.000000 0.715000 0.998261 0.709043 0.996135 0.704783 0.989372 0.702174 0.978744 0.700435 0.959420 0.700435
0 0.866667 0.690000 0.857005 0.691304 0.850242 0.694348 0.840580 0.704348 0.842512 0.714348 0.846377 0.717391 0.854106 0.720000 0.870531 0.719565 0.886957 0.716957 0.892754 0.714783 0.898551 0.708696 0.897585 0.700870 0.891787 0.696522 0.873430 0.690870
0 0.900483 0.685217 0.894686 0.689565 0.894686 0.694348 0.899517 0.703043 0.907246 0.706087 0.934300 0.705652 0.961353 0.693478 0.959420 0.689130 0.942029 0.684783 0.916908 0.683913
0 0.995169 0.685652 0.984541 0.690870 0.985507 0.700435 0.995169 0.703478 1.000000 0.703478 1.000000 0.685652
0 0.945894 0.663478 0.942029 0.666087 0.942995 0.671304 0.940097 0.678696 0.946860 0.684348 0.954589 0.687826 0.968116 0.690435 0.980676 0.690435 0.986473 0.689130 0.996135 0.683913 0.999420 0.680174 1.000000 0.671913 0.995169 0.667391 0.980676 0.663913 0.964251 0.662609 0.949758 0.662609
0 0.917874 0.657391 0.902415 0.657826 0.890821 0.662609 0.878261 0.676522 0.877295 0.682174 0.881159 0.684783 0.898551 0.685217 0.916908 0.683478 0.927536 0.681304 0.937198 0.677391 0.940097 0.674348 0.940097 0.668696 0.930435 0.662174
0 0.821256 0.670435 0.814493 0.679565 0.814493 0.689565 0.819324 0.692174 0.829952 0.694783 0.848309 0.694783 0.858937 0.690435 0.873430 0.689565 0.875362 0.688696 0.877295 0.676522 0.867633 0.670435 0.840580 0.668261 0.832850 0.668261
0 0.778744 0.658696 0.767150 0.661304 0.758454 0.665217 0.753623 0.672174 0.753623 0.679130 0.756522 0.682174 0.767150 0.686522 0.774879 0.688696 0.788406 0.690000 0.810628 0.686087 0.817391 0.674348 0.817391 0.669565 0.812560 0.665652 0.802899 0.661304 0.791304 0.658696
0 0.826087 0.648696 0.820290 0.656522 0.820290 0.660435 0.823188 0.663913 0.829952 0.666957 0.852174 0.669565 0.866667 0.669565 0.883092 0.666957 0.889855 0.662174 0.888889 0.656522 0.865700 0.645652 0.846377 0.643913 0.833816 0.646087
0 0.951691 0.636957 0.947826 0.639130 0.944928 0.647391 0.945894 0.653913 0.950725 0.658696 0.960386 0.662174 0.974879 0.663478 0.987440 0.663478 0.994203 0.661739 1.000000 0.661739 1.000000 0.639565 0.996135 0.639565 0.985507 0.636522 0.971014 0.634348 0.959420 0.634783
0 0.995169 0.622174 0.984541 0.626957 0.983575 0.630870 0.990338 0.636957 0.995169 0.639130 1.000000 0.639130 1.000000 0.622174
0 0.993237 0.587826 0.982609 0.590435 0.971014 0.595217 0.968116 0.598261 0.967150 0.603913 0.971014 0.609565 0.983575 0.615652 0.994203 0.617826 1.000000 0.617826 1.000000 0.587826
0 0.912077 0.604348 0.896618 0.611304 0.897585 0.615652 0.903382 0.622609 0.912077 0.625652 0.933333 0.630000 0.947826 0.630435 0.960386 0.628261 0.967150 0.623478 0.971981 0.616522 0.971981 0.611304 0.967150 0.606957 0.952657 0.602174 0.944928 0.601304 0.922705 0.602609
0 0.885024 0.623043 0.885024 0.630435 0.880193 0.633043 0.876329 0.637826 0.877295 0.642174 0.884058 0.651739 0.899517 0.656957 0.919807 0.655652 0.936232 0.652174 0.942029 0.649130 0.944928 0.645217 0.944928 0.638261 0.939130 0.634348 0.917874 0.626522 0.893720 0.623043
0 0.847343 0.613478 0.841546 0.615217 0.825121 0.624348 0.823188 0.630000 0.824155 0.634783 0.829952 0.639565 0.835749 0.641739 0.865700 0.643043 0.874396 0.638696 0.882126 0.630870 0.883092 0.626522 0.881159 0.623043 0.872464 0.616957 0.867633 0.615217 0.857005 0.613043
0 0.806763 0.629565 0.794203 0.629565 0.774879 0.633043 0.767150 0.638696 0.768116 0.643478 0.773913 0.650870 0.786473 0.654783 0.796135 0.654783 0.806763 0.653043 0.823188 0.646522 0.828986 0.642609 0.828019 0.638696 0.821256 0.633913
0 0.733333 0.633043 0.727536 0.634348 0.722705 0.638261 0.706280 0.646087 0.702415 0.649565 0.704348 0.659130 0.710145 0.665217 0.714976 0.666522 0.737198 0.667826 0.747826 0.665652 0.770048 0.654348 0.771014 0.649130 0.766184 0.642609 0.744928 0.633913
0 0.691787 0.618261 0.680193 0.617826 0.674396 0.618696 0.665700 0.624783 0.657005 0.637826 0.657971 0.643913 0.663768 0.649130 0.672464 0.652174 0.683092 0.649565 0.700483 0.648261 0.717874 0.640000 0.723671 0.634783 0.723671 0.630870 0.714010 0.624348 0.702415 0.620435
0 0.761353 0.598261 0.751691 0.597826 0.739130 0.600870 0.717874 0.610000 0.714010 0.613913 0.714976 0.620435 0.719807 0.625217 0.732367 0.630435 0.742995 0.632609 0.752657 0.632609 0.761353 0.631304 0.771014 0.626957 0.774879 0.623043 0.775845 0.604348 0.771014 0.600870
0 0.815459 0.598261 0.797101 0.597826 0.788406 0.602174 0.773913 0.606957 0.773913 0.616957 0.781643 0.623043 0.795169 0.628261 0.805797 0.627826 0.824155 0.623478 0.832850 0.619565 0.840483 0.613000 0.836715 0.606522 0.834783 0.604783
0 0.893720 0.590870 0.884058 0.589130 0.869565 0.588696 0.852174 0.591304 0.838647 0.595652 0.835749 0.599565 0.836715 0.603913 0.854106 0.612174 0.864734 0.614348 0.874396 0.614348 0.889855 0.611739 0.896618 0.608696 0.903382 0.600870 0.901449 0.595652
0 0.916908 0.570870 0.911111 0.572174 0.899517 0.580000 0.899517 0.587826 0.904348 0.600000 0.908213 0.601739 0.916908 0.602609 0.944928 0.600435 0.957488 0.595652 0.962319 0.592174 0.964251 0.588696 0.963285 0.583478 0.952657 0.576957 0.940097 0.572174 0.928502 0.570870
0 0.994396 0.567043 0.994686 0.571913 0.993913 0.580130 0.995459 0.582043 1.000000 0.583478 1.000000 0.563478
0 0.955556 0.556522 0.941063 0.560435 0.939130 0.562609 0.940097 0.570435 0.963285 0.581739 0.969082 0.586087 0.976812 0.586957 0.985507 0.586522 0.993237 0.580870 0.994396 0.564087 0.987440 0.559565 0.974879 0.555652 0.969082 0.555217
0 0.890821 0.552609 0.884058 0.551739 0.872464 0.552609 0.863768 0.555217 0.854106 0.560870 0.845411 0.570870 0.845411 0.575652 0.850242 0.586522 0.856039 0.589565 0.878261 0.586522 0.893720 0.582174 0.907246 0.573478 0.917874 0.568696 0.917874 0.564348 0.911111 0.559565
0 0.961353 0.533478 0.952657 0.531304 0.932367 0.529565 0.914976 0.532609 0.906280 0.535217 0.899517 0.539565 0.895652 0.547826 0.897585 0.552609 0.908213 0.557826 0.915942 0.559565 0.923671 0.560000 0.942029 0.559565 0.962319 0.554783 0.966184 0.553043 0.970048 0.548261 0.970048 0.540435
0 0.994203 0.535652 0.987440 0.536957 0.977778 0.540870 0.973913 0.544348 0.973913 0.547391 0.978744 0.553913 0.994203 0.558696 1.000000 0.558696 1.000000 0.535652
0 0.929469 0.505217 0.922705 0.509130 0.916908 0.516522 0.918841 0.522174 0.924638 0.525217 0.934300 0.527826 0.954589 0.530435 0.969082 0.533913 0.978744 0.532609 0.993237 0.526087 0.993237 0.517391 0.991304 0.514348 0.978744 0.507826 0.954589 0.502609 0.942029 0.502609
0 0.995169 0.513043 0.991304 0.516522 0.991304 0.526522 0.994203 0.529565 1.000000 0.529565 1.000000 0.513043
0 0.995169 0.475217 0.982609 0.477826 0.969082 0.483043 0.960386 0.489565 0.960386 0.492609 0.970048 0.500000 0.991304 0.506087 1.000000 0.506522 1.000000 0.475217
0 0.914010 0.474348 0.906280 0.478261 0.903382 0.483043 0.907246 0.490870 0.914976 0.497391 0.920773 0.499130 0.931401 0.500000 0.949758 0.498261 0.956522 0.494348 0.960386 0.486957 0.960386 0.482174 0.956522 0.478696 0.944928 0.474348 0.929469 0.473478
0 0.856039 0.494783 0.850242 0.497826 0.849275 0.503478 0.852174 0.510435 0.860870 0.515652 0.876329 0.518696 0.891787 0.519130 0.912077 0.515217 0.918841 0.511739 0.921739 0.505652 0.913043 0.499130 0.901449 0.493913 0.890821 0.492174 0.880193 0.491739
0 0.829952 0.523478 0.829952 0.535217 0.831884 0.537391 0.842512 0.541739 0.857971 0.546087 0.873430 0.548696 0.885024 0.548261 0.892754 0.545652 0.897585 0.539565 0.906280 0.533478 0.905314 0.529130 0.897585 0.524783 0.884058 0.521739 0.862802 0.518696 0.847343 0.519130 0.833816 0.521739
0 0.820290 0.536522 0.802899 0.540000 0.794203 0.544348 0.786473 0.553913 0.786473 0.559565 0.793237 0.566522 0.798068 0.568261 0.817391 0.571304 0.838647 0.571304 0.845411 0.569565 0.853140 0.562174 0.855072 0.558261 0.854106 0.552609 0.849275 0.546522 0.837681 0.539565 0.830918 0.536957
0 0.780676 0.570000 0.769082 0.575217 0.758454 0.583478 0.761353 0.590435 0.767150 0.593478 0.784541 0.597391 0.816425 0.596522 0.823188 0.593043 0.825121 0.590000 0.824155 0.583478 0.819324 0.577826 0.809662 0.571739 0.800000 0.568696 0.794203 0.568261
0 0.705314 0.571304 0.701449 0.572174 0.690821 0.579130 0.687923 0.584348 0.707246 0.598696 0.712077 0.600870 0.722705 0.602609 0.735266 0.601739 0.752657 0.596522 0.760386 0.591739 0.757488 0.585652 0.743961 0.578261 0.726570 0.572174 0.717874 0.570870
0 0.660870 0.592609 0.653140 0.596087 0.649275 0.600870 0.650242 0.607826 0.658937 0.615217 0.667633 0.617826 0.700483 0.617391 0.707246 0.615652 0.712077 0.612174 0.712077 0.606087 0.707246 0.600000 0.699517 0.594348 0.685024 0.590435 0.671498 0.590435
0 0.650242 0.608696 0.638647 0.604348 0.630918 0.602609 0.623188 0.602174 0.610628 0.603043 0.599034 0.606087 0.578744 0.615652 0.575845 0.618261 0.577778 0.632174 0.585507 0.633913 0.613527 0.634348 0.634783 0.631304 0.650242 0.627391 0.656039 0.624783 0.658937 0.621739 0.658937 0.617826
0 0.675362 0.561304 0.655072 0.560870 0.648309 0.561739 0.640580 0.564348 0.636715 0.567826 0.634783 0.572609 0.641546 0.579130 0.646377 0.587826 0.655072 0.591739 0.661836 0.591304 0.673430 0.588696 0.685024 0.583478 0.691787 0.577826 0.695652 0.568261 0.687923 0.564783
0 0.690821 0.535652 0.678261 0.538261 0.665700 0.544348 0.662802 0.547391 0.664734 0.553913 0.670531 0.558696 0.699517 0.569565 0.704348 0.570435 0.717874 0.570000 0.729469 0.564348 0.732367 0.557391 0.731401 0.553043 0.712077 0.539130 0.702415 0.536522
0 0.720773 0.528261 0.717874 0.529565 0.714010 0.537391 0.717874 0.542609 0.731401 0.552609 0.736232 0.560000 0.742995 0.562174 0.752657 0.563043 0.767150 0.561304 0.780676 0.557826 0.787440 0.552609 0.791304 0.546087 0.789372 0.541304 0.780676 0.535652 0.759420 0.527826 0.732367 0.526522
0 0.742995 0.497391 0.725604 0.503913 0.721739 0.509565 0.723671 0.516957 0.728502 0.520435 0.742995 0.526522 0.770048 0.527391 0.778744 0.524783 0.787440 0.516957 0.787440 0.506087 0.770048 0.497826 0.762319 0.496522
0 0.783575 0.480000 0.774879 0.486957 0.771981 0.494783 0.773913 0.498261 0.787440 0.504783 0.794203 0.506087 0.826087 0.505652 0.842512 0.500870 0.844444 0.499130 0.842512 0.491304 0.837681 0.485652 0.828986 0.480870 0.817391 0.478261 0.807729 0.477391 0.794203 0.477391
0 0.677295 0.504348 0.665700 0.508696 0.663768 0.511739 0.665700 0.518696 0.670531 0.523913 0.685990 0.530000 0.689855 0.533478 0.697585 0.535652 0.704348 0.535652 0.709179 0.533913 0.718841 0.525652 0.718841 0.511304 0.710145 0.506087 0.701449 0.503913 0.686957 0.503478
0 0.670531 0.525217 0.646377 0.522609 0.630918 0.525217 0.624155 0.528261 0.624155 0.539565 0.633816 0.547391 0.638647 0.549130 0.651208 0.549565 0.660870 0.548261 0.668599 0.542609 0.680193 0.537391 0.685024 0.533478 0.683092 0.529565 0.678261 0.528696
0 0.587440 0.535217 0.576812 0.544348 0.576812 0.551739 0.586473 0.561739 0.594203 0.565652 0.617391 0.566087 0.630918 0.563913 0.639614 0.560000 0.640580 0.555217 0.634783 0.548696 0.624155 0.540870 0.613527 0.536957 0.596135 0.533913
0 0.569082 0.569130 0.566184 0.571739 0.569082 0.577826 0.569082 0.583478 0.571014 0.586087 0.589372 0.593913 0.607729 0.596957 0.623188 0.596957 0.631884 0.594348 0.643478 0.585217 0.640580 0.578261 0.631884 0.573043 0.613527 0.567391 0.597101 0.566087 0.574879 0.567826
0 0.633816 0.632609 0.621256 0.633043 0.611594 0.634783 0.603865 0.638261 0.597101 0.644348 0.597101 0.649130 0.601932 0.655652 0.620290 0.663478 0.630918 0.663478 0.649275 0.660870 0.660870 0.654783 0.662802 0.650870 0.655072 0.638696 0.639614 0.633478
0 0.535266 0.587391 0.524638 0.592174 0.521739 0.595217 0.519807 0.600435 0.522705 0.606087 0.540097 0.613913 0.560386 0.616957 0.571014 0.616957 0.593237 0.607391 0.594203 0.598261 0.591304 0.595652 0.586473 0.594348 0.578744 0.589565 0.567150 0.586087 0.551691 0.585652
0 0.521739 0.621739 0.516908 0.626087 0.514976 0.631739 0.524638 0.637391 0.542029 0.643043 0.568116 0.646087 0.578744 0.646087 0.580676 0.643913 0.580676 0.634783 0.576812 0.631739 0.572947 0.623913 0.561353 0.618696 0.549758 0.616957 0.541063 0.616957 0.530435 0.618696
0 0.543961 0.642609 0.533333 0.642609 0.516908 0.645652 0.512077 0.651304 0.509179 0.658261 0.514010 0.662174 0.530435 0.666087 0.536232 0.666087 0.549758 0.663478 0.557488 0.657826 0.567150 0.654348 0.566184 0.650000
0 0.457005 0.634783 0.450242 0.638261 0.448309 0.641739 0.448309 0.646522 0.453140 0.653478 0.459903 0.655652 0.490821 0.661739 0.502415 0.658696 0.502415 0.654783 0.512077 0.646522 0.509179 0.638696 0.504348 0.637826 0.498551 0.634783 0.487923 0.633043 0.466667 0.633043
0 0.432850 0.665652 0.430918 0.674348 0.438647 0.679565 0.448309 0.681739 0.470531 0.683913 0.481159 0.683913 0.497585 0.681739 0.505314 0.677826 0.503382 0.670000 0.495652 0.665652 0.467633 0.657826 0.457971 0.656087 0.448309 0.657826
0 0.425121 0.685652 0.418357 0.693478 0.418357 0.697391 0.423188 0.701304 0.428019 0.703043 0.443478 0.703043 0.452174 0.698696 0.458937 0.697391 0.467633 0.700435 0.474396 0.706522 0.486957 0.701304 0.485990 0.696957 0.487923 0.693043 0.484058 0.689130 0.477295 0.686087 0.465700 0.683913 0.446377 0.682174 0.438647 0.682174
0 0.394203 0.665217 0.377778 0.665652 0.364251 0.671739 0.354589 0.681304 0.353623 0.686957 0.369082 0.698696 0.377778 0.701304 0.406763 0.698261 0.418357 0.693043 0.423188 0.684783 0.431884 0.681739 0.430918 0.677391 0.423188 0.673478 0.408696 0.668261
0 0.386473 0.640870 0.383575 0.642174 0.381643 0.645652 0.382609 0.652609 0.385507 0.658261 0.396135 0.663913 0.403865 0.665652 0.423188 0.665652 0.429952 0.664783 0.439614 0.660870 0.446377 0.654348 0.447343 0.650435 0.438647 0.640000 0.412560 0.637391
0 0.342995 0.635217 0.331401 0.641304 0.327536 0.645217 0.326570 0.651304 0.332367 0.656957 0.340097 0.660000 0.367150 0.664348 0.378744 0.664348 0.388406 0.662609 0.381643 0.650000 0.383575 0.642174 0.379710 0.638696 0.360386 0.634348 0.349758 0.633913
0 0.343961 0.665652 0.325604 0.664783 0.316908 0.665652 0.310145 0.667826 0.289855 0.678261 0.286957 0.680870 0.287923 0.687826 0.302415 0.693478 0.314010 0.696087 0.325604 0.695652 0.336232 0.693478 0.350725 0.684783 0.359420 0.673913 0.357488 0.671304
0 0.273430 0.644348 0.267633 0.651739 0.272464 0.659130 0.279227 0.662609 0.299517 0.667391 0.309179 0.667391 0.330435 0.662609 0.332367 0.658261 0.326570 0.650870 0.326570 0.645652 0.323671 0.642174 0.319807 0.640435 0.290821 0.638696 0.283092 0.640435
0 0.216425 0.661739 0.220290 0.670870 0.237681 0.677826 0.243478 0.678261 0.255072 0.681739 0.261836 0.682609 0.275362 0.682609 0.285990 0.677826 0.300386 0.669522 0.292077 0.666826 0.280193 0.664348 0.265700 0.663043 0.249275 0.659565 0.238647 0.659565
0 0.220290 0.674348 0.204831 0.681304 0.201932 0.684783 0.202899 0.691304 0.206763 0.693478 0.228986 0.700000 0.245411 0.700000 0.257005 0.694783 0.263768 0.685217 0.259903 0.683043 0.230918 0.675217
0 0.169082 0.660435 0.150725 0.664783 0.147826 0.667826 0.146860 0.674348 0.151691 0.681739 0.166184 0.686957 0.178744 0.689130 0.190338 0.687391 0.210628 0.676087 0.212560 0.673043 0.207729 0.668261 0.193237 0.662609 0.180676 0.660435
0 0.126570 0.654783 0.101449 0.654783 0.080193 0.657826 0.073430 0.661739 0.065604 0.665913 0.064734 0.672609 0.070531 0.677826 0.080193 0.681739 0.087923 0.682609 0.104348 0.682609 0.138164 0.677826 0.142995 0.675652 0.145894 0.669565 0.140097 0.662174
0 0.090821 0.624783 0.064734 0.623478 0.057005 0.625652 0.051208 0.630435 0.047343 0.636087 0.046377 0.646522 0.056039 0.656087 0.064734 0.658696 0.074396 0.656957 0.083092 0.657391 0.095652 0.655217 0.104348 0.652609 0.111111 0.646957 0.111111 0.632609 0.104348 0.628696
0 0.177778 0.641739 0.168116 0.646087 0.163285 0.650000 0.164251 0.654348 0.175845 0.658696 0.188406 0.660000 0.202899 0.663478 0.210628 0.662609 0.213527 0.661304 0.215459 0.656957 0.214493 0.654348 0.206763 0.647826 0.190338 0.642174
0 0.197101 0.629565 0.194203 0.631304 0.194203 0.641739 0.202899 0.644783 0.216425 0.653478 0.228019 0.658261 0.233816 0.658261 0.248309 0.655652 0.261836 0.650000 0.265700 0.646957 0.263768 0.641304 0.236715 0.630435 0.215459 0.626522 0.205797 0.626957
0 0.134300 0.625217 0.125604 0.626957 0.115942 0.631739 0.114010 0.634783 0.114976 0.647826 0.122705 0.653043 0.133333 0.656087 0.153623 0.654348 0.157488 0.653043 0.163285 0.648261 0.173913 0.642609 0.174879 0.638696 0.171981 0.634348 0.152657 0.626957
0 0.146860 0.607391 0.139130 0.611739 0.138164 0.616522 0.141063 0.620435 0.167150 0.631739 0.178744 0.632609 0.189372 0.631304 0.198068 0.626087 0.200000 0.618261 0.196135 0.613478 0.188406 0.610870 0.181643 0.606522 0.176812 0.605652 0.160386 0.605652
0 0.105314 0.605652 0.097585 0.606957 0.090821 0.609565 0.087923 0.614348 0.090821 0.621304 0.100483 0.626522 0.107246 0.628261 0.117874 0.628261 0.129469 0.623913 0.135266 0.619130 0.135266 0.614783 0.132367 0.610870 0.126570 0.607391
0 0.066667 0.579130 0.055072 0.580870 0.046377 0.583913 0.039614 0.591739 0.036715 0.599565 0.038647 0.605652 0.045411 0.609565 0.049275 0.615217 0.056039 0.619565 0.063768 0.619130 0.068599 0.616522 0.084058 0.613478 0.090821 0.608261 0.103382 0.603913 0.106280 0.596957 0.103382 0.590870 0.084058 0.581739
0 0.152657 0.583478 0.140097 0.583913 0.123671 0.592174 0.122705 0.601304 0.125604 0.604783 0.133333 0.606957 0.143961 0.606957 0.160386 0.604348 0.173913 0.599565 0.172947 0.593478
0 0.213527 0.586522 0.198068 0.587826 0.187440 0.592174 0.184541 0.603043 0.189372 0.609130 0.204831 0.617826 0.211594 0.620000 0.221256 0.618696 0.229952 0.616087 0.246377 0.603913 0.244444 0.595652 0.238647 0.590435 0.232850 0.588696
0 0.264734 0.605217 0.244444 0.607826 0.238647 0.609565 0.235749 0.612609 0.229952 0.614783 0.229952 0.619565 0.238647 0.629130 0.242512 0.631304 0.255072 0.634348 0.272464 0.633913 0.277295 0.631304 0.277295 0.622609 0.273430 0.618696 0.273430 0.614783 0.279227 0.606957
0 0.279227 0.608696 0.275362 0.610870 0.274396 0.613913 0.277295 0.633478 0.289855 0.637391 0.299517 0.638696 0.309179 0.638696 0.318841 0.636522 0.331401 0.630870 0.331401 0.625652 0.319807 0.614348 0.306280 0.610435 0.285024 0.608261
0 0.331401 0.614783 0.331401 0.620000 0.335266 0.627391 0.345894 0.632174 0.379710 0.637391 0.396135 0.633913 0.400966 0.630870 0.401932 0.618696 0.400000 0.616087 0.392271 0.613043 0.372947 0.610870 0.342995 0.611304
0 0.410628 0.610870 0.402899 0.614783 0.400966 0.618261 0.401932 0.624348 0.408696 0.630000 0.425121 0.636087 0.438647 0.637826 0.447343 0.636957 0.459903 0.632174 0.464734 0.627826 0.465700 0.622174 0.462802 0.618696 0.453140 0.613913 0.442512 0.610870
0 0.510145 0.597826 0.494686 0.598261 0.480193 0.602609 0.472464 0.608261 0.466667 0.617826 0.466667 0.623043 0.470531 0.628261 0.497585 0.633043 0.508213 0.632174 0.513043 0.630435 0.528502 0.616087 0.527536 0.611739 0.518841 0.601739
0 0.446377 0.581304 0.435749 0.583478 0.423188 0.590870 0.418357 0.599565 0.418357 0.604348 0.423188 0.608696 0.457005 0.611304 0.466667 0.609565 0.472464 0.606957 0.477295 0.603043 0.485024 0.599565 0.486957 0.594783 0.480193 0.589565 0.462802 0.583043
0 0.468599 0.576957 0.466667 0.580435 0.469565 0.583478 0.494686 0.592609 0.505314 0.593913 0.517874 0.593913 0.524638 0.592174 0.538164 0.583913 0.538164 0.579565 0.534300 0.575652 0.525604 0.573043 0.517874 0.572174 0.496618 0.571739
0 0.502415 0.552609 0.501449 0.556957 0.505314 0.561739 0.522705 0.569130 0.540097 0.573043 0.552657 0.573043 0.563285 0.568696 0.566184 0.563913 0.571981 0.561304 0.571014 0.557391 0.563285 0.552609 0.535266 0.547826 0.514976 0.547826
0 0.441546 0.550870 0.436715 0.553478 0.432850 0.560435 0.433816 0.567826 0.439614 0.572609 0.449275 0.575217 0.466667 0.576087 0.486957 0.573043 0.495652 0.569130 0.496618 0.562609 0.490821 0.554783 0.485990 0.551739 0.473430 0.548261 0.454106 0.547826
0 0.457971 0.514783 0.444444 0.520435 0.438647 0.525652 0.437681 0.533913 0.442512 0.538261 0.460870 0.545217 0.473430 0.547826 0.490821 0.547391 0.500483 0.545217 0.518744 0.544087 0.517874 0.538783 0.513237 0.532870 0.506280 0.528261 0.481159 0.516522 0.466667 0.514348
0 0.542995 0.523478 0.529469 0.525217 0.526570 0.526522 0.520773 0.531739 0.520773 0.538261 0.525604 0.542609 0.534300 0.546522 0.549758 0.546957 0.561353 0.544783 0.578744 0.537391 0.582609 0.534348 0.582609 0.532174 0.579710 0.529130 0.569082 0.525652
0 0.568116 0.501739 0.561353 0.509130 0.560386 0.514348 0.566184 0.520870 0.581643 0.526957 0.597101 0.529130 0.621256 0.528696 0.630918 0.523043 0.640580 0.521739 0.639614 0.516957 0.633816 0.514783 0.627053 0.508261 0.620290 0.505652 0.588406 0.499565 0.577778 0.499565
0 0.360386 0.586957 0.355556 0.589565 0.352657 0.596957 0.354589 0.602174 0.363285 0.606522 0.373913 0.608261 0.391304 0.608261 0.400966 0.607391 0.413527 0.603913 0.415459 0.601304 0.414493 0.590870 0.412560 0.587826 0.402899 0.583478 0.397101 0.582174 0.381643 0.582174
0 0.303382 0.584783 0.296618 0.586522 0.289855 0.590000 0.284058 0.599130 0.285990 0.604783 0.293720 0.608261 0.325604 0.613913 0.339130 0.611304 0.344928 0.608696 0.349758 0.603913 0.345894 0.592609 0.342029 0.588261 0.337198 0.586087 0.327536 0.584348
0 0.229952 0.572609 0.228019 0.580870 0.256039 0.600870 0.263768 0.602174 0.279227 0.600870 0.282126 0.599565 0.286957 0.592174 0.285990 0.588261 0.281159 0.583913 0.264734 0.576087 0.254106 0.574783 0.244444 0.572174 0.237681 0.571739
0 0.346860 0.567826 0.336232 0.564348 0.326570 0.563478 0.302415 0.565652 0.287923 0.569565 0.278261 0.574783 0.276329 0.580870 0.290821 0.587391 0.309179 0.584348 0.321739 0.584348 0.345894 0.587826 0.351691 0.586087 0.354589 0.582174 0.353623 0.576087
0 0.377778 0.550870 0.369082 0.552609 0.354589 0.557826 0.347826 0.564348 0.348792 0.568696 0.365217 0.576522 0.373913 0.579130 0.381643 0.580000 0.396135 0.579565 0.408696 0.576957 0.415459 0.573913 0.420290 0.569130 0.420290 0.563478 0.412560 0.554783 0.408696 0.552609 0.404831 0.551739
0 0.159420 0.555217 0.155556 0.556957 0.146860 0.567391 0.148792 0.573478 0.159420 0.584783 0.175845 0.590000 0.185507 0.590000 0.201932 0.586087 0.212560 0.585217 0.215459 0.583478 0.217391 0.578696 0.212560 0.571304 0.207729 0.567826 0.195169 0.562174 0.182609 0.558696
0 0.107246 0.560435 0.095652 0.562609 0.085024 0.567826 0.082126 0.571739 0.083092 0.576957 0.086957 0.581739 0.097585 0.587391 0.108213 0.590000 0.118841 0.590435 0.125604 0.589130 0.147826 0.580000 0.143961 0.576087 0.144928 0.571304 0.142029 0.568696 0.126570 0.561739 0.120773 0.560435
0 0.056039 0.545652 0.050242 0.547391 0.046377 0.550870 0.046377 0.568696 0.056039 0.576522 0.066667 0.577391 0.082126 0.571304 0.090821 0.564348 0.102415 0.560870 0.102415 0.559565 0.094686 0.552609 0.081159 0.547826 0.065700 0.545652
0 0.117874 0.536522 0.107246 0.540870 0.102415 0.545652 0.101449 0.552609 0.105314 0.556957 0.125604 0.560870 0.146860 0.560870 0.152657 0.556522 0.165217 0.552174 0.166184 0.547391 0.161353 0.540870 0.153623 0.536522 0.143961 0.534783 0.133333 0.534348
0 0.186473 0.541739 0.176812 0.548696 0.183575 0.556957 0.193237 0.560870 0.200966 0.562174 0.212560 0.569130 0.223188 0.570435 0.230918 0.561739 0.231884 0.555217 0.239614 0.549130 0.238647 0.547391 0.226087 0.540870 0.213527 0.538696
0 0.246377 0.548261 0.233816 0.553478 0.231884 0.556087 0.231884 0.565217 0.233816 0.566957 0.256039 0.573913 0.263768 0.574783 0.275362 0.573913 0.285990 0.568261 0.287923 0.565217 0.285990 0.556522 0.282126 0.552609 0.265700 0.547391
0 0.057005 0.518696 0.047343 0.522174 0.040580 0.527826 0.040580 0.533913 0.044444 0.541304 0.047343 0.543043 0.056039 0.545217 0.066667 0.545217 0.079227 0.546957 0.090821 0.546957 0.100483 0.544348 0.108213 0.539130 0.119807 0.533913 0.119807 0.531739 0.111111 0.525652 0.102415 0.521304 0.083092 0.517391 0.070531 0.516957
0 0.308213 0.532174 0.288889 0.536087 0.278261 0.541304 0.273430 0.545217 0.275362 0.548696 0.290821 0.556087 0.303382 0.558261 0.319807 0.558261 0.328502 0.556522 0.335266 0.553043 0.334300 0.544783 0.327536 0.536522 0.320773 0.533913
0 0.334300 0.518696 0.325604 0.523043 0.325604 0.531304 0.328502 0.536957 0.332367 0.540000 0.345894 0.545652 0.364251 0.546957 0.377778 0.545217 0.383575 0.540435 0.378744 0.528696 0.373913 0.525217 0.362319 0.520435 0.343961 0.517826
0 0.392271 0.516522 0.385507 0.517826 0.379710 0.521304 0.380676 0.531739 0.390338 0.542609 0.404831 0.550435 0.416425 0.554348 0.426087 0.554348 0.433816 0.551739 0.444444 0.541304 0.436715 0.533043 0.437681 0.524348 0.435749 0.521739 0.420290 0.515652
0 0.229952 0.520435 0.219324 0.526522 0.220290 0.532609 0.227053 0.539565 0.238647 0.544783 0.246377 0.546522 0.266667 0.546522 0.280193 0.539130 0.283092 0.528696 0.262802 0.519565 0.244444 0.518696
0 0.168116 0.514783 0.160386 0.520870 0.158454 0.533913 0.163285 0.538261 0.178744 0.541739 0.195169 0.538696 0.210628 0.537391 0.218357 0.532609 0.207729 0.521304 0.193237 0.516957 0.178744 0.514783
0 0.112077 0.500000 0.101449 0.504348 0.098551 0.508696 0.103382 0.518696 0.124638 0.529130 0.142029 0.532174 0.152657 0.531304 0.160386 0.525217 0.160386 0.516522 0.151691 0.506957 0.144928 0.501739 0.138164 0.499130 0.122705 0.498696
0 0.093720 0.490000 0.085024 0.488696 0.062802 0.489130 0.047343 0.494348 0.038647 0.500870 0.038647 0.504348 0.042512 0.509565 0.048309 0.512609 0.056039 0.514348 0.069565 0.514348 0.083092 0.513043 0.095652 0.510435 0.101449 0.496957 0.099517 0.493478
0 0.228986 0.492609 0.219324 0.492174 0.212560 0.493043 0.194203 0.501739 0.191304 0.508261 0.193237 0.514348 0.207729 0.519130 0.230918 0.519130 0.241546 0.517826 0.250242 0.515652 0.257971 0.510435 0.257005 0.505652 0.249275 0.499565 0.240580 0.495217
0 0.264734 0.496087 0.253140 0.501739 0.257971 0.506522 0.261836 0.514783 0.272464 0.519565 0.289855 0.521739 0.311111 0.518261 0.317874 0.513913 0.318841 0.507826 0.317874 0.505217 0.309179 0.499130 0.301449 0.496087 0.291787 0.494348 0.273430 0.494783
0 0.325604 0.494348 0.321739 0.501739 0.321739 0.506522 0.340097 0.514783 0.362319 0.519130 0.373913 0.519565 0.381643 0.518696 0.388406 0.516522 0.396135 0.516087 0.400000 0.514348 0.401932 0.507391 0.400000 0.501304 0.390338 0.493913 0.371981 0.486957 0.362319 0.484783 0.349758 0.485217 0.339130 0.487826
0 0.414493 0.491739 0.407729 0.494348 0.403865 0.497826 0.412560 0.510435 0.430918 0.517826 0.436715 0.518696 0.449275 0.517826 0.464734 0.506087 0.465700 0.497391 0.456039 0.491739 0.445411 0.489565 0.427053 0.490000 0.423188 0.491304
0 0.170048 0.474783 0.158454 0.476522 0.153623 0.479130 0.148792 0.483478 0.145894 0.491304 0.146860 0.500000 0.156522 0.507391 0.160386 0.513043 0.168116 0.513913 0.177778 0.512609 0.189372 0.508261 0.194203 0.500435 0.212560 0.490435 0.211594 0.486087 0.200000 0.479130 0.187440 0.476522
0 0.517874 0.496957 0.498551 0.497826 0.487923 0.501739 0.484058 0.505652 0.483092 0.510000 0.486957 0.517391 0.494686 0.521739 0.507246 0.525217 0.519807 0.525217 0.535266 0.522609 0.552367 0.521696 0.553623 0.514391 0.552174 0.508130 0.539130 0.501304 0.530435 0.498696
0 0.547826 0.468696 0.534300 0.470870 0.527536 0.474348 0.523671 0.478696 0.536232 0.496957 0.547826 0.501304 0.561353 0.503478 0.579710 0.497826 0.583575 0.494348 0.588406 0.482174 0.580676 0.474783 0.570048 0.470435 0.562319 0.468696
0 0.106280 0.476957 0.092754 0.486087 0.094686 0.490000 0.106280 0.496522 0.115942 0.498696 0.139130 0.496957 0.142995 0.493913 0.145894 0.486522 0.142029 0.480000 0.136232 0.477826 0.119807 0.475217
0 0.056039 0.459130 0.045411 0.463043 0.041546 0.466522 0.040580 0.472609 0.044444 0.478696 0.051208 0.483913 0.062802 0.488261 0.086957 0.487391 0.093720 0.484783 0.100483 0.479130 0.094686 0.466522 0.083092 0.460870 0.066667 0.458261
0 0.099517 0.458261 0.095652 0.463043 0.106280 0.471739 0.117874 0.474783 0.131401 0.476087 0.144928 0.475217 0.153623 0.467826 0.152657 0.461304 0.149758 0.458696 0.134300 0.456522 0.117874 0.455652 0.107246 0.456087
0 0.205797 0.448696 0.177778 0.449565 0.168116 0.451739 0.159420 0.455217 0.154589 0.459130 0.154589 0.463478 0.157488 0.468696 0.161353 0.471304 0.173913 0.474783 0.194203 0.477826 0.204831 0.477826 0.208696 0.476522 0.228986 0.462609 0.223188 0.455217 0.211594 0.450000
0 0.229952 0.464783 0.220290 0.468261 0.210628 0.474348 0.207729 0.480435 0.211594 0.485217 0.226087 0.491304 0.246377 0.494783 0.271498 0.490435 0.275362 0.487391 0.271498 0.481304 0.271498 0.470870 0.262802 0.467391 0.253140 0.465217 0.243478 0.464348
0 0.340097 0.466522 0.328502 0.464783 0.314010 0.464783 0.292754 0.467826 0.282126 0.470870 0.275362 0.474348 0.275362 0.483043 0.278261 0.486957 0.288889 0.492609 0.303382 0.495217 0.315942 0.494783 0.326570 0.492609 0.336232 0.487826 0.349758 0.483913 0.351691 0.481739 0.351691 0.473043 0.349758 0.470435
0 0.275362 0.439130 0.270531 0.440000 0.255072 0.448261 0.253140 0.450870 0.254106 0.461304 0.256039 0.464783 0.259903 0.466522 0.272464 0.469130 0.283092 0.469130 0.310145 0.464783 0.321739 0.459130 0.322705 0.454783 0.318841 0.450870 0.299517 0.442174 0.284058 0.439130
0 0.170048 0.429565 0.142995 0.429565 0.125604 0.431739 0.117874 0.434783 0.113043 0.439130 0.113043 0.443478 0.119807 0.449565 0.130435 0.454348 0.152657 0.458261 0.170048 0.451304 0.184541 0.447826 0.184541 0.434783 0.177778 0.431304
0 0.116908 0.396087 0.099517 0.403478 0.097585 0.406522 0.099517 0.420435 0.107246 0.427826 0.116908 0.430870 0.127536 0.430870 0.157488 0.427826 0.164251 0.423913 0.166184 0.419565 0.157488 0.412609 0.152657 0.405652 0.137198 0.398261 0.128502 0.396087
0 0.169082 0.393043 0.158454 0.396087 0.153623 0.400000 0.152657 0.404783 0.159420 0.412174 0.170048 0.420870 0.174879 0.423043 0.193237 0.426957 0.204831 0.427391 0.211594 0.424783 0.219324 0.416522 0.216425 0.402609 0.212560 0.396522 0.206763 0.393043 0.196135 0.390870 0.185507 0.390870
0 0.250242 0.427391 0.241546 0.426522 0.217391 0.427391 0.205797 0.429565 0.198068 0.434783 0.203865 0.444783 0.213527 0.450000 0.223188 0.453043 0.231884 0.453478 0.247343 0.451739 0.265700 0.439565 0.265700 0.435652
0 0.234783 0.394783 0.227053 0.396522 0.218357 0.402174 0.218357 0.407826 0.222222 0.416957 0.233816 0.424783 0.257005 0.427826 0.272464 0.420435 0.275362 0.417826 0.274396 0.407826 0.277295 0.404348 0.276329 0.402174 0.261836 0.395652 0.248309 0.394348
0 0.344928 0.376522 0.331401 0.376087 0.316908 0.377826 0.299517 0.382609 0.292754 0.387826 0.291787 0.393043 0.298551 0.398696 0.324638 0.407391 0.336232 0.406957 0.342995 0.405217 0.360386 0.389130 0.357488 0.380000 0.352657 0.377826
0 0.280193 0.402174 0.275362 0.407391 0.275362 0.412609 0.280193 0.417826 0.298551 0.424783 0.308213 0.424783 0.325604 0.419565 0.328502 0.416522 0.327536 0.412174 0.320773 0.406522 0.314010 0.403478 0.300483 0.400000
0 0.342995 0.421739 0.337198 0.420870 0.321739 0.421739 0.303382 0.425652 0.292754 0.430870 0.295652 0.440000 0.309179 0.446522 0.316908 0.448696 0.328502 0.448696 0.333333 0.447391 0.341063 0.441304 0.356522 0.435217 0.358454 0.432609 0.356522 0.427826
0 0.352657 0.439130 0.345894 0.440435 0.340097 0.443043 0.337198 0.446957 0.341063 0.461304 0.354589 0.471739 0.358454 0.472609 0.371981 0.472174 0.386473 0.469130 0.406763 0.454348 0.406763 0.450000 0.402899 0.446522 0.386473 0.440870 0.361353 0.438696
0 0.447343 0.452174 0.433816 0.450000 0.421256 0.450870 0.401932 0.457391 0.389372 0.466522 0.388406 0.480870 0.390338 0.482609 0.395169 0.483478 0.410628 0.483043 0.431884 0.480870 0.438647 0.478696 0.445411 0.471739 0.461836 0.466522 0.461836 0.460435
0 0.508213 0.466522 0.493720 0.464348 0.482126 0.464348 0.465700 0.466087 0.449275 0.471304 0.442512 0.474783 0.442512 0.479565 0.451208 0.489130 0.464734 0.493478 0.476329 0.493913 0.496618 0.491304 0.516908 0.486522 0.520773 0.483478 0.521739 0.474348 0.516908 0.470435
0 0.610628 0.477826 0.603865 0.482174 0.600966 0.488261 0.601932 0.493478 0.607729 0.500435 0.632850 0.508261 0.661836 0.506522 0.678261 0.494783 0.677295 0.491304 0.672464 0.486957 0.663768 0.483913 0.657005 0.483043 0.645411 0.478261 0.630918 0.476087 0.620290 0.475652
0 0.741063 0.472609 0.731401 0.472174 0.724638 0.473043 0.710145 0.477391 0.701449 0.483478 0.700483 0.487391 0.704348 0.493913 0.714010 0.498261 0.724638 0.500435 0.732367 0.500000 0.745894 0.496522 0.761353 0.494783 0.766184 0.490435 0.766184 0.484783 0.760386 0.478696 0.751691 0.474348
0 0.654106 0.456087 0.647343 0.458696 0.643478 0.466522 0.647343 0.477391 0.656039 0.480870 0.671498 0.484348 0.698551 0.483043 0.700483 0.479565 0.709179 0.476957 0.715942 0.473043 0.719807 0.466522 0.714976 0.462609 0.703382 0.457391 0.689855 0.454783 0.673430 0.453913
0 0.881159 0.460435 0.873430 0.459565 0.864734 0.461304 0.845411 0.466957 0.834783 0.471739 0.830918 0.477391 0.831884 0.481739 0.842512 0.488261 0.855072 0.493043 0.868599 0.493043 0.884058 0.490870 0.900483 0.482174 0.908213 0.474783 0.906280 0.471739 0.892754 0.463478
0 0.765217 0.446957 0.756522 0.449130 0.743961 0.454783 0.740097 0.458261 0.739130 0.463043 0.741063 0.466522 0.747826 0.471304 0.760386 0.475652 0.787440 0.475652 0.800000 0.470870 0.803865 0.462174 0.796135 0.452174 0.781643 0.446957
0 0.517874 0.436087 0.506280 0.440870 0.499517 0.445652 0.496618 0.450435 0.497585 0.455217 0.506280 0.464348 0.516908 0.467391 0.529469 0.468696 0.552657 0.466957 0.562319 0.463043 0.569082 0.458261 0.572947 0.451304 0.570048 0.447391 0.546860 0.437391 0.531401 0.435217
0 0.445411 0.427391 0.438647 0.439130 0.439614 0.443913 0.444444 0.448696 0.454106 0.453043 0.466667 0.455652 0.485024 0.455652 0.493720 0.454348 0.502415 0.443478 0.502415 0.438696 0.490821 0.427826 0.483092 0.426087
0 0.403865 0.419565 0.392271 0.422174 0.382609 0.427391 0.380676 0.430435 0.381643 0.434783 0.384541 0.437826 0.403865 0.445217 0.413527 0.447391 0.424155 0.447391 0.430918 0.446087 0.434783 0.443913 0.440580 0.432609 0.440580 0.427391 0.430918 0.420870 0.422222 0.419130
0 0.359420 0.391739 0.352657 0.396087 0.345894 0.403913 0.348792 0.408261 0.347826 0.412609 0.360386 0.416522 0.379710 0.418261 0.395169 0.421304 0.416425 0.417826 0.422222 0.415652 0.425121 0.412609 0.424155 0.408696 0.417391 0.400000 0.408696 0.395217 0.396135 0.390870 0.378744 0.388696
0 0.412560 0.383478 0.411594 0.391739 0.413527 0.392609 0.414493 0.397826 0.426087 0.404348 0.440580 0.405217 0.466667 0.398696 0.471498 0.390870 0.471498 0.386957 0.467633 0.383913 0.433816 0.381304 0.421256 0.381739
0 0.443478 0.406087 0.434783 0.414783 0.433816 0.420435 0.438647 0.424783 0.446377 0.426522 0.491787 0.426522 0.496618 0.424348 0.496618 0.423043 0.490821 0.419565 0.490821 0.415217 0.480193 0.405652 0.465700 0.401304 0.455072 0.401739
0 0.533333 0.384348 0.522705 0.383043 0.485990 0.383478 0.480193 0.384348 0.472464 0.391739 0.472464 0.400000 0.489855 0.407391 0.511111 0.403913 0.533333 0.402609 0.539130 0.399565 0.542995 0.394348 0.541063 0.388696
0 0.499517 0.405652 0.494686 0.409130 0.493720 0.413913 0.496618 0.419130 0.501449 0.423043 0.522705 0.431304 0.534300 0.431739 0.542029 0.430435 0.544928 0.426522 0.556522 0.420000 0.555556 0.415652 0.547826 0.409565 0.541063 0.406522 0.526570 0.403913 0.511111 0.403913
0 0.559420 0.385217 0.545894 0.392174 0.542029 0.399565 0.544928 0.404783 0.553623 0.410870 0.568116 0.416957 0.594203 0.419130 0.603865 0.419130 0.611594 0.417391 0.617391 0.414783 0.622222 0.408261 0.621256 0.403913 0.614493 0.395652 0.598068 0.387826 0.586473 0.384348 0.569082 0.383478
0 0.569082 0.418261 0.550725 0.424348 0.546860 0.427391 0.546860 0.431739 0.551691 0.436957 0.569082 0.445217 0.579710 0.448696 0.587440 0.449130 0.600966 0.445217 0.609662 0.440435 0.605797 0.427826 0.596135 0.420435 0.587440 0.418696
0 0.629952 0.412174 0.621256 0.413913 0.607729 0.423043 0.606763 0.427826 0.611594 0.432174 0.612560 0.439565 0.616425 0.440870 0.631884 0.442174 0.638647 0.444348 0.650242 0.443913 0.662802 0.440435 0.674396 0.427391 0.665700 0.418696 0.657971 0.415652 0.639614 0.411739
0 0.677295 0.429130 0.668599 0.435652 0.667633 0.438696 0.673430 0.447826 0.698551 0.454783 0.709179 0.454348 0.719807 0.451304 0.727536 0.444348 0.726570 0.435217 0.719807 0.429565 0.712077 0.427391 0.692754 0.426957
0 0.732367 0.424783 0.729469 0.428261 0.730435 0.440870 0.742995 0.446957 0.752657 0.448261 0.762319 0.447391 0.769082 0.445652 0.783575 0.445217 0.789372 0.443478 0.794203 0.438696 0.797101 0.431304 0.787440 0.423478 0.768116 0.421739 0.761353 0.420000 0.750725 0.420000 0.742029 0.420870
0 0.674396 0.383478 0.655072 0.383043 0.638647 0.384348 0.621256 0.390000 0.618357 0.392174 0.618357 0.397826 0.624155 0.404783 0.632850 0.410435 0.657005 0.414348 0.673430 0.411304 0.686957 0.405217 0.688889 0.397391 0.687923 0.388696
0 0.719807 0.383478 0.707246 0.383478 0.698551 0.384783 0.691787 0.391304 0.689855 0.397826 0.690821 0.404348 0.693720 0.408261 0.707246 0.415652 0.714976 0.414783 0.732367 0.410000 0.738164 0.400000 0.744928 0.396522 0.746860 0.393043 0.742995 0.389565 0.735266 0.386087
0 0.744928 0.394783 0.739130 0.400435 0.738164 0.408261 0.742029 0.412609 0.751691 0.416957 0.784541 0.421739 0.810628 0.420000 0.814493 0.418696 0.816425 0.416957 0.814493 0.408696 0.790338 0.395652 0.778744 0.392174 0.758454 0.391739
0 0.811594 0.438696 0.807729 0.439565 0.802899 0.444783 0.800966 0.451739 0.803865 0.458696 0.809662 0.464348 0.821256 0.468696 0.837681 0.468696 0.856039 0.463043 0.862802 0.459130 0.862802 0.454348 0.859903 0.450435 0.850242 0.443478 0.834783 0.439130
0 0.899517 0.458696 0.899517 0.466087 0.908213 0.472609 0.929469 0.472609 0.944928 0.473913 0.952657 0.471739 0.954589 0.469130 0.952657 0.459130 0.944928 0.455652 0.916908 0.453043
0 1.000000 0.451739 0.993237 0.451739 0.976812 0.454348 0.956522 0.466087 0.956522 0.470870 0.976812 0.476087 0.987440 0.476087 0.996135 0.473478 1.000000 0.473478
0 0.981643 0.442609 0.977778 0.438696 0.972947 0.436522 0.959420 0.434348 0.920773 0.440000 0.915942 0.442609 0.915942 0.445217 0.918841 0.449565 0.928502 0.453478 0.954589 0.457391 0.962319 0.456522 0.975845 0.452174 0.980676 0.447826
0 0.867633 0.435217 0.861836 0.437826 0.864734 0.452609 0.879227 0.459130 0.895652 0.459130 0.905314 0.455217 0.906280 0.453043 0.910145 0.451304 0.911111 0.443043 0.908213 0.439565 0.901449 0.435217 0.892754 0.433913
0 0.857005 0.413043 0.841546 0.413913 0.825121 0.417391 0.821256 0.419130 0.818357 0.422609 0.818357 0.429130 0.825121 0.436087 0.830918 0.438261 0.847343 0.441304 0.857971 0.439565 0.865700 0.435652 0.880193 0.432174 0.880193 0.423913 0.877295 0.420870 0.865700 0.414783
0 0.986473 0.411739 0.969082 0.416957 0.960386 0.423043 0.960386 0.428696 0.967150 0.433478 0.986473 0.441304 0.990338 0.444348 0.994203 0.445652 1.000000 0.445652 1.000000 0.411739
0 0.800000 0.380000 0.795169 0.382609 0.793237 0.385652 0.793237 0.393043 0.799034 0.398696 0.821256 0.409130 0.837681 0.410870 0.853140 0.410000 0.857005 0.400000 0.862802 0.393478 0.857005 0.384348 0.847343 0.379565 0.830918 0.376087 0.814493 0.376522
0 0.909179 0.384783 0.900483 0.383043 0.886957 0.383043 0.877295 0.384783 0.866667 0.390870 0.859903 0.396087 0.856039 0.402609 0.857005 0.408696 0.865700 0.414348 0.871498 0.415652 0.889855 0.415217 0.900483 0.410435 0.910145 0.409565 0.918841 0.406522 0.924638 0.400435 0.925604 0.395652 0.917874 0.388261
0 0.891787 0.414783 0.888889 0.420000 0.882126 0.423478 0.882126 0.429130 0.885990 0.431304 0.903382 0.435217 0.913043 0.438696 0.933333 0.438261 0.952657 0.434783 0.957488 0.432609 0.957488 0.419565 0.952657 0.415217 0.943961 0.411304 0.933333 0.409565 0.916908 0.409130 0.903382 0.410870
0 0.976812 0.384348 0.969082 0.386522 0.954589 0.394348 0.947826 0.395217 0.945894 0.396522 0.953623 0.398696 0.960386 0.406522 0.967150 0.409565 1.000000 0.410870 1.000000 0.384348