0 0.347701 0.548318 0.335249 0.544435 0.318008 0.541415 0.307471 0.540552 0.293103 0.540984 0.283525 0.548318 0.283525 0.557808 0.290230 0.566868 0.300766 0.568162 0.319923 0.559534 0.337165 0.556946 0.345785 0.552200
0 0.479885 0.262726 0.471264 0.262295 0.462644 0.263589 0.452107 0.267903 0.447318 0.272217 0.441571 0.287317 0.447318 0.291199 0.455939 0.292925 0.482759 0.292494 0.491379 0.290336 0.497126 0.287317 0.500000 0.282571 0.499042 0.275237 0.488506 0.265746
0 0.364943 0.272217 0.353448 0.275237 0.351533 0.277394 0.348659 0.295082 0.356322 0.308024 0.361111 0.311044 0.379310 0.317515 0.386015 0.314064 0.400383 0.301984 0.403257 0.295945 0.403257 0.286885 0.397510 0.280414 0.386015 0.275237 0.372605 0.272217
0 0.308429 0.278689 0.299808 0.282140 0.297893 0.284297 0.295977 0.299827 0.306513 0.307593 0.308429 0.311475 0.318008 0.315789 0.335249 0.309318 0.346743 0.298533 0.348659 0.290768 0.345785 0.286885 0.334291 0.280846 0.322797 0.278689
0 0.229885 0.262726 0.222222 0.263589 0.205939 0.271355 0.202107 0.276963 0.202107 0.283865 0.204023 0.288179 0.213602 0.294219 0.240421 0.297239 0.249042 0.295945 0.260536 0.291199 0.257663 0.274374 0.255747 0.271355 0.246169 0.264884 0.239464 0.263158
0 0.253831 0.297239 0.244253 0.300259 0.238506 0.305867 0.235632 0.317084 0.237548 0.323123 0.243295 0.327437 0.256705 0.331320 0.276820 0.331752 0.290230 0.329163 0.303640 0.321829 0.306513 0.315358 0.305556 0.309318 0.298851 0.304142 0.285441 0.299827 0.265326 0.296808
0 0.225096 0.317515 0.215517 0.314064 0.204023 0.312770 0.191571 0.314495 0.173372 0.322261 0.169540 0.328732 0.171456 0.334340 0.186782 0.337791 0.214559 0.337360 0.222222 0.336066 0.227969 0.330889 0.227969 0.321398
0 0.352490 0.332183 0.340996 0.331752 0.334291 0.333046 0.323755 0.338223 0.316092 0.343831 0.308429 0.352028 0.308429 0.359362 0.315134 0.362813 0.331418 0.365401 0.349617 0.364970 0.361111 0.363244 0.371648 0.358499 0.375479 0.350733 0.374521 0.344694 0.365900 0.336497
0 0.177203 0.339517 0.169540 0.341242 0.163793 0.344694 0.161877 0.348576 0.163793 0.361950 0.175287 0.367127 0.192529 0.369284 0.201149 0.368852 0.214559 0.361519 0.224138 0.359362 0.226054 0.357204 0.225096 0.351165 0.217433 0.347714 0.212644 0.339948 0.205939 0.338654
0 0.198276 0.371441 0.188697 0.369284 0.174330 0.368852 0.147510 0.372304 0.137931 0.377049 0.135057 0.384814 0.145594 0.389129 0.159004 0.391717 0.169540 0.392580 0.179119 0.386972 0.183908 0.386109 0.197318 0.386109 0.200192 0.384814 0.201149 0.378775
0 0.222222 0.359793 0.211686 0.363244 0.202107 0.371009 0.201149 0.373167 0.205939 0.382657 0.209770 0.385246 0.223180 0.388266 0.237548 0.389560 0.247126 0.389129 0.251916 0.386972 0.258621 0.380500 0.258621 0.370578 0.256705 0.366695 0.249042 0.361950 0.242337 0.359793
0 0.204981 0.387403 0.186782 0.386972 0.181034 0.388266 0.173372 0.393011 0.171456 0.399051 0.173372 0.408542 0.185824 0.414150 0.204023 0.412425 0.214559 0.409836 0.218391 0.407248 0.220307 0.403365 0.218391 0.392148 0.214559 0.389560
0 0.154215 0.396462 0.143678 0.396894 0.129310 0.400345 0.116858 0.406385 0.113027 0.410699 0.114943 0.418033 0.134100 0.424072 0.143678 0.425798 0.152299 0.425798 0.167625 0.419758 0.172414 0.412425 0.170498 0.407248 0.163793 0.399914
0 0.116858 0.440466 0.099617 0.447800 0.096743 0.450388 0.095785 0.464193 0.098659 0.470664 0.102490 0.472390 0.126437 0.474547 0.144636 0.473253 0.149425 0.468939 0.152299 0.463330 0.147510 0.452977 0.134100 0.443054 0.127395 0.440897
0 0.190613 0.467645 0.176245 0.466782 0.164751 0.468507 0.151341 0.477998 0.148467 0.492235 0.151341 0.496549 0.159004 0.500431 0.167625 0.500431 0.174330 0.498706 0.196360 0.489215 0.207854 0.482312 0.207854 0.474116
0 0.160920 0.437877 0.155172 0.441329 0.149425 0.450388 0.149425 0.455134 0.153257 0.462899 0.160920 0.466782 0.174330 0.465487 0.196360 0.466350 0.204981 0.461173 0.207854 0.456859 0.206897 0.451682 0.202107 0.448231 0.196360 0.440466 0.192529 0.438740 0.179119 0.436583 0.167625 0.436583
0 0.188697 0.415444 0.173372 0.419327 0.156130 0.427092 0.156130 0.432269 0.165709 0.436152 0.179119 0.436583 0.191571 0.439603 0.195402 0.441760 0.206897 0.442192 0.213602 0.440466 0.221264 0.435720 0.222222 0.429681 0.219349 0.423210 0.215517 0.419327 0.206897 0.415013
0 0.292146 0.377912 0.272989 0.377912 0.263410 0.380069 0.256705 0.383952 0.252874 0.388697 0.255747 0.400345 0.273946 0.405522 0.298851 0.402071 0.309387 0.396894 0.313218 0.391717 0.314176 0.387403 0.312261 0.384814 0.304598 0.380500
0 0.269157 0.404659 0.253831 0.399482 0.238506 0.397757 0.230843 0.399482 0.221264 0.404228 0.218391 0.414150 0.221264 0.423210 0.258621 0.422347 0.273946 0.412425 0.273946 0.407679
0 0.224138 0.423641 0.221264 0.426661 0.223180 0.436583 0.244253 0.443486 0.255747 0.445643 0.268199 0.444349 0.273946 0.439603 0.274904 0.431406 0.264368 0.424072 0.256705 0.422347
0 0.291188 0.408110 0.277778 0.411130 0.266284 0.419758 0.266284 0.424072 0.273946 0.430112 0.281609 0.433563 0.289272 0.435720 0.295977 0.435720 0.309387 0.432701 0.318008 0.419327 0.314176 0.412856 0.308429 0.409836
0 0.369732 0.391717 0.363027 0.389991 0.344828 0.388697 0.324713 0.389129 0.318008 0.390854 0.312261 0.394305 0.311303 0.398188 0.314176 0.403796 0.322797 0.409836 0.334291 0.414150 0.352490 0.412425 0.363985 0.404228 0.365900 0.399051 0.370690 0.393874
0 0.333333 0.376618 0.332375 0.380932 0.334291 0.381795 0.335153 0.383563 0.338985 0.384642 0.346648 0.384858 0.359195 0.388697 0.370690 0.390423 0.376437 0.393443 0.395594 0.390854 0.403257 0.381363 0.403257 0.376618 0.401341 0.374892 0.387931 0.370578 0.362069 0.370578 0.346743 0.372735 0.340996 0.375324
0 0.411877 0.368852 0.403257 0.375324 0.403257 0.380500 0.411877 0.388697 0.424330 0.393874 0.429119 0.394737 0.439655 0.395168 0.453065 0.393011 0.454981 0.390854 0.459770 0.389129 0.461686 0.383520 0.471264 0.377912 0.472222 0.373167 0.457854 0.368421 0.444444 0.367127 0.430077 0.367127
0 0.475096 0.379206 0.464559 0.388266 0.455172 0.394349 0.462835 0.400647 0.471456 0.403840 0.492337 0.402502 0.509579 0.400777 0.520115 0.394305 0.520115 0.383520 0.513410 0.380500 0.495211 0.376618 0.487548 0.376618
0 0.371648 0.396894 0.367816 0.400777 0.368774 0.413719 0.373563 0.416739 0.386973 0.420190 0.422414 0.419327 0.432950 0.416739 0.439655 0.413287 0.440613 0.406385 0.433908 0.399482 0.425287 0.396462 0.405172 0.393011 0.393678 0.392148 0.380268 0.393874
0 0.363985 0.415876 0.353448 0.414582 0.336207 0.415876 0.324713 0.419758 0.316092 0.426230 0.315134 0.432701 0.318008 0.435720 0.336207 0.443486 0.353448 0.443917 0.369732 0.439603 0.381226 0.433995 0.381226 0.424072 0.376437 0.419758
0 0.402299 0.419758 0.394636 0.421053 0.387931 0.424072 0.385057 0.430544 0.395594 0.439603 0.402299 0.440897 0.409962 0.440897 0.418582 0.437877 0.431992 0.435720 0.434866 0.430975 0.432950 0.427955 0.422414 0.421053 0.412835 0.419758
0 0.455939 0.410699 0.447318 0.411993 0.438697 0.415444 0.434866 0.427524 0.438697 0.431406 0.447318 0.435720 0.467433 0.437446 0.473180 0.435720 0.476054 0.433132 0.487548 0.427955 0.488506 0.422347 0.484674 0.418464 0.476054 0.414150 0.466475 0.411130
0 0.221264 0.442192 0.212644 0.448663 0.209770 0.459448 0.210728 0.468507 0.213602 0.471096 0.224138 0.474547 0.234674 0.474978 0.248084 0.472821 0.250000 0.468076 0.272031 0.459016 0.271073 0.455565 0.264368 0.450388 0.249042 0.444349 0.238506 0.442623
0 0.299808 0.437015 0.291188 0.438740 0.280651 0.443917 0.272989 0.450388 0.273946 0.456428 0.292146 0.457291 0.318008 0.461173 0.326628 0.457291 0.332375 0.451682 0.329502 0.443486 0.325670 0.441329 0.309387 0.436583
0 0.253831 0.466350 0.250000 0.470233 0.250000 0.474978 0.272031 0.483607 0.287356 0.485332 0.301724 0.485332 0.309387 0.484469 0.313218 0.482744 0.315134 0.470664 0.312261 0.463330 0.301724 0.458585 0.278736 0.458585
0 0.335249 0.452114 0.325670 0.456859 0.316092 0.465487 0.320881 0.483175 0.323755 0.485764 0.328544 0.487058 0.339080 0.486626 0.347701 0.481881 0.358238 0.478430 0.360153 0.474978 0.359195 0.470233 0.350575 0.466350 0.349617 0.462899
0 0.387931 0.438740 0.378352 0.439172 0.373563 0.440897 0.360153 0.443054 0.351533 0.455134 0.350575 0.462036 0.361111 0.470233 0.367816 0.471096 0.387931 0.470233 0.407088 0.467213 0.412835 0.463330 0.413793 0.458585 0.408046 0.446937 0.401341 0.443054
0 0.429119 0.437446 0.419540 0.439172 0.411877 0.442623 0.411877 0.452114 0.419540 0.460742 0.430077 0.465487 0.448276 0.465919 0.454023 0.462468 0.468391 0.458585 0.471264 0.455565 0.470307 0.450820 0.473180 0.446937 0.461686 0.439603 0.449234 0.437015
0 0.500958 0.427524 0.486590 0.430544 0.481801 0.435720 0.473180 0.436583 0.471264 0.439172 0.472222 0.443486 0.477011 0.448231 0.490421 0.455565 0.510536 0.457722 0.526820 0.455134 0.536398 0.452114 0.543103 0.443917 0.543103 0.438740 0.536398 0.433563 0.526820 0.430112 0.515326 0.427524
0 0.527778 0.402071 0.515326 0.401208 0.501916 0.403365 0.490421 0.403796 0.486590 0.405091 0.482759 0.411562 0.483716 0.416307 0.493295 0.421053 0.499042 0.426230 0.526820 0.426661 0.535441 0.423641 0.544061 0.416307 0.545977 0.411562 0.542146 0.407248
0 0.560345 0.377049 0.550766 0.378343 0.542146 0.381363 0.536398 0.387834 0.536398 0.393443 0.543103 0.399051 0.548851 0.401639 0.551724 0.405091 0.561303 0.407248 0.569923 0.407248 0.581418 0.404659 0.588123 0.401639 0.592912 0.395168 0.593870 0.386109 0.589080 0.380932 0.581418 0.378343 0.570881 0.377049
0 0.559387 0.408542 0.549808 0.411562 0.540230 0.420621 0.537356 0.428387 0.541188 0.435720 0.551724 0.439603 0.571839 0.439172 0.583333 0.437877 0.588123 0.436583 0.592912 0.433132 0.596743 0.427524 0.596743 0.423641 0.590996 0.415876 0.570881 0.408973
0 0.548851 0.441760 0.541188 0.446506 0.540230 0.452114 0.541188 0.453840 0.551724 0.458585 0.558429 0.465056 0.566092 0.467645 0.579502 0.468076 0.587165 0.467213 0.594828 0.464625 0.604406 0.459016 0.607280 0.449525 0.605364 0.445211 0.600575 0.443054 0.579502 0.439603 0.561303 0.440035
0 0.514368 0.457722 0.510536 0.459016 0.509579 0.466782 0.509579 0.471786 0.518199 0.476704 0.524904 0.479292 0.537356 0.479724 0.545019 0.478861 0.554598 0.474978 0.558429 0.471527 0.558429 0.466782 0.554598 0.463330 0.545977 0.458585 0.537356 0.456859 0.525862 0.455997
0 0.455939 0.462899 0.451149 0.468076 0.449234 0.474978 0.450192 0.482744 0.454981 0.486626 0.474138 0.489646 0.478927 0.487058 0.486590 0.485332 0.497126 0.484469 0.509579 0.484901 0.517241 0.482744 0.518199 0.478430 0.513410 0.475841 0.509579 0.469370 0.497126 0.462899 0.482759 0.459448 0.468391 0.459879
0 0.412835 0.465919 0.391762 0.471096 0.386015 0.478430 0.386973 0.482744 0.406130 0.495255 0.422414 0.497412 0.433908 0.493529 0.442529 0.482744 0.442529 0.474116 0.437739 0.469802 0.432950 0.468076
0 0.359195 0.479724 0.350575 0.481450 0.341954 0.486195 0.340996 0.497843 0.342912 0.502157 0.349617 0.506040 0.355364 0.507765 0.363985 0.508197 0.377395 0.506471 0.390805 0.500000 0.391762 0.492666 0.375479 0.481881 0.367816 0.480155
0 0.413793 0.497843 0.387931 0.501726 0.379310 0.505608 0.375479 0.512511 0.371360 0.518723 0.383142 0.520708 0.402107 0.528085 0.413793 0.525884 0.422414 0.523727 0.425287 0.521570 0.428161 0.513805 0.422414 0.500000
0 0.484674 0.486195 0.477969 0.488783 0.474138 0.492235 0.472222 0.497843 0.473180 0.503451 0.481801 0.507334 0.486590 0.511217 0.501916 0.514668 0.507663 0.518550 0.511494 0.518550 0.514368 0.513805 0.527778 0.505608 0.528736 0.497412 0.526820 0.492666 0.522989 0.490078 0.509579 0.486195
0 0.474138 0.505177 0.461686 0.505177 0.438697 0.508628 0.429119 0.513374 0.425287 0.521139 0.425287 0.525884 0.430077 0.530630 0.455939 0.536238 0.472222 0.535375 0.484674 0.531493 0.491379 0.525453 0.492337 0.517256 0.487548 0.512079
0 0.598659 0.404228 0.594828 0.407248 0.592912 0.414582 0.599617 0.420190 0.601533 0.426230 0.612069 0.430544 0.642720 0.429249 0.654215 0.420190 0.657088 0.405091 0.638889 0.401639 0.622605 0.401208 0.611111 0.401639
0 0.666667 0.432269 0.634100 0.430112 0.616858 0.431406 0.612069 0.433995 0.608238 0.442192 0.608238 0.446937 0.611111 0.451682 0.616858 0.455565 0.621648 0.457291 0.638889 0.457291 0.649425 0.453408 0.666667 0.443054 0.669540 0.436583
0 0.820881 0.440897 0.811303 0.440466 0.791188 0.444780 0.782567 0.451251 0.778736 0.457722 0.778736 0.464193 0.786398 0.470233 0.794061 0.472821 0.805556 0.473253 0.814176 0.471959 0.833333 0.471959 0.840038 0.470664 0.844828 0.468076 0.846743 0.458154 0.838123 0.447368
0 0.724138 0.435289 0.709770 0.443054 0.705939 0.450820 0.708812 0.455997 0.721264 0.460742 0.731801 0.462899 0.757663 0.462036 0.764368 0.460742 0.769157 0.458154 0.774904 0.452114 0.774904 0.444349 0.769157 0.437446 0.762452 0.435289 0.746169 0.433132 0.734674 0.433132
0 0.757663 0.415876 0.743295 0.422778 0.739464 0.427092 0.739464 0.431838 0.757663 0.434426 0.772989 0.439172 0.778736 0.440035 0.789272 0.439603 0.795977 0.437015 0.800766 0.430112 0.800766 0.424072 0.794061 0.416307 0.785441 0.414582 0.766284 0.414582
0 0.988506 0.473253 0.977969 0.473684 0.960728 0.478861 0.954023 0.482744 0.949234 0.490078 0.951149 0.495255 0.965517 0.501294 0.977969 0.503883 1.000000 0.501726 1.000000 0.474547
0 1.000000 0.448231 0.995211 0.448231 0.973180 0.453408 0.960728 0.459448 0.957854 0.462899 0.957854 0.467213 0.960728 0.470233 0.969349 0.473253 0.978927 0.473684 0.986590 0.472821 0.994253 0.474547 1.000000 0.474547
0 0.974138 0.439172 0.955939 0.437015 0.931034 0.437015 0.916667 0.438309 0.910920 0.447800 0.910920 0.452114 0.916667 0.459448 0.924330 0.463330 0.931992 0.464625 0.940613 0.464625 0.947318 0.463330 0.955939 0.459879 0.975096 0.449525 0.977969 0.442192
0 0.860153 0.449094 0.856322 0.449525 0.847701 0.459016 0.846743 0.469370 0.847701 0.471096 0.855364 0.473684 0.866858 0.475410 0.873563 0.473684 0.888889 0.471959 0.893678 0.470233 0.897510 0.464625 0.897510 0.458154 0.892720 0.453840 0.885057 0.451251 0.875479 0.449525
0 0.884100 0.473684 0.872605 0.474547 0.863985 0.476704 0.862069 0.481018 0.855364 0.485764 0.852490 0.490078 0.852490 0.494392 0.862069 0.496117 0.865900 0.498274 0.870690 0.499137 0.883142 0.498274 0.895594 0.494823 0.908046 0.493529 0.911877 0.491372 0.912835 0.486195 0.909004 0.482744 0.903257 0.481450
0 0.821839 0.472390 0.812261 0.472821 0.798851 0.476704 0.793103 0.485764 0.793103 0.492235 0.795019 0.494392 0.812261 0.502588 0.827586 0.496117 0.844828 0.494392 0.850575 0.487489 0.850575 0.482312 0.845785 0.478430 0.832375 0.474116
0 0.761494 0.462036 0.744253 0.462899 0.734674 0.464625 0.730843 0.467645 0.730843 0.475841 0.733716 0.481450 0.750958 0.488783 0.768199 0.486626 0.782567 0.480587 0.786398 0.475410 0.779693 0.466782
0 0.735632 0.483607 0.705939 0.484469 0.692529 0.486195 0.684866 0.489646 0.684866 0.494392 0.697318 0.497412 0.710728 0.504745 0.716475 0.506040 0.723180 0.505177 0.732759 0.502157 0.748084 0.490509 0.744253 0.486195
0 0.699234 0.457722 0.691571 0.459879 0.681992 0.465487 0.674330 0.474547 0.677203 0.482312 0.692529 0.484901 0.720307 0.484038 0.724138 0.482312 0.726054 0.479292 0.723180 0.462899 0.718391 0.460311 0.708812 0.458154
0 0.646552 0.472821 0.623563 0.477567 0.617816 0.481450 0.617816 0.485332 0.638889 0.500000 0.643678 0.502157 0.649425 0.502588 0.664751 0.497843 0.674330 0.490509 0.678161 0.481881 0.674330 0.476704 0.667625 0.474547
0 0.738506 0.497412 0.733716 0.503883 0.734674 0.509491 0.738506 0.511648 0.754789 0.513805 0.775862 0.518550 0.779693 0.518550 0.795977 0.514668 0.805556 0.514236 0.805556 0.501726 0.800766 0.497843 0.785441 0.491803 0.771073 0.488783 0.760536 0.488783 0.749042 0.491803
0 0.606322 0.484469 0.595785 0.484038 0.584291 0.486195 0.568966 0.493960 0.564176 0.501294 0.566092 0.506471 0.581418 0.512511 0.597701 0.512942 0.604406 0.511217 0.610153 0.508197 0.622605 0.506040 0.627395 0.503020 0.627395 0.493960 0.621648 0.490078 0.612069 0.485764
0 0.527778 0.508628 0.522031 0.510354 0.518199 0.514236 0.516284 0.519413 0.517241 0.525884 0.522989 0.530630 0.534483 0.534081 0.539272 0.537101 0.552682 0.537964 0.560345 0.533650 0.564176 0.528904 0.574713 0.524159 0.575670 0.516393 0.561303 0.509491 0.544061 0.508197
0 0.633142 0.506903 0.619732 0.507334 0.605364 0.511217 0.598659 0.515962 0.595785 0.521139 0.597701 0.526747 0.613027 0.535807 0.619732 0.538395 0.631226 0.537532 0.640805 0.535375 0.651341 0.534944 0.655172 0.532355 0.658046 0.527179 0.658046 0.521139 0.652299 0.514668 0.640805 0.508628
0 0.691571 0.495686 0.681034 0.495255 0.666667 0.497843 0.656130 0.504314 0.652299 0.509491 0.652299 0.514668 0.662835 0.525884 0.673372 0.528904 0.687739 0.525884 0.702107 0.526747 0.710728 0.525022 0.714559 0.521570 0.715517 0.512511 0.709770 0.505608 0.703065 0.500000
0 0.701149 0.528041 0.689655 0.527610 0.677203 0.528473 0.673372 0.529336 0.664751 0.536670 0.664751 0.541415 0.668582 0.544003 0.670498 0.549180 0.673372 0.550906 0.680077 0.552200 0.691571 0.551337 0.695402 0.548318 0.710728 0.541846 0.710728 0.535375 0.706897 0.531061
0 0.733716 0.512079 0.723180 0.513805 0.718391 0.516393 0.715517 0.520708 0.715517 0.528904 0.717433 0.533218 0.724138 0.538827 0.728927 0.540552 0.736590 0.540984 0.748084 0.538395 0.770115 0.535807 0.775862 0.530630 0.776820 0.522865 0.774904 0.520276 0.761494 0.515099
0 0.847701 0.494823 0.837165 0.494823 0.823755 0.498274 0.817912 0.501510 0.814176 0.505608 0.813218 0.512079 0.815134 0.513805 0.836207 0.518119 0.840996 0.518119 0.863985 0.511217 0.868774 0.506471 0.868774 0.501294 0.863027 0.497412
0 0.822797 0.516393 0.808429 0.515531 0.794061 0.515962 0.786398 0.517256 0.779693 0.521139 0.777778 0.525884 0.778736 0.533650 0.784483 0.537101 0.802682 0.540121 0.813218 0.539258 0.817050 0.537532 0.825670 0.530630 0.831418 0.528904 0.833333 0.526747 0.832375 0.520276
0 0.892720 0.495255 0.877395 0.500431 0.872605 0.509922 0.875479 0.512511 0.906130 0.516393 0.914751 0.515962 0.923372 0.506471 0.921456 0.498706 0.917625 0.496117 0.909962 0.493960
0 0.972222 0.503883 0.960728 0.502588 0.940613 0.505177 0.929119 0.509922 0.923372 0.513805 0.921456 0.516825 0.923372 0.520276 0.931034 0.525884 0.933908 0.530198 0.942529 0.533650 0.969349 0.533218 0.977969 0.529767 0.983716 0.525453 0.986590 0.519845 0.986590 0.513374 0.982759 0.507765
0 0.873563 0.513805 0.855460 0.515746 0.856992 0.525022 0.870690 0.530846 0.873563 0.534081 0.875479 0.534081 0.874330 0.534901 0.876724 0.535807 0.878161 0.538568 0.881609 0.542882 0.896456 0.543745 0.904119 0.543831 0.909962 0.542278 0.918582 0.538827 0.930077 0.530198 0.928161 0.525022 0.909962 0.517256 0.896552 0.516825 0.883142 0.513374
0 0.857280 0.527610 0.846743 0.526230 0.836207 0.528473 0.829502 0.530198 0.819923 0.536238 0.817050 0.541846 0.817050 0.547023 0.819923 0.549180 0.847701 0.554357 0.862069 0.553926 0.869732 0.550906 0.875479 0.542709 0.874521 0.536238 0.865900 0.528904
0 0.961686 0.534944 0.946360 0.534513 0.933908 0.535807 0.922414 0.540984 0.916667 0.544866 0.915709 0.547886 0.916667 0.553926 0.920498 0.557377 0.943487 0.561691 0.949234 0.559534 0.964559 0.557377 0.973180 0.553494 0.977011 0.547455 0.976054 0.540552
0 0.995211 0.516393 0.986590 0.521570 0.983716 0.531924 0.987548 0.537964 0.995211 0.542278 1.000000 0.542278 1.000000 0.516393
0 0.995211 0.541846 0.977011 0.547886 0.974138 0.556514 0.977969 0.558240 0.986590 0.562640 0.991284 0.565444 0.995211 0.566005 1.000000 0.566005 1.000000 0.541846
0 0.970307 0.558240 0.949234 0.560397 0.939655 0.564711 0.937739 0.567299 0.937739 0.575496 0.940613 0.580673 0.959770 0.588870 0.979885 0.588007 0.987548 0.586281 0.993295 0.581104 0.993295 0.571182 0.989464 0.564711
0 0.926245 0.559534 0.909004 0.559965 0.892720 0.565142 0.887931 0.568162 0.884100 0.577222 0.886015 0.579810 0.899425 0.587144 0.909962 0.588007 0.928161 0.585418 0.936782 0.580673 0.936782 0.567299 0.930077 0.560397
0 0.856322 0.578516 0.847701 0.587575 0.848659 0.592321 0.872605 0.595772 0.884100 0.595772 0.891762 0.594478 0.897510 0.591890 0.897510 0.587575 0.883142 0.579810 0.883142 0.578516 0.867816 0.576790
0 0.798851 0.552632 0.793103 0.556083 0.793103 0.560397 0.790230 0.562123 0.788314 0.567731 0.795019 0.577653 0.806513 0.580673 0.824713 0.580673 0.829502 0.581536 0.839080 0.580673 0.849617 0.576359 0.852490 0.572908 0.853448 0.566437 0.850575 0.564280 0.852490 0.562123 0.851533 0.556946 0.839080 0.552632 0.828544 0.551337
0 0.739464 0.540984 0.734674 0.544866 0.734674 0.549180 0.731705 0.548318 0.732280 0.549051 0.733525 0.549871 0.738506 0.551769 0.739464 0.557377 0.745211 0.561260 0.760536 0.562985 0.771073 0.562554 0.787356 0.558671 0.793103 0.553926 0.799808 0.550906 0.804598 0.545298 0.800766 0.540984 0.779693 0.537532 0.759579 0.537532
0 0.713602 0.542278 0.708812 0.542709 0.693487 0.550475 0.690613 0.553063 0.689655 0.557808 0.690613 0.560397 0.713602 0.568594 0.718391 0.569025 0.731801 0.564711 0.737548 0.559534 0.738506 0.555651 0.728927 0.544866 0.723180 0.542709
0 0.637931 0.536238 0.620690 0.540552 0.612452 0.544392 0.613027 0.548749 0.613027 0.556946 0.619732 0.557808 0.634100 0.563417 0.638889 0.567731 0.648467 0.566437 0.662835 0.556514 0.666667 0.551337 0.666667 0.546592 0.659962 0.540552 0.647510 0.537101
0 0.568966 0.531061 0.557471 0.537101 0.557471 0.545729 0.560345 0.549612 0.564751 0.555824 0.574234 0.557161 0.597701 0.553494 0.604406 0.552200 0.613027 0.545298 0.611111 0.536238 0.606322 0.531493 0.590996 0.528473 0.583333 0.528473 0.575670 0.530630
0 0.493295 0.561260 0.482759 0.561691 0.469349 0.563848 0.462644 0.567731 0.459770 0.573339 0.459770 0.579810 0.465517 0.587575 0.474138 0.592321 0.490421 0.595341 0.503831 0.590595 0.512452 0.588870 0.518199 0.575928 0.518199 0.567299 0.514368 0.564280 0.506705 0.562123
0 0.596743 0.558240 0.576628 0.564711 0.575670 0.576359 0.579502 0.579379 0.594828 0.584987 0.620690 0.584987 0.627395 0.579379 0.636015 0.576359 0.632184 0.564711 0.622605 0.559965 0.613985 0.557808
0 0.664751 0.556083 0.649425 0.568162 0.648467 0.573339 0.653257 0.575928 0.663793 0.577653 0.675287 0.581104 0.685824 0.575065 0.698276 0.572476 0.700192 0.567299 0.687739 0.559965 0.679119 0.558240 0.674330 0.556083
0 0.690613 0.574633 0.683908 0.576790 0.680077 0.579810 0.681034 0.584556 0.687739 0.589733 0.690613 0.595341 0.707854 0.600086 0.717433 0.600086 0.729885 0.596204 0.737548 0.592321 0.736590 0.588870 0.722222 0.580673 0.719349 0.577653 0.714559 0.575928 0.707854 0.575496 0.700192 0.573339
0 0.743295 0.563848 0.732759 0.566437 0.725096 0.569888 0.721264 0.576359 0.729885 0.584124 0.740421 0.589733 0.750000 0.592321 0.762452 0.592752 0.769157 0.591890 0.778736 0.588870 0.784483 0.585418 0.786398 0.580242 0.789272 0.578085 0.787356 0.570319 0.782567 0.567299 0.765326 0.563848
0 0.794061 0.583693 0.787356 0.588438 0.784483 0.595772 0.795977 0.603538 0.802682 0.605695 0.815134 0.604832 0.834291 0.605695 0.838123 0.604832 0.841954 0.599223 0.841954 0.589301 0.838123 0.584556 0.824713 0.581536 0.811303 0.581536
0 0.597701 0.681622 0.595785 0.689819 0.604406 0.694996 0.612069 0.696721 0.637931 0.698878 0.649425 0.698878 0.657088 0.697584 0.666667 0.694133 0.664751 0.689387 0.658046 0.685073 0.648467 0.680759 0.622605 0.676014 0.613027 0.676445 0.604406 0.677739
0 0.203065 0.591458 0.203065 0.595341 0.215517 0.605263 0.219349 0.611734 0.233716 0.614625 0.243966 0.609879 0.256705 0.602675 0.257663 0.599223 0.253831 0.595772 0.239464 0.591458 0.223180 0.589733 0.215517 0.589733
0 0.169540 0.593615 0.157088 0.597239 0.152299 0.599223 0.150383 0.602243 0.145594 0.603969 0.144636 0.608283 0.146552 0.611734 0.153257 0.617774 0.164751 0.621225 0.187739 0.621225 0.196360 0.622088 0.206897 0.619068 0.215517 0.612166 0.213602 0.607852 0.210728 0.606126 0.210728 0.603538 0.204023 0.599223 0.187739 0.594909 0.178161 0.593184
0 0.108238 0.594909 0.106322 0.597498 0.099617 0.600086 0.090996 0.608283 0.090996 0.619068 0.099617 0.624245 0.116858 0.626402 0.127395 0.626402 0.143678 0.623814 0.150383 0.619931 0.149425 0.615186 0.145594 0.612166 0.145307 0.599784 0.117816 0.594909
0 0.795019 0.924504 0.783525 0.927524 0.772031 0.932701 0.771073 0.936152 0.775862 0.945211 0.781609 0.949525 0.802682 0.952545 0.822797 0.952114 0.832375 0.946506 0.833333 0.942623 0.830460 0.937877 0.834291 0.933563 0.834291 0.930975 0.821839 0.926661 0.805556 0.924504
0 0.847701 0.912425 0.838123 0.917601 0.833333 0.922778 0.834291 0.928818 0.840996 0.935720 0.847701 0.937446 0.857280 0.937877 0.876437 0.936583 0.884100 0.934858 0.897510 0.927955 0.901341 0.924504 0.902299 0.919758 0.883142 0.912425 0.870690 0.911562 0.853448 0.911562
0 0.913793 0.895168 0.904215 0.897325 0.896552 0.903796 0.894061 0.906601 0.891475 0.911001 0.902299 0.916739 0.911877 0.919758 0.923372 0.920190 0.935824 0.918033 0.944444 0.911562 0.946360 0.908110 0.937739 0.900777 0.931034 0.897757 0.923372 0.895600
0 0.978927 0.880069 0.970307 0.879206 0.960728 0.879638 0.940613 0.883089 0.935824 0.884814 0.933908 0.887403 0.934866 0.896894 0.944444 0.902934 0.950192 0.908542 0.962644 0.909836 0.975096 0.907248 0.992337 0.898619 0.995211 0.893011 0.993295 0.885677 0.986590 0.881795
0 0.995211 0.887834 0.991379 0.900777 0.995211 0.905091 1.000000 0.905091 1.000000 0.887834
0 0.834291 0.892580 0.833333 0.898188 0.840038 0.910699 0.844828 0.911562 0.856322 0.910699 0.883142 0.911562 0.891762 0.907679 0.897510 0.900777 0.897510 0.896462 0.886015 0.891286 0.871648 0.887834 0.863027 0.887403 0.843870 0.889560
0 0.822797 0.895168 0.808429 0.897325 0.789272 0.905091 0.784483 0.910699 0.785441 0.917170 0.794061 0.922778 0.823755 0.926230 0.831418 0.922778 0.837165 0.916307 0.837165 0.906816 0.833333 0.897757 0.830460 0.895600
0 0.755747 0.903365 0.742337 0.905953 0.727011 0.912425 0.723180 0.920190 0.728927 0.927092 0.734674 0.929681 0.770115 0.932269 0.778736 0.929681 0.790230 0.923641 0.785441 0.918464 0.780651 0.907679 0.772989 0.904659
0 0.699234 0.893443 0.697318 0.898619 0.699234 0.908542 0.709770 0.913287 0.726054 0.912856 0.735632 0.908110 0.749042 0.904659 0.751916 0.902934 0.751916 0.899051 0.745211 0.894737 0.726054 0.896031 0.717433 0.895168 0.709770 0.893011
0 0.769157 0.874461 0.759579 0.877049 0.752874 0.880500 0.750000 0.883952 0.750000 0.890423 0.753831 0.893011 0.753831 0.896462 0.756705 0.899914 0.768199 0.903365 0.777778 0.904659 0.789272 0.903796 0.798851 0.901208 0.808429 0.896894 0.810345 0.886540 0.807471 0.880932 0.796935 0.874892
0 0.852490 0.866695 0.834291 0.866264 0.813218 0.868852 0.809387 0.877481 0.817050 0.889129 0.821839 0.892148 0.831418 0.893443 0.840996 0.890423 0.859195 0.887403 0.870690 0.884383 0.874521 0.878343 0.873563 0.874892 0.867816 0.871009
0 0.890805 0.872735 0.875000 0.879594 0.874521 0.885246 0.878352 0.888266 0.899425 0.894305 0.920498 0.893443 0.925287 0.892148 0.931034 0.888697 0.931992 0.885246 0.925287 0.875324 0.920498 0.873167 0.903065 0.869888
0 0.669540 0.881795 0.658046 0.883520 0.641762 0.890854 0.638889 0.897325 0.643678 0.900777 0.665709 0.908110 0.675287 0.909405 0.681992 0.908110 0.692529 0.902502 0.696360 0.897325 0.697318 0.891286 0.691954 0.887834 0.686782 0.883520 0.677203 0.881795
0 0.656130 0.905953 0.640805 0.904659 0.632184 0.902502 0.617816 0.902502 0.605364 0.904228 0.595785 0.919327 0.597701 0.923641 0.603448 0.928387 0.611111 0.930975 0.618774 0.931406 0.629310 0.930544 0.638889 0.928387 0.648467 0.924072 0.658046 0.916739 0.659004 0.908973
0 0.587165 0.892148 0.559387 0.893874 0.543103 0.903365 0.540230 0.906385 0.541188 0.911130 0.552682 0.917601 0.575670 0.921053 0.587165 0.921053 0.594828 0.918464 0.603448 0.907679 0.603448 0.902502 0.598659 0.896894
0 0.527778 0.907679 0.511494 0.908110 0.500958 0.913287 0.490421 0.926230 0.490421 0.928818 0.494253 0.931838 0.507663 0.933995 0.519157 0.934426 0.545019 0.930112 0.551724 0.923641 0.552682 0.919758 0.539272 0.911562
0 0.450192 0.895600 0.443487 0.897757 0.437739 0.905522 0.438697 0.912425 0.443487 0.915876 0.451149 0.918896 0.461686 0.921053 0.475096 0.921053 0.492337 0.917170 0.499042 0.913287 0.502874 0.908542 0.501916 0.903796 0.497126 0.900345 0.491379 0.897757 0.464559 0.893874
0 0.507663 0.879206 0.499042 0.881795 0.492337 0.888266 0.492337 0.897325 0.507663 0.905522 0.520115 0.906385 0.533525 0.905953 0.548851 0.899482 0.556513 0.892580 0.548851 0.889560 0.542146 0.883520 0.537356 0.881363 0.523946 0.878775
0 0.583333 0.864970 0.568966 0.864538 0.541188 0.867990 0.532567 0.872735 0.534483 0.880932 0.551724 0.890423 0.565134 0.891717 0.578544 0.890854 0.588123 0.886109 0.591954 0.879206 0.592912 0.871872 0.590038 0.867558
0 0.632184 0.870147 0.613027 0.870578 0.604406 0.871872 0.600575 0.874029 0.596743 0.882657 0.596743 0.889560 0.602490 0.896894 0.613027 0.900345 0.622605 0.900345 0.634100 0.897325 0.641762 0.891286 0.653257 0.885246 0.653257 0.878343 0.650383 0.875324 0.641762 0.871872
0 0.707854 0.864970 0.700192 0.866695 0.691571 0.871009 0.686782 0.876186 0.686782 0.881795 0.699234 0.890854 0.703065 0.892148 0.716475 0.894305 0.735632 0.895168 0.742337 0.892580 0.749042 0.882226 0.748084 0.873167 0.743295 0.868852 0.732759 0.864970
0 0.759579 0.855047 0.747126 0.864107 0.747126 0.869715 0.759579 0.874461 0.771073 0.874029 0.785441 0.875324 0.799808 0.874461 0.806513 0.869284 0.806513 0.864970 0.800766 0.859362 0.791188 0.855047 0.780651 0.852459 0.766284 0.852890
0 0.799808 0.841242 0.792146 0.845557 0.791188 0.847714 0.786398 0.848576 0.786398 0.851165 0.813218 0.865401 0.840038 0.865401 0.850575 0.861519 0.858238 0.849439 0.858238 0.845557 0.855364 0.841674 0.840038 0.837791 0.815134 0.838223
0 0.884100 0.835203 0.876437 0.836928 0.863985 0.842537 0.856322 0.858930 0.857280 0.864970 0.860153 0.867990 0.871648 0.871441 0.890805 0.871441 0.905172 0.869284 0.909962 0.867127 0.914751 0.861519 0.914751 0.854616 0.906130 0.845125 0.899425 0.839948 0.892720 0.836928
0 0.954023 0.851596 0.941571 0.852028 0.931034 0.854185 0.925287 0.856773 0.916667 0.864970 0.917625 0.870147 0.939655 0.881795 0.954981 0.880500 0.964559 0.876618 0.974138 0.865833 0.975096 0.861087 0.971264 0.856342 0.964559 0.853753
0 0.993295 0.858499 0.985632 0.860224 0.974138 0.865401 0.971264 0.868421 0.970307 0.873598 0.971264 0.876618 0.975096 0.879206 0.988506 0.881795 0.995211 0.885246 1.000000 0.885246 1.000000 0.858499
0 1.000000 0.831320 0.988506 0.830457 0.977969 0.831320 0.967433 0.836497 0.960728 0.843399 0.958812 0.849871 0.969349 0.853753 0.977011 0.859362 1.000000 0.858067
0 0.919540 0.824418 0.912835 0.825280 0.903257 0.828732 0.898467 0.833046 0.896552 0.838223 0.904215 0.842105 0.911877 0.849871 0.918582 0.852459 0.928161 0.853322 0.945402 0.850733 0.956897 0.847282 0.960728 0.842105 0.958812 0.838223 0.961686 0.836066 0.961686 0.833046 0.955939 0.829163 0.944444 0.825280
0 0.995211 0.803710 0.974138 0.811907 0.968391 0.817947 0.968391 0.823555 0.970307 0.826143 0.978927 0.828732 1.000000 0.830457 1.000000 0.803710
0 0.934866 0.798102 0.925287 0.801553 0.916667 0.807161 0.912835 0.811907 0.908046 0.814064 0.907088 0.819672 0.915709 0.823555 0.931034 0.823123 0.952107 0.825712 0.961686 0.822261 0.966475 0.818809 0.966475 0.810613 0.961686 0.805436 0.951149 0.799396 0.944444 0.797670
0 0.865900 0.810181 0.846743 0.811475 0.832375 0.815358 0.824713 0.821829 0.825670 0.827869 0.829502 0.832614 0.834291 0.835203 0.852490 0.839085 0.856322 0.840811 0.866858 0.840811 0.879310 0.836066 0.886973 0.830457 0.887931 0.825712 0.886015 0.820535
0 0.813218 0.814495 0.802682 0.812338 0.790230 0.814495 0.784483 0.817515 0.777778 0.818378 0.764368 0.826575 0.760536 0.830457 0.760536 0.834771 0.777778 0.838654 0.787356 0.838223 0.795977 0.839517 0.813218 0.837791 0.824713 0.830457 0.824713 0.825712
0 0.760536 0.842105 0.752874 0.840811 0.740421 0.840380 0.707854 0.842105 0.697318 0.845557 0.707854 0.862813 0.735632 0.864107 0.745211 0.861950 0.752874 0.858067 0.761494 0.847714 0.762452 0.844694
0 0.669540 0.849008 0.663793 0.850302 0.658046 0.853322 0.649425 0.861519 0.648467 0.867558 0.653257 0.872735 0.674330 0.877481 0.683908 0.874461 0.699234 0.865833 0.702107 0.860224 0.697318 0.853322 0.691571 0.852890 0.681034 0.849439
0 0.612069 0.839085 0.599617 0.841674 0.594828 0.845557 0.602490 0.849439 0.598659 0.857204 0.592912 0.861519 0.596743 0.865401 0.603448 0.868421 0.612069 0.869284 0.626437 0.868852 0.639847 0.866264 0.648467 0.860656 0.653257 0.853753 0.652299 0.845557 0.647510 0.842105 0.632184 0.839517
0 0.592912 0.844694 0.582375 0.841674 0.559387 0.840380 0.543103 0.842537 0.538314 0.844694 0.533525 0.849871 0.533525 0.858067 0.536398 0.861950 0.543103 0.865401 0.563218 0.865401 0.589080 0.862381 0.595785 0.857636 0.597701 0.849871
0 0.517241 0.840811 0.501916 0.845125 0.499042 0.850302 0.504789 0.855910 0.508621 0.863244 0.516284 0.866264 0.531609 0.864107 0.534483 0.861950 0.530651 0.850302 0.534483 0.845557 0.530651 0.844262 0.528736 0.841674
0 0.485632 0.849008 0.471264 0.849439 0.462739 0.850259 0.460249 0.851941 0.452203 0.856299 0.446935 0.862985 0.457854 0.855910 0.454981 0.856342 0.449521 0.863805 0.458812 0.867127 0.458812 0.869284 0.473180 0.873598 0.492050 0.878343 0.505268 0.872994 0.508621 0.868594 0.505747 0.860656 0.500000 0.853322 0.491379 0.852459
0 0.448276 0.867558 0.438697 0.867990 0.427203 0.870578 0.418582 0.874461 0.413793 0.879638 0.412835 0.888266 0.417625 0.895600 0.429119 0.898188 0.439655 0.898619 0.450192 0.895600 0.466475 0.893011 0.472222 0.889991 0.476054 0.885677 0.477011 0.879206 0.473180 0.874892
0 0.376437 0.865401 0.366858 0.867558 0.360153 0.871872 0.358238 0.877912 0.360153 0.883952 0.379310 0.890423 0.386015 0.891717 0.396552 0.891286 0.411877 0.885246 0.413793 0.881363 0.411877 0.873167 0.405172 0.868852 0.387931 0.864970
0 0.420498 0.844262 0.404215 0.848145 0.393678 0.854616 0.392720 0.862813 0.394636 0.864970 0.403257 0.867990 0.422414 0.869284 0.439655 0.866264 0.448276 0.861087 0.449234 0.852890 0.445402 0.849871 0.431034 0.845125
0 0.483716 0.821829 0.464559 0.823123 0.454981 0.826143 0.447318 0.831752 0.442529 0.837360 0.442529 0.841674 0.455939 0.848576 0.466475 0.849008 0.474138 0.847714 0.486590 0.847282 0.500958 0.844694 0.504789 0.842105 0.505747 0.835634 0.500958 0.830026
0 0.402299 0.820535 0.390805 0.822261 0.378352 0.826575 0.377395 0.834340 0.386973 0.840811 0.405172 0.845988 0.412835 0.842968 0.422414 0.842105 0.431992 0.837791 0.432950 0.833909 0.429119 0.826575 0.421456 0.823123 0.414751 0.821398
0 0.358238 0.830026 0.351533 0.831752 0.340038 0.837791 0.339080 0.839948 0.330460 0.843831 0.325670 0.844262 0.324713 0.846419 0.333333 0.849439 0.340038 0.853753 0.346743 0.855479 0.362069 0.857636 0.376437 0.857636 0.387931 0.852459 0.387931 0.843831 0.376437 0.834340 0.373563 0.833046 0.365900 0.832183 0.362069 0.830026
0 0.544061 0.811907 0.516284 0.812338 0.502874 0.814495 0.497126 0.817947 0.499042 0.826575 0.508621 0.835203 0.517241 0.839517 0.529693 0.840811 0.539272 0.840380 0.546935 0.837791 0.557471 0.830889 0.561303 0.824418 0.561303 0.820535 0.556513 0.816221
0 0.585249 0.813632 0.578544 0.814927 0.568966 0.818809 0.568966 0.820966 0.562261 0.828300 0.564176 0.837791 0.568966 0.839517 0.578544 0.840380 0.586207 0.842537 0.595785 0.842537 0.601533 0.839948 0.610153 0.838223 0.624521 0.830889 0.623563 0.822261 0.613985 0.817947 0.595785 0.813632
0 0.648467 0.815789 0.636015 0.820535 0.628352 0.826143 0.626437 0.829594 0.627395 0.835634 0.631226 0.838223 0.656130 0.844694 0.674330 0.843399 0.678161 0.842105 0.684866 0.835634 0.685824 0.830026 0.682950 0.823555 0.678161 0.819672 0.667625 0.816221 0.660920 0.815358
0 0.692529 0.814495 0.684866 0.822261 0.685824 0.834771 0.690613 0.838654 0.699234 0.840380 0.727011 0.840811 0.745211 0.839517 0.749042 0.836497 0.750000 0.831752 0.747126 0.821829 0.741379 0.816221 0.732759 0.812338 0.718391 0.809750 0.707854 0.810181
0 0.853448 0.787317 0.842912 0.785591 0.830460 0.785591 0.810345 0.790768 0.806513 0.795945 0.800766 0.799396 0.800766 0.807161 0.813218 0.813632 0.830460 0.814927 0.863027 0.809750 0.871648 0.805436 0.873563 0.801122 0.870690 0.795513
0 0.920498 0.782140 0.899425 0.781277 0.886973 0.782571 0.874521 0.787317 0.869732 0.790768 0.869732 0.795082 0.874521 0.800259 0.886015 0.808024 0.891762 0.810181 0.901341 0.810613 0.909004 0.808456 0.918582 0.804142 0.930077 0.795082 0.932950 0.791631 0.932950 0.787748
0 0.942529 0.778689 0.937739 0.782140 0.936782 0.789042 0.945402 0.796808 0.969349 0.808887 0.977969 0.808887 0.987548 0.806299 0.993295 0.803279 0.995211 0.800690 1.000000 0.800259 1.000000 0.790768 0.996169 0.790768 0.990421 0.786022 0.976054 0.780414 0.954023 0.777826
0 0.995211 0.761001 0.988506 0.763589 0.979885 0.770923 0.977011 0.775237 0.977011 0.779983 0.995211 0.787748 1.000000 0.787748 1.000000 0.761001
0 0.955939 0.738999 0.951149 0.739431 0.941571 0.744176 0.936782 0.748921 0.935824 0.753667 0.942529 0.763589 0.952107 0.768766 0.962644 0.769629 0.973180 0.768335 0.982759 0.765315 0.984674 0.764021 0.982759 0.760138 0.988506 0.758412 0.990421 0.755393 0.987548 0.747627 0.981801 0.742450 0.969349 0.739431
0 0.995211 0.734685 0.993295 0.737705 0.985632 0.741588 0.983716 0.745039 0.987548 0.748921 0.989464 0.756255 0.995211 0.759707 1.000000 0.759707 1.000000 0.734685
0 0.877395 0.775669 0.882184 0.780846 0.885057 0.781277 0.917625 0.780846 0.939655 0.777826 0.946360 0.775669 0.953065 0.772217 0.953065 0.770923 0.941571 0.765746 0.930077 0.762295 0.909004 0.757550 0.899425 0.757118 0.890805 0.758412 0.882184 0.763158 0.877395 0.770492
0 0.838123 0.751510 0.829502 0.754098 0.812261 0.763158 0.808429 0.767472 0.807471 0.771786 0.809387 0.774806 0.822797 0.779120 0.830460 0.783003 0.846743 0.784297 0.857280 0.786454 0.866858 0.783434 0.874521 0.775669 0.873563 0.769629 0.857280 0.755824 0.848659 0.751510
0 0.768199 0.770060 0.762452 0.771786 0.750000 0.779983 0.747126 0.791199 0.750000 0.793788 0.754789 0.795082 0.774904 0.794219 0.790230 0.795513 0.813218 0.786885 0.817050 0.783865 0.817050 0.781277 0.813218 0.778689 0.805556 0.776963 0.802682 0.775237 0.796935 0.774806 0.778736 0.770060
0 0.789272 0.796376 0.769157 0.794219 0.749042 0.796808 0.738506 0.801553 0.734674 0.807593 0.740421 0.814927 0.748084 0.819241 0.751916 0.820104 0.770115 0.819241 0.779693 0.817084 0.794061 0.811044 0.796935 0.804142 0.793103 0.798102
0 0.737548 0.780414 0.725096 0.779983 0.715517 0.781708 0.707854 0.785160 0.701149 0.790768 0.701149 0.795513 0.707854 0.801984 0.716475 0.805004 0.733716 0.803710 0.735632 0.799827 0.739464 0.798102 0.745211 0.790768 0.745211 0.786022 0.742337 0.782140
0 0.708812 0.751510 0.694444 0.759707 0.692529 0.764021 0.694732 0.774029 0.705268 0.779292 0.717433 0.778257 0.727969 0.778257 0.744253 0.776531 0.752874 0.767903 0.752874 0.764021 0.744253 0.756687 0.740421 0.754961 0.725096 0.752804 0.717433 0.750647
0 0.683908 0.789474 0.664751 0.790768 0.657088 0.794651 0.651341 0.801984 0.652299 0.811044 0.655172 0.814064 0.666667 0.815358 0.673372 0.817515 0.687739 0.816221 0.703065 0.811044 0.707854 0.807593 0.707854 0.803279 0.700192 0.795513 0.694444 0.792494
0 0.621648 0.786022 0.612069 0.788611 0.597701 0.795082 0.590038 0.801553 0.589080 0.807161 0.591954 0.810613 0.606322 0.815358 0.620690 0.817515 0.638889 0.816652 0.647510 0.810613 0.648467 0.801984 0.644636 0.799396 0.641762 0.793788
0 0.682950 0.761864 0.675287 0.760569 0.664751 0.761001 0.629310 0.766178 0.621648 0.770923 0.618774 0.775237 0.620690 0.779551 0.628352 0.783434 0.646552 0.789474 0.658046 0.790336 0.678161 0.787317 0.690613 0.779551 0.692529 0.776100 0.688697 0.765315
0 0.556513 0.786022 0.552682 0.786454 0.533525 0.794651 0.532567 0.803710 0.541188 0.810613 0.556513 0.814064 0.562261 0.816652 0.569923 0.816652 0.579502 0.812770 0.588123 0.803710 0.590038 0.795082 0.569923 0.786885
0 0.530651 0.786885 0.509579 0.783865 0.482759 0.785160 0.467433 0.788611 0.458812 0.794651 0.457854 0.799396 0.458812 0.801984 0.475096 0.815789 0.480843 0.817084 0.493295 0.817084 0.501916 0.814064 0.516284 0.811475 0.522989 0.808456 0.530651 0.803279 0.535441 0.791199
0 0.426245 0.799827 0.417625 0.802416 0.407088 0.810613 0.407088 0.818378 0.409962 0.820535 0.418582 0.822261 0.430077 0.826575 0.448276 0.828300 0.454023 0.824849 0.466475 0.821398 0.470307 0.815789 0.469349 0.810181 0.461686 0.804142 0.454023 0.800690 0.443487 0.798965
0 0.358238 0.794651 0.355364 0.799827 0.356322 0.808456 0.360153 0.815358 0.368774 0.818809 0.376437 0.819672 0.387931 0.819672 0.395594 0.817947 0.403257 0.813632 0.410920 0.805004 0.409004 0.797670 0.398467 0.794219 0.385057 0.792494 0.373563 0.792494
0 0.442529 0.770923 0.435824 0.770492 0.428161 0.771355 0.425287 0.773943 0.420498 0.775237 0.411877 0.785591 0.410920 0.793356 0.412835 0.796376 0.418582 0.798965 0.428161 0.798965 0.454981 0.794651 0.465517 0.788611 0.464559 0.781277 0.455939 0.775237
0 0.293103 0.803279 0.291188 0.806730 0.298851 0.812338 0.318966 0.816221 0.329502 0.820104 0.337165 0.820535 0.344828 0.819672 0.353448 0.814927 0.353448 0.802416 0.343870 0.797239 0.325670 0.796808 0.308429 0.798965 0.302682 0.801553
0 0.345785 0.770923 0.336207 0.769198 0.324713 0.769629 0.315134 0.771355 0.305556 0.775237 0.304598 0.776963 0.298851 0.779551 0.294061 0.789905 0.295019 0.792925 0.300766 0.796376 0.310345 0.797670 0.342912 0.794651 0.356322 0.787317 0.355364 0.779551
0 0.326628 0.820104 0.302682 0.814495 0.291188 0.814927 0.279693 0.817084 0.272989 0.823555 0.270115 0.833909 0.272031 0.838654 0.279693 0.841674 0.286398 0.842537 0.300766 0.841674 0.311303 0.838654 0.327586 0.831752 0.330460 0.825280
0 0.212644 0.797670 0.208812 0.800690 0.208812 0.805867 0.211686 0.808887 0.227969 0.814927 0.234674 0.816221 0.250000 0.816652 0.256705 0.815358 0.267241 0.810613 0.274904 0.803279 0.275862 0.798533 0.268199 0.795945 0.257663 0.794219 0.225096 0.794651
0 0.397510 0.751941 0.368774 0.761001 0.361111 0.770492 0.362069 0.776100 0.365900 0.779120 0.382184 0.783434 0.391762 0.784297 0.400383 0.783865 0.411877 0.779551 0.416667 0.775669 0.418582 0.771355 0.416667 0.762295 0.405172 0.753667
0 0.361111 0.738136 0.351533 0.735116 0.335249 0.732528 0.326628 0.733391 0.316092 0.736842 0.299808 0.753667 0.299808 0.758844 0.308429 0.765315 0.328544 0.765746 0.338123 0.764884 0.352490 0.760569 0.358238 0.757118 0.363027 0.756255 0.369732 0.749784 0.369732 0.745470
0 0.283525 0.751510 0.273946 0.749784 0.256705 0.749353 0.233716 0.756255 0.230843 0.766609 0.238506 0.779551 0.249042 0.779983 0.257663 0.777394 0.275862 0.776531 0.282567 0.774374 0.292146 0.767903 0.294061 0.761864 0.292146 0.756255
0 0.283525 0.722606 0.264368 0.725194 0.255747 0.728645 0.247126 0.736411 0.248084 0.740725 0.255747 0.746333 0.278736 0.749353 0.291188 0.748921 0.299808 0.746333 0.302682 0.742019 0.301724 0.730371 0.291188 0.723900
0 0.230843 0.729077 0.215517 0.730802 0.202107 0.734685 0.195402 0.737705 0.189655 0.743745 0.188697 0.748921 0.194444 0.751510 0.210728 0.755824 0.230843 0.755824 0.246169 0.748490 0.246169 0.734254 0.239464 0.730802
0 0.132184 0.741156 0.128352 0.743745 0.121648 0.752804 0.123563 0.760138 0.138889 0.767472 0.146552 0.769198 0.161877 0.768766 0.177203 0.765315 0.187739 0.759707 0.187739 0.753667 0.181992 0.748490 0.170498 0.742882 0.161877 0.741156
0 0.431992 0.730802 0.420498 0.731234 0.408046 0.733391 0.402299 0.739862 0.402299 0.750647 0.420498 0.761001 0.430077 0.761001 0.435824 0.758412 0.447318 0.745902 0.448276 0.740293 0.445402 0.735548 0.439655 0.732097
0 0.473180 0.751510 0.464559 0.755393 0.455939 0.765746 0.454981 0.772217 0.458812 0.775669 0.466475 0.779551 0.480843 0.781277 0.510536 0.780846 0.517241 0.779551 0.521073 0.776100 0.522989 0.769629 0.519157 0.759707 0.500958 0.751941 0.492337 0.751079
0 0.471264 0.722174 0.463602 0.726488 0.457854 0.734254 0.456897 0.740725 0.458812 0.745039 0.462644 0.748059 0.471264 0.750647 0.500000 0.751079 0.519157 0.746764 0.522989 0.745039 0.528736 0.738999 0.533525 0.736842 0.531609 0.732528 0.524904 0.728214 0.513410 0.723469 0.505747 0.721743 0.478927 0.720880
0 0.604406 0.764452 0.596743 0.761864 0.586207 0.761864 0.566092 0.764452 0.552682 0.767472 0.535824 0.770060 0.530556 0.774116 0.524042 0.781061 0.543678 0.785462 0.571839 0.786454 0.589080 0.786022 0.593870 0.787317 0.598659 0.787317 0.604406 0.785591 0.610153 0.777394 0.608238 0.769198
0 0.561303 0.735548 0.542146 0.735116 0.534483 0.736411 0.528736 0.739862 0.522031 0.750647 0.521073 0.757550 0.525862 0.765746 0.532567 0.767903 0.544061 0.767903 0.548851 0.766178 0.562261 0.764021 0.569923 0.761001 0.580460 0.754098 0.582375 0.748921 0.580460 0.743745 0.575670 0.742019 0.569923 0.737705
0 0.594828 0.736411 0.589080 0.738999 0.585249 0.743745 0.585249 0.751079 0.588123 0.757118 0.590996 0.759707 0.607280 0.766609 0.622605 0.767041 0.641762 0.761864 0.649425 0.757981 0.653257 0.752373 0.652299 0.748059 0.632184 0.739431 0.621648 0.736842 0.606322 0.735548
0 0.641762 0.718723 0.624521 0.725194 0.620690 0.728645 0.619732 0.736411 0.631226 0.739431 0.656130 0.748921 0.674330 0.749353 0.681992 0.740725 0.683908 0.735979 0.683908 0.730802 0.681034 0.725194 0.674330 0.720017 0.668582 0.718292 0.654215 0.717429
0 0.696360 0.712683 0.680077 0.720449 0.683908 0.736411 0.686782 0.740725 0.692529 0.744607 0.698276 0.745902 0.710728 0.746333 0.723180 0.743313 0.734674 0.738999 0.741379 0.732959 0.743295 0.728214 0.734674 0.721743 0.718391 0.713978 0.710728 0.712252
0 0.760536 0.735979 0.751916 0.738999 0.743295 0.747196 0.741379 0.751510 0.743295 0.755393 0.751916 0.760569 0.757663 0.762295 0.769157 0.763589 0.786398 0.763158 0.795019 0.760138 0.799808 0.756255 0.799808 0.748921 0.796935 0.744607 0.786398 0.735548 0.782567 0.734685 0.772031 0.734685
0 0.840996 0.720449 0.831418 0.719154 0.820881 0.720017 0.802682 0.725626 0.789272 0.732528 0.789272 0.736842 0.798851 0.746333 0.803640 0.748059 0.823755 0.748490 0.833333 0.747627 0.843870 0.745470 0.852490 0.739431 0.853448 0.731234
0 0.749042 0.709232 0.737548 0.713978 0.734674 0.716566 0.734674 0.720880 0.748084 0.730371 0.755747 0.732959 0.763410 0.733822 0.787356 0.733391 0.801724 0.724763 0.802682 0.716566 0.797893 0.710958 0.786398 0.707075 0.775862 0.706212 0.764368 0.706212
0 0.725096 0.682916 0.707854 0.686368 0.702107 0.692407 0.699234 0.701467 0.702107 0.705349 0.714559 0.711389 0.735632 0.713115 0.743295 0.711821 0.762452 0.705349 0.763410 0.698447 0.759579 0.692407 0.751916 0.686799 0.735632 0.683779
0 0.874521 0.718292 0.863027 0.721311 0.855364 0.728214 0.855364 0.740293 0.865900 0.746333 0.871648 0.747196 0.882184 0.751510 0.907088 0.750216 0.909962 0.748921 0.912835 0.743313 0.917625 0.741156 0.917625 0.728214 0.909004 0.721311 0.901341 0.718723 0.892720 0.716997
0 0.973180 0.708369 0.958812 0.705781 0.950192 0.705349 0.938697 0.708369 0.924330 0.716566 0.918582 0.723900 0.918582 0.728214 0.921456 0.732528 0.933908 0.738999 0.945402 0.738999 0.961686 0.736842 0.972222 0.732097 0.977969 0.725194 0.980843 0.716997 0.979885 0.712683
0 0.995211 0.707506 0.990421 0.708801 0.983716 0.716135 0.982759 0.726920 0.989464 0.732959 1.000000 0.734254 1.000000 0.707506
0 0.968391 0.686368 0.954023 0.692839 0.954023 0.697584 0.960728 0.703624 0.964559 0.704055 0.977011 0.708801 0.988506 0.708801 0.996169 0.704918 1.000000 0.704918 1.000000 0.685505 0.981801 0.685073
0 0.947318 0.695858 0.934866 0.695427 0.931034 0.694133 0.915709 0.692407 0.906130 0.692407 0.888889 0.696290 0.883142 0.699310 0.880268 0.704055 0.881226 0.708369 0.886015 0.714409 0.908046 0.719586 0.919540 0.718292 0.933908 0.710095 0.951149 0.703624 0.953065 0.700604
0 0.933908 0.665229 0.921456 0.667817 0.907088 0.674288 0.904215 0.676877 0.903257 0.684642 0.906130 0.688525 0.911877 0.691113 0.925287 0.693701 0.941571 0.694133 0.954023 0.688525 0.957854 0.682485 0.957854 0.675582 0.951149 0.669111 0.943487 0.666523
0 0.986590 0.658326 0.980843 0.659620 0.968391 0.665660 0.961686 0.672994 0.960728 0.677739 0.969349 0.683348 0.987548 0.682916 0.995211 0.684642 1.000000 0.684642 1.000000 0.658758
0 0.851533 0.670406 0.843870 0.675151 0.836207 0.685073 0.837165 0.689387 0.842912 0.691976 0.871648 0.698878 0.882184 0.698447 0.895594 0.693701 0.899425 0.689819 0.900383 0.685073 0.889847 0.673425 0.883142 0.671700 0.865900 0.669974
0 0.839080 0.693701 0.830460 0.695427 0.818008 0.702761 0.813218 0.708369 0.813218 0.714840 0.816092 0.717429 0.821839 0.719154 0.833333 0.719154 0.846743 0.721743 0.855364 0.721743 0.873563 0.717429 0.875479 0.708369 0.869732 0.701467 0.860153 0.696721
0 0.794061 0.678602 0.787356 0.680328 0.777778 0.681191 0.768199 0.689819 0.767241 0.697584 0.778736 0.705349 0.788314 0.705781 0.795019 0.707506 0.802682 0.707506 0.812261 0.705781 0.819923 0.701898 0.821839 0.697584 0.825670 0.695427 0.825670 0.688956 0.822797 0.685505 0.813218 0.681622
0 0.818966 0.657463 0.808429 0.659189 0.796935 0.665229 0.794061 0.669974 0.794061 0.675151 0.796935 0.676877 0.806513 0.678602 0.821839 0.683779 0.833333 0.682916 0.840996 0.678602 0.849617 0.670406 0.849617 0.665229 0.840996 0.660483 0.831418 0.658326
0 0.856322 0.656169 0.851533 0.663072 0.856322 0.666523 0.864943 0.669974 0.881226 0.671268 0.893678 0.674288 0.901341 0.674720 0.909004 0.672563 0.917625 0.667817 0.919540 0.656601 0.916667 0.654012 0.887931 0.650129 0.870690 0.650129
0 0.961686 0.638050 0.933908 0.638481 0.926245 0.640207 0.919540 0.646247 0.919540 0.654875 0.925287 0.660052 0.930077 0.662209 0.942529 0.663934 0.962644 0.663503 0.977011 0.657463 0.987548 0.654875 0.989464 0.651855 0.987548 0.646247 0.971264 0.640207
0 0.995211 0.632442 0.990421 0.645815 0.994253 0.653149 1.000000 0.653581 1.000000 0.632442
0 0.994253 0.615617 0.990421 0.618205 0.987548 0.624245 0.994253 0.630716 0.991379 0.647110 0.994253 0.652286 1.000000 0.652718 1.000000 0.615617
0 0.953065 0.609146 0.937739 0.611303 0.925287 0.618637 0.923372 0.622088 0.925287 0.632442 0.929119 0.635893 0.933908 0.637187 0.965517 0.636756 0.981801 0.631579 0.986590 0.627265 0.984674 0.622951 0.978927 0.619500
0 0.968391 0.589301 0.950192 0.597066 0.947318 0.603969 0.950192 0.606557 0.955939 0.608714 0.970307 0.610871 0.978927 0.613891 0.988506 0.613891 0.996169 0.610871 1.000000 0.610871 1.000000 0.589733 0.988506 0.588438
0 0.927203 0.587144 0.917625 0.587575 0.899425 0.592321 0.894636 0.595772 0.890805 0.603538 0.894636 0.605263 0.900383 0.611734 0.926245 0.615617 0.936782 0.610440 0.945402 0.600086 0.944444 0.590595
0 0.889847 0.620794 0.879310 0.622951 0.863985 0.629853 0.860153 0.634167 0.861111 0.642796 0.863985 0.645384 0.877395 0.648835 0.901341 0.650561 0.909004 0.649267 0.917625 0.644953 0.923372 0.635893 0.923372 0.630716 0.918582 0.625108 0.909004 0.621225
0 0.837165 0.629422 0.826628 0.630716 0.812261 0.634167 0.800766 0.642364 0.798851 0.646678 0.800766 0.651855 0.807471 0.655306 0.814176 0.656601 0.829502 0.657463 0.840996 0.659620 0.848659 0.657895 0.854406 0.654875 0.858238 0.638481 0.855364 0.635030 0.845785 0.630716
0 0.847701 0.595772 0.844828 0.598792 0.846743 0.603538 0.842912 0.606557 0.846743 0.621225 0.856322 0.623814 0.873563 0.623382 0.893678 0.614754 0.895594 0.610871 0.891762 0.605263 0.874521 0.598361 0.857280 0.595341
0 0.834291 0.607852 0.824713 0.606557 0.810345 0.606557 0.804598 0.607420 0.795019 0.611303 0.784483 0.621657 0.784483 0.626402 0.787356 0.630285 0.795019 0.630285 0.801724 0.632010 0.814176 0.632010 0.824713 0.630716 0.839080 0.627265 0.838123 0.610871
0 0.787356 0.639776 0.777778 0.638913 0.757663 0.640638 0.751916 0.641933 0.749042 0.644953 0.749042 0.650129 0.757663 0.655738 0.763410 0.663503 0.769157 0.665229 0.789272 0.663934 0.797893 0.657895 0.797893 0.646247 0.794061 0.642364
0 0.784483 0.666091 0.769157 0.666091 0.746169 0.670406 0.740421 0.673857 0.738506 0.677308 0.740421 0.680328 0.757663 0.688956 0.769157 0.688525 0.777778 0.680328 0.789272 0.675582 0.789272 0.669974
0 0.741379 0.649267 0.722222 0.648835 0.707854 0.649698 0.689655 0.655306 0.687739 0.659189 0.690613 0.667386 0.716475 0.675582 0.729885 0.674720 0.744253 0.671700 0.748084 0.669543 0.749042 0.665660 0.754789 0.661777 0.755747 0.657463 0.753831 0.653581
0 0.657088 0.674288 0.651341 0.677308 0.651341 0.681191 0.670498 0.693270 0.675287 0.694564 0.688697 0.695427 0.695402 0.694564 0.700192 0.692407 0.707854 0.685073 0.709770 0.679896 0.708812 0.674720 0.702107 0.671700 0.692529 0.669974 0.673372 0.670837
0 0.680077 0.696290 0.661877 0.697153 0.654215 0.702330 0.652299 0.704918 0.652299 0.713546 0.657088 0.716997 0.674330 0.718292 0.682950 0.716997 0.691571 0.711821 0.701149 0.711389 0.704981 0.708801 0.692529 0.699310 0.687739 0.697153
0 0.594828 0.698016 0.589080 0.701467 0.589080 0.707938 0.594828 0.713546 0.598659 0.720880 0.608238 0.725194 0.620690 0.725194 0.639847 0.717429 0.646552 0.709232 0.645594 0.702761 0.639847 0.699741 0.609195 0.697153
0 0.579502 0.703624 0.568008 0.704487 0.551724 0.709232 0.537356 0.716566 0.533525 0.721743 0.533525 0.728645 0.542146 0.732528 0.570881 0.735548 0.578544 0.734685 0.589080 0.731665 0.594828 0.723037 0.593870 0.712683 0.591954 0.709232
0 0.507663 0.684642 0.494253 0.697153 0.490421 0.705867 0.494923 0.714582 0.507759 0.719413 0.532854 0.716997 0.544061 0.711389 0.552682 0.705349 0.555556 0.702200 0.554598 0.698447 0.552682 0.693270 0.549521 0.693184 0.548372 0.691890 0.545977 0.691113 0.545977 0.688956 0.543103 0.687230 0.535441 0.685505 0.519157 0.684211
0 0.552682 0.667817 0.544061 0.663503 0.534483 0.663072 0.525862 0.664797 0.505747 0.672131 0.499042 0.677308 0.499042 0.682053 0.518199 0.683348 0.532567 0.685505 0.545019 0.685073 0.554598 0.681622 0.556513 0.678602 0.556513 0.672563
0 0.585249 0.650129 0.568966 0.654443 0.558429 0.658758 0.555556 0.661346 0.555556 0.666954 0.559387 0.672131 0.564176 0.675151 0.569923 0.676445 0.595785 0.678602 0.605364 0.675582 0.613985 0.670837 0.615900 0.660915 0.606322 0.654012 0.589080 0.650129
0 0.638889 0.648835 0.632184 0.650129 0.623563 0.654875 0.620690 0.673857 0.637931 0.677739 0.643678 0.677739 0.660920 0.672563 0.674330 0.670406 0.679119 0.667386 0.681034 0.661777 0.674330 0.655306 0.665709 0.654443 0.660920 0.650129
0 0.703065 0.629422 0.693487 0.627696 0.683908 0.628128 0.669540 0.630716 0.661877 0.634167 0.657088 0.641501 0.658046 0.646678 0.673372 0.653149 0.691571 0.653149 0.709770 0.647972 0.713602 0.642796 0.713602 0.637619 0.708812 0.632010
0 0.634100 0.625539 0.610153 0.625971 0.600575 0.628128 0.592912 0.633736 0.598659 0.642796 0.613027 0.651424 0.622605 0.651855 0.643678 0.646247 0.654215 0.641070 0.655172 0.634599 0.644636 0.630716 0.640805 0.626833
0 0.717433 0.621657 0.707854 0.625971 0.708812 0.631148 0.717433 0.637619 0.724138 0.640638 0.731801 0.641933 0.745211 0.641070 0.750000 0.639776 0.761494 0.630716 0.759579 0.625108 0.753831 0.622519 0.745211 0.621657
0 0.771073 0.594909 0.742337 0.594478 0.735632 0.595341 0.724138 0.599223 0.727969 0.611734 0.734674 0.619068 0.752874 0.621225 0.758621 0.619068 0.769157 0.617343 0.778736 0.613460 0.784483 0.605695 0.783525 0.599655
0 0.690613 0.598361 0.681992 0.601381 0.672414 0.607420 0.671456 0.611734 0.674330 0.620362 0.677203 0.622519 0.684866 0.623814 0.707854 0.623382 0.717433 0.619068 0.720307 0.611303 0.709770 0.601381 0.701149 0.599223
0 0.613027 0.609577 0.609195 0.615617 0.609195 0.621657 0.612069 0.624245 0.651341 0.625539 0.662835 0.622951 0.664751 0.610871 0.654215 0.606989 0.630268 0.603106 0.621648 0.607420
0 0.630268 0.580242 0.624521 0.587144 0.626437 0.591458 0.625479 0.596635 0.630268 0.601381 0.638889 0.603106 0.651341 0.603969 0.665709 0.603106 0.683908 0.599223 0.685824 0.592752 0.682950 0.588438 0.676245 0.583693 0.671456 0.582830 0.665709 0.579810 0.647510 0.577222
0 0.616858 0.586281 0.596743 0.586281 0.578544 0.591458 0.571839 0.595341 0.568966 0.599223 0.572797 0.604400 0.583333 0.606557 0.594828 0.610871 0.605364 0.611734 0.615900 0.606126 0.623563 0.598361 0.622605 0.589301
0 0.543103 0.614323 0.541188 0.623382 0.551724 0.628991 0.587165 0.628559 0.597701 0.623814 0.593870 0.611303 0.583333 0.608283 0.568008 0.606989 0.552682 0.610009
0 0.579502 0.628991 0.568966 0.628128 0.560345 0.629853 0.548851 0.636324 0.545977 0.641933 0.543103 0.643227 0.542146 0.647541 0.543103 0.652718 0.547893 0.655306 0.561303 0.656169 0.576628 0.650561 0.590996 0.642796 0.592912 0.639344 0.590996 0.635462
0 0.561303 0.681191 0.547893 0.685505 0.547893 0.689819 0.557471 0.697584 0.561303 0.702761 0.566092 0.703624 0.582375 0.702761 0.587165 0.701035 0.594828 0.693701 0.591954 0.687662 0.579502 0.682053 0.570881 0.680759
0 0.493295 0.634599 0.499042 0.633305 0.530651 0.632442 0.543103 0.635030 0.545019 0.639776 0.540230 0.652286 0.536398 0.655306 0.525862 0.656601 0.521073 0.651424 0.512452 0.647541 0.496169 0.642796 0.484387 0.637015
0 0.477969 0.639776 0.476054 0.641070 0.476054 0.647110 0.479885 0.657032 0.485632 0.662209 0.496169 0.667386 0.502874 0.668248 0.510536 0.668248 0.521073 0.666091 0.526820 0.663503 0.528736 0.657463 0.522031 0.651855 0.510536 0.646678 0.496169 0.642364 0.482759 0.639344
0 0.525862 0.605263 0.515326 0.606557 0.508621 0.609577 0.498084 0.619500 0.495211 0.627265 0.500000 0.631579 0.517241 0.632010 0.525862 0.631148 0.536398 0.623814 0.540230 0.615617 0.539272 0.612166 0.535441 0.607852
0 0.425287 0.611734 0.421456 0.613891 0.414751 0.629422 0.414751 0.634167 0.417625 0.638481 0.431034 0.641070 0.466475 0.636756 0.476054 0.630716 0.477011 0.626833 0.474138 0.621657 0.465517 0.617343 0.445402 0.612597 0.434866 0.611303
0 0.464559 0.638481 0.454023 0.638481 0.437739 0.640638 0.429119 0.644953 0.430077 0.653149 0.437739 0.655738 0.447318 0.663503 0.457854 0.663503 0.474138 0.660483 0.477011 0.658758 0.477969 0.651424 0.475096 0.643658 0.471264 0.640638
0 0.465517 0.662640 0.451149 0.665660 0.442529 0.669974 0.439655 0.674288 0.440613 0.681191 0.449234 0.687662 0.465517 0.690682 0.483716 0.691976 0.488506 0.690682 0.490421 0.688525 0.496169 0.669974 0.487548 0.663503 0.477969 0.662209
0 0.482759 0.691976 0.465517 0.691544 0.454981 0.694133 0.445402 0.698878 0.443487 0.705781 0.453065 0.712683 0.454502 0.720147 0.463602 0.722174 0.467433 0.722174 0.473180 0.720449 0.478927 0.713115 0.485632 0.709664 0.489464 0.704918 0.490421 0.701035 0.488506 0.697153
0 0.436782 0.704487 0.424330 0.702330 0.415709 0.702330 0.403257 0.704055 0.394636 0.708369 0.388889 0.718723 0.388889 0.722174 0.391762 0.728645 0.395594 0.731234 0.405172 0.732528 0.418582 0.730371 0.438697 0.729077 0.448276 0.726057 0.452107 0.721311 0.451149 0.712252 0.448276 0.708801
0 0.342912 0.710095 0.333333 0.716997 0.331418 0.720017 0.331418 0.726488 0.331513 0.730500 0.338985 0.732399 0.350287 0.734167 0.365805 0.737662 0.377395 0.735548 0.386015 0.729077 0.386015 0.719586 0.382184 0.712683 0.371648 0.708369 0.359195 0.708369
0 0.275862 0.697153 0.271073 0.700604 0.272989 0.709664 0.284483 0.719154 0.299808 0.725626 0.310345 0.725194 0.318008 0.722606 0.329502 0.714840 0.333333 0.706644 0.330460 0.701467 0.319923 0.698016 0.309387 0.696721 0.290230 0.695858
0 0.248084 0.698878 0.226054 0.700173 0.221264 0.702761 0.216475 0.708801 0.216475 0.713115 0.221264 0.719154 0.227969 0.724331 0.238506 0.728645 0.248084 0.728645 0.262452 0.723900 0.265326 0.722174 0.270115 0.713978 0.269157 0.704918 0.262452 0.701035
0 0.198276 0.708369 0.187739 0.707506 0.180077 0.708369 0.172414 0.711389 0.168582 0.714409 0.168582 0.724763 0.172414 0.732959 0.173467 0.736411 0.195785 0.734211 0.204981 0.730802 0.216475 0.725194 0.221264 0.720880 0.220307 0.718723 0.215038 0.715962 0.212644 0.712683
0 0.161877 0.713546 0.150383 0.713115 0.125479 0.718723 0.114943 0.727351 0.114943 0.735116 0.117816 0.737705 0.125479 0.739431 0.149425 0.740293 0.157088 0.739862 0.162835 0.738136 0.166667 0.732959 0.166667 0.722606
0 0.207854 0.681622 0.194444 0.679034 0.179119 0.679034 0.165709 0.680759 0.154215 0.685073 0.146552 0.692407 0.146552 0.697584 0.152299 0.703624 0.159004 0.706644 0.169540 0.708369 0.185824 0.706644 0.199234 0.707075 0.204981 0.706212 0.214559 0.701898 0.216475 0.697584 0.213602 0.688093
0 0.226054 0.671700 0.219349 0.675582 0.215517 0.682916 0.215517 0.689819 0.219349 0.694564 0.228927 0.698016 0.239464 0.697584 0.255747 0.699310 0.265326 0.699310 0.274904 0.695427 0.278736 0.689387 0.278736 0.684642 0.272989 0.678602 0.265326 0.675151 0.247126 0.670837 0.234674 0.670406
0 0.362069 0.678171 0.341954 0.678171 0.326628 0.681191 0.318966 0.685936 0.317050 0.693701 0.319923 0.697153 0.330460 0.700173 0.342912 0.706644 0.361111 0.705781 0.375479 0.693701 0.374521 0.684642 0.369732 0.680328
0 0.423372 0.674288 0.413793 0.672563 0.404215 0.672563 0.393678 0.674720 0.382184 0.680759 0.379310 0.685073 0.379310 0.696290 0.385057 0.702761 0.396552 0.703624 0.419540 0.701035 0.432950 0.698016 0.440613 0.694564 0.444444 0.689819 0.443487 0.685073 0.437739 0.680328
0 0.395594 0.654012 0.387931 0.661777 0.389847 0.666523 0.395594 0.669543 0.412835 0.672131 0.423372 0.672563 0.439655 0.668248 0.441571 0.666091 0.439655 0.659189 0.430077 0.654443 0.405172 0.651855
0 0.369732 0.645815 0.358238 0.645384 0.352490 0.646678 0.342912 0.645815 0.334291 0.647972 0.325670 0.653581 0.323755 0.657895 0.324713 0.663072 0.331418 0.668248 0.333333 0.674288 0.340038 0.676877 0.369732 0.677308 0.382184 0.673857 0.388889 0.670406 0.386973 0.661346 0.389847 0.654012 0.380268 0.649267
0 0.089080 0.667386 0.077586 0.669543 0.071839 0.673425 0.068008 0.690250 0.073755 0.692839 0.082375 0.694564 0.090996 0.693270 0.093870 0.694996 0.100575 0.695427 0.116858 0.691544 0.126437 0.687230 0.130268 0.682485 0.129310 0.677308 0.117816 0.671268 0.101533 0.667817
0 0.181034 0.650129 0.159962 0.650129 0.132184 0.657032 0.125479 0.661346 0.125479 0.666954 0.133142 0.671700 0.152299 0.677739 0.170498 0.677308 0.178161 0.676445 0.183908 0.674288 0.188697 0.671268 0.191571 0.666954 0.191571 0.657032 0.187739 0.652286
0 0.113027 0.630285 0.100575 0.632010 0.092912 0.634599 0.090038 0.638481 0.090038 0.645384 0.099617 0.656169 0.108238 0.661346 0.117816 0.662209 0.132184 0.655738 0.142720 0.646678 0.144636 0.642364 0.143678 0.638050 0.136973 0.633736 0.119732 0.630285
0 0.166667 0.622951 0.150383 0.628991 0.150383 0.639344 0.154215 0.642796 0.167625 0.647972 0.179119 0.648404 0.184866 0.649698 0.197318 0.647972 0.207854 0.643227 0.212644 0.637619 0.212644 0.633736 0.208812 0.628559 0.193487 0.622951 0.182950 0.622088
0 0.238506 0.644521 0.229885 0.643227 0.223180 0.644953 0.211686 0.645384 0.201149 0.648404 0.196360 0.654012 0.195402 0.663503 0.203065 0.670406 0.223180 0.671700 0.248084 0.667386 0.252874 0.664797 0.256705 0.657463 0.250958 0.650561
0 0.284483 0.658326 0.273946 0.660915 0.266284 0.666091 0.265326 0.669974 0.268199 0.674288 0.281609 0.682916 0.286398 0.684211 0.308429 0.685073 0.317050 0.683348 0.325670 0.679465 0.329502 0.674720 0.329502 0.669974 0.322797 0.662640 0.314176 0.660915 0.305556 0.657463
0 0.285441 0.634599 0.279693 0.634599 0.271073 0.638481 0.257663 0.641070 0.254789 0.644090 0.253831 0.647541 0.256705 0.655306 0.264368 0.659189 0.270115 0.659620 0.272989 0.661346 0.279693 0.658326 0.304598 0.657032 0.309387 0.654443 0.310345 0.646247 0.307471 0.642364 0.300766 0.638050
0 0.405172 0.617343 0.381226 0.619068 0.358238 0.630285 0.356322 0.634599 0.358238 0.642796 0.372605 0.644953 0.386973 0.650129 0.396552 0.649267 0.401341 0.647110 0.409004 0.638913 0.410920 0.629853
0 0.330460 0.612597 0.323755 0.613028 0.313218 0.616048 0.308429 0.621225 0.298851 0.627265 0.296935 0.632010 0.298851 0.634599 0.308429 0.639776 0.317050 0.640207 0.326628 0.644090 0.336207 0.644521 0.345785 0.642796 0.351533 0.639344 0.359195 0.627265 0.356322 0.617343 0.350575 0.614754 0.340996 0.613028
0 0.220307 0.618637 0.213602 0.622519 0.214559 0.631148 0.219349 0.636756 0.228927 0.640638 0.239464 0.643227 0.249042 0.643658 0.276820 0.632873 0.278736 0.626402 0.265326 0.619931 0.250000 0.617774
0 0.272989 0.600086 0.257663 0.604400 0.250958 0.607420 0.248084 0.610871 0.248084 0.616480 0.250958 0.618205 0.264368 0.619931 0.285441 0.627265 0.293103 0.628128 0.300766 0.623382 0.300766 0.619500 0.304598 0.615186 0.304598 0.607852 0.301724 0.604400 0.295977 0.601381 0.283525 0.599223
0 0.395594 0.588438 0.386015 0.588438 0.376437 0.590595 0.367816 0.595341 0.360153 0.605695 0.360153 0.610009 0.364943 0.616048 0.368774 0.617343 0.378352 0.614323 0.397510 0.610440 0.409004 0.603106 0.409962 0.595772 0.406130 0.592752
0 0.314176 0.586713 0.306513 0.588438 0.298851 0.593615 0.297893 0.600518 0.304598 0.605263 0.308429 0.611734 0.318008 0.613028 0.328544 0.611734 0.349617 0.606126 0.354406 0.603538 0.355364 0.598792 0.352490 0.595772 0.343870 0.591890 0.325670 0.588007
0 0.325670 0.559534 0.307471 0.565574 0.305556 0.567731 0.307471 0.579810 0.317050 0.585418 0.337165 0.587575 0.340613 0.588179 0.344828 0.588870 0.348659 0.591027 0.355364 0.591458 0.360153 0.590595 0.369732 0.583693 0.372605 0.575928 0.369732 0.571182 0.359195 0.563417 0.352490 0.560397 0.343870 0.559103 0.337165 0.559965
0 0.368774 0.547455 0.358238 0.550906 0.358238 0.560828 0.376437 0.578516 0.395594 0.578516 0.405172 0.575065 0.414751 0.568162 0.417625 0.560828 0.415709 0.555651 0.409962 0.552200 0.396552 0.549180 0.380268 0.547023
0 0.909004 0.546592 0.900383 0.544866 0.888889 0.545298 0.874521 0.549612 0.863985 0.555220 0.863985 0.559965 0.868774 0.564280 0.883142 0.567299 0.912835 0.557377 0.912835 0.548318
0 0.378352 0.522433 0.358238 0.522002 0.347701 0.522865 0.342912 0.524159 0.340038 0.527179 0.340996 0.538827 0.350575 0.544866 0.352490 0.547886 0.360153 0.550906 0.364943 0.548318 0.379310 0.547023 0.386973 0.544866 0.396552 0.537532 0.397510 0.529767 0.395594 0.527610 0.389847 0.524590
0 0.282567 0.516393 0.282567 0.518550 0.285441 0.519413 0.291188 0.525453 0.299808 0.529336 0.316092 0.531493 0.326628 0.531493 0.337165 0.529336 0.345785 0.522002 0.341954 0.513374 0.334291 0.509491 0.327586 0.508628 0.298851 0.508628 0.295977 0.511217
0 0.247126 0.520276 0.243295 0.525453 0.238506 0.526747 0.230843 0.536238 0.230843 0.542278 0.237548 0.546160 0.254789 0.549180 0.266284 0.550043 0.278736 0.547023 0.291188 0.540984 0.291188 0.536238 0.288314 0.534513 0.285441 0.528473 0.278736 0.524590 0.272989 0.523727 0.265326 0.520708
0 0.284483 0.571613 0.273946 0.572045 0.256705 0.575928 0.247126 0.578947 0.239464 0.583693 0.239464 0.588007 0.264368 0.599223 0.282567 0.597929 0.293103 0.591890 0.300766 0.584124 0.300766 0.578516 0.291188 0.573339
0 0.116858 0.578085 0.113985 0.581967 0.113985 0.588870 0.117816 0.593184 0.125479 0.594478 0.135057 0.597498 0.151054 0.597196 0.157759 0.594737 0.170498 0.591890 0.173372 0.590164 0.174330 0.583261 0.171456 0.581104 0.160920 0.577653 0.151341 0.575928 0.132184 0.575065 0.124521 0.575496
0 0.184866 0.567299 0.182950 0.569456 0.181322 0.571915 0.178161 0.572476 0.175287 0.577222 0.175287 0.581104 0.181992 0.588007 0.194444 0.591458 0.204023 0.590595 0.211686 0.588438 0.222222 0.588007 0.230843 0.583261 0.231801 0.575928 0.228927 0.573770 0.222222 0.571182 0.213602 0.570319 0.205939 0.568162
0 0.125479 0.550906 0.119732 0.553063 0.112069 0.559965 0.112069 0.566868 0.115900 0.572476 0.123563 0.574202 0.137931 0.574202 0.160920 0.575928 0.169540 0.572476 0.171456 0.568594 0.171456 0.561691 0.163793 0.553926 0.151341 0.549180 0.138889 0.548749
0 0.099617 0.517256 0.092912 0.524159 0.099617 0.538827 0.110153 0.543572 0.116858 0.544866 0.126437 0.544866 0.152299 0.534081 0.154215 0.528473 0.146552 0.521139 0.129310 0.517256 0.119732 0.515962
0 0.177203 0.513374 0.169540 0.516393 0.155172 0.528473 0.149425 0.538827 0.150383 0.541415 0.157088 0.544866 0.168582 0.546592 0.181034 0.547023 0.196360 0.543572 0.201149 0.538395 0.201149 0.529336 0.187739 0.514668
0 0.586207 0.955134 0.577586 0.958585 0.569923 0.966350 0.570881 0.971096 0.578544 0.980587 0.583333 0.982744 0.605364 0.987489 0.613027 0.984038 0.626437 0.974978 0.628352 0.965056 0.625479 0.962036 0.609195 0.956428 0.598659 0.954702
0 0.195402 0.544435 0.185824 0.547455 0.181034 0.551337 0.178161 0.556514 0.181034 0.563848 0.183908 0.565142 0.210728 0.569025 0.218391 0.569025 0.226054 0.565574 0.225096 0.556083 0.213602 0.547886 0.205939 0.545729
0 0.238506 0.550043 0.230843 0.553494 0.228927 0.555651 0.226054 0.564711 0.229885 0.571613 0.233716 0.573339 0.247126 0.575496 0.257663 0.575496 0.274904 0.571613 0.284483 0.565574 0.282567 0.560828 0.276820 0.556514 0.264368 0.551769 0.256705 0.550906 0.246169 0.551769
0 0.569923 0.969370 0.553640 0.969370 0.542146 0.971527 0.532567 0.974978 0.519157 0.983175 0.515326 0.989215 0.516284 0.991803 0.527778 0.993960 0.562261 0.992666 0.576628 0.990509 0.580460 0.987058 0.580460 0.984038
0 0.633142 0.997843 0.624521 0.993097 0.614943 0.991372 0.609195 0.991372 0.591954 0.993960 0.581418 0.997843 0.581418 1.000000 0.633142 1.000000
0 0.624521 0.977998 0.619061 0.986109 0.622510 0.989517 0.629885 0.992882 0.637931 0.991803 0.658238 0.991501 0.665709 0.992666 0.674330 0.991372 0.679119 0.987489 0.680077 0.982312 0.676245 0.974547 0.663793 0.969370 0.646552 0.969370
0 0.633142 0.993960 0.634100 1.000000 0.675287 1.000000 0.674330 0.996980 0.663793 0.993097 0.636973 0.991803
0 0.726054 0.977998 0.716475 0.977567 0.683908 0.985764 0.677203 0.990078 0.679119 0.993529 0.677203 1.000000 0.727969 1.000000 0.731801 0.993097 0.731801 0.985764
0 0.753831 0.965919 0.742337 0.966350 0.733716 0.968076 0.730843 0.969802 0.728927 0.975410 0.734674 0.991803 0.737548 0.991372 0.742050 0.992278 0.750192 0.992925 0.757663 0.991760 0.760536 0.989646 0.770115 0.988352 0.772031 0.987058 0.772031 0.979724 0.767241 0.975410 0.765326 0.970664 0.761494 0.967645
0 0.729885 0.997843 0.729885 1.000000 0.795019 1.000000 0.795019 0.997843 0.787356 0.995686 0.765326 0.993097 0.738506 0.994392
0 0.774904 0.981881 0.776820 0.987921 0.784483 0.994823 0.794061 0.998274 0.794061 1.000000 0.833333 1.000000 0.839080 0.991372 0.837165 0.985764 0.833333 0.984038 0.805556 0.980155 0.777778 0.980587
0 0.840996 0.997843 0.840996 1.000000 0.902299 1.000000 0.902299 0.996980 0.898467 0.993960 0.891762 0.992235 0.863985 0.990940 0.856322 0.992235
0 0.860632 0.973512 0.856322 0.982744 0.853257 0.984167 0.861207 0.988870 0.876437 0.988783 0.882184 0.990509 0.909004 0.991803 0.929119 0.985764 0.928161 0.978861 0.916667 0.973253 0.896552 0.968507 0.884100 0.966782 0.868774 0.965833
0 0.909004 0.993529 0.908046 1.000000 0.965517 1.000000 0.963602 0.990509 0.959770 0.987921 0.952107 0.985764 0.932950 0.984901 0.915709 0.989646
0 1.000000 0.990509 0.994253 0.990509 0.985632 0.993960 0.985632 1.000000 1.000000 1.000000
0 0.953065 0.962036 0.949234 0.965919 0.942625 0.974245 0.951149 0.981881 0.969349 0.990940 1.000000 0.990940 1.000000 0.960742 0.966475 0.959448
0 0.916667 0.950820 0.900383 0.955565 0.897510 0.958585 0.895115 0.966997 0.926245 0.975841 0.932950 0.976704 0.939655 0.976273 0.943487 0.974547 0.946360 0.963330 0.952107 0.959448 0.950192 0.955134 0.942529 0.950388
0 1.000000 0.938309 0.995211 0.938309 0.987548 0.936583 0.977969 0.937015 0.969349 0.938740 0.959770 0.943486 0.954981 0.949094 0.954981 0.955565 0.959770 0.959016 0.979885 0.958585 1.000000 0.960742
0 0.966475 0.911562 0.954789 0.916566 0.954406 0.924504 0.970307 0.932269 0.977969 0.934426 0.995211 0.937446 1.000000 0.937446 1.000000 0.907679 0.987548 0.908110
0 0.943487 0.921053 0.935824 0.919758 0.913793 0.920621 0.904215 0.922778 0.889847 0.934858 0.889847 0.936583 0.897510 0.943486 0.909004 0.948663 0.916667 0.949957 0.943487 0.949094 0.954023 0.946074 0.966475 0.939603 0.967433 0.935289 0.964559 0.931406 0.954023 0.924935
0 0.879310 0.937877 0.873563 0.937446 0.856322 0.939172 0.841954 0.942192 0.836111 0.945211 0.831705 0.952890 0.843870 0.959016 0.862069 0.964193 0.882184 0.963330 0.893678 0.958585 0.906130 0.951251 0.905172 0.947800 0.889847 0.940035
0 0.811303 0.955134 0.804598 0.958585 0.806513 0.963762 0.803640 0.971527 0.805556 0.974547 0.813218 0.979292 0.829502 0.982744 0.840038 0.982744 0.850575 0.977998 0.856322 0.973253 0.857280 0.967213 0.855364 0.964625 0.847701 0.960742 0.835249 0.957291 0.819923 0.955134
0 0.781609 0.950388 0.777778 0.950820 0.769157 0.954271 0.764368 0.958585 0.765326 0.967213 0.771073 0.974116 0.784483 0.978430 0.789272 0.978861 0.799808 0.976704 0.803640 0.973253 0.801724 0.954702 0.797893 0.952545 0.790230 0.950820
0 0.742337 0.930544 0.734674 0.932269 0.720307 0.938740 0.716475 0.943054 0.716475 0.948231 0.738506 0.963762 0.746169 0.964625 0.767241 0.955565 0.772031 0.951251 0.772989 0.942623 0.770115 0.936152 0.760536 0.931406
0 0.689655 0.950820 0.681992 0.954702 0.673372 0.961605 0.670498 0.966350 0.673372 0.972390 0.681992 0.976704 0.689655 0.977998 0.705939 0.977567 0.721264 0.975410 0.728927 0.971096 0.730843 0.965487 0.729885 0.958154 0.717433 0.951251 0.707854 0.950388
0 0.665709 0.936583 0.637931 0.937877 0.627395 0.942623 0.623659 0.947412 0.621552 0.950820 0.620690 0.953796 0.625479 0.955134 0.624904 0.957679 0.633716 0.966825 0.657088 0.965919 0.669253 0.964366 0.674330 0.958585 0.675287 0.956428 0.682950 0.952977 0.682950 0.942623 0.676245 0.939172
0 0.577586 0.928818 0.568966 0.935289 0.568966 0.949094 0.581418 0.953408 0.613027 0.954702 0.619732 0.951682 0.623563 0.948231 0.623563 0.942623 0.613027 0.934858 0.600575 0.930544 0.587165 0.928387
0 0.541188 0.931406 0.522031 0.935289 0.517241 0.937877 0.508621 0.947368 0.508621 0.951682 0.521073 0.959016 0.533525 0.961173 0.548851 0.961605 0.563218 0.959016 0.569923 0.955134 0.569923 0.950388 0.566092 0.947368 0.565134 0.939172 0.560345 0.935289 0.552682 0.932269
0 0.674330 0.910699 0.660920 0.915876 0.652299 0.923641 0.650383 0.928818 0.655172 0.933563 0.671456 0.936583 0.691571 0.943917 0.701149 0.943917 0.710728 0.942192 0.726054 0.931838 0.727969 0.927524 0.724138 0.922347 0.719349 0.918896 0.697318 0.911562 0.682950 0.909836