0 0.874733 0.009804 0.869403 0.008170 0.862473 0.009804 0.853412 0.018791 0.850213 0.026144 0.848614 0.040850 0.859808 0.060458 0.866738 0.060458 0.880064 0.049020 0.884328 0.041667 0.883795 0.026144 0.879531 0.016340
0 0.876333 0.198529 0.868870 0.197712 0.864072 0.199346 0.850746 0.211601 0.848081 0.217320 0.848614 0.227941 0.850213 0.233660 0.855011 0.239379 0.864606 0.245915 0.874200 0.245098 0.880597 0.241013 0.883262 0.231209 0.883262 0.218137 0.880064 0.203431
0 0.867271 0.143791 0.857143 0.145425 0.848081 0.156046 0.845416 0.164216 0.845416 0.176471 0.847548 0.187092 0.851812 0.192810 0.860341 0.199346 0.869936 0.196078 0.875267 0.191176 0.879531 0.183824 0.880597 0.176471 0.880597 0.161765 0.873134 0.147876
0 0.896588 0.108660 0.886994 0.107843 0.882729 0.109477 0.880064 0.112745 0.875267 0.124183 0.871002 0.141340 0.872068 0.145425 0.882196 0.160948 0.886461 0.161765 0.897122 0.157680 0.902985 0.153595 0.904584 0.149510 0.905117 0.135621 0.904051 0.126634 0.901386 0.116830
0 0.821429 0.156046 0.816631 0.164216 0.811834 0.182190 0.812367 0.190359 0.821429 0.202614 0.828358 0.205065 0.836887 0.205065 0.839552 0.203431 0.845416 0.190359 0.844883 0.167484 0.843817 0.162582 0.831023 0.153595 0.825693 0.153595
0 0.787846 0.191176 0.784648 0.196078 0.782516 0.205882 0.785714 0.227941 0.789979 0.234477 0.794776 0.237745 0.800640 0.237745 0.807569 0.234477 0.816631 0.216503 0.817697 0.206699 0.816098 0.198529 0.811834 0.191176 0.805437 0.187908 0.794776 0.187908
0 0.742537 0.205065 0.743603 0.210784 0.755330 0.211601 0.760661 0.215686 0.763859 0.221405 0.767591 0.236928 0.770256 0.238562 0.777186 0.235294 0.783049 0.225490 0.782516 0.199346 0.778252 0.192810 0.760128 0.193627 0.751599 0.191993 0.748401 0.194444
0 0.744136 0.211601 0.738273 0.214869 0.730810 0.225490 0.728678 0.236111 0.729211 0.245098 0.731876 0.254902 0.736674 0.262255 0.747868 0.267974 0.752132 0.267157 0.759062 0.263072 0.764925 0.250817 0.766525 0.244281 0.765991 0.227941 0.761727 0.216503 0.758529 0.213235 0.754797 0.211601
0 0.745203 0.268791 0.737207 0.263889 0.728145 0.264706 0.723348 0.268791 0.721748 0.281863 0.718017 0.289216 0.715352 0.299837 0.715885 0.309641 0.719083 0.315359 0.724414 0.320261 0.728678 0.320261 0.735608 0.313725 0.746269 0.281863 0.746802 0.271242
0 0.705757 0.305556 0.697761 0.320261 0.699360 0.342320 0.702026 0.348039 0.707889 0.354575 0.715352 0.359477 0.719083 0.359477 0.720682 0.357026 0.721748 0.348856 0.721748 0.336601 0.723348 0.329248 0.722814 0.321078 0.713753 0.305556
0 0.736141 0.208333 0.729744 0.207516 0.716418 0.210784 0.712687 0.213235 0.711087 0.216503 0.710554 0.230392 0.708422 0.242647 0.711620 0.246732 0.712687 0.254902 0.720149 0.265523 0.726013 0.265523 0.730810 0.261438 0.730810 0.253268 0.728678 0.245915 0.728678 0.233660 0.730277 0.226307 0.738806 0.213235
0 0.741471 0.156863 0.731343 0.156863 0.714819 0.169935 0.711620 0.177288 0.711087 0.187908 0.712154 0.195261 0.716418 0.202614 0.720682 0.206699 0.732409 0.205065 0.738273 0.200980 0.743070 0.183824 0.742004 0.170752 0.742537 0.158497
0 0.718017 0.106209 0.712687 0.106209 0.707356 0.109477 0.692431 0.133987 0.693497 0.142157 0.701493 0.157680 0.705757 0.163399 0.712687 0.167484 0.723881 0.161765 0.729744 0.152778 0.729211 0.126634 0.723348 0.112745
0 0.710554 0.068627 0.706823 0.075980 0.706290 0.082516 0.714286 0.099673 0.723348 0.109477 0.728145 0.111928 0.734009 0.111928 0.746269 0.092320 0.746269 0.069444 0.743603 0.063725 0.740405 0.061275 0.719083 0.062908
0 0.755864 0.056373 0.750533 0.064542 0.747868 0.071895 0.747335 0.081699 0.748934 0.091503 0.767058 0.109477 0.774520 0.108660 0.783049 0.099673 0.784115 0.095588 0.783582 0.084150 0.780917 0.066993 0.778252 0.058007 0.776119 0.054739 0.772388 0.053105 0.762793 0.053105
0 0.805437 0.031046 0.793177 0.039216 0.788380 0.045752 0.786247 0.053105 0.786780 0.064542 0.788913 0.072712 0.799574 0.093954 0.805437 0.098856 0.815032 0.099673 0.818230 0.094771 0.820362 0.084967 0.821962 0.044935 0.820362 0.038399 0.814499 0.030229
0 0.845949 0.044118 0.841151 0.044935 0.831557 0.051471 0.824627 0.058824 0.821962 0.066993 0.822495 0.075980 0.824627 0.082516 0.833156 0.097222 0.839019 0.100490 0.842217 0.100490 0.847548 0.097222 0.856077 0.087418 0.858742 0.075163 0.858209 0.062092 0.851812 0.048203
0 0.872068 0.057190 0.865139 0.069444 0.864606 0.080882 0.871002 0.093137 0.880597 0.107026 0.886461 0.107843 0.894456 0.105392 0.896055 0.102941 0.898721 0.085784 0.898721 0.072712 0.897655 0.068627 0.890725 0.056373 0.887527 0.053922 0.877932 0.053922
0 0.919510 0.072712 0.912580 0.071895 0.905117 0.075980 0.901919 0.080065 0.899254 0.087418 0.897655 0.096405 0.897655 0.105392 0.902985 0.117647 0.907783 0.123366 0.919510 0.121732 0.932303 0.104575 0.931237 0.091503 0.925906 0.080882
0 0.860341 0.085784 0.843284 0.101307 0.842751 0.116830 0.844883 0.128268 0.851279 0.137255 0.857143 0.142974 0.865672 0.142974 0.868870 0.140523 0.872068 0.133987 0.873667 0.118464 0.873667 0.103758 0.866738 0.086601
0 0.836354 0.100490 0.831023 0.097222 0.822495 0.098039 0.816631 0.102124 0.810768 0.111111 0.808635 0.119281 0.807569 0.142157 0.810235 0.147059 0.818230 0.151961 0.825160 0.151961 0.831557 0.148693 0.838486 0.138072 0.842217 0.129085 0.842751 0.120098 0.841151 0.109477 0.839552 0.104575
0 0.785714 0.098039 0.771322 0.114379 0.771322 0.126634 0.777186 0.142157 0.781450 0.149510 0.786247 0.151144 0.799574 0.149510 0.805970 0.139706 0.807569 0.130719 0.808102 0.113562 0.805437 0.106209 0.800640 0.100490 0.794776 0.097222
0 0.778785 0.154412 0.776652 0.164216 0.777186 0.172386 0.783049 0.187908 0.789979 0.189542 0.796908 0.187092 0.807036 0.187908 0.810768 0.185458 0.812900 0.175654 0.812367 0.166667 0.803305 0.154412 0.795842 0.151144 0.781983 0.151144
0 0.365139 0.339869 0.358209 0.326797 0.353945 0.324346 0.345416 0.324346 0.335821 0.328431 0.328891 0.334150 0.319829 0.344771 0.318763 0.352941 0.323028 0.367647 0.328358 0.372549 0.340085 0.373366 0.355011 0.370915 0.360341 0.367647 0.362473 0.364379 0.365672 0.351307
0 0.380597 0.288399 0.376333 0.288399 0.364072 0.293301 0.359275 0.297386 0.355544 0.304739 0.355011 0.310458 0.356610 0.322712 0.361407 0.333333 0.367271 0.341503 0.376333 0.343954 0.381130 0.342320 0.386994 0.337418 0.390725 0.331699 0.394456 0.321078 0.394989 0.306373 0.392857 0.299020 0.388060 0.292484
0 0.347015 0.255719 0.339552 0.255719 0.333156 0.259804 0.328891 0.265523 0.319829 0.284314 0.319296 0.295752 0.321429 0.303105 0.325693 0.309641 0.330490 0.313725 0.338486 0.315359 0.347548 0.312092 0.351812 0.308824 0.359808 0.294118 0.360341 0.276961 0.358742 0.270425 0.353412 0.260621
0 0.374733 0.232026 0.373134 0.238562 0.371002 0.264706 0.371535 0.272876 0.373134 0.277778 0.380064 0.286765 0.388060 0.290033 0.392857 0.289216 0.401386 0.281863 0.406716 0.272876 0.409915 0.262255 0.409382 0.253268 0.404051 0.240196 0.400853 0.235294 0.393390 0.232026
0 0.393923 0.168301 0.386994 0.165033 0.378998 0.166667 0.372601 0.172386 0.365139 0.184641 0.361407 0.193627 0.361407 0.198529 0.365139 0.212418 0.365139 0.218954 0.366738 0.221405 0.372601 0.224673 0.384861 0.224673 0.394989 0.218954 0.399254 0.213235 0.402452 0.201797 0.401919 0.192810 0.398721 0.178922
0 0.356077 0.022059 0.351812 0.030229 0.351812 0.040033 0.347548 0.049837 0.350746 0.064542 0.357143 0.071895 0.364072 0.074346 0.373134 0.073529 0.380597 0.067810 0.384861 0.059641 0.386461 0.051471 0.386461 0.038399 0.384328 0.030229 0.378998 0.022059 0.372601 0.018791 0.361407 0.018791
0 0.198827 0.084150 0.195629 0.093137 0.195629 0.102124 0.198827 0.111111 0.204691 0.117647 0.215352 0.122549 0.220149 0.126634 0.225480 0.126634 0.232409 0.119281 0.236674 0.110294 0.238273 0.101307 0.237207 0.087418 0.232409 0.078431 0.228678 0.075163 0.213220 0.074346 0.207356 0.076797
0 0.242004 0.154412 0.228145 0.153595 0.224414 0.155229 0.212687 0.169935 0.211087 0.174020 0.211087 0.182190 0.214819 0.194444 0.219083 0.200980 0.226013 0.205882 0.233475 0.205882 0.240938 0.200980 0.248401 0.191176 0.252132 0.182190 0.252132 0.167484 0.247868 0.158497
0 0.771855 0.132353 0.766525 0.131536 0.763326 0.133170 0.755864 0.141340 0.745203 0.156863 0.743603 0.163399 0.744670 0.178922 0.752132 0.188725 0.760661 0.192810 0.766525 0.192810 0.771855 0.190359 0.773987 0.186275 0.776119 0.177288 0.776652 0.160131 0.778252 0.150327 0.775586 0.138889
0 0.438166 0.026961 0.433369 0.030229 0.429104 0.036765 0.428038 0.041667 0.428571 0.054739 0.438699 0.083333 0.441898 0.088235 0.451493 0.093137 0.458955 0.084967 0.462154 0.075980 0.464819 0.058824 0.464286 0.040033 0.462154 0.033497 0.455224 0.026144 0.447228 0.024510
0 0.495203 0.015523 0.489872 0.014706 0.484009 0.020425 0.471748 0.038399 0.467484 0.048203 0.466418 0.057190 0.472281 0.070261 0.477079 0.075163 0.488806 0.076797 0.493603 0.074346 0.501066 0.066176 0.507996 0.052288 0.507996 0.044118 0.504264 0.030229
0 0.431237 0.169935 0.428038 0.174837 0.425906 0.183007 0.428571 0.211601 0.431770 0.222222 0.436034 0.227941 0.444563 0.229575 0.453092 0.226307 0.459488 0.221405 0.465352 0.211601 0.468550 0.201797 0.467484 0.194444 0.462154 0.183824 0.456290 0.176471 0.445629 0.168301 0.433902 0.168301
0 0.456823 0.152778 0.455757 0.159314 0.458422 0.167484 0.459488 0.179739 0.469083 0.199346 0.477079 0.204248 0.482942 0.203431 0.489872 0.197712 0.495736 0.188725 0.497868 0.181373 0.497868 0.169118 0.496802 0.165033 0.491471 0.159314 0.479211 0.150327 0.469616 0.147059 0.462154 0.147059
0 0.498401 0.163399 0.498401 0.177288 0.499467 0.180556 0.510128 0.192810 0.522921 0.199346 0.535181 0.198529 0.540512 0.195261 0.541578 0.192810 0.543710 0.178105 0.542644 0.169935 0.531450 0.155229 0.519190 0.142974 0.512793 0.142974 0.507463 0.147059 0.502665 0.153595
0 0.545842 0.093954 0.538913 0.093954 0.534115 0.096405 0.524520 0.107026 0.518657 0.117647 0.516525 0.124183 0.515991 0.131536 0.517591 0.138889 0.521322 0.144608 0.529851 0.151144 0.543177 0.151144 0.551173 0.142974 0.553838 0.132353 0.553838 0.113562 0.552239 0.106209
0 0.516525 0.046569 0.507996 0.053105 0.497868 0.070261 0.494670 0.079248 0.494670 0.087418 0.513326 0.102941 0.520256 0.105392 0.525586 0.104575 0.531983 0.098856 0.535714 0.092320 0.537313 0.085784 0.537313 0.071895 0.534115 0.059641 0.530384 0.053922 0.521855 0.046569
0 0.562367 0.049837 0.551173 0.060458 0.544776 0.076797 0.544243 0.087418 0.545309 0.091503 0.550107 0.097222 0.563966 0.104575 0.569829 0.105392 0.578358 0.099673 0.579957 0.096405 0.582623 0.082516 0.582090 0.069444 0.579957 0.060458 0.574094 0.052288 0.568230 0.049837
0 0.517591 0.032680 0.517591 0.040850 0.519723 0.045752 0.532516 0.054739 0.543710 0.058007 0.553305 0.058007 0.558102 0.053922 0.562367 0.046569 0.563433 0.036765 0.562900 0.026144 0.560768 0.017974 0.554904 0.010621 0.545842 0.008987 0.535714 0.009804 0.529851 0.013072
0 0.626333 0.081699 0.623667 0.080065 0.610341 0.081699 0.595416 0.093954 0.590085 0.102124 0.588486 0.108660 0.588486 0.116830 0.591684 0.128268 0.598614 0.138072 0.602345 0.140523 0.608209 0.141340 0.614072 0.138072 0.619403 0.129902 0.626866 0.110294 0.627932 0.104575 0.627932 0.089869
0 0.634861 0.008987 0.630597 0.006536 0.616738 0.007353 0.601279 0.014706 0.596482 0.024510 0.596482 0.033497 0.599147 0.042484 0.605011 0.053105 0.609808 0.058007 0.619403 0.059641 0.623134 0.057190 0.628998 0.049020 0.632729 0.039216 0.633795 0.028595 0.635928 0.021242 0.635928 0.012255
0 0.660981 0.022876 0.655117 0.031863 0.652985 0.042484 0.653518 0.054739 0.656716 0.063725 0.664712 0.075163 0.673241 0.079248 0.679104 0.078431 0.684968 0.074346 0.690832 0.058007 0.690832 0.044935 0.688699 0.035131 0.680704 0.023693 0.674307 0.019608 0.667377 0.019608
0 0.639659 0.102941 0.634328 0.111111 0.627932 0.128268 0.627399 0.137255 0.630064 0.144608 0.633262 0.148693 0.642857 0.151961 0.662047 0.151961 0.667377 0.139706 0.668443 0.130719 0.663646 0.108660 0.659915 0.103758 0.655117 0.101307 0.642324 0.101307
0 0.108209 0.425654 0.107143 0.435458 0.108742 0.441176 0.120469 0.464052 0.126866 0.471405 0.133795 0.476307 0.139126 0.476307 0.145522 0.473856 0.149254 0.468954 0.151386 0.458333 0.149254 0.446078 0.146588 0.438725 0.136461 0.421569 0.128465 0.415850 0.122601 0.415033 0.115139 0.417484
0 0.662047 0.153595 0.635394 0.147876 0.631130 0.148693 0.626333 0.155229 0.624733 0.161765 0.624733 0.172386 0.630597 0.191993 0.638593 0.199346 0.640725 0.199346 0.658849 0.182190 0.662047 0.177288 0.663646 0.171569 0.663646 0.156863
0 0.692964 0.142157 0.685501 0.140523 0.676439 0.141340 0.673774 0.142974 0.666844 0.154412 0.665245 0.169118 0.666844 0.185458 0.668443 0.190359 0.676439 0.200163 0.681770 0.200163 0.690832 0.195261 0.697761 0.183824 0.700426 0.175654 0.702026 0.165850 0.701493 0.157680
0 0.699360 0.082516 0.693497 0.078431 0.684968 0.075980 0.677505 0.079248 0.672175 0.088235 0.666844 0.110294 0.666844 0.117647 0.669510 0.128268 0.675373 0.138889 0.682303 0.139706 0.689232 0.136438 0.704691 0.111928 0.706290 0.106209 0.706290 0.095588 0.703625 0.088235
0 0.597548 0.163399 0.587953 0.163399 0.582090 0.167484 0.577825 0.173203 0.573561 0.188725 0.574627 0.207516 0.582090 0.218954 0.584222 0.225490 0.592751 0.226307 0.600213 0.220588 0.610341 0.203431 0.613006 0.195261 0.613539 0.183007 0.612473 0.178105 0.606077 0.169118
0 0.552239 0.142974 0.545842 0.150327 0.542111 0.163399 0.544243 0.183824 0.546908 0.188725 0.557036 0.196895 0.564499 0.197712 0.567697 0.196078 0.573561 0.187092 0.577292 0.172386 0.575693 0.155229 0.573028 0.148693 0.568230 0.143791
0 0.428038 0.206699 0.423774 0.206699 0.419510 0.209967 0.401919 0.236111 0.408849 0.251634 0.411514 0.263889 0.419510 0.259804 0.435501 0.255719 0.439765 0.251634 0.442431 0.242647 0.441898 0.232026 0.435501 0.227124 0.431237 0.220588
0 0.438699 0.256536 0.432303 0.256536 0.413646 0.262255 0.408849 0.267974 0.406183 0.274510 0.405650 0.282680 0.406716 0.290850 0.410981 0.306373 0.423241 0.318627 0.428038 0.318627 0.432303 0.315359 0.437633 0.302288 0.444563 0.291667 0.446162 0.278595 0.445629 0.266340 0.442431 0.259804
0 0.442964 0.294935 0.436034 0.304739 0.433369 0.313725 0.433902 0.320261 0.436567 0.326797 0.444030 0.339052 0.449893 0.342320 0.458955 0.343137 0.466951 0.338235 0.471748 0.330065 0.473881 0.320261 0.472814 0.308007 0.470682 0.302288 0.466951 0.296569 0.459488 0.292484 0.450959 0.292484
0 0.399787 0.308824 0.395522 0.313725 0.392857 0.330882 0.394989 0.344771 0.399254 0.358660 0.408316 0.371732 0.417910 0.369281 0.426439 0.361928 0.433369 0.350490 0.432836 0.336601 0.428038 0.325163 0.413113 0.308824 0.409382 0.307190
0 0.407783 0.370915 0.399787 0.360294 0.394456 0.357843 0.386994 0.358660 0.379531 0.364379 0.372068 0.375000 0.366738 0.385621 0.366738 0.402778 0.368870 0.413399 0.371535 0.416667 0.377399 0.419118 0.384861 0.419118 0.396588 0.413399 0.406183 0.400327 0.408849 0.392974 0.409915 0.379085
0 0.451493 0.349673 0.445096 0.348039 0.437100 0.351307 0.430171 0.357026 0.426439 0.362745 0.423774 0.375000 0.424840 0.389706 0.428038 0.397059 0.434435 0.400327 0.450426 0.397059 0.457889 0.392157 0.460021 0.366830 0.455757 0.355392
0 0.496269 0.353758 0.490938 0.350490 0.482942 0.349673 0.477612 0.352124 0.461620 0.366013 0.459488 0.374183 0.458955 0.388889 0.460554 0.398693 0.465352 0.409314 0.472814 0.415033 0.479744 0.415033 0.484009 0.411765 0.489339 0.403595 0.495736 0.386438 0.498934 0.373366 0.499467 0.360294
0 0.509062 0.325163 0.502132 0.337418 0.500533 0.348856 0.501066 0.357843 0.507996 0.370098 0.515458 0.376634 0.525586 0.378268 0.533582 0.375000 0.539979 0.366830 0.542111 0.357026 0.541045 0.348856 0.528252 0.325163 0.521322 0.320261 0.513859 0.321078
0 0.487207 0.263072 0.485608 0.272876 0.487740 0.281863 0.498401 0.297386 0.507463 0.304739 0.517591 0.304739 0.523454 0.300654 0.528252 0.292484 0.531983 0.280229 0.531983 0.269608 0.530384 0.263072 0.527719 0.258170 0.521855 0.254085 0.502665 0.254085
0 0.481343 0.228758 0.476013 0.226307 0.470149 0.226307 0.462687 0.230392 0.455757 0.241013 0.452559 0.253268 0.452559 0.265523 0.456290 0.276961 0.461087 0.284314 0.465885 0.287582 0.474947 0.286765 0.479744 0.281863 0.488273 0.257353 0.489339 0.246732 0.486141 0.234477
0 0.541045 0.227124 0.536247 0.230392 0.530384 0.240196 0.528785 0.248366 0.528785 0.257353 0.532516 0.276961 0.535181 0.281863 0.543177 0.286765 0.550640 0.286765 0.558102 0.281863 0.563433 0.272876 0.565565 0.263072 0.565032 0.245098 0.562900 0.236111 0.557036 0.228758 0.550640 0.226307
0 0.541045 0.296569 0.537846 0.299020 0.533582 0.308007 0.533049 0.324346 0.534115 0.331699 0.537313 0.340686 0.542111 0.348856 0.550640 0.353758 0.557569 0.353758 0.561301 0.350490 0.564499 0.343954 0.569296 0.323529 0.569296 0.313725 0.566098 0.306373 0.557036 0.297386 0.552772 0.295752
0 0.584755 0.314542 0.579424 0.315359 0.572495 0.322712 0.568230 0.329248 0.565032 0.341503 0.565032 0.363562 0.566631 0.369281 0.571962 0.376634 0.587953 0.375000 0.597548 0.362745 0.598614 0.357843 0.597548 0.332516 0.591151 0.321078
0 0.589019 0.228758 0.583689 0.230392 0.578891 0.236111 0.577292 0.245915 0.577292 0.263072 0.578358 0.272876 0.581023 0.281046 0.587420 0.286765 0.592217 0.287582 0.602878 0.281863 0.607676 0.275327 0.613006 0.263889 0.614072 0.250000 0.610874 0.241830 0.604478 0.234477 0.595949 0.229575
0 0.611940 0.200980 0.605544 0.212418 0.604478 0.217320 0.606077 0.231209 0.608209 0.236928 0.616738 0.248366 0.630064 0.250817 0.636461 0.250000 0.641791 0.235294 0.641258 0.209150 0.639659 0.201797 0.634328 0.196078 0.629531 0.194444 0.619936 0.196078
0 0.617271 0.266340 0.611407 0.269608 0.601812 0.285131 0.600213 0.290850 0.600213 0.304739 0.602345 0.318627 0.604478 0.322712 0.613006 0.330065 0.621002 0.330882 0.624200 0.329248 0.633795 0.309641 0.637527 0.298203 0.637527 0.288399 0.633795 0.277778 0.628998 0.270425 0.624200 0.267157
0 0.645522 0.290033 0.639126 0.293301 0.634861 0.308007 0.628998 0.320261 0.627399 0.328431 0.629531 0.339052 0.634861 0.347222 0.643923 0.351307 0.648188 0.351307 0.657249 0.343954 0.663113 0.335784 0.664712 0.328431 0.664712 0.314542 0.662580 0.303105 0.658849 0.296569 0.650853 0.290850
0 0.678038 0.237745 0.669510 0.233660 0.658316 0.243464 0.650320 0.246732 0.645522 0.260621 0.644989 0.274510 0.647655 0.283497 0.651386 0.290033 0.658316 0.294118 0.663113 0.293301 0.670043 0.288399 0.674840 0.281863 0.680704 0.267157 0.683902 0.249183 0.683369 0.245098
0 0.667377 0.190359 0.661514 0.188725 0.650853 0.191176 0.644989 0.197712 0.641791 0.205882 0.641791 0.220588 0.644989 0.232026 0.654051 0.244281 0.658316 0.243464 0.668977 0.233660 0.674307 0.223856 0.675373 0.216503 0.674840 0.202614 0.672708 0.196895
0 0.679104 0.201797 0.676439 0.206699 0.675373 0.232026 0.680704 0.241013 0.690299 0.247549 0.699360 0.248366 0.705224 0.245915 0.710021 0.232026 0.711620 0.214869 0.710021 0.203431 0.705757 0.197712 0.699360 0.195261 0.690299 0.196078
0 0.688699 0.257353 0.687100 0.263889 0.687633 0.280229 0.696162 0.293301 0.705757 0.299020 0.715885 0.292484 0.719083 0.287582 0.721748 0.278595 0.721215 0.271242 0.719616 0.265523 0.716418 0.260621 0.712687 0.257353 0.705224 0.256536 0.698294 0.253268 0.691898 0.254085
0 0.677505 0.281046 0.667910 0.290033 0.664179 0.295752 0.663646 0.304739 0.665245 0.327614 0.670043 0.333333 0.682836 0.334967 0.696162 0.322712 0.699893 0.314542 0.703092 0.301471 0.686034 0.281046
0 0.598081 0.330882 0.599147 0.359477 0.603945 0.367647 0.607143 0.370098 0.617271 0.370098 0.628465 0.358660 0.633262 0.351307 0.632196 0.343954 0.624200 0.332516 0.613006 0.330065 0.604478 0.322712 0.601279 0.324346
0 0.670043 0.334967 0.662580 0.339052 0.650853 0.349673 0.648188 0.355392 0.648188 0.358660 0.659915 0.385621 0.663113 0.388889 0.674307 0.390523 0.679104 0.388889 0.684968 0.380719 0.690299 0.362745 0.689765 0.351307 0.687633 0.343137 0.683369 0.337418
0 0.633262 0.353758 0.620469 0.368464 0.617804 0.381536 0.617804 0.393791 0.619936 0.398693 0.630064 0.410948 0.634861 0.414216 0.643923 0.415033 0.656716 0.404412 0.658316 0.400327 0.658316 0.385621 0.652985 0.370098 0.646055 0.358660 0.638060 0.353758
0 0.608209 0.401961 0.605544 0.409314 0.605011 0.422386 0.608209 0.436275 0.614072 0.446078 0.618337 0.448529 0.626866 0.446078 0.635928 0.439542 0.641258 0.430556 0.642857 0.424020 0.641791 0.415850 0.638593 0.415850 0.630597 0.410948 0.617804 0.395425 0.614072 0.395425
0 0.573561 0.377451 0.569296 0.382353 0.565565 0.394608 0.566098 0.407680 0.569829 0.419118 0.574627 0.428105 0.582623 0.433007 0.590618 0.433824 0.599680 0.425654 0.602345 0.413399 0.601279 0.398693 0.597548 0.384804 0.589552 0.376634 0.581557 0.375817
0 0.561834 0.368464 0.556503 0.368464 0.550107 0.371732 0.542644 0.382353 0.541045 0.388072 0.540512 0.405229 0.541578 0.410131 0.547441 0.420752 0.552772 0.424837 0.557569 0.425654 0.562900 0.424020 0.568230 0.417484 0.565565 0.402778 0.565565 0.395425 0.570896 0.379085 0.567164 0.371732
0 0.539979 0.386438 0.533582 0.377451 0.513326 0.379085 0.508529 0.382353 0.502665 0.389706 0.499467 0.398693 0.498934 0.410131 0.502665 0.416667 0.507996 0.421569 0.519723 0.423203 0.525586 0.421569 0.538380 0.406863 0.540512 0.398693
0 0.498401 0.409314 0.494136 0.408497 0.488806 0.413399 0.479744 0.433824 0.480277 0.457516 0.484542 0.462418 0.488806 0.464052 0.497868 0.462418 0.502132 0.459150 0.506930 0.449346 0.507996 0.440359 0.507463 0.422386
0 0.538913 0.433824 0.527186 0.424837 0.521322 0.425654 0.515991 0.429739 0.511727 0.435458 0.508529 0.444444 0.507463 0.455882 0.509595 0.467320 0.515458 0.473856 0.523987 0.474673 0.539979 0.466503 0.544243 0.459150 0.544776 0.446078
0 0.468017 0.463235 0.463220 0.473039 0.462687 0.482843 0.465352 0.494281 0.470149 0.504085 0.477612 0.515523 0.481876 0.518791 0.486674 0.519608 0.490938 0.517974 0.496269 0.512255 0.499467 0.506536 0.501599 0.496732 0.504797 0.489379 0.505864 0.483660 0.505330 0.475490 0.502132 0.471405 0.494670 0.466503 0.485075 0.464052 0.481876 0.461601 0.472281 0.460784
0 0.506397 0.486928 0.501066 0.499183 0.501599 0.505719 0.503731 0.512255 0.514392 0.522876 0.526652 0.539216 0.537313 0.544118 0.539979 0.511438 0.534115 0.493464 0.533049 0.484477 0.528252 0.479575 0.521322 0.477941 0.515991 0.479575
0 0.542111 0.466503 0.535714 0.473856 0.533582 0.480392 0.534648 0.495915 0.538380 0.504085 0.541578 0.517974 0.547974 0.521242 0.557569 0.519608 0.562900 0.514706 0.566098 0.508987 0.566631 0.497549 0.565032 0.489379 0.551706 0.467320 0.547974 0.465686
0 0.571429 0.426471 0.567164 0.430556 0.561301 0.443627 0.557036 0.457516 0.555970 0.468954 0.561301 0.482026 0.565032 0.486111 0.579957 0.486111 0.586354 0.480392 0.589552 0.473856 0.592217 0.459967 0.591684 0.444444 0.588486 0.434641
0 0.591684 0.477941 0.588486 0.486928 0.588486 0.491830 0.594350 0.508170 0.600213 0.517974 0.606077 0.522876 0.613539 0.522876 0.616205 0.521242 0.620469 0.514706 0.625800 0.495098 0.625800 0.485294 0.622601 0.477124 0.617804 0.473856 0.599680 0.473039
0 0.652985 0.441993 0.647655 0.438725 0.638060 0.438725 0.627399 0.445261 0.623134 0.450980 0.622068 0.462418 0.623667 0.473856 0.627399 0.482843 0.632729 0.491013 0.636994 0.492647 0.647122 0.491013 0.652452 0.482843 0.656716 0.469771 0.658316 0.459150 0.657783 0.450980
0 0.649254 0.491830 0.642324 0.491830 0.631663 0.495098 0.628998 0.500817 0.625800 0.515523 0.625267 0.525327 0.627932 0.543301 0.630597 0.549837 0.635928 0.555556 0.642324 0.555556 0.651386 0.549020 0.657249 0.540033 0.660448 0.529412 0.660981 0.511438 0.659915 0.505719 0.655117 0.497549
0 0.688699 0.460784 0.686034 0.458333 0.678038 0.458333 0.659915 0.468954 0.655650 0.474673 0.654051 0.480392 0.655117 0.494281 0.656716 0.498366 0.662047 0.504902 0.670043 0.508170 0.682303 0.506536 0.691365 0.500817 0.692431 0.493464
0 0.653518 0.422386 0.652985 0.428922 0.656716 0.437092 0.672175 0.450163 0.681770 0.451797 0.688166 0.448529 0.692964 0.440359 0.695096 0.430556 0.695629 0.415850 0.686034 0.400327 0.679638 0.397059 0.672708 0.397059 0.666311 0.401961
0 0.427505 0.452614 0.423241 0.458333 0.421642 0.463235 0.422175 0.469771 0.420576 0.474673 0.420576 0.486928 0.422708 0.507353 0.425906 0.517157 0.428571 0.519608 0.441365 0.519608 0.450426 0.511438 0.456823 0.501634 0.458955 0.494281 0.458955 0.482843 0.455224 0.470588 0.444563 0.466503 0.435501 0.451797
0 0.430171 0.407680 0.428038 0.410948 0.427505 0.417484 0.431237 0.441176 0.432836 0.446895 0.444030 0.466503 0.448294 0.468954 0.454158 0.468954 0.461087 0.462418 0.466418 0.454248 0.469616 0.443627 0.469616 0.433824 0.465352 0.422386 0.457889 0.413399 0.447761 0.406046 0.434968 0.405229
0 0.415245 0.397876 0.407249 0.400327 0.398721 0.410948 0.394456 0.419118 0.392324 0.428922 0.391791 0.447712 0.393390 0.453431 0.398721 0.460784 0.407783 0.464052 0.416844 0.461601 0.424307 0.455882 0.430171 0.446895 0.430704 0.437092 0.427505 0.420752 0.426972 0.410131 0.423774 0.403595
0 0.399787 0.462418 0.392857 0.468137 0.387527 0.477124 0.382729 0.493464 0.382729 0.505719 0.389126 0.514706 0.402985 0.522876 0.413646 0.520425 0.421109 0.507353 0.421642 0.497549 0.420043 0.481209 0.412580 0.467320 0.407783 0.464052
0 0.457889 0.531863 0.453092 0.540033 0.450959 0.556373 0.451493 0.571895 0.454691 0.578431 0.462687 0.585784 0.478145 0.584967 0.484542 0.575163 0.488806 0.560458 0.487207 0.535131 0.482942 0.530229 0.474947 0.525327 0.468017 0.525327
0 0.391258 0.517157 0.383262 0.523693 0.378465 0.531046 0.372068 0.544118 0.369936 0.556373 0.371535 0.563725 0.376333 0.571078 0.385394 0.577614 0.396588 0.578431 0.401919 0.574346 0.406183 0.566176 0.407249 0.561275 0.407783 0.535131 0.405117 0.526144 0.396588 0.518791
0 0.584222 0.514706 0.578358 0.513889 0.568763 0.517974 0.565032 0.524510 0.562367 0.533497 0.559701 0.554739 0.563433 0.561275 0.571429 0.570261 0.578358 0.570261 0.582090 0.567810 0.587420 0.560458 0.594350 0.546569 0.594350 0.530229 0.592751 0.525327 0.587420 0.517157
0 0.373134 0.000000 0.374733 0.010621 0.383262 0.022876 0.387527 0.025327 0.397122 0.025327 0.404584 0.021242 0.412047 0.010621 0.413646 0.004085 0.413646 0.000000
0 0.524520 0.000000 0.524520 0.003268 0.533049 0.010621 0.537313 0.008987 0.557569 0.010621 0.566631 0.003268 0.566631 0.000000
0 0.628998 0.000000 0.628998 0.003268 0.635394 0.011438 0.645522 0.014706 0.652452 0.013072 0.660981 0.003268 0.660981 0.000000
0 0.679104 0.000000 0.676972 0.008170 0.682836 0.022876 0.691365 0.035948 0.700959 0.042484 0.709488 0.042484 0.713753 0.039216 0.717484 0.032680 0.720149 0.021242 0.720149 0.008987 0.717484 0.000000
0 0.258529 0.625817 0.251599 0.620915 0.233475 0.615196 0.224414 0.615196 0.218017 0.617647 0.212687 0.623366 0.210554 0.629902 0.209488 0.642157 0.210554 0.653595 0.216418 0.665033 0.221748 0.669118 0.229211 0.669935 0.236674 0.665850 0.243603 0.657680 0.248401 0.646242 0.258529 0.631536
0 0.179104 0.629085 0.172175 0.630719 0.167910 0.633987 0.162580 0.642974 0.160981 0.651144 0.160981 0.663399 0.164712 0.675654 0.168977 0.681373 0.177505 0.685458 0.184968 0.683824 0.191365 0.678105 0.196162 0.668301 0.197228 0.661765 0.196162 0.651961 0.193497 0.645425 0.183902 0.631536
0 0.152985 0.661765 0.147655 0.658497 0.141791 0.658497 0.131130 0.665033 0.123134 0.673203 0.120469 0.678105 0.118337 0.685458 0.118337 0.693627 0.121002 0.706699 0.125800 0.718954 0.132729 0.723039 0.141258 0.722222 0.146588 0.718954 0.152452 0.712418 0.157249 0.703431 0.159915 0.692810 0.159915 0.678105 0.156716 0.666667
0 0.148188 0.728758 0.141258 0.728758 0.133795 0.733660 0.123667 0.750000 0.121535 0.758987 0.121535 0.770425 0.126333 0.780229 0.134328 0.785948 0.143923 0.786765 0.159915 0.772876 0.163646 0.759804 0.163113 0.752451 0.159382 0.741013 0.154584 0.733660
0 0.183369 0.767157 0.167910 0.767157 0.159915 0.772059 0.155117 0.777778 0.152985 0.784314 0.152452 0.796569 0.155117 0.807190 0.161514 0.816993 0.169510 0.821078 0.176972 0.819444 0.180704 0.816176 0.189232 0.801471 0.190299 0.796569 0.189765 0.774510
0 0.250000 0.809641 0.244670 0.799837 0.240938 0.796569 0.228145 0.794935 0.222281 0.797386 0.214819 0.804739 0.206823 0.818627 0.204691 0.825980 0.204691 0.838235 0.211620 0.848856 0.224947 0.847222 0.237207 0.848039 0.244670 0.839869 0.248401 0.833333 0.250533 0.825163
0 0.283049 0.830882 0.279851 0.828431 0.264392 0.827614 0.254797 0.828431 0.250533 0.831699 0.248934 0.834967 0.248934 0.842320 0.245203 0.852941 0.243603 0.864379 0.244136 0.870915 0.246802 0.879085 0.253731 0.885621 0.262260 0.885621 0.271322 0.880719 0.277186 0.874183 0.285181 0.860294 0.288380 0.848039 0.287846 0.840686
0 0.259062 0.767157 0.252132 0.774510 0.246269 0.785131 0.244670 0.793301 0.245203 0.799837 0.252665 0.812908 0.266525 0.825980 0.274520 0.827614 0.279851 0.825980 0.284115 0.816176 0.284115 0.803105 0.276652 0.770425 0.275053 0.767157 0.270789 0.763889 0.265991 0.763889
0 0.334222 0.694444 0.328891 0.689542 0.319296 0.688725 0.313433 0.691993 0.306503 0.699346 0.301706 0.706699 0.295842 0.720588 0.294776 0.731209 0.296375 0.741013 0.299041 0.745098 0.302239 0.746732 0.311301 0.745915 0.325693 0.739379 0.334222 0.732026 0.336887 0.727124 0.338486 0.719771 0.338486 0.708333
0 0.389126 0.696895 0.380064 0.683824 0.374733 0.672386 0.369403 0.669935 0.364606 0.670752 0.359808 0.674837 0.355544 0.681373 0.349680 0.685458 0.343817 0.697712 0.342751 0.706699 0.343817 0.718954 0.347015 0.723856 0.358742 0.729575 0.365672 0.731209 0.373134 0.727941 0.386461 0.714052 0.389126 0.705065
0 0.404584 0.626634 0.397655 0.626634 0.388060 0.637255 0.378465 0.660131 0.376333 0.674020 0.379531 0.683007 0.388593 0.695261 0.397655 0.696078 0.402985 0.694444 0.407249 0.688725 0.412580 0.671569 0.413113 0.660131 0.410448 0.649510 0.409915 0.635621
0 0.365139 0.589869 0.364606 0.597222 0.367804 0.607843 0.377399 0.628268 0.383795 0.635621 0.389126 0.635621 0.392324 0.633170 0.399787 0.622549 0.402985 0.613562 0.402985 0.596405 0.401386 0.591503 0.397122 0.586601 0.376333 0.583333
0 0.407783 0.527778 0.407783 0.557190 0.413113 0.565359 0.424840 0.570261 0.438699 0.571895 0.446695 0.566993 0.449893 0.562092 0.452559 0.542484 0.452026 0.535131 0.445629 0.526144 0.440299 0.522059 0.431237 0.521242 0.422708 0.516340 0.413646 0.521242
0 0.410448 0.569444 0.405650 0.578431 0.402985 0.588235 0.402985 0.596405 0.405117 0.607843 0.408849 0.611111 0.415778 0.613562 0.437100 0.614379 0.438699 0.607026 0.439232 0.583333 0.436567 0.573529 0.417377 0.566993 0.413646 0.566993
0 0.446162 0.576797 0.440299 0.583333 0.438699 0.591503 0.439232 0.608660 0.441365 0.617647 0.452026 0.633987 0.461620 0.633987 0.468017 0.631536 0.475480 0.607843 0.477612 0.589052 0.474947 0.586601 0.462687 0.586601 0.457889 0.583333 0.451493 0.575163
0 0.506397 0.565359 0.500000 0.565359 0.488806 0.573529 0.484542 0.580065 0.478145 0.595588 0.477079 0.601307 0.477612 0.609477 0.481876 0.617647 0.489872 0.625000 0.494670 0.626634 0.502132 0.624183 0.505864 0.620915 0.511194 0.610294 0.516525 0.594771 0.517058 0.587418 0.514925 0.575163 0.511727 0.569444
0 0.518124 0.593954 0.515458 0.597222 0.506930 0.620098 0.506397 0.626634 0.509062 0.637255 0.514392 0.645425 0.519723 0.649510 0.524520 0.651144 0.533049 0.649510 0.537846 0.645425 0.540512 0.640523 0.543710 0.628268 0.543710 0.619281 0.536247 0.602124 0.530384 0.593954
0 0.559168 0.555556 0.550640 0.555556 0.544243 0.559641 0.533049 0.573529 0.530384 0.581699 0.530917 0.593137 0.544776 0.616830 0.549041 0.617647 0.558102 0.612745 0.567164 0.596405 0.570896 0.584150 0.570362 0.571895 0.566631 0.564542
0 0.581557 0.573529 0.578358 0.575163 0.574627 0.580882 0.572495 0.589052 0.574094 0.611928 0.582623 0.635621 0.586354 0.639706 0.591151 0.639706 0.597548 0.632353 0.605011 0.613562 0.608209 0.595588 0.607676 0.583333 0.603945 0.576797 0.600746 0.574346 0.590618 0.572712
0 0.551173 0.616830 0.545309 0.623366 0.540512 0.644608 0.549574 0.665850 0.561834 0.675654 0.566098 0.675654 0.570896 0.671569 0.575693 0.660948 0.576759 0.647876 0.580490 0.638072 0.579957 0.630719 0.575160 0.620098 0.568230 0.614379 0.559168 0.613562
0 0.541578 0.653595 0.538913 0.655229 0.535181 0.662582 0.525053 0.699346 0.525053 0.705882 0.529318 0.712418 0.534648 0.712418 0.555437 0.693627 0.558635 0.687092 0.558635 0.674020 0.550107 0.666667
0 0.530917 0.651961 0.523454 0.651144 0.512793 0.646242 0.495203 0.673203 0.496269 0.678922 0.505864 0.706699 0.513859 0.709150 0.523987 0.705065 0.525053 0.697712 0.533582 0.668301 0.534115 0.659314
0 0.474414 0.616830 0.471748 0.620915 0.470682 0.625817 0.470682 0.636438 0.473348 0.651144 0.478145 0.666667 0.482409 0.671569 0.494670 0.673203 0.504797 0.657680 0.507463 0.650327 0.507463 0.643791 0.505330 0.634804 0.501599 0.626634 0.493603 0.626634 0.479211 0.616013
0 0.469083 0.637255 0.464286 0.634804 0.455757 0.634804 0.450959 0.637255 0.446162 0.643791 0.441898 0.660948 0.442964 0.686275 0.453092 0.687908 0.470682 0.682190 0.474947 0.676471 0.477079 0.671569 0.477612 0.665850
0 0.420576 0.616013 0.416311 0.620098 0.410448 0.631536 0.410448 0.647059 0.412047 0.656863 0.414712 0.663399 0.418977 0.667484 0.435501 0.668301 0.441898 0.660131 0.448294 0.638072 0.446162 0.626634 0.438699 0.616830 0.430171 0.614379
0 0.470682 0.690359 0.466951 0.685458 0.461620 0.685458 0.452559 0.688725 0.442431 0.688725 0.437100 0.693627 0.430704 0.704248 0.428038 0.721405 0.433902 0.730392 0.438166 0.733660 0.449893 0.728758 0.466951 0.728758 0.470682 0.709967
0 0.415778 0.668301 0.413113 0.671569 0.405650 0.691176 0.405650 0.697712 0.411514 0.711601 0.423241 0.721405 0.428038 0.721405 0.429104 0.709150 0.432303 0.700980 0.440832 0.687908 0.440832 0.680556 0.438166 0.673203 0.432836 0.668301
0 0.412580 0.713235 0.405117 0.714869 0.398188 0.720588 0.393390 0.727124 0.388593 0.739379 0.389659 0.763072 0.394456 0.770425 0.406183 0.778595 0.408849 0.778595 0.424840 0.769608 0.429638 0.758170 0.431770 0.745915 0.430171 0.735294 0.426972 0.725490
0 0.387527 0.736928 0.382196 0.737745 0.368870 0.754902 0.365139 0.768791 0.359808 0.781046 0.364072 0.795752 0.373667 0.800654 0.384861 0.803105 0.396055 0.795752 0.405650 0.783497 0.406183 0.780229 0.404051 0.776961 0.395522 0.770425 0.389659 0.762255 0.388593 0.738562
0 0.338486 0.725490 0.331557 0.736111 0.326759 0.748366 0.326226 0.763072 0.327292 0.767974 0.334222 0.778595 0.338486 0.781863 0.347015 0.782680 0.358209 0.781046 0.365672 0.767157 0.367271 0.759804 0.367804 0.749183 0.366205 0.734477 0.363539 0.731209 0.356610 0.729575 0.346482 0.723856
0 0.357676 0.781863 0.336887 0.781863 0.326226 0.797386 0.321429 0.812092 0.323561 0.822712 0.328891 0.835784 0.333689 0.838235 0.338486 0.838235 0.348614 0.830065 0.355011 0.808824 0.360341 0.798203 0.360341 0.789216
0 0.300107 0.760621 0.297441 0.762255 0.291045 0.773693 0.284115 0.793301 0.284115 0.803105 0.285181 0.808824 0.298507 0.824346 0.305970 0.824346 0.311301 0.821895 0.317164 0.816176 0.322495 0.800654 0.322495 0.787582 0.318763 0.776144 0.313433 0.767157 0.307036 0.761438
0 0.321429 0.819444 0.319296 0.817810 0.313966 0.818627 0.307569 0.823529 0.298507 0.824346 0.291578 0.829248 0.289446 0.834967 0.288913 0.843137 0.292111 0.873366 0.294776 0.879902 0.297441 0.881536 0.308635 0.880719 0.316631 0.872549 0.321429 0.863562 0.326226 0.847222 0.327292 0.837418 0.325693 0.829248
0 0.357676 0.847222 0.355011 0.850490 0.350746 0.868464 0.350746 0.896242 0.352345 0.901144 0.356610 0.906046 0.364072 0.906863 0.368870 0.905229 0.381130 0.892157 0.385394 0.883170 0.385394 0.877451 0.378998 0.866830 0.378998 0.852124 0.377399 0.849673 0.368337 0.847222
0 0.399787 0.817810 0.396588 0.816993 0.390192 0.821895 0.383262 0.839869 0.378998 0.847222 0.378998 0.866830 0.380064 0.870915 0.385928 0.878268 0.393390 0.879085 0.406183 0.870098 0.409915 0.864379 0.416844 0.847222 0.416844 0.835784 0.408849 0.830882
0 0.388060 0.812092 0.383795 0.803922 0.366738 0.798203 0.361940 0.799837 0.353412 0.812908 0.345416 0.843137 0.347548 0.844771 0.377399 0.848856 0.383262 0.840686 0.388593 0.825163
0 0.426972 0.772059 0.422708 0.771242 0.413646 0.775327 0.408316 0.780229 0.400853 0.794935 0.399787 0.802288 0.400320 0.816993 0.403518 0.825163 0.410448 0.831699 0.421642 0.833333 0.430704 0.823529 0.436034 0.811275 0.438699 0.800654 0.438166 0.788399 0.431770 0.776961
0 0.438166 0.736111 0.433369 0.744281 0.428571 0.763072 0.428571 0.769608 0.431770 0.776961 0.437100 0.783497 0.445629 0.786765 0.460021 0.786765 0.464286 0.784314 0.465885 0.781046 0.462687 0.757353 0.467484 0.741013 0.466418 0.733660 0.459488 0.728758 0.450426 0.728758
0 0.493603 0.732843 0.483475 0.733660 0.474414 0.740196 0.471215 0.740196 0.465885 0.746732 0.461620 0.758170 0.464286 0.769608 0.464286 0.776144 0.466418 0.781863 0.473881 0.781863 0.487740 0.776144 0.491471 0.770425 0.490938 0.763889 0.488806 0.757353 0.494136 0.741830
0 0.495736 0.683824 0.480810 0.682190 0.473348 0.687908 0.471215 0.714052 0.468017 0.727124 0.469083 0.733660 0.470682 0.736111 0.475480 0.739379 0.478145 0.732843 0.482409 0.732843 0.486674 0.730392 0.494670 0.730392 0.500000 0.723039 0.503198 0.707516 0.500533 0.692810
0 0.530384 0.715686 0.522388 0.708333 0.510661 0.709967 0.505864 0.713235 0.496802 0.730392 0.494670 0.740196 0.489872 0.751634 0.489872 0.761438 0.495736 0.766340 0.502665 0.767157 0.523987 0.753268 0.528785 0.745098 0.531983 0.733660 0.531983 0.720588
0 0.562367 0.698529 0.557036 0.696078 0.550107 0.698529 0.539979 0.708333 0.535714 0.714869 0.534115 0.727124 0.536247 0.745915 0.539979 0.755719 0.544243 0.757353 0.557569 0.757353 0.565032 0.746732 0.567164 0.738562 0.568763 0.713235 0.566631 0.704248
0 0.592217 0.655229 0.586354 0.655229 0.578358 0.659314 0.569829 0.674020 0.561301 0.679739 0.560768 0.687908 0.561834 0.694444 0.569829 0.708333 0.575693 0.711601 0.581023 0.711601 0.587420 0.706699 0.598081 0.691993 0.591684 0.674837 0.592751 0.668301
0 0.620469 0.635621 0.610341 0.633170 0.603412 0.636438 0.598614 0.642974 0.594350 0.652778 0.593817 0.680556 0.596482 0.687908 0.600213 0.691993 0.608209 0.693627 0.615139 0.692810 0.619403 0.688725 0.626866 0.673203 0.628998 0.660948 0.628465 0.648693 0.625800 0.642157
0 0.617804 0.595588 0.617271 0.607026 0.618870 0.616830 0.628998 0.639706 0.634328 0.647876 0.641258 0.652778 0.647122 0.651961 0.655650 0.639706 0.658316 0.632353 0.658316 0.622549 0.654051 0.614379 0.630064 0.598039
0 0.669510 0.565359 0.663113 0.554739 0.654584 0.549020 0.637527 0.558007 0.633795 0.565359 0.629531 0.581699 0.629531 0.593137 0.631130 0.598039 0.633795 0.601307 0.649787 0.609477 0.654584 0.609477 0.658849 0.607026 0.666311 0.599673 0.670576 0.589869 0.671109 0.570261
0 0.695096 0.502451 0.689232 0.502451 0.682303 0.506536 0.674840 0.508170 0.670576 0.514706 0.670576 0.531863 0.674840 0.550654 0.678571 0.560458 0.683902 0.565359 0.691898 0.564542 0.697761 0.559641 0.702559 0.552288 0.705224 0.542484 0.705757 0.528595 0.704158 0.515523 0.701493 0.507353
0 0.707889 0.443627 0.697228 0.445261 0.692431 0.450163 0.689765 0.456699 0.689232 0.471405 0.692431 0.497549 0.693497 0.500817 0.700426 0.505719 0.704158 0.503268 0.711087 0.494281 0.713753 0.480392 0.713753 0.450980 0.712154 0.446078
0 0.749467 0.530229 0.745736 0.527778 0.728678 0.526144 0.712687 0.535948 0.708955 0.541667 0.706823 0.551471 0.708955 0.568627 0.712687 0.577614 0.718550 0.584150 0.728678 0.583333 0.737740 0.576797 0.750000 0.562092 0.752665 0.554739 0.753198 0.544118 0.752132 0.534314
0 0.713220 0.486111 0.711620 0.493464 0.712687 0.500000 0.722281 0.514706 0.730277 0.523693 0.736674 0.526961 0.743603 0.526961 0.746269 0.523693 0.748934 0.516340 0.750533 0.504902 0.743603 0.479575 0.740938 0.477941 0.726546 0.478758 0.716951 0.482026
0 0.745736 0.467320 0.744670 0.473039 0.745203 0.486111 0.748934 0.498366 0.752132 0.503268 0.767058 0.509804 0.775053 0.511438 0.779318 0.509804 0.782516 0.505719 0.784115 0.500000 0.784115 0.486928 0.779851 0.473039 0.773987 0.461601 0.768124 0.457516 0.757996 0.457516 0.750533 0.461601
0 0.775586 0.531863 0.770789 0.535948 0.765458 0.545752 0.762793 0.562092 0.768657 0.580882 0.775053 0.594771 0.779851 0.597222 0.787846 0.597222 0.793177 0.593137 0.798507 0.584150 0.802772 0.562092 0.802239 0.554739 0.797974 0.544935 0.790512 0.535948 0.784115 0.531863
0 0.740938 0.572712 0.739339 0.578431 0.740405 0.593137 0.742004 0.595588 0.754264 0.603758 0.761727 0.618464 0.770256 0.616013 0.773454 0.612745 0.775586 0.604575 0.774520 0.593954 0.762793 0.565359 0.756930 0.561275 0.751066 0.561275
0 0.771855 0.616013 0.765991 0.617647 0.762793 0.621732 0.756930 0.642974 0.757996 0.665033 0.767591 0.680556 0.771855 0.678922 0.779318 0.670752 0.791578 0.664216 0.795309 0.656863 0.795842 0.651961 0.794776 0.642974 0.789979 0.633170 0.775586 0.617647
0 0.744136 0.595588 0.737740 0.595588 0.730810 0.599673 0.727079 0.604575 0.724414 0.611928 0.722814 0.625000 0.723348 0.635621 0.724414 0.639706 0.730277 0.646242 0.739339 0.648693 0.744670 0.647059 0.754797 0.632353 0.756930 0.625000 0.758529 0.614379 0.756930 0.607026 0.751066 0.599673
0 0.697228 0.589869 0.686034 0.589052 0.682836 0.590686 0.673241 0.605392 0.670576 0.615196 0.670043 0.626634 0.672175 0.640523 0.676439 0.647876 0.684435 0.652778 0.689232 0.651961 0.696162 0.645425 0.706823 0.625817 0.707889 0.620915 0.707356 0.605392 0.704691 0.598039
0 0.654051 0.668301 0.654051 0.679739 0.658849 0.688725 0.665245 0.692810 0.671642 0.693627 0.680704 0.697712 0.689765 0.696895 0.697761 0.689542 0.699360 0.686275 0.697761 0.673203 0.693497 0.662582 0.686034 0.655229 0.672708 0.646242 0.663646 0.646242 0.658849 0.652778
0 0.712687 0.672386 0.703625 0.680556 0.699893 0.689542 0.696162 0.692810 0.696162 0.705882 0.700959 0.715686 0.708422 0.722222 0.714286 0.724673 0.720682 0.724673 0.724947 0.719771 0.726546 0.714869 0.724947 0.689542 0.721748 0.675654 0.717484 0.672386
0 0.723348 0.676471 0.722814 0.680556 0.728145 0.713235 0.735608 0.713235 0.747868 0.719771 0.754264 0.720588 0.757996 0.718137 0.762793 0.710784 0.766525 0.699346 0.767591 0.691993 0.767058 0.683007 0.763859 0.675654 0.758529 0.670752 0.750000 0.666667 0.739872 0.665850 0.726013 0.673203
0 0.799574 0.669118 0.791578 0.665850 0.786780 0.666667 0.776119 0.674020 0.771855 0.679739 0.769190 0.690359 0.769723 0.697712 0.775053 0.711601 0.779851 0.718137 0.782516 0.719771 0.792644 0.719771 0.802239 0.714869 0.808635 0.703431 0.809701 0.699346 0.809168 0.684641 0.805437 0.675654
0 0.802772 0.718954 0.779851 0.719771 0.774520 0.727124 0.772388 0.736111 0.772921 0.750817 0.776652 0.764706 0.781983 0.772876 0.786780 0.775327 0.794776 0.773693 0.799574 0.767974 0.809701 0.745915 0.807036 0.725490
0 0.775586 0.765523 0.770256 0.764706 0.759595 0.767974 0.754797 0.773693 0.752665 0.781046 0.751599 0.790033 0.752665 0.805556 0.755864 0.814542 0.763859 0.825980 0.770256 0.825980 0.778252 0.821895 0.786247 0.806373 0.786780 0.795752 0.785714 0.785948 0.780917 0.772876
0 0.726546 0.718137 0.721748 0.724673 0.718550 0.733660 0.720149 0.749183 0.727612 0.763072 0.743070 0.779412 0.749467 0.779412 0.751599 0.777778 0.754797 0.768791 0.755864 0.752451 0.755330 0.743464 0.752132 0.727941 0.748401 0.721405 0.742537 0.716503 0.731343 0.714869
0 0.717484 0.764706 0.708955 0.769608 0.700426 0.783497 0.699360 0.786765 0.699893 0.805556 0.704691 0.814542 0.707889 0.816993 0.724947 0.821895 0.728145 0.819444 0.737740 0.800654 0.738806 0.781046 0.737740 0.775327 0.728678 0.764706
0 0.699360 0.739379 0.694563 0.736111 0.690299 0.736111 0.681770 0.746732 0.671642 0.750817 0.669510 0.753268 0.666844 0.765523 0.666844 0.780229 0.668977 0.788399 0.673774 0.797386 0.680171 0.799020 0.687100 0.795752 0.697228 0.785948 0.707356 0.770425 0.707356 0.763072 0.705224 0.751634
0 0.651386 0.707516 0.648721 0.714052 0.648188 0.730392 0.651919 0.741013 0.658316 0.747549 0.669510 0.750000 0.675906 0.749183 0.681237 0.746732 0.688166 0.738562 0.689232 0.732026 0.686567 0.713235 0.682836 0.704248 0.678571 0.698529 0.672175 0.694444 0.665778 0.693627 0.658316 0.698529
0 0.643923 0.709150 0.634328 0.710784 0.628465 0.718137 0.625800 0.725490 0.625800 0.754902 0.628465 0.762255 0.634328 0.770425 0.639126 0.771242 0.649787 0.765523 0.657783 0.751634 0.656716 0.745915 0.650320 0.737745 0.648721 0.732843 0.648188 0.712418
0 0.618870 0.709150 0.615139 0.709150 0.612473 0.714052 0.600746 0.723856 0.597015 0.731209 0.593817 0.742647 0.592751 0.754085 0.593817 0.758987 0.599147 0.767157 0.601812 0.768791 0.615139 0.767974 0.621002 0.762255 0.624200 0.756536 0.625800 0.737745 0.625267 0.720588 0.623667 0.715686
0 0.588486 0.709150 0.570896 0.717320 0.568230 0.726307 0.566098 0.745098 0.566631 0.749183 0.569829 0.757353 0.578358 0.767157 0.582623 0.766340 0.592217 0.751634 0.594350 0.739379 0.598614 0.727941 0.598081 0.721405 0.594883 0.714869
0 0.534115 0.763889 0.532516 0.783497 0.534115 0.791667 0.537846 0.799837 0.545309 0.805556 0.557036 0.810458 0.563966 0.810458 0.568230 0.807190 0.576759 0.776144 0.577292 0.769608 0.575160 0.764706 0.569296 0.759804 0.565032 0.759804 0.560768 0.757353 0.539979 0.756536
0 0.531983 0.762255 0.525053 0.756536 0.520789 0.755719 0.501066 0.769608 0.497335 0.774510 0.495736 0.780229 0.495736 0.788399 0.500533 0.808824 0.503731 0.814542 0.510128 0.816993 0.519190 0.812908 0.524520 0.807190 0.531450 0.792484 0.533049 0.769608
0 0.318763 0.348856 0.310768 0.343954 0.304904 0.343954 0.292644 0.348039 0.282516 0.357843 0.277186 0.366830 0.275053 0.374183 0.275053 0.387255 0.277719 0.396242 0.281450 0.401961 0.288913 0.406863 0.298507 0.406046 0.309701 0.396242 0.317164 0.384804 0.321962 0.368464
0 0.490938 0.777778 0.485608 0.776961 0.482409 0.779412 0.469083 0.782680 0.465885 0.788399 0.463753 0.799837 0.463220 0.816176 0.464819 0.821078 0.473348 0.834150 0.479744 0.834967 0.485608 0.831699 0.499467 0.811275 0.499467 0.804739 0.496802 0.796569 0.495203 0.785948
0 0.464286 0.786765 0.446695 0.787582 0.442431 0.790033 0.439232 0.796569 0.433369 0.823529 0.438699 0.830882 0.450959 0.856209 0.460021 0.844771 0.468550 0.830882 0.468550 0.828431 0.463753 0.819444 0.462687 0.813725 0.464819 0.793301
0 0.481876 0.839052 0.472281 0.834967 0.466418 0.835784 0.454691 0.850490 0.450959 0.858660 0.450426 0.871732 0.456823 0.885621 0.461087 0.889706 0.465885 0.889706 0.470149 0.887255 0.490405 0.861928 0.490405 0.852941 0.487207 0.845588
0 0.436567 0.830065 0.427505 0.829248 0.418977 0.838235 0.414712 0.853758 0.408849 0.866830 0.405117 0.871732 0.404584 0.884804 0.405650 0.886438 0.412047 0.888072 0.422175 0.897876 0.429638 0.897876 0.437100 0.892974 0.442964 0.884804 0.448294 0.870098 0.448827 0.856209 0.446695 0.846405
0 0.507463 0.867647 0.501066 0.864379 0.492537 0.864379 0.482409 0.871732 0.471215 0.889706 0.470149 0.906046 0.471748 0.910948 0.476546 0.917484 0.481343 0.920752 0.493070 0.920752 0.505330 0.913399 0.511727 0.902778 0.513326 0.889706 0.512260 0.878268
0 0.497335 0.815359 0.489872 0.825163 0.485608 0.834967 0.487740 0.846405 0.496802 0.861928 0.509595 0.868464 0.516525 0.866013 0.519190 0.853758 0.523454 0.844771 0.521855 0.825163 0.520256 0.819444 0.517591 0.815359 0.506397 0.816993 0.502665 0.813725
0 0.530917 0.800654 0.527186 0.803922 0.523454 0.810458 0.521855 0.822712 0.522921 0.834967 0.526119 0.845588 0.527719 0.857026 0.529851 0.859477 0.535714 0.861111 0.548507 0.859477 0.554371 0.849673 0.558635 0.837418 0.560235 0.830065 0.560235 0.821895 0.558635 0.813725 0.555970 0.810458 0.547441 0.807190 0.537846 0.799837
0 0.590618 0.835784 0.581023 0.830065 0.572495 0.821078 0.562900 0.825980 0.550640 0.857843 0.552239 0.869281 0.556503 0.875000 0.560768 0.875000 0.585288 0.863562 0.591151 0.853758 0.591684 0.839052
0 0.583156 0.770425 0.579957 0.772059 0.576759 0.776961 0.570362 0.798203 0.569296 0.811275 0.571962 0.817810 0.580490 0.829248 0.584222 0.831699 0.590085 0.831699 0.593284 0.829248 0.596482 0.823529 0.598081 0.804739 0.597548 0.780229 0.596482 0.776144 0.591684 0.771242
0 0.606077 0.770425 0.601812 0.772876 0.598614 0.780229 0.597015 0.825163 0.604478 0.837418 0.608209 0.839869 0.615672 0.840686 0.622068 0.831699 0.626333 0.822712 0.629531 0.808007 0.629531 0.797386 0.627399 0.787582 0.620469 0.775327 0.613539 0.770425
0 0.650853 0.766340 0.638593 0.772059 0.630064 0.785948 0.629531 0.794935 0.631663 0.810458 0.636994 0.821078 0.641258 0.824346 0.647122 0.825163 0.656183 0.819444 0.662580 0.809641 0.665778 0.799837 0.665778 0.786765 0.663113 0.778595 0.656183 0.769608
0 0.692964 0.801471 0.682836 0.799837 0.674840 0.802288 0.668977 0.808007 0.663646 0.821895 0.663113 0.836601 0.664712 0.845588 0.668977 0.852124 0.677505 0.860294 0.682303 0.860294 0.688166 0.857026 0.694563 0.848856 0.699893 0.836601 0.702026 0.824346 0.701493 0.816993 0.698827 0.808824
0 0.718017 0.821078 0.708955 0.820261 0.702559 0.827614 0.695629 0.848039 0.693497 0.866013 0.696695 0.872549 0.704158 0.880719 0.708955 0.880719 0.729211 0.847222 0.728678 0.839052 0.726013 0.830882 0.722281 0.824346
0 0.743603 0.799020 0.738273 0.801471 0.731876 0.811275 0.727079 0.821895 0.726546 0.829248 0.730277 0.844771 0.734542 0.853758 0.743603 0.861928 0.749467 0.861928 0.754264 0.857843 0.758529 0.848856 0.762260 0.835784 0.762793 0.827614 0.761727 0.823529 0.754797 0.812092 0.751066 0.801471
0 0.730810 0.851307 0.728145 0.851307 0.719616 0.861111 0.710021 0.880719 0.710021 0.885621 0.714819 0.902778 0.721215 0.911765 0.728678 0.917484 0.737740 0.914216 0.743070 0.906046 0.746269 0.897059 0.747335 0.879085 0.746802 0.869281 0.745203 0.865196
0 0.757463 0.858660 0.751599 0.861928 0.749467 0.866013 0.747335 0.882353 0.746269 0.906046 0.748401 0.913399 0.752132 0.919118 0.755330 0.921569 0.762793 0.922386 0.769190 0.919935 0.772921 0.915850 0.774520 0.900327 0.779851 0.883987 0.779851 0.876634 0.769723 0.861111 0.765458 0.858660
0 0.684968 0.866013 0.681237 0.870915 0.679104 0.879902 0.682836 0.912582 0.685501 0.919118 0.690299 0.924020 0.695629 0.925654 0.701493 0.924020 0.705224 0.920752 0.712687 0.908497 0.713220 0.899510 0.711087 0.890523 0.708422 0.884804 0.702559 0.879902 0.693497 0.867647
0 0.666311 0.848856 0.659915 0.848856 0.649787 0.856209 0.636461 0.884804 0.635928 0.889706 0.638593 0.900327 0.648188 0.913399 0.655650 0.913399 0.659382 0.910131 0.674307 0.889706 0.678038 0.882353 0.679638 0.875000 0.678038 0.862745
0 0.634861 0.821078 0.629531 0.821895 0.625800 0.825163 0.617271 0.839869 0.614606 0.849673 0.614606 0.864379 0.616738 0.870915 0.623134 0.879902 0.629531 0.883170 0.638060 0.881536 0.640725 0.877451 0.643390 0.867647 0.646588 0.862745 0.649787 0.853758 0.649787 0.840686 0.646055 0.828431
0 0.581557 0.870915 0.586354 0.896242 0.588486 0.899510 0.592751 0.901961 0.602878 0.904412 0.620469 0.902778 0.625267 0.899510 0.631663 0.889706 0.630597 0.884804 0.625267 0.882353 0.617271 0.871732 0.614606 0.865196 0.613539 0.851307 0.607676 0.845588 0.598614 0.845588 0.595949 0.847222
0 0.578358 0.871732 0.571962 0.870098 0.557569 0.875817 0.551173 0.883987 0.546375 0.901144 0.546375 0.908497 0.554904 0.923203 0.562367 0.924837 0.575693 0.921569 0.579424 0.919118 0.584222 0.911765 0.586354 0.901144 0.585821 0.893791 0.583689 0.883170
0 0.554371 0.876634 0.549574 0.862745 0.547974 0.861111 0.524520 0.861928 0.519723 0.865196 0.515991 0.871732 0.513859 0.883987 0.513859 0.895425 0.515991 0.898693 0.523454 0.903595 0.534648 0.906046 0.544243 0.905229 0.546908 0.901961 0.550107 0.886438
0 0.944030 0.629085 0.934968 0.635621 0.924840 0.650327 0.915778 0.678105 0.917377 0.686275 0.924840 0.694444 0.931770 0.699346 0.941365 0.700163 0.946162 0.697712 0.949360 0.691993 0.952026 0.683007 0.953625 0.669935 0.953092 0.651961 0.948827 0.636438
0 0.891791 0.639706 0.884861 0.660948 0.884861 0.669935 0.892857 0.680556 0.898721 0.683824 0.911514 0.684641 0.914712 0.683007 0.916844 0.674020 0.920576 0.665850 0.921642 0.653595 0.906183 0.642157 0.898721 0.639706
0 0.869936 0.611111 0.862473 0.616013 0.858209 0.625817 0.850213 0.638072 0.849680 0.649510 0.856077 0.664216 0.867271 0.669118 0.875267 0.669935 0.882196 0.665850 0.884861 0.661765 0.888593 0.651144 0.890725 0.637255 0.889126 0.629085 0.882729 0.615196 0.877399 0.611111
0 0.850746 0.579248 0.840618 0.581699 0.836354 0.589869 0.831557 0.593137 0.830490 0.598039 0.832623 0.625817 0.835821 0.631536 0.841684 0.637255 0.848081 0.638072 0.852878 0.635621 0.859808 0.623366 0.863006 0.613562 0.861940 0.596405 0.859808 0.588235 0.855544 0.581699
0 0.820362 0.625000 0.813966 0.631536 0.810768 0.640523 0.810235 0.651961 0.812367 0.666667 0.815032 0.674020 0.821962 0.683007 0.832090 0.686275 0.836354 0.685458 0.844883 0.670752 0.845949 0.648693 0.840618 0.637255 0.832090 0.625000 0.829957 0.623366
0 0.837420 0.685458 0.839019 0.691993 0.868870 0.710784 0.877932 0.710784 0.880597 0.704248 0.882196 0.683824 0.881663 0.678922 0.877399 0.670752 0.859275 0.666667 0.850213 0.668301 0.842751 0.674020
0 0.883795 0.683824 0.882196 0.687092 0.880064 0.709967 0.881130 0.715686 0.889126 0.731209 0.893923 0.737745 0.903518 0.744281 0.908316 0.743464 0.915245 0.737745 0.917377 0.732026 0.917910 0.721405 0.916311 0.712418 0.910981 0.699346 0.901386 0.687908 0.889659 0.683007
0 0.915778 0.737745 0.905117 0.746732 0.902985 0.759804 0.902985 0.771242 0.907249 0.797386 0.912047 0.802288 0.921642 0.803922 0.930171 0.799837 0.932836 0.793301 0.935501 0.772876 0.935501 0.754902 0.933369 0.746732 0.929104 0.741013 0.921642 0.737745
0 0.970682 0.815359 0.961620 0.815359 0.955224 0.819444 0.951493 0.825163 0.948827 0.835784 0.948827 0.848856 0.950959 0.861111 0.954691 0.870098 0.961087 0.877451 0.964819 0.877451 0.974947 0.870915 0.979744 0.864379 0.982942 0.855392 0.982942 0.843954 0.980277 0.830065 0.977612 0.822712
0 0.901386 0.815359 0.891791 0.821078 0.880597 0.824346 0.875267 0.834150 0.874200 0.840686 0.875800 0.853758 0.881663 0.869281 0.886994 0.878268 0.893923 0.882353 0.899254 0.882353 0.904051 0.877451 0.908316 0.855392 0.909382 0.844771 0.908849 0.827614 0.906716 0.821078
0 0.889126 0.762255 0.884328 0.763889 0.875267 0.771242 0.872068 0.776961 0.869936 0.785131 0.871002 0.807190 0.873667 0.814542 0.880064 0.821895 0.890725 0.821078 0.899254 0.815359 0.906183 0.799020 0.905650 0.785131 0.901919 0.772059 0.898721 0.767974
0 0.864606 0.715686 0.860341 0.718954 0.856077 0.725490 0.853945 0.732026 0.852878 0.740196 0.855544 0.751634 0.858209 0.755719 0.865139 0.758987 0.875800 0.767974 0.883795 0.763889 0.886461 0.759804 0.889126 0.746732 0.889126 0.733660 0.887527 0.727941 0.882196 0.718954 0.873667 0.714052
0 0.833689 0.691993 0.819829 0.700980 0.815565 0.706699 0.813433 0.713235 0.813433 0.723856 0.818763 0.735294 0.826759 0.738562 0.834755 0.745915 0.838486 0.746732 0.850213 0.740196 0.855011 0.727941 0.855544 0.720588 0.851279 0.707516 0.847015 0.700163 0.839019 0.692810
0 0.835821 0.748366 0.831557 0.742647 0.824094 0.737745 0.817164 0.737745 0.812367 0.741830 0.804904 0.754902 0.796908 0.774510 0.796375 0.781863 0.797974 0.792484 0.801706 0.796569 0.809168 0.796569 0.823561 0.789216 0.836887 0.776144 0.839019 0.771242 0.839019 0.765523
0 0.845416 0.773693 0.838486 0.773693 0.827825 0.783497 0.822495 0.793301 0.821962 0.804739 0.824627 0.824346 0.828358 0.830065 0.834222 0.834967 0.840085 0.835784 0.844883 0.832516 0.851812 0.823529 0.854478 0.814542 0.856077 0.801471 0.855011 0.786765 0.851279 0.778595
0 0.835821 0.838235 0.833156 0.854575 0.835821 0.865196 0.837420 0.866830 0.854478 0.871732 0.863539 0.871732 0.868337 0.868464 0.874200 0.857843 0.874200 0.845588 0.872068 0.834967 0.866205 0.825163 0.858209 0.817810 0.853945 0.817810 0.845949 0.830882
0 0.794776 0.861928 0.794243 0.866013 0.795842 0.871732 0.804904 0.885621 0.812367 0.892974 0.820362 0.896242 0.825160 0.895425 0.829957 0.889706 0.833156 0.881536 0.835288 0.866830 0.834222 0.857843 0.831023 0.850490 0.825160 0.844771 0.818763 0.842320 0.815032 0.843954 0.807569 0.855392 0.796375 0.859477
0 0.807569 0.799837 0.794243 0.799837 0.786780 0.806373 0.780917 0.819444 0.780917 0.843954 0.784115 0.852124 0.791045 0.859477 0.795309 0.860294 0.806503 0.856209 0.813966 0.846405 0.816631 0.830065 0.816098 0.816993 0.813966 0.808007
0 0.786780 0.873366 0.780384 0.880719 0.774520 0.900327 0.773987 0.915033 0.776652 0.923203 0.779851 0.927288 0.786247 0.930556 0.801173 0.930556 0.811301 0.923203 0.813966 0.919118 0.813966 0.910948 0.808102 0.890523 0.796375 0.874183 0.793710 0.872549
0 1.000000 0.781046 0.974414 0.785131 0.972814 0.790850 0.972814 0.798203 0.975480 0.808007 0.990405 0.833333 0.995203 0.833333 1.000000 0.830882
0 1.000000 0.741013 0.993070 0.736111 0.988806 0.735294 0.982942 0.738562 0.973881 0.740196 0.971215 0.743464 0.969083 0.769608 0.971215 0.778595 0.974414 0.784314 0.979744 0.785131 0.993603 0.781046 1.000000 0.781046
0 0.966418 0.677288 0.962687 0.682190 0.957889 0.698529 0.957356 0.710784 0.959488 0.722222 0.967484 0.736111 0.972281 0.740196 0.977079 0.740196 0.988806 0.735294 0.991471 0.732026 0.994136 0.719771 0.994136 0.710784 0.992537 0.704248 0.989872 0.699346 0.981876 0.699346
0 0.972814 0.641340 0.969083 0.647059 0.966418 0.658497 0.966418 0.671569 0.968017 0.680556 0.981343 0.698529 0.986141 0.698529 0.995203 0.693627 0.998401 0.687092 1.000000 0.687092 1.000000 0.647059 0.993070 0.641340 0.987207 0.639706
0 0.989872 0.575163 0.984009 0.581699 0.981343 0.588235 0.979211 0.600490 0.979211 0.613562 0.980810 0.622549 0.985075 0.630719 0.988273 0.633170 1.000000 0.636438 1.000000 0.572712
0 0.994136 0.524510 0.978678 0.525327 0.969083 0.538399 0.968017 0.551471 0.968550 0.566993 0.978678 0.580882 0.982942 0.581699 0.987207 0.576797 1.000000 0.571078 1.000000 0.532680 0.998401 0.532680 0.997335 0.528595
0 0.992004 0.458333 0.985075 0.459150 0.980277 0.462418 0.974947 0.468954 0.971215 0.477941 0.969616 0.486111 0.969616 0.504085 0.972281 0.514706 0.978145 0.522059 0.994136 0.522876 0.996802 0.519608 0.997868 0.513072 1.000000 0.512255 1.000000 0.467320 0.998401 0.467320
0 0.795309 0.407680 0.785714 0.406046 0.777719 0.415850 0.772921 0.428922 0.769190 0.446078 0.769190 0.453431 0.771322 0.458333 0.774520 0.460784 0.788913 0.458333 0.794776 0.454248 0.801173 0.446078 0.803305 0.438725 0.803305 0.426471 0.800640 0.415850
0 0.754264 0.429739 0.751066 0.424020 0.743603 0.421569 0.739872 0.423203 0.731876 0.433824 0.717484 0.437908 0.714819 0.445261 0.714819 0.455065 0.716951 0.467320 0.718550 0.469771 0.726013 0.473039 0.735608 0.473039 0.742004 0.469771 0.748401 0.463235 0.753198 0.455065 0.754797 0.443627
0 0.740405 0.388889 0.734009 0.383987 0.728145 0.383987 0.724414 0.388889 0.710554 0.419935 0.710554 0.426471 0.713220 0.433824 0.716418 0.437092 0.729211 0.435458 0.733475 0.433007 0.742537 0.419118 0.745203 0.406863 0.745203 0.401144 0.743603 0.393791
0 0.718017 0.361928 0.711620 0.357843 0.704691 0.357026 0.696162 0.360294 0.690299 0.366830 0.684968 0.379902 0.683369 0.388072 0.685501 0.392974 0.686034 0.398693 0.694563 0.411765 0.709488 0.413399 0.713220 0.412582 0.716951 0.406863 0.722814 0.393791 0.725480 0.383987 0.723881 0.372549
0 0.729211 0.322712 0.724947 0.325980 0.722814 0.331699 0.722814 0.343954 0.720682 0.356209 0.721215 0.364379 0.727079 0.377451 0.731876 0.379902 0.740405 0.380719 0.753198 0.367647 0.756930 0.354575 0.757463 0.343954 0.754797 0.334967 0.748401 0.327614 0.737740 0.321895
0 0.763859 0.366830 0.754264 0.368464 0.747335 0.373366 0.744136 0.378268 0.742537 0.385621 0.751066 0.419935 0.756930 0.427288 0.761727 0.427288 0.767591 0.423203 0.773987 0.413399 0.776119 0.401961 0.776119 0.392974 0.770789 0.381536 0.769723 0.370915
0 0.804904 0.355392 0.799041 0.349673 0.789979 0.348856 0.776119 0.359477 0.770789 0.369281 0.770256 0.375000 0.771855 0.385621 0.776652 0.392974 0.782516 0.395425 0.791578 0.394608 0.800107 0.388889 0.804904 0.382353 0.806503 0.375000 0.806503 0.360294
0 0.817164 0.334150 0.812367 0.339052 0.809168 0.347222 0.804904 0.386438 0.807569 0.392157 0.812367 0.395425 0.827292 0.394608 0.834222 0.389706 0.836354 0.385621 0.838486 0.377451 0.839552 0.361111 0.837420 0.356209 0.822495 0.335784
0 0.890725 0.344771 0.877399 0.343954 0.872601 0.346405 0.867804 0.352941 0.861940 0.369281 0.860874 0.380719 0.862473 0.385621 0.873134 0.400327 0.876333 0.402778 0.881130 0.402778 0.889659 0.393791 0.896055 0.375000 0.897122 0.355392 0.894989 0.348856
0 0.930171 0.357026 0.923774 0.347222 0.919510 0.347222 0.913113 0.353758 0.901386 0.354575 0.898721 0.359477 0.893390 0.384804 0.894456 0.390523 0.903518 0.395425 0.920576 0.392974 0.928571 0.383987 0.932303 0.376634 0.932303 0.366830
0 0.941898 0.362745 0.940832 0.367647 0.941898 0.379085 0.953092 0.395425 0.962154 0.400327 0.968017 0.400327 0.972814 0.397059 0.974947 0.387255 0.974947 0.373366 0.970149 0.361111 0.964286 0.352124 0.960021 0.348856 0.954158 0.348856
0 0.981876 0.361111 0.977612 0.366013 0.975480 0.373366 0.974947 0.396242 0.976013 0.400327 0.978145 0.402778 0.987740 0.406046 0.993603 0.410948 1.000000 0.413399 1.000000 0.363562 0.994670 0.360294
0 0.976546 0.406046 0.969083 0.413399 0.966418 0.424020 0.966418 0.436275 0.973348 0.450163 0.981343 0.456699 0.986141 0.455882 0.992537 0.448529 0.997868 0.433007 1.000000 0.432190 1.000000 0.417484 0.986141 0.407680
0 0.951493 0.441993 0.948294 0.449346 0.947761 0.464869 0.949360 0.470588 0.954691 0.478758 0.957889 0.481209 0.964286 0.481209 0.968550 0.477941 0.980810 0.458333 0.966951 0.440359 0.955757 0.439542
0 0.930171 0.381536 0.920576 0.395425 0.920043 0.405229 0.921642 0.410131 0.942431 0.436275 0.946695 0.439542 0.951493 0.440359 0.953625 0.438725 0.956290 0.431373 0.956290 0.422386 0.949360 0.392157 0.943497 0.382353 0.940299 0.379902 0.934968 0.379085
0 0.917377 0.417484 0.914712 0.421569 0.910981 0.443627 0.912047 0.459150 0.916844 0.464869 0.925373 0.468137 0.940299 0.468954 0.944030 0.467320 0.947228 0.459150 0.947761 0.443627 0.946695 0.440359 0.924840 0.415850 0.921642 0.415033
0 0.890192 0.394608 0.884328 0.400327 0.881130 0.406863 0.877932 0.425654 0.877932 0.434641 0.883262 0.445261 0.888593 0.450163 0.896055 0.452614 0.901386 0.451797 0.910448 0.441993 0.913113 0.432190 0.913113 0.419118 0.909915 0.407680 0.903518 0.397876 0.897655 0.393791
0 0.845949 0.390523 0.841151 0.406046 0.841151 0.415033 0.842751 0.418301 0.865139 0.433824 0.871002 0.433824 0.875800 0.429739 0.878465 0.419118 0.877932 0.408497 0.864606 0.388072 0.860341 0.383170 0.855544 0.382353 0.849147 0.386438
0 0.827292 0.423203 0.823561 0.428105 0.820896 0.436275 0.820362 0.447712 0.821962 0.454248 0.825160 0.459150 0.831557 0.463235 0.838486 0.471405 0.843817 0.473039 0.851812 0.472222 0.859275 0.446078 0.859275 0.433824 0.855544 0.428105 0.842217 0.418301 0.832090 0.419935
0 0.876866 0.435458 0.869403 0.435458 0.863006 0.440359 0.859275 0.446895 0.852878 0.469771 0.853945 0.480392 0.858742 0.487745 0.863539 0.491830 0.871535 0.492647 0.878465 0.490196 0.883795 0.485294 0.889126 0.475490 0.890192 0.466503 0.889659 0.456699
0 0.893390 0.454248 0.890725 0.460784 0.889659 0.476307 0.893923 0.492647 0.904584 0.509804 0.908849 0.510621 0.914712 0.507353 0.921642 0.498366 0.924840 0.489379 0.925906 0.483660 0.924840 0.470588 0.915245 0.464052 0.909915 0.456699 0.904584 0.453431
0 0.949360 0.473039 0.942964 0.473039 0.934968 0.477941 0.931237 0.485294 0.929638 0.495098 0.929638 0.508170 0.931770 0.519608 0.934968 0.525327 0.942431 0.532680 0.959488 0.524510 0.962687 0.517974 0.964819 0.508987 0.965352 0.497549 0.964286 0.490196 0.960554 0.483660
0 0.960021 0.526144 0.953625 0.526961 0.945096 0.531863 0.933902 0.552288 0.932303 0.559641 0.932836 0.578431 0.942964 0.594771 0.949360 0.597222 0.955224 0.596405 0.962154 0.586601 0.965352 0.577614 0.968017 0.555556 0.968017 0.540033 0.965885 0.532680
0 0.966418 0.576797 0.962154 0.586601 0.953092 0.599673 0.955224 0.618464 0.962687 0.630719 0.973348 0.638889 0.983475 0.638072 0.985075 0.631536 0.979744 0.616830 0.978678 0.602124 0.979744 0.595588 0.977612 0.585784 0.971748 0.576797
0 0.932836 0.580882 0.929104 0.579248 0.920576 0.580065 0.913646 0.583333 0.909915 0.588235 0.902452 0.606209 0.904051 0.620915 0.908849 0.629902 0.913113 0.633170 0.921109 0.632353 0.932303 0.620915 0.938166 0.611928 0.940832 0.602124 0.940832 0.594771 0.939232 0.589869
0 0.884861 0.552288 0.878465 0.560458 0.874200 0.571078 0.873667 0.580065 0.874733 0.584150 0.880597 0.595588 0.886994 0.602941 0.898721 0.604575 0.903518 0.602124 0.912047 0.584150 0.912580 0.577614 0.910448 0.566993 0.898188 0.549020
0 0.910981 0.512255 0.907249 0.514706 0.904584 0.520425 0.902985 0.531863 0.899787 0.541667 0.899787 0.548203 0.911514 0.567810 0.914179 0.569444 0.923774 0.568627 0.930171 0.562908 0.932836 0.553922 0.932836 0.538399 0.930704 0.526961 0.922708 0.513072 0.918443 0.511438
0 0.871002 0.494281 0.867804 0.500817 0.865139 0.515523 0.867271 0.530229 0.877399 0.546569 0.881663 0.550654 0.888593 0.551471 0.897655 0.545752 0.901386 0.536765 0.903518 0.523693 0.902985 0.512255 0.899254 0.502451 0.889126 0.488562 0.880597 0.488562
0 0.863006 0.529412 0.859808 0.529412 0.845416 0.536765 0.842217 0.541667 0.841151 0.547386 0.842217 0.556373 0.848081 0.574346 0.850746 0.578431 0.857143 0.581699 0.863539 0.578431 0.871535 0.571078 0.876866 0.562908 0.880064 0.554739 0.878998 0.549837 0.867271 0.531863
0 0.833156 0.476307 0.830490 0.480392 0.829424 0.488562 0.835288 0.518791 0.845416 0.533497 0.849680 0.534314 0.857676 0.530229 0.863006 0.521242 0.866205 0.507353 0.866205 0.497549 0.865139 0.494281 0.858209 0.487745 0.851812 0.477941 0.848081 0.475490 0.837953 0.473039
0 0.801706 0.483660 0.799041 0.493464 0.799041 0.505719 0.800640 0.511438 0.803838 0.516340 0.808635 0.519608 0.817697 0.518791 0.829957 0.522059 0.832623 0.519608 0.832623 0.502451 0.827825 0.483660 0.822495 0.477941 0.815032 0.473856 0.809701 0.474673
0 0.809168 0.520425 0.804904 0.531863 0.804371 0.543301 0.805970 0.553922 0.809701 0.562908 0.817164 0.569444 0.828358 0.566993 0.832623 0.563725 0.836354 0.555556 0.838486 0.546569 0.839019 0.536765 0.837420 0.530229 0.826226 0.520425 0.818230 0.518791
0 0.738806 0.000000 0.738273 0.003268 0.732409 0.005719 0.725480 0.015523 0.723881 0.023693 0.724414 0.034314 0.727612 0.043301 0.731876 0.049020 0.739872 0.054739 0.749467 0.053922 0.756397 0.046569 0.760661 0.039216 0.762793 0.027778 0.761727 0.017157 0.757996 0.008987 0.753198 0.004085 0.749467 0.003268 0.748934 0.000000
0 0.758529 0.000000 0.758529 0.004085 0.764925 0.016340 0.772388 0.023693 0.780917 0.023693 0.785181 0.021242 0.790512 0.013072 0.793177 0.003268 0.793177 0.000000
0 0.813433 0.014706 0.812367 0.020425 0.813433 0.027778 0.826226 0.048203 0.829424 0.049837 0.835288 0.048203 0.844350 0.042484 0.848081 0.035948 0.849680 0.026961 0.849147 0.015523 0.847548 0.008170 0.845416 0.004085 0.842751 0.002451 0.842751 0.000000 0.825160 0.000000 0.824627 0.003268 0.819296 0.005719
0 0.875267 0.000000 0.876333 0.008987 0.880597 0.017974 0.888060 0.028595 0.892857 0.029412 0.905650 0.021242 0.909915 0.016340 0.911514 0.010621 0.910981 0.000000
0 0.922708 0.023693 0.916311 0.019608 0.910981 0.019608 0.900320 0.023693 0.891791 0.031863 0.889126 0.041667 0.889659 0.050654 0.893923 0.061275 0.901919 0.073529 0.907249 0.074346 0.913646 0.071078 0.923241 0.054739 0.925373 0.045752 0.925373 0.030229
0 0.914179 0.000000 0.914179 0.007353 0.915778 0.013072 0.920043 0.018791 0.925906 0.022876 0.929104 0.022876 0.933902 0.019608 0.937100 0.013889 0.939232 0.004085 0.939232 0.000000
0 0.935501 0.032680 0.935501 0.039216 0.937633 0.041667 0.967484 0.037582 0.973348 0.026961 0.973881 0.014706 0.972814 0.007353 0.970149 0.002451 0.970149 0.000000 0.950426 0.000000 0.949893 0.003268 0.946695 0.004902 0.940299 0.013072
0 0.979744 0.000000 0.980810 0.013889 0.982942 0.022876 0.985608 0.027778 0.993070 0.031863 1.000000 0.028595 1.000000 0.000000
0 0.993603 0.033497 0.989339 0.030229 0.985075 0.029412 0.978145 0.032680 0.971748 0.038399 0.967484 0.049020 0.966418 0.074346 0.968017 0.077614 0.979744 0.077614 0.989872 0.069444 0.994136 0.058824 0.996269 0.049020 0.995736 0.038399
0 0.994136 0.079248 0.978145 0.079248 0.966418 0.085784 0.960554 0.093954 0.958422 0.102941 0.958955 0.113562 0.960554 0.120915 0.965885 0.129902 0.972281 0.133987 0.976546 0.133987 0.980810 0.130719 0.995736 0.102124 0.997335 0.094771 0.997335 0.085784
0 0.963220 0.041667 0.960021 0.040033 0.950426 0.040033 0.937633 0.043301 0.933369 0.050654 0.931237 0.058824 0.931237 0.073529 0.934435 0.084150 0.939765 0.089052 0.949360 0.089052 0.957356 0.084967 0.963753 0.079248 0.965885 0.074346 0.966418 0.048203
0 0.953625 0.111928 0.949360 0.107026 0.943497 0.103758 0.934968 0.104575 0.927505 0.111928 0.921642 0.120915 0.920043 0.126634 0.919510 0.144608 0.921109 0.151144 0.924840 0.155229 0.943497 0.156046 0.949360 0.141340 0.955757 0.131536 0.956290 0.120915
0 0.961620 0.131536 0.955757 0.136438 0.949360 0.147059 0.948827 0.160948 0.950426 0.169118 0.953092 0.174837 0.965885 0.182190 0.973881 0.181373 0.976546 0.177288 0.984009 0.157680 0.984009 0.145425 0.979211 0.138072 0.967484 0.131536
0 0.997335 0.104575 0.994136 0.107026 0.988273 0.116830 0.983475 0.128268 0.982942 0.135621 0.984542 0.145425 0.988273 0.154412 1.000000 0.160131 1.000000 0.104575
0 0.985608 0.158497 0.983475 0.160948 0.978145 0.175654 0.976013 0.187908 0.976013 0.196078 0.979211 0.203431 0.987207 0.209967 0.993603 0.212418 1.000000 0.210784 1.000000 0.160131 0.992537 0.157680
0 0.993603 0.213235 0.990405 0.221405 0.989339 0.241830 0.990938 0.251634 0.992537 0.254085 1.000000 0.256536 1.000000 0.211601
0 1.000000 0.306373 0.993603 0.305556 0.990938 0.307190 0.978145 0.326797 0.976546 0.334150 0.976546 0.343137 0.978145 0.350490 0.982409 0.357843 0.993603 0.359477 1.000000 0.356209
0 0.984542 0.272059 0.977612 0.271242 0.974947 0.272876 0.968017 0.281046 0.962154 0.291667 0.960554 0.313725 0.964286 0.321078 0.973348 0.325980 0.978678 0.325163 0.992004 0.304739 0.993603 0.298203 0.993070 0.289216 0.989339 0.277778
0 0.990405 0.254085 0.987740 0.260621 0.988273 0.273693 0.995736 0.299837 0.997868 0.303922 1.000000 0.303922 1.000000 0.255719
0 0.950959 0.231209 0.940299 0.248366 0.940832 0.268791 0.945629 0.276961 0.958955 0.287582 0.963220 0.287582 0.976013 0.270425 0.978145 0.257353 0.977612 0.246732 0.974414 0.237745 0.966951 0.230392
0 0.944030 0.180556 0.939765 0.187908 0.934435 0.202614 0.933902 0.207516 0.937100 0.218137 0.942431 0.224673 0.948827 0.228758 0.962687 0.228758 0.965885 0.227124 0.969616 0.220588 0.974947 0.202614 0.973881 0.195261 0.966951 0.184641 0.956290 0.178105 0.950426 0.177288
0 0.920043 0.156046 0.911514 0.164216 0.907783 0.169935 0.905650 0.176471 0.905650 0.183007 0.908849 0.191176 0.914712 0.199346 0.923241 0.207516 0.928571 0.208333 0.932303 0.205882 0.934968 0.200980 0.939232 0.187092 0.944030 0.177288 0.944030 0.169118 0.942431 0.163399 0.937633 0.157680 0.925373 0.155229
0 0.912580 0.197712 0.904051 0.200163 0.896055 0.209150 0.893923 0.216503 0.893923 0.234477 0.895522 0.243464 0.907783 0.257353 0.913646 0.257353 0.917910 0.254085 0.924307 0.244281 0.926439 0.237745 0.926439 0.224673 0.924307 0.212418 0.921642 0.206699
0 0.926439 0.277778 0.924840 0.285948 0.926972 0.298203 0.934435 0.310458 0.941898 0.317810 0.948294 0.321078 0.953092 0.320261 0.958422 0.314542 0.960021 0.310458 0.961087 0.299837 0.960554 0.290850 0.958955 0.287582 0.940299 0.270425 0.930704 0.272059
0 0.920576 0.302288 0.918977 0.305556 0.918977 0.310458 0.921642 0.323529 0.921642 0.339052 0.930171 0.354575 0.936567 0.358660 0.943497 0.359477 0.953092 0.348039 0.955224 0.339052 0.955224 0.332516 0.952559 0.325163 0.941365 0.317810 0.924840 0.301471
0 0.891258 0.296569 0.885928 0.307190 0.884328 0.318627 0.884861 0.326797 0.887527 0.333333 0.897655 0.348856 0.901919 0.352124 0.912580 0.353758 0.916844 0.350490 0.921109 0.342320 0.921109 0.322712 0.916844 0.307190 0.912580 0.300654 0.905650 0.294935 0.899254 0.293301
0 0.876866 0.293301 0.865139 0.291667 0.851812 0.300654 0.850746 0.303105 0.850746 0.310458 0.855011 0.329248 0.855544 0.343137 0.856610 0.347222 0.859808 0.350490 0.865672 0.351307 0.871002 0.348039 0.876333 0.340686 0.881663 0.327614 0.884328 0.314542 0.884328 0.303105 0.881130 0.296569
0 0.824627 0.305556 0.820362 0.320261 0.821429 0.331699 0.823561 0.337418 0.840085 0.361111 0.847015 0.360294 0.853412 0.350490 0.855011 0.344771 0.854478 0.330065 0.849147 0.307190 0.844350 0.302288 0.838486 0.300654 0.829957 0.302288
0 0.818763 0.298203 0.813433 0.297386 0.809701 0.299020 0.798507 0.308007 0.793710 0.309641 0.788913 0.314542 0.788913 0.322712 0.793177 0.339869 0.798507 0.348856 0.806503 0.348856 0.815565 0.330882 0.822495 0.308824 0.821962 0.302288
0 0.759595 0.315359 0.756930 0.325163 0.756397 0.339052 0.758529 0.350490 0.761727 0.356209 0.764925 0.357843 0.775586 0.357026 0.788913 0.348039 0.791578 0.339869 0.791045 0.331699 0.786780 0.314542 0.784115 0.311275 0.779318 0.308824 0.767591 0.308824 0.762260 0.311275
0 0.780917 0.250817 0.772388 0.243464 0.767591 0.244281 0.762793 0.257353 0.759595 0.262255 0.752665 0.266340 0.750533 0.269608 0.750533 0.282680 0.752665 0.290033 0.759062 0.295752 0.775586 0.295752 0.783582 0.293301 0.785181 0.290850 0.785181 0.273693 0.784115 0.257353
0 0.794243 0.244281 0.787846 0.250817 0.785181 0.259804 0.785714 0.286765 0.786780 0.291667 0.791578 0.296569 0.805970 0.299020 0.812367 0.295752 0.820896 0.281046 0.820362 0.266340 0.808102 0.246732 0.799041 0.243464
0 0.843284 0.210784 0.838486 0.207516 0.822495 0.207516 0.818763 0.211601 0.812900 0.224673 0.810768 0.232843 0.810768 0.247549 0.812900 0.253268 0.819829 0.263889 0.823561 0.265523 0.830490 0.262255 0.841151 0.240196 0.847015 0.232026 0.847015 0.218137
0 0.845416 0.235294 0.841151 0.239379 0.833689 0.258987 0.833689 0.272876 0.835821 0.281046 0.842217 0.292484 0.848614 0.297386 0.854478 0.298203 0.862473 0.293301 0.867271 0.286765 0.869403 0.279412 0.868337 0.258170 0.866205 0.250817 0.862473 0.245098 0.857676 0.241013
0 0.869403 0.248366 0.868870 0.257353 0.870469 0.273693 0.872068 0.278595 0.880597 0.290033 0.889126 0.295752 0.899254 0.291667 0.904584 0.280229 0.906716 0.267974 0.906716 0.258987 0.903518 0.253268 0.899254 0.249183 0.892324 0.245915 0.873667 0.245915