0 0.237681 0.360000 0.218357 0.365000 0.203865 0.373500 0.200966 0.378000 0.204831 0.383000 0.220290 0.390500 0.227053 0.392000 0.247343 0.393500 0.259903 0.391000 0.265700 0.387000 0.268599 0.381000 0.267633 0.367500 0.265700 0.365000 0.254106 0.360500
0 0.221256 0.513000 0.216425 0.517500 0.217391 0.533000 0.222222 0.541500 0.230918 0.547000 0.237681 0.548500 0.257005 0.547500 0.272464 0.542500 0.288889 0.533500 0.285990 0.527000 0.269565 0.517500 0.239614 0.512000
0 0.225121 0.491000 0.222222 0.494500 0.228019 0.504000 0.242512 0.512500 0.257005 0.515500 0.277295 0.516000 0.288889 0.512000 0.289855 0.501500 0.295652 0.494500 0.294686 0.490000 0.291787 0.488000 0.276329 0.489500 0.268599 0.489000 0.262802 0.487500 0.257971 0.484500 0.252174 0.483500 0.235749 0.486000
0 0.316908 0.462500 0.292754 0.456500 0.283092 0.457000 0.275362 0.459000 0.265700 0.463500 0.255072 0.471000 0.254106 0.477500 0.258937 0.486000 0.267633 0.489000 0.279227 0.489000 0.297585 0.485000 0.310145 0.477000 0.318841 0.467500
0 0.329469 0.465500 0.321739 0.467000 0.313043 0.473500 0.310145 0.479000 0.314010 0.487000 0.318841 0.491500 0.324638 0.494000 0.337198 0.496000 0.345894 0.496000 0.365217 0.488500 0.373913 0.479000 0.372947 0.474000 0.369082 0.472000 0.346860 0.466500
0 0.298551 0.494500 0.290821 0.500000 0.290821 0.511500 0.299517 0.521500 0.316908 0.531000 0.323671 0.532500 0.333333 0.532000 0.355556 0.520000 0.362319 0.510000 0.360386 0.505500 0.348792 0.499000 0.335266 0.495500 0.324638 0.494000
0 0.375845 0.522000 0.360386 0.521000 0.351691 0.522500 0.330435 0.534000 0.325604 0.539500 0.325604 0.542500 0.332367 0.548000 0.342029 0.549500 0.370048 0.549000 0.379710 0.547500 0.385507 0.544500 0.389372 0.541000 0.389372 0.534500
0 0.291787 0.539500 0.285990 0.540500 0.280193 0.543500 0.273430 0.557000 0.278261 0.566000 0.283092 0.569000 0.290821 0.571000 0.302415 0.571000 0.314976 0.567500 0.328502 0.561000 0.336232 0.554500 0.337198 0.551000 0.335266 0.548500 0.326570 0.545500 0.318841 0.540500 0.312077 0.539500
0 0.261836 0.548500 0.232850 0.549000 0.222222 0.551500 0.208696 0.557500 0.204831 0.562000 0.200000 0.564500 0.199034 0.568500 0.207729 0.572500 0.214493 0.578000 0.223188 0.581000 0.240580 0.583500 0.249275 0.583500 0.263768 0.579500 0.273430 0.572500 0.275362 0.564000 0.268599 0.553500
0 0.204831 0.577500 0.189372 0.581000 0.183575 0.584000 0.178744 0.590500 0.177778 0.601000 0.181643 0.607500 0.190338 0.612000 0.199034 0.615000 0.211594 0.615000 0.225121 0.613000 0.230918 0.611000 0.254106 0.598500 0.256039 0.594500 0.253140 0.589500 0.245411 0.585500 0.227053 0.582500 0.211594 0.577500
0 0.175845 0.576000 0.156522 0.575000 0.139130 0.579000 0.134300 0.581500 0.124638 0.591500 0.123671 0.595500 0.135266 0.600500 0.154589 0.604000 0.170048 0.602000 0.176812 0.597000 0.183575 0.584500 0.183575 0.580000
0 0.149758 0.605500 0.140097 0.610000 0.135266 0.615000 0.138164 0.622500 0.143961 0.628000 0.149758 0.630000 0.170048 0.633500 0.184541 0.632000 0.198068 0.621000 0.197101 0.615000 0.177778 0.604500 0.165217 0.603500
0 0.145894 0.630000 0.138164 0.633000 0.135266 0.637000 0.138164 0.652000 0.147826 0.660000 0.162319 0.663500 0.171014 0.663500 0.186473 0.656000 0.194203 0.649500 0.192271 0.640500 0.184541 0.635000 0.156522 0.630500
0 0.200966 0.655500 0.190338 0.655000 0.186473 0.656000 0.167150 0.665500 0.160386 0.677000 0.160386 0.681500 0.168116 0.686000 0.172947 0.687000 0.200000 0.686500 0.213527 0.683500 0.221256 0.679500 0.222222 0.671500 0.219324 0.662500 0.209662 0.660000
0 0.257005 0.645000 0.251208 0.645500 0.227053 0.657500 0.222222 0.664500 0.223188 0.677500 0.229952 0.682000 0.235749 0.683500 0.250242 0.684000 0.263768 0.682000 0.279227 0.677000 0.285024 0.671000 0.288889 0.661500
0 0.202899 0.620500 0.195169 0.624000 0.189372 0.630500 0.189372 0.635000 0.194203 0.643000 0.196135 0.651500 0.200966 0.656000 0.207729 0.659000 0.219324 0.659000 0.247343 0.647500 0.255072 0.641000 0.254106 0.634000 0.250242 0.631500 0.243478 0.630500 0.224155 0.623000 0.209662 0.620500
0 0.249275 0.600500 0.228019 0.612500 0.228019 0.623000 0.245411 0.630500 0.262802 0.631000 0.278261 0.630000 0.285024 0.628500 0.291787 0.623500 0.288889 0.617500 0.287923 0.607000 0.280193 0.603500 0.261836 0.599000
0 0.281159 0.569500 0.275362 0.571500 0.257005 0.582500 0.255072 0.590500 0.258937 0.596500 0.264734 0.599500 0.277295 0.602000 0.292754 0.602500 0.305314 0.599000 0.314976 0.592500 0.314010 0.580000 0.300483 0.572000
0 0.339130 0.569000 0.327536 0.571500 0.319807 0.576000 0.314976 0.583000 0.315942 0.592500 0.321739 0.598000 0.343961 0.604000 0.353623 0.604500 0.377778 0.596000 0.380676 0.582000 0.376812 0.578500 0.359420 0.572000 0.346860 0.569000
0 0.397101 0.549500 0.381643 0.547500 0.355556 0.551500 0.342029 0.558000 0.341063 0.564000 0.342995 0.567000 0.367150 0.575500 0.375845 0.576000 0.397101 0.569500 0.402899 0.565000 0.403865 0.557500
0 0.390338 0.571000 0.378744 0.575500 0.381643 0.579500 0.379710 0.586500 0.380676 0.596000 0.384541 0.599500 0.391304 0.602500 0.415459 0.604500 0.427053 0.601500 0.441546 0.592000 0.442512 0.587500 0.398068 0.571000
0 0.354589 0.605000 0.349758 0.609500 0.346860 0.618000 0.346860 0.623000 0.353623 0.626500 0.359420 0.627000 0.373913 0.631000 0.392271 0.630500 0.404831 0.628500 0.417391 0.620500 0.417391 0.607500 0.413527 0.605500 0.400966 0.604500 0.379710 0.599500 0.367150 0.600500
0 0.322705 0.599000 0.304348 0.601500 0.294686 0.606000 0.287923 0.614500 0.290821 0.621000 0.301449 0.632000 0.305314 0.634000 0.313043 0.635500 0.327536 0.634000 0.341063 0.626000 0.344928 0.622500 0.349758 0.608500 0.346860 0.604500
0 0.257971 0.631000 0.255072 0.633000 0.257971 0.643500 0.263768 0.648500 0.280193 0.657000 0.289855 0.660000 0.303382 0.657500 0.308213 0.654500 0.312077 0.648000 0.313043 0.638000 0.300483 0.631500 0.298551 0.628500 0.290821 0.626000 0.279227 0.630000
0 0.343961 0.625500 0.328502 0.633500 0.316908 0.637000 0.314010 0.643000 0.314976 0.647000 0.321739 0.655500 0.332367 0.660000 0.346860 0.662000 0.359420 0.659500 0.371981 0.654500 0.379710 0.646500 0.382609 0.638500 0.378744 0.633500 0.360386 0.627500
0 0.318841 0.655000 0.307246 0.655500 0.290821 0.662000 0.283092 0.672500 0.281159 0.678000 0.285990 0.689000 0.299517 0.694000 0.313043 0.694000 0.331401 0.689500 0.342995 0.684000 0.348792 0.678500 0.349758 0.673500 0.344928 0.669000 0.337198 0.666000 0.335266 0.662000
0 0.382609 0.645000 0.371981 0.657500 0.375845 0.666500 0.381643 0.672500 0.397101 0.680000 0.416425 0.678500 0.430918 0.670500 0.428986 0.663000 0.417391 0.660000 0.411594 0.657000 0.400966 0.645500 0.391304 0.644000
0 0.428019 0.619000 0.420290 0.619500 0.408696 0.626000 0.405797 0.629500 0.402899 0.647000 0.405797 0.652500 0.412560 0.658000 0.419324 0.660000 0.436715 0.659500 0.454106 0.655000 0.462802 0.650500 0.468599 0.639000 0.466667 0.630500 0.458937 0.625000 0.435749 0.620500 0.430918 0.620500
0 0.450242 0.589000 0.442512 0.590500 0.433816 0.598000 0.423188 0.604000 0.420290 0.612500 0.422222 0.615500 0.431884 0.619500 0.443478 0.622500 0.454106 0.623500 0.457971 0.623000 0.461836 0.620000 0.466667 0.609000 0.471498 0.604000 0.472464 0.599000 0.468599 0.593500 0.463768 0.591000
0 0.473430 0.605500 0.468599 0.609500 0.461836 0.622500 0.470531 0.631500 0.473430 0.633000 0.479227 0.632000 0.491787 0.633000 0.508213 0.632000 0.515942 0.628500 0.520773 0.623500 0.516908 0.607500 0.513043 0.605500 0.487923 0.605500 0.482126 0.604500
0 0.473430 0.630000 0.470531 0.633000 0.470531 0.638500 0.475362 0.650000 0.494686 0.664000 0.503382 0.664000 0.527536 0.653000 0.529469 0.650500 0.527536 0.642000 0.523671 0.638500 0.514010 0.635500 0.508213 0.632000 0.493720 0.632000
0 0.473430 0.652000 0.459903 0.653000 0.440580 0.658500 0.433816 0.662000 0.431884 0.672000 0.432850 0.682000 0.442512 0.688500 0.452174 0.691500 0.466667 0.691500 0.483092 0.684500 0.489855 0.677500 0.492754 0.665500 0.484058 0.655500
0 0.517874 0.659000 0.503382 0.664500 0.495652 0.666000 0.492754 0.669500 0.493720 0.682000 0.506280 0.693000 0.514010 0.696500 0.524638 0.698000 0.542029 0.698000 0.548792 0.696000 0.557488 0.688000 0.558454 0.677500 0.563285 0.666000 0.558454 0.663500 0.549758 0.663000 0.535266 0.659000
0 0.587440 0.657000 0.564251 0.664500 0.560386 0.672500 0.560386 0.685500 0.565217 0.689500 0.571014 0.691500 0.591304 0.691500 0.612560 0.686500 0.622222 0.681000 0.622222 0.673500 0.619324 0.670500 0.612560 0.668500 0.597101 0.659500
0 0.647343 0.661000 0.630918 0.669500 0.627053 0.674000 0.627053 0.682500 0.635749 0.694000 0.644444 0.697000 0.656039 0.698000 0.670531 0.696000 0.685024 0.690500 0.693720 0.683500 0.697585 0.673500 0.695652 0.671000 0.685990 0.666500 0.669565 0.663000
0 0.751691 0.668000 0.743961 0.667000 0.730435 0.662500 0.721739 0.663000 0.709179 0.668500 0.703382 0.672500 0.694686 0.683500 0.695652 0.691000 0.702415 0.696500 0.710145 0.698000 0.717874 0.698000 0.723671 0.695500 0.731401 0.688000 0.749758 0.679500 0.754589 0.674000 0.754589 0.669500
0 0.786473 0.661000 0.774879 0.662500 0.759420 0.667500 0.755556 0.671000 0.755556 0.684500 0.771981 0.692500 0.777778 0.692500 0.800000 0.684000 0.804831 0.679500 0.805797 0.672500 0.803865 0.670000
0 0.834783 0.637500 0.818357 0.636500 0.804831 0.637000 0.795169 0.639500 0.787440 0.644000 0.787440 0.658500 0.797101 0.666500 0.805797 0.670000 0.816425 0.670000 0.824155 0.668000 0.838647 0.659000 0.842512 0.641500
0 0.878261 0.636500 0.860870 0.636500 0.849275 0.640000 0.842512 0.645500 0.840580 0.663500 0.853140 0.674500 0.866667 0.675000 0.882126 0.674000 0.898551 0.668500 0.905314 0.663500 0.907246 0.655000 0.904348 0.650500 0.896618 0.647000 0.885024 0.639000
0 0.922705 0.649000 0.917874 0.653500 0.917874 0.663500 0.924638 0.672500 0.942029 0.680000 0.967150 0.680000 0.971981 0.674500 0.973913 0.662500 0.971981 0.655000 0.968116 0.651000 0.960386 0.647500 0.944928 0.645000 0.935266 0.645500
0 0.940097 0.618000 0.921739 0.615500 0.903382 0.616000 0.883092 0.622500 0.881159 0.626500 0.883092 0.637000 0.888889 0.642500 0.902415 0.649500 0.915942 0.650000 0.929469 0.647000 0.941063 0.643000 0.946860 0.639000 0.951691 0.628000 0.947826 0.623000
0 0.962319 0.613000 0.947826 0.615000 0.940097 0.618000 0.941063 0.620500 0.949758 0.626500 0.949758 0.631000 0.944928 0.637000 0.944928 0.639500 0.948792 0.640500 0.961353 0.639000 0.971014 0.636500 0.978744 0.632500 0.982609 0.628000 0.978744 0.622000 0.966184 0.614000
0 0.995169 0.624000 0.986473 0.627000 0.975845 0.634500 0.971981 0.642500 0.971981 0.650000 0.976812 0.655000 0.983575 0.658500 1.000000 0.661000 1.000000 0.624000
0 0.979710 0.659000 0.974879 0.662500 0.974879 0.682500 0.986473 0.692500 1.000000 0.693500 1.000000 0.660500
0 0.995169 0.692500 0.990338 0.695500 0.988406 0.708000 0.995169 0.715000 1.000000 0.715500 1.000000 0.692500
0 0.942995 0.681500 0.939130 0.699000 0.942029 0.708000 0.948792 0.712000 0.957488 0.714500 0.976812 0.716500 0.980676 0.714500 0.980676 0.692000 0.978744 0.688000 0.965217 0.681500 0.951691 0.680000
0 0.825121 0.598000 0.821256 0.598500 0.816425 0.602500 0.803865 0.608500 0.795169 0.619500 0.795169 0.627000 0.806763 0.634500 0.824155 0.637000 0.835749 0.637000 0.842512 0.636000 0.860870 0.627000 0.862802 0.622500 0.854106 0.614500 0.850242 0.607000 0.844444 0.602500 0.834783 0.598500
0 0.872464 0.592000 0.863768 0.595500 0.853140 0.607000 0.854106 0.612500 0.857005 0.616500 0.862802 0.619500 0.870531 0.621000 0.883092 0.621500 0.890821 0.620000 0.906280 0.614500 0.909179 0.609000 0.908213 0.602000 0.904348 0.596500 0.898551 0.593500 0.890821 0.592000
0 0.927536 0.576500 0.914976 0.583500 0.912077 0.587000 0.908213 0.598000 0.910145 0.611000 0.914010 0.614000 0.920773 0.615500 0.940097 0.616000 0.955556 0.613500 0.967150 0.608000 0.969082 0.605000 0.969082 0.595500 0.952657 0.583500 0.936232 0.578000
0 0.971014 0.555500 0.965217 0.557500 0.960386 0.563000 0.952657 0.567500 0.952657 0.579500 0.954589 0.584000 0.966184 0.592000 0.980676 0.593000 1.000000 0.589500 1.000000 0.559500 0.996135 0.559500 0.980676 0.555500
0 0.995169 0.590500 0.980676 0.593000 0.973913 0.596000 0.971014 0.605000 0.974879 0.611500 0.992271 0.621500 1.000000 0.622500 1.000000 0.590500
0 0.995169 0.518500 0.977778 0.522000 0.968116 0.525500 0.960386 0.532000 0.959420 0.537500 0.961353 0.542000 0.970048 0.549500 0.980676 0.555000 0.995169 0.558500 1.000000 0.558500 1.000000 0.518500
0 0.934300 0.498000 0.925604 0.502000 0.905314 0.505500 0.905314 0.513000 0.910145 0.521500 0.930435 0.533000 0.936232 0.535000 0.950725 0.535000 0.958454 0.532500 0.967150 0.524500 0.970048 0.518500 0.969082 0.509000 0.959420 0.501500 0.942995 0.497500
0 0.905314 0.521000 0.894686 0.521500 0.873430 0.532000 0.872464 0.538000 0.875362 0.546000 0.878261 0.549000 0.889855 0.555000 0.897585 0.554000 0.895652 0.548000 0.898551 0.544500 0.915942 0.542000 0.937198 0.541000 0.937198 0.536500 0.912077 0.523000
0 0.898551 0.544500 0.894686 0.547500 0.898551 0.555000 0.905314 0.559500 0.911111 0.566000 0.921739 0.571500 0.938164 0.571500 0.948792 0.569000 0.956522 0.565000 0.965217 0.557000 0.965217 0.553000 0.962319 0.550000 0.950725 0.544000 0.936232 0.541500 0.913043 0.542000
0 0.873430 0.558000 0.861836 0.563000 0.857005 0.571000 0.857971 0.585000 0.864734 0.589000 0.874396 0.591500 0.892754 0.591500 0.910145 0.584000 0.911111 0.575500 0.914976 0.572500 0.913043 0.568000 0.906280 0.561500 0.897585 0.558500 0.890821 0.557500
0 0.845411 0.560500 0.822222 0.562000 0.808696 0.566000 0.801932 0.570500 0.807729 0.588500 0.823188 0.597500 0.844444 0.598000 0.853140 0.593500 0.857005 0.589000 0.857005 0.565500 0.853140 0.562500
0 0.862802 0.530500 0.843478 0.527500 0.825121 0.531500 0.816425 0.539000 0.813527 0.544000 0.815459 0.553500 0.821256 0.557500 0.828019 0.559000 0.852174 0.558000 0.865700 0.553500 0.873430 0.549000 0.874396 0.543500 0.871498 0.537500
0 0.798068 0.497000 0.785507 0.501000 0.781643 0.505000 0.782609 0.511500 0.788406 0.522500 0.806763 0.538000 0.815459 0.538500 0.820290 0.535000 0.825121 0.528000 0.835749 0.505500 0.831884 0.503000 0.817391 0.501000 0.807729 0.497500
0 0.842512 0.502000 0.837681 0.504500 0.832850 0.514000 0.834783 0.521000 0.846377 0.527000 0.861836 0.530000 0.872464 0.530000 0.884058 0.527000 0.893720 0.518500 0.893720 0.510500 0.886957 0.503500 0.876329 0.499500 0.858937 0.499000
0 0.737198 0.499000 0.724638 0.503500 0.719807 0.526000 0.727536 0.537000 0.738164 0.540500 0.746860 0.541000 0.753623 0.540000 0.772947 0.531500 0.785507 0.523500 0.786473 0.518500 0.780676 0.508000 0.774879 0.504500 0.761353 0.500500
0 0.677295 0.487000 0.666667 0.493000 0.661836 0.500500 0.660870 0.510500 0.666667 0.517500 0.671498 0.520000 0.679227 0.521500 0.692754 0.521500 0.712077 0.518500 0.719807 0.514000 0.721739 0.508500 0.721739 0.501000 0.717874 0.497000 0.712077 0.493500 0.685990 0.487000
0 0.625121 0.508000 0.617391 0.510000 0.607729 0.515000 0.603865 0.523000 0.605797 0.533000 0.618357 0.541000 0.625121 0.542500 0.634783 0.542500 0.649275 0.540000 0.656039 0.537500 0.668599 0.525500 0.668599 0.520500 0.660870 0.513000 0.651208 0.509500 0.640580 0.508000
0 0.584541 0.481500 0.567150 0.484500 0.558454 0.489500 0.553623 0.496000 0.553623 0.506000 0.563285 0.514500 0.571981 0.516500 0.593237 0.517000 0.605797 0.514500 0.620290 0.508500 0.624155 0.506000 0.626087 0.501500 0.600000 0.483000 0.592271 0.481500
0 0.511111 0.479000 0.502415 0.482500 0.490821 0.490500 0.488889 0.498000 0.492754 0.504500 0.510145 0.512000 0.520773 0.514500 0.538164 0.515500 0.549758 0.514000 0.552657 0.510000 0.552657 0.492000 0.548792 0.486000 0.532367 0.477500 0.521739 0.477500
0 0.476329 0.468500 0.459903 0.467000 0.444444 0.468000 0.432850 0.473000 0.428019 0.477500 0.425121 0.489500 0.426087 0.495000 0.436715 0.502500 0.436715 0.507500 0.440580 0.510500 0.452174 0.510000 0.471498 0.504000 0.485024 0.497000 0.491787 0.489000 0.500483 0.483000 0.499517 0.477500
0 0.420290 0.468000 0.413527 0.467000 0.404831 0.467500 0.388406 0.472000 0.373913 0.480000 0.368116 0.487000 0.369082 0.494000 0.384541 0.501500 0.395169 0.503000 0.406763 0.503000 0.416425 0.501000 0.423188 0.496500 0.427053 0.474500
0 0.374879 0.502500 0.369082 0.506000 0.369082 0.514500 0.381643 0.527500 0.394203 0.534500 0.400966 0.535500 0.414493 0.534500 0.431884 0.523500 0.434783 0.516500 0.433816 0.509500 0.419324 0.503500 0.395169 0.503000 0.382609 0.501000
0 0.475362 0.506500 0.470531 0.508000 0.460870 0.516500 0.458937 0.528500 0.463768 0.534500 0.473430 0.540000 0.489855 0.541000 0.504348 0.538000 0.518841 0.531500 0.525604 0.521000 0.519807 0.515000 0.497585 0.507000 0.489855 0.506000
0 0.563285 0.514500 0.548792 0.514000 0.538164 0.516000 0.524638 0.525000 0.522705 0.535000 0.525604 0.538000 0.541063 0.544500 0.549758 0.545000 0.553623 0.544000 0.582609 0.530000 0.583575 0.523500 0.579710 0.519000
0 0.584541 0.531000 0.573913 0.534000 0.559420 0.540500 0.552657 0.546500 0.551691 0.554000 0.554589 0.559500 0.559420 0.563500 0.580676 0.568500 0.595169 0.570000 0.609662 0.564000 0.618357 0.549000 0.616425 0.540500 0.602899 0.532500
0 0.526570 0.538000 0.520773 0.537000 0.513043 0.537500 0.491787 0.541000 0.484058 0.544500 0.478261 0.551000 0.476329 0.560000 0.480193 0.565500 0.487923 0.569000 0.494686 0.570500 0.508213 0.571000 0.527536 0.561000 0.540097 0.559000 0.546860 0.553500 0.546860 0.548000 0.544928 0.546000
0 0.455072 0.525000 0.439614 0.524000 0.432850 0.525500 0.408696 0.537500 0.401932 0.548500 0.401932 0.553000 0.405797 0.556000 0.425121 0.559000 0.437681 0.559000 0.457971 0.556000 0.464734 0.553500 0.475362 0.546000 0.475362 0.541500 0.461836 0.533000
0 0.474396 0.556500 0.466667 0.555000 0.431884 0.559500 0.420290 0.563500 0.414493 0.569500 0.415459 0.575500 0.419324 0.579000 0.432850 0.584000 0.442512 0.586000 0.459903 0.581500 0.466667 0.577500 0.476329 0.568000 0.477295 0.563500
0 0.475362 0.571500 0.466667 0.577500 0.466667 0.589000 0.469565 0.594500 0.479227 0.602500 0.486957 0.605000 0.492754 0.605500 0.509179 0.605000 0.521739 0.601500 0.534300 0.595000 0.540097 0.589000 0.540097 0.585500 0.533333 0.580000 0.509179 0.572000 0.490821 0.570500
0 0.527536 0.561000 0.523671 0.563500 0.524638 0.568000 0.532367 0.578000 0.544928 0.587000 0.571014 0.593000 0.580676 0.591000 0.586473 0.588000 0.594203 0.577000 0.594203 0.572000 0.592271 0.570500 0.542995 0.560000
0 0.618357 0.579000 0.610628 0.577500 0.601932 0.579000 0.575845 0.594000 0.572947 0.598000 0.572947 0.604000 0.576812 0.607000 0.596135 0.608000 0.615459 0.606000 0.624155 0.604000 0.629952 0.601000 0.633816 0.596000 0.633816 0.591500 0.628986 0.586000
0 0.659903 0.540000 0.655072 0.539000 0.639614 0.542000 0.629952 0.545500 0.618357 0.552500 0.612560 0.559000 0.612560 0.564500 0.618357 0.574000 0.641546 0.575500 0.658937 0.572500 0.674396 0.567000 0.680193 0.556500 0.677295 0.552000 0.669565 0.548500
0 0.709179 0.519500 0.676329 0.523500 0.665700 0.528500 0.659903 0.536000 0.660870 0.539000 0.668599 0.546500 0.692754 0.561000 0.706280 0.561000 0.711111 0.560000 0.724638 0.546000 0.724638 0.535500 0.717874 0.524000
0 0.774879 0.532000 0.768116 0.533500 0.751691 0.541000 0.748792 0.545000 0.734300 0.553500 0.742995 0.558500 0.754589 0.560000 0.768116 0.564500 0.792271 0.565000 0.810628 0.555500 0.810628 0.542500 0.800966 0.535000
0 0.791304 0.565500 0.780676 0.564500 0.768116 0.565500 0.742995 0.574000 0.737198 0.587500 0.738164 0.592000 0.742995 0.594500 0.760386 0.599500 0.776812 0.599500 0.790338 0.597500 0.802899 0.591000 0.805797 0.587000 0.805797 0.580000 0.796135 0.567500
0 0.716908 0.559000 0.708213 0.561000 0.690821 0.561000 0.680193 0.565500 0.674396 0.574000 0.675362 0.589000 0.677295 0.591500 0.689855 0.595000 0.697585 0.596000 0.716908 0.595500 0.727536 0.593000 0.736232 0.588000 0.740097 0.572000 0.728502 0.563000
0 0.671498 0.570500 0.661836 0.571000 0.644444 0.575000 0.632850 0.583500 0.631884 0.588000 0.635749 0.593500 0.654106 0.600500 0.663768 0.601000 0.672464 0.596500 0.676329 0.592500 0.673430 0.584500 0.673430 0.571500
0 0.725604 0.595000 0.722705 0.594500 0.713043 0.596000 0.685024 0.595500 0.673430 0.601500 0.669565 0.607000 0.670531 0.615000 0.675362 0.620500 0.685990 0.627000 0.700483 0.629500 0.711111 0.629000 0.733333 0.619500 0.735266 0.617000 0.735266 0.606500 0.731401 0.599000
0 0.792271 0.600500 0.784541 0.599000 0.753623 0.600000 0.739130 0.603500 0.737198 0.607000 0.737198 0.618500 0.741063 0.623500 0.752657 0.630500 0.770048 0.633000 0.778744 0.631000 0.787440 0.627000 0.798068 0.612000 0.797101 0.604000
0 0.723671 0.626500 0.717874 0.630500 0.719807 0.634000 0.718841 0.644000 0.728502 0.661500 0.741063 0.666500 0.754589 0.668000 0.773913 0.662500 0.782609 0.658000 0.785507 0.655000 0.786473 0.646500 0.774879 0.637500 0.764251 0.633000 0.756522 0.631500 0.745894 0.631500 0.742029 0.629000 0.731401 0.626000
0 0.683092 0.628000 0.667633 0.632500 0.660870 0.636500 0.658937 0.640000 0.659903 0.649500 0.665700 0.656000 0.678261 0.664000 0.692754 0.669000 0.703382 0.669000 0.711111 0.666000 0.714976 0.658000 0.720773 0.653500 0.721739 0.650000 0.717874 0.644000 0.717874 0.636000 0.714976 0.633000 0.710145 0.631500
0 0.654106 0.638000 0.635749 0.636000 0.624155 0.636500 0.611594 0.641500 0.600966 0.649500 0.600966 0.660500 0.624155 0.673500 0.629952 0.672000 0.631884 0.669000 0.645411 0.662000 0.663768 0.661500 0.666667 0.659500 0.666667 0.657000 0.658937 0.647500 0.657005 0.639500
0 0.541063 0.624500 0.534300 0.627500 0.527536 0.638500 0.531401 0.653500 0.536232 0.658500 0.543961 0.661500 0.554589 0.663500 0.565217 0.663500 0.577778 0.659500 0.590338 0.652500 0.597101 0.646500 0.598068 0.639000 0.564251 0.627000
0 0.612560 0.607000 0.574879 0.609000 0.557488 0.618000 0.560386 0.625000 0.594203 0.637500 0.602899 0.638000 0.611594 0.635500 0.619324 0.630000 0.621256 0.624000 0.619324 0.611500 0.616425 0.608000
0 0.571014 0.595000 0.561353 0.592500 0.546860 0.591500 0.538164 0.593000 0.530435 0.597000 0.523671 0.603000 0.519807 0.612500 0.519807 0.618500 0.524638 0.623000 0.536232 0.624000 0.545894 0.622000 0.571014 0.610000 0.572947 0.608000
0 0.638647 0.596000 0.632850 0.598000 0.622222 0.607500 0.624155 0.614000 0.623188 0.628000 0.627053 0.632500 0.631884 0.635000 0.641546 0.637000 0.653140 0.637000 0.658937 0.636000 0.673430 0.630000 0.678261 0.627000 0.679227 0.623000 0.671498 0.617000 0.664734 0.605000 0.657971 0.601500
0 0.841546 0.448000 0.834783 0.452000 0.830918 0.457000 0.830918 0.461000 0.834783 0.465500 0.857971 0.475500 0.866667 0.477500 0.886957 0.478500 0.894686 0.476500 0.899517 0.471500 0.904348 0.459500 0.904348 0.454000 0.902415 0.452000 0.887923 0.446000 0.876329 0.444500 0.855072 0.445500
0 0.952657 0.442000 0.948792 0.442000 0.933333 0.446500 0.912077 0.458500 0.912077 0.462500 0.914976 0.466000 0.933333 0.472000 0.959420 0.471500 0.966184 0.470500 0.969082 0.468500 0.971014 0.464500 0.970048 0.455500 0.964251 0.447500
0 0.924638 0.473000 0.907246 0.472500 0.889855 0.478500 0.875362 0.480500 0.872464 0.484000 0.872464 0.491500 0.877295 0.497500 0.885024 0.502000 0.900483 0.504500 0.914010 0.504500 0.924638 0.502500 0.928502 0.500500 0.934300 0.494500 0.935266 0.489500 0.929469 0.475000
0 0.986473 0.473500 0.973913 0.471000 0.938164 0.472500 0.932367 0.474000 0.936232 0.488000 0.940097 0.492500 0.950725 0.499000 0.957488 0.501000 0.966184 0.501000 0.973913 0.499500 0.980676 0.496500 0.986473 0.490500 0.990338 0.480500 0.989372 0.475000
0 0.994203 0.487500 0.987440 0.489500 0.980676 0.496000 0.971014 0.500000 0.969082 0.503500 0.972947 0.509000 0.979710 0.512500 1.000000 0.515000 1.000000 0.487500
0 0.814493 0.468000 0.807729 0.473000 0.801932 0.481500 0.800000 0.488500 0.801932 0.495000 0.815459 0.500500 0.835749 0.503000 0.857005 0.499500 0.862802 0.494500 0.861836 0.490500 0.867633 0.486500 0.865700 0.478000 0.837681 0.467000 0.819324 0.467000
0 0.792271 0.472000 0.788406 0.470000 0.775845 0.468500 0.753623 0.472500 0.739130 0.479000 0.728502 0.489000 0.729469 0.494500 0.737198 0.498000 0.752657 0.499500 0.766184 0.499500 0.790338 0.496000 0.796135 0.493000 0.799034 0.489500 0.799034 0.483000
0 0.702415 0.458500 0.681159 0.465500 0.676329 0.468500 0.672464 0.473500 0.672464 0.478500 0.677295 0.484000 0.682126 0.486500 0.715942 0.494000 0.723671 0.494000 0.733333 0.480500 0.732367 0.467000 0.728502 0.463000 0.721739 0.460000 0.711111 0.458000
0 0.648309 0.468000 0.636715 0.468000 0.627053 0.470500 0.616425 0.478000 0.610628 0.484500 0.611594 0.490500 0.620290 0.497000 0.628019 0.501000 0.636715 0.502500 0.647343 0.502000 0.657971 0.499000 0.673430 0.486500 0.673430 0.482000 0.669565 0.475500
0 0.579710 0.450500 0.554589 0.453500 0.543961 0.458500 0.538164 0.470000 0.538164 0.476000 0.545894 0.482000 0.567150 0.484000 0.589372 0.480000 0.598068 0.471000 0.597101 0.463000
0 0.527536 0.437500 0.514010 0.438500 0.505314 0.443500 0.492754 0.446500 0.485024 0.451000 0.479227 0.458500 0.479227 0.465000 0.482126 0.469500 0.497585 0.475500 0.510145 0.478000 0.528502 0.477000 0.533333 0.475000 0.537198 0.471500 0.545894 0.456000 0.545894 0.451000 0.538164 0.446500 0.536232 0.442500
0 0.435749 0.430500 0.426087 0.440000 0.422222 0.447500 0.422222 0.461000 0.433816 0.466500 0.442512 0.468000 0.456039 0.467000 0.467633 0.464000 0.477295 0.459500 0.486957 0.446500 0.484058 0.443500 0.472464 0.438000 0.452174 0.434000 0.444444 0.430500
0 0.350725 0.448000 0.345894 0.456000 0.345894 0.461500 0.350725 0.466000 0.363285 0.470000 0.392271 0.470500 0.414493 0.466000 0.418357 0.463500 0.419324 0.457500 0.417391 0.451000 0.411594 0.445000 0.406763 0.443000 0.372947 0.439000 0.359420 0.442000
0 0.337198 0.422000 0.313043 0.424500 0.303382 0.428000 0.291787 0.435000 0.287923 0.442500 0.287923 0.447500 0.296618 0.456000 0.303382 0.459000 0.321739 0.463500 0.331401 0.463000 0.343961 0.458500 0.348792 0.450000 0.362319 0.439500 0.360386 0.435000 0.342995 0.423000
0 0.285024 0.428000 0.278261 0.425000 0.270531 0.423500 0.252174 0.423500 0.237681 0.426500 0.227053 0.433500 0.220290 0.443000 0.220290 0.447500 0.224155 0.451500 0.235749 0.454000 0.263768 0.453500 0.279227 0.450000 0.285990 0.447000 0.290821 0.436000 0.289855 0.431500
0 0.235749 0.420000 0.221256 0.414000 0.207729 0.410500 0.196135 0.409000 0.177778 0.410000 0.166184 0.414500 0.159420 0.423000 0.159420 0.430000 0.163285 0.437500 0.169082 0.441500 0.175845 0.443000 0.188406 0.443000 0.199034 0.441500 0.215459 0.436000 0.224155 0.429500 0.236715 0.424000
0 0.139130 0.424000 0.133333 0.425500 0.122705 0.431500 0.116908 0.438500 0.116908 0.441500 0.119807 0.444000 0.139130 0.450000 0.155556 0.450000 0.168116 0.443500 0.161353 0.434000 0.159420 0.427000 0.150725 0.424000
0 0.162319 0.399000 0.162319 0.403500 0.167150 0.407500 0.177778 0.409500 0.200000 0.409500 0.215459 0.413000 0.224155 0.413000 0.226087 0.412000 0.231884 0.403500 0.236715 0.400500 0.235749 0.397000 0.228986 0.394000 0.218357 0.391500 0.192271 0.390500 0.176812 0.392500 0.170048 0.394500
0 0.228986 0.407000 0.227053 0.411000 0.228986 0.415500 0.235749 0.419000 0.257971 0.423000 0.278261 0.423000 0.295652 0.420500 0.301449 0.417000 0.300483 0.408500 0.296618 0.404000 0.295652 0.398000 0.291787 0.395000 0.277295 0.391000 0.265700 0.390500 0.252174 0.393500 0.237681 0.400000
0 0.347826 0.389000 0.335266 0.389000 0.330435 0.390000 0.309179 0.403000 0.303382 0.411500 0.307246 0.416500 0.328502 0.420500 0.339130 0.421000 0.358454 0.417500 0.370048 0.412000 0.371981 0.409500 0.371014 0.404500 0.362319 0.399500 0.356522 0.391000
0 0.406763 0.371500 0.392271 0.370500 0.382609 0.372000 0.373913 0.375000 0.359420 0.384000 0.357488 0.390000 0.362319 0.399000 0.371981 0.403500 0.380676 0.405000 0.390338 0.405000 0.410628 0.399500 0.416425 0.385500 0.415459 0.375500 0.412560 0.373000
0 0.409662 0.402500 0.403865 0.402500 0.394203 0.404500 0.379710 0.410500 0.372947 0.415000 0.367150 0.423000 0.366184 0.429500 0.370048 0.434000 0.379710 0.439000 0.394203 0.442000 0.408696 0.442000 0.416425 0.440500 0.425121 0.436000 0.430918 0.431000 0.431884 0.427000 0.428986 0.415000 0.423188 0.408000 0.416425 0.404000
0 0.460870 0.404000 0.445411 0.406500 0.439614 0.409500 0.431884 0.417000 0.431884 0.424500 0.434783 0.428000 0.450242 0.433500 0.457971 0.435000 0.466667 0.434500 0.471498 0.432000 0.480193 0.417000 0.477295 0.410000 0.472464 0.406500
0 0.513043 0.409000 0.498551 0.411000 0.481159 0.419500 0.480193 0.428500 0.482126 0.431500 0.491787 0.436500 0.500483 0.438500 0.512077 0.439000 0.524638 0.437500 0.539130 0.433500 0.546860 0.428000 0.547826 0.423500 0.543961 0.418500 0.538164 0.415500
0 0.566184 0.422000 0.555556 0.422500 0.551691 0.424000 0.541063 0.434000 0.542995 0.446500 0.546860 0.449500 0.555556 0.452500 0.565217 0.452000 0.576812 0.449000 0.587440 0.444000 0.591304 0.439500 0.590338 0.431500 0.573913 0.424000
0 0.578744 0.403500 0.573913 0.406000 0.569082 0.411500 0.568116 0.416500 0.571981 0.423000 0.594203 0.432500 0.619324 0.432000 0.625121 0.431000 0.628019 0.428000 0.629952 0.416500 0.628019 0.408500 0.614493 0.401500 0.603865 0.398000 0.595169 0.399000 0.587440 0.402000
0 0.653140 0.404500 0.633816 0.409500 0.628986 0.419500 0.628019 0.428000 0.630918 0.432000 0.637681 0.435000 0.654106 0.439000 0.665700 0.439000 0.681159 0.435000 0.692754 0.429500 0.701449 0.420500 0.701449 0.417500 0.699517 0.415000 0.688889 0.410500 0.664734 0.405000
0 0.607729 0.434500 0.601932 0.436000 0.587440 0.447000 0.586473 0.451500 0.595169 0.460500 0.606763 0.467500 0.627053 0.469500 0.642512 0.465000 0.647343 0.462000 0.654106 0.452500 0.655072 0.441500 0.653140 0.439500 0.641546 0.436000 0.625121 0.434000
0 0.680193 0.437000 0.660870 0.440000 0.657005 0.443500 0.652174 0.464000 0.654106 0.468000 0.661836 0.471000 0.671498 0.471500 0.680193 0.465500 0.708213 0.457500 0.711111 0.455000 0.712077 0.451000 0.700483 0.442500
0 0.724638 0.452000 0.723671 0.458000 0.726570 0.461000 0.742995 0.466000 0.760386 0.468500 0.771014 0.468000 0.778744 0.466500 0.785507 0.462000 0.784541 0.447000 0.780676 0.443500 0.772947 0.441500 0.760386 0.441000 0.736232 0.450000
0 0.829952 0.436000 0.802899 0.434500 0.799034 0.435000 0.787440 0.441000 0.785507 0.444500 0.787440 0.461500 0.806763 0.469000 0.827053 0.463500 0.836715 0.450000 0.845411 0.446000 0.846377 0.443000 0.843478 0.441000
0 0.799034 0.404500 0.784541 0.405000 0.776812 0.409500 0.763285 0.413500 0.755556 0.419500 0.755556 0.424500 0.766184 0.434500 0.782609 0.439500 0.793237 0.438000 0.815459 0.420000 0.815459 0.411000 0.808696 0.407000
0 0.733333 0.413500 0.723671 0.413000 0.712077 0.414000 0.707246 0.416500 0.698551 0.427000 0.698551 0.440000 0.705314 0.447000 0.713043 0.450500 0.726570 0.451000 0.735266 0.450000 0.749758 0.445500 0.762319 0.438500 0.763285 0.434500 0.753623 0.421500 0.746860 0.417500
0 0.825121 0.409000 0.818357 0.412500 0.816425 0.422000 0.826087 0.433500 0.834783 0.437500 0.852174 0.442500 0.862802 0.442000 0.868599 0.440500 0.874396 0.437500 0.879227 0.432500 0.881159 0.424500 0.885024 0.420500 0.885024 0.415000 0.883092 0.413000 0.863768 0.405000 0.849275 0.405000
0 0.877295 0.384000 0.863768 0.393000 0.862802 0.398000 0.865700 0.405000 0.893720 0.415000 0.915942 0.417000 0.926570 0.416500 0.929469 0.412500 0.928502 0.406500 0.931401 0.400500 0.931401 0.395500 0.926570 0.390000 0.910145 0.381500 0.897585 0.379500
0 0.955556 0.389500 0.948792 0.390000 0.934300 0.396000 0.928502 0.407500 0.929469 0.416500 0.943961 0.426000 0.948792 0.427000 0.963285 0.425500 0.973913 0.421500 0.981643 0.421000 0.989372 0.408500 0.988406 0.403500 0.981643 0.397000
0 0.972947 0.423500 0.966184 0.425000 0.963285 0.427500 0.963285 0.440000 0.972947 0.454500 0.977778 0.456000 0.988406 0.456000 1.000000 0.453000 1.000000 0.426500 0.984541 0.424000
0 0.886957 0.421000 0.881159 0.429000 0.879227 0.437000 0.884058 0.442000 0.890821 0.445500 0.905314 0.448000 0.925604 0.447500 0.939130 0.444500 0.949758 0.439500 0.949758 0.430500 0.939130 0.422500 0.930435 0.419000 0.916908 0.417500 0.901449 0.417500
0 1.000000 0.365500 0.978744 0.367000 0.971981 0.370500 0.961353 0.383500 0.961353 0.390000 0.966184 0.392500 0.980676 0.396000 1.000000 0.395500
0 0.966184 0.359500 0.959420 0.358000 0.941063 0.357500 0.906280 0.368500 0.904348 0.371000 0.906280 0.379000 0.927536 0.390000 0.933333 0.391000 0.948792 0.390000 0.959420 0.384500 0.971981 0.370000 0.972947 0.364500
0 0.841546 0.355500 0.838647 0.359500 0.836715 0.373000 0.851208 0.375000 0.860870 0.383500 0.880193 0.383500 0.898551 0.378000 0.901449 0.374500 0.900483 0.368500 0.885024 0.359500 0.861836 0.353000 0.850242 0.353500
0 0.852174 0.375000 0.834783 0.373500 0.812560 0.374000 0.795169 0.380000 0.788406 0.386000 0.788406 0.392000 0.796135 0.401000 0.805797 0.406000 0.813527 0.408000 0.823188 0.408500 0.846377 0.404500 0.853140 0.402000 0.859903 0.393000 0.859903 0.387000 0.857971 0.381500
0 0.785507 0.388500 0.775845 0.386500 0.757488 0.391000 0.735266 0.393500 0.729469 0.395500 0.727536 0.399500 0.728502 0.404000 0.740097 0.414000 0.744928 0.415000 0.762319 0.414500 0.773913 0.410500 0.792271 0.400500 0.791304 0.396000
0 0.664734 0.399500 0.664734 0.404000 0.693720 0.411500 0.705314 0.413500 0.716908 0.413500 0.724638 0.411500 0.726570 0.401500 0.723671 0.393000 0.709179 0.384000 0.701449 0.384000 0.682126 0.387500
0 0.623188 0.374500 0.620290 0.376000 0.619324 0.381000 0.611594 0.388500 0.609662 0.392500 0.610628 0.397000 0.613527 0.400500 0.625121 0.406500 0.640580 0.407500 0.657005 0.402500 0.663768 0.399000 0.669565 0.394000 0.672464 0.388000 0.669565 0.385000 0.654106 0.377000 0.644444 0.375000
0 0.586473 0.366500 0.572947 0.367500 0.566184 0.378000 0.568116 0.392000 0.573913 0.399500 0.578744 0.402500 0.587440 0.401500 0.604831 0.394000 0.613527 0.387000 0.617391 0.381500 0.617391 0.376000 0.613527 0.372500 0.608696 0.370500 0.596135 0.369000
0 0.557488 0.382000 0.526570 0.384500 0.513043 0.396000 0.512077 0.404500 0.514976 0.408500 0.532367 0.414500 0.544928 0.414500 0.554589 0.412500 0.563285 0.409000 0.568116 0.405000 0.570048 0.396000 0.565217 0.388000
0 0.504348 0.372000 0.475362 0.373500 0.463768 0.379000 0.461836 0.381500 0.461836 0.388500 0.466667 0.398000 0.474396 0.405000 0.479227 0.407500 0.489855 0.409000 0.502415 0.404000 0.522705 0.386000 0.522705 0.383500 0.513043 0.375000
0 0.435749 0.370000 0.422222 0.375500 0.418357 0.380000 0.416425 0.388000 0.411594 0.395000 0.411594 0.400500 0.422222 0.406000 0.444444 0.407000 0.456039 0.404500 0.463768 0.401000 0.464734 0.396000 0.459903 0.379500 0.453140 0.372500 0.445411 0.370000
0 0.308213 0.363000 0.299517 0.363000 0.286957 0.366500 0.280193 0.370500 0.272464 0.379000 0.271498 0.386000 0.273430 0.388500 0.290821 0.395000 0.299517 0.395500 0.323671 0.391500 0.332367 0.389000 0.339130 0.385000 0.339130 0.380500 0.326570 0.370000 0.320773 0.366500
0 0.807729 0.000000 0.807729 0.002000 0.815459 0.006500 0.824155 0.009500 0.843478 0.008500 0.850242 0.006500 0.856039 0.002500 0.856039 0.000000
0 0.163285 0.347500 0.155556 0.349500 0.146860 0.354000 0.140097 0.366000 0.140097 0.374000 0.142029 0.377000 0.149758 0.381500 0.151691 0.384500 0.159420 0.387000 0.165217 0.387000 0.178744 0.384500 0.197101 0.379000 0.210628 0.369500 0.213527 0.365500 0.201932 0.359500 0.196135 0.353500
0 0.723671 0.359500 0.714976 0.363500 0.712077 0.367500 0.712077 0.381500 0.714010 0.385500 0.718841 0.389000 0.729469 0.392500 0.742995 0.393000 0.757488 0.391500 0.771981 0.387000 0.782609 0.378000 0.781643 0.370500 0.777778 0.365500 0.767150 0.360500 0.752657 0.358500 0.736232 0.358000
0 0.685990 0.360000 0.668599 0.362000 0.662802 0.365000 0.659903 0.369000 0.659903 0.377500 0.665700 0.383500 0.677295 0.387000 0.699517 0.384500 0.707246 0.381500 0.709179 0.379000 0.708213 0.368000 0.705314 0.364500
0 0.616425 0.348500 0.609662 0.352000 0.606763 0.357000 0.608696 0.366500 0.612560 0.370000 0.630918 0.373500 0.643478 0.374000 0.658937 0.368500 0.660870 0.360000 0.657005 0.356500 0.632850 0.348000 0.621256 0.347500
0 0.142029 0.009500 0.143961 0.016000 0.148792 0.018500 0.159420 0.020500 0.183575 0.020000 0.193237 0.018000 0.197101 0.015000 0.197101 0.010000 0.192271 0.000000 0.154589 0.000000 0.154589 0.001500 0.146860 0.005000
0 0.593237 0.331000 0.577778 0.331000 0.566184 0.333000 0.557488 0.337500 0.555556 0.341000 0.555556 0.350500 0.566184 0.361000 0.573913 0.365000 0.578744 0.366000 0.590338 0.366000 0.598068 0.364500 0.604831 0.360500 0.609662 0.350000 0.607729 0.337000 0.602899 0.333500
0 0.530435 0.347000 0.523671 0.349000 0.520773 0.355500 0.512077 0.366000 0.511111 0.371000 0.514976 0.377000 0.523671 0.382000 0.529469 0.383500 0.542029 0.383500 0.551691 0.382000 0.565217 0.377500 0.571014 0.365000 0.551691 0.349000 0.543961 0.347000
0 0.506280 0.337500 0.487923 0.338500 0.455072 0.350000 0.452174 0.355500 0.452174 0.361500 0.462802 0.368500 0.474396 0.371500 0.484058 0.372500 0.501449 0.372000 0.508213 0.370000 0.516908 0.361500 0.519807 0.350000 0.514976 0.343500
0 0.397101 0.339500 0.387440 0.342500 0.376812 0.349000 0.385507 0.362000 0.400000 0.370000 0.416425 0.373500 0.426087 0.373000 0.433816 0.369500 0.446377 0.357500 0.446377 0.353000 0.441546 0.344000 0.436715 0.341000 0.426087 0.338500 0.404831 0.338500
0 0.328502 0.350000 0.318841 0.355500 0.317874 0.359000 0.320773 0.365000 0.332367 0.375500 0.342995 0.381000 0.355556 0.381000 0.363285 0.379500 0.371981 0.375000 0.382609 0.365500 0.383575 0.360500 0.379710 0.353500 0.375845 0.350500 0.370048 0.350000 0.355556 0.352000
0 0.312077 0.335500 0.284058 0.332500 0.275362 0.333000 0.264734 0.335500 0.256039 0.340000 0.251208 0.344500 0.249275 0.350000 0.255072 0.359000 0.263768 0.363500 0.275362 0.366000 0.291787 0.365000 0.301449 0.362000 0.312077 0.356000 0.321739 0.347500 0.320773 0.341500
0 0.224155 0.336500 0.213527 0.337000 0.201932 0.341500 0.199034 0.345000 0.199034 0.353000 0.201932 0.359000 0.204831 0.361000 0.214493 0.363500 0.231884 0.361000 0.238647 0.357500 0.242512 0.352500 0.242512 0.349000 0.237681 0.341500 0.233816 0.339000
0 0.193237 0.315500 0.181643 0.315500 0.174879 0.317000 0.162319 0.324000 0.154589 0.330500 0.152657 0.334000 0.153623 0.339500 0.158454 0.344500 0.165217 0.347500 0.176812 0.349000 0.191304 0.347500 0.197101 0.345500 0.200000 0.342500 0.213527 0.335000 0.214493 0.328000 0.210628 0.320500
0 0.235749 0.305000 0.225121 0.307000 0.213527 0.314500 0.211594 0.318000 0.212560 0.325000 0.222222 0.336000 0.231884 0.338000 0.237681 0.341000 0.251208 0.341500 0.258937 0.339000 0.275362 0.330500 0.277295 0.327500 0.276329 0.318500 0.280193 0.309500 0.275362 0.307000 0.248309 0.304500
0 0.218357 0.287000 0.192271 0.288000 0.176812 0.292000 0.174879 0.294000 0.175845 0.302500 0.180676 0.309000 0.188406 0.313000 0.199034 0.315000 0.208696 0.315000 0.215459 0.313000 0.227053 0.305000 0.229952 0.300000 0.228019 0.292000
0 0.132367 0.290500 0.114010 0.304000 0.112077 0.307500 0.112077 0.314000 0.114010 0.316000 0.124638 0.320000 0.135266 0.320500 0.169082 0.317500 0.175845 0.315000 0.179710 0.309500 0.172947 0.298000 0.164251 0.293500 0.150725 0.289000 0.139130 0.289000
0 0.236715 0.282000 0.230918 0.290000 0.229952 0.299000 0.244444 0.304000 0.255072 0.305000 0.282126 0.304000 0.292754 0.302000 0.302415 0.295500 0.302415 0.289000 0.298551 0.280500 0.284058 0.273500 0.277295 0.272500 0.260870 0.272500 0.247343 0.276000
0 0.298551 0.302000 0.290821 0.304000 0.281159 0.311000 0.277295 0.317500 0.278261 0.325500 0.290821 0.332500 0.305314 0.334500 0.322705 0.333500 0.326570 0.332000 0.334300 0.323500 0.342029 0.319000 0.342029 0.313000 0.333333 0.308000 0.315942 0.302500
0 0.343961 0.318500 0.334300 0.322500 0.328502 0.328000 0.323671 0.341000 0.324638 0.346000 0.329469 0.349000 0.348792 0.352000 0.360386 0.351500 0.370048 0.349500 0.377778 0.346000 0.380676 0.342500 0.378744 0.335000 0.371014 0.326500 0.353623 0.319000
0 0.348792 0.312500 0.345894 0.314000 0.346860 0.318000 0.363285 0.323000 0.370048 0.326500 0.384541 0.340500 0.393237 0.340500 0.397101 0.338000 0.398068 0.330000 0.387440 0.309500 0.383575 0.308000 0.373913 0.307000
0 0.409662 0.296500 0.396135 0.301000 0.391304 0.306500 0.391304 0.314000 0.396135 0.325500 0.400000 0.329000 0.413527 0.334500 0.424155 0.335000 0.436715 0.331500 0.457005 0.320500 0.460870 0.314000 0.456039 0.303500 0.447343 0.299500 0.431884 0.297000
0 0.493720 0.320000 0.463768 0.320500 0.453140 0.323000 0.447343 0.326000 0.442512 0.330500 0.440580 0.342000 0.444444 0.348500 0.448309 0.349500 0.457971 0.348500 0.478261 0.342000 0.496618 0.328500 0.497585 0.322500
0 0.472464 0.285500 0.463768 0.287000 0.459903 0.289500 0.456039 0.303000 0.462802 0.316000 0.473430 0.320000 0.482126 0.320000 0.498551 0.317000 0.511111 0.311000 0.516908 0.307000 0.516908 0.301500 0.509179 0.294500 0.493720 0.292000
0 0.537198 0.305500 0.524638 0.306000 0.515942 0.308500 0.501449 0.318000 0.499517 0.321500 0.498551 0.331000 0.502415 0.334500 0.511111 0.338500 0.514010 0.342000 0.520773 0.344000 0.528502 0.344000 0.543961 0.341000 0.560386 0.335000 0.564251 0.331000 0.564251 0.320500 0.560386 0.315000 0.548792 0.308500
0 0.611594 0.295000 0.597101 0.293500 0.586473 0.294000 0.570048 0.302000 0.565217 0.315000 0.566184 0.329500 0.568116 0.331000 0.585507 0.330500 0.608696 0.324500 0.629952 0.314000 0.630918 0.309500 0.618357 0.301500
0 0.631884 0.315000 0.622222 0.318000 0.605797 0.326000 0.605797 0.334500 0.609662 0.338000 0.628019 0.346500 0.658937 0.346500 0.663768 0.345000 0.672464 0.335000 0.672464 0.329500 0.665700 0.321000 0.658937 0.317500 0.649275 0.315000
0 0.715942 0.332000 0.707246 0.331500 0.682126 0.333500 0.675362 0.335500 0.668599 0.339500 0.664734 0.346500 0.670531 0.353000 0.682126 0.359000 0.700483 0.362500 0.706280 0.362500 0.718841 0.357500 0.721739 0.354000 0.726570 0.337500 0.724638 0.335000
0 0.715942 0.303000 0.683092 0.302500 0.674396 0.304000 0.665700 0.307500 0.664734 0.320000 0.668599 0.325000 0.677295 0.331500 0.691787 0.333000 0.703382 0.332000 0.710145 0.330500 0.726570 0.323500 0.733333 0.318000 0.733333 0.312500 0.729469 0.308500
0 0.769082 0.289500 0.750725 0.290500 0.742995 0.294000 0.739130 0.297500 0.735266 0.306500 0.735266 0.313500 0.739130 0.323500 0.745894 0.327000 0.754589 0.325000 0.771981 0.317000 0.797101 0.303000 0.795169 0.298500 0.786473 0.294000
0 0.835749 0.301000 0.810628 0.300500 0.798068 0.303500 0.779710 0.313000 0.774879 0.317500 0.775845 0.326500 0.777778 0.328000 0.801932 0.336500 0.819324 0.337000 0.828986 0.336000 0.839614 0.330000 0.846377 0.323000 0.844444 0.306000 0.841546 0.303000
0 0.759420 0.327000 0.744928 0.330500 0.736232 0.335500 0.726570 0.343500 0.726570 0.350000 0.735266 0.355000 0.742995 0.357500 0.759420 0.359500 0.769082 0.359500 0.786473 0.354500 0.797101 0.345500 0.798068 0.339000 0.796135 0.336000 0.777778 0.328000
0 0.813527 0.344500 0.804831 0.344500 0.799034 0.346000 0.787440 0.353500 0.790338 0.372500 0.792271 0.376000 0.796135 0.377500 0.800000 0.377500 0.818357 0.373000 0.826087 0.369000 0.832850 0.367500 0.836715 0.364000 0.836715 0.357000 0.834783 0.355000
0 0.866667 0.327000 0.855072 0.325500 0.845411 0.326500 0.829952 0.336500 0.824155 0.346000 0.827053 0.350000 0.831884 0.352500 0.845411 0.354000 0.862802 0.351500 0.868599 0.348500 0.871498 0.344000 0.871498 0.329500
0 0.874396 0.332500 0.872464 0.348500 0.875362 0.353500 0.894686 0.363500 0.906280 0.365500 0.914010 0.365500 0.931401 0.361000 0.946860 0.352500 0.949758 0.349000 0.949758 0.344500 0.937198 0.336000 0.909179 0.331500 0.887923 0.332500 0.881159 0.331000
0 0.917874 0.309500 0.909179 0.313000 0.904348 0.318000 0.903382 0.323500 0.908213 0.329500 0.914010 0.332000 0.927536 0.334000 0.943961 0.334000 0.953623 0.326500 0.954589 0.317000 0.952657 0.313000 0.942995 0.309000 0.936232 0.308000
0 0.980676 0.301000 0.968116 0.305000 0.958454 0.311000 0.955556 0.315000 0.956522 0.323000 0.962319 0.327000 0.990338 0.332000 0.996135 0.335000 1.000000 0.335000 1.000000 0.301500
0 0.957488 0.327500 0.951691 0.332000 0.949758 0.342000 0.952657 0.350000 0.958454 0.355500 0.966184 0.359000 0.973913 0.360000 1.000000 0.354500 1.000000 0.335000 0.996135 0.335000 0.987440 0.331500 0.968116 0.328000
0 0.927536 0.278500 0.920773 0.281000 0.915942 0.286000 0.915942 0.291500 0.919807 0.297500 0.934300 0.307500 0.942029 0.308000 0.949758 0.311500 0.958454 0.310000 0.972947 0.302500 0.976812 0.297000 0.975845 0.285000 0.968116 0.280000 0.960386 0.278000
0 0.996135 0.273500 0.981643 0.277000 0.976812 0.283000 0.979710 0.299000 0.985507 0.300500 1.000000 0.301500 1.000000 0.273500
0 1.000000 0.258500 0.995169 0.257500 0.986473 0.249500 0.974879 0.247500 0.963285 0.248000 0.949758 0.253500 0.941063 0.260000 0.934300 0.267000 0.934300 0.275500 0.942029 0.277500 0.973913 0.277500 1.000000 0.273500
0 0.947826 0.238500 0.939130 0.236000 0.922705 0.233500 0.904348 0.236000 0.896618 0.240000 0.892754 0.244000 0.893720 0.262000 0.902415 0.265000 0.913043 0.265000 0.942995 0.258000 0.953623 0.252000 0.955556 0.249500 0.954589 0.243000
0 0.839614 0.239500 0.835749 0.242500 0.834783 0.250000 0.849275 0.264000 0.859903 0.270000 0.868599 0.270500 0.877295 0.269000 0.883092 0.266000 0.890821 0.257000 0.891787 0.247000 0.889855 0.244500 0.882126 0.241000 0.860870 0.238500
0 0.889855 0.264500 0.879227 0.268500 0.871498 0.273500 0.872464 0.285000 0.874396 0.288500 0.878261 0.290500 0.891787 0.294000 0.899517 0.294000 0.914010 0.287500 0.923671 0.279500 0.923671 0.276000 0.906280 0.266500
0 0.874396 0.291000 0.861836 0.295500 0.855072 0.299500 0.847343 0.308000 0.845411 0.316500 0.847343 0.320500 0.855072 0.324000 0.872464 0.327500 0.883092 0.327500 0.893720 0.325500 0.901449 0.322000 0.911111 0.311500 0.912077 0.305500 0.906280 0.300000 0.884058 0.291500
0 0.813527 0.260000 0.807729 0.264500 0.804831 0.275000 0.804831 0.287500 0.809662 0.293500 0.818357 0.298000 0.833816 0.300500 0.841546 0.300500 0.858937 0.297000 0.866667 0.293500 0.872464 0.288500 0.871498 0.280000 0.866667 0.274000 0.849275 0.265000 0.822222 0.259500
0 0.734300 0.267000 0.734300 0.271500 0.742995 0.280000 0.748792 0.283000 0.778744 0.290500 0.793237 0.290000 0.800000 0.286500 0.802899 0.282000 0.803865 0.268500 0.801932 0.263500 0.795169 0.259500 0.777778 0.257000 0.761353 0.257500 0.751691 0.260000
0 0.791304 0.222500 0.783575 0.230500 0.770048 0.239500 0.770048 0.249000 0.776812 0.254500 0.787440 0.258000 0.799034 0.259500 0.821256 0.258500 0.833816 0.252500 0.835749 0.243500 0.834783 0.236000 0.813527 0.223500
0 0.700483 0.234000 0.697585 0.248000 0.710145 0.256000 0.717874 0.265000 0.724638 0.266000 0.742029 0.264000 0.763285 0.253000 0.765217 0.247500 0.762319 0.243000 0.746860 0.237000 0.724638 0.232500 0.704348 0.233000
0 0.687923 0.246000 0.677295 0.246000 0.669565 0.248500 0.660870 0.253000 0.651208 0.261500 0.651208 0.272000 0.657971 0.276500 0.664734 0.278500 0.683092 0.279000 0.701449 0.275000 0.713043 0.269000 0.714010 0.262500 0.709179 0.256500 0.694686 0.247500
0 0.677295 0.281500 0.655072 0.276500 0.637681 0.278000 0.619324 0.287000 0.619324 0.291000 0.615459 0.295000 0.618357 0.301500 0.634783 0.308500 0.652174 0.309000 0.659903 0.307500 0.664734 0.305000 0.668599 0.299500 0.677295 0.295500 0.679227 0.291500 0.679227 0.283000
0 0.731401 0.272000 0.723671 0.269500 0.714976 0.269000 0.689855 0.279500 0.683092 0.284500 0.681159 0.288000 0.681159 0.292000 0.677295 0.297500 0.677295 0.300000 0.680193 0.302000 0.713043 0.302000 0.725604 0.300000 0.740097 0.296000 0.744928 0.291000 0.743961 0.282500 0.738164 0.276000
0 0.561353 0.271500 0.548792 0.272000 0.542995 0.273500 0.535266 0.280000 0.531401 0.291000 0.533333 0.296000 0.540097 0.304000 0.546860 0.306500 0.558454 0.306500 0.567150 0.304000 0.583575 0.295000 0.595169 0.292000 0.597101 0.288000 0.592271 0.282000 0.582609 0.276500
0 0.505314 0.260000 0.495652 0.261500 0.484058 0.266500 0.476329 0.275000 0.475362 0.279500 0.479227 0.286000 0.485990 0.290000 0.502415 0.293500 0.512077 0.293500 0.522705 0.291000 0.530435 0.287500 0.536232 0.276500 0.536232 0.272500 0.519807 0.261000
0 0.452174 0.254500 0.441546 0.256500 0.430918 0.260500 0.427053 0.263500 0.426087 0.268500 0.437681 0.279500 0.447343 0.281500 0.458937 0.282000 0.474396 0.276500 0.482126 0.268500 0.482126 0.263000 0.463768 0.255000
0 0.390338 0.257500 0.382609 0.260000 0.371014 0.267000 0.371981 0.271500 0.389372 0.292000 0.398068 0.293500 0.413527 0.293500 0.432850 0.279500 0.431884 0.273500 0.425121 0.268000 0.424155 0.260000 0.419324 0.258000 0.411594 0.257000
0 0.367150 0.272500 0.359420 0.271500 0.343961 0.275000 0.330435 0.280500 0.322705 0.286500 0.318841 0.293000 0.318841 0.298500 0.320773 0.303000 0.327536 0.306500 0.341063 0.309500 0.359420 0.309500 0.376812 0.305500 0.387440 0.299000 0.388406 0.293500 0.383575 0.286000 0.375845 0.277500
0 0.291787 0.243000 0.285990 0.245500 0.272464 0.256000 0.269565 0.264500 0.272464 0.268500 0.296618 0.277500 0.304348 0.278000 0.321739 0.273500 0.328502 0.268500 0.328502 0.265500 0.317874 0.252000 0.311111 0.247500 0.300483 0.243000
0 0.281159 0.229000 0.268599 0.226000 0.251208 0.226000 0.237681 0.228000 0.227053 0.232000 0.215459 0.239500 0.214493 0.245000 0.218357 0.249000 0.230918 0.255500 0.244444 0.259500 0.256039 0.259500 0.264734 0.258000 0.282126 0.249000 0.290821 0.240500 0.289855 0.235500
0 0.214493 0.247000 0.207729 0.247500 0.200966 0.261500 0.200000 0.274000 0.204831 0.283500 0.211594 0.286000 0.219324 0.286000 0.237681 0.280500 0.251208 0.274000 0.257971 0.272500 0.260870 0.271000 0.260870 0.267000 0.251208 0.261500 0.233816 0.256500
0 0.162319 0.260500 0.155556 0.262000 0.146860 0.267000 0.142995 0.272000 0.141063 0.282000 0.142995 0.284500 0.155556 0.291000 0.161353 0.292500 0.172947 0.292500 0.197101 0.287000 0.201932 0.283500 0.201932 0.278500 0.197101 0.270500 0.188406 0.265000 0.173913 0.261500
0 0.140097 0.238000 0.138164 0.240500 0.141063 0.249000 0.146860 0.254500 0.164251 0.260000 0.183575 0.263500 0.195169 0.263500 0.199034 0.261500 0.206763 0.248000 0.213527 0.241000 0.211594 0.236500 0.207729 0.234000 0.188406 0.230500 0.172947 0.230500 0.158454 0.232000
0 0.205797 0.202500 0.200000 0.203500 0.178744 0.215500 0.175845 0.218500 0.175845 0.222000 0.184541 0.229000 0.207729 0.234000 0.216425 0.234500 0.235749 0.229000 0.242512 0.225500 0.245411 0.219500 0.237681 0.208500 0.229952 0.204000
0 0.293720 0.214000 0.286957 0.224500 0.286957 0.229000 0.290821 0.234000 0.299517 0.237500 0.314010 0.240000 0.330435 0.240500 0.344928 0.237500 0.363285 0.235500 0.369082 0.233000 0.364251 0.224500 0.350725 0.215500 0.332367 0.207500 0.323671 0.206500 0.312077 0.207000 0.300483 0.210000
0 0.381643 0.238500 0.348792 0.237500 0.326570 0.243000 0.319807 0.247500 0.318841 0.253000 0.325604 0.261500 0.332367 0.266500 0.348792 0.270000 0.365217 0.269500 0.389372 0.257500 0.395169 0.251500 0.395169 0.243500 0.391304 0.241000
0 0.463768 0.233000 0.458937 0.230000 0.448309 0.228000 0.438647 0.228000 0.429952 0.229500 0.416425 0.233500 0.400000 0.245500 0.400966 0.250000 0.418357 0.253000 0.451208 0.254000 0.461836 0.252500 0.465700 0.250000 0.467633 0.240000
0 0.505314 0.222000 0.499517 0.223000 0.481159 0.232500 0.468599 0.244000 0.466667 0.253500 0.470531 0.256500 0.477295 0.258500 0.493720 0.260000 0.513043 0.259500 0.519807 0.257500 0.523671 0.251500 0.529469 0.247000 0.529469 0.236000 0.517874 0.227000
0 0.558454 0.241000 0.548792 0.241500 0.540097 0.244000 0.525604 0.251000 0.522705 0.254500 0.522705 0.258000 0.529469 0.266500 0.541063 0.271000 0.555556 0.271500 0.567150 0.270000 0.587440 0.256500 0.586473 0.249500
0 0.605797 0.253500 0.592271 0.256500 0.587440 0.259000 0.583575 0.263500 0.583575 0.275500 0.600966 0.285500 0.618357 0.286000 0.641546 0.276500 0.649275 0.272000 0.649275 0.264500 0.643478 0.260500 0.632850 0.256500 0.616425 0.253500
0 0.651208 0.215000 0.641546 0.215500 0.630918 0.220000 0.623188 0.230000 0.622222 0.245000 0.630918 0.252500 0.638647 0.255000 0.656039 0.254000 0.671498 0.247500 0.683092 0.244500 0.691787 0.234000 0.689855 0.228500 0.679227 0.222500 0.667633 0.218000
0 0.740097 0.210000 0.738164 0.211000 0.738164 0.213500 0.737198 0.214000 0.737198 0.216000 0.736232 0.216500 0.736232 0.217000 0.735266 0.217500 0.735266 0.218000 0.734300 0.218500 0.734300 0.219000 0.733333 0.219500 0.733333 0.220000 0.732367 0.220500 0.732367 0.221500 0.731401 0.222000 0.731401 0.224000 0.730435 0.224500 0.730435 0.225000 0.729469 0.225500 0.729469 0.226000 0.728502 0.226500 0.728502 0.227000 0.727536 0.227500 0.727536 0.229500 0.731401 0.231500 0.731401 0.232000 0.733333 0.233000 0.734300 0.233000 0.736232 0.234000 0.737198 0.234000 0.740097 0.235500 0.741063 0.235500 0.742029 0.236000 0.742995 0.236000 0.743961 0.236500 0.744928 0.236500 0.746860 0.237500 0.747826 0.237500 0.749758 0.238500 0.750725 0.238500 0.752657 0.239500 0.753623 0.239500 0.754589 0.240000 0.763285 0.240000 0.764251 0.239500 0.765217 0.239500 0.768116 0.238000 0.769082 0.238000 0.772947 0.236000 0.773913 0.236000 0.777778 0.234000 0.777778 0.233500 0.781643 0.231500 0.781643 0.231000 0.782609 0.230500 0.782609 0.230000 0.783575 0.229500 0.783575 0.229000 0.784541 0.228500 0.784541 0.227000 0.785507 0.226500 0.785507 0.221500 0.784541 0.221000 0.784541 0.220500 0.783575 0.220000 0.783575 0.219000 0.781643 0.218000 0.781643 0.217500 0.772947 0.213000 0.771981 0.213000 0.769082 0.211500 0.768116 0.211500 0.767150 0.211000 0.765217 0.211000 0.764251 0.210500 0.757488 0.210500 0.756522 0.210000 0.747826 0.210000 0.746860 0.209500 0.744928 0.209500 0.743961 0.210000
0 0.590338 0.217000 0.578744 0.219500 0.566184 0.224000 0.557488 0.230000 0.555556 0.232500 0.556522 0.236500 0.559420 0.240000 0.574879 0.246000 0.586473 0.248500 0.602899 0.249000 0.613527 0.247000 0.619324 0.244000 0.621256 0.241000 0.621256 0.227500 0.615459 0.222000 0.602899 0.217500
0 0.516908 0.203500 0.506280 0.208000 0.503382 0.211500 0.505314 0.220000 0.533333 0.237000 0.545894 0.236500 0.555556 0.219500 0.557488 0.208500 0.549758 0.204500 0.539130 0.204500 0.530435 0.203000
0 0.463768 0.196000 0.452174 0.193500 0.442512 0.193000 0.428019 0.194500 0.418357 0.198500 0.412560 0.206500 0.412560 0.219500 0.416425 0.223000 0.427053 0.227500 0.436715 0.228000 0.451208 0.226500 0.468599 0.221000 0.477295 0.216500 0.483092 0.209500 0.481159 0.205500
0 0.405797 0.195000 0.397101 0.196000 0.372947 0.202500 0.362319 0.207000 0.358454 0.211000 0.356522 0.217000 0.360386 0.221500 0.371014 0.227000 0.379710 0.229500 0.388406 0.230500 0.400000 0.230000 0.411594 0.225000 0.411594 0.211000 0.414493 0.200500
0 0.312077 0.179500 0.303382 0.184500 0.298551 0.197000 0.300483 0.201000 0.314010 0.206000 0.331401 0.207000 0.336232 0.208500 0.346860 0.208500 0.357488 0.206500 0.363285 0.202000 0.361353 0.197000 0.350725 0.192500 0.346860 0.180000 0.338164 0.177500 0.330435 0.177000
0 0.244444 0.203000 0.240580 0.206000 0.240580 0.210000 0.244444 0.213000 0.255072 0.217000 0.272464 0.227000 0.285024 0.228000 0.290821 0.216500 0.297585 0.209000 0.295652 0.202500 0.292754 0.201000 0.276329 0.202000 0.259903 0.200000
0 0.291787 0.170000 0.283092 0.170000 0.270531 0.172000 0.254106 0.179500 0.251208 0.182500 0.251208 0.187500 0.255072 0.192500 0.264734 0.199000 0.272464 0.202000 0.277295 0.202500 0.292754 0.200000 0.301449 0.191500 0.305314 0.175500 0.301449 0.172500
0 0.382609 0.166000 0.370048 0.167500 0.359420 0.171500 0.347826 0.180500 0.348792 0.188500 0.351691 0.193500 0.371981 0.199000 0.384541 0.199000 0.403865 0.194500 0.410628 0.190500 0.413527 0.186000 0.411594 0.178500 0.392271 0.168000
0 0.397101 0.162000 0.397101 0.166500 0.400000 0.169500 0.415459 0.178500 0.423188 0.180500 0.452174 0.180500 0.462802 0.178500 0.471498 0.174500 0.471498 0.168500 0.468599 0.165500 0.462802 0.162500 0.450242 0.159000 0.433816 0.157000 0.411594 0.156500 0.401932 0.159000
0 0.493720 0.173500 0.481159 0.174500 0.466667 0.179000 0.461836 0.184000 0.461836 0.191000 0.466667 0.196500 0.481159 0.204000 0.496618 0.205500 0.508213 0.203500 0.518841 0.198000 0.518841 0.181500 0.510145 0.179500 0.500483 0.174500
0 0.541063 0.170500 0.520773 0.181500 0.519807 0.195500 0.523671 0.199500 0.533333 0.203000 0.541063 0.204000 0.559420 0.203500 0.576812 0.197500 0.580676 0.193500 0.579710 0.185500 0.573913 0.178500 0.569082 0.175500 0.549758 0.170500
0 0.593237 0.158000 0.586473 0.158500 0.573913 0.163000 0.571014 0.167500 0.571014 0.174500 0.581643 0.186500 0.586473 0.188000 0.597101 0.188500 0.613527 0.183500 0.620290 0.177500 0.615459 0.174000 0.600966 0.169000 0.597101 0.159500
0 0.639614 0.176500 0.624155 0.181500 0.621256 0.185500 0.612560 0.191000 0.608696 0.195500 0.608696 0.202500 0.615459 0.207000 0.625121 0.210500 0.638647 0.213000 0.649275 0.213000 0.657971 0.211000 0.665700 0.205500 0.665700 0.192500 0.655072 0.179000 0.649275 0.176500
0 0.697585 0.164000 0.688889 0.163000 0.681159 0.163500 0.673430 0.165500 0.666667 0.170500 0.661836 0.179500 0.661836 0.185500 0.664734 0.191000 0.673430 0.199000 0.679227 0.199500 0.701449 0.196000 0.714976 0.190500 0.723671 0.182000 0.723671 0.177000 0.720773 0.173500
0 0.674396 0.200500 0.668599 0.207500 0.672464 0.218500 0.696618 0.230000 0.707246 0.232000 0.718841 0.231000 0.734300 0.216000 0.734300 0.208500 0.720773 0.202500 0.701449 0.198500 0.688889 0.198500
0 0.885024 0.203000 0.880193 0.203000 0.852174 0.211000 0.838647 0.212500 0.833816 0.215500 0.826087 0.223500 0.826087 0.225500 0.846377 0.235000 0.863768 0.239000 0.875362 0.239500 0.890821 0.236000 0.904348 0.228500 0.903382 0.215000 0.895652 0.207000
0 0.904348 0.220500 0.906280 0.226500 0.919807 0.232500 0.950725 0.238500 0.969082 0.238500 0.973913 0.237000 0.964251 0.222000 0.955556 0.217000 0.947826 0.214500 0.934300 0.214000 0.925604 0.215000
0 1.000000 0.198500 0.969082 0.202500 0.954589 0.211500 0.953623 0.214500 0.955556 0.217000 0.969082 0.223500 0.980676 0.225500 1.000000 0.224000
0 0.995169 0.224000 0.982609 0.228500 0.977778 0.232500 0.977778 0.237500 0.989372 0.251500 0.994203 0.254000 1.000000 0.254500 1.000000 0.224000
0 0.885024 0.177500 0.865700 0.174000 0.848309 0.174500 0.836715 0.178500 0.830918 0.186000 0.829952 0.195500 0.833816 0.205000 0.841546 0.210500 0.852174 0.211000 0.882126 0.202000 0.890821 0.197500 0.897585 0.189500 0.898551 0.185000 0.892754 0.180500
0 0.820290 0.191500 0.810628 0.191000 0.789372 0.194500 0.777778 0.200500 0.771981 0.206000 0.771014 0.211000 0.785507 0.219500 0.800000 0.222500 0.813527 0.222500 0.830918 0.216500 0.833816 0.213000 0.833816 0.206500 0.829952 0.197000 0.825121 0.193000
0 0.762319 0.177500 0.733333 0.180500 0.715942 0.190000 0.714010 0.194000 0.718841 0.200500 0.725604 0.204000 0.742029 0.209000 0.766184 0.209000 0.770048 0.207500 0.780676 0.197500
0 0.801932 0.164000 0.791304 0.163500 0.784541 0.165000 0.768116 0.172500 0.764251 0.177500 0.766184 0.183500 0.771014 0.189500 0.783575 0.195500 0.800000 0.193000 0.814493 0.186000 0.823188 0.178000 0.821256 0.173500
0 0.853140 0.153500 0.850242 0.157500 0.851208 0.162500 0.855072 0.167500 0.864734 0.173000 0.888889 0.177500 0.906280 0.176500 0.914976 0.173500 0.918841 0.168500 0.919807 0.159000 0.913043 0.153000 0.900483 0.147000 0.890821 0.144500 0.878261 0.144500
0 0.960386 0.150000 0.946860 0.150500 0.929469 0.162000 0.923671 0.175000 0.926570 0.178500 0.934300 0.181500 0.942995 0.182500 0.958454 0.181500 0.971981 0.179000 0.979710 0.174500 0.981643 0.171000 0.979710 0.161500 0.971014 0.153500 0.966184 0.151000
0 1.000000 0.168000 0.987440 0.169000 0.982609 0.171500 0.974879 0.180000 0.972947 0.188500 0.977778 0.195500 0.986473 0.198000 1.000000 0.197500
0 0.131401 0.188000 0.124638 0.193000 0.127536 0.205000 0.132367 0.209500 0.142029 0.214500 0.151691 0.217000 0.165217 0.218000 0.176812 0.216500 0.195169 0.205500 0.199034 0.201500 0.191304 0.194500 0.188406 0.187500 0.183575 0.185500 0.146860 0.184000
0 0.215459 0.170000 0.207729 0.173000 0.195169 0.181500 0.191304 0.187000 0.191304 0.193500 0.197101 0.199000 0.203865 0.201500 0.222222 0.203000 0.232850 0.202500 0.248309 0.198500 0.254106 0.194500 0.249275 0.186000 0.250242 0.181000 0.246377 0.176500 0.233816 0.171500 0.226087 0.170000
0 0.205797 0.157500 0.196135 0.156000 0.181643 0.156000 0.171981 0.160000 0.167150 0.166000 0.162319 0.177500 0.164251 0.182000 0.167150 0.183500 0.181643 0.184500 0.193237 0.183000 0.213527 0.167000 0.210628 0.161000
0 0.165217 0.155000 0.146860 0.152500 0.125604 0.154000 0.111111 0.156500 0.102415 0.160500 0.099517 0.164500 0.101449 0.172000 0.109179 0.179000 0.122705 0.184500 0.136232 0.184500 0.157488 0.178500 0.164251 0.172500 0.169082 0.163000 0.170048 0.158000
0 0.107246 0.129000 0.102415 0.134500 0.101449 0.139000 0.104348 0.150500 0.110145 0.155500 0.163285 0.151500 0.168116 0.146500 0.168116 0.142500 0.163285 0.132500 0.159420 0.130000 0.135266 0.123500 0.123671 0.123500 0.114976 0.125000
0 0.175845 0.120000 0.170048 0.123500 0.164251 0.130000 0.166184 0.140000 0.172947 0.145000 0.186473 0.148500 0.203865 0.149000 0.216425 0.147500 0.228986 0.143000 0.230918 0.139000 0.229952 0.135000 0.222222 0.127500 0.222222 0.122500 0.216425 0.118000 0.208696 0.116500 0.193237 0.116500
0 0.280193 0.117500 0.273430 0.114500 0.264734 0.113000 0.240580 0.116500 0.222222 0.122500 0.222222 0.129000 0.230918 0.136500 0.246377 0.137000 0.268599 0.134500 0.278261 0.131000 0.281159 0.121500
0 0.272464 0.138000 0.267633 0.137000 0.238647 0.140500 0.226087 0.144000 0.214493 0.149500 0.210628 0.154000 0.209662 0.160000 0.212560 0.164000 0.219324 0.168000 0.238647 0.173000 0.250242 0.173500 0.262802 0.172000 0.275362 0.167500 0.282126 0.149000 0.276329 0.140500
0 0.295652 0.144500 0.285990 0.148500 0.280193 0.154000 0.278261 0.158000 0.279227 0.165500 0.286957 0.169000 0.306280 0.173000 0.322705 0.172500 0.331401 0.170500 0.339130 0.166000 0.337198 0.153500 0.334300 0.148000 0.325604 0.144500 0.316908 0.143000 0.304348 0.143000
0 0.359420 0.127500 0.346860 0.134500 0.342029 0.139000 0.338164 0.148500 0.338164 0.157000 0.340097 0.162500 0.343961 0.165000 0.358454 0.167500 0.369082 0.167500 0.394203 0.162500 0.401932 0.157500 0.406763 0.149500 0.400000 0.142500 0.392271 0.138500 0.373913 0.132500 0.368116 0.127500
0 0.282126 0.119500 0.280193 0.126000 0.282126 0.136000 0.287923 0.140000 0.298551 0.142500 0.320773 0.142000 0.328502 0.140500 0.345894 0.133500 0.355556 0.127500 0.355556 0.123000 0.342995 0.118000 0.314976 0.112500 0.298551 0.113000 0.288889 0.115500
0 0.443478 0.125500 0.432850 0.125000 0.424155 0.126500 0.412560 0.133000 0.408696 0.142000 0.409662 0.149000 0.416425 0.153500 0.425121 0.156000 0.438647 0.156000 0.451208 0.153500 0.462802 0.146000 0.466667 0.134500 0.457971 0.129500
0 0.478261 0.132000 0.470531 0.133500 0.466667 0.136000 0.463768 0.147500 0.469565 0.163000 0.475362 0.167000 0.483092 0.167500 0.488889 0.166000 0.489855 0.155500 0.492754 0.154000 0.515942 0.150000 0.519807 0.148000 0.519807 0.141000 0.498551 0.133500
0 0.491787 0.154000 0.488889 0.156500 0.489855 0.166000 0.498551 0.173000 0.509179 0.177500 0.519807 0.179500 0.531401 0.176000 0.542995 0.169000 0.545894 0.157500 0.539130 0.153500 0.527536 0.151000 0.513043 0.150500
0 0.580676 0.129500 0.562319 0.129500 0.556522 0.131000 0.544928 0.138500 0.542029 0.146000 0.542995 0.154500 0.549758 0.160000 0.555556 0.162000 0.578744 0.160000 0.591304 0.157500 0.604831 0.147000 0.604831 0.143500 0.600000 0.139000 0.589372 0.132500
0 0.603865 0.150000 0.599034 0.154000 0.597101 0.159000 0.598068 0.166000 0.604831 0.171500 0.617391 0.175500 0.628019 0.176000 0.641546 0.175000 0.654106 0.170000 0.657005 0.166500 0.655072 0.158500 0.650242 0.153000 0.639614 0.147500 0.634783 0.146500 0.616425 0.147000
0 0.634783 0.113000 0.618357 0.113000 0.609662 0.117500 0.603865 0.126500 0.604831 0.135500 0.609662 0.144500 0.615459 0.147000 0.631884 0.146000 0.641546 0.144000 0.655072 0.137000 0.660870 0.131500 0.661836 0.125500 0.659903 0.121500 0.648309 0.116500
0 0.675362 0.136000 0.671498 0.138000 0.664734 0.146000 0.664734 0.151000 0.683092 0.161500 0.689855 0.163000 0.703382 0.163000 0.715942 0.159500 0.728502 0.151500 0.729469 0.144500 0.727536 0.142000 0.713043 0.136500 0.702415 0.134500
0 0.684058 0.122500 0.685024 0.128000 0.695652 0.132500 0.711111 0.136000 0.725604 0.141000 0.731401 0.141500 0.742029 0.140000 0.749758 0.136500 0.753623 0.125500 0.753623 0.119000 0.746860 0.115500 0.737198 0.114500 0.723671 0.115000 0.699517 0.119000 0.693720 0.119000
0 0.773913 0.122000 0.757488 0.122500 0.753623 0.126000 0.749758 0.141000 0.754589 0.149000 0.760386 0.151000 0.786473 0.146500 0.805797 0.139000 0.805797 0.134500 0.787440 0.125000
0 0.718841 0.169000 0.723671 0.175000 0.728502 0.178000 0.732367 0.179000 0.753623 0.178000 0.765217 0.175500 0.788406 0.162500 0.787440 0.158000 0.756522 0.152000 0.730435 0.151500 0.719807 0.157500
0 0.805797 0.139500 0.787440 0.146500 0.788406 0.151500 0.792271 0.156500 0.820290 0.173500 0.835749 0.175500 0.844444 0.174000 0.850242 0.167000 0.849275 0.158000 0.851208 0.148500 0.849275 0.146000 0.839614 0.141000 0.830918 0.139000 0.814493 0.138500
0 0.866667 0.113000 0.857971 0.116000 0.848309 0.121500 0.839614 0.130500 0.838647 0.135000 0.844444 0.140000 0.858937 0.143500 0.866667 0.144500 0.884058 0.143500 0.890821 0.142000 0.894686 0.139500 0.898551 0.126500 0.892754 0.119000 0.887923 0.116500 0.875362 0.113500
0 0.818357 0.101000 0.810628 0.102500 0.795169 0.110500 0.790338 0.118000 0.790338 0.124500 0.793237 0.127500 0.806763 0.134000 0.830918 0.134500 0.836715 0.132500 0.837681 0.130500 0.845411 0.126000 0.850242 0.120000 0.851208 0.113000 0.849275 0.109500 0.834783 0.102000
0 0.908213 0.122000 0.900483 0.126000 0.896618 0.131000 0.895652 0.139000 0.897585 0.141000 0.909179 0.145000 0.935266 0.149000 0.951691 0.148500 0.955556 0.146000 0.955556 0.140500 0.934300 0.123500 0.926570 0.120500 0.915942 0.120500
0 0.957488 0.110000 0.940097 0.116000 0.937198 0.119000 0.937198 0.125500 0.950725 0.135500 0.958454 0.143500 0.975845 0.143500 0.987440 0.140000 0.993237 0.135500 0.993237 0.130500 0.979710 0.122500 0.971014 0.113000 0.966184 0.111000
0 1.000000 0.135500 0.996135 0.135500 0.978744 0.144000 0.971981 0.150500 0.971981 0.154500 0.985507 0.168000 1.000000 0.168000
0 0.995169 0.108500 0.983575 0.113500 0.981643 0.119500 0.985507 0.124500 0.995169 0.129500 1.000000 0.129500 1.000000 0.108500
0 1.000000 0.084000 0.987440 0.083000 0.964251 0.087500 0.942995 0.099000 0.950725 0.107000 0.972947 0.113000 0.983575 0.113000 0.996135 0.109000 1.000000 0.109000
0 0.911111 0.067000 0.907246 0.069000 0.904348 0.073000 0.905314 0.077000 0.914976 0.087000 0.934300 0.095000 0.943961 0.094500 0.952657 0.092000 0.960386 0.086500 0.964251 0.081000 0.965217 0.072000 0.963285 0.070000 0.957488 0.067500 0.944928 0.065000 0.928502 0.065000
0 0.898551 0.085500 0.895652 0.087000 0.892754 0.099500 0.887923 0.107000 0.886957 0.112000 0.888889 0.114500 0.894686 0.118000 0.908213 0.120000 0.932367 0.118500 0.940097 0.116000 0.945894 0.111500 0.946860 0.107000 0.936232 0.097000 0.912077 0.086000 0.907246 0.085000
0 0.871498 0.077000 0.844444 0.084000 0.833816 0.091500 0.833816 0.096500 0.838647 0.103500 0.850242 0.109000 0.863768 0.112000 0.876329 0.112500 0.885990 0.108500 0.891787 0.099500 0.891787 0.086500 0.887923 0.080500 0.883092 0.078000
0 0.789372 0.068500 0.781643 0.073500 0.781643 0.078000 0.784541 0.082500 0.807729 0.094000 0.814493 0.094500 0.829952 0.092000 0.833816 0.090000 0.839614 0.083000 0.841546 0.077500 0.839614 0.070500 0.833816 0.068000 0.818357 0.065000 0.799034 0.065500
0 0.788406 0.084500 0.782609 0.083000 0.766184 0.083000 0.755556 0.087000 0.747826 0.096000 0.744928 0.110500 0.747826 0.113500 0.762319 0.114000 0.780676 0.111500 0.798068 0.108000 0.805797 0.104500 0.809662 0.100500 0.807729 0.095500
0 0.748792 0.069500 0.738164 0.069500 0.726570 0.072500 0.711111 0.080500 0.709179 0.084000 0.711111 0.088500 0.722705 0.095000 0.736232 0.098000 0.744928 0.097000 0.761353 0.083500 0.762319 0.074500 0.759420 0.072000
0 0.683092 0.061000 0.670531 0.061000 0.653140 0.065500 0.648309 0.069000 0.648309 0.078500 0.656039 0.086000 0.662802 0.088500 0.674396 0.089000 0.688889 0.086500 0.702415 0.078000 0.703382 0.070000 0.701449 0.067500 0.695652 0.064000
0 0.605797 0.088000 0.602899 0.091500 0.602899 0.100000 0.606763 0.106500 0.612560 0.109500 0.624155 0.112000 0.652174 0.112500 0.667633 0.110000 0.672464 0.095000 0.667633 0.090500 0.656039 0.085500 0.648309 0.078500 0.640580 0.077500 0.632850 0.078000
0 0.705314 0.086500 0.696618 0.086500 0.685990 0.088500 0.673430 0.097000 0.669565 0.104500 0.669565 0.110000 0.674396 0.115000 0.680193 0.117000 0.701449 0.118500 0.720773 0.115500 0.728502 0.112000 0.729469 0.105500 0.722705 0.096000 0.715942 0.091000
0 0.692754 0.021500 0.680193 0.022500 0.666667 0.028500 0.663768 0.032500 0.661836 0.044000 0.663768 0.052000 0.671498 0.057500 0.678261 0.059000 0.700483 0.057500 0.721739 0.051000 0.726570 0.047500 0.727536 0.040000 0.714976 0.028500 0.707246 0.025000
0 0.605797 0.022500 0.600966 0.025000 0.600000 0.030500 0.606763 0.039000 0.617391 0.046000 0.627053 0.050000 0.639614 0.052000 0.649275 0.051500 0.656039 0.049500 0.659903 0.046500 0.662802 0.031500 0.661836 0.025000 0.657971 0.022500 0.642512 0.018500 0.626087 0.019000
0 0.598068 0.000000 0.600966 0.006000 0.608696 0.011500 0.630918 0.017500 0.643478 0.016500 0.652174 0.012000 0.660870 0.003000 0.660870 0.000000
0 0.664734 0.000000 0.667633 0.008000 0.678261 0.013000 0.700483 0.018500 0.711111 0.017500 0.725604 0.007000 0.727536 0.000000
0 0.728502 0.000000 0.728502 0.003000 0.732367 0.005500 0.744928 0.008500 0.758454 0.009500 0.776812 0.008500 0.783575 0.006000 0.787440 0.002500 0.787440 0.000000
0 0.874396 0.003000 0.866667 0.002000 0.855072 0.004000 0.843478 0.008000 0.833816 0.014500 0.830918 0.020000 0.830918 0.026000 0.836715 0.031000 0.843478 0.033500 0.879227 0.035000 0.883092 0.034500 0.893720 0.029000 0.895652 0.024500 0.885024 0.009500
0 0.891787 0.000000 0.891787 0.002000 0.887923 0.005000 0.886957 0.010000 0.897585 0.025500 0.909179 0.029000 0.921739 0.029000 0.932367 0.027000 0.945894 0.019500 0.950725 0.014000 0.947826 0.009000 0.942029 0.004500 0.931401 0.002000 0.930435 0.000000
0 0.938164 0.000000 0.939130 0.003000 0.950725 0.012000 0.957488 0.014500 0.967150 0.014500 0.974879 0.012500 0.983575 0.007500 0.987440 0.003000 0.987440 0.000000
0 0.989372 0.015000 0.979710 0.014500 0.958454 0.016500 0.947826 0.019500 0.937198 0.025000 0.935266 0.032500 0.940097 0.039000 0.957488 0.046000 0.965217 0.047500 0.972947 0.046500 0.985507 0.041000 0.989372 0.036500 0.989372 0.031500 0.994203 0.023000 0.994203 0.019000
0 0.993237 0.050500 0.969082 0.055500 0.966184 0.058000 0.966184 0.063000 0.972947 0.073000 0.986473 0.079500 0.996135 0.082500 1.000000 0.082500 1.000000 0.050500
0 0.940097 0.039000 0.920773 0.036000 0.910145 0.036500 0.903382 0.038500 0.896618 0.045000 0.892754 0.052500 0.894686 0.060500 0.899517 0.063500 0.910145 0.066000 0.928502 0.065500 0.941063 0.063500 0.955556 0.058000 0.961353 0.053500 0.960386 0.050000
0 0.854106 0.036000 0.839614 0.039000 0.830918 0.044500 0.829952 0.054000 0.832850 0.064000 0.845411 0.071500 0.853140 0.072000 0.858937 0.068500 0.861836 0.072000 0.868599 0.073000 0.883092 0.068500 0.893720 0.061000 0.892754 0.051500 0.894686 0.044500 0.887923 0.040500 0.875362 0.036500 0.869565 0.035500
0 0.804831 0.036500 0.796135 0.040500 0.792271 0.051500 0.794203 0.061000 0.797101 0.063000 0.806763 0.064500 0.825121 0.064000 0.830918 0.061000 0.828986 0.040500 0.825121 0.038000 0.817391 0.036000
0 0.735266 0.048500 0.731401 0.052500 0.734300 0.058500 0.734300 0.065000 0.760386 0.072000 0.777778 0.071000 0.783575 0.068500 0.788406 0.057000 0.788406 0.051500 0.784541 0.048500 0.771981 0.045000 0.756522 0.044000 0.743961 0.045500
0 0.739130 0.009000 0.727536 0.011000 0.715942 0.015000 0.713043 0.025500 0.716908 0.030500 0.726570 0.037000 0.737198 0.040500 0.750725 0.041000 0.769082 0.035500 0.778744 0.030000 0.780676 0.027500 0.780676 0.017000 0.773913 0.012500 0.767150 0.010500 0.755556 0.009000
0 0.586473 0.036500 0.574879 0.041500 0.568116 0.062500 0.575845 0.068000 0.600000 0.068000 0.606763 0.066500 0.618357 0.061500 0.623188 0.057500 0.624155 0.051000 0.622222 0.048500 0.604831 0.039000 0.597101 0.037000
0 0.552657 0.066500 0.544928 0.072000 0.545894 0.080000 0.553623 0.088000 0.567150 0.094000 0.574879 0.095500 0.588406 0.095500 0.598068 0.093000 0.612560 0.084000 0.616425 0.074500 0.615459 0.072000 0.609662 0.069500 0.600000 0.068000 0.578744 0.068000 0.568116 0.064000 0.556522 0.065000
0 0.585507 0.099500 0.574879 0.101000 0.553623 0.109500 0.550725 0.112500 0.550725 0.117000 0.553623 0.121500 0.559420 0.125000 0.576812 0.129000 0.589372 0.130000 0.600000 0.128500 0.602899 0.127000 0.610628 0.115500 0.610628 0.111000 0.601932 0.101500 0.597101 0.100000
0 0.542995 0.107000 0.520773 0.110000 0.503382 0.117500 0.497585 0.123000 0.496618 0.127000 0.500483 0.133500 0.506280 0.136500 0.516908 0.139500 0.540097 0.139000 0.556522 0.131000 0.558454 0.126500 0.551691 0.120000 0.547826 0.109500
0 0.536232 0.075000 0.524638 0.075000 0.512077 0.077500 0.497585 0.091000 0.497585 0.100000 0.503382 0.104000 0.510145 0.106000 0.520773 0.107000 0.542995 0.105000 0.560386 0.096000 0.560386 0.092500 0.553623 0.089000 0.544928 0.078500
0 0.443478 0.068000 0.441546 0.072500 0.446377 0.088500 0.454106 0.094500 0.462802 0.096500 0.475362 0.096500 0.492754 0.092500 0.499517 0.089500 0.505314 0.084000 0.507246 0.077500 0.498551 0.070500 0.477295 0.068000 0.463768 0.065000 0.450242 0.065000
0 0.474396 0.036500 0.461836 0.043500 0.457971 0.048500 0.457005 0.055500 0.461836 0.062000 0.472464 0.067000 0.486957 0.069000 0.504348 0.069000 0.520773 0.066500 0.524638 0.064500 0.523671 0.055500 0.515942 0.047000 0.502415 0.040500 0.497585 0.036500 0.491787 0.035000 0.481159 0.034500
0 0.511111 0.023500 0.502415 0.031500 0.500483 0.037500 0.503382 0.041000 0.512077 0.045500 0.517874 0.047000 0.530435 0.047000 0.554589 0.049500 0.566184 0.049500 0.570048 0.048000 0.572947 0.040500 0.569082 0.037500 0.568116 0.032500 0.562319 0.028500 0.547826 0.023000 0.542995 0.018500 0.536232 0.017500 0.524638 0.018000
0 0.457971 0.100000 0.449275 0.102500 0.446377 0.105500 0.448309 0.119500 0.461836 0.129500 0.471498 0.131500 0.485024 0.130500 0.494686 0.127000 0.507246 0.114500 0.508213 0.107500 0.497585 0.102000 0.477295 0.099000
0 0.442512 0.099500 0.435749 0.097000 0.428019 0.097000 0.414493 0.102000 0.386473 0.109000 0.377778 0.114500 0.374879 0.123000 0.384541 0.126000 0.392271 0.126500 0.428019 0.125500 0.443478 0.122000 0.446377 0.120500 0.446377 0.115000 0.444444 0.110000 0.445411 0.103000
0 0.384541 0.090500 0.367150 0.089000 0.331401 0.095500 0.326570 0.098500 0.325604 0.104500 0.334300 0.113500 0.351691 0.119500 0.363285 0.120000 0.373913 0.118000 0.379710 0.112500 0.396135 0.105500 0.398068 0.102500 0.398068 0.099000 0.395169 0.096000
0 0.300483 0.082500 0.286957 0.081000 0.275362 0.081500 0.255072 0.085500 0.250242 0.087500 0.249275 0.093500 0.255072 0.104000 0.261836 0.109500 0.267633 0.112000 0.274396 0.113500 0.292754 0.113000 0.297585 0.111500 0.310145 0.100000 0.312077 0.088000 0.306280 0.084000
0 0.209662 0.095000 0.200966 0.103000 0.201932 0.107500 0.208696 0.115500 0.215459 0.117000 0.235749 0.117000 0.248309 0.115500 0.257971 0.112000 0.257971 0.107000 0.249275 0.097500 0.239614 0.092500 0.233816 0.091000 0.223188 0.090500 0.214493 0.092500
0 0.210628 0.071000 0.202899 0.068000 0.188406 0.067000 0.153623 0.072000 0.147826 0.073500 0.136232 0.081000 0.134300 0.083500 0.136232 0.088000 0.143961 0.093500 0.159420 0.097000 0.183575 0.099500 0.198068 0.097500 0.211594 0.093000 0.218357 0.085500 0.215459 0.077000
0 0.208696 0.064500 0.208696 0.068500 0.216425 0.078000 0.222222 0.082000 0.230918 0.084000 0.248309 0.084500 0.257005 0.083000 0.271498 0.077500 0.280193 0.072500 0.277295 0.068500 0.271498 0.065000 0.262802 0.061500 0.245411 0.057000 0.222222 0.056500 0.211594 0.060500
0 0.223188 0.022500 0.217391 0.025500 0.208696 0.036500 0.208696 0.045000 0.214493 0.052000 0.223188 0.055500 0.238647 0.056000 0.256039 0.053500 0.270531 0.048500 0.273430 0.046000 0.273430 0.040500 0.268599 0.036000 0.241546 0.023000 0.236715 0.022000
0 0.341063 0.046000 0.323671 0.042500 0.305314 0.041500 0.282126 0.046500 0.270531 0.052000 0.268599 0.055500 0.270531 0.063500 0.286957 0.073500 0.295652 0.075500 0.314010 0.075000 0.326570 0.069000 0.339130 0.059500 0.343961 0.050000
0 0.342995 0.061000 0.337198 0.062500 0.323671 0.071000 0.321739 0.080000 0.325604 0.084500 0.339130 0.089500 0.345894 0.091000 0.358454 0.090500 0.369082 0.088000 0.378744 0.083000 0.384541 0.073000 0.384541 0.069000 0.375845 0.064000 0.369082 0.062000
0 0.395169 0.063500 0.388406 0.068000 0.382609 0.077000 0.382609 0.084000 0.391304 0.094000 0.400966 0.098500 0.415459 0.099000 0.440580 0.092500 0.445411 0.089000 0.442512 0.074500 0.438647 0.069500 0.430918 0.066000 0.421256 0.064000 0.409662 0.063000
0 0.407729 0.033000 0.386473 0.025500 0.374879 0.025500 0.354589 0.034000 0.352657 0.036000 0.353623 0.045500 0.363285 0.051500 0.375845 0.052000 0.391304 0.049000 0.402899 0.043000 0.406763 0.038000
0 0.337198 0.012000 0.317874 0.012500 0.310145 0.016500 0.307246 0.022500 0.307246 0.034000 0.317874 0.039500 0.328502 0.040000 0.343961 0.037500 0.364251 0.029500 0.365217 0.024500 0.361353 0.021000
0 0.338164 0.000000 0.337198 0.007500 0.340097 0.012000 0.348792 0.016500 0.359420 0.018500 0.371981 0.019000 0.387440 0.018000 0.409662 0.010000 0.410628 0.005500 0.407729 0.000000
0 0.408696 0.000000 0.408696 0.003000 0.414493 0.009500 0.427053 0.013000 0.442512 0.013000 0.446377 0.012000 0.461836 0.002000 0.461836 0.000000
0 0.470531 0.000000 0.469565 0.002000 0.461836 0.003000 0.452174 0.008000 0.447343 0.012500 0.446377 0.018000 0.457005 0.024000 0.477295 0.028500 0.486957 0.032500 0.499517 0.033000 0.503382 0.031000 0.509179 0.024000 0.508213 0.018500 0.502415 0.013500 0.484058 0.003000 0.477295 0.002000 0.476329 0.000000
0 0.489855 0.006500 0.506280 0.015500 0.515942 0.017000 0.526570 0.017000 0.535266 0.015000 0.545894 0.010000 0.554589 0.003000 0.555556 0.000000 0.489855 0.000000
0 0.558454 0.000000 0.544928 0.013000 0.544928 0.018500 0.549758 0.024000 0.567150 0.028500 0.587440 0.028000 0.600000 0.024000 0.607729 0.019000 0.609662 0.013500 0.600966 0.006000 0.598068 0.000000
0 0.419324 0.013500 0.410628 0.015000 0.404831 0.018000 0.400966 0.023500 0.400966 0.029500 0.407729 0.033500 0.406763 0.041500 0.411594 0.045000 0.422222 0.046500 0.435749 0.043500 0.439614 0.041500 0.453140 0.030500 0.456039 0.024500 0.441546 0.016500
0 0.257971 0.000000 0.256039 0.011000 0.263768 0.018500 0.285990 0.025500 0.299517 0.025500 0.304348 0.021500 0.300483 0.000000
0 0.192271 0.000000 0.197101 0.017500 0.205797 0.020000 0.219324 0.020000 0.239614 0.016500 0.246377 0.014500 0.254106 0.009500 0.252174 0.000000
0 0.073430 0.092000 0.070531 0.095500 0.076329 0.112000 0.082126 0.117000 0.090821 0.121500 0.097585 0.123000 0.111111 0.123000 0.118841 0.121000 0.139130 0.107000 0.139130 0.099000 0.124638 0.092500 0.104348 0.088500 0.092754 0.088500
0 0.139130 0.109000 0.141063 0.116500 0.148792 0.120000 0.170048 0.120000 0.199034 0.115500 0.201932 0.112000 0.200966 0.107000 0.194203 0.103000 0.167150 0.098000 0.160386 0.098000 0.150725 0.100000 0.143961 0.103000
0 0.972947 0.189500 0.953623 0.183500 0.937198 0.182000 0.925604 0.182500 0.909179 0.186500 0.900483 0.193000 0.903382 0.202500 0.909179 0.209500 0.918841 0.214500 0.930435 0.214500 0.946860 0.212000 0.969082 0.200500 0.975845 0.194500
0 0.788406 0.003000 0.784541 0.005500 0.781643 0.010500 0.783575 0.027500 0.787440 0.029500 0.797101 0.031500 0.810628 0.031000 0.825121 0.027500 0.829952 0.024500 0.831884 0.015000 0.828986 0.012000 0.817391 0.006000 0.806763 0.002500
0 0.911111 0.664500 0.905314 0.665000 0.898551 0.670000 0.889855 0.671500 0.885024 0.674000 0.877295 0.682000 0.874396 0.695000 0.878261 0.701000 0.885990 0.705000 0.898551 0.708000 0.913043 0.709000 0.927536 0.706500 0.937198 0.700000 0.941063 0.693000 0.942029 0.681000 0.939130 0.678500 0.923671 0.672000 0.918841 0.666000
0 0.859903 0.676000 0.849275 0.676000 0.828986 0.679000 0.818357 0.684500 0.818357 0.690500 0.825121 0.697000 0.828019 0.707500 0.829952 0.709000 0.842512 0.712000 0.853140 0.712000 0.864734 0.709000 0.873430 0.698500 0.874396 0.681000
0 0.792271 0.686500 0.779710 0.693000 0.780676 0.697500 0.787440 0.707000 0.788406 0.713000 0.798068 0.717000 0.807729 0.718000 0.820290 0.717500 0.825121 0.714500 0.827053 0.710500 0.821256 0.693500 0.810628 0.687000 0.800966 0.685500
0 0.734300 0.686500 0.717874 0.701000 0.716908 0.709500 0.720773 0.713500 0.728502 0.716000 0.751691 0.717000 0.768116 0.719000 0.780676 0.717000 0.787440 0.713500 0.788406 0.708000 0.778744 0.695000 0.747826 0.683000
0 0.653140 0.705000 0.653140 0.710000 0.657005 0.714000 0.666667 0.716500 0.688889 0.719500 0.701449 0.720000 0.714976 0.717500 0.717874 0.715500 0.718841 0.712500 0.712077 0.699500 0.701449 0.696000 0.693720 0.691500 0.684058 0.691500 0.676329 0.694500 0.662802 0.697500
0 0.618357 0.684000 0.602899 0.689500 0.596135 0.694000 0.593237 0.701500 0.598068 0.709500 0.611594 0.717000 0.639614 0.722500 0.648309 0.721000 0.651208 0.717000 0.649275 0.702500 0.644444 0.697500 0.632850 0.691500 0.625121 0.683500
0 0.588406 0.693000 0.563285 0.691500 0.541063 0.699000 0.529469 0.707000 0.529469 0.710000 0.533333 0.714500 0.540097 0.717000 0.549758 0.717500 0.579710 0.713000 0.588406 0.707500 0.590338 0.698000
0 0.496618 0.685500 0.489855 0.684500 0.481159 0.685500 0.463768 0.694000 0.448309 0.708000 0.451208 0.713500 0.455072 0.715500 0.472464 0.719000 0.490821 0.719500 0.505314 0.717000 0.514976 0.712500 0.517874 0.703500 0.516908 0.697000 0.505314 0.692500
0 0.410628 0.681500 0.404831 0.684000 0.404831 0.690500 0.414493 0.693500 0.418357 0.697500 0.434783 0.707000 0.443478 0.709000 0.453140 0.702000 0.452174 0.697500 0.445411 0.691000 0.433816 0.683000 0.420290 0.681000
0 0.427053 0.701000 0.420290 0.698000 0.403865 0.697500 0.396135 0.698000 0.378744 0.702500 0.371014 0.706500 0.367150 0.712500 0.359420 0.716500 0.360386 0.721000 0.371014 0.725000 0.393237 0.726500 0.407729 0.726000 0.424155 0.723500 0.429952 0.721000 0.431884 0.717000 0.429952 0.713000 0.430918 0.707000
0 0.401932 0.684000 0.375845 0.673000 0.359420 0.673000 0.353623 0.675500 0.342029 0.686500 0.338164 0.695000 0.339130 0.704500 0.342995 0.706000 0.350725 0.706500 0.368116 0.706000 0.390338 0.700000 0.402899 0.694000
0 0.255072 0.695000 0.249275 0.705500 0.249275 0.714500 0.251208 0.717500 0.260870 0.721000 0.274396 0.721000 0.301449 0.718000 0.320773 0.713000 0.325604 0.710000 0.327536 0.705000 0.321739 0.701000 0.309179 0.696000 0.298551 0.694000 0.285990 0.689500 0.275362 0.689000 0.267633 0.690000
0 0.224155 0.680000 0.197101 0.688000 0.188406 0.693000 0.184541 0.698000 0.184541 0.704000 0.188406 0.710000 0.198068 0.715000 0.212560 0.718500 0.228986 0.718500 0.244444 0.713500 0.248309 0.710000 0.250242 0.701000 0.255072 0.694000 0.254106 0.688000 0.250242 0.685000 0.235749 0.683500
0 0.127536 0.684000 0.117874 0.688000 0.110145 0.696000 0.111111 0.703000 0.115942 0.707000 0.124638 0.711000 0.146860 0.718500 0.163285 0.721000 0.170048 0.710000 0.174879 0.689500 0.156522 0.680000
0 0.091787 0.673500 0.092754 0.678000 0.102415 0.683000 0.133333 0.683500 0.150725 0.681000 0.157488 0.678000 0.156522 0.674000 0.148792 0.665500 0.145894 0.658000 0.136232 0.652500 0.121739 0.652500 0.114976 0.654500
0 0.089855 0.639000 0.071498 0.640000 0.052174 0.645500 0.045411 0.650000 0.043478 0.654000 0.045411 0.664500 0.051208 0.671500 0.059903 0.675500 0.074396 0.675500 0.085990 0.672500 0.103382 0.664500 0.114976 0.654500 0.115942 0.649500 0.113043 0.648000 0.100483 0.647000 0.093720 0.643500
0 0.109179 0.601000 0.102415 0.599500 0.085024 0.600500 0.059903 0.613500 0.052174 0.621500 0.055072 0.631000 0.059903 0.635000 0.070531 0.638000 0.086957 0.638000 0.096618 0.636000 0.121739 0.627000 0.126570 0.623000 0.128502 0.614500 0.123671 0.608500
0 0.122705 0.562000 0.111111 0.560000 0.100483 0.560500 0.085990 0.565500 0.078261 0.572000 0.073430 0.579500 0.075362 0.584500 0.080193 0.588000 0.105314 0.590000 0.113043 0.589000 0.124638 0.584500 0.132367 0.576500 0.133333 0.572000 0.127536 0.565000
0 0.133333 0.461500 0.124638 0.461000 0.103382 0.472000 0.091787 0.485500 0.091787 0.490500 0.098551 0.494500 0.110145 0.496500 0.137198 0.495000 0.147826 0.491000 0.158454 0.483000 0.159420 0.478000 0.155556 0.474000 0.139130 0.467500 0.137198 0.463500
0 0.201932 0.442000 0.188406 0.443000 0.175845 0.446000 0.168116 0.449500 0.159420 0.456500 0.155556 0.462000 0.156522 0.467000 0.166184 0.473000 0.173913 0.475500 0.192271 0.478500 0.201932 0.478500 0.225121 0.474500 0.235749 0.471000 0.237681 0.468000 0.235749 0.459000 0.232850 0.455500 0.221256 0.449500 0.217391 0.446000
0 0.148792 0.490000 0.147826 0.500500 0.149758 0.503000 0.159420 0.507500 0.170048 0.509000 0.203865 0.509500 0.221256 0.506000 0.225121 0.503500 0.224155 0.499500 0.204831 0.483000 0.197101 0.479000 0.181643 0.477000 0.171981 0.477500 0.158454 0.483000
0 0.128502 0.513500 0.128502 0.518000 0.136232 0.528000 0.148792 0.533000 0.167150 0.537500 0.180676 0.536500 0.188406 0.533500 0.193237 0.525500 0.194203 0.516500 0.185507 0.509500 0.173913 0.509500 0.154589 0.507500