0 0.844444 0.415217 0.834444 0.423043 0.824444 0.427391 0.822222 0.431304 0.823333 0.435652 0.840000 0.444783 0.846667 0.445217 0.897778 0.440000 0.905556 0.435217 0.893333 0.430000 0.883333 0.420870 0.856667 0.414348
0 0.044444 0.353478 0.024444 0.352609 0.000000 0.354783 0.000000 0.382174 0.015556 0.383478 0.055556 0.373478 0.062222 0.366522 0.061111 0.361304 0.056667 0.357826
0 0.125556 0.354348 0.118889 0.353478 0.100000 0.353478 0.074444 0.356522 0.070000 0.361304 0.071111 0.371739 0.078889 0.379130 0.093333 0.383478 0.105556 0.383478 0.117778 0.380870 0.125556 0.377826 0.136667 0.369565 0.138889 0.365652 0.134444 0.357826
0 0.187778 0.356522 0.168889 0.356522 0.163333 0.357391 0.154444 0.360435 0.142222 0.368696 0.144444 0.377391 0.153333 0.381304 0.174444 0.386087 0.185556 0.385217 0.196667 0.382174 0.208889 0.381304 0.217778 0.376522 0.221111 0.368261 0.207778 0.360870
0 0.240000 0.345217 0.230000 0.349130 0.221111 0.356522 0.218889 0.365217 0.223333 0.369130 0.228889 0.371304 0.236667 0.372174 0.252222 0.370435 0.264444 0.370435 0.275556 0.371739 0.287778 0.368696 0.295556 0.365652 0.295556 0.360870 0.286667 0.353043 0.257778 0.344783
0 0.332222 0.345217 0.321111 0.352609 0.320000 0.357826 0.321111 0.365652 0.331111 0.370000 0.344444 0.371739 0.365556 0.371739 0.385556 0.369565 0.401111 0.364348 0.405556 0.358261 0.404444 0.353478 0.398889 0.349565 0.387778 0.345652 0.368889 0.343043 0.348889 0.343043
0 0.435556 0.365217 0.423333 0.366957 0.401111 0.372609 0.385556 0.388261 0.387778 0.395652 0.391111 0.398261 0.401111 0.400870 0.424444 0.403478 0.440000 0.403043 0.450000 0.398261 0.460000 0.389565 0.458889 0.380000 0.461111 0.376087 0.442222 0.369130
0 0.438889 0.353043 0.433333 0.358261 0.434444 0.365217 0.464444 0.376957 0.490000 0.378261 0.495556 0.377826 0.505556 0.374348 0.511111 0.366087 0.510000 0.353913 0.502222 0.348696 0.492222 0.346957 0.483333 0.346957
0 0.600000 0.353043 0.593333 0.350870 0.578889 0.349130 0.537778 0.349565 0.520000 0.351739 0.514444 0.353478 0.511111 0.356957 0.512222 0.363913 0.520000 0.373478 0.524444 0.375217 0.535556 0.376522 0.550000 0.375652 0.568889 0.372174 0.582222 0.367391 0.592222 0.361304
0 0.645556 0.353913 0.635556 0.352609 0.615556 0.352174 0.603333 0.352609 0.600000 0.353913 0.582222 0.368696 0.584444 0.375217 0.595556 0.381304 0.604444 0.383043 0.613333 0.382609 0.633333 0.379130 0.638889 0.376957 0.652222 0.363913 0.651111 0.356522
0 0.332222 0.371739 0.314444 0.374348 0.303333 0.378261 0.298889 0.384348 0.300000 0.391739 0.302222 0.395217 0.310000 0.399565 0.345556 0.404348 0.356667 0.401304 0.373333 0.393043 0.375556 0.387391 0.370000 0.380435 0.361111 0.375652 0.346667 0.372609
0 0.266667 0.370870 0.248889 0.371304 0.233333 0.373043 0.221111 0.380000 0.222222 0.384783 0.226667 0.389130 0.234444 0.393043 0.242222 0.402609 0.254444 0.405652 0.288889 0.399130 0.294444 0.396957 0.297778 0.393043 0.298889 0.387391 0.296667 0.382174 0.281111 0.375217
0 0.520000 0.380000 0.513333 0.384348 0.515556 0.400435 0.517778 0.403043 0.532222 0.404783 0.541111 0.404783 0.555556 0.403478 0.564444 0.401304 0.575556 0.396522 0.576667 0.392174 0.572222 0.384783 0.565556 0.382174 0.545556 0.379130 0.530000 0.378696
0 0.495556 0.381739 0.484444 0.381304 0.466667 0.386957 0.447778 0.403913 0.450000 0.408261 0.454444 0.411304 0.462222 0.413043 0.474444 0.413913 0.496667 0.413043 0.505556 0.410870 0.514444 0.404348 0.515556 0.393913 0.513333 0.389130
0 0.634444 0.379565 0.620000 0.381304 0.611111 0.383478 0.602222 0.391739 0.600000 0.398261 0.603333 0.403913 0.611111 0.409565 0.628889 0.413913 0.636667 0.414783 0.680000 0.402174 0.681111 0.399130 0.678889 0.389565 0.672222 0.385652 0.655556 0.380870
0 0.677778 0.359130 0.653333 0.364783 0.648889 0.368261 0.646667 0.374348 0.651111 0.378261 0.676667 0.387826 0.696667 0.390000 0.705556 0.393913 0.716667 0.389565 0.715556 0.384783 0.721111 0.380000 0.717778 0.367391 0.711111 0.362609 0.696667 0.358696
0 0.741111 0.359130 0.727778 0.363043 0.720000 0.368696 0.721111 0.374783 0.732222 0.383913 0.740000 0.386522 0.768889 0.386957 0.774444 0.386087 0.781111 0.382609 0.793333 0.370870 0.794444 0.365217 0.786667 0.361304 0.777778 0.360000
0 0.846667 0.359130 0.834444 0.359130 0.824444 0.362174 0.813333 0.363043 0.797778 0.366957 0.782222 0.381304 0.784444 0.388696 0.795556 0.393478 0.820000 0.395652 0.834444 0.392609 0.846667 0.393913 0.854444 0.391304 0.861111 0.382609 0.862222 0.373043 0.851111 0.365217 0.851111 0.361304
0 0.845556 0.396522 0.840000 0.398696 0.838889 0.400870 0.847778 0.410435 0.853333 0.413043 0.873333 0.418696 0.884444 0.420435 0.896667 0.419565 0.915556 0.413043 0.921111 0.408261 0.920000 0.401304 0.913333 0.396087 0.905556 0.393913 0.896667 0.392609 0.876667 0.392174
0 0.825556 0.397391 0.798889 0.395217 0.780000 0.399130 0.773333 0.402174 0.762222 0.411739 0.760000 0.419130 0.774444 0.432174 0.786667 0.431739 0.795556 0.430000 0.815556 0.430000 0.832222 0.423913 0.844444 0.413478 0.844444 0.406957 0.840000 0.402609
0 0.767778 0.389565 0.751111 0.387391 0.737778 0.387391 0.705556 0.393913 0.692222 0.400000 0.688889 0.404783 0.714444 0.419565 0.725556 0.418696 0.733333 0.416957 0.756667 0.416957 0.774444 0.400435 0.774444 0.393913
0 0.674444 0.403913 0.655556 0.409130 0.648889 0.412174 0.640000 0.425217 0.640000 0.430435 0.644444 0.434348 0.664444 0.435217 0.686667 0.438261 0.701111 0.436087 0.705556 0.431304 0.705556 0.423913 0.696667 0.412174 0.685556 0.404783
0 0.373333 0.395652 0.351111 0.404348 0.342222 0.416957 0.342222 0.425217 0.347778 0.430000 0.357778 0.433043 0.376667 0.434783 0.402222 0.433913 0.412222 0.431304 0.417778 0.426087 0.417778 0.416957 0.414444 0.407391 0.408889 0.403043 0.395556 0.400000 0.385556 0.395652
0 0.283333 0.400870 0.270000 0.405217 0.263333 0.411739 0.264444 0.417826 0.270000 0.424783 0.282222 0.430870 0.310000 0.430870 0.326667 0.428696 0.336667 0.424348 0.338889 0.421739 0.341111 0.409565 0.338889 0.405217 0.335556 0.403913 0.304444 0.399565
0 0.214444 0.405217 0.207778 0.408696 0.202222 0.416087 0.204444 0.425217 0.218889 0.426087 0.231111 0.430435 0.242222 0.431304 0.255556 0.430870 0.264444 0.423913 0.265556 0.420000 0.261111 0.410000 0.246667 0.404783 0.233333 0.403913
0 0.216667 0.383913 0.205556 0.382609 0.193333 0.383478 0.181111 0.386087 0.170000 0.390000 0.160000 0.395217 0.153333 0.403043 0.153333 0.404783 0.162222 0.410000 0.171111 0.411304 0.198889 0.410870 0.204444 0.410000 0.214444 0.405652 0.234444 0.403913 0.237778 0.402609 0.236667 0.396087 0.224444 0.386957
0 0.114444 0.381304 0.103333 0.383913 0.092222 0.389130 0.083333 0.396087 0.083333 0.401304 0.095556 0.410000 0.113333 0.414348 0.127778 0.414348 0.142222 0.412174 0.151111 0.408696 0.150000 0.400435 0.154444 0.396087 0.146667 0.387826 0.135556 0.383043
0 0.065556 0.374348 0.031111 0.380435 0.015556 0.387391 0.012222 0.391739 0.012222 0.395652 0.015556 0.397826 0.030000 0.400870 0.045556 0.406087 0.058889 0.407826 0.074444 0.406957 0.082222 0.404348 0.088889 0.390435 0.088889 0.386957 0.085556 0.383478 0.072222 0.377391 0.071111 0.375652
0 0.168889 0.413043 0.155556 0.411304 0.144444 0.412174 0.117778 0.417391 0.113333 0.419130 0.101111 0.429130 0.100000 0.436087 0.115556 0.442174 0.127778 0.443913 0.146667 0.443913 0.175556 0.439130 0.186667 0.428261 0.186667 0.423478 0.183333 0.418696
0 0.200000 0.431304 0.185556 0.438696 0.182222 0.443913 0.198889 0.446522 0.224444 0.455652 0.244444 0.456087 0.248889 0.455217 0.256667 0.447826 0.257778 0.438696 0.255556 0.436087 0.244444 0.432174 0.221111 0.430000
0 0.185556 0.444783 0.168889 0.446087 0.160000 0.451304 0.156667 0.467391 0.161111 0.471739 0.166667 0.473478 0.175556 0.473913 0.182222 0.471739 0.211111 0.466957 0.217778 0.462174 0.217778 0.455652 0.212222 0.450870 0.201111 0.446957
0 0.000000 0.434348 0.000000 0.444348 0.005556 0.444783 0.005556 0.447391 0.018889 0.453043 0.037778 0.456522 0.065556 0.455217 0.065556 0.451304 0.071111 0.447391 0.068889 0.440435 0.065556 0.436522 0.047778 0.430435 0.035556 0.427826 0.024444 0.427391 0.010000 0.431304 0.004444 0.434348
0 0.063333 0.454348 0.074444 0.466087 0.094444 0.469565 0.137778 0.469130 0.147778 0.466957 0.156667 0.463043 0.157778 0.450870 0.147778 0.446957 0.116667 0.444348 0.093333 0.445217 0.080000 0.446957
0 0.000000 0.461739 0.000000 0.489130 0.023333 0.492174 0.055556 0.492174 0.060000 0.486522 0.061111 0.476522 0.046667 0.465652 0.040000 0.462609 0.026667 0.460435 0.012222 0.460000 0.005556 0.461739
0 0.104444 0.473043 0.077778 0.478261 0.075556 0.486522 0.080000 0.490870 0.101111 0.499130 0.113333 0.502174 0.123333 0.502174 0.136667 0.499130 0.142222 0.496087 0.146667 0.490870 0.145556 0.482609 0.138889 0.478261 0.124444 0.473478 0.117778 0.472609
0 0.235556 0.467391 0.214444 0.467391 0.194444 0.469130 0.173333 0.473913 0.168889 0.479130 0.168889 0.483478 0.173333 0.486957 0.193333 0.492609 0.211111 0.493043 0.240000 0.486522 0.242222 0.483478 0.241111 0.470870
0 0.325556 0.435217 0.310000 0.432174 0.295556 0.430870 0.275556 0.432609 0.268889 0.435217 0.260000 0.442174 0.258889 0.448696 0.262222 0.455217 0.275556 0.458696 0.307778 0.458696 0.332222 0.447391 0.332222 0.442609
0 0.295556 0.461304 0.283333 0.460435 0.263333 0.462174 0.247778 0.466522 0.242222 0.471304 0.242222 0.475652 0.246667 0.480435 0.253333 0.483913 0.262222 0.484783 0.275556 0.484348 0.297778 0.476522 0.301111 0.472174 0.301111 0.466522 0.298889 0.462609
0 0.354444 0.447826 0.343333 0.447826 0.330000 0.450000 0.314444 0.456957 0.308889 0.461739 0.308889 0.467826 0.320000 0.473043 0.344444 0.476522 0.357778 0.474783 0.370000 0.470870 0.376667 0.465652 0.377778 0.458696 0.372222 0.453043 0.364444 0.449565
0 0.452222 0.417826 0.435556 0.421739 0.417778 0.431304 0.415556 0.435217 0.417778 0.439565 0.424444 0.443913 0.443333 0.449130 0.454444 0.450435 0.477778 0.450870 0.482222 0.448696 0.485556 0.434783 0.482222 0.429130 0.476667 0.424783 0.464444 0.419565
0 0.516667 0.425652 0.502222 0.431304 0.500000 0.435217 0.501111 0.440435 0.506667 0.444348 0.522222 0.449130 0.533333 0.451304 0.545556 0.451304 0.551111 0.449130 0.554444 0.444783 0.563333 0.440435 0.562222 0.427391 0.546667 0.423913 0.531111 0.423913
0 0.617778 0.411304 0.605556 0.412609 0.584444 0.417391 0.565556 0.427391 0.563333 0.437391 0.566667 0.440870 0.586667 0.446522 0.597778 0.448261 0.608889 0.448261 0.615556 0.446957 0.621111 0.438696 0.630000 0.435217 0.632222 0.432609 0.630000 0.415652 0.624444 0.412174
0 0.505556 0.446087 0.502222 0.447391 0.484444 0.448696 0.471111 0.452174 0.467778 0.460000 0.475556 0.465652 0.492222 0.467826 0.506667 0.468261 0.522222 0.463913 0.523333 0.459130 0.521111 0.456522
0 0.564444 0.447826 0.552222 0.453043 0.544444 0.459130 0.543333 0.463913 0.544444 0.466957 0.561111 0.473913 0.580000 0.478261 0.605556 0.479565 0.623333 0.476957 0.627778 0.475217 0.630000 0.470435 0.623333 0.460870 0.615556 0.456087 0.610000 0.454783 0.608889 0.450870 0.576667 0.446522
0 0.623333 0.437826 0.618889 0.442609 0.618889 0.455217 0.622222 0.458261 0.632222 0.462174 0.651111 0.463913 0.678889 0.463478 0.692222 0.460870 0.706667 0.453478 0.707778 0.446522 0.692222 0.440000 0.675556 0.436522 0.660000 0.434783 0.643333 0.434783 0.630000 0.436087
0 0.734444 0.417391 0.722222 0.419565 0.718889 0.423478 0.711111 0.426087 0.703333 0.435652 0.706667 0.444348 0.713333 0.447826 0.746667 0.451739 0.754444 0.450435 0.766667 0.444348 0.772222 0.439565 0.773333 0.434783 0.765556 0.426522 0.756667 0.423043 0.754444 0.420000 0.744444 0.417826
0 0.794444 0.430870 0.774444 0.434348 0.774444 0.439130 0.763333 0.447391 0.762222 0.450870 0.766667 0.456957 0.780000 0.461739 0.792222 0.463478 0.805556 0.461739 0.833333 0.451304 0.835556 0.448261 0.833333 0.443478 0.825556 0.439565 0.822222 0.435652 0.807778 0.431304
0 0.712222 0.453043 0.704444 0.455217 0.700000 0.458261 0.700000 0.466957 0.711111 0.475217 0.714444 0.484348 0.734444 0.487826 0.742222 0.487826 0.768889 0.483478 0.786667 0.475217 0.788889 0.469130 0.784444 0.465217 0.754444 0.453913 0.741111 0.452609
0 0.664444 0.466522 0.653333 0.468696 0.641111 0.473913 0.636667 0.480870 0.637778 0.486522 0.643333 0.490435 0.660000 0.495652 0.674444 0.496957 0.695556 0.496087 0.704444 0.492609 0.710000 0.486957 0.708889 0.474348 0.694444 0.466522 0.685556 0.465652
0 0.904444 0.446522 0.885556 0.443478 0.872222 0.443478 0.853333 0.445217 0.840000 0.449130 0.835556 0.456087 0.858889 0.468261 0.863333 0.469130 0.875556 0.468261 0.884444 0.466087 0.905556 0.456522 0.908889 0.450000
0 0.843333 0.460000 0.830000 0.459130 0.815556 0.460870 0.796667 0.466957 0.790000 0.472174 0.782222 0.482174 0.787778 0.485217 0.800000 0.488261 0.807778 0.488696 0.850000 0.482174 0.857778 0.477391 0.858889 0.470435 0.854444 0.465652
0 0.912222 0.466957 0.903333 0.466522 0.883333 0.468696 0.874444 0.470435 0.865556 0.474783 0.861111 0.478261 0.861111 0.483478 0.864444 0.486522 0.875556 0.491304 0.896667 0.493043 0.905556 0.490000 0.915556 0.477826 0.915556 0.468261
0 0.812222 0.490000 0.810000 0.493043 0.805556 0.493913 0.802222 0.501739 0.807778 0.506087 0.814444 0.508696 0.824444 0.509130 0.842222 0.511739 0.857778 0.517826 0.875556 0.517826 0.880000 0.499565 0.877778 0.493478 0.872222 0.490000 0.855556 0.484783 0.834444 0.485217
0 0.794444 0.487391 0.785556 0.485217 0.772222 0.484783 0.755556 0.486522 0.734444 0.490870 0.723333 0.494348 0.716667 0.498696 0.715556 0.505217 0.717778 0.507391 0.735556 0.513043 0.754444 0.513913 0.764444 0.515652 0.776667 0.515217 0.791111 0.513043 0.796667 0.510435 0.801111 0.502609 0.798889 0.489565
0 0.841111 0.511304 0.830000 0.510000 0.810000 0.510870 0.793333 0.515652 0.785556 0.521304 0.778889 0.523913 0.777778 0.530870 0.780000 0.533478 0.795556 0.540435 0.803333 0.541739 0.816667 0.540870 0.825556 0.538261 0.841111 0.535652 0.853333 0.529565 0.857778 0.523043 0.856667 0.518696 0.851111 0.514348
0 0.708889 0.517391 0.701111 0.520435 0.696667 0.525652 0.713333 0.540870 0.726667 0.542174 0.746667 0.542174 0.767778 0.537391 0.775556 0.533043 0.776667 0.522174 0.768889 0.517391 0.755556 0.514348 0.733333 0.514348
0 0.702222 0.529565 0.690000 0.526087 0.674444 0.525652 0.664444 0.526957 0.640000 0.535217 0.630000 0.544348 0.631111 0.547826 0.641111 0.550000 0.654444 0.550435 0.673333 0.552609 0.688889 0.552174 0.701111 0.550435 0.705556 0.548261 0.710000 0.542174 0.708889 0.536522
0 0.645556 0.503478 0.633333 0.503913 0.624444 0.505652 0.611111 0.510435 0.606667 0.513478 0.602222 0.521304 0.605556 0.525652 0.615556 0.528696 0.643333 0.531304 0.654444 0.529130 0.665556 0.523043 0.664444 0.513478 0.656667 0.506957
0 0.574444 0.479130 0.551111 0.483478 0.546667 0.485652 0.546667 0.487391 0.552222 0.492609 0.553333 0.498261 0.556667 0.501739 0.573333 0.506087 0.586667 0.507826 0.598889 0.506522 0.608889 0.503913 0.620000 0.495652 0.622222 0.490000 0.618889 0.485652 0.606667 0.481739 0.595556 0.480000
0 0.537778 0.462609 0.524444 0.463043 0.503333 0.469130 0.488889 0.475652 0.486667 0.477826 0.487778 0.481739 0.502222 0.486957 0.520000 0.486957 0.535556 0.485652 0.543333 0.476522 0.543333 0.465652
0 0.435556 0.458261 0.415556 0.461739 0.404444 0.466087 0.403333 0.469130 0.394444 0.473913 0.394444 0.482609 0.414444 0.483913 0.433333 0.488696 0.455556 0.489130 0.463333 0.488261 0.471111 0.486087 0.476667 0.480435 0.477778 0.470000 0.474444 0.464348 0.471111 0.461739 0.461111 0.458696 0.452222 0.457826
0 0.532222 0.486957 0.504444 0.487391 0.496667 0.489565 0.491111 0.493478 0.492222 0.498261 0.502222 0.509565 0.505556 0.511304 0.513333 0.512609 0.525556 0.512609 0.543333 0.506087 0.553333 0.499130 0.550000 0.491304
0 0.538889 0.507826 0.528889 0.512174 0.518889 0.521304 0.520000 0.525652 0.528889 0.529565 0.553333 0.534348 0.578889 0.533913 0.594444 0.536087 0.597778 0.535652 0.601111 0.533478 0.600000 0.520870 0.578889 0.507826 0.565556 0.504348 0.554444 0.504348
0 0.473333 0.494348 0.463333 0.494348 0.454444 0.496087 0.441111 0.500435 0.437778 0.503478 0.436667 0.514348 0.441111 0.517826 0.454444 0.520870 0.467778 0.520870 0.488889 0.519130 0.496667 0.517391 0.501111 0.513043 0.502222 0.509130 0.495556 0.501304 0.484444 0.496522
0 0.393333 0.483913 0.384444 0.485217 0.368889 0.493478 0.363333 0.500000 0.363333 0.505652 0.368889 0.511304 0.378889 0.515217 0.391111 0.517826 0.397778 0.520870 0.407778 0.521739 0.430000 0.512609 0.436667 0.506087 0.438889 0.497826 0.435556 0.491739 0.425556 0.486087 0.415556 0.483913
0 0.348889 0.477391 0.337778 0.475652 0.321111 0.475652 0.296667 0.477826 0.282222 0.482609 0.277778 0.486087 0.278889 0.493478 0.288889 0.503913 0.294444 0.506957 0.312222 0.508696 0.336667 0.508261 0.347778 0.506522 0.358889 0.502609 0.364444 0.495217 0.364444 0.489130 0.362222 0.486087
0 0.254444 0.485217 0.237778 0.486957 0.217778 0.492174 0.210000 0.496087 0.206667 0.502609 0.211111 0.507826 0.220000 0.511739 0.237778 0.516087 0.256667 0.517826 0.262222 0.516087 0.266444 0.513783 0.274000 0.513609 0.278889 0.512609 0.291889 0.509565 0.288778 0.506261 0.283333 0.497826 0.276667 0.490435 0.265556 0.486087
0 0.000000 0.491739 0.000000 0.522174 0.016667 0.522174 0.037778 0.516522 0.050000 0.510000 0.051111 0.505652 0.046667 0.500435 0.025556 0.493478
0 0.141111 0.507826 0.134444 0.510870 0.134444 0.516087 0.141111 0.519130 0.147778 0.526522 0.151111 0.527826 0.163333 0.529130 0.172222 0.531739 0.177778 0.531739 0.203333 0.522609 0.207778 0.518261 0.206667 0.512609 0.195556 0.507391 0.180000 0.506087 0.162222 0.506087
0 0.295556 0.510870 0.287778 0.510870 0.275556 0.513913 0.264444 0.513913 0.260000 0.516957 0.256667 0.521304 0.255556 0.529565 0.258889 0.533478 0.266667 0.536522 0.274444 0.537391 0.305556 0.536522 0.311111 0.535652 0.315556 0.533478 0.314444 0.520435 0.305556 0.514348
0 0.334444 0.510000 0.325556 0.513478 0.316667 0.520870 0.315556 0.533913 0.318889 0.536522 0.333333 0.541304 0.345556 0.541739 0.375556 0.539565 0.382222 0.533043 0.378889 0.530870 0.372222 0.520000 0.346667 0.509130
0 0.380000 0.535652 0.374444 0.540435 0.373333 0.549130 0.382222 0.554348 0.415556 0.556957 0.435556 0.554348 0.442222 0.551739 0.447778 0.544348 0.444444 0.540870 0.433333 0.536957 0.406667 0.532174 0.393333 0.532174
0 0.534444 0.544783 0.534444 0.548696 0.531111 0.552609 0.532222 0.556522 0.542222 0.559565 0.552222 0.560870 0.598889 0.561739 0.615556 0.558261 0.620000 0.553913 0.620000 0.551739 0.614444 0.548696 0.613333 0.545652 0.605556 0.539565 0.581111 0.534783 0.554444 0.534783 0.544444 0.538696
0 0.527778 0.540435 0.521111 0.536957 0.508889 0.535217 0.492222 0.535217 0.480000 0.536957 0.454444 0.545217 0.448889 0.550435 0.435556 0.556522 0.434444 0.560435 0.445556 0.560435 0.455556 0.559130 0.472222 0.561739 0.494444 0.561739 0.523333 0.559130 0.531111 0.553043
0 0.363333 0.583478 0.352222 0.587391 0.348889 0.591739 0.352222 0.603043 0.357778 0.605652 0.373333 0.608261 0.387778 0.608696 0.421111 0.600435 0.424444 0.595217 0.406667 0.587826 0.385556 0.583043 0.371111 0.582609
0 0.426667 0.563043 0.418889 0.560000 0.397778 0.556087 0.370000 0.555217 0.348889 0.556522 0.341111 0.557826 0.334444 0.561739 0.336667 0.574348 0.344444 0.579565 0.353333 0.581304 0.385556 0.581304 0.402222 0.577391 0.411111 0.571739 0.427778 0.564783
0 0.253333 0.567826 0.247778 0.575652 0.247778 0.583913 0.260000 0.589130 0.274444 0.591304 0.296667 0.591304 0.326667 0.588696 0.335556 0.586957 0.338889 0.585217 0.340000 0.579130 0.328889 0.571739 0.305556 0.565652 0.301111 0.564652 0.295556 0.563913 0.272222 0.563043 0.265556 0.563913 0.260000 0.566522
0 0.254444 0.541304 0.248889 0.545652 0.248889 0.553478 0.254444 0.558261 0.264444 0.562174 0.294444 0.563478 0.305556 0.562609 0.316667 0.556087 0.326667 0.552609 0.327778 0.547391 0.315556 0.538261 0.298889 0.536957 0.274444 0.536957
0 0.213333 0.522174 0.201111 0.524348 0.184444 0.530435 0.181111 0.533478 0.181111 0.539130 0.185556 0.548261 0.192222 0.552174 0.214444 0.552174 0.226667 0.553478 0.240000 0.551739 0.245556 0.549565 0.251111 0.541304 0.247778 0.532609 0.242222 0.529130 0.228889 0.524348
0 0.205556 0.553043 0.188889 0.555217 0.158889 0.561739 0.153333 0.564348 0.153333 0.568696 0.164444 0.571304 0.178889 0.577826 0.203333 0.581739 0.223333 0.580000 0.228889 0.576957 0.233333 0.570000 0.233333 0.563478 0.226667 0.556957 0.216667 0.553913
0 0.140000 0.530870 0.126667 0.534783 0.117778 0.540435 0.116667 0.546522 0.118889 0.549565 0.128889 0.554348 0.153333 0.559565 0.166667 0.559130 0.177778 0.555652 0.183333 0.551739 0.184444 0.547826 0.181111 0.540000 0.176667 0.536522 0.165556 0.532174 0.155556 0.530435
0 0.137778 0.518261 0.131111 0.517391 0.110000 0.517391 0.090000 0.521304 0.085556 0.525217 0.087778 0.529565 0.095556 0.537826 0.102222 0.540435 0.105556 0.540870 0.112222 0.539565 0.140000 0.529130 0.143333 0.521304
0 0.075556 0.513913 0.066667 0.516522 0.044444 0.516957 0.033333 0.518696 0.022222 0.523043 0.013333 0.528696 0.012222 0.533478 0.014444 0.538696 0.022222 0.542174 0.051111 0.548696 0.064444 0.547826 0.072222 0.544783 0.080000 0.543478 0.086667 0.531739 0.086667 0.520435 0.084444 0.517391
0 0.073333 0.544783 0.066667 0.546522 0.057778 0.551739 0.054444 0.557826 0.056667 0.565652 0.062222 0.567391 0.093333 0.571739 0.105556 0.571304 0.117778 0.569565 0.130000 0.561739 0.128889 0.555652 0.121111 0.550000 0.105556 0.543478
0 0.000000 0.541739 0.000000 0.573913 0.005556 0.573913 0.032222 0.570435 0.046667 0.566087 0.047778 0.563043 0.045556 0.556957 0.032222 0.550435 0.027778 0.545217 0.014444 0.542609
0 0.000000 0.575217 0.000000 0.602609 0.005556 0.602609 0.012222 0.600435 0.020000 0.600000 0.024444 0.598696 0.027778 0.591304 0.025556 0.586522 0.011111 0.578696 0.008889 0.576087
0 0.053333 0.567826 0.044444 0.568696 0.031111 0.573478 0.022222 0.579565 0.023333 0.583913 0.030000 0.590000 0.048889 0.596087 0.066667 0.598696 0.086667 0.595652 0.098889 0.592174 0.106667 0.580000 0.100000 0.575652 0.088889 0.571739 0.071111 0.568696
0 0.126667 0.570870 0.120000 0.573478 0.108889 0.581304 0.107778 0.585217 0.111111 0.590000 0.126667 0.596522 0.133333 0.597826 0.153333 0.599565 0.167778 0.599130 0.176667 0.597826 0.181111 0.595217 0.183333 0.589565 0.183333 0.582174 0.177778 0.577391 0.165556 0.571739 0.156667 0.569565 0.134444 0.569130
0 0.245556 0.583913 0.226667 0.581304 0.210000 0.581739 0.196667 0.583043 0.186667 0.586957 0.183333 0.591304 0.185556 0.597826 0.205556 0.608696 0.222222 0.608696 0.254444 0.599565 0.257778 0.591304 0.254444 0.587391
0 0.276667 0.594348 0.271111 0.598696 0.272222 0.602609 0.297778 0.610870 0.307778 0.616957 0.325556 0.618261 0.337778 0.614348 0.350000 0.604348 0.348889 0.598261 0.338889 0.593478 0.325556 0.591304 0.302222 0.591304
0 0.224444 0.608696 0.223333 0.611739 0.226667 0.616522 0.234444 0.620870 0.240000 0.622174 0.286667 0.622174 0.303333 0.617391 0.304444 0.615217 0.297778 0.610000 0.268889 0.602174 0.257778 0.601304 0.246667 0.602174
0 0.173333 0.624783 0.171111 0.626957 0.174444 0.631739 0.182222 0.634783 0.218889 0.637391 0.226667 0.636957 0.233333 0.633913 0.234444 0.623043 0.231111 0.619130 0.225556 0.616522 0.203333 0.615652 0.186667 0.619565
0 0.238889 0.628696 0.235556 0.635652 0.244444 0.643478 0.252222 0.646522 0.281111 0.648696 0.292222 0.648261 0.298889 0.646522 0.305556 0.641304 0.306667 0.633478 0.293333 0.625652 0.284444 0.623478 0.277778 0.623043 0.254444 0.623478
0 0.334444 0.637391 0.304444 0.643478 0.297778 0.649565 0.297778 0.654783 0.303333 0.659130 0.312222 0.662174 0.346667 0.664783 0.362222 0.661739 0.372222 0.653913 0.365556 0.646522 0.355556 0.640435 0.345556 0.638261
0 0.394444 0.616087 0.387778 0.613043 0.376667 0.610870 0.362222 0.610870 0.342222 0.613043 0.321111 0.619130 0.316667 0.621739 0.315556 0.625652 0.310000 0.630435 0.313333 0.636087 0.321111 0.637391 0.334444 0.636957 0.345556 0.637826 0.361111 0.640870 0.382222 0.639130 0.398889 0.631304 0.400000 0.621739
0 0.186667 0.600000 0.172222 0.599130 0.156667 0.600000 0.150000 0.601304 0.135556 0.611739 0.134444 0.616087 0.136667 0.617826 0.162222 0.624348 0.168889 0.624783 0.175556 0.623913 0.192222 0.618261 0.204444 0.615652 0.206667 0.610870 0.193333 0.602174
0 0.073333 0.598261 0.062222 0.602609 0.060000 0.607826 0.077778 0.620435 0.094444 0.622609 0.107778 0.622609 0.115556 0.621304 0.128889 0.616522 0.133333 0.611304 0.131111 0.603043 0.125556 0.599130 0.105556 0.596087 0.084444 0.596522
0 0.026667 0.600435 0.014444 0.601304 0.006667 0.603043 0.000000 0.603043 0.000000 0.630870 0.013333 0.632174 0.026667 0.632174 0.035556 0.630870 0.047778 0.626957 0.055556 0.626522 0.065556 0.623478 0.068889 0.619565 0.067778 0.616087 0.057778 0.606957 0.047778 0.603478
0 0.123333 0.621304 0.104444 0.626087 0.096667 0.630870 0.096667 0.634783 0.101111 0.638696 0.115556 0.645217 0.132222 0.647826 0.146667 0.647391 0.160000 0.643043 0.170000 0.633913 0.170000 0.629565 0.166667 0.626522 0.155556 0.622609 0.143333 0.621304
0 0.084444 0.629565 0.076667 0.627826 0.053333 0.628261 0.044444 0.632174 0.024444 0.634348 0.014444 0.638261 0.016667 0.643913 0.022222 0.646957 0.043333 0.651739 0.077778 0.650870 0.092222 0.646522 0.094444 0.643478 0.093333 0.634783
0 0.216667 0.650870 0.212222 0.654348 0.231111 0.660870 0.247778 0.671739 0.265556 0.672609 0.278889 0.670000 0.288889 0.662174 0.291111 0.658261 0.285556 0.650435 0.265556 0.649130 0.224444 0.648696
0 0.224444 0.638261 0.200000 0.636087 0.186667 0.636087 0.176667 0.637391 0.157778 0.646087 0.163333 0.653043 0.167778 0.655217 0.183333 0.657391 0.206667 0.653913 0.223333 0.646522 0.226667 0.642609
0 0.086667 0.650435 0.083333 0.655217 0.090000 0.666087 0.095556 0.667826 0.098889 0.670870 0.104444 0.671739 0.114444 0.676522 0.135556 0.678261 0.144444 0.677391 0.158889 0.673043 0.162222 0.669565 0.168889 0.666522 0.170000 0.662174 0.157778 0.655652 0.122222 0.648261 0.114444 0.647826
0 0.047778 0.653478 0.034444 0.656087 0.024444 0.661304 0.024444 0.670435 0.032222 0.676957 0.040000 0.680870 0.074444 0.689565 0.085556 0.689565 0.090000 0.686087 0.093333 0.676522 0.093333 0.669130 0.088889 0.661739 0.075556 0.654348 0.066667 0.653043
0 0.000000 0.679565 0.000000 0.701304 0.004444 0.701304 0.025556 0.707826 0.051111 0.693913 0.047778 0.683043 0.044444 0.681304 0.035556 0.680000 0.017778 0.679130
0 0.202222 0.655652 0.183333 0.660000 0.174444 0.664348 0.165556 0.673043 0.165556 0.681304 0.172222 0.685217 0.182222 0.687391 0.226667 0.688261 0.233333 0.686957 0.243333 0.682609 0.246667 0.678261 0.245556 0.670435 0.240000 0.665652 0.225556 0.658696 0.216667 0.656087
0 0.523333 0.573478 0.521111 0.576522 0.524444 0.579130 0.540000 0.586087 0.553333 0.589130 0.570000 0.589565 0.585556 0.588696 0.593333 0.586957 0.600000 0.583913 0.602222 0.577391 0.601111 0.568261 0.598889 0.566087 0.590000 0.563043 0.581111 0.562174 0.554444 0.562609 0.553333 0.564348 0.546667 0.566957
0 0.612222 0.562174 0.608889 0.567826 0.611111 0.571739 0.621111 0.576522 0.634444 0.579565 0.663333 0.582174 0.685556 0.581739 0.705556 0.576957 0.705556 0.574348 0.700000 0.571304 0.698889 0.568261 0.688889 0.560870 0.665556 0.552609 0.656667 0.550870 0.634444 0.550000 0.623333 0.554783
0 0.716667 0.546087 0.710000 0.548696 0.712222 0.559565 0.724444 0.569565 0.732222 0.573043 0.744444 0.574348 0.754444 0.573478 0.783333 0.565217 0.785556 0.560870 0.784444 0.556522 0.780000 0.552609 0.771111 0.548696 0.748889 0.544348 0.733333 0.544348
0 0.851111 0.537826 0.832222 0.537826 0.810000 0.543478 0.803333 0.547391 0.798889 0.556087 0.804444 0.560435 0.823333 0.563043 0.840000 0.563478 0.856667 0.561304 0.866667 0.557391 0.871111 0.553043 0.870000 0.544783 0.861111 0.540000
0 0.396667 0.606957 0.391111 0.610870 0.392222 0.614783 0.404444 0.623913 0.430000 0.630435 0.444444 0.632609 0.454444 0.631739 0.464444 0.626087 0.467778 0.620000 0.468889 0.613478 0.464444 0.608696 0.453333 0.605652 0.433333 0.603913 0.414444 0.603913
0 0.470000 0.578261 0.464444 0.580000 0.461111 0.583478 0.460000 0.590000 0.454444 0.596957 0.454444 0.603043 0.462222 0.606957 0.474444 0.609130 0.495556 0.606087 0.505556 0.606522 0.512222 0.605652 0.514444 0.604348 0.513333 0.596957 0.492222 0.580000 0.486667 0.578261
0 0.494444 0.606522 0.484444 0.608696 0.472222 0.614348 0.468889 0.624348 0.471111 0.627826 0.476667 0.630870 0.494444 0.634783 0.507778 0.634783 0.520000 0.631739 0.531111 0.626957 0.534444 0.623913 0.534444 0.618696 0.524444 0.610000 0.505556 0.606957
0 0.551111 0.619130 0.542222 0.624783 0.535556 0.633043 0.535556 0.635652 0.541111 0.640435 0.562222 0.646957 0.586667 0.647826 0.598889 0.646522 0.603333 0.644348 0.608889 0.635217 0.605556 0.625652 0.602222 0.622609 0.586667 0.617391 0.578889 0.616522 0.570000 0.616522
0 0.565556 0.592174 0.553333 0.592174 0.534444 0.595217 0.527778 0.597826 0.521111 0.602609 0.522222 0.606522 0.533333 0.616087 0.541111 0.617826 0.557778 0.617826 0.576667 0.615217 0.582222 0.612609 0.587778 0.607391 0.587778 0.601739 0.584444 0.599130 0.572222 0.593478
0 0.612222 0.583913 0.600000 0.587826 0.594444 0.594783 0.593333 0.607391 0.597778 0.611304 0.603333 0.613478 0.614444 0.615217 0.633333 0.614348 0.656667 0.611739 0.665556 0.606957 0.666667 0.599565 0.655556 0.589130 0.647778 0.585652 0.636667 0.583478
0 0.684444 0.584783 0.681111 0.589565 0.673333 0.595217 0.672222 0.600870 0.681111 0.610435 0.691111 0.615217 0.708889 0.616087 0.724444 0.614348 0.750000 0.607391 0.751111 0.601739 0.748889 0.598261 0.740000 0.593043 0.717778 0.586522 0.696667 0.584348
0 0.805556 0.565652 0.784444 0.566087 0.752222 0.574783 0.744444 0.580435 0.742222 0.583913 0.744444 0.591304 0.755556 0.596957 0.768889 0.600435 0.784444 0.600870 0.796667 0.599130 0.810000 0.595652 0.822222 0.588696 0.826667 0.580870 0.825556 0.575217 0.820000 0.570000
0 0.885556 0.576522 0.876667 0.575652 0.865556 0.576087 0.854444 0.577826 0.844444 0.581739 0.838889 0.586957 0.838889 0.594783 0.842222 0.597826 0.850000 0.600870 0.863333 0.602174 0.877778 0.601739 0.890000 0.600000 0.895556 0.597391 0.900000 0.591739 0.900000 0.583478
0 0.792222 0.602174 0.781111 0.602174 0.772222 0.603478 0.763333 0.606957 0.758889 0.611304 0.757778 0.615217 0.761111 0.618696 0.775556 0.625217 0.784444 0.626522 0.805556 0.623043 0.818889 0.616087 0.817778 0.613043 0.811111 0.609565 0.810000 0.607391 0.805556 0.605217
0 0.866667 0.616087 0.846667 0.616522 0.836667 0.617826 0.824444 0.623043 0.822222 0.626522 0.826667 0.642609 0.844444 0.647826 0.851111 0.648261 0.854444 0.650435 0.856667 0.650435 0.861111 0.646522 0.871111 0.645217 0.886667 0.640435 0.891111 0.634348 0.890000 0.625652 0.885556 0.620870 0.875556 0.616957
0 0.802222 0.627391 0.794444 0.627826 0.775556 0.631739 0.762222 0.638261 0.762222 0.642609 0.768889 0.644783 0.772222 0.647391 0.791111 0.648696 0.805556 0.651304 0.815556 0.649130 0.820000 0.646522 0.823333 0.642609 0.823333 0.636957 0.818889 0.629565 0.815556 0.628261
0 0.760000 0.619130 0.747778 0.614783 0.737778 0.613913 0.702222 0.618696 0.686667 0.623478 0.677778 0.633043 0.680000 0.638261 0.693333 0.639565 0.707778 0.643043 0.731111 0.643913 0.748889 0.642609 0.758889 0.639565 0.765556 0.630870
0 0.656667 0.613043 0.634444 0.614783 0.613333 0.623043 0.610000 0.626957 0.611111 0.632609 0.624444 0.638696 0.632222 0.640435 0.655556 0.642174 0.667778 0.639130 0.676667 0.631304 0.680000 0.624348 0.676667 0.619565 0.663333 0.614348
0 0.666667 0.645652 0.625556 0.641304 0.607778 0.644783 0.601111 0.648261 0.601111 0.655217 0.605556 0.662174 0.614444 0.665217 0.627778 0.666087 0.666667 0.659130 0.674444 0.654783 0.674444 0.650435
0 0.538889 0.641304 0.521111 0.641739 0.503333 0.645652 0.492222 0.650000 0.485556 0.655652 0.478889 0.658261 0.478889 0.662174 0.503000 0.667348 0.507667 0.669000 0.512222 0.670000 0.520000 0.671304 0.536667 0.670870 0.554444 0.666087 0.562222 0.662174 0.562222 0.650435 0.558889 0.646522
0 0.494444 0.666087 0.480000 0.664783 0.462222 0.666087 0.454444 0.670435 0.451111 0.676522 0.453333 0.683043 0.457778 0.686087 0.464444 0.687391 0.483333 0.686957 0.502222 0.683478 0.512222 0.680000 0.514444 0.678261 0.513333 0.673913 0.510000 0.671304
0 0.397778 0.633043 0.385556 0.640000 0.382222 0.645217 0.384444 0.652609 0.393333 0.657391 0.410000 0.659565 0.430000 0.659565 0.451111 0.656087 0.457778 0.653478 0.461111 0.648696 0.458889 0.642609 0.455556 0.639130 0.441111 0.632609 0.427778 0.630435 0.414444 0.630435
0 0.397778 0.659130 0.372222 0.660435 0.362222 0.662609 0.353333 0.667391 0.355556 0.677826 0.371111 0.686522 0.376667 0.688261 0.386667 0.688261 0.395556 0.685652 0.408889 0.684783 0.415556 0.682174 0.418889 0.673043 0.415556 0.666087 0.405556 0.660870
0 0.296667 0.661739 0.292222 0.663043 0.287778 0.666957 0.287778 0.671739 0.293333 0.680870 0.314444 0.689565 0.326667 0.689565 0.347778 0.682174 0.353333 0.677826 0.350000 0.670435 0.334444 0.665217 0.305556 0.661739
0 0.255556 0.686522 0.244444 0.693043 0.245556 0.696957 0.252222 0.702609 0.272222 0.710870 0.304444 0.717391 0.310000 0.716522 0.315556 0.713478 0.320000 0.706957 0.318889 0.700000 0.311111 0.693043 0.311111 0.689130 0.305556 0.686087 0.285556 0.681739
0 0.451111 0.684783 0.425556 0.683043 0.413333 0.683478 0.410000 0.684783 0.399444 0.686652 0.390333 0.689913 0.382556 0.692957 0.394444 0.706087 0.401111 0.709565 0.411111 0.710435 0.427778 0.709565 0.458889 0.698261 0.458889 0.689130
0 0.602222 0.664783 0.585556 0.661304 0.573333 0.661739 0.558889 0.664783 0.540000 0.670870 0.535556 0.673913 0.533333 0.677391 0.533333 0.683043 0.540000 0.686522 0.553333 0.688696 0.585556 0.688696 0.603333 0.686087 0.608889 0.682609 0.608889 0.669565 0.604444 0.667826
0 0.614444 0.670870 0.612222 0.674783 0.612222 0.681739 0.616667 0.686522 0.632222 0.693478 0.655556 0.694348 0.667778 0.688696 0.678889 0.681304 0.676667 0.675217 0.668889 0.671304 0.645556 0.666522 0.625556 0.667826
0 0.724444 0.644348 0.702222 0.643478 0.693333 0.645217 0.680000 0.650435 0.671111 0.660435 0.671111 0.670000 0.678889 0.674783 0.694444 0.676522 0.706667 0.676087 0.723333 0.673913 0.735556 0.669565 0.741111 0.654348 0.735556 0.649130
0 0.791111 0.650000 0.768889 0.650000 0.753333 0.656087 0.745556 0.665217 0.748889 0.678261 0.744444 0.682174 0.750000 0.683913 0.756667 0.684348 0.775556 0.682174 0.795556 0.675652 0.813333 0.672609 0.817778 0.670000 0.818889 0.664348 0.814444 0.657391
0 0.834444 0.665652 0.838889 0.669565 0.852222 0.671304 0.880000 0.676957 0.897778 0.677391 0.905556 0.676522 0.913333 0.673913 0.916667 0.670000 0.917778 0.661739 0.913333 0.656522 0.906667 0.653043 0.896667 0.651304 0.882222 0.651304 0.864444 0.653478 0.851111 0.658261 0.845556 0.663478 0.841111 0.665217
0 0.517778 0.687826 0.514444 0.691739 0.513333 0.698261 0.517778 0.702609 0.533333 0.707826 0.544444 0.710000 0.563333 0.709130 0.572222 0.710000 0.586667 0.709565 0.591111 0.706522 0.596667 0.697826 0.594444 0.692609 0.590000 0.690435 0.574444 0.689130 0.557778 0.689130 0.533333 0.686522 0.522222 0.686522
0 0.534444 0.717391 0.531111 0.724348 0.533333 0.727826 0.558889 0.737826 0.568889 0.739130 0.586667 0.739130 0.602222 0.736522 0.604444 0.728696 0.603333 0.722174 0.598889 0.718261 0.583333 0.712174 0.562222 0.709565
0 0.595556 0.701739 0.596667 0.708261 0.610000 0.715652 0.625556 0.719130 0.653333 0.718261 0.680000 0.709565 0.670000 0.701739 0.653333 0.695652 0.646667 0.694783 0.622222 0.694348 0.614444 0.695217 0.601111 0.698261
0 0.684444 0.680870 0.677778 0.684348 0.670000 0.692174 0.671111 0.701304 0.675556 0.705217 0.684444 0.709130 0.725556 0.707826 0.732222 0.701739 0.732222 0.693043 0.726667 0.686522 0.715556 0.682174 0.694444 0.679130
0 0.833333 0.670000 0.828889 0.671739 0.823333 0.676957 0.822222 0.682609 0.841111 0.699565 0.856667 0.705652 0.872222 0.706087 0.881111 0.704783 0.905556 0.695217 0.905556 0.689565 0.901111 0.685652 0.886667 0.678696 0.874444 0.675652
0 0.682222 0.710870 0.658889 0.720435 0.675556 0.733043 0.681111 0.734783 0.698889 0.736957 0.720000 0.736957 0.733333 0.734783 0.750000 0.725217 0.750000 0.720000 0.745556 0.714783 0.725556 0.709565 0.713333 0.708696 0.696667 0.708696
0 0.624444 0.721304 0.606667 0.728261 0.606667 0.732609 0.614444 0.739130 0.642222 0.747391 0.652222 0.748261 0.664444 0.747826 0.670000 0.735217 0.670000 0.730870 0.666667 0.727391 0.660000 0.723478 0.648889 0.720000 0.634444 0.719565
0 0.774444 0.683913 0.766667 0.685217 0.761111 0.687826 0.755556 0.696087 0.755556 0.701739 0.761111 0.709130 0.768889 0.713478 0.775556 0.715217 0.802222 0.713043 0.822222 0.703913 0.822222 0.698696 0.818889 0.692174 0.812222 0.689130 0.795556 0.685652
0 0.832222 0.701304 0.825556 0.702609 0.817778 0.707826 0.801111 0.714783 0.796667 0.720000 0.797778 0.724783 0.806667 0.728261 0.816667 0.729565 0.834444 0.730435 0.853333 0.729565 0.861111 0.726087 0.865556 0.721304 0.863333 0.713478 0.856667 0.707826 0.845556 0.701739
0 0.893333 0.714783 0.886667 0.715652 0.867778 0.722174 0.860000 0.727826 0.860000 0.731739 0.864444 0.736087 0.873333 0.739130 0.888889 0.740870 0.905556 0.740870 0.915556 0.739565 0.922222 0.736957 0.925556 0.732174 0.922222 0.730000 0.917778 0.721739 0.907778 0.716087
0 0.783333 0.719565 0.774444 0.720000 0.755556 0.723913 0.740000 0.732174 0.737778 0.736522 0.743333 0.743043 0.754444 0.747391 0.774444 0.750000 0.786667 0.750435 0.794444 0.748696 0.803333 0.743478 0.805556 0.731304 0.801111 0.726957 0.791111 0.721304
0 0.812222 0.740000 0.797778 0.748261 0.796667 0.753043 0.801111 0.760000 0.812222 0.763913 0.834444 0.766522 0.867778 0.764783 0.873333 0.760870 0.873333 0.753478 0.871111 0.748696 0.857778 0.740870 0.845556 0.736957 0.837778 0.736087 0.824444 0.736957
0 0.733333 0.755652 0.731111 0.767826 0.734444 0.770870 0.740000 0.772609 0.770000 0.772609 0.796667 0.770435 0.808889 0.767826 0.807778 0.763913 0.802222 0.762174 0.793333 0.755652 0.783333 0.752174 0.765556 0.749130 0.753333 0.748696 0.743333 0.750435
0 0.731111 0.743913 0.703333 0.738261 0.694444 0.737826 0.686667 0.740000 0.678889 0.744348 0.676667 0.751739 0.676667 0.762609 0.680000 0.765652 0.687778 0.766087 0.707778 0.763478 0.735556 0.753913 0.737778 0.752174 0.736667 0.746957
0 0.645556 0.750435 0.632222 0.753478 0.616667 0.759565 0.613333 0.763478 0.614444 0.767391 0.621111 0.769565 0.623333 0.771739 0.640000 0.773913 0.653333 0.778261 0.665556 0.777826 0.676667 0.771739 0.681111 0.767391 0.675556 0.760000 0.667778 0.753913 0.656667 0.750000
0 0.538889 0.744348 0.536667 0.748696 0.542222 0.756087 0.563333 0.763913 0.578889 0.766957 0.597778 0.767391 0.606667 0.766087 0.615556 0.761304 0.621111 0.754348 0.621111 0.748696 0.617778 0.745217 0.613333 0.743478 0.591111 0.740435 0.567778 0.739565 0.554444 0.740870
0 0.498889 0.696957 0.487778 0.696087 0.468889 0.696957 0.453333 0.701304 0.442222 0.707826 0.438889 0.716087 0.441111 0.721739 0.462222 0.729130 0.478889 0.730435 0.495556 0.728261 0.506667 0.724783 0.513333 0.719565 0.517778 0.713913 0.517778 0.708696 0.508889 0.700870
0 0.353333 0.688261 0.335556 0.693043 0.323333 0.699130 0.318889 0.709565 0.318889 0.716087 0.323333 0.721304 0.332222 0.724783 0.341111 0.725652 0.355556 0.725217 0.365556 0.726522 0.377778 0.725217 0.388889 0.722174 0.393333 0.718261 0.395556 0.709130 0.387778 0.698261 0.382222 0.694783 0.365556 0.688696
0 0.445556 0.724348 0.431111 0.722609 0.394444 0.723043 0.373333 0.726087 0.367778 0.728261 0.365556 0.732609 0.371111 0.742174 0.378889 0.746957 0.394444 0.750435 0.404444 0.751304 0.437778 0.748261 0.448889 0.743043 0.456667 0.735652 0.455556 0.728696
0 0.475556 0.736087 0.464444 0.740435 0.454444 0.746957 0.454444 0.749565 0.467778 0.754783 0.470000 0.764348 0.474444 0.765217 0.497778 0.765652 0.518889 0.763913 0.537778 0.756522 0.537778 0.750870 0.531111 0.743913 0.524444 0.740000 0.507778 0.736087 0.496667 0.734783 0.484444 0.734783
0 0.451111 0.750000 0.426667 0.749565 0.407778 0.751739 0.395556 0.755652 0.392222 0.759130 0.392222 0.764348 0.398889 0.770435 0.405556 0.773043 0.424444 0.776087 0.435556 0.776087 0.447778 0.774348 0.461111 0.770435 0.467778 0.764783 0.468889 0.756087 0.463333 0.752174
0 0.326667 0.762609 0.323333 0.766957 0.324444 0.769130 0.327778 0.770435 0.351111 0.773913 0.364444 0.778261 0.384444 0.777826 0.393333 0.775217 0.397778 0.772174 0.387778 0.760000 0.375556 0.755652 0.365556 0.754348 0.356667 0.754783
0 0.353333 0.729565 0.331111 0.728696 0.320000 0.730000 0.290000 0.741739 0.287778 0.744783 0.288889 0.750000 0.292222 0.752609 0.312222 0.759130 0.326667 0.760870 0.341111 0.758261 0.361111 0.752609 0.366667 0.744348 0.364444 0.734783 0.362222 0.732174
0 0.236667 0.713913 0.233333 0.716087 0.233333 0.725652 0.236667 0.730435 0.245556 0.732174 0.273333 0.740870 0.286667 0.741739 0.292222 0.740435 0.310000 0.732174 0.313333 0.729130 0.313333 0.723913 0.307778 0.719130 0.277778 0.712609 0.266667 0.711304
0 0.185556 0.687826 0.180000 0.690435 0.175556 0.696087 0.167778 0.700870 0.170000 0.704783 0.183333 0.710870 0.194444 0.713478 0.213333 0.715652 0.227778 0.714348 0.242222 0.709130 0.245556 0.705652 0.242222 0.701739 0.243333 0.696087 0.241111 0.693913 0.218889 0.688261 0.210000 0.687391
0 0.164444 0.714348 0.155556 0.717391 0.150000 0.723478 0.151111 0.733478 0.155556 0.736087 0.166667 0.737391 0.176667 0.740870 0.186667 0.741304 0.203333 0.739565 0.218889 0.736522 0.230000 0.733043 0.233333 0.729565 0.232222 0.723478 0.217778 0.717391 0.188889 0.713043
0 0.246667 0.733478 0.236667 0.733478 0.211111 0.737826 0.200000 0.740435 0.193333 0.744783 0.192222 0.751739 0.198889 0.757826 0.224444 0.766087 0.245556 0.765652 0.258889 0.760435 0.264444 0.756522 0.265556 0.748261 0.268889 0.744783 0.267778 0.740000
0 0.114444 0.680435 0.103333 0.681304 0.096667 0.683913 0.090000 0.690000 0.090000 0.699130 0.094444 0.705217 0.105556 0.710435 0.123333 0.711304 0.147778 0.707826 0.158889 0.702609 0.158889 0.698261 0.154444 0.693043 0.143333 0.686957 0.132222 0.683043
0 0.052222 0.696522 0.040000 0.700870 0.031111 0.707391 0.030000 0.711739 0.034444 0.716957 0.046667 0.720870 0.053333 0.721739 0.076667 0.721739 0.096667 0.713913 0.097778 0.708696 0.088889 0.703043 0.073333 0.696957
0 0.000000 0.702609 0.000000 0.732609 0.023333 0.732609 0.030000 0.730870 0.035556 0.725652 0.033333 0.716522 0.022222 0.708261 0.005556 0.702609
0 0.125556 0.712609 0.113333 0.711739 0.105556 0.713043 0.081111 0.722609 0.075556 0.728261 0.074444 0.737391 0.077778 0.739565 0.106667 0.742609 0.116667 0.741739 0.138889 0.737391 0.148889 0.729565 0.148889 0.724348 0.140000 0.718261
0 0.165556 0.737391 0.151111 0.736957 0.116667 0.742609 0.110000 0.746087 0.108889 0.749565 0.112222 0.758261 0.136667 0.765652 0.144444 0.766522 0.155556 0.766087 0.176667 0.757391 0.178889 0.752174 0.177778 0.743043 0.174444 0.740435
0 0.000000 0.733913 0.000000 0.756957 0.027778 0.754783 0.032222 0.753478 0.043333 0.745652 0.048889 0.744348 0.051111 0.740000 0.041111 0.736087 0.021111 0.733913
0 0.095556 0.742174 0.082222 0.740435 0.074444 0.740435 0.066667 0.742609 0.051111 0.743913 0.040000 0.748696 0.036667 0.751739 0.038889 0.759565 0.043333 0.762609 0.058889 0.767826 0.066667 0.768261 0.074444 0.766957 0.088889 0.761304 0.096667 0.760000 0.104444 0.755217 0.106667 0.752609 0.105556 0.746957 0.102222 0.744348
0 0.013333 0.756087 0.000000 0.757826 0.000000 0.789130 0.006667 0.789130 0.013333 0.791739 0.025556 0.793043 0.032222 0.788261 0.048889 0.780870 0.050000 0.774783 0.047778 0.767391 0.042222 0.762609 0.030000 0.756957 0.025556 0.756087
0 0.104444 0.759130 0.094444 0.760870 0.077778 0.766957 0.071111 0.770870 0.068889 0.776087 0.072222 0.780000 0.086667 0.784783 0.095556 0.790435 0.104444 0.791304 0.118889 0.790870 0.132222 0.789130 0.142222 0.785652 0.147778 0.781304 0.147778 0.774348 0.135556 0.766087 0.115556 0.760000
0 0.176667 0.759565 0.155556 0.766957 0.150000 0.773478 0.147778 0.783913 0.152222 0.786087 0.163333 0.788696 0.182222 0.788696 0.193333 0.790000 0.205556 0.789565 0.221111 0.785652 0.228889 0.782174 0.226667 0.770870 0.220000 0.765652 0.205556 0.760435 0.198889 0.759565
0 0.154444 0.788696 0.144444 0.791304 0.140000 0.793913 0.138889 0.799565 0.143333 0.807826 0.148889 0.810870 0.161111 0.813478 0.177778 0.813478 0.183333 0.811739 0.194444 0.804348 0.198889 0.803043 0.201111 0.799130 0.196667 0.792609 0.183333 0.790000
0 0.264444 0.794348 0.256667 0.787391 0.244444 0.783478 0.225556 0.784783 0.204444 0.791739 0.202222 0.796087 0.204444 0.800000 0.245556 0.803043 0.260000 0.799565
0 0.295556 0.754348 0.273333 0.755652 0.246667 0.766957 0.242222 0.772174 0.242222 0.779130 0.246667 0.783478 0.254444 0.785652 0.275556 0.783478 0.295556 0.783043 0.306667 0.780870 0.315556 0.776522 0.321111 0.771739 0.318889 0.763478
0 0.324444 0.770870 0.311111 0.781304 0.311111 0.791739 0.324444 0.796522 0.334444 0.797826 0.345556 0.797826 0.360000 0.795652 0.368889 0.788696 0.363333 0.778696 0.356667 0.775217 0.336667 0.771304
0 0.406667 0.776087 0.384444 0.780870 0.382222 0.788261 0.384444 0.790435 0.396667 0.795217 0.415556 0.796522 0.423333 0.794348 0.428889 0.790000 0.436667 0.787391 0.438889 0.782609 0.426667 0.777391
0 0.583333 0.775652 0.576667 0.778261 0.574444 0.781304 0.573333 0.794783 0.576667 0.797826 0.587778 0.800870 0.600000 0.802174 0.614444 0.802174 0.642222 0.799565 0.647778 0.796957 0.656667 0.788261 0.655556 0.782609 0.646667 0.776522 0.641111 0.774783 0.625556 0.772609 0.601111 0.773043
0 0.517778 0.790000 0.516667 0.795217 0.536667 0.807826 0.548889 0.809130 0.566667 0.808261 0.575556 0.804348 0.576667 0.800870 0.568889 0.794783 0.551111 0.791304 0.548889 0.790000 0.536667 0.788261 0.523333 0.788261
0 0.578889 0.768261 0.555556 0.762609 0.532222 0.763478 0.516667 0.766522 0.508889 0.772174 0.517778 0.785217 0.533333 0.788261 0.547778 0.788261 0.556667 0.786957 0.566667 0.783478 0.580000 0.774783 0.581111 0.770000
0 0.450000 0.773478 0.445556 0.775652 0.440000 0.782609 0.441111 0.788261 0.447778 0.791304 0.483333 0.794783 0.500000 0.794348 0.507778 0.792174 0.512222 0.788696 0.512222 0.781739 0.507778 0.774783 0.498889 0.770435 0.486667 0.768261 0.474444 0.768261
0 0.444444 0.791304 0.437778 0.793478 0.424444 0.795652 0.422222 0.798261 0.423333 0.806087 0.431111 0.810435 0.442222 0.814348 0.455556 0.814783 0.465556 0.812609 0.480000 0.806957 0.483333 0.803043 0.483333 0.796957 0.480000 0.794783 0.457778 0.793478
0 0.493333 0.802609 0.464444 0.813913 0.464444 0.818696 0.476667 0.826522 0.504444 0.828696 0.520000 0.827826 0.525556 0.826522 0.531111 0.822609 0.535556 0.814348 0.518889 0.803913 0.506667 0.802174
0 0.561111 0.831739 0.546667 0.829130 0.533333 0.828261 0.512222 0.829565 0.486667 0.833478 0.481111 0.836522 0.481111 0.841739 0.490000 0.850435 0.503333 0.855217 0.510000 0.856087 0.536667 0.854783 0.548889 0.852174 0.564444 0.840870 0.565556 0.834783
0 0.543333 0.810870 0.536667 0.814348 0.534444 0.820000 0.535556 0.826522 0.546667 0.828261 0.576667 0.829565 0.588889 0.826522 0.593333 0.822609 0.594444 0.818696 0.593333 0.813913 0.591111 0.813043 0.585556 0.812609 0.575556 0.809565 0.568889 0.809130
0 0.606667 0.804348 0.597778 0.809565 0.594444 0.813913 0.594444 0.818696 0.601111 0.823043 0.622222 0.827826 0.643333 0.827391 0.658889 0.825652 0.663333 0.823913 0.664444 0.820000 0.668889 0.816957 0.668889 0.813478 0.664444 0.808696 0.655556 0.804783 0.640000 0.801739 0.621111 0.802174
0 0.674444 0.789130 0.653333 0.794783 0.654444 0.803043 0.668889 0.810000 0.674444 0.814783 0.694444 0.818261 0.705556 0.818261 0.730000 0.810435 0.735556 0.806957 0.733333 0.802609 0.725556 0.796087 0.705556 0.799565 0.694444 0.792174
0 0.706667 0.765217 0.694444 0.766087 0.682222 0.768696 0.675556 0.771304 0.672222 0.775217 0.672222 0.779130 0.677778 0.787391 0.687778 0.791304 0.701111 0.793478 0.704444 0.794783 0.704444 0.797826 0.706667 0.796087 0.715556 0.795652 0.723333 0.792609 0.734444 0.790435 0.743333 0.783478 0.735556 0.771739 0.718889 0.766522
0 0.785556 0.777391 0.754444 0.780435 0.744444 0.783478 0.736667 0.790870 0.733333 0.799565 0.736667 0.807391 0.747778 0.811739 0.755556 0.812609 0.785556 0.812609 0.804444 0.810000 0.812222 0.806087 0.815556 0.802174 0.815556 0.795217 0.804444 0.783043 0.794444 0.779130
0 0.837778 0.815217 0.826667 0.810000 0.808889 0.809565 0.774444 0.816522 0.760000 0.822174 0.760000 0.825652 0.774444 0.830870 0.805556 0.831304 0.825556 0.832609 0.841111 0.826522
0 0.688889 0.825652 0.684444 0.830000 0.684444 0.833913 0.704444 0.839565 0.717778 0.840870 0.738889 0.840435 0.750000 0.838696 0.756667 0.833913 0.752222 0.825217 0.744444 0.821739 0.733333 0.820000 0.714444 0.818696 0.697778 0.821739
0 0.667778 0.827391 0.653333 0.826957 0.644444 0.828261 0.634444 0.828261 0.625556 0.830000 0.617778 0.833478 0.615556 0.841739 0.620000 0.846087 0.628889 0.850435 0.643333 0.851739 0.658889 0.851304 0.665556 0.850435 0.680000 0.845652 0.682222 0.837391 0.678889 0.833043
0 0.583333 0.835652 0.574444 0.837391 0.566667 0.840870 0.554444 0.849565 0.553333 0.853913 0.571111 0.862609 0.582222 0.864783 0.592222 0.864783 0.606667 0.863478 0.618889 0.859565 0.623333 0.854783 0.623333 0.849565 0.616667 0.845217 0.615556 0.842609 0.606667 0.837826 0.596667 0.835652
0 0.365556 0.798261 0.357778 0.804783 0.357778 0.815217 0.362222 0.820000 0.371111 0.824783 0.385556 0.829130 0.398889 0.829565 0.411111 0.828261 0.422222 0.824783 0.424444 0.822174 0.431111 0.819130 0.426667 0.809565 0.406667 0.801739 0.382222 0.799130 0.375556 0.796957
0 0.413333 0.828261 0.408889 0.831304 0.406667 0.836087 0.407778 0.842174 0.412222 0.845217 0.442222 0.849130 0.456667 0.849130 0.468889 0.847826 0.474444 0.846087 0.478889 0.842174 0.477778 0.832609 0.472222 0.826522 0.465556 0.823913 0.456667 0.822609 0.434444 0.822174 0.425556 0.823913
0 0.415556 0.846522 0.383333 0.849565 0.394444 0.850870 0.402222 0.854348 0.402222 0.866522 0.404444 0.869130 0.415556 0.868696 0.420000 0.866522 0.425556 0.866087 0.435556 0.858261 0.435556 0.852609 0.425556 0.848261
0 0.397778 0.852174 0.377778 0.851304 0.353333 0.853043 0.335556 0.856957 0.331111 0.860000 0.333333 0.869130 0.354444 0.876957 0.375556 0.877826 0.388889 0.875217 0.401111 0.869565 0.404444 0.861739 0.404444 0.856087
0 0.318889 0.825652 0.323333 0.834348 0.317778 0.837826 0.317778 0.842174 0.334444 0.850435 0.354444 0.851739 0.363333 0.851304 0.377778 0.848696 0.388889 0.844783 0.392222 0.839130 0.388889 0.832609 0.365556 0.824783 0.351111 0.823043 0.334444 0.823043
0 0.264444 0.796957 0.261111 0.803913 0.265556 0.806957 0.270000 0.813913 0.273333 0.815217 0.293333 0.818261 0.304444 0.818261 0.318889 0.816522 0.327778 0.814348 0.331111 0.811304 0.331111 0.806087 0.326667 0.799565 0.312222 0.792609 0.298889 0.790870 0.284444 0.791304
0 0.253333 0.810435 0.248889 0.828261 0.254444 0.834783 0.264444 0.838261 0.276667 0.840870 0.296667 0.840870 0.303333 0.839565 0.311111 0.836087 0.322222 0.834348 0.321111 0.830000 0.315556 0.826087 0.297778 0.819565 0.270000 0.815217 0.257778 0.810435
0 0.274444 0.842609 0.271111 0.846087 0.271111 0.850870 0.274444 0.855652 0.302222 0.854783 0.305556 0.856957 0.301111 0.860870 0.304444 0.864348 0.315556 0.863478 0.325556 0.861304 0.327778 0.859130 0.327778 0.848696 0.324444 0.845217 0.320000 0.843478 0.305556 0.841304
0 0.203333 0.801739 0.192222 0.805217 0.184444 0.810435 0.182222 0.813913 0.184444 0.820000 0.187778 0.822609 0.205556 0.829565 0.216667 0.830435 0.227778 0.827826 0.242222 0.820000 0.245556 0.814783 0.245556 0.809130 0.242222 0.805217 0.234444 0.803043 0.223333 0.801739
0 0.142222 0.820435 0.130000 0.826087 0.130000 0.830870 0.134444 0.838261 0.145556 0.843478 0.161111 0.845217 0.175556 0.844783 0.185556 0.841739 0.190000 0.838261 0.187778 0.826087 0.176667 0.821304 0.157778 0.820000
0 0.068889 0.804348 0.067778 0.809130 0.073333 0.815217 0.083333 0.817826 0.113333 0.820435 0.126667 0.820435 0.136667 0.819565 0.144444 0.816957 0.144444 0.809130 0.138889 0.802609 0.123333 0.795652 0.114444 0.793913 0.104444 0.793478 0.092222 0.794348
0 0.054444 0.781304 0.044444 0.783043 0.037778 0.786957 0.037778 0.790870 0.031111 0.793043 0.028889 0.795217 0.048889 0.803043 0.065556 0.803913 0.072222 0.802609 0.088889 0.794783 0.088889 0.786957 0.074444 0.781739
0 0.013333 0.793913 0.004444 0.797826 0.000000 0.797826 0.000000 0.824783 0.024444 0.825217 0.041111 0.823478 0.046667 0.821739 0.051111 0.818261 0.052222 0.813478 0.045556 0.803043 0.040000 0.802174 0.024444 0.794783
0 0.000000 0.826087 0.000000 0.848261 0.026667 0.849565 0.043333 0.847826 0.050000 0.839130 0.048889 0.832609 0.044444 0.828261 0.033333 0.826522
0 0.050000 0.823913 0.047778 0.826957 0.051111 0.830000 0.052222 0.836087 0.060000 0.839565 0.073333 0.842609 0.091111 0.843913 0.108889 0.843043 0.118889 0.840000 0.125556 0.832174 0.126667 0.826087 0.115556 0.821739 0.074444 0.818261
0 0.112222 0.842609 0.095556 0.844783 0.086667 0.849130 0.083333 0.853913 0.091111 0.864783 0.105556 0.870000 0.118889 0.871304 0.127778 0.870000 0.152222 0.859130 0.154444 0.853478 0.148889 0.847826 0.140000 0.844783 0.126667 0.843043
0 0.020000 0.850435 0.012222 0.854348 0.010000 0.861304 0.024444 0.868696 0.033333 0.871304 0.052222 0.871304 0.061111 0.867826 0.066667 0.863913 0.082222 0.858696 0.082222 0.856522 0.077778 0.853478 0.067778 0.850870 0.037778 0.849130
0 0.000000 0.862174 0.000000 0.888696 0.006667 0.888696 0.017778 0.886957 0.028889 0.883478 0.032222 0.880435 0.032222 0.874348 0.026667 0.870000 0.014444 0.864348 0.005556 0.862174
0 0.052222 0.872609 0.051111 0.879565 0.053333 0.883043 0.075556 0.889130 0.108889 0.888696 0.120000 0.886957 0.122222 0.885652 0.121111 0.879565 0.111111 0.873043 0.084444 0.864348 0.073333 0.863913
0 0.175556 0.857826 0.164444 0.857391 0.155556 0.859130 0.144444 0.862609 0.133333 0.868261 0.122222 0.876522 0.124444 0.880870 0.130000 0.883478 0.143333 0.885652 0.152222 0.885217 0.175556 0.880870 0.182222 0.878696 0.195556 0.876957 0.197778 0.874783 0.196667 0.867391 0.185556 0.861304
0 0.213333 0.835652 0.200000 0.837391 0.182222 0.843913 0.175556 0.848696 0.175556 0.853913 0.182222 0.859565 0.194444 0.864348 0.204444 0.866087 0.225556 0.866957 0.232222 0.866087 0.251111 0.859130 0.254444 0.853043 0.247778 0.845217 0.230000 0.837391
0 0.301111 0.856957 0.295556 0.855652 0.288889 0.856522 0.273333 0.856087 0.257778 0.857826 0.248889 0.860000 0.234444 0.865217 0.227778 0.872609 0.228889 0.876522 0.234444 0.880435 0.254444 0.884348 0.266667 0.883478 0.278889 0.880435 0.284444 0.876957 0.293333 0.874783 0.301111 0.864783
0 0.326667 0.869130 0.313333 0.869130 0.300000 0.872174 0.287778 0.880000 0.285556 0.883913 0.286667 0.886957 0.304444 0.895217 0.337778 0.893478 0.348889 0.891304 0.352222 0.889130 0.356667 0.880000 0.344444 0.873913
0 0.886667 0.819130 0.871111 0.819565 0.852222 0.822609 0.838889 0.827826 0.823333 0.837826 0.822222 0.842609 0.825556 0.846087 0.835556 0.850000 0.863333 0.854348 0.885556 0.853043 0.894444 0.850000 0.902222 0.840870 0.903333 0.830000 0.900000 0.825652
0 0.817778 0.853043 0.810000 0.856957 0.810000 0.861739 0.843333 0.872174 0.856667 0.872609 0.860000 0.871739 0.863333 0.869130 0.863333 0.860000 0.857778 0.854348 0.837778 0.850870
0 0.774444 0.831739 0.758889 0.835217 0.751111 0.840000 0.750000 0.850435 0.752222 0.857826 0.761111 0.861304 0.775556 0.862609 0.796667 0.862609 0.807778 0.860000 0.817778 0.853478 0.820000 0.845652 0.813333 0.839565 0.800000 0.833043 0.791111 0.831739
0 0.671111 0.850000 0.671111 0.853478 0.688889 0.863478 0.706667 0.866957 0.728889 0.867391 0.736667 0.866522 0.743333 0.864348 0.751111 0.858696 0.748889 0.850000 0.735556 0.845652 0.711111 0.844783 0.686667 0.846957
0 0.654444 0.853913 0.630000 0.860435 0.624444 0.865217 0.625556 0.869565 0.635556 0.875217 0.652222 0.878696 0.666667 0.880435 0.680000 0.878696 0.685556 0.876522 0.688889 0.873478 0.688889 0.864783 0.682222 0.858696 0.674444 0.855652
0 0.570000 0.871739 0.568889 0.880870 0.578889 0.884783 0.591111 0.885652 0.613333 0.885217 0.621111 0.883913 0.627778 0.880870 0.630000 0.872609 0.616667 0.867391 0.602222 0.865217 0.593333 0.865217 0.580000 0.867826
0 0.500000 0.860870 0.496667 0.869130 0.498889 0.871304 0.514444 0.878261 0.521111 0.879130 0.545556 0.879130 0.552222 0.880870 0.556667 0.880870 0.565556 0.873913 0.568889 0.866087 0.565556 0.861304 0.561111 0.859130 0.546667 0.856087 0.520000 0.856522 0.510000 0.857391
0 0.470000 0.849130 0.461111 0.849565 0.445556 0.854348 0.434444 0.860870 0.431111 0.864783 0.431111 0.869565 0.434444 0.871739 0.452222 0.875217 0.485556 0.873913 0.496667 0.870000 0.495556 0.860000 0.485556 0.853043
0 0.375556 0.880870 0.374444 0.885652 0.390000 0.892174 0.401111 0.895217 0.433333 0.899565 0.445556 0.899565 0.455556 0.895652 0.461111 0.886957 0.460000 0.880435 0.455556 0.876957 0.443333 0.874348 0.428889 0.873478 0.397778 0.874783
0 0.735556 0.866957 0.706667 0.870000 0.694444 0.872609 0.686667 0.876087 0.684444 0.883478 0.687778 0.890870 0.696667 0.896087 0.714444 0.899130 0.735556 0.899130 0.742222 0.897826 0.755556 0.891739 0.758889 0.886522 0.757778 0.880000 0.741111 0.868696
0 0.783333 0.864783 0.776667 0.867826 0.775556 0.881739 0.784444 0.890870 0.795556 0.895652 0.804444 0.897391 0.815556 0.897826 0.851111 0.889130 0.854444 0.885217 0.853333 0.879565 0.848889 0.875217 0.815556 0.866087 0.795556 0.864348
0 0.915556 0.894783 0.902222 0.895217 0.897778 0.896087 0.895556 0.898261 0.893333 0.892609 0.875556 0.890000 0.844444 0.890870 0.820000 0.896522 0.818889 0.902174 0.824444 0.910870 0.836667 0.915652 0.857778 0.916522 0.871111 0.915217 0.892222 0.910870 0.895556 0.908696 0.898889 0.901739 0.905556 0.900870 0.910000 0.898696 0.915556 0.898261
0 0.840000 0.924783 0.837778 0.916522 0.825556 0.912609 0.815556 0.911739 0.774444 0.913913 0.761111 0.916522 0.756667 0.919130 0.761111 0.923913 0.775556 0.927826 0.786667 0.928696 0.811111 0.933043 0.830000 0.932609 0.836667 0.929130
0 0.613333 0.887391 0.610000 0.891304 0.611111 0.896522 0.622222 0.902174 0.654444 0.909565 0.674444 0.910870 0.685556 0.910000 0.687778 0.903913 0.683333 0.897826 0.684444 0.892609 0.680000 0.888261 0.668889 0.883043 0.655556 0.880435 0.644444 0.880000 0.627778 0.883043
0 0.621111 0.915652 0.620000 0.924348 0.622222 0.927826 0.634444 0.933913 0.644444 0.936087 0.671111 0.936087 0.685556 0.934783 0.698889 0.931739 0.701111 0.925652 0.714444 0.920435 0.712222 0.919130 0.697778 0.917826 0.682222 0.912174 0.671111 0.910870 0.646667 0.910870 0.631111 0.912609
0 0.604444 0.899565 0.591111 0.899130 0.574444 0.900870 0.558889 0.903913 0.550000 0.908696 0.548889 0.913478 0.551111 0.917391 0.558889 0.923913 0.574444 0.931739 0.585556 0.931739 0.596667 0.929130 0.615556 0.927391 0.620000 0.925652 0.622222 0.913913 0.618889 0.906087 0.612222 0.901739
0 0.604444 0.953913 0.597778 0.951739 0.585556 0.950000 0.563333 0.952174 0.546667 0.959565 0.536667 0.970870 0.562222 0.975652 0.585556 0.976087 0.600000 0.974348 0.610000 0.970870 0.611111 0.958696
0 0.634444 0.937391 0.621111 0.940000 0.611111 0.944348 0.606667 0.950000 0.607778 0.955217 0.613333 0.959565 0.631111 0.965652 0.655556 0.969130 0.668889 0.966522 0.676667 0.963478 0.681111 0.959565 0.684444 0.951304 0.681111 0.943478 0.675556 0.939130 0.670000 0.937391
0 0.678889 0.938261 0.677778 0.939565 0.683333 0.948261 0.691111 0.951739 0.715556 0.954783 0.726667 0.955217 0.740000 0.953478 0.747778 0.948261 0.747778 0.942174 0.742222 0.935652 0.733333 0.933043 0.704444 0.933478 0.692222 0.934783
0 0.805556 0.935652 0.800000 0.934783 0.766667 0.935217 0.754444 0.938696 0.750000 0.942609 0.751111 0.948261 0.755556 0.955217 0.762222 0.958696 0.767778 0.960000 0.792222 0.960000 0.805556 0.959130 0.816667 0.955217 0.821111 0.943043
0 0.714444 0.957826 0.704444 0.961739 0.700000 0.966087 0.698889 0.970870 0.704444 0.976087 0.728889 0.983043 0.757778 0.983478 0.767778 0.982609 0.771111 0.969565 0.762222 0.960435 0.755556 0.957826 0.738889 0.955652 0.722222 0.956087
0 0.917778 0.916087 0.894444 0.911739 0.862222 0.916522 0.854444 0.919130 0.852222 0.922174 0.852222 0.930000 0.854444 0.932609 0.868889 0.936957 0.892222 0.938696 0.906667 0.937826 0.918889 0.935217 0.925556 0.932609 0.928889 0.927391 0.925556 0.923478 0.925556 0.919565
0 0.891111 0.946522 0.890000 0.950870 0.885556 0.954783 0.886667 0.959130 0.894444 0.960870 0.907778 0.961304 0.914444 0.963043 0.931111 0.963043 0.960000 0.959130 0.965556 0.954348 0.965556 0.948696 0.957778 0.942174 0.952222 0.939130 0.936667 0.934783 0.922222 0.934783 0.917778 0.935652
0 0.917778 0.963913 0.908889 0.965652 0.894444 0.971739 0.891111 0.977391 0.892222 0.980435 0.902222 0.990435 0.923333 0.994348 0.941111 0.994348 0.945556 0.992174 0.965556 0.988261 0.968889 0.978261 0.965556 0.974348 0.941111 0.964783 0.935556 0.963478
0 0.815556 0.997826 0.815556 1.000000 0.871111 1.000000 0.871111 0.997826 0.855556 0.991739 0.845556 0.989130 0.836667 0.988261 0.828889 0.990000
0 0.684444 0.973478 0.673333 0.978696 0.666667 0.986087 0.655556 0.993913 0.656667 1.000000 0.727778 1.000000 0.726667 0.986087 0.722222 0.982174 0.696667 0.972609
0 0.632222 0.968696 0.611111 0.971739 0.602222 0.974348 0.594444 0.977826 0.594444 0.983913 0.614444 0.996522 0.645556 0.997391 0.655556 0.993478 0.670000 0.982609 0.668889 0.977826 0.653333 0.970000 0.645556 0.968696
0 0.616667 0.997826 0.595556 0.987391 0.583333 0.985652 0.564444 0.987391 0.552222 0.991304 0.542222 0.996957 0.542222 1.000000 0.616667 1.000000
0 0.526667 0.971304 0.503333 0.973043 0.491111 0.978261 0.486667 0.982174 0.490000 0.994783 0.494444 0.996522 0.512222 0.997826 0.513333 1.000000 0.517778 1.000000 0.518889 0.997826 0.526667 0.997391 0.545556 0.992609 0.557778 0.984783 0.557778 0.981304 0.542222 0.974348
0 0.514444 0.924783 0.503333 0.931739 0.503333 0.937826 0.512222 0.943478 0.524444 0.947826 0.550000 0.950000 0.575556 0.948696 0.581111 0.943913 0.581111 0.939565 0.576667 0.936522 0.574444 0.931739 0.566667 0.929130 0.565556 0.927391 0.552222 0.922174 0.535556 0.920435
0 0.513333 0.945652 0.494444 0.945652 0.480000 0.950870 0.464444 0.960435 0.465556 0.967391 0.478889 0.970870 0.494444 0.972174 0.525556 0.970000 0.536667 0.967391 0.541111 0.963913 0.541111 0.958261 0.535556 0.953913 0.524444 0.948696
0 0.445556 0.920870 0.433333 0.924783 0.417778 0.933478 0.415556 0.939565 0.425556 0.943043 0.428889 0.946957 0.454444 0.952609 0.475556 0.952609 0.497778 0.943913 0.500000 0.940000 0.500000 0.930435 0.497778 0.927391 0.485556 0.921739 0.476667 0.920000 0.457778 0.919565
0 0.405556 0.896087 0.388889 0.897826 0.377778 0.902174 0.367778 0.910435 0.362222 0.918696 0.366667 0.926957 0.374444 0.930435 0.394444 0.933913 0.414444 0.933043 0.422222 0.931304 0.442222 0.920870 0.448889 0.913043 0.445556 0.903913 0.437778 0.900870
0 0.304444 0.926957 0.297778 0.935652 0.301111 0.939130 0.313333 0.943913 0.334444 0.947826 0.345556 0.947826 0.354444 0.946522 0.376667 0.946522 0.382222 0.945217 0.383333 0.940870 0.377778 0.933478 0.367778 0.928261 0.335556 0.921739 0.315556 0.921739
0 0.374444 0.896522 0.365556 0.895217 0.355556 0.895217 0.345556 0.893478 0.310000 0.896522 0.298889 0.903913 0.304444 0.911739 0.321111 0.917826 0.333333 0.920870 0.348889 0.920870 0.355556 0.919565 0.364444 0.912609 0.371111 0.904783 0.371111 0.902174 0.375556 0.900435
0 0.243333 0.890870 0.237778 0.896087 0.237778 0.900435 0.247778 0.902609 0.253333 0.905217 0.286667 0.905652 0.294444 0.904348 0.301111 0.900870 0.301111 0.896522 0.287778 0.889130 0.275556 0.885652 0.262222 0.884783 0.252222 0.886957
0 0.247778 0.906957 0.241111 0.910870 0.240000 0.916522 0.242222 0.920000 0.252222 0.923913 0.284444 0.929565 0.298889 0.928261 0.305556 0.926522 0.310000 0.923913 0.312222 0.919565 0.294444 0.906957 0.255556 0.905217
0 0.166667 0.883043 0.164444 0.884348 0.166667 0.889565 0.172222 0.894348 0.182222 0.898696 0.205556 0.903478 0.218889 0.903913 0.226667 0.903478 0.231111 0.902174 0.243333 0.890000 0.243333 0.884348 0.232222 0.879565 0.225556 0.878261 0.193333 0.877826 0.177778 0.880000
0 0.000000 0.890435 0.000000 0.921304 0.006667 0.921304 0.012222 0.920000 0.016667 0.916522 0.015556 0.912174 0.021111 0.907391 0.022222 0.899565 0.018889 0.896087 0.007778 0.890870
0 0.126667 0.888696 0.104444 0.889565 0.088889 0.896087 0.087778 0.905652 0.090000 0.909130 0.104444 0.912609 0.118889 0.913043 0.134444 0.911304 0.145556 0.906957 0.147778 0.900870 0.145556 0.896087 0.138889 0.891739
0 0.055556 0.885652 0.036667 0.886957 0.028889 0.890435 0.023333 0.895652 0.018889 0.914348 0.022222 0.917826 0.031111 0.920435 0.063333 0.919130 0.081111 0.913913 0.086667 0.909565 0.085556 0.897826 0.077778 0.890000
0 0.238889 0.907826 0.225556 0.904783 0.194444 0.903478 0.178889 0.906522 0.165556 0.911304 0.158889 0.915652 0.158889 0.920870 0.163333 0.924348 0.176667 0.930435 0.184444 0.931739 0.208889 0.931304 0.222222 0.927826 0.238889 0.921304
0 0.268889 0.927391 0.255556 0.925652 0.233333 0.926087 0.225556 0.927391 0.212222 0.932609 0.211111 0.940435 0.217778 0.947391 0.225556 0.950435 0.233333 0.951739 0.245556 0.950870 0.263333 0.951304 0.281111 0.946957 0.285556 0.943043 0.288889 0.935652
0 0.327778 0.946522 0.306667 0.944783 0.294444 0.944783 0.273333 0.953043 0.265556 0.958696 0.267778 0.967391 0.274444 0.969565 0.295556 0.969565 0.307778 0.967391 0.322222 0.960000 0.332222 0.951304
0 0.353333 0.946957 0.338889 0.950000 0.334444 0.952174 0.322222 0.962174 0.322222 0.967391 0.330000 0.972609 0.338889 0.976087 0.360000 0.978261 0.376667 0.978696 0.386667 0.976522 0.393333 0.971304 0.387778 0.959130 0.382222 0.954783 0.366667 0.948696
0 0.397778 0.950000 0.390000 0.955652 0.388889 0.961304 0.394444 0.969130 0.401111 0.972174 0.413333 0.975217 0.425556 0.976087 0.455556 0.969565 0.460000 0.966087 0.460000 0.960435 0.457778 0.957826 0.444444 0.950870 0.436667 0.949130 0.402222 0.948696
0 0.455556 0.972174 0.444444 0.972609 0.423333 0.976957 0.418889 0.980435 0.415556 0.988696 0.416667 0.994348 0.421111 0.996957 0.428889 0.998261 0.428889 1.000000 0.456667 1.000000 0.458889 0.997826 0.474444 0.995652 0.482222 0.990870 0.484444 0.985217 0.481111 0.980000 0.470000 0.975217
0 0.321111 0.993913 0.324444 1.000000 0.407778 1.000000 0.408889 0.993913 0.405556 0.990000 0.390000 0.983043 0.375556 0.979565 0.352222 0.978696 0.335556 0.981739 0.331111 0.983913 0.330000 0.986957
0 0.274444 0.971304 0.264444 0.973043 0.247778 0.982174 0.251111 0.990435 0.257778 0.995652 0.266667 0.998261 0.266667 1.000000 0.296667 1.000000 0.297778 0.997826 0.308889 0.996522 0.322222 0.991739 0.324444 0.986957 0.330000 0.983043 0.331111 0.977826 0.322222 0.974348 0.305556 0.971304
0 0.194444 0.974348 0.191111 0.979565 0.183333 0.985217 0.184444 0.990435 0.193333 1.000000 0.246667 1.000000 0.250000 0.992609 0.242222 0.980870 0.218889 0.975652 0.208889 0.974783 0.205556 0.973043
0 0.252222 0.952609 0.234444 0.952609 0.221111 0.954348 0.203333 0.962609 0.201111 0.966087 0.202222 0.970435 0.212222 0.974783 0.233333 0.977391 0.246667 0.976957 0.256667 0.974783 0.262222 0.971304 0.264444 0.966087 0.260000 0.956087 0.256667 0.953478
0 0.145556 0.935217 0.134444 0.947826 0.138889 0.952609 0.150000 0.956522 0.164444 0.957391 0.172222 0.959130 0.187778 0.959565 0.201111 0.957826 0.204444 0.955217 0.214444 0.951739 0.208889 0.943043 0.184444 0.934783 0.173333 0.933043 0.162222 0.932609 0.154444 0.933043
0 0.154444 0.960870 0.147778 0.963478 0.137778 0.970435 0.137778 0.974783 0.152222 0.980870 0.175556 0.982174 0.188889 0.978696 0.196667 0.970870 0.195556 0.966522 0.181111 0.961304 0.173333 0.960435
0 0.091111 0.951304 0.076667 0.953913 0.071111 0.958696 0.072222 0.967826 0.076667 0.973913 0.091111 0.980435 0.102222 0.981739 0.120000 0.981304 0.131111 0.978696 0.138889 0.974783 0.143333 0.967826 0.142222 0.960435 0.137778 0.956957 0.121111 0.951739 0.115556 0.950870
0 0.076667 0.923478 0.070000 0.927391 0.068889 0.936087 0.077778 0.946957 0.090000 0.950435 0.100000 0.950870 0.114444 0.950000 0.130000 0.946522 0.140000 0.940000 0.141111 0.936087 0.133333 0.931304 0.121111 0.927391 0.100000 0.923478 0.091111 0.922609
0 0.015556 0.398261 0.000000 0.398261 0.000000 0.430870 0.005556 0.430870 0.015556 0.427826 0.037778 0.425652 0.042222 0.423478 0.047778 0.416087 0.047778 0.411304 0.043333 0.406522 0.026667 0.400000
0 0.085556 0.407391 0.074444 0.407826 0.055556 0.411304 0.048889 0.419130 0.048889 0.427826 0.054444 0.431739 0.066667 0.436087 0.082222 0.437826 0.101111 0.435652 0.104444 0.426957 0.114444 0.420435 0.113333 0.416087
0 0.000000 0.937826 0.000000 0.950000 0.004444 0.950000 0.011111 0.953043 0.027778 0.956957 0.053333 0.959130 0.065556 0.959130 0.071111 0.947391 0.070000 0.942609 0.065556 0.936087 0.053333 0.931304 0.045556 0.930000 0.026667 0.930435 0.010000 0.934348 0.004444 0.937826
0 0.000000 0.950870 0.000000 0.971304 0.005556 0.971304 0.022222 0.964783 0.022222 0.957391 0.005556 0.950870
0 0.025556 0.963478 0.014444 0.966957 0.008889 0.971739 0.006667 0.978261 0.008889 0.986522 0.014444 0.989130 0.023333 0.990435 0.056667 0.990435 0.082222 0.982609 0.084444 0.978261 0.068889 0.968261 0.060000 0.965217 0.045556 0.963043
0 0.184444 0.989130 0.177778 0.984783 0.170000 0.983043 0.152222 0.982174 0.137778 0.984348 0.116667 0.990435 0.111111 0.996957 0.111111 1.000000 0.190000 1.000000
0 0.057778 0.990000 0.058889 1.000000 0.107778 1.000000 0.113333 0.990000 0.104444 0.985217 0.098889 0.984348 0.081111 0.984348