0 0.727423 0.742312 0.717511 0.748016 0.718062 0.751736 0.723568 0.756448 0.727974 0.758681 0.734031 0.760169 0.744493 0.760169 0.753855 0.758185 0.756608 0.755952 0.757159 0.749504 0.755507 0.746032 0.752753 0.743800 0.750000 0.742560 0.745044 0.741567 0.734031 0.741567
0 0.925661 0.432044 0.917566 0.433904 0.912885 0.436037 0.909912 0.440278 0.907489 0.445784 0.912170 0.449653 0.920650 0.453100 0.939317 0.451959 0.952093 0.443948 0.951542 0.439732 0.948238 0.435764 0.943282 0.433780 0.935022 0.432044
0 0.317731 0.342510 0.308370 0.342262 0.301762 0.343254 0.293502 0.345486 0.289097 0.348710 0.288546 0.350446 0.291300 0.355159 0.296806 0.358383 0.303414 0.360119 0.310022 0.360615 0.318282 0.359871 0.323238 0.358631 0.326542 0.356647 0.329295 0.350198 0.327643 0.345982 0.324339 0.343998
0 0.107930 0.318948 0.101322 0.320437 0.097467 0.322173 0.096366 0.325149 0.097467 0.328869 0.099670 0.331349 0.108480 0.336310 0.117841 0.336310 0.128855 0.330605 0.132159 0.327133 0.131608 0.324157 0.129956 0.322173 0.122247 0.319692 0.115088 0.318948
0 0.137665 0.322173 0.134361 0.324405 0.133260 0.326389 0.137665 0.331101 0.143722 0.333333 0.150330 0.334077 0.161894 0.333581 0.167952 0.331597 0.173458 0.326637 0.172907 0.322421 0.169053 0.320685 0.164648 0.320188 0.148678 0.320188
0 0.090859 0.350942 0.086454 0.353423 0.085352 0.358383 0.087004 0.360367 0.092511 0.363343 0.099670 0.365327 0.108480 0.366071 0.126101 0.365823 0.128304 0.364831 0.130507 0.361607 0.125551 0.356151 0.117841 0.352431 0.111233 0.350198 0.106828 0.349454 0.099670 0.349206
0 0.174559 0.339038 0.168502 0.340774 0.165198 0.342510 0.162996 0.345982 0.162996 0.350446 0.169053 0.353423 0.181167 0.353671 0.187775 0.353175 0.193282 0.351190 0.196035 0.349206 0.197137 0.346726 0.196586 0.344494 0.193833 0.342510 0.187225 0.340030 0.180617 0.338790
0 0.176762 0.353175 0.169604 0.354663 0.161344 0.359623 0.160242 0.361855 0.164097 0.365327 0.168502 0.367312 0.177863 0.369296 0.187225 0.369048 0.193833 0.365327 0.196035 0.360615 0.193282 0.357887 0.187225 0.354415 0.182269 0.353423
0 0.239537 0.330109 0.228524 0.329861 0.221916 0.330853 0.214758 0.333829 0.212004 0.337550 0.211454 0.342262 0.214207 0.344494 0.223018 0.348710 0.229626 0.350446 0.245044 0.347966 0.253304 0.342014 0.253855 0.337054 0.251652 0.333829 0.247797 0.331597
0 0.230176 0.352183 0.227974 0.353175 0.224670 0.357143 0.225220 0.361359 0.228524 0.364087 0.231278 0.365327 0.241740 0.366567 0.248348 0.366567 0.253855 0.365327 0.256608 0.364087 0.259912 0.360367 0.260463 0.356895 0.257709 0.353423 0.248348 0.350942 0.238987 0.350942
0 0.354075 0.373264 0.343612 0.370784 0.335352 0.371528 0.328744 0.373016 0.325991 0.375248 0.322687 0.376736 0.317181 0.377976 0.314978 0.379712 0.314427 0.381200 0.317181 0.385169 0.325991 0.388393 0.331498 0.388889 0.342511 0.388393 0.347467 0.387401 0.356278 0.382937 0.359581 0.380456 0.360683 0.376736
0 0.387115 0.371032 0.377203 0.371280 0.370595 0.372768 0.362885 0.375992 0.361233 0.377480 0.360132 0.381200 0.365088 0.385417 0.369493 0.387401 0.377753 0.388889 0.387665 0.387897 0.395925 0.385169 0.397577 0.382688 0.398128 0.379960 0.397026 0.376488 0.392621 0.373264
0 0.385463 0.390625 0.378304 0.388889 0.368943 0.388889 0.362885 0.390377 0.354075 0.394097 0.350771 0.396081 0.349670 0.399554 0.350771 0.404018 0.353524 0.406002 0.359031 0.406746 0.370595 0.406994 0.381608 0.405010 0.384912 0.403522 0.388767 0.400298 0.389868 0.398065 0.388767 0.393353
0 0.349670 0.428819 0.347467 0.431052 0.349119 0.435516 0.352423 0.437996 0.359581 0.441220 0.368943 0.443452 0.378855 0.443452 0.387665 0.441468 0.389868 0.439236 0.389868 0.434772 0.386013 0.431548 0.370044 0.427331 0.357379 0.427083 0.352974 0.427579
0 0.344163 0.406250 0.335352 0.405258 0.326542 0.406250 0.314978 0.413194 0.313326 0.415427 0.314978 0.419891 0.317181 0.421627 0.323238 0.423859 0.326542 0.424355 0.343612 0.423115 0.350771 0.420635 0.355176 0.416171 0.354626 0.411954 0.350220 0.408482
0 0.344714 0.432788 0.334251 0.432292 0.325991 0.434276 0.315529 0.439484 0.312775 0.443204 0.313326 0.443948 0.318282 0.446181 0.324890 0.447669 0.340308 0.447917 0.348568 0.446429 0.352974 0.443204 0.353524 0.439236 0.349119 0.435020
0 0.291850 0.422619 0.286894 0.423115 0.280837 0.424603 0.274229 0.427579 0.269273 0.431300 0.270374 0.435268 0.272026 0.436508 0.280837 0.439236 0.289097 0.440228 0.292401 0.440228 0.303965 0.438244 0.306718 0.436508 0.307819 0.433532 0.307269 0.429563 0.303965 0.425595 0.300110 0.423611
0 0.300661 0.441220 0.291300 0.441468 0.286344 0.442212 0.280286 0.444196 0.274780 0.447173 0.277533 0.450397 0.283040 0.451885 0.291300 0.457837 0.300110 0.457589 0.307269 0.450397 0.308370 0.443452 0.303965 0.441716
0 0.308921 0.453621 0.302313 0.458581 0.303965 0.462798 0.308921 0.468006 0.311123 0.469246 0.316630 0.470486 0.326542 0.470486 0.328744 0.469990 0.335903 0.466766 0.336454 0.462054 0.333150 0.457093 0.327643 0.454365 0.319383 0.453125
0 0.230176 0.469990 0.224670 0.474454 0.225220 0.478671 0.227974 0.481151 0.239537 0.485863 0.244493 0.487103 0.248348 0.487351 0.263216 0.484375 0.267070 0.482887 0.269824 0.479415 0.269273 0.476935 0.266520 0.473958 0.259361 0.470238 0.248899 0.468750
0 0.300661 0.463294 0.290749 0.462798 0.279736 0.464038 0.269824 0.466270 0.268172 0.468502 0.268172 0.471230 0.270925 0.473462 0.277533 0.476190 0.281938 0.477183 0.292952 0.476935 0.299009 0.475942 0.306167 0.470982 0.305617 0.467014
0 0.168502 0.388145 0.166300 0.393353 0.169053 0.395833 0.186123 0.399058 0.197137 0.398562 0.204295 0.397321 0.207599 0.395833 0.210352 0.392857 0.210352 0.388641 0.208700 0.387153 0.204295 0.385169 0.196035 0.383681 0.186123 0.383433 0.172907 0.386409
0 0.150330 0.405754 0.139317 0.408978 0.137115 0.411458 0.138216 0.416419 0.142070 0.418403 0.147577 0.419891 0.160242 0.419891 0.169604 0.417411 0.172907 0.415179 0.178965 0.412698 0.178965 0.410466 0.176762 0.408482 0.171806 0.406994 0.160242 0.405754
0 0.107930 0.411954 0.099670 0.413938 0.097467 0.415675 0.098018 0.420139 0.099670 0.421875 0.109581 0.425595 0.118943 0.426091 0.126101 0.424851 0.131057 0.419643 0.131608 0.415923 0.126652 0.412946 0.121696 0.411706 0.113987 0.411458
0 0.102974 0.450893 0.101872 0.455109 0.105176 0.459077 0.111233 0.460813 0.117291 0.461558 0.129405 0.461310 0.138767 0.460317 0.143172 0.459077 0.144824 0.455357 0.143722 0.453373 0.138767 0.450149 0.130507 0.447669 0.125551 0.446925 0.114537 0.446925 0.108480 0.448413
0 0.250000 0.450645 0.245044 0.455357 0.246696 0.459077 0.253304 0.462550 0.264317 0.465278 0.274780 0.465030 0.282489 0.463790 0.286344 0.462550 0.289097 0.458581 0.285793 0.453621 0.283040 0.451389 0.279185 0.450397 0.267070 0.448909 0.256608 0.448909 0.252203 0.449653
0 0.229075 0.438740 0.219714 0.441220 0.216410 0.443452 0.214758 0.446925 0.216410 0.450893 0.221916 0.454117 0.228524 0.455605 0.238436 0.456101 0.243943 0.455605 0.247797 0.454365 0.252753 0.447669 0.248348 0.440972 0.245595 0.439236 0.241740 0.438492
0 0.204295 0.455109 0.192181 0.456845 0.188326 0.458581 0.183921 0.463790 0.185022 0.466766 0.190529 0.469494 0.196035 0.470734 0.205947 0.471726 0.215308 0.470982 0.222467 0.469494 0.226872 0.466518 0.227423 0.462302 0.225771 0.459573 0.222467 0.457341 0.213656 0.455605
0 0.179515 0.479415 0.169604 0.479663 0.165198 0.480655 0.153084 0.486359 0.152533 0.490327 0.153634 0.494296 0.170154 0.497272 0.183921 0.495536 0.189978 0.492560 0.193282 0.489583 0.193833 0.485615 0.191630 0.483631 0.185573 0.480655
0 0.196586 0.484623 0.194934 0.486111 0.193282 0.490575 0.203744 0.495288 0.215859 0.495040 0.230727 0.495536 0.236784 0.493552 0.241189 0.490575 0.241189 0.489087 0.238436 0.485615 0.233480 0.483135 0.229075 0.482143 0.219163 0.481399 0.206498 0.481647 0.200991 0.482639
0 0.265419 0.487351 0.255507 0.486607 0.245044 0.488095 0.241189 0.489583 0.236784 0.494296 0.241189 0.499752 0.247797 0.502480 0.259361 0.502480 0.266520 0.501240 0.269824 0.499504 0.271476 0.493552 0.269824 0.490327
0 0.276432 0.479415 0.270925 0.482143 0.271476 0.486607 0.281388 0.491319 0.290198 0.493304 0.300110 0.493304 0.310022 0.490327 0.313326 0.485863 0.310573 0.481895 0.305617 0.479663 0.295154 0.477431 0.283590 0.477679
0 0.373348 0.444444 0.367841 0.443948 0.358480 0.444692 0.349119 0.446925 0.343612 0.449653 0.340308 0.455357 0.351322 0.461062 0.360132 0.461806 0.370044 0.461558 0.381608 0.457589 0.383260 0.455853 0.382709 0.452629 0.376101 0.445685
0 0.351872 0.462798 0.340308 0.467014 0.333700 0.470982 0.336454 0.474702 0.339207 0.475942 0.351322 0.478423 0.361784 0.478671 0.366740 0.477431 0.371696 0.474206 0.372797 0.470238 0.370595 0.466270 0.367841 0.464534 0.361784 0.463046
0 0.377753 0.459821 0.371696 0.462798 0.371696 0.467510 0.374449 0.470982 0.377203 0.472470 0.385463 0.473710 0.395374 0.473214 0.400881 0.470486 0.403634 0.467262 0.399229 0.461310 0.395925 0.459573 0.389868 0.458829 0.384912 0.458829
0 0.427313 0.446677 0.413546 0.442212 0.404185 0.442708 0.398128 0.444444 0.393172 0.446677 0.390969 0.449901 0.390419 0.455605 0.393172 0.458829 0.395374 0.459573 0.405286 0.459573 0.412996 0.458581 0.420705 0.456349 0.425661 0.454365 0.429515 0.451637
0 0.466960 0.434524 0.464207 0.434028 0.453744 0.435020 0.437775 0.441468 0.436123 0.443700 0.437225 0.447173 0.438877 0.448413 0.446035 0.450397 0.455947 0.451389 0.465308 0.450397 0.468612 0.449157 0.470815 0.447173 0.471916 0.442212 0.470815 0.438244
0 0.498348 0.428323 0.493392 0.431548 0.493943 0.434276 0.496145 0.437252 0.501101 0.439732 0.508260 0.440972 0.517070 0.440724 0.525330 0.438988 0.530837 0.436012 0.530837 0.431052 0.529185 0.429067 0.526982 0.428075 0.517621 0.426587 0.508260 0.426339
0 0.460352 0.462798 0.447687 0.460565 0.440529 0.461558 0.436123 0.463046 0.431167 0.466766 0.430617 0.470734 0.433921 0.474702 0.438877 0.477183 0.449339 0.476935 0.463106 0.470734 0.466960 0.466766
0 0.366189 0.478423 0.365088 0.480655 0.365639 0.484127 0.367841 0.485863 0.373899 0.487847 0.389317 0.489087 0.398678 0.488591 0.404185 0.486855 0.403634 0.482143 0.400330 0.478671 0.387665 0.473710 0.377753 0.473214
0 0.342511 0.477927 0.328744 0.481151 0.325991 0.482391 0.323238 0.486607 0.327643 0.490327 0.330947 0.491071 0.334251 0.492808 0.344163 0.495288 0.354626 0.493552 0.357930 0.492063 0.366189 0.486111 0.364537 0.482143 0.362335 0.480655 0.353524 0.478919
0 0.361233 0.490327 0.357930 0.494296 0.359031 0.495784 0.363987 0.498512 0.370595 0.500744 0.377753 0.502232 0.387115 0.502480 0.391520 0.501240 0.394273 0.498760 0.395374 0.493800 0.389317 0.489583 0.384361 0.488591 0.369493 0.487599
0 0.452643 0.482639 0.446586 0.482143 0.434471 0.482887 0.430066 0.483879 0.427313 0.486359 0.425110 0.490327 0.430617 0.495040 0.434471 0.497024 0.437775 0.497768 0.442731 0.497520 0.448238 0.495784 0.454846 0.490575 0.455947 0.486855 0.454846 0.483631
0 0.430066 0.493304 0.422907 0.490823 0.416300 0.490327 0.409692 0.490575 0.400881 0.492312 0.395374 0.495040 0.393722 0.500248 0.392070 0.501736 0.392621 0.502728 0.397026 0.505208 0.403084 0.505952 0.413546 0.505952 0.424009 0.503720 0.430617 0.501736 0.434471 0.498264
0 0.380507 0.508185 0.374449 0.513393 0.371696 0.517609 0.377753 0.520337 0.385463 0.522569 0.395925 0.522321 0.406388 0.520337 0.409141 0.517857 0.408590 0.512649 0.406938 0.509921 0.395925 0.506944 0.386564 0.506944
0 0.430617 0.502480 0.412996 0.505704 0.408590 0.509425 0.409692 0.517361 0.415749 0.520585 0.421806 0.522073 0.431167 0.521329 0.439427 0.519345 0.447137 0.513889 0.448238 0.509425 0.442181 0.505952
0 0.453194 0.493304 0.448789 0.495040 0.444934 0.497768 0.446035 0.502480 0.449890 0.507688 0.453744 0.509673 0.457048 0.510417 0.474119 0.510913 0.486784 0.505456 0.487885 0.501736 0.485683 0.499504 0.477974 0.495288 0.469714 0.493056 0.459251 0.492560
0 0.472467 0.477679 0.464758 0.478919 0.462004 0.480159 0.459251 0.482639 0.458150 0.486359 0.464207 0.490327 0.475220 0.491319 0.483480 0.488591 0.487885 0.486111 0.486233 0.482143 0.484031 0.480655 0.478524 0.478423
0 0.482379 0.454117 0.473568 0.456845 0.470815 0.458829 0.469163 0.461806 0.470264 0.467510 0.474119 0.469742 0.480176 0.470486 0.496145 0.469742 0.500551 0.468254 0.502203 0.466766 0.503855 0.462550 0.498899 0.459077 0.491740 0.456101 0.487335 0.455605
0 0.516520 0.457589 0.511564 0.458829 0.504405 0.462302 0.503304 0.467758 0.507159 0.470734 0.514868 0.472222 0.526432 0.472966 0.531938 0.470734 0.532489 0.463294 0.531388 0.460813 0.529185 0.458581 0.526432 0.457589
0 0.506608 0.472470 0.496145 0.475198 0.490088 0.478175 0.489537 0.482887 0.492291 0.485615 0.496696 0.487351 0.507709 0.489583 0.517621 0.490079 0.525330 0.486111 0.529185 0.482639 0.528084 0.479663 0.521476 0.474206 0.515419 0.472966
0 0.498899 0.489335 0.490088 0.491815 0.486233 0.494048 0.486784 0.498016 0.498899 0.503720 0.509361 0.504216 0.513216 0.503224 0.519824 0.500000 0.520925 0.498760 0.520925 0.493800 0.517621 0.491815 0.510463 0.490079
0 0.534692 0.469742 0.527533 0.474454 0.529185 0.479167 0.534141 0.480903 0.552863 0.481647 0.560573 0.478175 0.562775 0.475694 0.562225 0.473958 0.551762 0.469990 0.544053 0.469246
0 0.552863 0.482639 0.542952 0.481399 0.535793 0.482143 0.530286 0.483383 0.519824 0.489583 0.519824 0.491319 0.522026 0.494296 0.528634 0.496528 0.534692 0.497768 0.553414 0.496776 0.563326 0.494296 0.563326 0.490079 0.561123 0.486111
0 0.867841 0.443204 0.857379 0.440476 0.848018 0.440972 0.842511 0.441964 0.833150 0.446677 0.832599 0.451141 0.838106 0.455357 0.841960 0.456597 0.850771 0.456845 0.857379 0.456349 0.863436 0.455109 0.868943 0.452381 0.870595 0.449901 0.870595 0.445188
0 0.868943 0.422619 0.862335 0.425347 0.859581 0.427579 0.864537 0.435516 0.871145 0.437748 0.879405 0.438492 0.884361 0.438492 0.891520 0.437004 0.894824 0.435516 0.897577 0.432044 0.896476 0.428075 0.892621 0.424355 0.883260 0.421875 0.872797 0.421875
0 0.823238 0.427827 0.820485 0.430804 0.821586 0.437748 0.824890 0.439236 0.838656 0.441220 0.848018 0.440724 0.857379 0.439236 0.863436 0.435764 0.861233 0.430308 0.855176 0.427083 0.851872 0.426339 0.840859 0.425099 0.834251 0.425099 0.828744 0.425843
0 0.802313 0.427083 0.790749 0.428819 0.785242 0.431052 0.784141 0.432540 0.784141 0.437500 0.792401 0.445437 0.795705 0.446925 0.804515 0.448413 0.812225 0.447421 0.815529 0.446181 0.820485 0.436756 0.820485 0.433780 0.818833 0.430556 0.814978 0.428571
0 0.767621 0.429563 0.761013 0.427083 0.750551 0.426587 0.741189 0.428571 0.729075 0.433036 0.727974 0.437004 0.729626 0.438988 0.736233 0.440228 0.752753 0.440476 0.757709 0.438988 0.763216 0.438244 0.765969 0.437252 0.768172 0.435020 0.769273 0.431300
0 0.676762 0.437500 0.671806 0.439236 0.669604 0.442708 0.671256 0.447173 0.673458 0.448909 0.677863 0.450645 0.692181 0.453621 0.696035 0.452629 0.701542 0.449901 0.703744 0.447669 0.704295 0.443204 0.698789 0.440228 0.697137 0.438492 0.692181 0.436260
0 0.591410 0.446925 0.584802 0.445437 0.576542 0.445188 0.567731 0.445933 0.558370 0.448165 0.555066 0.450645 0.555066 0.451885 0.557819 0.456101 0.562225 0.459077 0.568833 0.460813 0.579295 0.461062 0.590859 0.458085 0.595815 0.455357 0.595264 0.451141
0 0.615088 0.443204 0.611233 0.447669 0.612885 0.451637 0.616740 0.453125 0.629956 0.456101 0.640969 0.455853 0.648128 0.454613 0.650881 0.450893 0.651432 0.443452 0.646476 0.440724 0.639868 0.438740 0.630507 0.438492
0 0.639868 0.433036 0.638216 0.435268 0.639868 0.437996 0.647577 0.441468 0.656938 0.442708 0.668502 0.440972 0.672907 0.439484 0.675110 0.435764 0.673458 0.432540 0.668502 0.431052 0.657489 0.429563 0.647577 0.429563
0 0.612885 0.430060 0.602974 0.429563 0.592511 0.431052 0.585352 0.433036 0.580396 0.435268 0.579295 0.439980 0.584802 0.443948 0.594714 0.445933 0.605727 0.445933 0.610683 0.445188 0.613436 0.443948 0.618943 0.439980 0.619493 0.434276 0.617291 0.431796
0 0.578194 0.419891 0.580947 0.427827 0.585903 0.431052 0.597467 0.431052 0.606828 0.429812 0.610132 0.428819 0.612335 0.426339 0.612885 0.422619 0.611233 0.420387 0.607379 0.418899 0.596366 0.416419 0.586454 0.416667
0 0.629405 0.416667 0.622247 0.418155 0.615088 0.421131 0.613436 0.423363 0.612885 0.428075 0.620044 0.432044 0.629956 0.434772 0.639317 0.434276 0.648128 0.428819 0.651432 0.423611 0.646476 0.419891 0.641520 0.417907 0.636013 0.416915
0 0.403634 0.397073 0.390969 0.399554 0.384361 0.404514 0.387665 0.408482 0.389868 0.409226 0.402533 0.411210 0.406388 0.411210 0.411894 0.409970 0.416850 0.405506 0.417401 0.403770 0.413546 0.399058 0.408590 0.397569
0 0.611233 0.406250 0.606278 0.407242 0.596366 0.411954 0.594163 0.416171 0.610683 0.419891 0.613436 0.421131 0.621145 0.419395 0.626652 0.416171 0.626652 0.411458 0.622247 0.407738 0.614537 0.406250
0 0.595815 0.395337 0.585903 0.395337 0.580947 0.396329 0.576542 0.399306 0.572687 0.404762 0.572137 0.408482 0.575991 0.410466 0.586454 0.413938 0.595815 0.413194 0.607379 0.406746 0.609581 0.404762 0.609031 0.401042 0.607379 0.399306 0.602974 0.397321
0 0.553414 0.413690 0.550110 0.414931 0.545154 0.419891 0.544053 0.423115 0.545154 0.425099 0.551762 0.427331 0.558370 0.427827 0.571035 0.427579 0.575441 0.425843 0.577643 0.424107 0.577643 0.420883 0.575991 0.418651 0.569934 0.414931 0.564427 0.413194 0.560573 0.412698
0 0.540198 0.411458 0.534141 0.410962 0.526432 0.412698 0.517070 0.419643 0.519273 0.424107 0.525330 0.426339 0.536344 0.426835 0.542401 0.425347 0.544604 0.423859 0.546256 0.418651 0.548458 0.415923 0.546806 0.413690
0 0.491189 0.405258 0.486784 0.407242 0.483480 0.411458 0.483480 0.415923 0.486233 0.418899 0.489537 0.420635 0.494493 0.421627 0.509361 0.422123 0.513767 0.421379 0.517621 0.419643 0.524229 0.414931 0.525330 0.411210 0.523128 0.408978 0.515969 0.405754 0.502203 0.404762
0 0.453194 0.412202 0.447137 0.409474 0.438877 0.408730 0.428965 0.410466 0.412996 0.415923 0.410793 0.419395 0.412996 0.424107 0.417952 0.425595 0.427313 0.426835 0.439978 0.426339 0.446586 0.425099 0.453744 0.422371 0.455947 0.420635 0.455947 0.415427
0 0.463656 0.397073 0.456498 0.398313 0.447687 0.401290 0.444383 0.404018 0.444383 0.408482 0.457599 0.413938 0.464207 0.414931 0.474670 0.415427 0.479075 0.414435 0.482379 0.412450 0.485683 0.408234 0.485683 0.404266 0.474119 0.398065 0.467511 0.397073
0 0.507159 0.387897 0.499449 0.390129 0.494493 0.392609 0.491189 0.396081 0.490639 0.400546 0.492841 0.403274 0.495595 0.404266 0.505507 0.405258 0.516520 0.405258 0.522026 0.403770 0.525330 0.401538 0.526432 0.395585 0.523678 0.392113 0.519273 0.389633 0.511013 0.387897
0 0.574339 0.397321 0.570485 0.395585 0.560573 0.394593 0.549559 0.395585 0.534141 0.401042 0.531388 0.403522 0.531388 0.405010 0.534141 0.406498 0.542952 0.407738 0.562775 0.407986 0.569934 0.407490 0.572137 0.406002 0.575441 0.401042
0 0.629956 0.381696 0.622247 0.380704 0.612885 0.381200 0.607930 0.382440 0.604075 0.384425 0.600771 0.384921 0.597467 0.387897 0.597467 0.389137 0.600771 0.392609 0.604075 0.394097 0.611233 0.394841 0.625000 0.394593 0.629405 0.393849 0.631608 0.392113 0.632709 0.389137 0.632709 0.383929
0 0.600771 0.392361 0.594714 0.385417 0.590859 0.383433 0.587004 0.382440 0.578194 0.382937 0.573238 0.383929 0.564427 0.388641 0.565529 0.393353 0.568833 0.394593 0.577643 0.396081 0.596916 0.394841 0.599119 0.394097
0 0.650881 0.406250 0.647026 0.407490 0.640419 0.411706 0.640419 0.416171 0.650881 0.422867 0.656388 0.424355 0.665198 0.424355 0.667952 0.422867 0.674009 0.416419 0.675661 0.411954 0.672357 0.408234 0.665749 0.406250 0.658040 0.405754
0 0.657489 0.390129 0.650330 0.392609 0.644824 0.396329 0.644824 0.400546 0.646476 0.401786 0.653084 0.404762 0.674009 0.407490 0.685022 0.405010 0.689427 0.401290 0.688326 0.396825 0.686123 0.394841 0.674559 0.390625 0.666300 0.389385
0 0.709251 0.415923 0.701542 0.413442 0.692731 0.411954 0.683370 0.412450 0.677313 0.413442 0.674559 0.414683 0.671806 0.417411 0.667952 0.423363 0.674009 0.428819 0.677863 0.430060 0.683370 0.430556 0.692181 0.430556 0.697687 0.429563 0.708700 0.424603 0.713106 0.419891
0 0.727423 0.415923 0.722467 0.416667 0.715308 0.419147 0.710903 0.423859 0.709802 0.427331 0.712004 0.430060 0.714758 0.431300 0.725771 0.432788 0.735132 0.431052 0.745044 0.427827 0.748348 0.424107 0.745595 0.421131 0.738987 0.417907 0.735132 0.416667
0 0.730176 0.412202 0.729626 0.415923 0.734581 0.417163 0.743943 0.421627 0.751101 0.423363 0.753855 0.423363 0.759912 0.421627 0.764868 0.415675 0.763216 0.412946 0.758260 0.410714 0.753304 0.409722 0.742291 0.409474
0 0.829295 0.411706 0.823789 0.410962 0.817181 0.411210 0.802313 0.413938 0.796806 0.415923 0.796256 0.421131 0.797907 0.424851 0.800110 0.426091 0.813877 0.427331 0.821586 0.426587 0.830947 0.423859 0.835903 0.420387 0.835352 0.415675
0 0.838106 0.403770 0.829295 0.408234 0.830396 0.412450 0.839758 0.418403 0.846366 0.419395 0.855176 0.419147 0.860132 0.418155 0.864537 0.416171 0.866189 0.413442 0.866189 0.411210 0.862885 0.408234 0.858480 0.406002 0.851322 0.404266
0 0.870595 0.410218 0.868392 0.411954 0.867291 0.415179 0.868943 0.418403 0.873899 0.420387 0.890969 0.423363 0.900881 0.422619 0.908040 0.420139 0.909747 0.416220 0.910297 0.413517 0.909141 0.410813 0.900330 0.407242 0.882159 0.407490
0 0.812775 0.400794 0.805066 0.397569 0.797907 0.396825 0.790198 0.397569 0.778634 0.400050 0.772577 0.402530 0.768722 0.406498 0.765969 0.407986 0.767621 0.411706 0.777533 0.414435 0.784692 0.415179 0.797357 0.414931 0.811674 0.412202 0.815529 0.409226 0.814978 0.403522
0 0.743392 0.395833 0.736784 0.400050 0.736233 0.404762 0.738436 0.406994 0.741189 0.407986 0.747797 0.408978 0.761564 0.409474 0.768172 0.406746 0.774229 0.400546 0.769824 0.396825 0.761564 0.394841 0.750551 0.394593
0 0.734031 0.377728 0.727974 0.378968 0.720264 0.383681 0.719163 0.384921 0.720815 0.388889 0.723018 0.390625 0.728524 0.392857 0.734581 0.394345 0.743943 0.394841 0.750551 0.393353 0.752753 0.391865 0.754956 0.385169 0.752203 0.380208 0.748348 0.378472 0.743943 0.377728
0 0.760463 0.375248 0.758811 0.376488 0.758811 0.381200 0.760463 0.382688 0.764868 0.384921 0.774780 0.386657 0.780837 0.386905 0.793502 0.386161 0.801762 0.383929 0.807819 0.380952 0.808370 0.376984 0.800110 0.373512 0.798458 0.371528 0.795705 0.370288 0.775881 0.369792 0.770925 0.370784
0 0.830396 0.380952 0.822687 0.379960 0.817181 0.380208 0.808370 0.381944 0.799559 0.385169 0.796806 0.387897 0.796256 0.392857 0.799559 0.396577 0.813877 0.399554 0.826542 0.398065 0.833150 0.395833 0.838106 0.392857 0.841960 0.388145 0.839207 0.384177
0 0.872797 0.394841 0.868392 0.399802 0.868392 0.401042 0.870044 0.402778 0.877203 0.406002 0.883260 0.406994 0.893172 0.407490 0.899780 0.406994 0.905837 0.404762 0.908590 0.400050 0.906938 0.398065 0.902533 0.395833 0.883811 0.392361 0.877753 0.393105
0 0.865639 0.390129 0.857379 0.388641 0.841410 0.389881 0.833150 0.396081 0.835352 0.401042 0.840859 0.403026 0.855727 0.404266 0.866189 0.401786 0.871145 0.397073 0.870044 0.392361
0 0.894273 0.379960 0.888767 0.381696 0.882159 0.384921 0.881608 0.389137 0.882709 0.390873 0.886013 0.392609 0.895925 0.394841 0.909141 0.395585 0.917952 0.392361 0.920154 0.389137 0.920705 0.385169 0.919053 0.382688 0.914097 0.379960 0.910793 0.379464 0.898678 0.379464
0 0.873899 0.361607 0.863987 0.361607 0.856828 0.362847 0.847467 0.367560 0.842511 0.372768 0.844163 0.376736 0.856828 0.380952 0.866740 0.380952 0.876101 0.377976 0.883260 0.373264 0.884912 0.369792 0.884361 0.367560 0.879956 0.363591
0 0.893172 0.365079 0.889317 0.367808 0.887115 0.370784 0.886564 0.374504 0.889317 0.377976 0.892621 0.379464 0.908040 0.379464 0.915749 0.378472 0.920705 0.376240 0.924009 0.373264 0.921256 0.368056 0.915198 0.364831 0.910242 0.363591 0.898678 0.363343
0 0.562225 0.375496 0.551762 0.373760 0.546256 0.374504 0.537996 0.376736 0.533590 0.379464 0.530837 0.384177 0.530837 0.385417 0.533040 0.387153 0.541300 0.389385 0.547907 0.389881 0.555617 0.389633 0.566079 0.387153 0.569383 0.384921 0.569383 0.380952 0.566079 0.376984
0 0.601872 0.363591 0.595815 0.364335 0.591960 0.365575 0.583150 0.372024 0.582599 0.374008 0.584251 0.375744 0.592511 0.379216 0.605727 0.380704 0.612885 0.379960 0.622247 0.376736 0.623348 0.375000 0.623348 0.370040 0.621696 0.367312 0.617291 0.365327 0.610132 0.363839
0 0.629956 0.364087 0.626101 0.365575 0.622797 0.368800 0.623899 0.376488 0.631057 0.381200 0.636564 0.382192 0.644824 0.381944 0.652533 0.380456 0.661344 0.376984 0.662996 0.375744 0.664097 0.372768 0.660793 0.369544 0.652533 0.365327 0.639868 0.363343
0 0.666300 0.373760 0.658590 0.377976 0.655286 0.380704 0.654736 0.384921 0.663546 0.388889 0.672907 0.390377 0.682269 0.389881 0.688326 0.387649 0.691079 0.385417 0.691079 0.379960 0.686674 0.375248 0.681718 0.373512 0.672357 0.373264
0 0.691630 0.369048 0.687775 0.371032 0.686123 0.373760 0.691079 0.381448 0.693833 0.383929 0.697137 0.385169 0.708700 0.386161 0.714758 0.385665 0.720264 0.384425 0.724670 0.382440 0.731278 0.376736 0.729075 0.373016 0.724119 0.371032 0.716410 0.369296 0.704846 0.368552
0 0.725220 0.357391 0.720815 0.356399 0.706498 0.355903 0.698789 0.356895 0.686674 0.359375 0.682269 0.361111 0.684471 0.365327 0.690529 0.368304 0.703744 0.368800 0.717511 0.368552 0.723018 0.366815 0.725771 0.364583 0.726872 0.360367
0 0.744493 0.346478 0.734581 0.347718 0.728524 0.349206 0.721366 0.353175 0.721366 0.354167 0.723568 0.356895 0.733480 0.361855 0.741740 0.363343 0.749449 0.363343 0.752753 0.362847 0.761564 0.357639 0.762665 0.353175 0.759912 0.349454 0.752753 0.346478
0 0.767070 0.358383 0.764868 0.360615 0.764868 0.365327 0.770925 0.368304 0.778084 0.369792 0.785793 0.370288 0.796256 0.369792 0.805617 0.366567 0.809471 0.361607 0.803414 0.357391 0.791300 0.355159 0.778084 0.354663 0.772026 0.355903
0 0.832048 0.346726 0.829295 0.346230 0.817731 0.346230 0.803965 0.347966 0.799559 0.349454 0.796806 0.351935 0.796256 0.354167 0.797357 0.355407 0.812775 0.361855 0.823238 0.360863 0.832599 0.357143 0.834251 0.355159 0.835352 0.349454
0 0.871696 0.330853 0.865639 0.329613 0.858480 0.329861 0.846366 0.331349 0.843062 0.332589 0.836454 0.337798 0.836454 0.342510 0.840859 0.346726 0.846916 0.347966 0.856828 0.347470 0.871696 0.341766 0.875551 0.338294 0.875551 0.333829
0 0.906938 0.317956 0.900881 0.316468 0.890969 0.316964 0.881608 0.319196 0.877203 0.321181 0.872797 0.326389 0.875551 0.330605 0.878304 0.332589 0.882709 0.333581 0.887665 0.333829 0.897026 0.333333 0.901432 0.332341 0.911344 0.328621 0.913546 0.326637 0.912996 0.322173 0.910242 0.319444
0 0.866189 0.315724 0.861784 0.313740 0.857930 0.312996 0.854075 0.312996 0.848568 0.313740 0.837004 0.317460 0.827093 0.322173 0.825441 0.325893 0.827093 0.328869 0.831498 0.330109 0.849119 0.330605 0.866189 0.327877 0.869493 0.325893 0.871145 0.322917 0.869493 0.318204
0 0.854626 0.295883 0.849119 0.296875 0.840308 0.301091 0.838656 0.302579 0.839758 0.308532 0.841410 0.310516 0.848018 0.312252 0.853524 0.312996 0.864537 0.312748 0.872247 0.310516 0.876101 0.306548 0.877203 0.302083 0.872247 0.298611 0.868392 0.297123 0.862335 0.296131
0 0.892070 0.292411 0.885463 0.294891 0.881057 0.299355 0.881057 0.303323 0.883260 0.307044 0.887115 0.310516 0.891520 0.312252 0.900330 0.313492 0.913546 0.311260 0.919604 0.309028 0.921806 0.306796 0.921806 0.302579 0.916300 0.297123 0.910242 0.293899 0.901432 0.292163
0 0.944934 0.279018 0.934471 0.278770 0.927313 0.280258 0.918502 0.283482 0.915198 0.286954 0.915198 0.291171 0.918502 0.292659 0.935573 0.296379 0.943833 0.295139 0.953744 0.291171 0.954846 0.288938 0.954295 0.282986 0.950441 0.280258
0 0.743392 0.322173 0.734031 0.326141 0.731278 0.329861 0.734031 0.332341 0.744493 0.336558 0.751101 0.337798 0.759912 0.337798 0.768172 0.336310 0.772026 0.333829 0.774229 0.330357 0.773678 0.326141 0.769824 0.322669 0.765969 0.321677 0.758260 0.320933 0.750551 0.320933
0 0.674559 0.343750 0.668502 0.349206 0.668502 0.354663 0.670705 0.357391 0.674559 0.358879 0.684471 0.359623 0.694383 0.358383 0.700991 0.356895 0.704295 0.354663 0.704846 0.352927 0.703194 0.349454 0.698238 0.345238 0.691630 0.343254 0.679515 0.343006
0 0.707599 0.331845 0.700441 0.329365 0.692731 0.329613 0.683921 0.331597 0.677863 0.333829 0.671806 0.337798 0.674009 0.341766 0.677313 0.342758 0.687225 0.343750 0.699890 0.343750 0.707599 0.341022 0.709802 0.339038 0.709802 0.335069
0 0.656388 0.318948 0.647577 0.322421 0.643722 0.325893 0.644824 0.331349 0.648678 0.334325 0.654736 0.336558 0.662445 0.337550 0.673458 0.337302 0.686674 0.330109 0.686674 0.325893 0.681167 0.321677 0.674009 0.318948 0.666300 0.318204
0 0.786894 0.415923 0.776982 0.415675 0.767070 0.416915 0.762665 0.418403 0.757159 0.424107 0.769273 0.430308 0.778634 0.431300 0.786344 0.429812 0.791850 0.427827 0.794053 0.424851 0.793502 0.421131 0.791850 0.418403
0 0.699339 0.310764 0.692731 0.312252 0.684471 0.316716 0.683370 0.317956 0.683921 0.322421 0.691630 0.327877 0.698238 0.329117 0.709802 0.329117 0.716410 0.327133 0.721916 0.322669 0.720815 0.315228 0.718062 0.313492 0.708700 0.311012
0 0.726872 0.297867 0.715859 0.297867 0.709251 0.298859 0.700991 0.302579 0.699339 0.307292 0.703744 0.310516 0.715859 0.313244 0.719714 0.313244 0.725771 0.312252 0.729075 0.310764 0.732930 0.307044 0.734581 0.302331 0.731828 0.299603
0 0.664097 0.298115 0.660793 0.298859 0.653634 0.302579 0.652533 0.308036 0.655286 0.312004 0.661344 0.313988 0.672357 0.315476 0.678414 0.315228 0.685573 0.313988 0.688326 0.312748 0.690529 0.310516 0.691079 0.306300 0.683921 0.299355 0.680617 0.298115 0.674559 0.297619
0 0.585903 0.355655 0.579846 0.354415 0.573238 0.354415 0.560022 0.355903 0.555066 0.357391 0.549009 0.361111 0.550110 0.365327 0.553414 0.368552 0.557269 0.370040 0.566079 0.371032 0.577643 0.370784 0.585352 0.369296 0.591410 0.365575 0.590308 0.359375 0.588656 0.356895
0 0.552313 0.344246 0.542952 0.344494 0.534141 0.346478 0.527533 0.349454 0.525881 0.353671 0.528084 0.357391 0.531938 0.359375 0.542952 0.361359 0.546256 0.361111 0.551762 0.359871 0.559471 0.355903 0.561674 0.353671 0.561674 0.349206 0.558370 0.345982
0 0.583700 0.338046 0.579295 0.338790 0.568833 0.342014 0.567181 0.345982 0.568282 0.349206 0.570485 0.350942 0.576542 0.353671 0.587555 0.355407 0.597467 0.354167 0.605727 0.351438 0.608480 0.348958 0.609031 0.344742 0.606828 0.342262 0.601872 0.340278 0.595264 0.338790
0 0.631057 0.322421 0.623899 0.321925 0.615639 0.322173 0.609581 0.323413 0.605727 0.325397 0.602423 0.330853 0.606278 0.336062 0.611784 0.339038 0.619493 0.338790 0.627753 0.337302 0.640419 0.331597 0.641520 0.330605 0.640419 0.326141
0 0.585903 0.316220 0.575441 0.317956 0.572137 0.319444 0.567731 0.324157 0.566079 0.330853 0.568282 0.333829 0.572137 0.335565 0.579295 0.336806 0.588106 0.337302 0.591960 0.336558 0.598018 0.333085 0.604626 0.326389 0.604075 0.321925 0.595264 0.317212
0 0.613436 0.288194 0.603524 0.287946 0.587555 0.290923 0.582599 0.294891 0.580947 0.298859 0.588106 0.304315 0.592511 0.305060 0.604626 0.304812 0.610132 0.303571 0.616189 0.301091 0.618943 0.299107 0.620595 0.293403 0.620044 0.291171
0 0.560022 0.276290 0.549559 0.279266 0.547357 0.280754 0.545705 0.285714 0.546256 0.291171 0.547907 0.292659 0.553414 0.294395 0.560573 0.295387 0.568282 0.295139 0.572687 0.294147 0.582599 0.289931 0.583700 0.288194 0.582599 0.282738 0.580947 0.280258 0.578194 0.278522 0.572137 0.277282
0 0.551211 0.308284 0.544604 0.310268 0.541850 0.312500 0.541300 0.318204 0.544604 0.320437 0.550661 0.322669 0.558370 0.323413 0.566079 0.322917 0.569934 0.321429 0.573789 0.318452 0.573789 0.313492 0.571035 0.311260 0.566630 0.309524 0.561123 0.308532
0 0.510463 0.306052 0.506608 0.307044 0.500551 0.310268 0.498348 0.313740 0.500551 0.318948 0.503855 0.320933 0.509912 0.322421 0.515419 0.322917 0.528084 0.322421 0.534692 0.320437 0.539097 0.318204 0.540749 0.310516 0.533590 0.307044 0.526982 0.305556
0 0.445485 0.345238 0.441079 0.349702 0.444383 0.353671 0.452643 0.357143 0.463656 0.358879 0.474670 0.359127 0.482930 0.357639 0.485683 0.356151 0.487885 0.353671 0.488987 0.347718 0.487885 0.345734 0.482930 0.343998 0.473568 0.342510 0.454846 0.342262 0.449890 0.343254
0 0.491740 0.329117 0.486233 0.331101 0.482379 0.333581 0.479075 0.337798 0.479075 0.341766 0.490639 0.346230 0.501652 0.346478 0.508260 0.345238 0.514868 0.341766 0.515969 0.339534 0.515419 0.334077 0.512665 0.331845 0.506057 0.329365 0.502753 0.328869
0 0.447137 0.323909 0.441630 0.325645 0.437225 0.329117 0.432819 0.333829 0.433370 0.338046 0.438877 0.340526 0.446586 0.341518 0.457599 0.341518 0.465859 0.339782 0.468612 0.338046 0.470815 0.334325 0.469163 0.328869 0.464758 0.325149 0.457599 0.323909
0 0.488436 0.309028 0.484031 0.308036 0.474119 0.308284 0.466960 0.309028 0.462555 0.310516 0.459251 0.313244 0.458700 0.315228 0.460352 0.317956 0.460352 0.322173 0.464758 0.324405 0.470264 0.325149 0.483480 0.324901 0.489537 0.323661 0.495044 0.321181 0.498348 0.318700 0.497247 0.315228 0.495044 0.312252
0 0.686123 0.286954 0.680066 0.284722 0.674559 0.283730 0.664648 0.284226 0.651982 0.286954 0.646476 0.290675 0.648678 0.297371 0.649780 0.298115 0.655837 0.299355 0.665749 0.297867 0.683370 0.297371 0.687225 0.295635 0.688326 0.293403 0.688326 0.289931
0 0.723568 0.279762 0.716960 0.279018 0.708700 0.280258 0.693282 0.285218 0.689978 0.290427 0.690529 0.293651 0.692731 0.295387 0.699339 0.295883 0.708150 0.298363 0.718062 0.297619 0.723018 0.296131 0.727974 0.292659 0.730727 0.287450 0.729075 0.282490 0.726872 0.280754
0 0.779185 0.291667 0.769273 0.291419 0.756057 0.294643 0.748899 0.298363 0.748348 0.303075 0.751652 0.305308 0.758811 0.307044 0.768172 0.308284 0.771476 0.308036 0.779185 0.305308 0.783040 0.302827 0.785242 0.297123 0.785242 0.294147 0.782489 0.292411
0 0.817731 0.293651 0.811674 0.293155 0.801762 0.294147 0.795705 0.295635 0.792401 0.297619 0.790749 0.300843 0.791300 0.304315 0.795705 0.307788 0.802863 0.311012 0.812775 0.310764 0.824890 0.306548 0.828194 0.304315 0.828744 0.301339 0.827093 0.298115 0.824890 0.296379
0 0.795154 0.281002 0.793502 0.285218 0.794604 0.288938 0.795705 0.289683 0.807269 0.292411 0.817181 0.292659 0.826542 0.291667 0.832599 0.290427 0.838106 0.287450 0.837555 0.282986 0.830396 0.278274 0.822137 0.276538 0.812225 0.276538 0.803414 0.278770 0.799009 0.279266
0 0.805617 0.262649 0.794604 0.262649 0.791850 0.263145 0.783590 0.267113 0.780837 0.271081 0.780286 0.275546 0.787445 0.279018 0.796806 0.279762 0.807819 0.278026 0.814427 0.275794 0.814427 0.270089 0.813326 0.267857 0.809471 0.263889
0 0.734581 0.264633 0.726872 0.267361 0.724119 0.270089 0.724119 0.275794 0.726322 0.279514 0.731278 0.283482 0.736233 0.284474 0.745044 0.284474 0.751652 0.282986 0.757159 0.279762 0.759361 0.276786 0.759361 0.274554 0.754956 0.268849 0.748899 0.265625 0.743943 0.264385
0 0.709802 0.263641 0.699339 0.264137 0.689427 0.267609 0.689978 0.279514 0.691079 0.280506 0.699890 0.280258 0.703744 0.278770 0.716410 0.276786 0.719163 0.275794 0.721366 0.272321 0.721366 0.267609
0 0.586454 0.269593 0.582599 0.271577 0.578744 0.275050 0.580396 0.279018 0.586454 0.284970 0.601322 0.285714 0.606278 0.285466 0.609031 0.284474 0.614537 0.279266 0.614537 0.275050 0.608480 0.271081 0.604626 0.269841 0.595815 0.269097
0 0.650330 0.279018 0.639317 0.277034 0.629956 0.277034 0.621696 0.278274 0.615639 0.280010 0.610683 0.282738 0.611233 0.287202 0.621696 0.291419 0.626101 0.292163 0.631608 0.292411 0.640969 0.290923 0.644824 0.289683 0.649229 0.286458 0.650881 0.283978
0 0.660242 0.263145 0.648678 0.259921 0.637665 0.260169 0.630507 0.261409 0.626652 0.262897 0.620595 0.267113 0.620595 0.268353 0.625000 0.273313 0.629956 0.275546 0.635463 0.276290 0.642070 0.276290 0.650330 0.275050 0.655286 0.273313 0.664097 0.267609
0 0.672357 0.264385 0.666850 0.266121 0.658040 0.271081 0.655837 0.275546 0.659141 0.279018 0.665198 0.280754 0.672357 0.281250 0.681167 0.281002 0.683921 0.280258 0.688326 0.275794 0.689427 0.271825 0.688326 0.268353 0.686123 0.266369 0.683370 0.265377
0 0.691630 0.244544 0.683370 0.245536 0.675661 0.248016 0.669604 0.255456 0.669604 0.260417 0.675110 0.263889 0.682819 0.265377 0.692181 0.265625 0.697687 0.264137 0.704846 0.260913 0.709251 0.256200 0.708700 0.251736 0.705396 0.248264 0.700441 0.246032
0 0.621145 0.244792 0.608480 0.248016 0.607379 0.252232 0.613436 0.254712 0.618392 0.257937 0.623899 0.258433 0.631057 0.257192 0.636564 0.252976 0.637115 0.251488 0.634912 0.248512 0.630507 0.245536
0 0.603524 0.251240 0.589758 0.254216 0.585903 0.255952 0.583150 0.260169 0.586454 0.263145 0.591410 0.265129 0.598568 0.266617 0.605727 0.267113 0.611233 0.265873 0.614537 0.263393 0.616740 0.260417 0.616740 0.255704 0.611784 0.252480
0 0.558370 0.262153 0.554515 0.261657 0.543502 0.261905 0.537445 0.262897 0.534141 0.264137 0.526982 0.271081 0.529185 0.274554 0.533590 0.277034 0.542952 0.278770 0.552313 0.278274 0.562775 0.274306 0.564978 0.271825 0.566079 0.267113 0.562775 0.263641
0 0.515969 0.286954 0.511013 0.288194 0.506057 0.290923 0.508260 0.295635 0.514868 0.299355 0.524780 0.301091 0.534141 0.300347 0.539097 0.299107 0.545154 0.294891 0.544053 0.290923 0.541300 0.287946 0.538546 0.286954 0.531388 0.286458
0 0.470815 0.294643 0.466960 0.299107 0.471366 0.302083 0.477974 0.304812 0.481828 0.305804 0.495595 0.306052 0.502753 0.305556 0.507159 0.304067 0.510463 0.298363 0.508260 0.294147 0.506057 0.292163 0.502203 0.290675 0.493392 0.289435 0.488987 0.289435 0.483480 0.290427
0 0.463656 0.300843 0.457599 0.299851 0.438877 0.300595 0.432819 0.302827 0.428965 0.306796 0.431718 0.311012 0.436674 0.314484 0.448789 0.315476 0.460903 0.311508 0.467511 0.306796 0.466960 0.303323
0 0.433921 0.322421 0.429515 0.320437 0.422907 0.319196 0.410793 0.320437 0.401432 0.324901 0.394273 0.327133 0.393172 0.330605 0.394824 0.332589 0.401432 0.334077 0.411894 0.334821 0.425661 0.334077 0.429515 0.333333 0.433921 0.330109 0.435573 0.326637
0 0.422357 0.304315 0.412445 0.304067 0.404185 0.306300 0.400330 0.308532 0.399780 0.311260 0.403634 0.316468 0.408040 0.319196 0.410793 0.319940 0.414648 0.319940 0.421806 0.318452 0.425661 0.314980 0.428414 0.310764 0.427863 0.307540 0.426211 0.305556
0 0.384361 0.308284 0.378304 0.309276 0.372797 0.312004 0.366189 0.317460 0.366189 0.322421 0.367841 0.323661 0.375551 0.325893 0.386013 0.327381 0.390419 0.327133 0.399780 0.325397 0.405837 0.322421 0.405286 0.317956 0.398128 0.309524 0.395925 0.308532
0 0.372247 0.294643 0.369493 0.295883 0.366740 0.298611 0.368392 0.303819 0.372247 0.306300 0.377753 0.307540 0.390969 0.308036 0.397577 0.307540 0.406388 0.304812 0.408040 0.303323 0.407489 0.298859 0.401432 0.294147 0.399229 0.293403 0.386013 0.292163
0 0.464207 0.290427 0.459802 0.288442 0.454846 0.287450 0.444383 0.287202 0.429515 0.288194 0.423458 0.290427 0.417952 0.294395 0.418502 0.299107 0.421256 0.300595 0.449339 0.300595 0.459802 0.299603 0.464758 0.297867 0.466410 0.295635
0 0.404736 0.271825 0.400330 0.274058 0.395925 0.279266 0.395925 0.283482 0.403634 0.287450 0.412445 0.288442 0.424009 0.288690 0.432269 0.287450 0.435573 0.284722 0.435573 0.280258 0.431167 0.276042 0.424009 0.272569 0.418502 0.271329 0.412445 0.270833
0 0.477974 0.271329 0.469714 0.275546 0.468612 0.280010 0.471916 0.283234 0.480727 0.286706 0.488987 0.288442 0.500551 0.288938 0.504405 0.287946 0.508811 0.284226 0.509361 0.279266 0.503304 0.272817 0.500000 0.271329 0.492841 0.269593 0.482379 0.270337
0 0.518172 0.254216 0.508811 0.254960 0.502753 0.256944 0.494493 0.260913 0.491740 0.263393 0.490639 0.268105 0.495044 0.270089 0.508260 0.273562 0.517070 0.272321 0.525330 0.270089 0.529736 0.268105 0.533040 0.263889 0.533040 0.259673 0.526432 0.255704
0 0.744493 0.168899 0.734031 0.169147 0.730176 0.169891 0.720264 0.173859 0.715308 0.176835 0.714758 0.178323 0.719714 0.185516 0.726322 0.187252 0.739537 0.187004 0.745595 0.185764 0.748899 0.183780 0.752753 0.178075 0.751652 0.173363 0.748899 0.170139
0 0.476322 0.240575 0.469163 0.244048 0.469714 0.247520 0.474119 0.251984 0.482379 0.255704 0.489537 0.257440 0.500000 0.257440 0.509912 0.254216 0.514317 0.250248 0.514868 0.247024 0.509361 0.243304 0.501101 0.240823 0.492291 0.239583 0.481828 0.239583
0 0.441079 0.249752 0.429515 0.249752 0.426211 0.250496 0.421806 0.252480 0.417401 0.255704 0.416300 0.259921 0.421256 0.262649 0.422357 0.264137 0.428965 0.266369 0.439427 0.265625 0.448238 0.263889 0.452643 0.262153 0.454846 0.259921 0.453194 0.255704 0.449339 0.252480 0.446586 0.250992
0 0.425110 0.230903 0.416850 0.231151 0.409692 0.232391 0.403084 0.236111 0.400330 0.240575 0.406388 0.245536 0.410242 0.247024 0.421256 0.248016 0.428965 0.247272 0.440529 0.242312 0.441630 0.239087 0.439978 0.234623 0.434471 0.232391
0 0.397026 0.243056 0.388216 0.241071 0.377753 0.241319 0.369493 0.244048 0.363987 0.247520 0.361784 0.250992 0.361784 0.252232 0.368392 0.256944 0.379405 0.257192 0.387115 0.255456 0.397026 0.251240 0.400330 0.248512 0.399780 0.244544
0 0.395374 0.261409 0.388216 0.260169 0.381057 0.260417 0.375000 0.261409 0.369493 0.263393 0.365639 0.267609 0.365639 0.271825 0.369493 0.275050 0.376652 0.276538 0.387665 0.276538 0.395374 0.274802 0.399780 0.272817 0.401982 0.270585 0.402533 0.267361 0.398678 0.262897
0 0.342511 0.298115 0.330947 0.302083 0.327643 0.305804 0.327643 0.310764 0.330396 0.313988 0.342511 0.317212 0.353524 0.317460 0.362335 0.316220 0.366740 0.314484 0.367841 0.312252 0.365639 0.301835 0.362885 0.299851 0.354626 0.298115
0 0.365639 0.274554 0.359581 0.274058 0.349670 0.275050 0.345264 0.276290 0.339207 0.279266 0.337555 0.282242 0.337555 0.287202 0.345264 0.291171 0.351872 0.292163 0.361233 0.292411 0.365639 0.291667 0.371696 0.288690 0.373899 0.285466 0.373899 0.279762 0.371696 0.276786
0 0.325441 0.285466 0.317731 0.284474 0.308921 0.284722 0.296806 0.288194 0.292952 0.290923 0.295154 0.295883 0.303414 0.298859 0.307819 0.299603 0.317731 0.299603 0.324890 0.298363 0.327093 0.296875 0.329295 0.291171 0.328194 0.286954
0 0.263767 0.300099 0.256608 0.301091 0.249449 0.304563 0.247247 0.307540 0.247247 0.313492 0.248348 0.314980 0.257159 0.318452 0.264868 0.320188 0.273128 0.319692 0.278634 0.318452 0.283590 0.316468 0.286344 0.314236 0.286894 0.309276 0.285242 0.305556 0.280286 0.302579 0.274229 0.300843
0 0.248348 0.283234 0.232379 0.288690 0.227423 0.290923 0.225220 0.293651 0.226872 0.298859 0.236784 0.302331 0.245595 0.303323 0.248899 0.303323 0.253855 0.301835 0.260463 0.298611 0.264868 0.295387 0.265969 0.291667 0.265419 0.288938 0.263216 0.286954 0.257159 0.284474
0 0.247247 0.260913 0.243943 0.263145 0.243392 0.270833 0.247247 0.273810 0.256057 0.276538 0.264868 0.276538 0.274229 0.274802 0.280286 0.271577 0.280837 0.267361 0.274780 0.262649 0.264317 0.259673 0.255507 0.259425
0 0.187225 0.293899 0.184471 0.297619 0.185022 0.300347 0.187225 0.302827 0.195485 0.306052 0.203194 0.307044 0.208150 0.306796 0.212555 0.306052 0.218062 0.303323 0.220815 0.298115 0.213106 0.293155 0.205396 0.291915 0.194934 0.291667
0 0.197687 0.276786 0.191079 0.279266 0.187775 0.282490 0.186674 0.287450 0.188326 0.288690 0.194934 0.291419 0.201542 0.292411 0.213106 0.291915 0.220815 0.290179 0.224670 0.287450 0.223568 0.282986 0.219163 0.279762 0.213106 0.277282 0.208150 0.276290 0.202643 0.276042
0 0.110132 0.280754 0.098018 0.281746 0.090859 0.284722 0.088656 0.286706 0.088106 0.291667 0.090859 0.294395 0.094714 0.295635 0.099670 0.296379 0.112335 0.296131 0.118943 0.294891 0.123899 0.291915 0.124449 0.286954 0.121696 0.283978 0.116740 0.281994
0 0.090859 0.250992 0.090308 0.252480 0.092511 0.255952 0.099119 0.257688 0.109581 0.258433 0.125551 0.258185 0.127203 0.257440 0.127753 0.255208 0.125000 0.251984 0.115639 0.247272 0.109581 0.245784 0.100220 0.246280
0 0.334031 0.611905 0.331388 0.616096 0.334747 0.619593 0.343062 0.622024 0.352423 0.622272 0.362885 0.619643 0.366685 0.616915 0.367070 0.614484 0.367291 0.611359 0.352974 0.606895 0.342511 0.606895
0 0.134912 0.260913 0.125551 0.258433 0.122247 0.258185 0.113436 0.258433 0.109581 0.259673 0.100771 0.267113 0.102974 0.271329 0.108480 0.274306 0.117841 0.274306 0.126101 0.273065 0.134912 0.269593 0.137665 0.267361 0.138216 0.263393
0 0.274229 0.228423 0.267621 0.232143 0.267621 0.233383 0.269273 0.235367 0.274229 0.237599 0.278084 0.240823 0.282489 0.242063 0.291300 0.242063 0.300110 0.239087 0.303414 0.236607 0.303414 0.232391 0.299559 0.230159 0.291300 0.227679 0.280286 0.227431
0 0.230176 0.220486 0.221916 0.224454 0.219163 0.227679 0.219163 0.230407 0.221366 0.234375 0.223568 0.236607 0.229626 0.238591 0.238987 0.239087 0.247797 0.238839 0.254956 0.232887 0.254405 0.228175 0.249449 0.223462 0.242841 0.220486 0.240088 0.219990
0 0.265419 0.207837 0.262665 0.209325 0.260463 0.212550 0.261013 0.216766 0.265419 0.220486 0.273128 0.221230 0.283040 0.220982 0.286894 0.218750 0.291850 0.218006 0.294053 0.217014 0.294053 0.212550 0.289097 0.208829 0.280286 0.207093 0.272026 0.207093
0 0.107930 0.172123 0.101872 0.173611 0.096916 0.177331 0.096916 0.182044 0.103524 0.185764 0.107930 0.186756 0.118943 0.187004 0.125551 0.185268 0.132709 0.181796 0.133260 0.177579 0.126652 0.174355 0.118943 0.172371
0 0.870044 0.204861 0.865088 0.201141 0.857930 0.199157 0.847467 0.199157 0.829295 0.205109 0.827643 0.208085 0.828744 0.212054 0.830947 0.213294 0.845815 0.215030 0.857379 0.213790 0.865639 0.211806 0.870044 0.209325
0 0.762115 0.138889 0.752753 0.139633 0.748348 0.140625 0.746145 0.141617 0.742291 0.145585 0.742841 0.151042 0.747247 0.154266 0.751101 0.156002 0.754405 0.156498 0.761564 0.156746 0.765969 0.155754 0.770374 0.154018 0.775881 0.150546 0.776432 0.145833 0.774780 0.142361 0.769824 0.139633
0 0.786344 0.441468 0.781388 0.439484 0.771476 0.437996 0.768172 0.437996 0.763216 0.438988 0.756057 0.441468 0.747247 0.447421 0.745595 0.450645 0.746696 0.453125 0.748899 0.454117 0.756608 0.455357 0.769824 0.455357 0.785242 0.449405 0.788546 0.443948
0 0.715859 0.441716 0.709802 0.442956 0.703744 0.447173 0.703194 0.451389 0.705396 0.455109 0.708700 0.456349 0.716410 0.457093 0.725771 0.456597 0.730176 0.455109 0.734581 0.451389 0.735132 0.447173 0.726322 0.442708 0.719714 0.441716
0 0.581498 0.462550 0.580947 0.467014 0.587004 0.471230 0.612335 0.470238 0.616189 0.469246 0.619493 0.467014 0.620044 0.462798 0.613987 0.459077 0.609031 0.457589 0.594163 0.457093 0.584802 0.460069
0 0.634361 0.461558 0.626652 0.462798 0.620595 0.466270 0.620044 0.467510 0.621696 0.470734 0.629956 0.476687 0.634361 0.478423 0.640419 0.479167 0.648678 0.477183 0.653084 0.474702 0.654185 0.472470 0.654185 0.466022 0.649229 0.462798 0.641520 0.461558
0 0.699339 0.470486 0.691630 0.469246 0.675110 0.469742 0.667952 0.470734 0.664648 0.471726 0.661344 0.474206 0.661894 0.476935 0.664097 0.479415 0.669053 0.481895 0.674009 0.483383 0.687225 0.483383 0.691630 0.482887 0.697137 0.480655 0.701542 0.475198
0 0.819383 0.448413 0.808921 0.449901 0.802863 0.453621 0.801762 0.455357 0.805617 0.462550 0.809471 0.465278 0.816079 0.467014 0.823789 0.467262 0.831498 0.466270 0.839758 0.463790 0.840859 0.458085 0.833150 0.451389 0.825441 0.448661
0 0.797907 0.452629 0.787445 0.450893 0.778084 0.451637 0.766520 0.457341 0.763216 0.463046 0.766520 0.467262 0.769824 0.468750 0.774780 0.469742 0.780837 0.469742 0.795154 0.467014 0.799009 0.465278 0.802313 0.462550 0.803965 0.457837 0.801762 0.454365
0 0.875000 0.444196 0.872247 0.446677 0.872247 0.448909 0.873899 0.451885 0.877753 0.453621 0.898128 0.456597 0.902533 0.456349 0.910242 0.454613 0.912996 0.451637 0.911894 0.449405 0.908590 0.446925 0.899229 0.443204 0.892621 0.441964 0.882159 0.441468
0 0.888767 0.455605 0.882709 0.454861 0.873348 0.455109 0.864537 0.456845 0.861233 0.458829 0.860132 0.461310 0.860683 0.466766 0.865088 0.470486 0.872797 0.473462 0.883260 0.472966 0.895925 0.470982 0.900330 0.468750 0.901432 0.467014 0.900881 0.461806 0.896476 0.458085
0 0.942731 0.474702 0.940529 0.475446 0.934471 0.475942 0.925661 0.478175 0.923458 0.481399 0.923458 0.483879 0.926211 0.487103 0.935022 0.489335 0.943833 0.490327 0.949890 0.488095 0.953194 0.485863 0.955947 0.482639 0.955947 0.478423 0.952643 0.475942
0 0.881608 0.473710 0.878855 0.474950 0.877753 0.478671 0.879405 0.482391 0.882709 0.485119 0.886013 0.486855 0.890419 0.487847 0.900881 0.488343 0.909141 0.484871 0.910793 0.483135 0.911344 0.478423 0.908590 0.474702 0.900330 0.471974 0.890969 0.472470
0 0.899229 0.496032 0.888767 0.497768 0.885463 0.499256 0.882159 0.501984 0.879956 0.505952 0.883811 0.506448 0.890969 0.510417 0.901982 0.511409 0.909141 0.510417 0.917401 0.506200 0.920154 0.501488 0.915749 0.498760 0.909141 0.496776
0 0.864537 0.491319 0.856278 0.492063 0.852974 0.493552 0.851872 0.499008 0.849670 0.501984 0.853524 0.506696 0.863987 0.509177 0.866189 0.509177 0.879405 0.505952 0.883260 0.502976 0.886013 0.497768 0.882159 0.493304 0.876101 0.492063
0 0.847467 0.500992 0.844714 0.499752 0.840308 0.499008 0.830396 0.499504 0.821035 0.499256 0.812225 0.502232 0.809471 0.503720 0.808370 0.506448 0.810022 0.511409 0.812775 0.513641 0.822687 0.515129 0.830947 0.515377 0.838656 0.514385 0.843612 0.512897 0.849670 0.509673 0.852974 0.505952
0 0.821586 0.489087 0.814978 0.487103 0.802313 0.486359 0.794053 0.486855 0.781938 0.490079 0.778634 0.494048 0.780286 0.498512 0.783040 0.501240 0.788546 0.502728 0.802313 0.502976 0.817731 0.500744 0.821035 0.499256 0.824890 0.495040 0.824890 0.492808
0 0.736233 0.467758 0.726322 0.467758 0.720264 0.468998 0.704846 0.474950 0.703194 0.477431 0.704295 0.480903 0.707599 0.482887 0.716960 0.486111 0.726322 0.486607 0.736233 0.484623 0.750000 0.478423 0.751652 0.474950 0.750000 0.472966 0.743943 0.469742
0 0.677313 0.483879 0.667952 0.490079 0.673458 0.497520 0.678965 0.499504 0.688326 0.500496 0.699890 0.500744 0.703194 0.498264 0.704295 0.493800 0.696035 0.484623 0.692731 0.483135 0.684471 0.483135
0 0.647577 0.486111 0.640969 0.488095 0.637665 0.489831 0.634361 0.497768 0.635463 0.500000 0.639868 0.502976 0.644273 0.503720 0.656938 0.503720 0.663546 0.502976 0.669053 0.500992 0.671806 0.498512 0.669604 0.492063 0.666850 0.489583 0.657489 0.487103
0 0.590308 0.472966 0.588106 0.476687 0.588656 0.482391 0.595264 0.486111 0.604626 0.488095 0.610132 0.486855 0.622247 0.485615 0.625551 0.484375 0.628855 0.479663 0.628855 0.477431 0.627203 0.474702 0.622797 0.472966 0.606828 0.470486 0.595264 0.470982
0 0.587004 0.481895 0.577643 0.481399 0.570485 0.482143 0.566079 0.483135 0.563326 0.484623 0.561674 0.486607 0.563877 0.493552 0.568833 0.496032 0.575441 0.496528 0.582599 0.496280 0.591410 0.494792 0.595264 0.493056 0.596916 0.490823 0.595264 0.486111
0 0.601872 0.490079 0.601872 0.494544 0.604626 0.498760 0.612335 0.499752 0.627753 0.500248 0.631608 0.499752 0.635463 0.494296 0.636013 0.490079 0.633811 0.489087 0.622797 0.486607 0.618392 0.486607 0.604075 0.489087
0 0.635463 0.501984 0.631057 0.500744 0.609306 0.500273 0.603524 0.500694 0.606828 0.506696 0.609031 0.509673 0.619493 0.511161 0.624449 0.511161 0.628855 0.510417 0.636013 0.505952
0 0.577643 0.499504 0.574339 0.500248 0.571035 0.502480 0.569934 0.506200 0.571586 0.510169 0.578194 0.513641 0.588106 0.514633 0.595264 0.513393 0.605727 0.508433 0.606828 0.504960 0.604626 0.501488 0.598568 0.499752 0.594163 0.499256
0 0.572137 0.498016 0.561674 0.495536 0.551762 0.497024 0.536894 0.498016 0.533590 0.499256 0.531388 0.502728 0.534692 0.505952 0.552313 0.509177 0.564978 0.509177 0.569383 0.508433 0.571035 0.506944 0.573238 0.502232
0 0.510463 0.506696 0.508260 0.509425 0.508811 0.514633 0.511013 0.516865 0.515419 0.518601 0.525881 0.518849 0.544053 0.517857 0.550661 0.515873 0.551762 0.512897 0.549559 0.509673 0.544604 0.507688 0.533590 0.504960 0.526432 0.503720 0.518172 0.503968
0 0.486233 0.506448 0.477974 0.509921 0.476872 0.513889 0.485132 0.519345 0.488987 0.520337 0.501101 0.521329 0.506608 0.519097 0.508811 0.516369 0.508811 0.511905 0.506608 0.508433 0.504405 0.507192 0.498899 0.506200 0.491189 0.505704
0 0.442731 0.517609 0.443833 0.521577 0.461454 0.525298 0.474670 0.524802 0.487335 0.521577 0.482379 0.517113 0.474670 0.512649 0.465859 0.511161 0.455396 0.511161 0.447687 0.512897
0 0.490088 0.520833 0.471916 0.525546 0.471916 0.529514 0.474670 0.532986 0.481828 0.535714 0.490639 0.537946 0.498348 0.537946 0.505507 0.536210 0.510463 0.534226 0.512115 0.528770 0.507709 0.524058 0.498348 0.521825
0 0.594714 0.514881 0.588656 0.516121 0.578194 0.520089 0.574339 0.525546 0.578194 0.529762 0.581498 0.530754 0.594714 0.531994 0.604075 0.531746 0.608480 0.531002 0.612885 0.528522 0.616189 0.525050 0.616740 0.521329 0.613436 0.517857 0.610132 0.516617
0 0.568833 0.510913 0.560022 0.510417 0.556167 0.511161 0.552313 0.513393 0.551762 0.516121 0.539648 0.519940 0.545540 0.526339 0.553414 0.530258 0.561674 0.530754 0.567621 0.527108 0.572247 0.524851 0.576707 0.520734 0.577368 0.519841 0.577808 0.517312 0.578194 0.515129 0.575991 0.513145
0 0.517621 0.519841 0.515419 0.520833 0.512115 0.524554 0.512115 0.533482 0.514317 0.536954 0.523128 0.538938 0.535242 0.539683 0.542952 0.537202 0.547357 0.533482 0.547357 0.529762 0.544604 0.525298 0.539097 0.520833 0.535242 0.519345 0.524229 0.519097
0 0.578194 0.532986 0.570485 0.531250 0.554515 0.532242 0.545705 0.535714 0.540749 0.539187 0.539097 0.541667 0.541300 0.543899 0.546256 0.546379 0.555066 0.547867 0.562775 0.548115 0.578744 0.546875 0.583700 0.543651 0.585352 0.540675 0.583150 0.536706
0 0.604626 0.536210 0.595815 0.537202 0.590859 0.538690 0.587555 0.540427 0.584251 0.544643 0.585352 0.548611 0.587004 0.550347 0.591410 0.552827 0.595264 0.553571 0.605176 0.553323 0.611233 0.549851 0.614537 0.546627 0.614537 0.540923 0.612885 0.538938 0.610683 0.537698
0 0.589758 0.552579 0.585903 0.550099 0.580396 0.548363 0.568833 0.547619 0.556167 0.549603 0.551762 0.551835 0.547357 0.556796 0.550661 0.560764 0.553965 0.562004 0.557819 0.562500 0.578744 0.562748 0.582599 0.561756 0.588106 0.558780
0 0.620044 0.523562 0.610683 0.529514 0.607379 0.533234 0.606828 0.537202 0.616740 0.542411 0.629956 0.543651 0.636564 0.543155 0.648678 0.540675 0.653084 0.538194 0.655286 0.533978 0.654185 0.530010 0.651432 0.527530 0.643172 0.525298 0.634361 0.524306 0.630507 0.523313
0 0.638767 0.506944 0.629956 0.509921 0.624449 0.513393 0.624449 0.516865 0.626101 0.520337 0.632159 0.523313 0.638216 0.524802 0.651432 0.525050 0.656938 0.524554 0.664648 0.521577 0.667401 0.519345 0.667952 0.517113 0.665198 0.512649 0.660793 0.508929 0.656388 0.507440
0 0.672357 0.502480 0.666850 0.503968 0.662445 0.508185 0.661894 0.510169 0.670154 0.518601 0.673458 0.520089 0.682819 0.520585 0.695485 0.513641 0.694383 0.505952 0.692181 0.503968 0.689427 0.502976 0.683921 0.502232
0 0.665198 0.522321 0.659141 0.524554 0.657489 0.526042 0.655837 0.529514 0.658590 0.533482 0.663546 0.535218 0.672907 0.537202 0.682269 0.535962 0.689978 0.533234 0.690529 0.528770 0.680617 0.522817 0.676211 0.522073
0 0.699339 0.512649 0.691079 0.515625 0.681167 0.521329 0.682819 0.524802 0.685022 0.526786 0.693833 0.530010 0.699339 0.530258 0.707048 0.531498 0.714207 0.531250 0.719163 0.530010 0.723018 0.527034 0.724670 0.520833 0.720815 0.516617 0.714758 0.513393 0.709251 0.511905
0 0.727423 0.527282 0.723018 0.528274 0.715308 0.532738 0.716410 0.537202 0.721916 0.541915 0.724670 0.543155 0.734031 0.545883 0.743392 0.545139 0.749449 0.542411 0.754405 0.537946 0.753304 0.532986 0.747797 0.530010 0.736784 0.527034
0 0.742841 0.509673 0.726872 0.512897 0.724119 0.514385 0.722467 0.517857 0.725771 0.522073 0.731828 0.525546 0.735132 0.526290 0.745044 0.527034 0.756057 0.525050 0.758811 0.524058 0.760463 0.522073 0.760463 0.517609 0.754405 0.511905 0.751101 0.510665
0 0.777533 0.505952 0.764868 0.510169 0.760463 0.513393 0.761564 0.521081 0.764317 0.524802 0.766520 0.526042 0.776982 0.527778 0.787445 0.527530 0.795705 0.525794 0.800110 0.521825 0.800661 0.516865 0.799559 0.513641 0.793502 0.510169 0.783040 0.506944
0 0.838656 0.515377 0.826542 0.520337 0.825441 0.521329 0.824890 0.525794 0.829295 0.529266 0.837004 0.530506 0.843062 0.530506 0.850771 0.529266 0.855727 0.527034 0.859581 0.523313 0.860132 0.520833 0.857379 0.518601 0.849119 0.515873
0 0.865639 0.522817 0.859031 0.525298 0.857930 0.527034 0.854075 0.529266 0.853524 0.533482 0.856278 0.536706 0.863987 0.538690 0.866189 0.538690 0.873899 0.536954 0.882709 0.533730 0.886564 0.529514 0.882709 0.525298 0.873899 0.523562
0 0.804515 0.527034 0.794604 0.526786 0.783590 0.528770 0.778084 0.531002 0.772577 0.537202 0.781938 0.543651 0.785242 0.544395 0.797357 0.544395 0.802313 0.543403 0.805066 0.541171 0.807819 0.540179 0.811123 0.537450 0.812775 0.531746 0.810573 0.529018
0 0.771476 0.537946 0.768172 0.537450 0.757709 0.538442 0.751101 0.540923 0.744493 0.544643 0.741740 0.549355 0.743392 0.553323 0.745044 0.554315 0.748899 0.555060 0.753855 0.555060 0.762665 0.554067 0.769824 0.552579 0.780837 0.549107 0.782489 0.544643 0.778634 0.541171
0 0.699339 0.532490 0.689978 0.533482 0.681718 0.536706 0.680617 0.541171 0.685022 0.548611 0.692181 0.550843 0.701542 0.551835 0.708700 0.550595 0.716410 0.547619 0.719163 0.545139 0.719163 0.540427 0.714207 0.535714 0.710903 0.534226
0 0.656388 0.548859 0.645925 0.553571 0.643722 0.560764 0.647577 0.562996 0.659141 0.565972 0.664097 0.566716 0.674009 0.566716 0.676211 0.565228 0.680066 0.558532 0.680066 0.555804 0.676762 0.551091 0.674009 0.549603 0.666850 0.548363
0 0.612885 0.549355 0.607930 0.552579 0.608480 0.557292 0.617291 0.560020 0.622797 0.562748 0.639868 0.562748 0.642621 0.561508 0.644273 0.559524 0.645925 0.553819 0.645374 0.552083 0.639868 0.549851 0.631608 0.548859 0.621696 0.548611
0 0.612335 0.558780 0.607379 0.558284 0.591960 0.558780 0.588656 0.559524 0.584251 0.562252 0.582599 0.564236 0.584251 0.568452 0.584251 0.572669 0.587555 0.576389 0.594714 0.577877 0.598018 0.577629 0.606278 0.575149 0.613436 0.571429 0.617291 0.567956 0.619493 0.563740 0.617841 0.560516
0 0.638767 0.566220 0.626652 0.567460 0.619493 0.569940 0.617291 0.571925 0.616740 0.577133 0.620595 0.580605 0.637665 0.585317 0.640969 0.585317 0.648128 0.584077 0.656938 0.580357 0.660793 0.576637 0.660793 0.573165 0.659141 0.569444 0.655286 0.567708 0.649780 0.566716
0 0.631608 0.595486 0.626101 0.591518 0.620044 0.589038 0.614537 0.588046 0.602423 0.589038 0.590308 0.592758 0.584251 0.595486 0.583700 0.601190 0.584802 0.603919 0.587004 0.604911 0.594714 0.606151 0.615088 0.606151 0.621145 0.604911 0.630507 0.601687 0.631608 0.600446
0 0.584802 0.581845 0.570485 0.578621 0.558921 0.579117 0.552313 0.580109 0.545154 0.583829 0.544053 0.585813 0.541300 0.587550 0.545154 0.595734 0.553414 0.596974 0.561123 0.596974 0.571586 0.595734 0.582048 0.593502 0.585352 0.592014 0.589207 0.588790 0.588106 0.584573
0 0.578194 0.562996 0.572687 0.562252 0.558370 0.562500 0.546256 0.567460 0.544604 0.569196 0.544053 0.572421 0.546806 0.575893 0.550661 0.578373 0.564978 0.578621 0.570485 0.578125 0.574339 0.576637 0.579846 0.573413 0.583150 0.568700
0 0.535242 0.553819 0.525881 0.553819 0.515419 0.555804 0.508811 0.558780 0.506608 0.560516 0.507159 0.564732 0.510463 0.569692 0.513216 0.572173 0.517070 0.573909 0.526982 0.574157 0.535793 0.572917 0.541300 0.570933 0.547907 0.565228 0.547907 0.559772 0.544604 0.556796
0 0.532489 0.540923 0.518722 0.538442 0.508811 0.538690 0.499449 0.540923 0.495044 0.544643 0.495044 0.549107 0.497797 0.552827 0.508260 0.555308 0.518722 0.555060 0.526982 0.554067 0.530286 0.553075 0.536894 0.548859 0.536894 0.544891
0 0.482379 0.564236 0.478524 0.566716 0.472467 0.568204 0.473568 0.574157 0.475771 0.577133 0.481278 0.580109 0.491740 0.580605 0.494493 0.580109 0.503855 0.576389 0.504956 0.573909 0.507159 0.572421 0.507709 0.568204 0.500551 0.565724
0 0.463822 0.551265 0.454295 0.554315 0.452643 0.556300 0.453194 0.558532 0.457599 0.562748 0.464207 0.566964 0.469163 0.567956 0.474119 0.568204 0.481828 0.564732 0.484031 0.562748 0.486233 0.556052 0.484031 0.554067 0.480176 0.552579 0.477423 0.551860 0.473733 0.551513
0 0.474119 0.533978 0.466960 0.535714 0.456498 0.540923 0.457599 0.548363 0.459802 0.550347 0.463106 0.551091 0.483480 0.551091 0.488436 0.549603 0.491189 0.546875 0.492841 0.540675 0.485132 0.536706
0 0.447137 0.525298 0.442731 0.526538 0.438877 0.529018 0.439978 0.537202 0.447687 0.540675 0.457048 0.540675 0.465308 0.537202 0.470815 0.533730 0.470264 0.530754 0.465859 0.527530 0.458150 0.526042
0 0.422357 0.540923 0.420154 0.542659 0.419604 0.545139 0.424559 0.548859 0.427863 0.552827 0.430066 0.553819 0.439427 0.555060 0.445485 0.554315 0.451542 0.552331 0.455396 0.549107 0.454846 0.544643 0.453194 0.542659 0.450991 0.541667 0.439978 0.539435
0 0.408040 0.522817 0.403084 0.525050 0.401982 0.526290 0.402533 0.536954 0.407489 0.539683 0.411894 0.540923 0.422357 0.540923 0.433921 0.539187 0.437225 0.537202 0.438877 0.533234 0.429515 0.525050 0.425661 0.523313 0.420154 0.522321 0.412445 0.521825
0 0.368943 0.527034 0.365088 0.529266 0.362885 0.532738 0.363436 0.534722 0.366740 0.537450 0.377203 0.539683 0.387665 0.539931 0.392621 0.538690 0.399780 0.535466 0.401982 0.532242 0.401982 0.528026 0.399229 0.526290 0.392070 0.525546 0.382709 0.525546
0 0.328194 0.515873 0.319934 0.519097 0.316630 0.521329 0.314427 0.524554 0.316079 0.529514 0.320485 0.531498 0.331498 0.534474 0.339207 0.534970 0.346916 0.534722 0.352423 0.532986 0.357930 0.528026 0.359031 0.526290 0.357930 0.523562 0.354075 0.519841 0.344163 0.515377 0.333700 0.515129
0 0.361784 0.498512 0.349119 0.499008 0.343612 0.499752 0.334802 0.506200 0.333700 0.509921 0.337004 0.512401 0.343062 0.514881 0.351872 0.517113 0.365088 0.517113 0.369493 0.516617 0.375551 0.513393 0.378304 0.510417 0.376652 0.504464 0.374449 0.501984 0.368943 0.499752
0 0.308370 0.490079 0.307819 0.492063 0.305617 0.494048 0.305066 0.497272 0.307819 0.501984 0.314978 0.505208 0.326542 0.505704 0.334802 0.498512 0.335352 0.494048 0.325991 0.490575
0 0.279736 0.493552 0.274229 0.495040 0.272026 0.497768 0.272577 0.499752 0.278084 0.505952 0.290749 0.510169 0.300661 0.508433 0.306167 0.505952 0.306167 0.501736 0.301211 0.497272 0.291850 0.494296 0.283040 0.493304
0 0.202093 0.498512 0.199339 0.502480 0.200991 0.506696 0.204295 0.508433 0.216410 0.509673 0.221916 0.511161 0.230727 0.511161 0.241740 0.509921 0.243392 0.509177 0.245595 0.505952 0.245044 0.501984 0.232930 0.497272 0.221916 0.495536 0.211454 0.495536 0.204846 0.497024
0 0.162996 0.500248 0.153634 0.505704 0.153634 0.506944 0.156388 0.509921 0.161344 0.511657 0.170705 0.513393 0.187225 0.513393 0.193833 0.510417 0.199339 0.506696 0.199890 0.505704 0.197137 0.500992 0.187225 0.498264 0.176211 0.497768 0.167401 0.499008
0 0.126652 0.495536 0.117291 0.495288 0.113987 0.495784 0.103524 0.499504 0.099670 0.500248 0.096366 0.501984 0.094714 0.506200 0.096916 0.509921 0.099670 0.512649 0.102423 0.513889 0.107930 0.514881 0.117841 0.514137 0.128304 0.511409 0.136564 0.507192 0.138216 0.504464 0.137115 0.499752 0.132159 0.497024
0 0.252203 0.515377 0.247247 0.512153 0.240088 0.510665 0.226322 0.511905 0.214758 0.515129 0.212555 0.517113 0.212004 0.521825 0.215859 0.523562 0.224119 0.524802 0.231278 0.525050 0.246696 0.523562 0.253304 0.521577 0.253855 0.517361
0 0.281938 0.507440 0.272577 0.507440 0.261564 0.508929 0.258260 0.509921 0.252203 0.513393 0.254405 0.517609 0.255507 0.525546 0.264868 0.530506 0.273128 0.529018 0.276432 0.527530 0.282489 0.526042 0.287996 0.523065 0.292952 0.518849 0.292952 0.512401 0.290198 0.510417
0 0.301211 0.529266 0.292401 0.527034 0.278634 0.528274 0.265419 0.531002 0.258811 0.534474 0.256608 0.537450 0.263216 0.541171 0.268722 0.541915 0.284141 0.542411 0.295154 0.541171 0.301762 0.539435 0.304515 0.537946 0.303965 0.532738
0 0.336454 0.535218 0.325991 0.534970 0.311674 0.538442 0.306718 0.541171 0.306167 0.545883 0.307269 0.548115 0.313326 0.551339 0.319383 0.552827 0.325441 0.553571 0.335352 0.552827 0.344163 0.550347 0.348018 0.548115 0.349670 0.543403 0.347467 0.539435 0.342511 0.536458
0 0.358480 0.541419 0.353524 0.542907 0.351322 0.544891 0.351322 0.549851 0.353524 0.556548 0.358480 0.557788 0.367841 0.559028 0.375000 0.558532 0.382159 0.556548 0.384912 0.554067 0.386013 0.549851 0.384912 0.544891 0.379405 0.542411 0.369493 0.540675
0 0.389317 0.543403 0.386013 0.544891 0.385463 0.555060 0.386564 0.556548 0.395374 0.560020 0.405837 0.560516 0.415198 0.559524 0.420154 0.557044 0.424559 0.553075 0.422907 0.548363 0.417952 0.543651 0.413546 0.542163 0.409692 0.541915 0.395925 0.542163
0 0.447687 0.558532 0.440529 0.557540 0.432269 0.557788 0.420705 0.558780 0.414097 0.560764 0.411344 0.562748 0.410793 0.565228 0.412445 0.568948 0.418502 0.572917 0.430617 0.574405 0.450441 0.568204 0.453194 0.565228 0.452093 0.560764
0 0.437775 0.574157 0.436674 0.576637 0.439978 0.579861 0.445485 0.581597 0.454295 0.583085 0.457599 0.583085 0.470264 0.580109 0.472467 0.576885 0.472467 0.575645 0.467511 0.571677 0.463656 0.570437 0.459251 0.569940 0.447687 0.569692 0.439978 0.572173
0 0.378855 0.561260 0.375551 0.562996 0.372247 0.567956 0.372247 0.572421 0.374449 0.576637 0.379956 0.578621 0.388216 0.579613 0.395925 0.579861 0.406938 0.578125 0.410793 0.576389 0.412996 0.572917 0.412445 0.568452 0.408590 0.563492 0.401432 0.561508 0.387665 0.559524
0 0.343062 0.564732 0.330396 0.568204 0.327643 0.571925 0.327643 0.576389 0.331498 0.578621 0.339207 0.579861 0.343062 0.581101 0.352974 0.581597 0.364537 0.578621 0.367841 0.576885 0.370595 0.572669 0.368392 0.568204 0.364537 0.566468 0.353524 0.564484
0 0.397026 0.580109 0.384912 0.579613 0.375551 0.580605 0.368392 0.582341 0.365088 0.583829 0.360683 0.587798 0.365639 0.591766 0.371696 0.594246 0.377753 0.595238 0.387665 0.595734 0.395925 0.594246 0.402533 0.588294 0.403634 0.584821 0.402533 0.582093
0 0.323789 0.567708 0.318282 0.566220 0.309471 0.564980 0.300110 0.565476 0.294053 0.566716 0.290198 0.568204 0.287996 0.571429 0.289648 0.577133 0.293502 0.579117 0.299559 0.580357 0.309471 0.580605 0.320485 0.578125 0.324339 0.576389 0.326542 0.573165 0.325991 0.569692
0 0.313877 0.587798 0.314427 0.589286 0.305396 0.591567 0.305066 0.594866 0.312225 0.595734 0.317731 0.596230 0.328194 0.599454 0.344163 0.599950 0.352423 0.599206 0.359031 0.595734 0.359581 0.591766 0.355727 0.587302 0.346916 0.583333 0.343612 0.582589 0.334251 0.582093 0.325991 0.583085 0.322137 0.584077
0 0.151432 0.533234 0.142621 0.531994 0.122797 0.536458 0.114537 0.540923 0.112885 0.543899 0.114537 0.548859 0.117841 0.550099 0.124449 0.551091 0.137665 0.551091 0.142621 0.550099 0.148128 0.547619 0.153084 0.543155 0.153634 0.536210
0 0.154185 0.545883 0.146476 0.549851 0.144273 0.552083 0.143172 0.557788 0.145374 0.560516 0.150881 0.562004 0.165749 0.562004 0.176211 0.560516 0.179515 0.558532 0.180066 0.556300 0.174559 0.550099 0.169604 0.547371 0.161344 0.545387
0 0.124449 0.562500 0.118943 0.563740 0.116740 0.564732 0.114537 0.568700 0.118943 0.573909 0.125551 0.577877 0.129405 0.578869 0.136564 0.579365 0.143722 0.578373 0.149229 0.574405 0.151982 0.569692 0.151982 0.567212 0.149780 0.564236 0.144273 0.562252 0.133260 0.562004
0 0.256057 0.582093 0.251652 0.583829 0.248899 0.588294 0.251652 0.591766 0.257159 0.593750 0.263216 0.594990 0.273678 0.594494 0.282489 0.592014 0.286344 0.590030 0.287996 0.588294 0.286894 0.584573 0.284141 0.583085 0.275330 0.581349 0.263216 0.581101
0 0.212004 0.595734 0.212004 0.603671 0.223568 0.605903 0.229075 0.607639 0.241189 0.608135 0.245595 0.607391 0.248348 0.606399 0.256057 0.599950 0.255507 0.595238 0.251652 0.593502 0.247247 0.592510 0.240088 0.592014 0.229075 0.592510
0 0.111233 0.591518 0.104626 0.591766 0.090308 0.595486 0.090308 0.599950 0.094714 0.603671 0.099670 0.605903 0.108480 0.607887 0.113987 0.606895 0.117841 0.605407 0.121145 0.601687 0.120595 0.594494 0.117291 0.592262
0 0.133811 0.603423 0.118943 0.607391 0.117291 0.610615 0.117841 0.615079 0.129405 0.619296 0.134361 0.620040 0.143722 0.619792 0.153634 0.615327 0.154736 0.612103 0.152533 0.607639 0.144824 0.604663
0 0.091960 0.639385 0.087004 0.642361 0.088106 0.646329 0.093062 0.649554 0.106278 0.652530 0.118392 0.653026 0.123899 0.651538 0.133811 0.646577 0.136013 0.642361 0.133811 0.638145 0.129405 0.636657 0.120595 0.635913 0.107930 0.636161 0.099670 0.637401
0 0.158040 0.646329 0.152533 0.645089 0.146476 0.645337 0.131057 0.648065 0.123899 0.651290 0.122247 0.654018 0.123348 0.655506 0.127753 0.658234 0.133811 0.660218 0.143722 0.661210 0.152533 0.657986 0.157489 0.654018 0.159692 0.651042
0 0.708150 0.550347 0.703194 0.552579 0.702093 0.554812 0.702093 0.558780 0.704295 0.562004 0.711454 0.564484 0.716410 0.565476 0.727423 0.565476 0.735132 0.564484 0.738436 0.562500 0.740639 0.557292 0.737885 0.552083 0.731278 0.549603 0.724670 0.548611 0.716960 0.548363
0 0.759361 0.554315 0.750551 0.555804 0.746696 0.557540 0.743392 0.560516 0.741740 0.564484 0.744493 0.567212 0.747247 0.568452 0.761564 0.569692 0.770374 0.568452 0.781388 0.564484 0.782489 0.559772 0.778084 0.556548 0.769824 0.554812
0 0.884912 0.540923 0.877203 0.539931 0.870595 0.539931 0.865088 0.540675 0.860132 0.543155 0.858480 0.544643 0.857379 0.549107 0.865088 0.556548 0.874449 0.556300 0.884361 0.553075 0.890969 0.549107 0.890969 0.544891
0 0.806718 0.552579 0.804515 0.553075 0.800661 0.556548 0.802313 0.560516 0.805892 0.564509 0.809637 0.568229 0.822687 0.570933 0.828744 0.569444 0.838106 0.564484 0.837004 0.560268 0.829846 0.555804 0.822687 0.552827 0.817181 0.552331
0 0.838656 0.564980 0.828194 0.568948 0.825441 0.571677 0.824890 0.576389 0.826542 0.578373 0.832599 0.580853 0.838656 0.581845 0.848018 0.582341 0.855176 0.580853 0.855617 0.579216 0.858535 0.576488 0.857654 0.574231 0.853524 0.569246 0.848018 0.564980
0 0.788546 0.577133 0.784692 0.579861 0.785242 0.582093 0.790749 0.591270 0.794604 0.593254 0.801211 0.593998 0.809471 0.593750 0.816630 0.592510 0.822137 0.590278 0.824890 0.588294 0.822687 0.584127 0.816905 0.578919 0.806167 0.575893 0.794053 0.575893
0 0.778084 0.582837 0.769659 0.586682 0.761013 0.590278 0.756883 0.594420 0.757709 0.597520 0.759637 0.599578 0.762665 0.600942 0.771476 0.601935 0.781112 0.601761 0.786784 0.600818 0.789482 0.599281 0.791300 0.596230 0.792291 0.593924 0.789648 0.589534 0.786894 0.584077 0.784141 0.583085
0 0.832599 0.585069 0.828744 0.585813 0.822137 0.592014 0.821586 0.597470 0.823789 0.602183 0.825991 0.603671 0.830947 0.604167 0.841410 0.604415 0.847852 0.603199 0.852533 0.602034 0.856608 0.599876 0.856553 0.595734 0.850441 0.589906 0.846916 0.586310 0.839758 0.584821
0 0.806718 0.606895 0.806167 0.607887 0.808921 0.615327 0.818833 0.619296 0.831498 0.621032 0.839758 0.620288 0.848018 0.617808 0.850220 0.615823 0.849670 0.610367 0.848018 0.608631 0.840859 0.605903 0.830396 0.604167 0.819934 0.603423
0 0.804515 0.604415 0.798458 0.603423 0.792401 0.603423 0.778084 0.606647 0.775881 0.607639 0.774229 0.610615 0.774780 0.614335 0.777533 0.617808 0.780837 0.619296 0.787445 0.620784 0.796256 0.620784 0.801211 0.619792 0.810022 0.615327 0.810022 0.609127 0.807819 0.606151
0 0.800661 0.625744 0.798458 0.626736 0.798458 0.630952 0.801211 0.634921 0.812225 0.639633 0.823238 0.639385 0.825441 0.638889 0.830396 0.636409 0.834251 0.631944 0.834251 0.629960 0.830947 0.626736 0.827643 0.625248 0.822137 0.624256 0.811123 0.624256
0 0.748899 0.626488 0.750551 0.628472 0.761013 0.633185 0.768722 0.634425 0.787445 0.633929 0.792401 0.631448 0.792401 0.626736 0.787996 0.623016 0.777533 0.621032 0.760463 0.620536 0.752203 0.623512
0 0.767621 0.633929 0.761013 0.634921 0.756608 0.637153 0.751652 0.638641 0.748899 0.643105 0.752753 0.646329 0.757709 0.648313 0.764868 0.649802 0.772577 0.650050 0.780286 0.649058 0.785793 0.646825 0.788546 0.642857 0.789097 0.638393 0.781938 0.634673
0 0.794053 0.635417 0.790749 0.637649 0.789097 0.642609 0.784141 0.650546 0.793502 0.653522 0.805617 0.654266 0.813877 0.652778 0.816630 0.650298 0.816630 0.646329 0.809471 0.639881 0.801762 0.636409 0.797357 0.635417
0 0.820485 0.644841 0.817181 0.646329 0.815529 0.654762 0.821035 0.658482 0.825991 0.660218 0.834251 0.660714 0.839758 0.660466 0.848018 0.658234 0.854075 0.654266 0.854626 0.650050 0.851322 0.646825 0.847467 0.645337 0.837555 0.644097 0.828744 0.643849
0 0.813326 0.655754 0.803965 0.656498 0.790749 0.661954 0.786894 0.666419 0.789648 0.670387 0.795705 0.672371 0.803414 0.673363 0.813326 0.673611 0.819934 0.672123 0.822687 0.670883 0.823238 0.664683 0.822137 0.662202 0.818282 0.657986
0 0.755507 0.651786 0.742841 0.649554 0.725220 0.651042 0.717511 0.653522 0.715308 0.657490 0.716410 0.661210 0.726322 0.668155 0.735683 0.668899 0.743392 0.667907 0.755507 0.662202 0.759912 0.658234 0.759361 0.654018
0 0.644824 0.603423 0.640419 0.602679 0.630507 0.602679 0.623899 0.603919 0.612885 0.607639 0.609581 0.611607 0.614537 0.615823 0.620044 0.618800 0.625000 0.619792 0.633260 0.619792 0.639317 0.618800 0.649780 0.614583 0.653084 0.611855 0.653084 0.607143 0.650881 0.605407
0 0.593612 0.614583 0.588656 0.615575 0.582048 0.619048 0.579846 0.622024 0.579846 0.624008 0.582599 0.626984 0.597467 0.631696 0.603524 0.632937 0.616189 0.630952 0.621696 0.628472 0.625551 0.623512 0.623899 0.620288 0.614537 0.616319 0.606828 0.614335
0 0.534692 0.601438 0.517070 0.600446 0.507709 0.602183 0.503304 0.603671 0.501101 0.607143 0.503304 0.614335 0.506608 0.616319 0.513767 0.618056 0.517070 0.619544 0.526432 0.618552 0.536894 0.614831 0.540198 0.612103 0.541850 0.606647 0.539648 0.603671
0 0.573238 0.634177 0.566630 0.638393 0.566630 0.642857 0.569934 0.644097 0.573789 0.646825 0.579846 0.648065 0.595815 0.648810 0.603524 0.647569 0.606278 0.646329 0.609581 0.643105 0.609581 0.641617 0.606828 0.637401 0.602974 0.634425 0.596916 0.633185 0.588106 0.632688 0.577093 0.633185
0 0.505507 0.622768 0.500000 0.621528 0.492291 0.620784 0.474119 0.622768 0.465859 0.626736 0.466410 0.630952 0.474670 0.634921 0.483480 0.635169 0.491189 0.633929 0.500551 0.629960 0.504956 0.626984
0 0.446035 0.627232 0.441630 0.628224 0.435022 0.630952 0.432819 0.634177 0.433370 0.640129 0.436123 0.642113 0.447137 0.644345 0.457048 0.644593 0.466410 0.642113 0.469714 0.640625 0.471916 0.638889 0.472467 0.634177 0.468062 0.630704 0.462004 0.628472 0.457599 0.627480
0 0.365639 0.641121 0.361784 0.642361 0.356828 0.647073 0.356278 0.651290 0.359031 0.654762 0.370044 0.659722 0.382159 0.660218 0.389868 0.659226 0.397026 0.655754 0.398678 0.653770 0.399229 0.650298 0.395374 0.646577 0.388216 0.642857 0.384912 0.642113 0.372247 0.640625
0 0.433921 0.644841 0.429515 0.644593 0.412996 0.646081 0.405286 0.650298 0.403634 0.656002 0.405837 0.660714 0.412996 0.664931 0.420705 0.667163 0.430066 0.666667 0.437775 0.663938 0.444383 0.660466 0.448789 0.654762 0.447687 0.650794 0.445485 0.648810 0.437775 0.645585
0 0.516520 0.654266 0.515969 0.659722 0.517070 0.662202 0.524229 0.664435 0.534692 0.665923 0.544053 0.665675 0.554515 0.664187 0.561123 0.661706 0.562225 0.659474 0.561123 0.655258 0.557269 0.652034 0.551762 0.650050 0.545705 0.649306 0.534692 0.649306 0.523678 0.651538
0 0.627203 0.654266 0.620595 0.655506 0.616189 0.657986 0.613436 0.661954 0.614537 0.666171 0.617291 0.670139 0.621145 0.672371 0.629956 0.674851 0.639317 0.676091 0.649229 0.671379 0.653634 0.667659 0.658040 0.662202 0.655837 0.657738 0.651432 0.655754 0.639868 0.653770
0 0.648128 0.671627 0.640969 0.674851 0.637665 0.677579 0.637665 0.681548 0.640969 0.685516 0.645925 0.687996 0.656388 0.689980 0.665749 0.689484 0.672357 0.687748 0.678965 0.684524 0.681718 0.682044 0.681167 0.677331 0.676211 0.674603 0.665198 0.671875 0.658590 0.671131
0 0.535793 0.679315 0.525881 0.677579 0.516520 0.677331 0.507709 0.679563 0.504405 0.681300 0.501652 0.684524 0.499449 0.689732 0.501101 0.694196 0.508260 0.698413 0.518722 0.698661 0.529736 0.697421 0.535242 0.696181 0.540198 0.693452 0.544604 0.689236 0.545154 0.685268 0.541850 0.681548
0 0.468612 0.674851 0.463656 0.677579 0.462555 0.682044 0.467511 0.685764 0.470815 0.687252 0.475771 0.688244 0.482930 0.688492 0.492291 0.687004 0.495044 0.685764 0.498348 0.682292 0.497247 0.677083 0.493943 0.675595 0.485132 0.674355 0.473568 0.673859
0 0.433370 0.681052 0.421806 0.685268 0.420705 0.689732 0.443833 0.699157 0.446586 0.699901 0.452093 0.699653 0.455947 0.698413 0.461454 0.693452 0.462004 0.688740 0.459251 0.685020 0.457048 0.683284 0.451542 0.681052 0.446035 0.680556
0 0.383260 0.663442 0.376101 0.666667 0.373348 0.669643 0.373899 0.674107 0.378304 0.678571 0.385463 0.681300 0.393722 0.682292 0.401982 0.682292 0.409692 0.681548 0.413546 0.679563 0.415198 0.675347 0.414648 0.669891 0.411344 0.664187 0.406388 0.662450 0.399780 0.661954 0.390969 0.662202
0 0.360132 0.660962 0.351322 0.660714 0.344714 0.661954 0.339207 0.665427 0.336454 0.669643 0.341410 0.675843 0.351322 0.678819 0.361233 0.676835 0.366740 0.673611 0.370595 0.669891 0.370595 0.665179 0.368943 0.663442 0.365088 0.661706
0 0.297907 0.650298 0.295154 0.653770 0.295154 0.658978 0.296256 0.661954 0.299559 0.665179 0.308370 0.667907 0.317731 0.667907 0.325991 0.666915 0.329846 0.665179 0.333700 0.662202 0.331498 0.654266 0.327643 0.650794 0.325991 0.650050 0.318282 0.648810 0.310022 0.648313
0 0.177863 0.674603 0.170705 0.677827 0.169604 0.679315 0.169604 0.687004 0.174009 0.689484 0.177313 0.690228 0.187225 0.689980 0.195485 0.686756 0.200441 0.682292 0.200441 0.680804 0.197687 0.678075 0.187225 0.674851
0 0.185022 0.691220 0.181718 0.697421 0.186123 0.701141 0.195485 0.702877 0.213656 0.703125 0.221916 0.701141 0.223018 0.698165 0.221916 0.695685 0.216960 0.691964 0.210903 0.689484 0.204846 0.688244 0.195485 0.688492
0 0.332048 0.677331 0.325991 0.678323 0.317731 0.681548 0.314978 0.689732 0.325991 0.692956 0.337555 0.693452 0.342511 0.692460 0.346366 0.690724 0.348568 0.687996 0.352974 0.686012 0.352974 0.684524 0.350771 0.681300 0.344163 0.677579
0 0.378855 0.695188 0.371145 0.692956 0.364537 0.693204 0.355727 0.694940 0.348568 0.697669 0.343612 0.698413 0.338656 0.700893 0.338106 0.705109 0.342511 0.708333 0.352423 0.709821 0.366189 0.710069 0.372247 0.709573 0.380507 0.707589 0.384361 0.705109 0.384361 0.700645
0 0.404185 0.700397 0.395374 0.703373 0.392621 0.705109 0.390419 0.708829 0.390419 0.713542 0.393722 0.716270 0.399780 0.718006 0.407489 0.718750 0.418502 0.718502 0.424009 0.716766 0.428414 0.713046 0.424559 0.704861 0.413546 0.700149
0 0.457048 0.707589 0.437225 0.710565 0.433921 0.712054 0.425661 0.719246 0.424559 0.722718 0.425110 0.725694 0.426762 0.727183 0.435022 0.730159 0.446035 0.730903 0.453744 0.730407 0.457048 0.729167 0.461454 0.725942 0.465308 0.719246 0.465859 0.716022 0.460903 0.709077
0 0.368943 0.721726 0.360132 0.724950 0.357930 0.728423 0.360132 0.732639 0.364537 0.736111 0.367841 0.737351 0.373348 0.737599 0.379405 0.737103 0.387665 0.735367 0.389868 0.733879 0.391520 0.730407 0.390969 0.726438 0.389317 0.724454 0.381057 0.721974
0 0.158040 0.741071 0.151982 0.741815 0.149229 0.742808 0.144273 0.746528 0.140969 0.752232 0.145925 0.756200 0.151982 0.758681 0.161344 0.758929 0.171806 0.756696 0.175661 0.754960 0.178414 0.752480 0.177313 0.747520 0.171256 0.743552 0.163546 0.741319
0 0.481828 0.728423 0.458700 0.734375 0.457048 0.735615 0.457048 0.740575 0.462004 0.745536 0.467511 0.748760 0.472467 0.749752 0.484581 0.750248 0.492291 0.749008 0.495595 0.747520 0.499449 0.744048 0.500551 0.739583 0.498348 0.735367 0.492291 0.730903 0.488987 0.729663
0 0.382709 0.739087 0.379405 0.740327 0.376101 0.744048 0.376101 0.748264 0.381057 0.751984 0.387115 0.754464 0.397026 0.755952 0.404736 0.756200 0.414097 0.753968 0.417401 0.751488 0.418502 0.746776 0.416300 0.744048 0.409692 0.740327 0.405837 0.739087 0.397026 0.737847 0.388216 0.738095
0 0.452093 0.740575 0.438877 0.740575 0.430617 0.741815 0.424009 0.744048 0.421256 0.747272 0.421806 0.751984 0.426762 0.756448 0.432819 0.759921 0.438877 0.761409 0.448238 0.761161 0.457599 0.759177 0.462555 0.755952 0.463106 0.750744 0.461454 0.745784 0.457599 0.742312
0 0.585903 0.691468 0.579295 0.693204 0.571035 0.697173 0.568833 0.699901 0.569383 0.705357 0.573789 0.709077 0.582048 0.711806 0.594714 0.712798 0.605176 0.712054 0.611233 0.710069 0.615088 0.707589 0.616189 0.703621 0.615639 0.700893 0.613436 0.698165 0.609031 0.694692 0.603524 0.692460 0.597467 0.691468
0 0.629956 0.710069 0.623899 0.712302 0.620595 0.715774 0.620595 0.720734 0.622797 0.723710 0.626652 0.725942 0.634912 0.727431 0.645374 0.727431 0.652533 0.726438 0.659692 0.723462 0.663546 0.720734 0.663546 0.716518 0.661344 0.712798 0.654736 0.710813 0.638767 0.709077
0 0.667952 0.708829 0.664097 0.712302 0.664648 0.719494 0.666300 0.720982 0.670154 0.721726 0.677863 0.724702 0.682269 0.725446 0.692731 0.725446 0.704295 0.722966 0.709251 0.719494 0.710352 0.716270 0.709251 0.712798 0.703744 0.709573 0.693833 0.707589 0.683370 0.706845
0 0.664648 0.724702 0.659692 0.726687 0.658040 0.728175 0.656938 0.732639 0.659692 0.737847 0.662996 0.741319 0.667952 0.742312 0.674559 0.742560 0.681718 0.741319 0.686123 0.739583 0.688877 0.736855 0.688877 0.730159 0.686674 0.727679 0.682269 0.725942 0.674009 0.724454
0 0.625000 0.729415 0.621145 0.731895 0.621145 0.734623 0.623348 0.740079 0.628304 0.742808 0.636564 0.744048 0.648678 0.743800 0.654185 0.742808 0.658590 0.741071 0.659692 0.736111 0.655286 0.731151 0.650330 0.728671 0.648128 0.728175 0.636564 0.727927
0 0.602423 0.727431 0.595264 0.726935 0.583150 0.727679 0.578194 0.728423 0.568282 0.732391 0.568282 0.736607 0.569383 0.737599 0.582048 0.743552 0.587004 0.745040 0.597467 0.745536 0.605176 0.744792 0.609581 0.743800 0.616189 0.740079 0.617291 0.737847 0.616740 0.732391 0.610683 0.729415
0 0.551762 0.742063 0.550661 0.743304 0.549504 0.746801 0.549284 0.750818 0.549615 0.754539 0.552643 0.758829 0.555396 0.761483 0.560022 0.762649 0.578194 0.761657 0.584251 0.759921 0.590859 0.756200 0.590859 0.750744 0.588656 0.748264 0.578744 0.743304 0.574890 0.743552 0.570815 0.741443 0.562830 0.740402 0.558976 0.741071 0.555066 0.742560
0 0.593062 0.747520 0.591960 0.748016 0.592511 0.756448 0.597467 0.760913 0.604075 0.763145 0.615639 0.763393 0.624449 0.761905 0.628855 0.759921 0.629956 0.758433 0.635463 0.756200 0.634912 0.751488 0.630507 0.749008 0.629405 0.747520 0.625000 0.746280 0.607930 0.745536
0 0.651982 0.744544 0.647026 0.745040 0.642070 0.747024 0.639868 0.749008 0.638767 0.751984 0.640419 0.756448 0.647577 0.762897 0.656938 0.762897 0.668502 0.757688 0.672357 0.752480 0.672357 0.750248 0.670705 0.747272 0.666850 0.745536 0.658590 0.744544
0 0.719163 0.724454 0.715859 0.724454 0.704295 0.726438 0.698238 0.728423 0.692181 0.732391 0.693833 0.740327 0.699890 0.742808 0.707599 0.743800 0.719714 0.743800 0.724670 0.743056 0.727974 0.740823 0.729626 0.738095 0.729626 0.732143 0.725771 0.727431