0 0.115333 0.576522 0.110000 0.580435 0.106000 0.589130 0.102667 0.607826 0.110000 0.613478 0.118667 0.614783 0.130000 0.612609 0.144667 0.603913 0.148600 0.600739 0.150000 0.597130 0.151933 0.592565 0.151733 0.588957 0.147333 0.585652 0.133333 0.581739 0.125333 0.577826
0 0.210667 0.604348 0.205333 0.605217 0.198667 0.608261 0.188000 0.617826 0.185333 0.622609 0.186667 0.631304 0.194000 0.637826 0.204000 0.641304 0.214667 0.641739 0.230000 0.636957 0.234000 0.634348 0.239333 0.626957 0.239333 0.617826 0.237333 0.614348 0.229333 0.608261 0.217333 0.604783
0 0.678000 0.756522 0.670000 0.755652 0.655333 0.759565 0.634667 0.773043 0.633333 0.774783 0.634000 0.778696 0.644667 0.783478 0.652000 0.788696 0.656000 0.789565 0.666000 0.786522 0.680000 0.783913 0.686667 0.781304 0.691333 0.776957 0.692000 0.770000 0.690000 0.766087 0.684667 0.760000
0 0.681333 0.726957 0.678667 0.726522 0.666000 0.728261 0.637333 0.737391 0.636000 0.742609 0.640667 0.745217 0.645333 0.754348 0.648000 0.756087 0.655333 0.757391 0.665333 0.756087 0.674000 0.753478 0.684667 0.746087 0.688000 0.740870 0.688000 0.735217 0.686667 0.732174
0 0.632667 0.743043 0.619333 0.742609 0.608667 0.743913 0.595333 0.748261 0.592667 0.751739 0.592667 0.762174 0.595333 0.770000 0.598667 0.773478 0.606667 0.776087 0.617333 0.776087 0.632000 0.772174 0.638667 0.767826 0.643333 0.756087 0.642667 0.752609 0.638000 0.746522
0 0.534667 0.708696 0.529333 0.711739 0.526000 0.717391 0.521333 0.720435 0.520667 0.732609 0.525333 0.737391 0.532667 0.741304 0.540667 0.743478 0.554667 0.742609 0.570000 0.737391 0.574667 0.732609 0.574667 0.726522 0.573333 0.723043 0.564000 0.712609 0.554000 0.708696 0.548667 0.707826
0 0.501333 0.690435 0.490000 0.692609 0.480000 0.698696 0.478667 0.700870 0.478667 0.708696 0.482000 0.713913 0.492000 0.721304 0.499333 0.723478 0.506000 0.723913 0.518000 0.721739 0.524667 0.716957 0.530000 0.709130 0.529333 0.701304 0.526000 0.696957 0.520667 0.693043 0.513333 0.690870
0 0.487333 0.672174 0.477333 0.668261 0.472667 0.668261 0.462667 0.670870 0.450000 0.681304 0.443333 0.689565 0.441333 0.701739 0.443333 0.703478 0.452667 0.704348 0.467333 0.702609 0.482000 0.696522 0.490667 0.691304 0.495333 0.686087 0.496000 0.680870
0 0.441333 0.665652 0.434000 0.662174 0.428000 0.660870 0.414000 0.662174 0.408000 0.666087 0.402667 0.676087 0.400000 0.677826 0.399333 0.680870 0.392000 0.689565 0.396000 0.691304 0.402000 0.691739 0.418667 0.690870 0.425333 0.692174 0.427333 0.693478 0.434667 0.693043 0.440667 0.690870 0.447333 0.682609 0.446667 0.673043
0 0.383333 0.650000 0.376667 0.650435 0.368000 0.653913 0.360000 0.660000 0.358000 0.663478 0.359333 0.678261 0.367333 0.684348 0.374000 0.685652 0.380667 0.685217 0.394667 0.682174 0.400667 0.677826 0.405333 0.670435 0.406000 0.663913 0.400000 0.655652
0 0.326000 0.662174 0.318000 0.666522 0.310667 0.673478 0.309333 0.677391 0.310667 0.686087 0.316000 0.690435 0.322667 0.693478 0.328000 0.694348 0.344000 0.693913 0.350667 0.691304 0.358667 0.684348 0.360000 0.681304 0.356667 0.670000 0.352667 0.665652 0.347333 0.663478 0.334667 0.661304
0 0.254000 0.670870 0.250000 0.674348 0.250000 0.679130 0.255333 0.693478 0.265333 0.702174 0.272000 0.704348 0.286667 0.704783 0.292667 0.703043 0.302000 0.697391 0.308000 0.689565 0.308667 0.683913 0.305333 0.677826 0.300667 0.674348 0.286667 0.670000 0.273333 0.667826
0 0.223333 0.676957 0.212667 0.679130 0.206667 0.682174 0.201333 0.688696 0.200000 0.693913 0.206000 0.700000 0.216000 0.703478 0.223333 0.707826 0.230667 0.708696 0.234667 0.706304 0.239333 0.706087 0.249333 0.700435 0.251333 0.697391 0.251333 0.691304 0.249333 0.686957 0.241333 0.681304 0.230667 0.677826
0 0.704000 0.786087 0.684000 0.783478 0.670667 0.786087 0.665333 0.789130 0.655333 0.792174 0.653333 0.793913 0.648667 0.804783 0.648667 0.808696 0.651333 0.812609 0.657333 0.816522 0.665333 0.819565 0.674000 0.820000 0.682000 0.818696 0.686000 0.816957 0.700000 0.805652 0.704000 0.800435
0 0.206667 0.701304 0.194000 0.700435 0.186000 0.701739 0.176667 0.704783 0.172667 0.710870 0.173333 0.720435 0.182667 0.730000 0.188000 0.733478 0.201333 0.732609 0.210000 0.729565 0.217333 0.725217 0.221333 0.717826 0.220667 0.709565 0.215333 0.704783
0 0.169333 0.681304 0.152000 0.681304 0.142000 0.685217 0.134000 0.692174 0.133333 0.709130 0.140000 0.714783 0.147333 0.717391 0.159333 0.717391 0.165333 0.715217 0.172000 0.709565 0.175333 0.704130 0.180667 0.699130 0.182000 0.695652 0.180667 0.688696 0.177333 0.685217
0 0.116667 0.647391 0.106000 0.650435 0.103333 0.652174 0.097333 0.660000 0.097333 0.666522 0.104000 0.674783 0.108667 0.677826 0.122000 0.681304 0.129333 0.681304 0.140667 0.677826 0.144000 0.675217 0.147333 0.670435 0.147333 0.659130 0.143333 0.654348 0.137333 0.650000 0.123333 0.646957
0 0.094000 0.681304 0.091133 0.682130 0.089267 0.684130 0.086667 0.686522 0.084667 0.690870 0.085333 0.697826 0.089600 0.702826 0.092667 0.711304 0.096000 0.713913 0.104000 0.715652 0.118000 0.714783 0.129333 0.708696 0.130667 0.706087 0.130000 0.695652 0.125333 0.688261 0.116000 0.681304 0.108667 0.680000
0 0.068667 0.661304 0.056000 0.660870 0.048000 0.664348 0.041333 0.670000 0.036000 0.676957 0.034667 0.685652 0.040600 0.689565 0.045333 0.693913 0.047333 0.695217 0.058000 0.695652 0.062667 0.694783 0.078000 0.687826 0.083333 0.686522 0.090000 0.681739 0.090667 0.676957 0.086000 0.670000 0.080667 0.666522
0 0.000000 0.650870 0.000000 0.686957 0.002667 0.686957 0.007333 0.689130 0.024667 0.688261 0.031333 0.686957 0.034000 0.680435 0.030000 0.670000 0.024000 0.663913 0.010000 0.653913 0.003333 0.650870
0 0.196000 0.641739 0.185333 0.641304 0.175333 0.643478 0.164667 0.649565 0.160000 0.655217 0.159333 0.664348 0.161333 0.668696 0.167333 0.675217 0.177333 0.679565 0.188000 0.680000 0.198000 0.678261 0.204000 0.675652 0.208667 0.669565 0.209333 0.664348 0.206667 0.658261 0.206667 0.650000 0.204667 0.646087
0 0.236667 0.636957 0.229333 0.637826 0.215333 0.642609 0.209333 0.646087 0.207333 0.649565 0.207333 0.655217 0.211333 0.666087 0.217333 0.671304 0.223333 0.673478 0.232000 0.673478 0.250000 0.668261 0.256000 0.663913 0.260000 0.658696 0.260667 0.653043 0.258000 0.648696 0.250667 0.643478
0 0.275333 0.640870 0.268667 0.644348 0.265333 0.648696 0.265333 0.656957 0.269333 0.662174 0.274667 0.666087 0.281333 0.668261 0.297333 0.671739 0.303333 0.671739 0.307333 0.670435 0.316667 0.663913 0.320000 0.658696 0.319333 0.654783 0.319733 0.652261 0.318733 0.649087 0.314000 0.646522 0.303333 0.641739 0.284667 0.639565
0 0.334667 0.625652 0.328000 0.630000 0.326667 0.633913 0.322000 0.638696 0.321333 0.646087 0.322667 0.649565 0.330000 0.654783 0.343333 0.658696 0.357333 0.658696 0.364000 0.656087 0.374000 0.648696 0.378667 0.641304 0.378000 0.634348 0.367333 0.628261 0.344667 0.624348
0 0.322000 0.603478 0.309333 0.602174 0.298000 0.603043 0.290667 0.607826 0.288667 0.618261 0.290000 0.627391 0.295333 0.635217 0.302000 0.639130 0.314667 0.638696 0.320000 0.637391 0.323333 0.634783 0.328667 0.626957 0.332000 0.619565 0.332000 0.610870 0.329333 0.607391
0 0.256000 0.608261 0.250667 0.610000 0.240000 0.618261 0.238000 0.633043 0.239333 0.635217 0.250000 0.640870 0.266667 0.640870 0.274000 0.639130 0.280000 0.636087 0.286000 0.628261 0.286667 0.622609 0.280000 0.614348 0.272667 0.610000 0.266667 0.608261
0 0.015333 0.590435 0.006000 0.591304 0.002667 0.593043 0.000000 0.593043 0.000000 0.620000 0.003333 0.620000 0.006000 0.621739 0.013333 0.623478 0.019333 0.623043 0.034000 0.619130 0.040000 0.615217 0.041333 0.612174 0.041333 0.606087 0.036667 0.599130 0.024667 0.591739
0 0.031333 0.629565 0.024000 0.632174 0.020000 0.634783 0.014667 0.640870 0.014000 0.646957 0.018000 0.655217 0.024667 0.659565 0.030667 0.660870 0.040000 0.660870 0.050000 0.659130 0.056000 0.656522 0.062667 0.652174 0.066000 0.646957 0.064667 0.639565 0.059333 0.634348 0.050667 0.631304
0 0.071333 0.629130 0.070000 0.631304 0.070000 0.639130 0.073333 0.642174 0.082667 0.646957 0.090667 0.649130 0.105333 0.649565 0.118000 0.646522 0.120000 0.645217 0.122000 0.639130 0.120000 0.630435 0.112000 0.623043 0.105333 0.619130 0.096000 0.617391 0.086667 0.618261 0.077333 0.623913
0 0.585333 0.770870 0.574667 0.771304 0.566000 0.775217 0.561333 0.779130 0.562667 0.787826 0.558667 0.795652 0.561333 0.803043 0.565333 0.805217 0.570667 0.806087 0.578000 0.805652 0.589333 0.801739 0.600000 0.791304 0.602000 0.785652 0.600667 0.779130 0.594000 0.773478
0 0.568667 0.743913 0.554667 0.743913 0.535333 0.750000 0.530000 0.756087 0.528667 0.760000 0.532000 0.766522 0.542667 0.770000 0.553333 0.775652 0.560000 0.776087 0.565333 0.774783 0.578667 0.769130 0.584667 0.764348 0.586667 0.756087 0.584667 0.752609 0.572000 0.744783
0 0.514000 0.732174 0.505333 0.731739 0.492667 0.734783 0.484667 0.739565 0.478667 0.744783 0.476667 0.750435 0.477333 0.757826 0.484000 0.763913 0.492000 0.767391 0.508667 0.768261 0.517333 0.764783 0.526667 0.757826 0.528000 0.754348 0.527333 0.743043 0.521333 0.736087
0 0.509333 0.770435 0.495333 0.768261 0.486667 0.768261 0.482000 0.769565 0.480000 0.771304 0.480000 0.776522 0.474000 0.792174 0.477333 0.798696 0.478667 0.806087 0.482667 0.809130 0.494667 0.808261 0.505333 0.803913 0.514000 0.794783 0.518667 0.786087 0.520000 0.776957 0.518000 0.773913
0 0.528667 0.768261 0.524000 0.770870 0.521667 0.772391 0.520600 0.775826 0.520000 0.783043 0.517333 0.793913 0.518667 0.799565 0.524667 0.803043 0.542667 0.803478 0.560000 0.792174 0.561333 0.788261 0.560667 0.783043 0.555333 0.778261 0.542667 0.771304
0 0.451333 0.704783 0.443333 0.709130 0.437333 0.724783 0.448667 0.734348 0.464000 0.737826 0.470667 0.738261 0.474667 0.737391 0.480667 0.733478 0.484667 0.724783 0.484667 0.719565 0.477333 0.708696 0.468000 0.704348
0 0.407333 0.727826 0.401333 0.732609 0.399333 0.741304 0.402000 0.746522 0.408000 0.751304 0.417333 0.755652 0.430000 0.756087 0.440667 0.752174 0.446000 0.748696 0.448667 0.744348 0.448000 0.736087 0.445333 0.733478 0.442733 0.729783 0.438000 0.727826 0.431333 0.726087 0.414000 0.726087
0 0.390667 0.701304 0.386667 0.713043 0.390000 0.718696 0.394000 0.721304 0.415333 0.724783 0.428667 0.723913 0.436000 0.721304 0.440667 0.713913 0.440667 0.708261 0.434667 0.700000 0.425333 0.693043 0.420667 0.692174 0.409333 0.693043 0.401333 0.695652
0 0.445333 0.751304 0.439333 0.753478 0.432667 0.758696 0.430667 0.763478 0.432000 0.771304 0.438000 0.776957 0.441333 0.783043 0.444000 0.784783 0.452000 0.787826 0.470667 0.786522 0.474667 0.783913 0.478667 0.776522 0.478667 0.765217 0.476667 0.759565 0.465333 0.750870 0.454667 0.750435
0 0.376667 0.749565 0.371333 0.752174 0.368000 0.755652 0.366667 0.759565 0.368000 0.768261 0.374000 0.777391 0.380000 0.780435 0.394000 0.780435 0.399333 0.777826 0.408000 0.770870 0.416667 0.767391 0.418667 0.764348 0.418667 0.758696 0.404667 0.751304 0.392667 0.749130
0 0.420000 0.768696 0.414000 0.769130 0.408667 0.771304 0.398667 0.779130 0.396667 0.782609 0.402667 0.800000 0.408000 0.803043 0.415333 0.804348 0.422667 0.803913 0.431333 0.801304 0.440000 0.794783 0.442000 0.787826 0.439333 0.780870 0.432667 0.773043 0.428000 0.770435
0 0.474667 0.813478 0.465333 0.820435 0.464000 0.823478 0.465333 0.830435 0.474000 0.836522 0.491333 0.842174 0.503333 0.843478 0.512000 0.842609 0.517333 0.836957 0.518667 0.833043 0.512667 0.821739 0.505333 0.816957 0.496000 0.814783 0.484000 0.813043
0 0.504000 0.810435 0.504000 0.814348 0.512000 0.820870 0.518000 0.830000 0.522000 0.832174 0.532667 0.831739 0.550667 0.825217 0.561333 0.819130 0.564000 0.815217 0.563333 0.809130 0.560000 0.806087 0.524000 0.803043 0.515333 0.803478 0.509333 0.804783
0 0.589333 0.804348 0.582667 0.805652 0.577333 0.809130 0.564667 0.823043 0.564000 0.829565 0.566000 0.831739 0.566667 0.833478 0.578000 0.838261 0.590000 0.840435 0.604667 0.836957 0.612000 0.833043 0.616000 0.825217 0.616000 0.817826 0.612667 0.813478 0.608667 0.810870 0.602667 0.809130 0.600000 0.806522
0 0.620667 0.816087 0.618000 0.817826 0.618000 0.822609 0.614667 0.829130 0.614667 0.834783 0.617333 0.838696 0.623333 0.843043 0.634667 0.848261 0.644000 0.849565 0.650667 0.849130 0.654000 0.847826 0.659333 0.843043 0.664000 0.834348 0.662667 0.823478 0.660000 0.818261 0.654667 0.814783 0.646667 0.811739 0.636667 0.812174
0 0.670667 0.833478 0.664667 0.837391 0.664000 0.840435 0.661333 0.841739 0.658667 0.846087 0.661333 0.855652 0.664000 0.858696 0.672000 0.863913 0.677333 0.866087 0.687333 0.866522 0.698000 0.863913 0.710000 0.857826 0.716667 0.851304 0.717333 0.847391 0.716000 0.843043 0.709333 0.837826 0.694667 0.835217 0.690000 0.833478
0 0.662000 0.858696 0.650000 0.856957 0.643333 0.857391 0.628667 0.863043 0.619333 0.870435 0.618000 0.876087 0.618667 0.880870 0.631333 0.889565 0.650000 0.890870 0.664000 0.886957 0.672000 0.876957 0.674000 0.872174 0.670667 0.864783
0 0.618000 0.840870 0.600667 0.839130 0.588667 0.842174 0.580667 0.848261 0.578667 0.855217 0.583333 0.865217 0.596000 0.870870 0.609333 0.870435 0.618667 0.868261 0.624000 0.865217 0.629600 0.862739 0.631333 0.858696 0.633333 0.849130
0 0.529333 0.837826 0.528000 0.843043 0.530667 0.850435 0.535333 0.854348 0.548000 0.860000 0.558000 0.858696 0.566667 0.859130 0.576000 0.853913 0.579200 0.847304 0.578667 0.843478 0.578667 0.840870 0.576667 0.838261 0.568000 0.833913 0.564667 0.833043 0.546667 0.832609 0.535333 0.834348
0 0.512000 0.848696 0.502667 0.853478 0.498000 0.860000 0.498667 0.869565 0.501333 0.872609 0.510667 0.877826 0.526667 0.880870 0.531333 0.880870 0.536667 0.878696 0.544667 0.870000 0.544667 0.860435 0.540667 0.857391 0.529333 0.852174 0.522667 0.848217 0.518000 0.848696
0 0.464000 0.840000 0.454000 0.849130 0.453333 0.855217 0.454667 0.858261 0.460667 0.862609 0.463333 0.866957 0.468000 0.870435 0.480667 0.873478 0.490000 0.872609 0.496667 0.869565 0.496667 0.861304 0.499333 0.853913 0.497333 0.849565 0.488000 0.843913 0.476667 0.839130 0.469333 0.838696
0 0.452667 0.826957 0.444000 0.824783 0.432000 0.824348 0.418667 0.827391 0.411333 0.832174 0.408667 0.835652 0.409333 0.845652 0.414000 0.852609 0.417333 0.854783 0.421333 0.856087 0.428667 0.856522 0.442667 0.855217 0.448667 0.853478 0.456667 0.846087 0.459333 0.840000 0.459333 0.832609 0.458000 0.830435
0 0.422000 0.809565 0.405333 0.805652 0.393333 0.806522 0.380000 0.813478 0.376000 0.818261 0.376000 0.826522 0.378667 0.830870 0.389333 0.834783 0.399333 0.834348 0.407333 0.831739 0.418667 0.823913 0.420000 0.821304 0.424000 0.818261 0.424667 0.812609
0 0.392667 0.786957 0.385333 0.782609 0.374667 0.781304 0.368000 0.781739 0.355333 0.785652 0.349333 0.789130 0.344000 0.794348 0.342667 0.797391 0.342667 0.804783 0.344000 0.806522 0.348667 0.808696 0.356000 0.810000 0.372000 0.811304 0.380667 0.810870 0.385667 0.808478 0.389800 0.805609 0.392667 0.803478 0.394667 0.800870 0.396667 0.793478
0 0.342667 0.755652 0.330667 0.759130 0.324667 0.763043 0.323333 0.765652 0.323333 0.780435 0.324667 0.783478 0.330667 0.785652 0.346667 0.787391 0.354000 0.785652 0.366667 0.780435 0.369333 0.776087 0.369333 0.770870 0.366000 0.763913 0.361333 0.759565 0.352667 0.756087
0 0.335333 0.794783 0.328000 0.790870 0.320000 0.789130 0.308667 0.794783 0.300000 0.796522 0.293333 0.801739 0.292667 0.806087 0.290000 0.810000 0.290667 0.814783 0.296000 0.818696 0.306667 0.821304 0.314667 0.820870 0.321333 0.819130 0.334000 0.811739 0.338000 0.806957 0.338667 0.800435
0 0.318000 0.824348 0.318000 0.828261 0.324667 0.836087 0.326000 0.840000 0.328667 0.842174 0.332000 0.843043 0.366000 0.841304 0.372667 0.839130 0.376000 0.835652 0.376000 0.831304 0.372000 0.822609 0.365333 0.815652 0.357333 0.811304 0.344000 0.810435 0.337333 0.811739
0 0.366667 0.841739 0.364000 0.845217 0.364000 0.850870 0.367333 0.862174 0.369333 0.864783 0.384000 0.873043 0.397333 0.876522 0.401333 0.876087 0.404000 0.870000 0.408667 0.864348 0.410667 0.858696 0.410667 0.850870 0.407333 0.842609 0.402667 0.839565 0.395333 0.837826 0.374667 0.839130
0 0.420000 0.857826 0.412667 0.860870 0.406000 0.868261 0.404000 0.873043 0.404000 0.877391 0.406000 0.881304 0.415333 0.887391 0.428000 0.887826 0.438667 0.890000 0.446667 0.888261 0.454667 0.883043 0.460667 0.875217 0.462000 0.867826 0.460000 0.863913 0.454000 0.858696 0.446667 0.856522
0 0.343333 0.843478 0.332000 0.846087 0.326000 0.849565 0.322667 0.853043 0.320667 0.864783 0.331333 0.877826 0.337333 0.879565 0.350667 0.880000 0.358667 0.877826 0.362667 0.874783 0.365333 0.870000 0.366667 0.862174 0.364000 0.853043 0.359333 0.846957 0.352000 0.843478
0 0.289333 0.819130 0.282000 0.820870 0.274000 0.827826 0.272667 0.832609 0.274000 0.841304 0.276667 0.847391 0.286667 0.858261 0.294667 0.860000 0.302667 0.859565 0.311333 0.857391 0.321333 0.850870 0.324667 0.845652 0.324667 0.840000 0.319333 0.833043 0.306000 0.823043 0.296667 0.819130
0 0.401333 0.878696 0.386667 0.874348 0.378667 0.874348 0.366667 0.876957 0.361333 0.880870 0.357333 0.887826 0.357333 0.897391 0.360000 0.904348 0.364000 0.906522 0.370000 0.907826 0.390000 0.905652 0.404667 0.902174 0.407333 0.900435 0.409333 0.896522 0.409333 0.889130 0.408000 0.883913
0 0.555333 0.860000 0.552000 0.860870 0.547333 0.865217 0.545333 0.872609 0.547333 0.883913 0.552667 0.890435 0.563333 0.896087 0.570667 0.897826 0.576667 0.896957 0.594667 0.881304 0.594667 0.872609 0.586000 0.866522 0.567333 0.860000
0 0.661333 0.889130 0.650667 0.891739 0.646000 0.896087 0.649333 0.907391 0.648000 0.916957 0.650667 0.920870 0.657333 0.924348 0.669333 0.925652 0.680000 0.923478 0.686667 0.920000 0.692667 0.912174 0.692667 0.903913 0.688000 0.896087 0.680667 0.891739 0.674667 0.890000
0 0.596667 0.881304 0.584000 0.891304 0.581333 0.895652 0.583333 0.905652 0.590000 0.909565 0.598000 0.912174 0.617333 0.916522 0.629333 0.916522 0.638000 0.915217 0.642000 0.911304 0.642000 0.904348 0.639333 0.899130 0.632667 0.892174 0.614667 0.880435 0.606000 0.879565
0 0.543333 0.891739 0.537333 0.893043 0.534000 0.895217 0.531333 0.903478 0.526000 0.908261 0.523333 0.913043 0.524667 0.916957 0.527333 0.919565 0.535333 0.921304 0.541333 0.924348 0.548667 0.926087 0.563333 0.922609 0.574000 0.914348 0.575333 0.907826 0.573333 0.902174 0.569333 0.898261 0.552667 0.892174
0 0.505333 0.879130 0.491333 0.883913 0.489333 0.891739 0.485333 0.896087 0.484000 0.900435 0.486000 0.904348 0.494667 0.910435 0.500000 0.917391 0.504000 0.919565 0.510667 0.919565 0.520667 0.914783 0.530000 0.904348 0.534667 0.891304 0.532000 0.883913 0.528667 0.881739 0.513333 0.879130
0 0.483333 0.874783 0.472000 0.872174 0.466000 0.872174 0.462667 0.873478 0.446667 0.891739 0.446000 0.896957 0.447333 0.900435 0.450000 0.902609 0.458667 0.902609 0.466000 0.900435 0.480000 0.898696 0.484667 0.896522 0.488667 0.893043 0.490000 0.883913
0 0.421333 0.888696 0.417333 0.891304 0.411333 0.900435 0.410667 0.912609 0.413333 0.922609 0.415333 0.924348 0.423333 0.927391 0.428667 0.927826 0.444667 0.926087 0.448000 0.924348 0.449333 0.921739 0.448667 0.907391 0.444667 0.896957 0.433333 0.889565 0.429333 0.888261
0 0.456000 0.906957 0.450667 0.911739 0.450000 0.923913 0.451333 0.925652 0.472667 0.940000 0.481333 0.942174 0.489333 0.942609 0.494667 0.940000 0.502667 0.928261 0.501333 0.920870 0.494667 0.910870 0.488667 0.906522 0.479333 0.903478 0.468000 0.903478
0 0.523333 0.921739 0.512000 0.925217 0.502667 0.929565 0.500667 0.933913 0.500667 0.940870 0.503333 0.944783 0.518000 0.954783 0.528667 0.957826 0.542000 0.958696 0.544667 0.952609 0.550667 0.947391 0.552000 0.943913 0.548667 0.932174 0.544667 0.926957 0.538000 0.923043 0.530667 0.921739
0 0.550000 0.947826 0.546000 0.953913 0.546000 0.959130 0.552000 0.963478 0.558000 0.970870 0.560667 0.972609 0.570667 0.975652 0.584000 0.975217 0.596000 0.971304 0.602000 0.966957 0.608000 0.958696 0.608000 0.953478 0.605333 0.950870 0.600667 0.949565 0.582667 0.950000 0.562000 0.945217 0.555333 0.945652
0 0.592000 0.912174 0.588667 0.912174 0.575333 0.915652 0.568667 0.920000 0.564000 0.925652 0.562000 0.931304 0.562000 0.940435 0.566000 0.944348 0.578000 0.948696 0.588000 0.949130 0.596000 0.947826 0.607333 0.939565 0.610000 0.933913 0.610667 0.918696 0.606000 0.915652
0 0.646667 0.918696 0.640667 0.917391 0.619333 0.918261 0.613333 0.920870 0.612000 0.938261 0.616000 0.945652 0.619333 0.948261 0.634667 0.949565 0.640667 0.949130 0.648667 0.946957 0.658000 0.940000 0.658000 0.934783 0.654000 0.924783
0 0.680667 0.935217 0.668000 0.935652 0.658000 0.938261 0.650667 0.943043 0.648000 0.946522 0.649333 0.959565 0.651200 0.963913 0.655333 0.966957 0.666667 0.971304 0.678667 0.971304 0.692000 0.966957 0.698000 0.962174 0.700667 0.951739 0.699333 0.943043 0.692000 0.938696
0 0.618000 0.949565 0.611333 0.951739 0.606000 0.963043 0.596667 0.970435 0.594000 0.974783 0.608000 0.987391 0.612667 0.989130 0.626667 0.989565 0.632667 0.987826 0.637333 0.983913 0.648667 0.967391 0.649333 0.959565 0.646667 0.954783 0.636667 0.950435
0 0.644667 0.974348 0.637333 0.984783 0.637333 0.992609 0.638667 0.995652 0.638733 1.000000 0.649533 0.999348 0.700000 1.000000 0.700000 0.992174 0.698000 0.987391 0.693333 0.983043 0.682667 0.976957 0.674000 0.973478 0.659333 0.970870 0.650000 0.971739
0 0.546000 0.990435 0.546000 1.000000 0.596667 1.000000 0.596667 0.994783 0.598667 0.990870 0.598000 0.988261 0.596000 0.986087 0.584667 0.981304 0.572667 0.980000 0.556667 0.981304 0.550667 0.984348
0 0.598000 0.993043 0.597333 1.000000 0.637333 1.000000 0.637333 0.997826 0.630000 0.993478 0.618667 0.990000 0.610667 0.989130 0.601333 0.989565
0 0.543333 0.960000 0.532667 0.958696 0.523333 0.959130 0.514667 0.962174 0.510000 0.965217 0.506000 0.970435 0.504667 0.975217 0.506667 0.982174 0.520000 0.992609 0.522667 0.996087 0.530667 0.995652 0.541333 0.992174 0.556000 0.980000 0.557333 0.974783 0.556667 0.970435 0.550000 0.963478
0 0.468000 0.997826 0.468000 1.000000 0.520000 1.000000 0.519333 0.994783 0.516667 0.989565 0.507333 0.983478 0.502667 0.981739 0.495333 0.980870 0.476667 0.986522
0 0.463333 0.950000 0.456000 0.953043 0.452000 0.958696 0.451333 0.966957 0.454000 0.975217 0.467333 0.983913 0.476000 0.984783 0.485333 0.983043 0.494667 0.976522 0.501333 0.968696 0.502667 0.963913 0.502000 0.959565 0.497333 0.954783 0.488667 0.950870 0.483333 0.950000
0 0.468000 0.990000 0.464667 0.985217 0.458667 0.983043 0.456000 0.980435 0.446667 0.979130 0.438667 0.979565 0.432000 0.981739 0.418667 0.990000 0.418000 1.000000 0.466000 1.000000
0 0.368000 0.976957 0.367333 0.980000 0.361333 0.988696 0.362667 1.000000 0.406667 1.000000 0.406667 0.997391 0.400667 0.991739 0.396667 0.985652 0.386000 0.978261 0.376000 0.976087
0 0.302933 0.998739 0.299533 0.999739 0.349333 1.000000 0.349333 0.997826 0.335333 0.995217 0.312933 0.996739 0.306333 0.997087
0 0.284000 0.968261 0.279333 0.970435 0.270667 0.982174 0.268667 0.991304 0.272000 0.996087 0.278000 0.998261 0.281133 0.998826 0.296133 0.999217 0.299333 0.997826 0.304667 0.996957 0.316000 0.990870 0.318667 0.986957 0.318000 0.981739 0.316000 0.978261 0.306000 0.972174 0.294000 0.968696
0 0.213333 0.997826 0.213333 1.000000 0.270000 1.000000 0.268000 0.994783 0.263333 0.990000 0.251333 0.987391 0.236667 0.987826 0.216667 0.993913
0 0.212000 0.959130 0.210000 0.963043 0.213333 0.969130 0.224000 0.974783 0.235333 0.978696 0.248667 0.981739 0.258000 0.982174 0.266667 0.980000 0.272000 0.975217 0.273333 0.971739 0.273333 0.962174 0.270000 0.956957 0.262000 0.952609 0.235333 0.952174 0.218000 0.955652
0 0.168000 0.954348 0.162667 0.958696 0.157333 0.970870 0.157333 0.975652 0.160000 0.980000 0.166667 0.984348 0.184000 0.990000 0.196000 0.990000 0.202000 0.988261 0.206667 0.985217 0.210667 0.980000 0.210667 0.972609 0.208000 0.966957 0.197333 0.958261 0.187333 0.954348 0.180667 0.953478 0.171333 0.953478
0 0.140000 0.943913 0.128667 0.943478 0.118667 0.946957 0.110000 0.953478 0.108000 0.956957 0.107333 0.963043 0.108667 0.966522 0.115333 0.971739 0.118000 0.975652 0.123333 0.978261 0.130000 0.978696 0.146667 0.976087 0.156667 0.971304 0.158000 0.963913 0.162000 0.958696 0.157333 0.952609 0.150667 0.947391
0 0.069333 0.970000 0.062667 0.976957 0.062000 0.984348 0.062667 0.986522 0.074000 0.992609 0.083333 0.994783 0.093333 0.995217 0.102667 0.994348 0.110000 0.990870 0.115333 0.986087 0.118000 0.979130 0.118000 0.974783 0.113333 0.972174 0.109333 0.967826 0.100667 0.965217 0.089333 0.965217 0.080667 0.966522
0 0.105333 0.994348 0.105333 1.000000 0.170667 1.000000 0.170667 0.995217 0.166667 0.986957 0.161333 0.983478 0.153333 0.981304 0.136667 0.981304 0.128000 0.983043 0.116000 0.987391
0 0.359333 0.960000 0.354667 0.959130 0.344667 0.960870 0.338000 0.960870 0.333333 0.959565 0.328000 0.959565 0.316000 0.964348 0.314667 0.967826 0.316667 0.970435 0.318000 0.977826 0.322000 0.983913 0.328000 0.987826 0.335333 0.990000 0.351333 0.990000 0.361333 0.986522 0.366667 0.978696 0.368000 0.969565 0.366000 0.965217
0 0.428000 0.956957 0.416000 0.956087 0.404000 0.957826 0.391333 0.965217 0.389333 0.968696 0.391333 0.978696 0.398000 0.983478 0.404667 0.984348 0.410667 0.986957 0.416667 0.986957 0.429333 0.982609 0.435333 0.978696 0.438000 0.971739 0.436667 0.961739 0.434000 0.959130
0 0.446667 0.926522 0.431333 0.927391 0.422000 0.930000 0.415333 0.934348 0.410667 0.943043 0.412667 0.948696 0.420000 0.953913 0.439333 0.959565 0.449333 0.957391 0.458000 0.950435 0.464667 0.948696 0.467333 0.946087 0.466667 0.938696 0.452667 0.928696
0 0.406000 0.944783 0.398667 0.942609 0.388667 0.942174 0.383333 0.940870 0.375333 0.940870 0.365333 0.942609 0.360000 0.946522 0.358667 0.952174 0.361333 0.959130 0.368000 0.966087 0.380000 0.970000 0.386000 0.968261 0.406667 0.952609 0.408667 0.946522
0 0.363333 0.910000 0.360667 0.911739 0.358000 0.916087 0.358000 0.926522 0.360667 0.933913 0.364667 0.938261 0.368667 0.939565 0.382000 0.939130 0.393333 0.940000 0.400667 0.937391 0.406000 0.933913 0.408667 0.929130 0.409333 0.921304 0.407333 0.915652 0.402000 0.910435 0.391333 0.907391 0.378667 0.907391
0 0.328000 0.921739 0.318000 0.927391 0.320000 0.950000 0.325333 0.956087 0.330667 0.958696 0.344667 0.960435 0.351333 0.958261 0.358000 0.948261 0.360000 0.943478 0.358667 0.927826 0.351333 0.922609 0.344667 0.921304
0 0.306000 0.930870 0.294000 0.930870 0.284667 0.932609 0.278000 0.936522 0.271333 0.946957 0.271333 0.951739 0.282667 0.961304 0.295333 0.964348 0.306000 0.963043 0.314667 0.959130 0.316667 0.955217 0.313333 0.935217 0.310000 0.932174
0 0.248000 0.916957 0.238667 0.923043 0.235333 0.928261 0.226000 0.934348 0.224000 0.939565 0.227333 0.945217 0.235333 0.949565 0.242667 0.951739 0.256667 0.952174 0.262667 0.950870 0.269333 0.946522 0.275333 0.939130 0.276667 0.934348 0.272667 0.927826 0.268000 0.924348 0.254000 0.917391
0 0.266000 0.909130 0.263333 0.913478 0.263333 0.920000 0.265333 0.922609 0.277333 0.930870 0.284667 0.930870 0.291333 0.929130 0.306667 0.928696 0.313333 0.924348 0.312000 0.915217 0.304667 0.906957 0.297333 0.903478 0.283333 0.902609
0 0.338000 0.886522 0.330000 0.886522 0.327333 0.887391 0.318667 0.896522 0.311333 0.900870 0.309333 0.903913 0.308667 0.908696 0.311333 0.913913 0.317333 0.918696 0.324667 0.920870 0.336667 0.920435 0.343333 0.918696 0.350000 0.914783 0.356000 0.908261 0.356667 0.899130 0.354000 0.893478 0.348000 0.889565
0 0.309333 0.864348 0.302000 0.863913 0.294000 0.866087 0.281333 0.872609 0.276000 0.876957 0.274667 0.880000 0.275333 0.891739 0.278000 0.896087 0.282000 0.897826 0.294000 0.900000 0.310667 0.899130 0.314667 0.898261 0.324667 0.890870 0.328000 0.885217 0.328000 0.876087 0.326000 0.872174 0.318667 0.866957
0 0.258000 0.846522 0.247333 0.849565 0.238000 0.856957 0.234667 0.866087 0.239333 0.873478 0.246667 0.879130 0.256000 0.882609 0.264667 0.883043 0.269333 0.881304 0.282667 0.870435 0.284667 0.866087 0.284667 0.860435 0.280667 0.853043 0.275333 0.848696 0.268667 0.846957
0 0.240667 0.880435 0.234667 0.881739 0.225333 0.886957 0.220667 0.892609 0.219333 0.900870 0.223333 0.905652 0.236000 0.913478 0.242000 0.914783 0.251333 0.914783 0.261333 0.910870 0.268667 0.906087 0.270667 0.899130 0.264667 0.890870 0.254667 0.883043 0.248667 0.880870
0 0.192000 0.900435 0.186000 0.906087 0.183333 0.910435 0.180667 0.918261 0.181333 0.921739 0.192667 0.928696 0.196667 0.933043 0.204000 0.936522 0.213333 0.936522 0.226000 0.934348 0.234667 0.928696 0.238000 0.924348 0.238667 0.920000 0.235333 0.914348 0.225333 0.906522 0.214000 0.900000 0.199333 0.899130
0 0.161333 0.923043 0.155333 0.926957 0.151333 0.933913 0.151333 0.946087 0.157333 0.951304 0.166667 0.953478 0.188667 0.954348 0.206000 0.946957 0.206667 0.943043 0.203333 0.937826 0.196000 0.933043 0.190000 0.926522 0.178000 0.922174 0.170000 0.921739
0 0.152667 0.926087 0.142667 0.920870 0.123333 0.915652 0.112667 0.916087 0.102000 0.917826 0.096000 0.920870 0.094000 0.923913 0.093333 0.932174 0.096000 0.940870 0.099333 0.943913 0.105333 0.946522 0.111333 0.946957 0.118667 0.946087 0.145333 0.936522 0.153333 0.928261
0 0.068000 0.925652 0.057333 0.926957 0.047333 0.931739 0.043333 0.937826 0.043333 0.946957 0.046667 0.954783 0.054000 0.961304 0.062000 0.964348 0.071333 0.964783 0.081333 0.963043 0.087333 0.959565 0.092667 0.951304 0.095333 0.943913 0.095333 0.939130 0.091333 0.932174 0.088000 0.930000 0.081333 0.927391
0 0.036667 0.916957 0.031333 0.915217 0.025333 0.914783 0.000000 0.918696 0.000000 0.948696 0.009333 0.949130 0.024667 0.945652 0.038000 0.940435 0.042667 0.934348 0.043333 0.924348 0.041333 0.920000
0 0.021333 0.886522 0.009333 0.885652 0.000000 0.887826 0.000000 0.918261 0.022000 0.915217 0.030000 0.910000 0.032667 0.903478 0.032667 0.895652 0.028667 0.890000
0 0.048667 0.884783 0.039333 0.888261 0.035333 0.892174 0.032000 0.898696 0.033333 0.908696 0.037333 0.915652 0.044667 0.920435 0.056667 0.924348 0.065333 0.924348 0.076000 0.920000 0.080667 0.913043 0.077333 0.896522 0.070667 0.890000 0.063333 0.886087 0.057333 0.884348
0 0.123333 0.890000 0.115333 0.888696 0.103333 0.888696 0.082000 0.890870 0.078667 0.894783 0.080667 0.909565 0.082667 0.913043 0.090000 0.916087 0.099333 0.917826 0.112667 0.915652 0.122000 0.911304 0.128667 0.906957 0.132000 0.901304 0.131333 0.895652
0 0.178000 0.896957 0.172667 0.893043 0.166000 0.890870 0.158000 0.891304 0.146667 0.895652 0.140667 0.896522 0.132667 0.902609 0.127333 0.910000 0.126667 0.913043 0.128000 0.915652 0.138000 0.918261 0.140667 0.920000 0.154667 0.921739 0.170667 0.921304 0.173333 0.920435 0.180000 0.916087 0.183333 0.909565 0.182667 0.904348
0 0.182000 0.863043 0.175333 0.872174 0.175333 0.885652 0.176667 0.889130 0.182000 0.895217 0.188667 0.897391 0.194667 0.897826 0.205333 0.896957 0.214667 0.893913 0.221333 0.889565 0.222667 0.886957 0.222000 0.880870 0.218667 0.874348 0.207333 0.868261 0.188667 0.863478
0 0.188000 0.847391 0.182000 0.853478 0.182000 0.860000 0.184667 0.861739 0.208667 0.868261 0.218667 0.872609 0.226000 0.872174 0.230667 0.869130 0.232667 0.860000 0.230667 0.853913 0.225333 0.846957 0.218667 0.843913 0.204000 0.842174 0.200000 0.842609
0 0.141333 0.857826 0.134667 0.858261 0.125333 0.862174 0.120667 0.865652 0.118000 0.871739 0.118667 0.882609 0.121333 0.887826 0.128000 0.890870 0.134000 0.895652 0.138667 0.896087 0.162667 0.889130 0.169333 0.882174 0.171333 0.874783 0.170000 0.868261 0.163333 0.862609
0 0.063333 0.860000 0.060000 0.863478 0.058667 0.867826 0.060000 0.876957 0.063333 0.881739 0.070000 0.885217 0.086667 0.889565 0.094000 0.889565 0.102667 0.887391 0.108667 0.880870 0.110000 0.872174 0.108000 0.866522 0.100667 0.860000 0.092000 0.856522 0.084667 0.855217 0.077333 0.855652
0 0.017333 0.853043 0.010667 0.858696 0.002667 0.861739 0.000800 0.863522 0.000800 0.871913 0.002667 0.875652 0.016667 0.884783 0.026000 0.887826 0.038667 0.887826 0.048667 0.883478 0.052000 0.880870 0.056667 0.873478 0.056000 0.868261 0.051333 0.862609 0.043333 0.858261 0.022000 0.852609
0 0.000000 0.830000 0.000000 0.860870 0.009333 0.860000 0.013333 0.857826 0.016667 0.850435 0.017333 0.843478 0.013333 0.836522 0.003333 0.830000
0 0.028000 0.826957 0.020000 0.831739 0.019333 0.839565 0.024667 0.850870 0.029333 0.854348 0.038667 0.856522 0.045333 0.856087 0.058000 0.851739 0.070000 0.845217 0.072000 0.836957 0.069333 0.833913 0.056000 0.832609 0.039333 0.826957 0.033333 0.826087
0 0.092667 0.822609 0.082000 0.826087 0.076000 0.837826 0.075333 0.846522 0.076667 0.850000 0.080667 0.853913 0.088667 0.854783 0.098000 0.857391 0.105333 0.857826 0.114667 0.854783 0.120000 0.850000 0.123333 0.844348 0.124000 0.837391 0.118667 0.830000 0.112000 0.825217 0.105333 0.822609
0 0.142000 0.828261 0.134667 0.831304 0.126667 0.837826 0.125333 0.841739 0.126667 0.850000 0.130667 0.853913 0.140667 0.857826 0.156667 0.860870 0.164000 0.860435 0.174000 0.855217 0.178000 0.850000 0.178000 0.844348 0.174667 0.837391 0.170000 0.832174 0.160000 0.827391 0.150667 0.826957
0 0.158667 0.812174 0.156667 0.814783 0.158000 0.824348 0.170667 0.832609 0.180000 0.841739 0.188000 0.843478 0.192667 0.843478 0.200667 0.841304 0.208667 0.836087 0.214000 0.830435 0.214000 0.823043 0.210667 0.819565 0.206667 0.816957 0.193333 0.811739 0.184667 0.809565 0.176000 0.809565
0 0.224667 0.818261 0.216667 0.824348 0.215333 0.826957 0.214667 0.835652 0.217333 0.840435 0.234000 0.846957 0.240667 0.847826 0.248667 0.847826 0.260667 0.843478 0.264000 0.840435 0.265333 0.834783 0.264000 0.826522 0.260667 0.822174 0.256000 0.819565 0.248667 0.817826 0.230000 0.817391
0 0.258000 0.786957 0.248000 0.790000 0.244000 0.794348 0.243333 0.806957 0.244667 0.810435 0.248000 0.813043 0.262000 0.818696 0.274667 0.819130 0.281333 0.815652 0.288667 0.808261 0.289333 0.798261 0.288000 0.794348 0.280000 0.789130 0.268667 0.786957
0 0.206000 0.782174 0.196000 0.785217 0.184000 0.792174 0.181333 0.796957 0.182000 0.802174 0.185333 0.807826 0.196667 0.813043 0.208667 0.816957 0.220000 0.817391 0.227333 0.815217 0.234000 0.809130 0.236000 0.803478 0.234667 0.794348 0.231333 0.789130 0.226667 0.785217 0.212667 0.781739
0 0.158667 0.774783 0.152667 0.776522 0.143333 0.781304 0.133333 0.787826 0.131333 0.791304 0.132667 0.793913 0.150000 0.807391 0.158000 0.810000 0.164667 0.810000 0.171333 0.808261 0.177333 0.804348 0.180667 0.797391 0.181333 0.788696 0.180000 0.783913 0.176000 0.779130 0.172000 0.776522 0.166000 0.774783
0 0.102667 0.794783 0.092667 0.802609 0.092667 0.809565 0.096667 0.815217 0.106000 0.821304 0.118000 0.826957 0.135333 0.827826 0.141333 0.826087 0.148667 0.819130 0.148000 0.809565 0.144000 0.802174 0.134667 0.796522 0.123333 0.793478
0 0.051333 0.799130 0.036667 0.806087 0.032000 0.809565 0.030667 0.820000 0.036000 0.824348 0.056667 0.832174 0.060667 0.833043 0.071333 0.832174 0.076667 0.829130 0.084000 0.822174 0.086000 0.816522 0.086000 0.810435 0.084000 0.806087 0.076667 0.802609 0.064000 0.799130
0 0.000000 0.793043 0.000000 0.827391 0.023333 0.826087 0.029333 0.819130 0.030667 0.810435 0.024667 0.802609 0.012000 0.794783 0.008667 0.793478
0 0.054667 0.767391 0.051333 0.766522 0.033333 0.767391 0.018000 0.773913 0.008667 0.781304 0.008667 0.790000 0.012667 0.794348 0.022000 0.799565 0.026000 0.803478 0.035333 0.803913 0.041333 0.803043 0.054667 0.791304 0.058000 0.771739
0 0.110667 0.770435 0.098667 0.769130 0.072667 0.775217 0.060000 0.780435 0.058000 0.782174 0.056000 0.786522 0.058000 0.791739 0.064667 0.796957 0.080667 0.803478 0.088667 0.802609 0.094000 0.799130 0.102000 0.790000 0.105333 0.787826 0.111333 0.776087
0 0.305333 0.756957 0.294667 0.756957 0.290000 0.758261 0.285333 0.763043 0.285333 0.787826 0.290000 0.794783 0.295333 0.796957 0.316667 0.790435 0.320667 0.788261 0.323333 0.783478 0.323333 0.770435 0.321333 0.765217 0.314667 0.759130
0 0.276667 0.759565 0.272667 0.756522 0.267333 0.754783 0.258667 0.754783 0.247333 0.757826 0.236000 0.763478 0.226667 0.770435 0.223333 0.774783 0.225333 0.780435 0.232667 0.783913 0.247333 0.786522 0.254667 0.786522 0.270000 0.783913 0.278000 0.779130 0.282000 0.774348 0.281333 0.765652
0 0.338000 0.734783 0.332667 0.730870 0.322667 0.729130 0.311333 0.729565 0.296000 0.732609 0.278000 0.743913 0.278000 0.748261 0.280000 0.750000 0.280000 0.752174 0.284667 0.755217 0.290000 0.756957 0.294000 0.756087 0.306000 0.756087 0.319333 0.759565 0.326667 0.759565 0.336667 0.756522 0.340000 0.752609 0.340667 0.741304
0 0.393333 0.725217 0.386000 0.722174 0.374000 0.721304 0.366000 0.723478 0.352667 0.724348 0.348267 0.723348 0.343333 0.724783 0.336667 0.727391 0.335333 0.729565 0.341333 0.736957 0.344667 0.747826 0.355333 0.750870 0.362667 0.750000 0.370000 0.750435 0.378667 0.748261 0.393333 0.740435 0.395333 0.736087 0.395333 0.728261
0 0.385333 0.697391 0.376000 0.692174 0.364000 0.691304 0.356000 0.692609 0.334667 0.700870 0.336000 0.712174 0.340667 0.718696 0.343333 0.720435 0.352667 0.722174 0.368000 0.720870 0.373333 0.718696 0.378000 0.715217 0.382667 0.713478 0.383333 0.708696 0.387333 0.701304
0 0.306000 0.696957 0.290000 0.707391 0.286667 0.712174 0.288667 0.716957 0.296000 0.723913 0.308000 0.727826 0.324000 0.728261 0.330667 0.726957 0.334000 0.724783 0.335333 0.721304 0.334667 0.708696 0.331333 0.703478 0.319333 0.696522 0.312667 0.696087
0 0.236000 0.713478 0.233333 0.720000 0.234000 0.724783 0.243333 0.736087 0.247333 0.738261 0.258000 0.741304 0.270667 0.741304 0.283333 0.738696 0.292000 0.733043 0.293333 0.728696 0.292000 0.721304 0.287333 0.716087 0.276000 0.710000 0.269333 0.708696 0.254667 0.708261 0.245333 0.709565
0 0.213333 0.731739 0.210667 0.739565 0.211333 0.744783 0.214667 0.749130 0.224000 0.754348 0.232000 0.756087 0.250667 0.755652 0.264000 0.753478 0.274000 0.748261 0.274000 0.743913 0.272667 0.743043 0.256667 0.741304 0.244667 0.736957 0.242000 0.735217 0.236667 0.726957 0.233333 0.725217 0.222667 0.725652
0 0.214000 0.753913 0.203333 0.751739 0.192667 0.751739 0.186000 0.753913 0.178000 0.759565 0.172667 0.766957 0.172000 0.772609 0.173333 0.775652 0.181333 0.783913 0.188000 0.785652 0.194667 0.785652 0.214667 0.778261 0.224667 0.771739 0.226667 0.768261 0.225333 0.763043 0.221333 0.758261
0 0.114667 0.772174 0.118000 0.776522 0.124667 0.780000 0.130000 0.780870 0.142000 0.780435 0.156000 0.775217 0.162667 0.773913 0.175333 0.763913 0.176000 0.759565 0.169333 0.755652 0.158000 0.752609 0.135333 0.750870 0.122667 0.751304 0.118667 0.752609 0.115333 0.755217 0.114000 0.759565
0 0.139333 0.724348 0.133333 0.744348 0.140667 0.750435 0.171333 0.754783 0.189333 0.747826 0.191333 0.743478 0.188000 0.735652 0.180667 0.728696 0.171333 0.722609 0.160000 0.719130 0.150667 0.719130
0 0.110667 0.716522 0.101333 0.718696 0.092667 0.723043 0.089333 0.733913 0.094000 0.742174 0.107333 0.750870 0.110000 0.751739 0.117333 0.751739 0.124667 0.749130 0.133333 0.743043 0.137333 0.728696 0.136667 0.724348 0.134000 0.720870 0.126667 0.717391 0.122667 0.716522
0 0.068667 0.741304 0.056667 0.747826 0.055333 0.750435 0.054000 0.760435 0.056667 0.765217 0.062667 0.769565 0.074667 0.772609 0.085333 0.771739 0.097333 0.768261 0.102667 0.764348 0.104667 0.760000 0.105333 0.753913 0.103333 0.749130 0.092667 0.742174 0.086000 0.741043 0.081333 0.740870
0 0.078000 0.699565 0.067333 0.699565 0.056000 0.702174 0.050000 0.704783 0.046000 0.708696 0.044667 0.721304 0.048667 0.730870 0.054000 0.736087 0.062000 0.739565 0.070000 0.740000 0.080000 0.738261 0.086667 0.733913 0.091333 0.724783 0.091333 0.712609 0.089333 0.704783 0.085333 0.700870
0 0.044667 0.731739 0.038000 0.731304 0.028000 0.733043 0.005333 0.744348 0.004000 0.748261 0.014667 0.754783 0.020667 0.762174 0.023333 0.763478 0.032000 0.765217 0.041333 0.765217 0.045333 0.764348 0.051333 0.759565 0.054667 0.749565 0.054667 0.742609 0.049333 0.733913
0 0.000000 0.748696 0.000000 0.778696 0.003333 0.778696 0.009333 0.776087 0.014667 0.772174 0.020000 0.763913 0.020000 0.761304 0.016667 0.755217 0.008667 0.750435 0.003333 0.748696
0 0.000000 0.717826 0.000000 0.741304 0.008000 0.741304 0.014000 0.739130 0.024667 0.732609 0.025333 0.727826 0.023333 0.724783 0.014667 0.720435 0.004000 0.717826
0 0.033333 0.687826 0.020667 0.688261 0.000000 0.692174 0.000000 0.714348 0.002667 0.714348 0.006000 0.716957 0.020667 0.722609 0.027333 0.722609 0.033333 0.720870 0.040667 0.716087 0.046667 0.705217 0.044667 0.696522 0.041333 0.692609
0 0.633333 0.778696 0.626667 0.779130 0.617333 0.782174 0.602667 0.791304 0.602000 0.796087 0.604667 0.806522 0.614000 0.812609 0.618667 0.813478 0.632667 0.812609 0.640000 0.810870 0.647333 0.806522 0.652000 0.795217 0.652000 0.790435 0.649333 0.786957 0.643333 0.783043
0 0.132667 0.619565 0.128667 0.626087 0.128667 0.631304 0.131333 0.636957 0.139333 0.643043 0.150667 0.644783 0.159333 0.644783 0.172000 0.643478 0.180667 0.640000 0.184000 0.635217 0.184667 0.626522 0.182000 0.622609 0.174667 0.618696 0.154000 0.614783 0.143333 0.614783 0.138000 0.616087
0 0.000000 0.123478 0.000000 0.165652 0.003333 0.165652 0.005333 0.160435 0.011333 0.156957 0.015333 0.153043 0.019333 0.145217 0.020667 0.138261 0.019333 0.133478 0.016000 0.129565 0.003333 0.123478
0 0.032667 0.105217 0.030000 0.112609 0.030667 0.119565 0.032667 0.122174 0.041333 0.127391 0.050000 0.129565 0.072000 0.130435 0.083333 0.127826 0.090000 0.127391 0.092667 0.126087 0.094000 0.119565 0.090000 0.109565 0.084000 0.102174 0.079333 0.099565 0.062667 0.094348 0.056667 0.093913 0.044667 0.096957
0 0.050667 0.072174 0.052000 0.084783 0.061333 0.094348 0.068000 0.095217 0.072667 0.097826 0.076667 0.098696 0.087333 0.098261 0.095333 0.094783 0.101333 0.083043 0.100667 0.072609 0.095333 0.068261 0.089333 0.066957 0.068667 0.066522 0.062000 0.067826
0 0.122000 0.041304 0.114667 0.043478 0.107333 0.049565 0.104667 0.057826 0.103333 0.070000 0.110667 0.076957 0.116667 0.074348 0.119333 0.074348 0.128000 0.076957 0.135333 0.077826 0.145333 0.072609 0.148667 0.068696 0.152000 0.061304 0.150667 0.056087 0.147333 0.050435 0.139333 0.044348 0.132667 0.042174
0 0.166000 0.068261 0.146667 0.070435 0.142000 0.074783 0.140000 0.082609 0.143333 0.100435 0.152667 0.105652 0.162000 0.107826 0.170667 0.106957 0.179333 0.102609 0.184000 0.097391 0.188000 0.087391 0.188000 0.080870 0.183333 0.073478 0.176667 0.070000
0 0.123333 0.075217 0.116667 0.074783 0.110000 0.077826 0.108667 0.080000 0.103333 0.083478 0.097333 0.093913 0.096667 0.098696 0.098000 0.103043 0.102000 0.108261 0.106667 0.110870 0.112667 0.111304 0.124000 0.107826 0.134000 0.107391 0.138000 0.105217 0.140000 0.101304 0.144000 0.099565 0.144000 0.090870 0.138667 0.080870 0.132667 0.077826
0 0.124667 0.107826 0.116667 0.110000 0.112667 0.113043 0.106000 0.122609 0.105333 0.129565 0.108667 0.137391 0.116667 0.143913 0.126000 0.146522 0.134667 0.146957 0.144000 0.144783 0.153333 0.139130 0.158667 0.131304 0.158667 0.122609 0.154000 0.115217 0.148000 0.111739 0.136667 0.107826
0 0.236000 0.096957 0.230000 0.099565 0.222667 0.106957 0.222667 0.115652 0.226000 0.119565 0.230667 0.122609 0.240667 0.123478 0.246667 0.125217 0.254667 0.125217 0.266667 0.121739 0.272667 0.116957 0.276667 0.111739 0.276667 0.106522 0.272667 0.100000 0.266667 0.096957 0.254667 0.094783 0.245333 0.095217
0 0.238000 0.146087 0.229333 0.146522 0.218000 0.150435 0.214000 0.153478 0.208667 0.162174 0.208667 0.170000 0.212000 0.175652 0.218667 0.180000 0.224667 0.182174 0.237333 0.182609 0.244000 0.181304 0.254667 0.175652 0.258000 0.170000 0.258000 0.160870 0.254667 0.153043 0.248000 0.148696
0 0.285333 0.137391 0.282667 0.142609 0.272667 0.153913 0.272667 0.158696 0.276000 0.162174 0.284000 0.165652 0.311333 0.164348 0.318667 0.163043 0.320667 0.161739 0.323333 0.156087 0.323333 0.146522 0.318000 0.140435 0.309333 0.136957 0.298000 0.134348 0.292667 0.134783
0 0.316333 0.164000 0.308000 0.164783 0.295333 0.164348 0.287333 0.166522 0.278667 0.172609 0.274667 0.177391 0.272000 0.183478 0.272000 0.188261 0.274667 0.193913 0.278667 0.197826 0.292000 0.203043 0.302667 0.203478 0.310667 0.201304 0.320667 0.193478 0.323333 0.187391 0.324000 0.180870 0.321333 0.173913 0.320667 0.166522
0 0.341333 0.150000 0.334000 0.156087 0.331333 0.164783 0.331333 0.172174 0.333333 0.177826 0.340667 0.182174 0.353333 0.183913 0.368667 0.182174 0.379333 0.178261 0.392667 0.169565 0.394667 0.166957 0.394000 0.163913 0.382000 0.155652 0.358000 0.149130 0.346667 0.148696
0 0.046667 0.284348 0.040000 0.290000 0.039333 0.295652 0.043333 0.301739 0.054000 0.310870 0.075333 0.314783 0.084000 0.312609 0.092667 0.307391 0.095333 0.302609 0.094667 0.295652 0.090667 0.290000 0.082000 0.284348 0.069333 0.280870 0.058667 0.280870
0 0.326000 0.236522 0.314667 0.239565 0.302667 0.247391 0.299333 0.250870 0.297333 0.255652 0.298000 0.261739 0.301333 0.267391 0.310000 0.273478 0.328000 0.279565 0.333333 0.280000 0.335333 0.279565 0.336667 0.274348 0.347333 0.260435 0.348667 0.250870 0.346667 0.245652 0.341333 0.240000 0.332667 0.236522
0 0.499333 0.099565 0.494000 0.103478 0.493333 0.108696 0.490667 0.113913 0.490667 0.120000 0.494000 0.123478 0.502667 0.129130 0.512000 0.131304 0.518000 0.130870 0.536000 0.125217 0.541333 0.115652 0.540667 0.108261 0.537333 0.104348 0.522667 0.099130 0.503333 0.098696
0 0.551333 0.129565 0.542667 0.126957 0.535333 0.126087 0.521333 0.128696 0.518667 0.130870 0.512000 0.131739 0.503333 0.137826 0.501333 0.141304 0.501333 0.147391 0.505333 0.154348 0.514000 0.163043 0.520000 0.164783 0.530667 0.164783 0.542000 0.162174 0.550000 0.157391 0.554667 0.151739 0.556667 0.143478 0.556667 0.138696
0 0.584667 0.102174 0.577333 0.101304 0.568000 0.103043 0.562000 0.107391 0.557333 0.113043 0.552667 0.122609 0.552000 0.127826 0.555333 0.136957 0.558000 0.139565 0.570667 0.140000 0.588667 0.136957 0.599333 0.130870 0.602000 0.127826 0.603333 0.118696 0.600000 0.111304 0.594000 0.106522
0 0.652667 0.125652 0.643333 0.128696 0.631333 0.136087 0.628000 0.141304 0.628667 0.147391 0.630667 0.148696 0.639333 0.148261 0.649333 0.150435 0.663333 0.159130 0.668000 0.163478 0.674000 0.161739 0.682667 0.154348 0.686667 0.147391 0.686000 0.140435 0.680000 0.133913 0.674000 0.130435 0.664000 0.126522
0 0.619333 0.154348 0.613333 0.160435 0.609333 0.170435 0.610667 0.176957 0.616667 0.181739 0.626667 0.183043 0.644000 0.176087 0.654667 0.176522 0.661333 0.180000 0.666667 0.179565 0.670000 0.177826 0.670667 0.169130 0.668000 0.166087 0.668000 0.161739 0.664000 0.160870 0.660667 0.156522 0.648667 0.150000 0.638000 0.148217 0.631333 0.147826
0 0.656000 0.176522 0.642667 0.176522 0.634667 0.179130 0.629333 0.182174 0.628000 0.185652 0.622000 0.192609 0.619333 0.200435 0.620667 0.207826 0.624000 0.212174 0.632667 0.216957 0.643333 0.216957 0.655333 0.213043 0.671333 0.205217 0.672667 0.200000 0.664667 0.189130 0.663333 0.180435
0 0.608000 0.216522 0.599333 0.216957 0.594000 0.218261 0.579333 0.226957 0.575333 0.231739 0.575333 0.235652 0.579333 0.241304 0.594667 0.252174 0.601333 0.253913 0.608000 0.253478 0.614000 0.251304 0.621333 0.246087 0.626000 0.238261 0.626667 0.231304 0.624000 0.223913 0.616667 0.218696
0 0.692000 0.231739 0.683333 0.228261 0.675333 0.226522 0.667333 0.226087 0.658667 0.228261 0.652000 0.232609 0.646667 0.240000 0.644667 0.248261 0.656000 0.261739 0.670000 0.262174 0.676667 0.261304 0.692000 0.252609 0.698000 0.246087 0.699333 0.240435 0.697333 0.235652
0 0.639333 0.248261 0.632667 0.247391 0.622667 0.247826 0.615333 0.250435 0.611333 0.253913 0.608000 0.260000 0.607333 0.266087 0.601333 0.273478 0.600667 0.276087 0.605333 0.279565 0.614667 0.283478 0.623333 0.283913 0.636000 0.277826 0.648667 0.276957 0.655333 0.271739 0.656000 0.262174 0.647333 0.251304
0 0.704000 0.268696 0.694667 0.266087 0.680000 0.266957 0.668000 0.270870 0.662000 0.275217 0.658667 0.279130 0.660000 0.299565 0.666667 0.304783 0.675333 0.306087 0.685333 0.304348 0.704000 0.293913 0.711333 0.283478 0.710000 0.274348
0 0.650000 0.277826 0.637333 0.278261 0.633333 0.279565 0.628000 0.283478 0.619333 0.293043 0.618667 0.307391 0.620667 0.310435 0.625333 0.313043 0.634000 0.313913 0.648000 0.311304 0.661333 0.299565 0.659333 0.283043
0 0.583333 0.365217 0.574000 0.370435 0.572000 0.373043 0.572000 0.381739 0.579333 0.390435 0.584667 0.394348 0.592667 0.396087 0.608000 0.395652 0.615333 0.393043 0.620667 0.389565 0.624000 0.384348 0.623333 0.376957 0.616000 0.369565 0.609333 0.366087 0.602000 0.363913 0.591333 0.363478
0 0.536000 0.356087 0.529333 0.357391 0.524000 0.360000 0.518000 0.365217 0.516000 0.370870 0.516000 0.377826 0.517333 0.381304 0.525333 0.388261 0.535333 0.392174 0.541333 0.393478 0.548000 0.393478 0.554667 0.392174 0.563333 0.388696 0.571333 0.380870 0.572667 0.374783 0.566000 0.362609 0.560000 0.358696 0.554667 0.356957
0 0.474667 0.374783 0.466667 0.375217 0.452667 0.380870 0.446000 0.386957 0.444667 0.390000 0.445333 0.399130 0.449333 0.403913 0.457333 0.408261 0.470000 0.410870 0.480667 0.409565 0.488667 0.406087 0.494667 0.401304 0.499333 0.394348 0.498667 0.388261 0.494667 0.383043 0.482667 0.376522
0 0.530667 0.400000 0.524667 0.404783 0.518000 0.415217 0.518667 0.420000 0.522000 0.423913 0.534000 0.430000 0.558000 0.428696 0.566667 0.432174 0.570667 0.429130 0.577333 0.420435 0.578000 0.415652 0.573333 0.407826 0.559333 0.400000 0.548000 0.396957 0.536000 0.397826
0 0.578667 0.398696 0.574000 0.403913 0.574667 0.407826 0.579333 0.415652 0.579333 0.420000 0.583333 0.424783 0.588667 0.426522 0.614000 0.425217 0.626000 0.416522 0.632000 0.408696 0.629333 0.404348 0.624667 0.401739 0.608000 0.396957 0.584000 0.396522
0 0.658000 0.408261 0.643333 0.407391 0.639333 0.409565 0.633333 0.410435 0.629333 0.412174 0.626667 0.416522 0.621333 0.420870 0.618667 0.427391 0.621333 0.436087 0.627333 0.440000 0.656000 0.440435 0.661333 0.436522 0.666000 0.427826 0.665333 0.419130 0.662667 0.412174
0 0.698667 0.420000 0.682667 0.420000 0.674000 0.423478 0.668667 0.427391 0.666667 0.430870 0.663200 0.433391 0.662000 0.437391 0.660667 0.439565 0.661333 0.446087 0.666667 0.451304 0.674667 0.455217 0.692000 0.455217 0.701333 0.451304 0.706667 0.446087 0.712667 0.431304 0.710667 0.427391
0 0.645333 0.440870 0.630000 0.441304 0.621333 0.444783 0.616267 0.448870 0.614000 0.453043 0.609333 0.458261 0.610667 0.464783 0.615333 0.469130 0.624667 0.472174 0.638667 0.472609 0.655333 0.468696 0.662000 0.464348 0.664667 0.459565 0.664667 0.453913 0.662667 0.452174 0.660800 0.449261 0.658000 0.446957 0.652667 0.442609
0 0.610000 0.427391 0.602667 0.426522 0.591333 0.427391 0.578667 0.431304 0.572000 0.435217 0.568667 0.446522 0.569333 0.455217 0.577333 0.459565 0.584667 0.460870 0.601333 0.459565 0.613333 0.454348 0.616000 0.448696 0.619333 0.446087 0.620000 0.441739 0.616667 0.431304
0 0.560667 0.429565 0.547333 0.429130 0.535333 0.430870 0.528000 0.433913 0.520667 0.438696 0.516000 0.443913 0.514667 0.453043 0.517333 0.457391 0.526667 0.463913 0.534000 0.465217 0.541333 0.468696 0.551333 0.468696 0.554667 0.467826 0.563333 0.461304 0.565333 0.457826 0.568000 0.447826 0.568667 0.436957 0.564667 0.431739
0 0.476000 0.412174 0.470000 0.415217 0.461333 0.423478 0.460000 0.426087 0.460667 0.434348 0.464000 0.437826 0.474667 0.440870 0.483333 0.447826 0.486000 0.448696 0.497333 0.448261 0.506000 0.444783 0.514000 0.439130 0.516667 0.433478 0.515333 0.425652 0.507333 0.419565 0.500000 0.416522 0.482667 0.411739
0 0.477333 0.441739 0.462667 0.437391 0.452000 0.437826 0.438667 0.441304 0.428000 0.453043 0.428000 0.459565 0.432667 0.465217 0.442667 0.469130 0.453333 0.469565 0.470000 0.464783 0.479333 0.457826 0.483333 0.451739 0.483333 0.446957
0 0.500000 0.469130 0.483333 0.464783 0.475333 0.464783 0.462000 0.467391 0.455333 0.470000 0.451333 0.474348 0.450667 0.478696 0.455333 0.485217 0.458667 0.493043 0.465333 0.496957 0.472000 0.498261 0.483333 0.496957 0.492667 0.492609 0.500667 0.487391 0.503333 0.482609 0.504667 0.474348
0 0.526667 0.464783 0.510000 0.470870 0.505333 0.474348 0.502667 0.486957 0.505333 0.490435 0.516000 0.493043 0.523333 0.497826 0.526667 0.502609 0.540000 0.503478 0.546667 0.502174 0.550667 0.500000 0.554000 0.495217 0.554000 0.486522 0.548667 0.476957 0.542667 0.469565 0.536667 0.466087
0 0.573333 0.462609 0.566667 0.463478 0.555333 0.470435 0.550000 0.476087 0.550000 0.480000 0.554667 0.487391 0.554000 0.498696 0.556667 0.502174 0.566000 0.505652 0.571333 0.505217 0.590000 0.500435 0.596000 0.494348 0.597333 0.490435 0.596000 0.478696 0.593333 0.473913 0.589333 0.470435
0 0.612667 0.470000 0.606667 0.470870 0.597333 0.476087 0.597333 0.490435 0.594000 0.498696 0.598000 0.502174 0.609333 0.508261 0.616667 0.509130 0.626000 0.506087 0.629333 0.502609 0.630667 0.495652 0.630000 0.478261 0.626000 0.473043
0 0.648667 0.471739 0.639333 0.473913 0.633333 0.479130 0.630667 0.486087 0.630667 0.499130 0.636667 0.504783 0.656000 0.508261 0.666000 0.505652 0.676667 0.500435 0.680000 0.497391 0.682000 0.490000 0.678667 0.482174 0.674000 0.476957 0.669333 0.473913 0.662667 0.472174
0 0.403333 0.492174 0.398000 0.491739 0.392667 0.493043 0.385000 0.495565 0.376000 0.498696 0.371333 0.501739 0.370000 0.505652 0.371333 0.509565 0.370667 0.518261 0.380667 0.524783 0.384000 0.525652 0.392667 0.525652 0.407333 0.519565 0.420000 0.517391 0.424000 0.514348 0.424667 0.508696 0.416667 0.500435 0.412000 0.498696 0.409333 0.495652
0 0.434000 0.468261 0.423333 0.468696 0.416000 0.470870 0.406667 0.478261 0.404000 0.486087 0.405333 0.491739 0.407333 0.494348 0.422000 0.503913 0.428667 0.503913 0.438667 0.500000 0.447333 0.498261 0.453333 0.495217 0.455333 0.490000 0.453333 0.482609 0.448000 0.476087 0.440000 0.470000
0 0.398667 0.466087 0.378000 0.465652 0.368667 0.466522 0.354000 0.470435 0.350000 0.473043 0.348667 0.476522 0.351333 0.486522 0.351333 0.494348 0.356667 0.499130 0.367333 0.500435 0.374000 0.499565 0.384000 0.495217 0.393333 0.492609 0.402000 0.486957 0.403333 0.481739 0.406667 0.476957 0.406667 0.473478
0 0.338000 0.473043 0.326000 0.473043 0.319333 0.474348 0.312000 0.477391 0.300667 0.490000 0.302000 0.499565 0.313333 0.506957 0.321333 0.508696 0.332667 0.509130 0.341333 0.506087 0.346667 0.502174 0.350667 0.492174 0.350667 0.485652 0.349200 0.481087 0.347333 0.477391
0 0.264000 0.462609 0.260000 0.465217 0.257333 0.470000 0.258000 0.478261 0.262667 0.484783 0.270000 0.488696 0.278667 0.491304 0.292667 0.492174 0.300000 0.490870 0.312667 0.477826 0.313333 0.470435 0.312000 0.468261 0.309333 0.466522 0.296667 0.463043 0.282667 0.460870 0.271333 0.460870
0 0.200667 0.451304 0.188000 0.452174 0.181333 0.454783 0.176667 0.459130 0.176000 0.477826 0.178000 0.482609 0.183333 0.488696 0.189333 0.488696 0.195333 0.485217 0.213333 0.485217 0.220000 0.482609 0.225333 0.477391 0.226667 0.473043 0.226000 0.466957 0.220667 0.459565 0.213333 0.455217
0 0.135333 0.476522 0.123333 0.472609 0.116000 0.472609 0.110667 0.474348 0.091333 0.490000 0.088000 0.496522 0.088667 0.506087 0.096000 0.506522 0.104667 0.504348 0.108667 0.506087 0.120667 0.506522 0.124000 0.506087 0.131333 0.502609 0.138000 0.498261 0.143333 0.491304 0.142000 0.483043
0 0.248667 0.513043 0.240667 0.512609 0.234667 0.513478 0.224667 0.517391 0.212000 0.525652 0.206000 0.533043 0.206667 0.537826 0.212000 0.544348 0.216000 0.546957 0.228667 0.551304 0.242667 0.550000 0.250667 0.543478 0.255333 0.534783 0.258667 0.525652 0.257333 0.519130 0.254667 0.515652
0 0.194667 0.486957 0.187333 0.490435 0.182000 0.496522 0.180000 0.501739 0.180667 0.509565 0.186667 0.517826 0.193333 0.521739 0.200000 0.523913 0.212667 0.523913 0.218000 0.521739 0.219733 0.520217 0.222733 0.517783 0.225333 0.516957 0.228667 0.514348 0.229333 0.507826 0.226000 0.498261 0.220000 0.490000 0.213333 0.486957 0.209333 0.486087
0 0.242667 0.489130 0.236000 0.492174 0.232000 0.497826 0.230667 0.503043 0.232000 0.510870 0.234667 0.512609 0.248000 0.512609 0.251333 0.513478 0.260000 0.520000 0.274000 0.516087 0.281333 0.509565 0.282667 0.506957 0.282667 0.501739 0.280000 0.496957 0.273333 0.492174 0.268000 0.490870 0.257333 0.490435 0.248667 0.488696
0 0.310000 0.506957 0.296000 0.506087 0.288667 0.507391 0.282667 0.509565 0.274000 0.516957 0.270667 0.527826 0.272000 0.535217 0.276000 0.542609 0.284000 0.546087 0.297333 0.544783 0.309333 0.540435 0.314000 0.537391 0.320667 0.529565 0.321333 0.517391 0.317333 0.511304
0 0.362667 0.500435 0.357333 0.500870 0.346667 0.504348 0.335333 0.509565 0.328000 0.514348 0.324000 0.518696 0.322000 0.524783 0.322667 0.530000 0.330000 0.536522 0.343333 0.540870 0.351333 0.540000 0.359333 0.537391 0.362667 0.533913 0.369333 0.519130 0.370667 0.512174 0.369333 0.504348
0 0.466000 0.498261 0.452000 0.497391 0.442667 0.499130 0.432667 0.502609 0.427333 0.506957 0.425333 0.512609 0.425333 0.517826 0.440000 0.526522 0.445333 0.531739 0.452000 0.531739 0.468000 0.527391 0.476000 0.519130 0.476000 0.508261 0.470000 0.500435
0 0.516000 0.493043 0.507333 0.490870 0.500000 0.490870 0.492667 0.493043 0.483333 0.499130 0.477333 0.506087 0.476667 0.518261 0.472667 0.525217 0.476667 0.529565 0.488667 0.531304 0.506667 0.524348 0.514667 0.519565 0.523333 0.509565 0.525333 0.503043 0.523333 0.497826
0 0.394000 0.525217 0.392000 0.529130 0.392667 0.536522 0.400667 0.542609 0.408000 0.545652 0.414667 0.547391 0.430000 0.547391 0.435333 0.546087 0.440667 0.542609 0.444000 0.536957 0.444667 0.532174 0.438000 0.525652 0.426000 0.519565 0.422667 0.518696 0.409333 0.519565 0.398000 0.522609
0 0.375333 0.534348 0.363333 0.535652 0.348667 0.541304 0.346000 0.543913 0.346667 0.549130 0.352667 0.559130 0.362667 0.570000 0.367333 0.572174 0.374667 0.572174 0.389333 0.565652 0.401333 0.553913 0.402667 0.550000 0.401333 0.545217 0.396000 0.540435 0.388667 0.536957
0 0.296667 0.546087 0.292000 0.552174 0.292000 0.559130 0.294667 0.563913 0.302667 0.570000 0.314667 0.573913 0.324000 0.574783 0.331333 0.574348 0.342667 0.570000 0.348667 0.564783 0.351333 0.556957 0.350000 0.552609 0.346667 0.548261 0.338667 0.543913 0.326667 0.540870 0.319333 0.540435 0.308667 0.542174
0 0.260000 0.543043 0.252000 0.545652 0.240667 0.555217 0.239333 0.564783 0.241333 0.569565 0.248667 0.574348 0.258000 0.576522 0.266667 0.576522 0.284667 0.569130 0.288667 0.565652 0.290000 0.560870 0.289333 0.552609 0.287333 0.549565 0.281333 0.546087 0.266667 0.543043
0 0.213333 0.546522 0.200667 0.546957 0.193333 0.549130 0.182667 0.556522 0.178667 0.563913 0.178667 0.574348 0.191333 0.583913 0.200000 0.586522 0.206667 0.586087 0.210667 0.584348 0.230667 0.570435 0.232000 0.568261 0.233333 0.560435 0.230667 0.553913 0.225333 0.550870
0 0.140667 0.549565 0.133333 0.552609 0.128000 0.558261 0.126000 0.563043 0.127333 0.573913 0.134000 0.579565 0.145333 0.583913 0.152667 0.585217 0.159333 0.585217 0.164667 0.583913 0.172000 0.580000 0.177333 0.573478 0.178000 0.560435 0.174667 0.558261 0.170667 0.553043 0.165333 0.550870 0.154000 0.548696
0 0.623333 0.507391 0.619333 0.509565 0.614000 0.516087 0.613333 0.521739 0.616667 0.530435 0.619333 0.532174 0.627133 0.535478 0.632000 0.538261 0.636667 0.540435 0.650000 0.540870 0.659333 0.537391 0.664667 0.533043 0.666667 0.526522 0.666667 0.520870 0.662667 0.514348 0.655333 0.509565 0.638667 0.505652 0.632667 0.505652
0 0.596667 0.501739 0.589333 0.501304 0.573333 0.505652 0.567333 0.509565 0.570000 0.517826 0.570667 0.529130 0.575333 0.532174 0.584000 0.533043 0.597333 0.530000 0.610000 0.520870 0.612933 0.518565 0.613333 0.515217 0.611333 0.509565
0 0.536667 0.504348 0.526667 0.509130 0.520667 0.513913 0.519333 0.516087 0.520667 0.521304 0.536000 0.533913 0.545333 0.539565 0.553333 0.543043 0.562667 0.542174 0.567333 0.540000 0.570667 0.533478 0.568667 0.515652 0.565333 0.507391 0.562000 0.504783 0.554667 0.502609 0.546667 0.502609
0 0.511333 0.523043 0.492667 0.530000 0.488667 0.532609 0.487333 0.549130 0.490000 0.553043 0.496667 0.557391 0.518000 0.559130 0.524667 0.556957 0.534000 0.549565 0.536000 0.546957 0.537333 0.536522 0.529333 0.527826 0.525333 0.525217 0.519333 0.523478
0 0.473333 0.530000 0.462000 0.530000 0.448667 0.533043 0.446000 0.534783 0.438000 0.546087 0.438000 0.550000 0.446000 0.564348 0.455333 0.569130 0.458667 0.573043 0.463333 0.574348 0.469333 0.572609 0.480667 0.566522 0.486000 0.558696 0.488000 0.536957 0.484000 0.532174
0 0.518667 0.560000 0.502000 0.558696 0.494000 0.559130 0.480667 0.568696 0.478667 0.573478 0.478667 0.580000 0.485533 0.586739 0.487333 0.590435 0.489333 0.592609 0.496667 0.593043 0.500000 0.592174 0.518667 0.582609 0.526000 0.576957 0.528667 0.567826 0.526000 0.564348
0 0.572000 0.543043 0.565333 0.542609 0.554000 0.544783 0.540667 0.548696 0.532000 0.552609 0.527333 0.556087 0.527333 0.561304 0.533333 0.569130 0.540667 0.572609 0.548667 0.574348 0.558667 0.574348 0.565333 0.570435 0.576667 0.558261 0.576667 0.553913
0 0.575333 0.540870 0.577333 0.552609 0.583333 0.556087 0.596667 0.556957 0.602667 0.558696 0.617333 0.558261 0.621333 0.557391 0.628000 0.553043 0.632000 0.548696 0.632000 0.539130 0.628667 0.536522 0.619333 0.532609 0.600000 0.532174 0.583333 0.534783
0 0.704000 0.544783 0.700000 0.537391 0.694667 0.533043 0.687333 0.531304 0.679333 0.531304 0.665333 0.534783 0.648000 0.542174 0.637333 0.548696 0.636000 0.553478 0.648667 0.557826 0.659333 0.564348 0.667333 0.565217 0.680667 0.564348 0.692667 0.561304 0.698000 0.558261 0.704000 0.550870
0 0.711333 0.565652 0.703333 0.565217 0.691333 0.561304 0.674667 0.565652 0.660000 0.571304 0.653333 0.580870 0.653333 0.584348 0.657333 0.590000 0.666000 0.595217 0.678000 0.598696 0.685333 0.598261 0.691333 0.596522 0.700667 0.590870 0.710000 0.580870 0.714000 0.567826
0 0.644667 0.556522 0.639333 0.555652 0.626667 0.556087 0.616667 0.560000 0.611333 0.563478 0.607333 0.584348 0.613333 0.590000 0.620000 0.591739 0.631333 0.591739 0.642000 0.590000 0.648667 0.586087 0.658000 0.571739 0.658000 0.566087 0.654000 0.560870
0 0.597333 0.558261 0.588000 0.557826 0.578667 0.559565 0.575333 0.561304 0.560667 0.575217 0.562000 0.579565 0.568000 0.584348 0.570667 0.591304 0.574000 0.593478 0.583333 0.596087 0.590000 0.596087 0.598000 0.593478 0.604667 0.588261 0.606667 0.585217 0.610000 0.573478 0.610000 0.566957 0.606667 0.562174
0 0.564000 0.579565 0.552000 0.575652 0.540000 0.575652 0.528000 0.579130 0.513333 0.587826 0.512667 0.593478 0.516000 0.595652 0.523533 0.598348 0.531333 0.605217 0.542000 0.605652 0.552000 0.603913 0.560667 0.600435 0.566667 0.596087 0.568000 0.583478
0 0.552000 0.608696 0.548000 0.615652 0.551333 0.618696 0.558667 0.621739 0.565333 0.629130 0.570667 0.633043 0.580000 0.633913 0.595333 0.630870 0.599333 0.628696 0.604667 0.623043 0.604000 0.610870 0.600000 0.606087 0.592667 0.603043 0.578667 0.601304 0.566000 0.601304 0.559333 0.603478
0 0.650000 0.593043 0.644000 0.590870 0.627333 0.593043 0.615333 0.598261 0.607333 0.603478 0.604000 0.607826 0.606667 0.613913 0.606000 0.620435 0.608000 0.623478 0.618667 0.627826 0.632667 0.628261 0.638000 0.626957 0.646000 0.621739 0.648000 0.618696 0.650867 0.612217 0.653333 0.607826 0.656667 0.600000 0.656000 0.597391
0 0.710667 0.606522 0.704667 0.603478 0.690667 0.600870 0.679333 0.600870 0.667333 0.602609 0.656667 0.606087 0.653333 0.609130 0.650000 0.615217 0.652000 0.623043 0.656667 0.627826 0.662000 0.630870 0.667333 0.632174 0.675333 0.631739 0.693333 0.627391 0.702000 0.622609 0.709333 0.615217 0.711333 0.611739
0 0.404667 0.551739 0.400000 0.555652 0.393333 0.564348 0.393333 0.571739 0.397333 0.576957 0.402000 0.578696 0.426667 0.580870 0.434667 0.580870 0.441333 0.579130 0.445333 0.576522 0.446667 0.572174 0.439333 0.552609 0.436000 0.550435 0.429333 0.548696 0.416000 0.548696
0 0.450667 0.576522 0.445333 0.577826 0.439333 0.582609 0.437333 0.587391 0.436667 0.596087 0.438667 0.600000 0.442667 0.603478 0.452000 0.608261 0.465333 0.609565 0.473333 0.606957 0.482000 0.600000 0.486800 0.595522 0.485267 0.591304 0.483333 0.587391 0.480667 0.584348 0.472000 0.579565 0.458667 0.576087
0 0.512000 0.596087 0.491600 0.596087 0.479333 0.603043 0.477333 0.606087 0.475333 0.615652 0.478667 0.620870 0.488000 0.626522 0.499333 0.628696 0.511333 0.627391 0.521333 0.623478 0.530000 0.616087 0.530667 0.608696 0.528000 0.604348 0.522667 0.599130
0 0.397333 0.580000 0.391333 0.582609 0.386667 0.587826 0.385333 0.591304 0.391333 0.610870 0.396000 0.614783 0.402000 0.617391 0.407333 0.618261 0.418667 0.617391 0.422000 0.615217 0.433333 0.599565 0.435333 0.592174 0.434000 0.587391 0.426667 0.582609 0.420000 0.580870 0.405333 0.579565
0 0.421333 0.616522 0.420000 0.620435 0.421333 0.630870 0.427333 0.635652 0.436667 0.639130 0.440667 0.639565 0.452000 0.636522 0.464667 0.635217 0.470667 0.632609 0.476000 0.627826 0.476000 0.623913 0.473333 0.618696 0.470000 0.615217 0.461333 0.610870 0.431333 0.610870 0.424000 0.613913
0 0.526000 0.623913 0.519333 0.628261 0.512667 0.634783 0.512000 0.641739 0.513333 0.643913 0.519333 0.646957 0.533333 0.650000 0.543333 0.655652 0.555333 0.655652 0.564667 0.653913 0.569333 0.650000 0.570000 0.642174 0.566667 0.631304 0.560000 0.623478 0.550667 0.619130 0.544000 0.618696
0 0.572000 0.636522 0.570667 0.640435 0.573333 0.647826 0.594667 0.661739 0.601333 0.664348 0.613333 0.664348 0.624667 0.658696 0.630667 0.653478 0.632000 0.646087 0.630000 0.642609 0.621333 0.637391 0.602667 0.631304 0.593333 0.631304
0 0.654000 0.650000 0.646000 0.649130 0.637333 0.652609 0.633333 0.653043 0.613333 0.664348 0.607333 0.669565 0.606000 0.673043 0.607333 0.681304 0.613333 0.685217 0.619333 0.686957 0.640667 0.686957 0.646667 0.685217 0.656000 0.679565 0.662667 0.670870 0.664000 0.660870 0.662000 0.656522
0 0.685333 0.677391 0.674667 0.676957 0.660667 0.678696 0.656000 0.680000 0.646000 0.685652 0.644000 0.691739 0.644000 0.697391 0.648000 0.704348 0.655333 0.708261 0.664000 0.710870 0.677333 0.711304 0.687333 0.709130 0.694667 0.704783 0.697333 0.701739 0.697333 0.696522 0.690667 0.687826 0.688667 0.679565
0 0.632667 0.705652 0.620000 0.709130 0.615333 0.720000 0.615333 0.725217 0.622000 0.733043 0.630667 0.735652 0.638667 0.736087 0.658667 0.729565 0.664000 0.725217 0.666000 0.719565 0.663333 0.714783 0.656000 0.708261 0.648000 0.706087
0 0.598000 0.695652 0.588667 0.696957 0.572667 0.702174 0.566000 0.708696 0.566000 0.713043 0.572667 0.721304 0.574667 0.727826 0.577333 0.730870 0.597333 0.733478 0.602667 0.736522 0.612000 0.729130 0.618667 0.706522 0.616667 0.701304 0.614000 0.699130 0.608000 0.696522
0 0.536000 0.673913 0.534667 0.676957 0.535333 0.681304 0.538667 0.685652 0.544667 0.689130 0.553333 0.691304 0.570000 0.691739 0.584000 0.690435 0.592667 0.687391 0.598000 0.682609 0.597333 0.677826 0.592667 0.669565 0.584667 0.664783 0.568000 0.660435 0.559333 0.660435 0.551333 0.662609 0.544000 0.666522
0 0.520000 0.648261 0.510667 0.648261 0.500667 0.650870 0.493333 0.656522 0.489333 0.662609 0.489333 0.671304 0.491333 0.674783 0.499333 0.681739 0.506000 0.683478 0.515333 0.683913 0.521333 0.682174 0.533333 0.674348 0.538667 0.666522 0.542000 0.663913 0.542000 0.658696 0.540000 0.655217 0.531333 0.650000
0 0.469333 0.637391 0.459333 0.636957 0.445333 0.639565 0.437333 0.645217 0.435333 0.654783 0.438000 0.661304 0.446000 0.667391 0.450000 0.668696 0.465333 0.669130 0.477333 0.665217 0.482667 0.661304 0.485333 0.654783 0.484000 0.645652 0.478000 0.640435
0 0.400000 0.627391 0.392000 0.630000 0.388000 0.634783 0.388000 0.647826 0.390000 0.650435 0.395333 0.651739 0.402667 0.656522 0.406667 0.661304 0.410667 0.662174 0.424667 0.658696 0.431333 0.654348 0.433333 0.648261 0.433333 0.641739 0.431333 0.638696 0.422667 0.634348 0.414667 0.632609 0.405333 0.627391
0 0.390000 0.576957 0.380667 0.573478 0.365333 0.572609 0.340667 0.573913 0.326000 0.576522 0.322667 0.578261 0.320667 0.582174 0.320667 0.590000 0.323333 0.596087 0.330667 0.602174 0.337333 0.604348 0.348667 0.603913 0.359333 0.601304 0.378667 0.593913 0.384667 0.590000 0.392667 0.580435
0 0.385333 0.599130 0.380667 0.596957 0.373333 0.596522 0.354667 0.603478 0.353333 0.605217 0.338667 0.607826 0.335333 0.610870 0.335333 0.615217 0.337333 0.619130 0.343333 0.623043 0.362000 0.626087 0.370000 0.626087 0.380000 0.623913 0.386000 0.619565 0.390000 0.611304
0 0.308667 0.572609 0.303333 0.571304 0.284000 0.571304 0.268000 0.576957 0.259333 0.586957 0.259333 0.593043 0.262667 0.599565 0.272000 0.603913 0.278000 0.605217 0.286667 0.605217 0.304667 0.600000 0.310000 0.597391 0.318000 0.590000 0.319333 0.583913 0.316000 0.576957
0 0.230667 0.571739 0.208000 0.587826 0.205333 0.591739 0.205333 0.596522 0.208667 0.601304 0.212667 0.603478 0.220667 0.604348 0.236667 0.610870 0.242667 0.610870 0.251333 0.608261 0.256000 0.605217 0.258667 0.600000 0.256667 0.587826 0.248667 0.578696 0.238667 0.572174
0 0.182667 0.581304 0.172667 0.582174 0.163333 0.584783 0.158000 0.587391 0.152000 0.593043 0.150000 0.598696 0.150000 0.604348 0.158000 0.613478 0.166667 0.616087 0.173333 0.616957 0.188667 0.616087 0.195333 0.611304 0.201333 0.602174 0.202667 0.594783 0.199333 0.588696 0.195333 0.585652
0 0.096667 0.560000 0.083333 0.560000 0.076667 0.562174 0.068667 0.567391 0.062667 0.575217 0.062667 0.587826 0.069333 0.592609 0.080000 0.596087 0.090000 0.596087 0.102667 0.593478 0.107333 0.588261 0.109333 0.581304 0.114000 0.576522 0.111333 0.566522 0.104667 0.562174
0 0.446667 0.788696 0.442000 0.790435 0.438000 0.799130 0.428667 0.803913 0.427333 0.805652 0.427333 0.810870 0.438000 0.821304 0.442000 0.822609 0.452667 0.823478 0.464467 0.821087 0.472667 0.814348 0.476667 0.810435 0.478000 0.804783 0.476000 0.799130 0.472000 0.794348 0.455333 0.789130
0 0.000000 0.990435 0.000000 1.000000 0.011333 1.000000 0.011333 0.997826 0.008000 0.993913 0.003333 0.990435
0 0.000000 0.620435 0.000000 0.648261 0.003333 0.648261 0.011333 0.644348 0.014667 0.641304 0.016667 0.635652 0.016667 0.630000 0.013333 0.623478 0.008000 0.622609 0.003333 0.620435