0 0.264667 0.047000 0.262667 0.051000 0.262667 0.056500 0.265333 0.060500 0.278000 0.071000 0.293333 0.069000 0.306667 0.069000 0.313333 0.064500 0.314000 0.056000 0.311333 0.051500 0.302000 0.041500 0.294667 0.038000 0.290667 0.037000 0.284000 0.037500 0.270000 0.043000
0 0.422667 0.022500 0.418667 0.024000 0.411333 0.036500 0.410667 0.049000 0.412667 0.059500 0.422667 0.066000 0.444000 0.065000 0.447333 0.062000 0.449333 0.057000 0.446000 0.036000 0.435333 0.024500 0.430667 0.022500
0 0.400000 0.009500 0.387333 0.005500 0.380000 0.005000 0.372000 0.006000 0.360667 0.012500 0.356000 0.025500 0.358667 0.038000 0.362667 0.042500 0.366667 0.044000 0.374667 0.043500 0.404000 0.037500 0.407333 0.035000 0.410000 0.031000 0.409333 0.019500 0.404667 0.012500
0 0.400000 0.046000 0.389333 0.044000 0.374000 0.044500 0.364667 0.046500 0.360000 0.050000 0.358000 0.056000 0.358000 0.065000 0.361333 0.074500 0.366667 0.079500 0.370667 0.081000 0.377333 0.080000 0.392000 0.081000 0.404667 0.075000 0.408667 0.067000 0.408000 0.054500 0.405333 0.049000
0 0.216000 0.144000 0.212667 0.149000 0.212000 0.154500 0.216667 0.164000 0.231333 0.168500 0.256000 0.172000 0.262667 0.172000 0.268667 0.169000 0.272667 0.158000 0.271333 0.147000 0.266667 0.141000 0.258667 0.136500 0.250000 0.135000 0.241333 0.135500 0.221333 0.141000
0 0.311333 0.121000 0.295333 0.114500 0.284000 0.114000 0.281333 0.115000 0.276000 0.121000 0.269333 0.136000 0.270000 0.143000 0.274667 0.150500 0.282000 0.151000 0.297333 0.149000 0.304000 0.146500 0.313333 0.140500 0.316667 0.133000 0.315333 0.126500
0 0.210667 0.103500 0.209333 0.108000 0.214667 0.115500 0.221333 0.119500 0.241333 0.127500 0.250667 0.129500 0.260667 0.129500 0.266000 0.127500 0.272000 0.121500 0.272667 0.106500 0.271333 0.101500 0.262667 0.096500 0.258667 0.095500 0.238667 0.095000 0.218667 0.099000
0 0.305333 0.070500 0.290000 0.071000 0.278667 0.075000 0.276667 0.080500 0.271333 0.087000 0.270667 0.092500 0.272667 0.097500 0.286000 0.107500 0.294000 0.109000 0.304000 0.108500 0.311333 0.106000 0.315333 0.100500 0.316667 0.096500 0.315333 0.080000 0.312000 0.073500
0 0.247333 0.054500 0.239333 0.060500 0.236667 0.066000 0.226000 0.076500 0.226000 0.084500 0.230667 0.089000 0.240000 0.093500 0.246667 0.094500 0.260000 0.094000 0.263333 0.093000 0.271333 0.086000 0.276000 0.076500 0.276000 0.072000 0.272000 0.066000 0.264667 0.061000 0.258667 0.058500 0.253333 0.054500
0 0.241333 0.012000 0.232000 0.015500 0.226000 0.020000 0.219333 0.028500 0.219333 0.035500 0.225333 0.042500 0.234667 0.049500 0.242667 0.052000 0.252667 0.052000 0.260667 0.048500 0.268667 0.041500 0.270667 0.033000 0.260000 0.019500 0.254667 0.015500 0.246667 0.012500
0 0.193333 0.036000 0.188667 0.039500 0.184667 0.045000 0.182000 0.054000 0.183333 0.061500 0.193333 0.067500 0.200000 0.075000 0.204000 0.076500 0.215333 0.076500 0.226000 0.074000 0.232667 0.069000 0.238000 0.061000 0.237333 0.056000 0.234000 0.053500 0.229333 0.045500 0.220667 0.039000 0.212000 0.035500 0.198000 0.035000
0 0.160667 0.062000 0.154667 0.068000 0.152000 0.074500 0.151333 0.088000 0.154667 0.092000 0.164667 0.096500 0.190667 0.097000 0.205333 0.088500 0.205333 0.083500 0.202667 0.077500 0.198000 0.075500 0.195333 0.071000 0.188000 0.064500 0.174667 0.060500 0.166667 0.060500
0 0.168667 0.098000 0.163333 0.103000 0.158000 0.115000 0.158667 0.124000 0.167333 0.131500 0.179333 0.137000 0.186000 0.138500 0.192667 0.138500 0.200667 0.136500 0.208667 0.130500 0.210667 0.127500 0.210000 0.118500 0.206667 0.111000 0.198000 0.103000 0.192000 0.101500 0.186000 0.098000
0 0.105333 0.145000 0.105333 0.147500 0.107333 0.150000 0.118000 0.158000 0.131333 0.162500 0.160667 0.163000 0.164000 0.162000 0.170000 0.156000 0.170667 0.143500 0.168667 0.137000 0.164667 0.132500 0.154000 0.128500 0.142667 0.128000 0.128667 0.130000 0.118667 0.134500
0 0.066000 0.118000 0.062667 0.124000 0.062000 0.133000 0.068667 0.139000 0.076667 0.142500 0.087333 0.144000 0.104667 0.143000 0.110000 0.140500 0.116000 0.133000 0.117333 0.123000 0.112667 0.116500 0.103333 0.110500 0.097333 0.109000 0.081333 0.110500 0.070000 0.115000
0 0.010000 0.203500 0.000000 0.203500 0.000000 0.236000 0.002667 0.236000 0.008000 0.231500 0.016667 0.220000 0.018000 0.213500 0.017333 0.208500
0 0.018667 0.161500 0.008667 0.161500 0.002667 0.165000 0.000000 0.165000 0.000000 0.203000 0.008667 0.204000 0.017333 0.201500 0.025333 0.198000 0.034667 0.190000 0.035333 0.177500 0.032667 0.169500 0.028000 0.165500
0 0.000000 0.139000 0.000000 0.165000 0.002667 0.165000 0.007333 0.162500 0.014667 0.161000 0.016000 0.157500 0.008000 0.143500 0.002667 0.139000
0 0.144667 0.087000 0.132667 0.085000 0.122000 0.087500 0.116667 0.090000 0.109333 0.098000 0.108000 0.110500 0.116667 0.119500 0.118000 0.122500 0.121333 0.124500 0.129333 0.124500 0.144000 0.122000 0.154000 0.117500 0.159333 0.111500 0.160667 0.101500 0.158000 0.095500
0 0.153333 0.064500 0.145333 0.060000 0.123333 0.053000 0.100667 0.056000 0.096000 0.058500 0.094000 0.062500 0.094000 0.073000 0.096000 0.081000 0.105333 0.088000 0.114667 0.088500 0.124667 0.085500 0.135333 0.080000 0.145333 0.077500 0.152667 0.068500
0 0.178000 0.031000 0.169333 0.025000 0.165333 0.024000 0.156667 0.025000 0.146000 0.029000 0.132667 0.036000 0.130667 0.042000 0.128000 0.044500 0.129333 0.053000 0.138667 0.057000 0.153333 0.061000 0.161333 0.061000 0.174667 0.058500 0.180000 0.054000 0.183333 0.046000 0.182000 0.037500
0 0.176667 0.000000 0.174000 0.004500 0.175333 0.018000 0.177333 0.023500 0.182667 0.029500 0.190667 0.032000 0.202000 0.032000 0.211333 0.030000 0.219333 0.026000 0.223333 0.021500 0.223333 0.013000 0.218667 0.005500 0.211333 0.002000 0.210667 0.000000
0 0.119333 0.000000 0.119333 0.012500 0.123333 0.021500 0.136667 0.030500 0.143333 0.029500 0.150000 0.026000 0.160667 0.023000 0.168667 0.014500 0.171333 0.006000 0.170667 0.000000
0 0.124667 0.024500 0.114667 0.022500 0.104000 0.022500 0.097333 0.024500 0.083333 0.025000 0.080667 0.026000 0.079333 0.031500 0.082000 0.049000 0.088667 0.053000 0.096000 0.055000 0.113333 0.053000 0.118667 0.050500 0.128000 0.043000 0.131333 0.035500 0.130667 0.030500 0.127333 0.028500
0 0.050667 0.017000 0.044667 0.019000 0.036667 0.024000 0.033333 0.032500 0.033333 0.046000 0.040667 0.056000 0.046667 0.060000 0.060000 0.063500 0.069333 0.062500 0.076000 0.058500 0.080000 0.051500 0.080667 0.047000 0.078667 0.031500 0.072000 0.024000 0.066000 0.020000 0.060000 0.017500
0 0.060667 0.066000 0.052667 0.068500 0.046000 0.075000 0.043333 0.081500 0.046000 0.096000 0.052000 0.103500 0.059333 0.108000 0.063333 0.109000 0.076667 0.108500 0.085333 0.104500 0.092000 0.095000 0.094000 0.089000 0.094000 0.078000 0.092000 0.074500 0.084000 0.068500 0.077333 0.066000
0 0.037333 0.055000 0.028667 0.052500 0.022667 0.052500 0.000000 0.057500 0.000000 0.091000 0.008000 0.091500 0.018667 0.089000 0.032000 0.084500 0.041333 0.078000 0.043333 0.071500 0.042667 0.061000
0 0.018000 0.018500 0.007333 0.019000 0.000000 0.021500 0.000000 0.055000 0.010000 0.054500 0.024667 0.051000 0.030667 0.046000 0.032000 0.041500 0.032000 0.028500 0.028667 0.024000
0 0.000000 0.000000 0.000000 0.006000 0.002000 0.006000 0.016667 0.017000 0.031333 0.021500 0.035333 0.021500 0.046667 0.016500 0.052000 0.012000 0.056000 0.006000 0.055333 0.000000
0 0.060000 0.000000 0.060000 0.007500 0.062667 0.013000 0.080667 0.022000 0.096667 0.022500 0.103333 0.019000 0.107333 0.013500 0.108667 0.000000
0 0.268000 0.174500 0.266000 0.177000 0.266667 0.194000 0.268000 0.199000 0.273333 0.205000 0.283333 0.208000 0.298000 0.208500 0.304000 0.207000 0.310000 0.203000 0.315333 0.197500 0.318000 0.192000 0.318000 0.185500 0.312000 0.178500 0.301333 0.175000 0.285333 0.172500 0.273333 0.173000
0 0.302000 0.149500 0.297333 0.157500 0.298000 0.164000 0.302667 0.170500 0.313333 0.176500 0.326667 0.180500 0.342000 0.181000 0.351333 0.178000 0.354667 0.175500 0.358000 0.170500 0.359333 0.159500 0.358000 0.155500 0.352000 0.150000 0.340000 0.146000 0.328667 0.145000 0.312000 0.145500
0 0.359333 0.103500 0.352000 0.102000 0.344667 0.105000 0.328667 0.103500 0.324667 0.104500 0.314667 0.110500 0.317333 0.116500 0.318667 0.127000 0.321333 0.131000 0.328000 0.136000 0.335333 0.138500 0.350667 0.138500 0.358000 0.136500 0.362667 0.133000 0.366000 0.127500 0.368667 0.114000 0.366000 0.108500
0 0.327333 0.060000 0.318000 0.065500 0.316667 0.069000 0.319333 0.092000 0.322000 0.097000 0.327333 0.101500 0.338667 0.104500 0.345333 0.104500 0.351333 0.101500 0.362000 0.084500 0.362000 0.077000 0.356667 0.065500 0.352000 0.061000 0.342000 0.058500
0 0.338000 0.019500 0.328000 0.020500 0.319333 0.031000 0.312667 0.035500 0.308667 0.041000 0.308667 0.045000 0.314000 0.054000 0.317333 0.056500 0.324000 0.058500 0.330667 0.059000 0.341333 0.057500 0.350667 0.051000 0.355333 0.045500 0.356000 0.034000 0.354667 0.029000 0.352000 0.025500 0.347333 0.022500
0 0.237333 0.000000 0.239333 0.005500 0.246667 0.011500 0.259333 0.015500 0.269333 0.014000 0.280667 0.002500 0.280667 0.000000
0 0.286000 0.000000 0.324000 0.000000 0.328000 0.008000 0.327333 0.018000 0.326000 0.022000 0.318667 0.030500 0.310667 0.034000 0.297333 0.035000 0.283333 0.032500 0.278667 0.030000 0.276000 0.026000 0.274667 0.012500 0.276000 0.009500 0.282800 0.001500
0 0.404667 0.010000 0.408667 0.015500 0.418667 0.022000 0.422667 0.021000 0.429333 0.021000 0.434000 0.022500 0.442667 0.022000 0.452667 0.016500 0.458667 0.010500 0.460667 0.006000 0.460667 0.000000 0.406000 0.000000
0 0.482000 0.005500 0.470667 0.003000 0.464000 0.004000 0.461333 0.006000 0.446667 0.026000 0.446000 0.033000 0.450000 0.039000 0.455333 0.039000 0.466667 0.035000 0.478000 0.034000 0.485333 0.030500 0.489333 0.025500 0.490667 0.017500 0.486667 0.009500
0 0.528667 0.014500 0.508667 0.011050 0.497867 0.013750 0.493733 0.016600 0.486000 0.030000 0.484667 0.037500 0.492000 0.045500 0.497333 0.049000 0.499333 0.054500 0.504000 0.057000 0.509333 0.057500 0.515333 0.055500 0.520667 0.051000 0.530667 0.037000 0.534667 0.024500 0.534000 0.021000
0 0.498667 0.000000 0.498667 0.002500 0.506000 0.008500 0.525333 0.013000 0.531333 0.013000 0.536000 0.011500 0.542000 0.006500 0.544000 0.000000
0 0.546000 0.000000 0.546000 0.011500 0.552000 0.023500 0.569333 0.032000 0.578667 0.030500 0.587333 0.020000 0.594667 0.013500 0.594667 0.000000
0 0.617333 0.006500 0.620000 0.013500 0.624000 0.018000 0.632000 0.023500 0.642667 0.025000 0.650667 0.024500 0.660667 0.021500 0.664667 0.018000 0.666667 0.013500 0.673333 0.006000 0.674000 0.000000 0.620667 0.000000
0 0.662667 0.022500 0.651333 0.025500 0.646667 0.029500 0.645333 0.034500 0.649333 0.043500 0.648000 0.053500 0.649333 0.057000 0.654000 0.062000 0.663333 0.064500 0.674667 0.064000 0.685333 0.059000 0.690667 0.053000 0.692000 0.049500 0.692000 0.037500 0.688000 0.030500 0.680667 0.025500 0.674000 0.023500
0 0.590000 0.018500 0.583333 0.025500 0.581333 0.031000 0.582000 0.040000 0.584000 0.043500 0.588000 0.046500 0.612000 0.053500 0.620000 0.054500 0.636000 0.054000 0.644000 0.051500 0.645333 0.049500 0.644667 0.042500 0.640000 0.033500 0.633333 0.026000 0.619333 0.015000 0.611333 0.012000 0.601333 0.012000 0.595333 0.014500
0 0.543333 0.026000 0.534667 0.030000 0.531333 0.038000 0.522667 0.048000 0.522667 0.053000 0.528000 0.058500 0.536667 0.060000 0.544000 0.064000 0.550667 0.064000 0.561333 0.061000 0.572667 0.053000 0.574667 0.049000 0.574667 0.041000 0.572667 0.036000 0.567333 0.032000 0.550667 0.026000
0 0.456667 0.040500 0.450667 0.044500 0.450000 0.065000 0.469333 0.080500 0.482667 0.084000 0.491333 0.084000 0.497333 0.078000 0.502667 0.069000 0.502000 0.059000 0.497333 0.051000 0.490000 0.043000 0.484667 0.039500 0.470667 0.037500
0 0.517333 0.061500 0.504000 0.068500 0.500667 0.072500 0.498667 0.080500 0.507333 0.091000 0.517333 0.098000 0.526667 0.101000 0.541333 0.101500 0.543333 0.100000 0.545333 0.094000 0.548667 0.091500 0.552000 0.086000 0.550000 0.077000 0.544667 0.066000 0.540000 0.062500 0.534000 0.060500
0 0.404667 0.085000 0.390000 0.082000 0.377333 0.081500 0.372000 0.082000 0.366667 0.084000 0.360667 0.088000 0.358667 0.091000 0.358667 0.097000 0.360667 0.102500 0.374000 0.116000 0.377333 0.117500 0.386000 0.116000 0.390000 0.110000 0.406000 0.097500 0.409333 0.092000 0.409333 0.088000
0 0.447333 0.066500 0.427333 0.067500 0.419333 0.071500 0.415333 0.074500 0.413333 0.078000 0.412000 0.085500 0.414000 0.091500 0.418000 0.094500 0.437333 0.102500 0.449333 0.100500 0.454667 0.095000 0.464000 0.090000 0.466667 0.087000 0.467333 0.083000 0.466000 0.079500 0.452000 0.068000
0 0.424667 0.099000 0.418000 0.098500 0.404000 0.101000 0.399333 0.103000 0.389333 0.111000 0.386667 0.115000 0.387333 0.119000 0.390667 0.125500 0.397333 0.132000 0.402667 0.134000 0.414667 0.136000 0.427333 0.132000 0.436667 0.125500 0.439333 0.116000 0.439333 0.110500 0.437333 0.105000 0.434000 0.102500
0 0.463333 0.091500 0.456000 0.095500 0.451333 0.102500 0.450000 0.112000 0.455333 0.124000 0.464667 0.130500 0.474667 0.132500 0.484667 0.131500 0.493333 0.126000 0.500000 0.118500 0.503333 0.108000 0.502000 0.103000 0.496000 0.096500 0.487333 0.092500 0.472667 0.091000
0 0.452667 0.126000 0.436667 0.126500 0.425333 0.133500 0.418000 0.136000 0.415333 0.138500 0.418667 0.155500 0.429333 0.164000 0.438000 0.165500 0.453333 0.164000 0.460667 0.160000 0.466667 0.154500 0.468667 0.144500 0.468000 0.137000 0.460000 0.129000
0 0.368667 0.122000 0.360667 0.137500 0.363333 0.154000 0.368000 0.163000 0.376000 0.169000 0.391333 0.168500 0.404000 0.164500 0.408667 0.159500 0.408667 0.150500 0.406667 0.145500 0.400000 0.138500 0.396667 0.132500 0.384000 0.124000 0.376000 0.121500
0 0.366667 0.170500 0.359333 0.177500 0.355333 0.184000 0.355333 0.191000 0.360000 0.197500 0.366667 0.201500 0.376667 0.204000 0.388667 0.204000 0.401333 0.199000 0.406667 0.193500 0.407333 0.187500 0.404667 0.179000 0.400667 0.174500 0.390667 0.169500 0.370667 0.169500
0 0.429333 0.164500 0.424000 0.165500 0.413333 0.171000 0.407333 0.177000 0.407333 0.191500 0.412667 0.198000 0.422000 0.203500 0.438000 0.205000 0.444667 0.203000 0.450000 0.198000 0.455333 0.186500 0.456000 0.179500 0.454000 0.175500 0.446667 0.169000 0.438667 0.166000
0 0.465333 0.168500 0.458000 0.177500 0.458000 0.186000 0.462667 0.195000 0.467333 0.199000 0.476000 0.201000 0.490000 0.202000 0.504000 0.199500 0.507333 0.197000 0.514667 0.185500 0.514000 0.181500 0.502000 0.172000 0.486000 0.169000 0.478667 0.166000
0 0.494667 0.128000 0.475333 0.135000 0.468667 0.144500 0.468000 0.154500 0.477333 0.164500 0.486000 0.168500 0.499333 0.171000 0.508000 0.169000 0.515333 0.162500 0.520000 0.155000 0.520000 0.148000 0.518000 0.140500 0.514667 0.137000 0.504667 0.130000
0 0.543333 0.103500 0.534667 0.102000 0.524000 0.102500 0.513333 0.107500 0.506000 0.114500 0.505333 0.127000 0.506667 0.130000 0.518667 0.140000 0.522667 0.147000 0.528667 0.146500 0.532667 0.144000 0.541333 0.141500 0.550667 0.131500 0.556667 0.127000 0.558000 0.119000 0.556000 0.115000 0.550667 0.108500
0 0.646000 0.055500 0.640667 0.054500 0.620000 0.055500 0.614667 0.057500 0.612667 0.063000 0.612000 0.076500 0.615333 0.086500 0.619333 0.090500 0.634000 0.092000 0.646667 0.090000 0.658000 0.080500 0.658000 0.075500 0.652000 0.061000
0 0.591333 0.048500 0.577333 0.051500 0.564000 0.061500 0.561333 0.071500 0.563333 0.084500 0.584667 0.091500 0.592000 0.091500 0.596667 0.090000 0.603333 0.084500 0.612000 0.073500 0.612667 0.060500 0.610000 0.056000 0.605333 0.052500
0 0.552667 0.088000 0.546000 0.095000 0.546000 0.102000 0.550667 0.109000 0.557333 0.116000 0.562000 0.119000 0.569333 0.121500 0.578667 0.121500 0.593333 0.119000 0.604667 0.110000 0.608000 0.095500 0.602000 0.091500 0.597333 0.090500 0.588667 0.092000 0.578667 0.091500 0.570000 0.089500 0.563333 0.086000 0.558667 0.086000
0 0.620667 0.092000 0.616667 0.092500 0.610000 0.095500 0.606000 0.108000 0.594000 0.120000 0.596000 0.124000 0.602667 0.129000 0.606667 0.135500 0.616667 0.138000 0.628000 0.138500 0.635333 0.134500 0.639333 0.125500 0.647333 0.115500 0.649333 0.111500 0.648000 0.101000 0.646000 0.097000 0.638667 0.093500
0 0.683333 0.076000 0.669333 0.076000 0.662667 0.077500 0.650000 0.088500 0.648667 0.096500 0.652000 0.108000 0.658667 0.113500 0.659667 0.114350 0.660267 0.114550 0.660267 0.115150 0.660867 0.115350 0.662000 0.115500 0.668667 0.117000 0.683333 0.115500 0.691333 0.112000 0.697333 0.106500 0.700667 0.097000 0.700667 0.087000 0.695333 0.081500
0 0.644667 0.120500 0.638000 0.130500 0.637333 0.141000 0.645333 0.151000 0.659333 0.157000 0.676667 0.158000 0.684667 0.155500 0.690000 0.151000 0.695333 0.150500 0.698667 0.148500 0.699333 0.140000 0.696000 0.133500 0.680667 0.122500 0.672667 0.119000 0.659333 0.116500 0.650667 0.117500
0 0.532000 0.149500 0.521333 0.156000 0.511333 0.166500 0.510000 0.169500 0.512000 0.178000 0.521333 0.185000 0.534667 0.190000 0.542667 0.190000 0.555333 0.182500 0.562667 0.174500 0.564000 0.170500 0.563333 0.163000 0.561333 0.160000 0.550000 0.152500 0.540667 0.149500
0 0.559333 0.127000 0.554667 0.128500 0.546000 0.136500 0.544000 0.140500 0.544667 0.148000 0.548000 0.151500 0.560000 0.158500 0.563333 0.163000 0.565333 0.171000 0.567333 0.172000 0.574667 0.172000 0.580667 0.169500 0.588667 0.163000 0.599333 0.138000 0.598000 0.135500 0.586667 0.128500 0.579333 0.127000
0 0.601333 0.138500 0.598000 0.142000 0.590667 0.158000 0.590000 0.163000 0.592667 0.167500 0.601333 0.175000 0.609333 0.177500 0.622667 0.177500 0.631333 0.174500 0.642667 0.166500 0.646000 0.162500 0.646667 0.157500 0.642667 0.150000 0.634000 0.144500 0.622667 0.139500 0.609333 0.137500
0 0.648667 0.161500 0.644000 0.165000 0.642667 0.168000 0.634000 0.173500 0.634667 0.186500 0.644000 0.194500 0.651333 0.197500 0.665333 0.198000 0.674667 0.195500 0.680000 0.190500 0.685333 0.181000 0.685333 0.174000 0.682667 0.169500 0.677333 0.164500 0.668000 0.161000 0.652000 0.160500
0 0.588000 0.177500 0.588000 0.180000 0.592000 0.187000 0.595667 0.189750 0.595800 0.191150 0.597267 0.193100 0.600667 0.206000 0.604667 0.210000 0.612000 0.212500 0.622667 0.212000 0.628000 0.210500 0.639333 0.202500 0.640667 0.199500 0.640000 0.193000 0.633333 0.184500 0.628667 0.181500 0.602667 0.176500 0.590000 0.176000
0 0.570000 0.173500 0.562000 0.176500 0.556667 0.182500 0.548667 0.188000 0.546000 0.191500 0.546000 0.198000 0.548667 0.204000 0.562667 0.213500 0.578000 0.215500 0.587333 0.213500 0.597333 0.209000 0.600000 0.204500 0.596067 0.192750 0.592667 0.189000 0.591333 0.185500 0.588267 0.183450 0.587333 0.181500 0.583333 0.178000 0.576000 0.174500
0 0.669333 0.205000 0.660000 0.199500 0.647333 0.199000 0.643333 0.200500 0.628667 0.211000 0.624667 0.212500 0.619333 0.220500 0.618467 0.225950 0.623333 0.232500 0.632000 0.235000 0.652000 0.235000 0.669333 0.230500 0.674667 0.227000 0.676667 0.223500 0.676000 0.214500
0 0.596000 0.211000 0.578667 0.217000 0.572000 0.224500 0.571133 0.228150 0.570667 0.232500 0.570667 0.237000 0.575333 0.244500 0.580667 0.249000 0.596000 0.256000 0.604667 0.256000 0.615333 0.252500 0.618000 0.250000 0.623333 0.241000 0.624000 0.236000 0.612667 0.218000 0.607333 0.213000 0.602667 0.211000
0 0.538667 0.206000 0.534667 0.207500 0.528000 0.212500 0.528667 0.219500 0.524667 0.225500 0.522667 0.234000 0.531333 0.240500 0.542000 0.245000 0.550000 0.246500 0.556667 0.244500 0.570667 0.233000 0.570667 0.224500 0.561333 0.214500 0.549333 0.206500
0 0.489333 0.203000 0.484000 0.205500 0.476667 0.212500 0.476000 0.217000 0.479333 0.226000 0.488667 0.233000 0.498667 0.238000 0.510667 0.239000 0.518667 0.236500 0.522667 0.232500 0.528667 0.219500 0.528667 0.213000 0.523333 0.206000 0.512667 0.200500 0.505333 0.200000
0 0.414000 0.200500 0.402667 0.200500 0.392667 0.204500 0.380667 0.215500 0.380000 0.225000 0.382000 0.229500 0.393333 0.237500 0.398000 0.238500 0.410000 0.237500 0.419333 0.235500 0.424667 0.233500 0.426667 0.231500 0.428667 0.225500 0.428667 0.212000 0.424667 0.206500
0 0.450000 0.204500 0.439333 0.207500 0.433333 0.211500 0.429333 0.217000 0.429333 0.224500 0.432000 0.232500 0.437333 0.240000 0.444667 0.245500 0.456000 0.250500 0.463333 0.251500 0.466667 0.250500 0.470667 0.245500 0.476000 0.241500 0.478000 0.237500 0.477333 0.224000 0.474667 0.212500 0.472667 0.208500 0.466667 0.205000
0 0.482667 0.236000 0.478667 0.237500 0.466000 0.252500 0.456000 0.255000 0.455333 0.260000 0.458667 0.267000 0.462667 0.271500 0.466667 0.273500 0.482667 0.274000 0.491333 0.273000 0.502667 0.270000 0.505333 0.267500 0.508000 0.259000 0.503333 0.247000 0.492667 0.239500
0 0.508667 0.240000 0.505333 0.244500 0.509333 0.260500 0.511333 0.263500 0.529333 0.275500 0.536000 0.275500 0.541333 0.274000 0.543333 0.272500 0.544000 0.268000 0.549333 0.260500 0.549333 0.251500 0.548000 0.248000 0.532000 0.242500 0.524000 0.238000 0.518000 0.237500
0 0.564667 0.240500 0.560000 0.243500 0.556667 0.251000 0.552000 0.255500 0.546000 0.267500 0.545333 0.272500 0.546000 0.275500 0.549333 0.279500 0.558667 0.282000 0.570667 0.282500 0.584667 0.276500 0.592000 0.268000 0.593333 0.260500 0.591333 0.256500 0.586000 0.252500 0.579333 0.250000 0.570667 0.241500
0 0.631333 0.238000 0.624667 0.242500 0.622000 0.249000 0.620000 0.252900 0.624667 0.256500 0.636667 0.271500 0.648000 0.273500 0.660000 0.272000 0.666000 0.267500 0.670000 0.262500 0.670667 0.253000 0.668000 0.247500 0.658667 0.240000 0.653333 0.238000 0.645333 0.236500 0.636667 0.236500
0 0.620667 0.255000 0.611333 0.254500 0.600000 0.257500 0.595333 0.261500 0.593333 0.267000 0.589333 0.273000 0.586000 0.275500 0.584667 0.279500 0.590667 0.288500 0.597333 0.292500 0.608667 0.293500 0.625333 0.291500 0.632667 0.288000 0.638667 0.281500 0.638667 0.277000 0.636000 0.271500 0.626000 0.258500
0 0.638000 0.287500 0.630000 0.291000 0.625333 0.298500 0.624000 0.307500 0.626000 0.314000 0.629333 0.318500 0.638000 0.325500 0.652667 0.328000 0.659333 0.327500 0.676000 0.315500 0.678000 0.311000 0.676000 0.304000 0.670000 0.296500 0.658667 0.291000 0.645333 0.287000
0 0.606667 0.294500 0.596000 0.295000 0.584000 0.302500 0.581333 0.311000 0.576667 0.318000 0.576667 0.321000 0.580000 0.326500 0.588000 0.332000 0.594667 0.339000 0.601333 0.341000 0.612667 0.338000 0.626000 0.330500 0.627333 0.327000 0.627333 0.317000 0.624000 0.308000 0.618000 0.300500 0.612667 0.296500
0 0.542000 0.281000 0.538000 0.282500 0.534667 0.286000 0.534667 0.293500 0.532667 0.297000 0.533333 0.306500 0.539333 0.314500 0.541333 0.321500 0.552000 0.327000 0.560667 0.327000 0.566667 0.325000 0.575333 0.320000 0.584667 0.303500 0.584667 0.294000 0.580667 0.288000 0.575333 0.284000 0.570667 0.282500 0.561333 0.282500 0.550000 0.280000
0 0.533333 0.286500 0.528000 0.276000 0.520667 0.270500 0.512000 0.269500 0.496000 0.273500 0.485333 0.274500 0.473333 0.278500 0.459333 0.288500 0.458000 0.292500 0.458667 0.295000 0.461333 0.296500 0.486000 0.302000 0.498667 0.303500 0.515333 0.303000 0.524667 0.301500 0.530667 0.299000 0.533333 0.292500
0 0.452667 0.259500 0.435333 0.253000 0.429333 0.252500 0.424000 0.253500 0.419333 0.259500 0.419333 0.265000 0.416667 0.270000 0.415333 0.280000 0.410000 0.286500 0.413333 0.290500 0.428667 0.290000 0.435333 0.287500 0.444667 0.281500 0.458000 0.268500 0.457333 0.264500
0 0.393333 0.252500 0.384000 0.252500 0.368667 0.258500 0.362000 0.264500 0.360000 0.268500 0.359333 0.275500 0.362667 0.283000 0.372667 0.291000 0.382000 0.294000 0.394000 0.293000 0.407333 0.288000 0.412667 0.284000 0.416000 0.276500 0.415333 0.271500 0.409333 0.261500 0.401333 0.255000
0 0.351333 0.218500 0.346667 0.220000 0.339333 0.226500 0.336000 0.235500 0.336667 0.243000 0.343333 0.251500 0.351333 0.257500 0.367333 0.259000 0.384000 0.251000 0.386667 0.245000 0.386667 0.236500 0.375333 0.223000 0.364000 0.218500
0 0.164667 0.177000 0.159333 0.178000 0.146667 0.177000 0.137333 0.179000 0.126667 0.185500 0.120000 0.193000 0.118667 0.196000 0.120000 0.205000 0.137333 0.218000 0.147333 0.220000 0.152000 0.219500 0.166000 0.213000 0.168667 0.209000 0.172000 0.195500 0.171333 0.185000 0.166667 0.178000
0 0.172000 0.197500 0.164667 0.212000 0.164667 0.217500 0.173333 0.225500 0.189333 0.229000 0.204667 0.229000 0.216667 0.225000 0.220000 0.218000 0.220000 0.210000 0.216667 0.202000 0.210000 0.196000 0.201333 0.193000 0.188667 0.193000
0 0.153333 0.233000 0.145333 0.240000 0.145333 0.248500 0.152667 0.261500 0.158667 0.267500 0.168667 0.267000 0.173333 0.268500 0.180667 0.268500 0.188667 0.262500 0.196000 0.254500 0.198000 0.248500 0.196000 0.239000 0.188000 0.233500 0.176667 0.230500 0.163333 0.230500
0 0.279333 0.280000 0.268667 0.283000 0.265333 0.285500 0.260667 0.294500 0.260000 0.302500 0.262667 0.310000 0.268667 0.316500 0.277333 0.319500 0.285333 0.319500 0.294667 0.317500 0.301333 0.314500 0.310000 0.307500 0.316667 0.307000 0.317333 0.306000 0.315333 0.302500 0.310000 0.300000 0.301333 0.288500 0.294000 0.283000 0.287333 0.280500
0 0.419333 0.314500 0.393333 0.320500 0.386667 0.323500 0.382667 0.327000 0.384000 0.342000 0.393333 0.350000 0.403333 0.353500 0.410667 0.353500 0.422000 0.350000 0.430667 0.343500 0.435333 0.337000 0.435333 0.329000 0.432000 0.322000 0.427333 0.318000
0 0.505333 0.304500 0.500667 0.306000 0.493333 0.311000 0.492000 0.313000 0.492000 0.322000 0.494000 0.324500 0.497333 0.335500 0.502000 0.342000 0.507333 0.346500 0.515333 0.348500 0.525333 0.345500 0.533333 0.338000 0.534667 0.332500 0.538667 0.328000 0.540000 0.318000 0.536000 0.310500 0.530667 0.306500 0.515333 0.304500
0 0.549333 0.327500 0.538667 0.330000 0.526000 0.345000 0.526000 0.351500 0.530000 0.360000 0.536667 0.366000 0.546667 0.370000 0.556000 0.370500 0.562667 0.369500 0.568667 0.365500 0.570667 0.351000 0.574667 0.341000 0.572667 0.337500 0.566000 0.331500 0.558667 0.328500
0 0.638000 0.327000 0.627333 0.330500 0.608667 0.341500 0.606000 0.350500 0.609333 0.356000 0.623333 0.366500 0.636000 0.369000 0.643333 0.369000 0.651333 0.364500 0.658000 0.355000 0.661333 0.345000 0.661333 0.333500 0.659333 0.329000
0 0.576667 0.339500 0.574667 0.341500 0.570000 0.354500 0.570000 0.361500 0.567333 0.367500 0.568667 0.374500 0.574667 0.379500 0.580000 0.381000 0.588667 0.382000 0.602000 0.381500 0.606000 0.378000 0.608933 0.371150 0.608667 0.365500 0.604000 0.345500 0.600000 0.341500 0.592667 0.339500
0 0.621333 0.368000 0.612667 0.371500 0.608000 0.377500 0.602667 0.381500 0.602000 0.397500 0.603333 0.401500 0.609333 0.405500 0.617333 0.408000 0.637333 0.406500 0.642000 0.405000 0.654000 0.398000 0.656667 0.390000 0.654667 0.382000 0.648667 0.373500 0.644667 0.371000 0.636667 0.369000
0 0.563333 0.384500 0.557333 0.388500 0.548667 0.402000 0.549333 0.405500 0.556667 0.412500 0.569333 0.416000 0.592000 0.416000 0.599333 0.412500 0.602667 0.408500 0.604000 0.402500 0.597333 0.388500 0.590000 0.383500 0.576000 0.380500
0 0.491333 0.373000 0.486000 0.378500 0.484667 0.383500 0.485333 0.392500 0.490667 0.399000 0.496667 0.403000 0.512667 0.409000 0.528000 0.408000 0.534000 0.406000 0.539333 0.401000 0.542667 0.394000 0.542667 0.384500 0.538000 0.376500 0.528667 0.371500 0.520000 0.370000 0.497333 0.371500
0 0.513333 0.410000 0.506000 0.416000 0.503333 0.422000 0.502667 0.428000 0.508000 0.439500 0.512667 0.443500 0.526667 0.447000 0.540000 0.447000 0.548667 0.444000 0.554667 0.439500 0.558667 0.429000 0.558667 0.423500 0.551333 0.414500 0.535333 0.407500 0.528000 0.408000 0.524667 0.409500
0 0.621333 0.412500 0.617333 0.413500 0.608667 0.419500 0.604667 0.427000 0.605333 0.431500 0.608000 0.436000 0.619333 0.447500 0.626667 0.451500 0.633333 0.453000 0.642667 0.446500 0.654667 0.440500 0.656667 0.435500 0.656000 0.427500 0.650667 0.420500 0.644000 0.416000 0.632000 0.412500
0 0.572000 0.417000 0.563333 0.420500 0.560000 0.424000 0.559333 0.433000 0.556667 0.438500 0.557333 0.442500 0.560667 0.449500 0.564000 0.452500 0.573333 0.455500 0.586667 0.456000 0.596000 0.452500 0.604667 0.444000 0.606667 0.439500 0.604667 0.427500 0.598667 0.421000 0.592000 0.417500 0.583333 0.416000
0 0.618667 0.448500 0.609333 0.449500 0.598000 0.452500 0.594000 0.455500 0.590667 0.462500 0.590667 0.467000 0.594000 0.471000 0.595333 0.480000 0.600667 0.485000 0.611333 0.488000 0.623333 0.486500 0.633333 0.482000 0.640667 0.476000 0.643333 0.471000 0.643333 0.466000 0.637333 0.454500 0.634000 0.453000 0.627333 0.452500
0 0.541333 0.454500 0.536667 0.461500 0.537333 0.471500 0.539333 0.475500 0.552667 0.487000 0.559333 0.490500 0.568000 0.492500 0.583333 0.492500 0.593333 0.486500 0.594667 0.483500 0.593333 0.472000 0.589333 0.462500 0.586000 0.459000 0.581333 0.457000 0.568667 0.455000 0.559333 0.451500 0.548000 0.452000
0 0.614000 0.489500 0.602000 0.486500 0.591333 0.488500 0.573333 0.500000 0.571333 0.504000 0.566000 0.508500 0.561333 0.509500 0.563333 0.514500 0.576667 0.522500 0.582667 0.524000 0.596667 0.524500 0.620000 0.522000 0.623333 0.520000 0.628000 0.513000 0.622667 0.499500
0 0.622667 0.522500 0.596000 0.526000 0.590000 0.528000 0.586000 0.533000 0.586000 0.536000 0.589333 0.540000 0.590000 0.545500 0.592667 0.549000 0.593333 0.557000 0.601333 0.562000 0.612000 0.562500 0.622000 0.560000 0.632667 0.554500 0.638000 0.548500 0.641333 0.537500 0.640667 0.533500 0.636667 0.532000 0.628000 0.525000
0 0.554000 0.517500 0.550000 0.519500 0.544000 0.525500 0.538667 0.535500 0.538667 0.545500 0.544000 0.557000 0.550000 0.564500 0.558667 0.569000 0.568000 0.570000 0.583333 0.567000 0.593333 0.558000 0.592000 0.545500 0.587333 0.537000 0.583333 0.532500 0.570667 0.524500 0.564667 0.522500 0.560667 0.519000
0 0.476000 0.532000 0.471333 0.537000 0.470000 0.545500 0.471333 0.549500 0.474667 0.553000 0.482667 0.558000 0.517333 0.558500 0.522667 0.554500 0.526000 0.545500 0.524667 0.537000 0.520667 0.530000 0.510667 0.523000 0.504000 0.521000 0.494667 0.521500 0.487333 0.524500
0 0.432000 0.398500 0.425333 0.400000 0.413333 0.407000 0.408000 0.416000 0.408000 0.424500 0.414000 0.434000 0.421333 0.438500 0.430667 0.441000 0.440000 0.441000 0.450667 0.437500 0.461333 0.430000 0.464000 0.424000 0.464000 0.415500 0.461333 0.408500 0.456667 0.404000 0.446667 0.399500
0 0.339333 0.415500 0.332000 0.420000 0.328667 0.425500 0.328667 0.435500 0.332667 0.442500 0.346000 0.450000 0.356667 0.452500 0.366000 0.453000 0.376000 0.450000 0.382667 0.443500 0.385333 0.437000 0.382667 0.424500 0.376000 0.416500 0.364000 0.412000 0.351333 0.412000
0 0.148000 0.330000 0.138667 0.333000 0.131333 0.338500 0.127333 0.346000 0.127333 0.351000 0.130000 0.358500 0.137333 0.365500 0.146000 0.368000 0.155333 0.368000 0.165333 0.365500 0.177333 0.360500 0.181333 0.356000 0.183333 0.347000 0.177333 0.336500 0.170000 0.332000 0.158667 0.330000
0 0.048667 0.331000 0.041333 0.338000 0.037333 0.348000 0.038000 0.359000 0.040667 0.364500 0.046667 0.370000 0.056667 0.373500 0.068667 0.374000 0.074000 0.372500 0.084000 0.366500 0.091333 0.354000 0.086000 0.342000 0.075333 0.332000 0.070667 0.330500 0.056000 0.329500
0 0.056000 0.287000 0.049333 0.287500 0.042000 0.291500 0.037333 0.296500 0.034667 0.304000 0.033333 0.317000 0.034667 0.323000 0.039333 0.328500 0.046667 0.330500 0.068000 0.328000 0.076000 0.322500 0.078667 0.318000 0.079333 0.310000 0.076000 0.301500 0.069333 0.294500
0 0.000000 0.308000 0.000000 0.345500 0.007333 0.345500 0.013333 0.343000 0.020000 0.337500 0.022667 0.333500 0.025333 0.326500 0.025333 0.318000 0.020000 0.311000 0.014000 0.309000
0 0.012667 0.344000 0.000000 0.347000 0.000000 0.376000 0.002000 0.376000 0.007333 0.380000 0.020000 0.381000 0.032000 0.375000 0.036667 0.365500 0.036667 0.356500 0.035333 0.352000 0.031333 0.348000 0.028000 0.346500
0 0.000000 0.385500 0.000000 0.432000 0.014000 0.432000 0.017333 0.430000 0.020667 0.422000 0.019333 0.401500 0.016667 0.394000 0.013333 0.390000 0.007333 0.386000
0 0.082667 0.370500 0.074667 0.374000 0.066667 0.381000 0.063333 0.391000 0.065333 0.399500 0.073333 0.409500 0.082000 0.412500 0.099333 0.414000 0.106667 0.418000 0.112000 0.417500 0.114000 0.415000 0.114000 0.386500 0.112667 0.381000 0.106667 0.373000 0.097333 0.369000 0.089333 0.369000
0 0.048000 0.389000 0.036667 0.391500 0.028000 0.397000 0.021333 0.406500 0.020667 0.414000 0.022000 0.418000 0.026667 0.424000 0.039333 0.433000 0.047333 0.435500 0.055333 0.435500 0.064000 0.433500 0.070667 0.428000 0.072000 0.416500 0.069333 0.406500 0.062667 0.394500 0.056000 0.390500
0 0.017333 0.433000 0.013333 0.432000 0.000000 0.432500 0.000000 0.460500 0.008000 0.460500 0.024667 0.451500 0.028667 0.447000 0.028667 0.442500
0 0.024000 0.460500 0.014000 0.460500 0.002000 0.467000 0.000000 0.467000 0.000000 0.506000 0.006000 0.507500 0.014000 0.507500 0.024667 0.505000 0.032667 0.500500 0.039333 0.491000 0.039333 0.480500 0.033333 0.470500 0.033333 0.466500 0.030000 0.462500
0 0.077333 0.555500 0.065333 0.556500 0.051333 0.567000 0.040667 0.581000 0.040000 0.588000 0.042667 0.592500 0.054667 0.598000 0.061333 0.598500 0.087333 0.594000 0.097333 0.588500 0.100667 0.582000 0.099333 0.574000 0.092000 0.563500 0.086667 0.559000
0 0.013333 0.605000 0.000000 0.606500 0.000000 0.642500 0.006667 0.643500 0.021333 0.639500 0.032000 0.638500 0.034667 0.636500 0.036667 0.628500 0.036667 0.619500 0.034000 0.614000 0.028000 0.609000
0 0.236667 0.536500 0.228667 0.541000 0.224667 0.547000 0.223333 0.557000 0.226667 0.565000 0.234667 0.571500 0.247333 0.576000 0.256000 0.578000 0.265333 0.578000 0.270000 0.576500 0.276667 0.570000 0.278667 0.566000 0.278667 0.555500 0.273333 0.544500 0.268000 0.539500 0.257333 0.535500 0.244667 0.535000
0 0.394000 0.555500 0.382667 0.560500 0.376667 0.569500 0.377333 0.578000 0.383333 0.587500 0.395333 0.596500 0.403333 0.600000 0.412000 0.600000 0.420667 0.596000 0.427333 0.587500 0.430000 0.580500 0.427333 0.562000 0.425333 0.560000 0.418667 0.560000 0.409333 0.555000 0.399333 0.554500
0 0.595333 0.560000 0.590667 0.561000 0.585333 0.567000 0.572000 0.569000 0.569333 0.571500 0.569333 0.574000 0.573333 0.580000 0.575333 0.592000 0.577333 0.594500 0.590667 0.602500 0.604000 0.603500 0.614667 0.601000 0.624667 0.594500 0.628000 0.589500 0.628000 0.582000 0.625333 0.577500 0.613333 0.568500
0 0.539333 0.568000 0.533333 0.571000 0.526667 0.576500 0.521333 0.587000 0.522000 0.595000 0.534667 0.605500 0.541333 0.608500 0.552667 0.612000 0.562667 0.611500 0.568667 0.608000 0.570667 0.605000 0.574000 0.592500 0.574000 0.585500 0.571333 0.576000 0.566667 0.572000 0.550667 0.566500
0 0.580000 0.614500 0.574000 0.618500 0.572000 0.622000 0.572667 0.627500 0.575333 0.632500 0.594000 0.648000 0.608667 0.651500 0.614000 0.651500 0.620000 0.646500 0.621333 0.640500 0.618000 0.623000 0.614000 0.617000 0.602000 0.610500 0.594667 0.610500
0 0.512000 0.604000 0.496667 0.615000 0.492667 0.625500 0.494000 0.632500 0.497333 0.637000 0.512667 0.647000 0.526667 0.650000 0.537333 0.649500 0.542000 0.647000 0.544000 0.643000 0.546667 0.641000 0.548667 0.634500 0.535333 0.609000 0.530000 0.606500 0.523333 0.606500 0.516000 0.604000
0 0.558667 0.630500 0.549333 0.634500 0.548000 0.641500 0.540000 0.649500 0.540000 0.655000 0.542667 0.662500 0.548000 0.669000 0.559333 0.674500 0.565333 0.675000 0.577333 0.672000 0.586000 0.666500 0.588667 0.662000 0.589333 0.655500 0.587333 0.646000 0.583333 0.639500 0.572000 0.632000 0.566000 0.630500
0 0.488000 0.642500 0.476000 0.650000 0.471333 0.655500 0.471333 0.666000 0.473333 0.667500 0.476000 0.673500 0.486667 0.680000 0.510000 0.678000 0.520667 0.671000 0.520667 0.661500 0.518667 0.654500 0.508000 0.644500 0.499333 0.642000
0 0.521333 0.671000 0.510667 0.677500 0.490667 0.681000 0.486667 0.684000 0.486667 0.694000 0.491333 0.701000 0.497333 0.706000 0.517333 0.716500 0.524000 0.717000 0.528667 0.716000 0.537333 0.709000 0.539333 0.703000 0.539333 0.695000 0.532667 0.677000 0.527333 0.672500
0 0.236000 0.618000 0.226667 0.621000 0.222667 0.623500 0.219333 0.630000 0.220667 0.640500 0.226667 0.649500 0.236000 0.657000 0.240000 0.658500 0.247333 0.658500 0.258000 0.654500 0.265333 0.647500 0.272000 0.639000 0.273333 0.633500 0.277333 0.626500 0.274667 0.624500 0.268000 0.625000 0.246000 0.619000
0 0.004000 0.660000 0.000000 0.660500 0.000000 0.705000 0.008667 0.705000 0.019333 0.700500 0.028667 0.693000 0.034667 0.678500 0.034667 0.674000 0.030000 0.667500 0.023333 0.663500 0.014667 0.660500
0 0.393333 0.681000 0.382000 0.681000 0.374000 0.679000 0.362667 0.679500 0.352000 0.682000 0.340667 0.690000 0.337333 0.696500 0.337333 0.704000 0.339333 0.708500 0.345333 0.715500 0.357333 0.724000 0.366667 0.725000 0.375333 0.721500 0.383333 0.715500 0.388000 0.710000 0.393333 0.700500 0.392000 0.691000 0.394000 0.684500
0 0.254000 0.716000 0.248000 0.720500 0.245333 0.728000 0.246000 0.737500 0.252000 0.745500 0.261333 0.752000 0.276667 0.756000 0.284000 0.756000 0.292000 0.753500 0.296667 0.749000 0.297333 0.744000 0.292000 0.719000 0.289333 0.714500 0.284667 0.712500 0.262667 0.713500
0 0.186667 0.697000 0.178000 0.702500 0.176000 0.705500 0.175333 0.719500 0.192000 0.736500 0.200667 0.740500 0.208000 0.740500 0.216667 0.734000 0.228000 0.718500 0.228667 0.712500 0.226000 0.705000 0.222000 0.701000 0.211333 0.697000 0.199333 0.695500
0 0.127333 0.700000 0.126667 0.706000 0.129333 0.712000 0.129333 0.719500 0.133333 0.729000 0.138000 0.735500 0.145333 0.741500 0.153333 0.744500 0.169333 0.740000 0.175333 0.734000 0.178000 0.725000 0.176000 0.718500 0.171333 0.713000 0.162000 0.707500 0.148000 0.702000
0 0.126667 0.746500 0.117333 0.749000 0.112000 0.753500 0.109333 0.759000 0.109333 0.768500 0.116000 0.783500 0.119333 0.787000 0.128000 0.791500 0.135333 0.792000 0.147333 0.788500 0.154000 0.783500 0.156667 0.775500 0.156000 0.765500 0.157333 0.759000 0.150667 0.751500 0.145333 0.748000 0.138667 0.746500
0 0.045333 0.749500 0.028667 0.750500 0.024000 0.752000 0.014667 0.760000 0.005333 0.776000 0.004667 0.784000 0.009333 0.791000 0.017333 0.796000 0.026667 0.798000 0.035333 0.797000 0.042000 0.793000 0.049333 0.783500 0.055333 0.769500 0.056000 0.760500 0.050667 0.751500
0 0.000000 0.878500 0.000000 0.916000 0.002667 0.916000 0.010667 0.908500 0.012000 0.893500 0.007333 0.883500 0.002667 0.878500
0 0.552000 0.775000 0.548667 0.780500 0.549333 0.788000 0.554000 0.794000 0.562000 0.799000 0.582667 0.802000 0.594667 0.802000 0.601333 0.799000 0.605333 0.792000 0.606000 0.786500 0.602000 0.778000 0.596667 0.773500 0.586000 0.771000 0.564000 0.770000 0.558667 0.771000
0 0.460667 0.816500 0.454000 0.821500 0.449333 0.829500 0.449333 0.839000 0.454000 0.848000 0.466000 0.857000 0.480000 0.857500 0.488667 0.857000 0.494000 0.855500 0.502000 0.849500 0.503333 0.846000 0.502000 0.833500 0.494667 0.822000 0.488000 0.817000 0.478000 0.814000 0.468000 0.814000
0 0.497333 0.854500 0.484667 0.857000 0.468667 0.858000 0.466000 0.859000 0.461333 0.865500 0.460667 0.874000 0.463333 0.881000 0.476000 0.892500 0.485333 0.897000 0.492667 0.896500 0.502667 0.891500 0.513333 0.883500 0.517333 0.877500 0.518000 0.871000 0.515333 0.865000 0.506000 0.858000
0 0.326000 0.000000 0.328667 0.007500 0.332000 0.010000 0.339333 0.012000 0.351333 0.012000 0.355333 0.011000 0.362667 0.007500 0.366000 0.002500 0.366000 0.000000
0 0.379333 0.000000 0.379333 0.002500 0.381333 0.004000 0.396667 0.008500 0.401333 0.008000 0.404000 0.005000 0.404000 0.000000