0 0.823333 0.467391 0.798889 0.473913 0.796667 0.477391 0.797778 0.481739 0.814444 0.486957 0.827778 0.493043 0.834444 0.493913 0.850000 0.492174 0.862222 0.487826 0.870000 0.482609 0.872222 0.478261 0.867778 0.476087 0.855556 0.474783 0.836667 0.470870 0.828889 0.467826
0 0.000000 0.416087 0.000000 0.443913 0.005556 0.443913 0.008889 0.440870 0.015556 0.438261 0.018889 0.430000 0.012222 0.420000 0.005556 0.416087
0 0.813333 0.979565 0.811111 0.983913 0.815556 0.993913 0.810000 0.997826 0.810000 1.000000 0.874444 1.000000 0.878889 0.994348 0.877778 0.991304 0.866667 0.986087 0.838889 0.980000
0 0.807778 0.704783 0.805556 0.709130 0.813333 0.713043 0.855556 0.716957 0.864444 0.715652 0.870000 0.713043 0.872222 0.710000 0.865556 0.704783 0.855556 0.702174 0.824444 0.700435
0 0.084444 0.445217 0.075556 0.446957 0.062222 0.452174 0.058889 0.459130 0.064444 0.465652 0.086667 0.466522 0.101111 0.470000 0.105556 0.473478 0.115556 0.473913 0.124444 0.470000 0.135556 0.462609 0.136667 0.457391 0.133333 0.451739 0.118889 0.445652 0.105556 0.444348
0 0.087778 0.466087 0.072222 0.465652 0.054444 0.468696 0.040000 0.478261 0.041111 0.482174 0.048889 0.488696 0.057778 0.492609 0.064444 0.493478 0.081111 0.492609 0.092222 0.484783 0.105556 0.479130 0.106667 0.473478 0.104444 0.470000
0 0.146667 0.414348 0.114444 0.414348 0.091111 0.423478 0.087778 0.427391 0.088889 0.431739 0.102222 0.440000 0.113333 0.443913 0.122222 0.443478 0.130333 0.440435 0.134444 0.437826 0.151111 0.433043 0.156667 0.419130 0.153333 0.416087
0 0.174444 0.415652 0.168889 0.420870 0.157778 0.425217 0.156667 0.432609 0.160000 0.433913 0.196667 0.434348 0.200000 0.433043 0.200000 0.431304 0.190000 0.423913 0.190000 0.419130 0.181111 0.416087
0 0.213333 0.409565 0.196667 0.411739 0.188889 0.415652 0.188889 0.424348 0.200000 0.433478 0.214444 0.439130 0.225556 0.441739 0.242222 0.439565 0.255556 0.431304 0.256667 0.427391 0.248889 0.419565 0.240000 0.414348 0.225556 0.410435
0 0.124444 0.443043 0.125556 0.447826 0.133333 0.450870 0.137778 0.456087 0.151111 0.459565 0.162222 0.460000 0.185556 0.463478 0.206667 0.462174 0.217778 0.457391 0.221111 0.443043 0.205556 0.435652 0.192222 0.435652 0.176667 0.433913 0.142222 0.435652 0.136667 0.436957 0.133333 0.440000
0 0.262222 0.405652 0.253333 0.408261 0.244444 0.415217 0.254444 0.425217 0.257778 0.431304 0.273333 0.437391 0.281111 0.439130 0.296667 0.438696 0.304444 0.436957 0.327778 0.428261 0.331111 0.424783 0.328889 0.416957 0.316667 0.410000 0.302222 0.405652 0.296667 0.404783
0 0.254444 0.433478 0.248889 0.435217 0.242222 0.439565 0.224444 0.443478 0.221111 0.448696 0.221111 0.457391 0.230000 0.461739 0.238889 0.463478 0.275556 0.464348 0.286667 0.460870 0.294444 0.455217 0.287778 0.441739 0.264444 0.434348
0 0.234444 0.464348 0.225556 0.466087 0.216667 0.469565 0.212222 0.473913 0.212222 0.479130 0.220000 0.484348 0.234444 0.489130 0.255556 0.491739 0.264444 0.486087 0.267778 0.480870 0.277778 0.475217 0.278889 0.470435 0.266667 0.465217 0.250000 0.463913
0 0.231111 0.493913 0.220000 0.489565 0.205556 0.486957 0.185556 0.489565 0.178889 0.493043 0.173333 0.493913 0.164444 0.500000 0.161111 0.513913 0.173333 0.515652 0.197778 0.516522 0.224444 0.513043 0.237778 0.506087 0.237778 0.499565
0 0.146667 0.461304 0.133333 0.465217 0.130000 0.466957 0.130000 0.469130 0.124444 0.470435 0.124444 0.476522 0.126667 0.478696 0.134444 0.481739 0.148889 0.484783 0.154444 0.487391 0.174444 0.489565 0.201111 0.484348 0.203333 0.483043 0.201111 0.474783 0.187778 0.466522 0.175556 0.462174 0.157778 0.460435
0 0.105556 0.480435 0.094444 0.483478 0.082222 0.493043 0.082222 0.499565 0.104444 0.508696 0.125556 0.509130 0.137778 0.507826 0.158889 0.502174 0.162222 0.499130 0.162222 0.496957 0.153333 0.487826 0.126667 0.480435
0 0.385556 0.397826 0.373333 0.398261 0.361111 0.402609 0.351111 0.404348 0.344444 0.407391 0.334444 0.416522 0.334444 0.423043 0.342222 0.429130 0.376667 0.432609 0.385556 0.432174 0.404444 0.427826 0.412222 0.420000 0.411111 0.411304 0.402222 0.405652 0.390000 0.401304
0 0.424444 0.404783 0.418889 0.407826 0.414444 0.414783 0.414444 0.417391 0.424444 0.422609 0.432222 0.424348 0.461111 0.424783 0.472222 0.426957 0.477778 0.426957 0.485556 0.424783 0.490000 0.418696 0.490000 0.411739 0.484444 0.406087 0.478889 0.403913 0.460000 0.403043 0.443333 0.404348 0.433333 0.403043
0 0.504444 0.396522 0.497778 0.400000 0.501111 0.406522 0.498889 0.419565 0.504444 0.426522 0.527778 0.433043 0.535556 0.433043 0.562222 0.427826 0.567778 0.422174 0.567778 0.416087 0.561111 0.410870 0.546667 0.406087 0.514444 0.403478 0.508889 0.398261
0 0.697778 0.396087 0.687778 0.396087 0.678889 0.397826 0.664444 0.404348 0.656667 0.411739 0.655556 0.416957 0.671111 0.429130 0.680000 0.430870 0.697778 0.430000 0.725556 0.422174 0.737778 0.416522 0.735556 0.407391 0.730000 0.404348 0.715556 0.399130
0 0.614444 0.409565 0.600000 0.423043 0.598889 0.429130 0.604444 0.435217 0.610000 0.436957 0.618889 0.437391 0.645556 0.436957 0.661111 0.435652 0.667778 0.431739 0.665556 0.423913 0.653333 0.416087 0.648889 0.414783 0.633333 0.413478 0.625556 0.408696
0 0.786667 0.396522 0.773333 0.396522 0.751111 0.400000 0.740000 0.404348 0.737778 0.407826 0.740000 0.416087 0.774444 0.423478 0.785556 0.418696 0.808889 0.415652 0.814444 0.412609 0.814444 0.407391 0.805556 0.400435 0.796667 0.397826
0 0.840000 0.400435 0.821111 0.404783 0.814444 0.408261 0.814444 0.411739 0.810000 0.416087 0.827778 0.418261 0.844444 0.424348 0.856667 0.424348 0.870000 0.422174 0.877778 0.418696 0.881111 0.415217 0.880000 0.408261 0.870000 0.403913 0.855556 0.400870
0 0.875556 0.423043 0.862222 0.423478 0.851111 0.425652 0.852222 0.431739 0.848889 0.436522 0.843333 0.439565 0.842222 0.443478 0.848889 0.449565 0.853333 0.450870 0.875556 0.450435 0.884444 0.448696 0.895556 0.443478 0.895556 0.433913 0.885556 0.425217
0 0.775556 0.423478 0.777778 0.426957 0.787778 0.433043 0.796667 0.441304 0.803333 0.442174 0.834444 0.442609 0.842222 0.440870 0.848889 0.434783 0.848889 0.429130 0.846667 0.425652 0.835556 0.420000 0.817778 0.417391 0.802222 0.417391 0.784444 0.419565
0 0.744444 0.418261 0.741111 0.419565 0.741111 0.424348 0.752222 0.431304 0.751111 0.436087 0.754444 0.441739 0.774444 0.448696 0.785556 0.447391 0.792222 0.443478 0.792222 0.436957 0.785556 0.430435 0.774444 0.425217 0.755556 0.419565
0 0.726667 0.423913 0.716667 0.424783 0.693333 0.431739 0.688889 0.434783 0.687778 0.440000 0.696667 0.444348 0.698889 0.450870 0.703333 0.452609 0.720000 0.453043 0.731111 0.450435 0.751111 0.443478 0.748889 0.431739 0.738889 0.426522
0 0.611111 0.439130 0.610000 0.443478 0.616667 0.445217 0.623333 0.449565 0.631111 0.458261 0.645556 0.462174 0.654444 0.463043 0.671111 0.462174 0.687778 0.456957 0.697778 0.448696 0.695556 0.443043 0.683333 0.438696 0.666667 0.436522 0.654444 0.436087 0.640000 0.437826
0 0.590000 0.427391 0.572222 0.426957 0.564444 0.429130 0.545556 0.431304 0.532222 0.434783 0.532222 0.444348 0.535556 0.447826 0.544444 0.450870 0.555556 0.451304 0.574444 0.444783 0.591111 0.443478 0.602222 0.440435 0.600000 0.431304
0 0.595556 0.443913 0.576667 0.445217 0.561111 0.450435 0.563333 0.460870 0.572222 0.465652 0.574444 0.469565 0.578889 0.470870 0.581111 0.475217 0.584444 0.476087 0.591111 0.475217 0.600000 0.471304 0.606667 0.470870 0.615556 0.468696 0.626667 0.460000 0.625556 0.453913 0.615556 0.447391 0.605556 0.444783
0 0.514444 0.453043 0.507778 0.458696 0.511111 0.481304 0.522222 0.485652 0.546667 0.485652 0.563333 0.482174 0.572222 0.478696 0.575556 0.475652 0.574444 0.468696 0.552222 0.456087 0.542222 0.453913 0.527778 0.452609
0 0.511111 0.429130 0.501111 0.427391 0.485556 0.427391 0.478889 0.428261 0.464444 0.432609 0.435556 0.446957 0.434444 0.453478 0.436667 0.455217 0.444444 0.456522 0.454444 0.460435 0.466667 0.460870 0.484444 0.457826 0.495556 0.458696 0.516667 0.453043 0.524444 0.448696 0.527778 0.444348 0.527778 0.439130 0.525556 0.434783
0 0.474444 0.427391 0.466667 0.426087 0.445556 0.426087 0.440000 0.424783 0.423333 0.424783 0.410000 0.426522 0.390000 0.431304 0.382222 0.434348 0.380000 0.436957 0.380000 0.440870 0.388889 0.450000 0.411111 0.450435 0.432222 0.447826 0.451111 0.439565 0.457778 0.433043 0.474444 0.428696
0 0.332222 0.429130 0.308889 0.435217 0.307778 0.440435 0.313333 0.450000 0.320000 0.453913 0.335556 0.456087 0.345556 0.459565 0.355556 0.459565 0.377778 0.449565 0.381111 0.444783 0.377778 0.436522 0.372222 0.433478 0.362222 0.431304
0 0.301111 0.452174 0.296667 0.453913 0.294444 0.458696 0.285556 0.462174 0.286667 0.469130 0.296667 0.476957 0.307778 0.480870 0.315556 0.485217 0.321111 0.486087 0.340000 0.485652 0.356667 0.480435 0.361111 0.477826 0.363333 0.470435 0.360000 0.466522 0.351111 0.461304 0.336667 0.456087 0.311111 0.452174
0 0.384444 0.450435 0.372222 0.452174 0.362222 0.456522 0.357778 0.459565 0.357778 0.464783 0.370000 0.476522 0.380000 0.480000 0.395556 0.480870 0.404444 0.478696 0.411111 0.473478 0.431111 0.466522 0.432222 0.461739 0.425556 0.455652 0.415556 0.452609 0.403333 0.450870
0 0.411111 0.470435 0.403333 0.475652 0.402222 0.483478 0.404444 0.486087 0.414444 0.489565 0.452222 0.492174 0.465556 0.491739 0.473333 0.490435 0.464444 0.475652 0.452222 0.470000 0.436667 0.467391 0.425556 0.467391
0 0.353333 0.482609 0.343333 0.487826 0.338889 0.493478 0.337778 0.498261 0.343333 0.504783 0.365556 0.510870 0.380000 0.511304 0.392222 0.510000 0.396667 0.506957 0.411111 0.502174 0.411111 0.500870 0.415556 0.499130 0.415556 0.493478 0.401111 0.485652 0.385556 0.482174 0.362222 0.481739
0 0.283333 0.475217 0.275556 0.477826 0.271111 0.481739 0.265556 0.483913 0.257778 0.491739 0.257778 0.505217 0.262222 0.508696 0.272222 0.511739 0.285556 0.512174 0.318889 0.506087 0.323333 0.503043 0.324444 0.497391 0.318889 0.489130 0.305556 0.480435 0.295556 0.476087
0 0.484444 0.458261 0.476667 0.458696 0.472222 0.460435 0.463333 0.461739 0.454444 0.466522 0.455556 0.470870 0.462222 0.473043 0.468889 0.478696 0.477778 0.490435 0.486667 0.492609 0.495556 0.490870 0.506667 0.483478 0.508889 0.467826 0.504444 0.462609 0.496667 0.459565
0 0.713333 0.458696 0.705556 0.457391 0.690000 0.457826 0.664444 0.464783 0.654444 0.469565 0.651111 0.475217 0.654444 0.478696 0.666667 0.484348 0.675556 0.486087 0.707778 0.483478 0.718889 0.480435 0.722222 0.476522 0.721111 0.463043
0 0.765556 0.463478 0.728889 0.466087 0.722222 0.479565 0.722222 0.482609 0.727778 0.485652 0.747778 0.493478 0.756667 0.494348 0.766667 0.494348 0.774444 0.492609 0.792222 0.484348 0.795556 0.479130 0.793333 0.473913 0.784444 0.468261 0.776667 0.465217
0 0.778889 0.450000 0.761111 0.443913 0.754444 0.443043 0.744444 0.444783 0.723333 0.452174 0.720000 0.454348 0.717778 0.459565 0.730000 0.463913 0.746667 0.464783 0.767778 0.463478 0.778889 0.459130 0.781111 0.455652
0 0.834444 0.443478 0.802222 0.442609 0.790000 0.445652 0.783333 0.449130 0.778889 0.463478 0.785556 0.469565 0.793333 0.472609 0.804444 0.471739 0.826667 0.466087 0.831111 0.460000 0.842222 0.455217 0.844444 0.451304 0.843333 0.447826
0 0.843333 0.454348 0.827778 0.462174 0.830000 0.466957 0.836667 0.468261 0.841111 0.471304 0.853333 0.474783 0.873333 0.476522 0.888889 0.475217 0.901111 0.470870 0.904444 0.465652 0.898889 0.457391 0.893333 0.454783 0.876667 0.450870 0.861111 0.450870
0 0.805556 0.486957 0.795556 0.487826 0.768889 0.493913 0.757778 0.501304 0.758889 0.508261 0.767778 0.511304 0.784444 0.514783 0.793333 0.514783 0.825556 0.510000 0.832222 0.506522 0.833333 0.500870 0.827778 0.493913 0.815556 0.488696
0 0.681111 0.486087 0.671111 0.490000 0.672222 0.503913 0.695556 0.512609 0.701111 0.516087 0.715556 0.516522 0.742222 0.507391 0.747778 0.502174 0.746667 0.494348 0.727778 0.486087 0.720000 0.484783 0.694444 0.484783
0 0.636667 0.473043 0.627778 0.474348 0.623333 0.477391 0.610000 0.482174 0.604444 0.494348 0.604444 0.502174 0.606667 0.505217 0.611111 0.506957 0.623333 0.508696 0.636667 0.508696 0.644444 0.506957 0.654444 0.506522 0.665556 0.504348 0.670000 0.502174 0.670000 0.492609 0.664444 0.484348 0.645556 0.473913
0 0.605556 0.482174 0.587778 0.478261 0.581111 0.478261 0.554444 0.485217 0.544444 0.489130 0.544444 0.493043 0.551111 0.496522 0.554444 0.501304 0.575556 0.502174 0.585556 0.500000 0.600000 0.494348 0.605556 0.490435 0.607778 0.486957
0 0.526667 0.486522 0.504444 0.488696 0.497778 0.493913 0.504444 0.506957 0.514444 0.512609 0.534444 0.512174 0.548889 0.505652 0.546667 0.493913 0.536667 0.488261
0 0.476667 0.491739 0.451111 0.493043 0.437778 0.498696 0.436667 0.506522 0.454444 0.513478 0.481111 0.510000 0.502222 0.510000 0.498889 0.507826 0.497778 0.501304 0.490000 0.495652
0 0.403333 0.506087 0.397778 0.508261 0.388889 0.516522 0.387778 0.521739 0.391111 0.527826 0.398889 0.532609 0.435556 0.536522 0.451111 0.532609 0.458889 0.529130 0.461111 0.520870 0.457778 0.516522 0.450000 0.512174 0.431111 0.506087
0 0.348889 0.506957 0.316667 0.506522 0.297778 0.510000 0.287778 0.513478 0.281111 0.520870 0.282222 0.523913 0.286667 0.527391 0.306667 0.535652 0.313333 0.536957 0.328889 0.536087 0.352222 0.526522 0.358889 0.520870 0.358889 0.512174 0.356667 0.509565
0 0.255556 0.524783 0.244444 0.523043 0.224444 0.522609 0.201111 0.526522 0.191111 0.530870 0.184444 0.536087 0.184444 0.541739 0.194444 0.547391 0.211111 0.551739 0.218889 0.551739 0.233333 0.549565 0.258889 0.536522 0.261111 0.531739 0.260000 0.527826
0 0.135556 0.520870 0.114444 0.522174 0.098889 0.527391 0.091111 0.532609 0.090000 0.538696 0.096667 0.546087 0.103333 0.548696 0.116667 0.551304 0.127778 0.551739 0.146667 0.549565 0.160000 0.544348 0.165556 0.538261 0.165556 0.530870 0.163333 0.528261 0.146667 0.522174
0 0.040000 0.503043 0.030000 0.509565 0.025556 0.516522 0.030000 0.521739 0.038889 0.525652 0.057778 0.529565 0.072222 0.530000 0.100000 0.526522 0.110000 0.523913 0.112222 0.522174 0.111111 0.514348 0.102222 0.511304 0.096667 0.506957 0.085556 0.502609 0.068889 0.499565 0.052222 0.499565
0 0.000000 0.494783 0.000000 0.522174 0.006667 0.522174 0.022222 0.517826 0.031111 0.504783 0.030000 0.502174 0.022222 0.497826 0.005556 0.494783
0 0.000000 0.534348 0.000000 0.560870 0.005556 0.560870 0.027778 0.553913 0.033333 0.550000 0.045556 0.546087 0.045556 0.544348 0.035556 0.539565 0.024444 0.538261 0.012222 0.535217
0 0.023333 0.556087 0.010000 0.561304 0.007778 0.565652 0.016667 0.576522 0.031111 0.583043 0.040000 0.584348 0.056667 0.584348 0.067778 0.582609 0.084444 0.577826 0.092222 0.564783 0.085556 0.560000 0.075556 0.559130 0.054444 0.554348 0.034444 0.554348
0 0.157778 0.547391 0.151111 0.550000 0.144444 0.557826 0.151111 0.568261 0.161111 0.572609 0.185556 0.573478 0.197778 0.570870 0.211111 0.565217 0.215556 0.564783 0.220000 0.561739 0.220000 0.558261 0.212222 0.552609 0.185556 0.546522
0 0.264444 0.535217 0.237778 0.548261 0.243333 0.556522 0.252222 0.561739 0.267778 0.563478 0.284444 0.567826 0.298889 0.567391 0.310000 0.564783 0.321111 0.558696 0.327778 0.550435 0.326667 0.543913 0.322222 0.540435 0.306667 0.536087 0.288889 0.534348
0 0.375556 0.522609 0.364444 0.522609 0.355556 0.527826 0.345556 0.529130 0.334444 0.533043 0.330000 0.540870 0.327000 0.547174 0.330333 0.554043 0.344444 0.558696 0.352778 0.559565 0.361111 0.559565 0.375556 0.558696 0.386667 0.557696 0.392667 0.556391 0.396667 0.553043 0.391111 0.549130 0.388889 0.532609 0.381111 0.528261
0 0.393333 0.534348 0.390000 0.535652 0.387778 0.540000 0.388889 0.545217 0.393333 0.549130 0.414444 0.561304 0.424444 0.565217 0.437778 0.564783 0.456667 0.557391 0.455556 0.551304 0.452222 0.549565 0.447778 0.543043 0.437778 0.538696 0.426667 0.535652
0 0.473333 0.536957 0.452222 0.540000 0.450000 0.540870 0.450000 0.546087 0.452222 0.550435 0.455556 0.552174 0.455556 0.556522 0.462222 0.562609 0.474444 0.566522 0.485556 0.568261 0.492222 0.561739 0.498889 0.559565 0.501111 0.557391 0.498889 0.542609 0.494444 0.538696
0 0.482222 0.510435 0.464444 0.513913 0.462222 0.515652 0.463333 0.533478 0.466667 0.535652 0.472222 0.536522 0.495556 0.536522 0.522222 0.529565 0.524444 0.525652 0.523333 0.522174 0.515556 0.516522 0.505556 0.512609
0 0.545556 0.528696 0.520000 0.530000 0.512222 0.531739 0.503333 0.536522 0.502222 0.543043 0.506667 0.552609 0.518889 0.557391 0.532222 0.558696 0.546667 0.558261 0.562222 0.555217 0.570000 0.551304 0.570000 0.536522 0.560000 0.530870
0 0.585556 0.502609 0.567778 0.502609 0.557778 0.503913 0.537778 0.512174 0.536667 0.520000 0.545556 0.527826 0.565556 0.530870 0.586667 0.527391 0.600000 0.523913 0.608889 0.518696 0.607778 0.510870 0.598889 0.505652
0 0.594444 0.525652 0.574444 0.529130 0.567778 0.533043 0.573333 0.543913 0.572222 0.553043 0.594444 0.558261 0.604444 0.559565 0.626667 0.557391 0.634444 0.552174 0.636667 0.544348 0.633333 0.536957 0.615556 0.526522
0 0.675556 0.505652 0.664444 0.505217 0.654444 0.506957 0.643333 0.507391 0.631111 0.511739 0.620000 0.520870 0.618889 0.526522 0.624444 0.531304 0.634444 0.536087 0.644444 0.537826 0.665556 0.536522 0.682222 0.534348 0.693333 0.530435 0.698889 0.523478 0.698889 0.516522 0.691111 0.510870
0 0.785556 0.515652 0.765556 0.511304 0.756667 0.508261 0.750000 0.508261 0.730000 0.511739 0.712222 0.518261 0.706667 0.529130 0.708889 0.534783 0.722222 0.537826 0.745556 0.538696 0.775556 0.533043 0.782222 0.530870 0.788889 0.525652 0.788889 0.519565
0 0.831111 0.510870 0.817778 0.511304 0.800000 0.513478 0.791111 0.516957 0.792222 0.526957 0.796667 0.533478 0.810000 0.538696 0.824444 0.547391 0.835556 0.545217 0.838889 0.541304 0.852222 0.537391 0.858889 0.533043 0.861111 0.529130 0.861111 0.520435 0.855556 0.515652 0.845556 0.512174
0 0.775556 0.533478 0.754444 0.537826 0.744444 0.541304 0.740000 0.544783 0.741111 0.549565 0.750000 0.555217 0.752222 0.560435 0.757778 0.563478 0.776667 0.567391 0.797778 0.568696 0.803333 0.567391 0.815556 0.560000 0.821111 0.548696 0.808889 0.538696 0.800000 0.535217 0.790000 0.533478
0 0.695556 0.533913 0.684444 0.533913 0.676667 0.535652 0.651111 0.537391 0.638889 0.541304 0.638889 0.552609 0.652222 0.557826 0.666667 0.561739 0.680000 0.562174 0.685556 0.561304 0.700000 0.554783 0.708889 0.546957 0.708889 0.539130
0 0.735556 0.546522 0.717778 0.547826 0.706667 0.550435 0.687778 0.560435 0.683333 0.564348 0.682222 0.569130 0.686667 0.573043 0.695556 0.576522 0.714444 0.580435 0.727778 0.580435 0.740000 0.578696 0.748889 0.574783 0.753333 0.570000 0.753333 0.563043 0.750000 0.555652 0.738889 0.547391
0 0.877778 0.547391 0.862222 0.545217 0.843333 0.545217 0.822222 0.550435 0.816667 0.559130 0.817778 0.565217 0.824444 0.571739 0.834444 0.574783 0.852222 0.574783 0.865556 0.570870 0.884444 0.567826 0.890000 0.565217 0.893333 0.561739 0.893333 0.556087 0.885556 0.550000
0 0.876667 0.570435 0.868889 0.570870 0.863333 0.572609 0.860000 0.575217 0.841111 0.581739 0.824111 0.593652 0.828889 0.600522 0.843333 0.603043 0.861111 0.602609 0.876667 0.603478 0.890000 0.600000 0.891889 0.594217 0.895556 0.587391 0.885556 0.573913
0 0.755556 0.576087 0.753333 0.580870 0.763333 0.587826 0.781111 0.594348 0.798889 0.596957 0.812222 0.596522 0.823333 0.593913 0.834444 0.585652 0.837778 0.580870 0.835556 0.576522 0.830000 0.573478 0.821111 0.571304 0.802222 0.569565 0.788889 0.569565 0.774444 0.570870
0 0.888889 0.607391 0.865556 0.603913 0.854444 0.603913 0.836667 0.606087 0.825556 0.610000 0.822222 0.613478 0.822222 0.623913 0.824444 0.628696 0.830000 0.633043 0.835556 0.633913 0.861111 0.631739 0.877778 0.627391 0.895556 0.619565 0.897778 0.616522 0.895556 0.610000
0 0.800000 0.613913 0.786667 0.611304 0.773333 0.611739 0.754444 0.614348 0.738889 0.618261 0.726667 0.622609 0.727778 0.626087 0.735556 0.631739 0.750000 0.636522 0.767778 0.638696 0.787778 0.638696 0.794444 0.637826 0.802222 0.634783 0.806667 0.630435 0.807778 0.622174 0.803333 0.615217
0 0.697778 0.587391 0.688889 0.593913 0.685556 0.602609 0.687778 0.607391 0.697778 0.612174 0.723333 0.616522 0.737778 0.616522 0.766667 0.611304 0.770000 0.606957 0.776667 0.603478 0.778889 0.599130 0.771111 0.595652 0.767778 0.591304 0.761111 0.588261 0.735556 0.584348 0.714444 0.584348
0 0.666667 0.582174 0.657778 0.582174 0.628889 0.585652 0.622222 0.587391 0.617778 0.590870 0.616667 0.596522 0.620000 0.601739 0.641111 0.610000 0.650000 0.610870 0.664444 0.610435 0.674444 0.607826 0.680000 0.604783 0.684444 0.596522 0.683333 0.588696 0.678889 0.585217
0 0.646667 0.556957 0.622222 0.558696 0.608889 0.562609 0.598889 0.568261 0.596667 0.572174 0.598889 0.580000 0.614444 0.584783 0.625556 0.586087 0.645556 0.584348 0.661111 0.581304 0.668889 0.577391 0.673333 0.568261 0.667778 0.563043 0.662222 0.560435
0 0.565556 0.555652 0.540000 0.560435 0.537778 0.564783 0.542222 0.570435 0.543333 0.580870 0.560000 0.584348 0.578889 0.584348 0.585556 0.583043 0.592222 0.580000 0.602222 0.563913 0.600000 0.560435 0.586667 0.556087
0 0.553333 0.584348 0.537778 0.586957 0.530000 0.590870 0.528889 0.595652 0.532222 0.606522 0.538889 0.610870 0.554444 0.614348 0.574444 0.613913 0.590000 0.610435 0.598889 0.606522 0.610000 0.603913 0.614444 0.600000 0.614444 0.594783 0.610000 0.592609 0.582222 0.585652
0 0.504444 0.560435 0.494444 0.563043 0.488889 0.566957 0.487778 0.572609 0.494444 0.584783 0.503333 0.587391 0.515556 0.588696 0.531111 0.586522 0.537778 0.583913 0.542222 0.577826 0.541111 0.571304 0.537778 0.566522 0.531111 0.562609 0.515556 0.560435
0 0.462222 0.565217 0.444444 0.564783 0.432222 0.566522 0.424444 0.570435 0.411111 0.583913 0.412222 0.590000 0.414444 0.592609 0.423333 0.596087 0.425556 0.599565 0.433333 0.601739 0.445556 0.601739 0.453333 0.599565 0.465556 0.598261 0.483333 0.589130 0.488889 0.584348 0.490000 0.579565 0.485556 0.571739 0.477778 0.567826
0 0.488889 0.588696 0.482222 0.590435 0.475556 0.594783 0.464444 0.599130 0.465556 0.605217 0.471111 0.609130 0.505556 0.613043 0.518889 0.610435 0.528889 0.605217 0.527778 0.594348 0.520000 0.590435 0.513333 0.589130
0 0.393333 0.557391 0.375556 0.559565 0.362222 0.563043 0.356667 0.567391 0.356667 0.571739 0.361111 0.578261 0.366667 0.582174 0.392222 0.583478 0.405556 0.585652 0.414444 0.580435 0.422222 0.571739 0.423333 0.566522 0.416667 0.562174 0.404444 0.557826
0 0.324444 0.555217 0.313333 0.563913 0.296667 0.569130 0.291111 0.573478 0.287778 0.579565 0.290000 0.587826 0.298889 0.590870 0.321111 0.593478 0.328889 0.593043 0.338889 0.588261 0.353333 0.585652 0.360000 0.582609 0.360000 0.575652 0.355556 0.570000 0.350000 0.568261 0.348889 0.561739 0.335556 0.556522
0 0.338889 0.587826 0.332222 0.591304 0.336667 0.595652 0.351111 0.601304 0.363333 0.603913 0.374444 0.607826 0.387778 0.607391 0.408889 0.599130 0.411111 0.593478 0.407778 0.586087 0.400000 0.583913 0.372222 0.582609
0 0.275556 0.565217 0.268889 0.563478 0.253333 0.562174 0.234444 0.566087 0.216667 0.577826 0.216667 0.588696 0.213333 0.591304 0.215556 0.594348 0.245556 0.594783 0.252222 0.592609 0.267778 0.590000 0.278889 0.586087 0.283333 0.582174 0.287778 0.572174
0 0.264444 0.590435 0.252222 0.592609 0.241111 0.596957 0.235556 0.607391 0.238889 0.612609 0.247778 0.617391 0.272222 0.620870 0.286667 0.621304 0.306667 0.613478 0.321111 0.595217 0.316667 0.593478 0.287778 0.589130
0 0.365556 0.604783 0.357778 0.602609 0.344444 0.601739 0.321111 0.606087 0.294444 0.619130 0.291111 0.623478 0.303333 0.628696 0.338889 0.628696 0.352222 0.630435 0.367778 0.629130 0.377778 0.624348 0.378889 0.617826 0.373333 0.609565
0 0.413333 0.598696 0.404444 0.600870 0.383333 0.610435 0.378889 0.614783 0.378889 0.621304 0.382222 0.625217 0.390000 0.627391 0.417778 0.630435 0.432222 0.628696 0.441111 0.625652 0.452222 0.615652 0.453333 0.610435 0.448889 0.603913 0.433333 0.602609 0.424444 0.599130
0 0.504444 0.613043 0.487778 0.610435 0.471111 0.610000 0.452222 0.614783 0.443333 0.623913 0.432222 0.630870 0.432222 0.635652 0.442222 0.642609 0.446667 0.643043 0.456667 0.639565 0.473333 0.636522 0.500000 0.633478 0.518889 0.627391 0.518889 0.622609
0 0.413333 0.630870 0.397778 0.628696 0.382222 0.628696 0.374444 0.629565 0.362222 0.634348 0.363333 0.642174 0.351111 0.649130 0.348889 0.652609 0.351111 0.661739 0.354444 0.664783 0.365556 0.666522 0.377778 0.663913 0.393333 0.662609 0.430000 0.652174 0.434444 0.646957 0.432222 0.639565 0.422222 0.633478
0 0.286667 0.633043 0.285556 0.640000 0.288889 0.642609 0.305556 0.650435 0.314444 0.653043 0.328889 0.653478 0.344444 0.651739 0.361111 0.642609 0.362222 0.638261 0.358889 0.633913 0.343333 0.629130 0.307778 0.629130 0.294444 0.630870
0 0.135556 0.573913 0.121111 0.573478 0.100000 0.575652 0.090000 0.577391 0.080000 0.581739 0.078889 0.591739 0.081111 0.596087 0.084444 0.598696 0.096667 0.601739 0.104444 0.605217 0.115556 0.605652 0.117778 0.602609 0.127778 0.600435 0.144444 0.584348 0.143333 0.579130
0 0.000000 0.576957 0.000000 0.593913 0.005556 0.593913 0.012222 0.588696 0.013333 0.583913 0.006667 0.577391
0 0.065556 0.588696 0.036667 0.589565 0.023333 0.593043 0.012222 0.593478 0.004444 0.596087 0.000000 0.599565 0.000222 0.612348 0.004444 0.614783 0.011111 0.618261 0.023333 0.620870 0.036667 0.620870 0.050000 0.618261 0.063333 0.604348 0.065556 0.595217 0.068889 0.592609
0 0.067778 0.601739 0.061111 0.605652 0.053333 0.614348 0.052222 0.619130 0.064444 0.624783 0.071111 0.625217 0.105556 0.623043 0.114444 0.619130 0.116667 0.614348 0.114444 0.607391 0.101111 0.603478 0.085556 0.600870
0 0.174444 0.573478 0.170000 0.578261 0.165556 0.580000 0.150000 0.582609 0.144444 0.585217 0.136667 0.590870 0.130000 0.600000 0.131111 0.603913 0.138889 0.610435 0.144444 0.612174 0.176667 0.615652 0.185556 0.614783 0.196667 0.610000 0.203333 0.601304 0.205556 0.589565 0.202222 0.585217 0.190000 0.580870 0.185556 0.575652
0 0.125556 0.624348 0.128889 0.629565 0.141111 0.637391 0.154444 0.641304 0.171111 0.641304 0.185556 0.637826 0.192222 0.634348 0.194444 0.630435 0.210000 0.628261 0.228889 0.618696 0.226667 0.615652 0.217778 0.613913 0.193333 0.613913 0.185556 0.615652 0.174444 0.616087 0.155556 0.613043 0.143333 0.613043 0.127778 0.618261
0 0.000000 0.620870 0.000000 0.651304 0.004444 0.651304 0.011111 0.653043 0.020000 0.653043 0.030000 0.651304 0.037778 0.648261 0.046667 0.639130 0.046667 0.633913 0.042222 0.630000 0.030000 0.624783 0.015556 0.621304
0 0.074444 0.625652 0.061111 0.630435 0.054444 0.636087 0.053333 0.639565 0.064444 0.644783 0.086667 0.650000 0.095556 0.650870 0.110000 0.648261 0.125556 0.641739 0.126667 0.634783 0.116667 0.629130 0.099667 0.623739
0 0.145556 0.640000 0.132222 0.641304 0.111111 0.649130 0.103333 0.655217 0.100000 0.661739 0.101111 0.670000 0.112222 0.673913 0.134444 0.676087 0.160000 0.674348 0.166667 0.671304 0.172222 0.665217 0.172222 0.659130 0.165556 0.647826 0.161111 0.644783
0 0.173333 0.642609 0.168889 0.650435 0.174444 0.657826 0.190000 0.654783 0.225556 0.656087 0.238889 0.650870 0.236667 0.644783 0.223333 0.638696 0.216667 0.637391 0.194444 0.636522
0 0.177778 0.657391 0.175556 0.659130 0.175556 0.664783 0.182222 0.674783 0.205556 0.686087 0.210000 0.686957 0.225556 0.686957 0.243333 0.682609 0.261111 0.673913 0.260000 0.669565 0.254444 0.665217 0.228889 0.657391 0.207778 0.655217 0.193333 0.655217
0 0.244444 0.617826 0.232222 0.620000 0.220000 0.623913 0.216667 0.628696 0.217778 0.633478 0.221111 0.636957 0.236667 0.644348 0.244444 0.646087 0.258889 0.645652 0.270000 0.643478 0.280000 0.640000 0.290000 0.630000 0.291111 0.626522 0.277778 0.621304
0 0.284444 0.642609 0.274444 0.642609 0.247778 0.647391 0.237778 0.652174 0.232222 0.658696 0.244444 0.661739 0.255556 0.666522 0.263333 0.674783 0.274444 0.673913 0.296667 0.668696 0.303333 0.665652 0.308889 0.660435 0.311111 0.653913 0.306667 0.650435 0.291111 0.643913
0 0.313333 0.668261 0.301111 0.668261 0.282222 0.671304 0.256667 0.681304 0.257778 0.686087 0.285556 0.696957 0.305556 0.698261 0.326667 0.694783 0.336667 0.689565 0.340000 0.685217 0.338889 0.675652 0.326667 0.670000
0 0.342222 0.675217 0.337778 0.690435 0.342222 0.695217 0.355556 0.699565 0.375556 0.700000 0.400000 0.698261 0.407778 0.696522 0.425556 0.689565 0.430000 0.686087 0.430000 0.684348 0.425556 0.682174 0.400000 0.674783 0.375556 0.671304 0.355556 0.671304
0 0.455556 0.648261 0.443333 0.648696 0.397778 0.661304 0.394444 0.663478 0.394444 0.670870 0.397778 0.673913 0.422222 0.680870 0.438889 0.681304 0.446667 0.680435 0.457778 0.677391 0.464444 0.673478 0.470000 0.657391 0.465556 0.650435
0 0.523333 0.626087 0.496667 0.634783 0.485556 0.643043 0.484444 0.646957 0.488889 0.651304 0.494444 0.653478 0.525556 0.656087 0.542222 0.653478 0.547778 0.650870 0.551111 0.646087 0.541111 0.638696 0.540000 0.630000 0.532222 0.626957
0 0.065556 0.646522 0.054444 0.646957 0.038889 0.649565 0.027778 0.656087 0.023333 0.662174 0.024444 0.666957 0.028889 0.671304 0.054444 0.677391 0.066667 0.676957 0.082222 0.674348 0.097778 0.669130 0.100000 0.666522 0.097778 0.654348 0.084444 0.651304 0.076667 0.648261
0 0.000000 0.653043 0.000000 0.678652 0.004222 0.676957 0.006667 0.675652 0.021111 0.669130 0.023333 0.666957 0.023333 0.661304 0.011111 0.654783 0.005556 0.653043
0 0.025556 0.671739 0.010000 0.674348 0.005556 0.677826 0.003667 0.678957 0.004222 0.683174 0.004000 0.686652 0.004222 0.688000 0.007778 0.694783 0.023333 0.698696 0.050000 0.696087 0.061111 0.690000 0.060000 0.684348 0.055556 0.679565 0.041111 0.674348
0 0.127778 0.676087 0.105556 0.673913 0.084444 0.674348 0.060000 0.677826 0.056667 0.681739 0.063333 0.690435 0.071111 0.695217 0.092222 0.701304 0.115556 0.700870 0.123333 0.699565 0.133333 0.693478 0.138889 0.685652 0.138889 0.681304 0.135556 0.678696
0 0.163333 0.676522 0.142222 0.683043 0.136667 0.689130 0.137778 0.695217 0.155556 0.703913 0.163333 0.705217 0.195556 0.706957 0.200000 0.704783 0.206667 0.694783 0.203333 0.685652 0.192222 0.679130 0.185556 0.676957 0.178889 0.676087
0 0.045556 0.696957 0.022222 0.699565 0.006667 0.708261 0.006667 0.725217 0.011111 0.729130 0.023333 0.731739 0.045556 0.732174 0.064444 0.729565 0.071111 0.726087 0.064444 0.705217 0.058889 0.700870
0 0.135556 0.703043 0.118889 0.700870 0.096667 0.701304 0.083333 0.703043 0.070000 0.707391 0.066667 0.711739 0.066667 0.716522 0.071111 0.722609 0.078889 0.727391 0.106667 0.729130 0.121111 0.724783 0.140000 0.709565 0.138889 0.704783
0 0.192222 0.706957 0.164444 0.705652 0.142222 0.709565 0.132222 0.713478 0.127778 0.717826 0.127778 0.722609 0.135556 0.728696 0.147778 0.733913 0.165556 0.734783 0.182222 0.729130 0.194444 0.721304 0.196667 0.708696
0 0.224444 0.686957 0.213333 0.690870 0.205556 0.697391 0.202222 0.706522 0.205556 0.712609 0.214444 0.717391 0.256667 0.719565 0.268889 0.716522 0.280000 0.710870 0.282222 0.706522 0.281111 0.697391 0.273333 0.691739 0.264444 0.688261 0.255556 0.686522 0.233333 0.686087
0 0.307778 0.698261 0.293333 0.706087 0.287778 0.711739 0.290000 0.716087 0.298889 0.720000 0.322222 0.726957 0.335556 0.726957 0.344444 0.724783 0.357778 0.724348 0.375556 0.727391 0.378889 0.720435 0.374444 0.716957 0.373333 0.708696 0.368889 0.705652 0.355556 0.700870 0.336667 0.697391 0.321111 0.696522
0 0.273333 0.715652 0.255556 0.721304 0.251111 0.723913 0.251111 0.729565 0.254444 0.734348 0.270000 0.740870 0.280000 0.741739 0.296667 0.741304 0.304444 0.743043 0.311111 0.742609 0.317778 0.732174 0.302889 0.721696 0.290778 0.717261 0.284000 0.715174
0 0.214444 0.717826 0.200000 0.720435 0.191111 0.723478 0.173333 0.733043 0.170000 0.736957 0.173333 0.739565 0.184444 0.743478 0.198889 0.746522 0.227778 0.747826 0.241111 0.745217 0.250000 0.740435 0.252222 0.736087 0.246667 0.723913 0.235556 0.719130
0 0.375556 0.728696 0.362222 0.726522 0.355556 0.724348 0.345556 0.725217 0.333333 0.727826 0.318889 0.734348 0.314444 0.739565 0.314444 0.743043 0.318889 0.748696 0.327778 0.750435 0.335556 0.749565 0.355556 0.749565 0.365556 0.747826 0.377778 0.742609 0.383333 0.737826 0.383333 0.733478
0 0.465556 0.700000 0.455556 0.698261 0.444444 0.698261 0.414444 0.704348 0.402222 0.710870 0.398889 0.716522 0.401111 0.719565 0.414444 0.723043 0.435556 0.725652 0.458889 0.724783 0.474444 0.721739 0.481111 0.717826 0.482222 0.712174 0.475556 0.703913
0 0.435556 0.682174 0.434444 0.686087 0.445556 0.689565 0.458889 0.697391 0.475556 0.701739 0.493333 0.701739 0.501111 0.700000 0.511111 0.694783 0.515556 0.685217 0.507778 0.681739 0.492222 0.677826 0.478889 0.676522 0.464444 0.676522
0 0.486667 0.655652 0.473333 0.659130 0.468889 0.662174 0.468889 0.671739 0.476667 0.675652 0.490000 0.677391 0.516667 0.683043 0.538889 0.673913 0.545556 0.665652 0.518889 0.656087 0.503333 0.654783
0 0.677778 0.644348 0.664444 0.639565 0.646667 0.637391 0.627778 0.638261 0.615556 0.641304 0.602222 0.650000 0.603333 0.657391 0.611111 0.665652 0.613333 0.666522 0.646667 0.667391 0.671111 0.662609 0.681111 0.658696 0.683333 0.650000
0 0.583333 0.621304 0.572222 0.623043 0.542222 0.634348 0.542222 0.639130 0.556667 0.646957 0.570000 0.650435 0.596667 0.651304 0.601111 0.650000 0.603333 0.643043 0.610000 0.639565 0.611111 0.632174 0.607778 0.626522 0.596667 0.622609
0 0.580000 0.615217 0.582222 0.619130 0.607778 0.626087 0.615556 0.634783 0.622222 0.636957 0.638889 0.636957 0.652222 0.635217 0.662222 0.630870 0.672222 0.623478 0.672222 0.618261 0.664444 0.613478 0.655556 0.611304 0.636667 0.609130 0.624444 0.609130 0.606667 0.610870 0.594444 0.610000
0 0.674444 0.623043 0.658889 0.633913 0.660000 0.637391 0.664444 0.639565 0.684444 0.645217 0.701111 0.646522 0.732222 0.644783 0.736667 0.643043 0.736667 0.634783 0.733333 0.630435 0.722222 0.623478 0.708889 0.620870 0.697778 0.620000 0.688889 0.620435
0 0.824444 0.641739 0.818889 0.649565 0.818889 0.653913 0.834444 0.667391 0.840000 0.670000 0.850000 0.671739 0.860000 0.671739 0.872222 0.670000 0.893333 0.662174 0.894444 0.658261 0.885556 0.649565 0.876667 0.644348 0.864444 0.640435 0.852222 0.640435 0.844444 0.642174
0 0.783333 0.650435 0.770000 0.652609 0.758889 0.656087 0.755556 0.666522 0.760000 0.670000 0.793333 0.680000 0.805556 0.686957 0.814444 0.685652 0.821111 0.682174 0.830000 0.670435 0.830000 0.664783 0.820000 0.655652 0.811111 0.651304 0.797778 0.650000
0 0.703333 0.646957 0.696667 0.648261 0.686667 0.652609 0.680000 0.660870 0.682222 0.666957 0.687778 0.671739 0.714444 0.680870 0.726667 0.680870 0.731111 0.679565 0.744444 0.670000 0.753333 0.666087 0.756667 0.660000 0.756667 0.654348 0.752222 0.650435 0.743333 0.647391 0.733333 0.646087
0 0.563333 0.673478 0.567778 0.677826 0.576667 0.681304 0.588889 0.690870 0.607778 0.695217 0.621111 0.696957 0.637778 0.696957 0.648889 0.695217 0.656667 0.691739 0.664444 0.682174 0.664444 0.676957 0.657778 0.672174 0.648889 0.669130 0.633333 0.667391 0.608889 0.666957
0 0.682222 0.671739 0.673333 0.673478 0.667778 0.677826 0.665556 0.682174 0.656667 0.690000 0.656667 0.693478 0.660000 0.698696 0.664444 0.700870 0.695556 0.702174 0.711111 0.700000 0.720000 0.696957 0.722222 0.688696 0.716667 0.683043 0.705556 0.677826 0.691111 0.673043
0 0.755556 0.669130 0.744444 0.670435 0.730000 0.680000 0.725556 0.684783 0.725556 0.696957 0.738889 0.702174 0.777778 0.700870 0.794444 0.696522 0.801111 0.691739 0.801111 0.685652 0.795556 0.681304 0.787778 0.677826
0 0.806667 0.692609 0.807778 0.695652 0.814444 0.698261 0.822222 0.700000 0.841111 0.701739 0.855556 0.701739 0.873333 0.698261 0.885556 0.698261 0.892222 0.694348 0.892222 0.692609 0.882222 0.684348 0.866667 0.678696 0.854444 0.676522 0.842222 0.676522 0.827778 0.679130 0.812222 0.686957
0 0.801111 0.705217 0.790000 0.702609 0.778889 0.701739 0.735556 0.703043 0.723333 0.706087 0.713333 0.712609 0.712222 0.720435 0.725556 0.727826 0.754444 0.727391 0.768889 0.728261 0.774444 0.729565 0.785556 0.728261 0.804444 0.719130 0.805556 0.712609
0 0.673333 0.701739 0.660000 0.702609 0.652222 0.705217 0.646667 0.709130 0.644444 0.715217 0.646667 0.720870 0.645556 0.726522 0.648889 0.731304 0.664444 0.735217 0.675556 0.736087 0.685556 0.732609 0.693333 0.731304 0.706667 0.725217 0.711111 0.720870 0.711111 0.712174 0.705556 0.707826 0.695556 0.704348
0 0.625556 0.703478 0.613333 0.703478 0.604444 0.705652 0.581111 0.715217 0.577778 0.719565 0.577778 0.724783 0.585556 0.727826 0.594444 0.729565 0.615556 0.730870 0.628889 0.730000 0.642222 0.726087 0.644444 0.722609 0.643333 0.716087 0.633333 0.706957
0 0.544444 0.672174 0.525556 0.678696 0.520000 0.682174 0.515556 0.689130 0.516667 0.694348 0.523333 0.696957 0.565556 0.700870 0.581111 0.696522 0.585556 0.693478 0.586667 0.689130 0.575556 0.680435 0.562222 0.675217
0 0.494444 0.702174 0.490000 0.711304 0.491111 0.716087 0.495556 0.720870 0.504444 0.723478 0.518889 0.724348 0.535556 0.722174 0.557778 0.721304 0.562222 0.719565 0.564444 0.715652 0.571111 0.713043 0.573333 0.708696 0.560000 0.702174 0.547778 0.699565 0.525556 0.697391 0.513333 0.697391
0 0.514444 0.727391 0.510000 0.731739 0.511111 0.740000 0.516667 0.744783 0.525556 0.748261 0.540000 0.750870 0.556667 0.750870 0.573333 0.748261 0.583333 0.745217 0.588889 0.741304 0.590000 0.736957 0.595556 0.731739 0.590000 0.728696 0.577778 0.725217 0.555556 0.722174 0.534444 0.722174 0.524444 0.723913
0 0.493333 0.732174 0.490000 0.728696 0.476667 0.726522 0.460000 0.726087 0.432222 0.728261 0.428889 0.729565 0.415556 0.731304 0.404444 0.736522 0.416667 0.742174 0.431111 0.743043 0.454444 0.746522 0.470000 0.746087 0.483333 0.744348 0.490000 0.740435 0.490000 0.735652
0 0.413333 0.743913 0.404444 0.745652 0.394444 0.749565 0.387778 0.755652 0.391111 0.766087 0.393333 0.768261 0.403333 0.771304 0.416667 0.770870 0.436667 0.772609 0.445556 0.770435 0.455556 0.765652 0.461111 0.760435 0.461111 0.754783 0.455556 0.749130 0.445556 0.746087 0.425556 0.743913
0 0.492222 0.754783 0.484444 0.759565 0.486667 0.763913 0.524444 0.778696 0.551111 0.780000 0.568889 0.779565 0.564444 0.775217 0.565556 0.763043 0.561111 0.758696 0.547778 0.753478 0.527778 0.749130 0.513333 0.749130 0.500000 0.751739
0 0.605556 0.753478 0.594444 0.753043 0.587778 0.756087 0.571111 0.760435 0.566667 0.763043 0.566667 0.776087 0.571111 0.779565 0.578889 0.782609 0.588889 0.783913 0.613333 0.782609 0.627778 0.780000 0.637778 0.776522 0.642222 0.772609 0.641111 0.768261 0.628889 0.759565 0.621111 0.756957 0.608889 0.755217
0 0.586667 0.743913 0.584444 0.748696 0.595556 0.750435 0.611111 0.755652 0.626667 0.758696 0.645556 0.760000 0.658889 0.759130 0.672222 0.756087 0.678889 0.746087 0.678889 0.741304 0.671111 0.736087 0.655556 0.733043 0.634444 0.733043 0.613333 0.735652 0.597778 0.741304
0 0.694444 0.736522 0.681111 0.741739 0.678889 0.748261 0.671111 0.755652 0.671111 0.760000 0.680000 0.763913 0.694444 0.766522 0.723333 0.765217 0.735556 0.761739 0.737778 0.760000 0.735556 0.753043 0.721111 0.743913 0.705556 0.737826
0 0.714444 0.731739 0.718889 0.743043 0.732222 0.749130 0.736667 0.753043 0.754444 0.756087 0.766667 0.755652 0.776667 0.753043 0.787778 0.743913 0.785556 0.736522 0.775556 0.731304 0.771111 0.730870 0.766667 0.728261 0.735556 0.728261
0 0.843333 0.717826 0.834444 0.716957 0.810000 0.718261 0.792222 0.724783 0.785556 0.733043 0.790000 0.743913 0.800000 0.746957 0.813333 0.748261 0.825556 0.747826 0.836667 0.744348 0.844444 0.740000 0.851111 0.732174 0.851111 0.727826
0 0.865556 0.717826 0.851111 0.717826 0.846667 0.720435 0.850000 0.727391 0.848889 0.736522 0.835556 0.745217 0.828889 0.747826 0.842222 0.752609 0.856667 0.753043 0.870000 0.748696 0.880000 0.746957 0.886667 0.744348 0.895556 0.736957 0.897778 0.730870 0.891111 0.723043 0.885556 0.720870
0 0.882222 0.746957 0.870000 0.748696 0.860000 0.752174 0.855556 0.763913 0.864444 0.772174 0.870000 0.773043 0.895556 0.773478 0.901111 0.768696 0.898889 0.753913 0.895556 0.749130 0.886667 0.746957
0 0.847778 0.753478 0.817778 0.753478 0.806667 0.755652 0.801111 0.759565 0.805556 0.776087 0.824444 0.785652 0.836667 0.785217 0.858889 0.775217 0.862222 0.772174 0.855556 0.763913 0.856667 0.755652
0 0.795556 0.751304 0.784444 0.750870 0.773333 0.755652 0.751111 0.756957 0.734444 0.762609 0.726667 0.766957 0.723333 0.773043 0.726667 0.780870 0.731111 0.783478 0.754444 0.789565 0.766667 0.790000 0.784444 0.787391 0.793333 0.783913 0.798889 0.780000 0.803333 0.774348 0.803333 0.766522 0.800000 0.763478 0.801111 0.755217
0 0.654444 0.769130 0.647778 0.772174 0.646667 0.776522 0.654444 0.783043 0.664444 0.786087 0.680000 0.786522 0.695556 0.790000 0.718889 0.782174 0.722222 0.780000 0.722222 0.770870 0.715556 0.768261 0.695556 0.767826 0.674444 0.765652
0 0.864444 0.774348 0.850000 0.778696 0.841111 0.783043 0.836667 0.789565 0.836667 0.793478 0.861111 0.800870 0.874444 0.802174 0.894444 0.801739 0.901111 0.800435 0.911111 0.795217 0.911111 0.786957 0.905556 0.780870 0.891111 0.774348
0 0.791111 0.789565 0.784444 0.794783 0.781111 0.807826 0.790000 0.813478 0.792222 0.819130 0.804444 0.822174 0.827778 0.822174 0.852222 0.817826 0.862222 0.813913 0.863333 0.806087 0.856667 0.800000 0.834444 0.792609 0.824444 0.792174 0.805556 0.789130
0 0.902222 0.810000 0.882222 0.809565 0.857778 0.815217 0.846667 0.819565 0.845556 0.822609 0.841111 0.825217 0.844444 0.829565 0.855556 0.834348 0.873333 0.838261 0.882222 0.838261 0.894444 0.836087 0.903333 0.830435 0.907778 0.825217 0.908889 0.816957 0.905556 0.810870
0 0.787778 0.824348 0.782222 0.826957 0.775556 0.833478 0.774444 0.838261 0.777778 0.840435 0.792222 0.846087 0.813333 0.850000 0.826667 0.850000 0.835556 0.847826 0.841111 0.844348 0.847778 0.834348 0.840000 0.826522 0.834444 0.824348 0.822222 0.822609 0.801111 0.822609
0 0.713333 0.785217 0.700000 0.790870 0.704444 0.800000 0.703333 0.808696 0.705556 0.810870 0.716667 0.813478 0.743333 0.813913 0.764444 0.810435 0.768889 0.808261 0.772222 0.801739 0.770000 0.797826 0.761111 0.791304 0.734444 0.784348
0 0.785556 0.810435 0.774444 0.809565 0.750000 0.813478 0.733333 0.814783 0.721111 0.819565 0.718889 0.826522 0.733333 0.831739 0.745556 0.839130 0.751111 0.840000 0.761111 0.839565 0.773333 0.836087 0.787778 0.821739 0.790000 0.814348
0 0.725556 0.828261 0.714444 0.829130 0.692222 0.839565 0.684444 0.845652 0.691111 0.850870 0.710000 0.851304 0.725556 0.850435 0.734444 0.848261 0.742222 0.844348 0.745556 0.837391 0.738889 0.833043
0 0.695556 0.810870 0.673333 0.810435 0.664444 0.811304 0.654444 0.813478 0.644444 0.817826 0.641111 0.821304 0.641111 0.826957 0.643333 0.830000 0.654444 0.834348 0.667778 0.836522 0.695556 0.834783 0.705556 0.830000 0.715556 0.827391 0.716667 0.821304 0.714444 0.818261 0.706667 0.813478
0 0.623333 0.798696 0.628889 0.803913 0.636667 0.807826 0.656667 0.810000 0.695556 0.809565 0.701111 0.807826 0.704444 0.804348 0.704444 0.800000 0.698889 0.793043 0.687778 0.788261 0.678889 0.786522 0.663333 0.786522 0.652222 0.788696 0.631111 0.794348
0 0.632222 0.805652 0.625556 0.800870 0.612222 0.796522 0.606667 0.795652 0.592222 0.795652 0.552222 0.807826 0.542222 0.813043 0.543333 0.817391 0.545556 0.818696 0.574444 0.823478 0.592222 0.823043 0.615556 0.820870 0.631111 0.814783 0.633333 0.810870
0 0.585556 0.792174 0.560000 0.784783 0.546667 0.784348 0.537778 0.785652 0.526667 0.790870 0.521111 0.795652 0.518889 0.805652 0.521111 0.810000 0.524444 0.811304 0.541111 0.810000 0.570000 0.803043 0.586667 0.796957 0.588889 0.794348
0 0.493333 0.770870 0.474444 0.773043 0.462222 0.777391 0.455556 0.783043 0.454444 0.788261 0.458889 0.795652 0.472222 0.801304 0.483333 0.803478 0.496667 0.803913 0.505556 0.803043 0.520000 0.799130 0.523333 0.793478 0.532222 0.787826 0.532222 0.785217 0.528889 0.780435 0.518889 0.776087 0.505556 0.772174
0 0.404444 0.771304 0.394444 0.773043 0.388889 0.775217 0.378889 0.783043 0.378889 0.787826 0.386667 0.793043 0.395556 0.796522 0.404444 0.798261 0.417778 0.797826 0.433333 0.795217 0.443333 0.790870 0.450000 0.783478 0.448889 0.779130 0.437778 0.773478 0.428889 0.771739
0 0.362222 0.750870 0.340000 0.750435 0.332222 0.751304 0.320000 0.754348 0.312222 0.759130 0.308889 0.765217 0.308889 0.772174 0.316667 0.777826 0.332222 0.783913 0.367778 0.780000 0.386667 0.771304 0.390000 0.767391 0.387778 0.759130 0.380000 0.754783
0 0.252222 0.741304 0.240000 0.746087 0.237778 0.748696 0.241111 0.751739 0.248889 0.754783 0.261111 0.764348 0.273333 0.766957 0.286667 0.766957 0.294444 0.765652 0.306667 0.760000 0.313333 0.753478 0.314444 0.747826 0.311111 0.745217 0.297778 0.742174 0.283333 0.742174 0.266667 0.740435
0 0.144444 0.733913 0.121111 0.741739 0.107778 0.756522 0.111111 0.760870 0.123333 0.766522 0.145556 0.768261 0.163333 0.764783 0.174444 0.763913 0.178889 0.762174 0.184444 0.750870 0.181111 0.743913 0.177778 0.741739 0.161111 0.736087
0 0.083333 0.728261 0.065556 0.731739 0.058889 0.736087 0.057778 0.744348 0.061111 0.750435 0.072222 0.756522 0.082222 0.757391 0.097778 0.756522 0.108889 0.753478 0.114444 0.750435 0.118889 0.744783 0.118889 0.738696 0.110000 0.732174 0.103333 0.730000
0 0.023333 0.732174 0.004444 0.737391 0.000000 0.737391 0.000000 0.751739 0.004444 0.751739 0.014444 0.754348 0.024444 0.759130 0.033111 0.762087 0.043778 0.760739 0.057889 0.760261 0.054444 0.753478 0.057778 0.750000 0.057778 0.743478 0.055556 0.739130 0.044444 0.734348 0.035556 0.732174
0 0.080000 0.758261 0.063333 0.764783 0.060000 0.768696 0.060000 0.772174 0.068889 0.780870 0.083333 0.786522 0.104444 0.788261 0.113333 0.790000 0.125556 0.789565 0.130000 0.787391 0.128889 0.781739 0.131111 0.774783 0.124444 0.768696 0.101111 0.757826 0.093333 0.756957
0 0.044444 0.776087 0.033333 0.775217 0.012222 0.776522 0.004444 0.778696 0.000000 0.778696 0.000000 0.807391 0.025556 0.808696 0.043333 0.804783 0.046667 0.803043 0.051111 0.796522 0.057778 0.791304 0.057778 0.786087 0.055556 0.782609
0 0.000000 0.752609 0.000000 0.774783 0.015556 0.774348 0.018889 0.773043 0.023333 0.767826 0.024444 0.759565 0.011111 0.753913 0.005556 0.752609
0 0.175556 0.765217 0.164444 0.764783 0.152222 0.767826 0.132222 0.779130 0.131111 0.784783 0.133333 0.787391 0.154444 0.790870 0.165556 0.790435 0.176667 0.787391 0.183333 0.783043 0.184444 0.773913 0.180000 0.767391
0 0.203333 0.748261 0.191111 0.750870 0.186667 0.753043 0.178889 0.763478 0.187778 0.774783 0.192222 0.776957 0.200000 0.777826 0.234444 0.776957 0.251111 0.771739 0.255556 0.768261 0.256667 0.763043 0.254444 0.759565 0.246667 0.754348 0.232222 0.750000 0.217778 0.748261
0 0.111111 0.790435 0.085556 0.787391 0.073333 0.788261 0.063333 0.790435 0.055556 0.793913 0.051111 0.799565 0.050000 0.806522 0.053333 0.809565 0.074444 0.813478 0.105556 0.812174 0.112222 0.810870 0.118889 0.806957 0.121111 0.794348
0 0.000000 0.810000 0.000000 0.835217 0.018889 0.834783 0.050000 0.830870 0.056667 0.827391 0.058889 0.822174 0.056667 0.819565 0.046667 0.815217 0.022222 0.810000
0 0.116000 0.811870 0.074444 0.814783 0.062222 0.818261 0.058889 0.821739 0.058889 0.826957 0.063333 0.831304 0.074444 0.837391 0.088889 0.839130 0.102222 0.838696 0.115556 0.833913 0.125556 0.827391 0.127778 0.824783 0.127778 0.817826
0 0.254444 0.771739 0.251111 0.777391 0.253333 0.783043 0.260000 0.787391 0.271111 0.791304 0.292222 0.791739 0.311111 0.788696 0.315556 0.786957 0.315556 0.783043 0.305556 0.770870 0.286667 0.767826 0.274444 0.767391 0.260000 0.769565
0 0.248889 0.780870 0.232222 0.778261 0.207778 0.778696 0.193333 0.780870 0.184444 0.783913 0.172222 0.790870 0.173333 0.795217 0.194444 0.803043 0.202222 0.803043 0.213333 0.801304 0.233333 0.801304 0.243333 0.799130 0.251111 0.795652 0.255556 0.795217 0.260000 0.791739 0.257778 0.786522
0 0.125556 0.796087 0.120000 0.800000 0.121111 0.811304 0.134444 0.817391 0.142222 0.819130 0.167778 0.819130 0.185556 0.814783 0.192222 0.810435 0.193333 0.806087 0.174444 0.795652 0.160000 0.792609 0.144444 0.792174 0.136667 0.794783
0 0.238889 0.804783 0.228889 0.802609 0.216667 0.801739 0.205556 0.802609 0.197778 0.804783 0.190000 0.813913 0.188889 0.823913 0.192222 0.826522 0.210000 0.826957 0.224667 0.826304 0.237778 0.825217 0.246667 0.823913 0.250000 0.820870 0.256667 0.818261 0.255556 0.813913
0 0.264444 0.793043 0.257778 0.794348 0.246667 0.798696 0.243333 0.801739 0.244444 0.806522 0.261111 0.819130 0.272222 0.820435 0.294444 0.819565 0.308889 0.815217 0.314444 0.810870 0.316667 0.806957 0.314444 0.798696 0.307778 0.795217 0.295556 0.793043
0 0.366667 0.781739 0.352222 0.781739 0.333333 0.785217 0.316667 0.792609 0.315556 0.796522 0.321111 0.806957 0.334444 0.811304 0.355556 0.811739 0.377778 0.807826 0.386667 0.802609 0.388889 0.794783 0.376667 0.785217
0 0.405556 0.799565 0.388889 0.807391 0.388889 0.811739 0.400000 0.816957 0.420000 0.820000 0.440000 0.826087 0.446667 0.826522 0.463333 0.824348 0.472222 0.819565 0.476667 0.811304 0.475556 0.806087 0.471111 0.801739 0.456667 0.797391 0.432222 0.796087
0 0.494444 0.810435 0.484444 0.811304 0.480000 0.813043 0.468889 0.822174 0.468889 0.837391 0.483333 0.845217 0.507778 0.845652 0.528889 0.842609 0.534444 0.840435 0.537778 0.836087 0.537778 0.830870 0.524444 0.820870 0.512222 0.815652 0.504444 0.814348
0 0.605556 0.823478 0.581111 0.823913 0.570000 0.825217 0.561111 0.827391 0.554444 0.827826 0.541111 0.833043 0.535556 0.837391 0.533333 0.842174 0.551111 0.850870 0.568889 0.854783 0.578889 0.855217 0.595556 0.853478 0.610000 0.850435 0.617778 0.845652 0.625556 0.836087 0.625556 0.832609 0.615556 0.826957
0 0.630000 0.837826 0.611111 0.849130 0.617778 0.854783 0.634444 0.861739 0.640000 0.862609 0.667778 0.863043 0.681111 0.861739 0.684444 0.858696 0.680000 0.845652 0.672222 0.841304 0.655556 0.836957 0.644444 0.836522
0 0.761111 0.853043 0.738889 0.850870 0.724444 0.850870 0.707778 0.852609 0.700000 0.854348 0.693333 0.857826 0.693333 0.865217 0.713333 0.873043 0.725556 0.872609 0.750000 0.868261 0.761111 0.861304
0 0.757778 0.849565 0.762222 0.854348 0.755556 0.866957 0.756667 0.870435 0.773333 0.874783 0.793333 0.877391 0.814444 0.873913 0.827778 0.865217 0.830000 0.856957 0.826667 0.854783 0.815556 0.850870 0.795556 0.847391 0.774444 0.846957
0 0.874444 0.840435 0.861111 0.841739 0.836222 0.849957 0.826556 0.857217 0.828889 0.864696 0.838222 0.867130 0.852222 0.869565 0.875556 0.871739 0.885556 0.869565 0.891778 0.864478 0.895556 0.859565 0.892222 0.857391 0.885556 0.841739
0 0.380000 0.820000 0.373333 0.822609 0.367778 0.829130 0.367778 0.834348 0.373333 0.839130 0.383333 0.842609 0.403333 0.846087 0.418889 0.845217 0.427778 0.843478 0.440000 0.838261 0.441111 0.833913 0.436667 0.826087 0.425556 0.821739 0.415556 0.819565 0.393333 0.818696
0 0.347778 0.813043 0.335556 0.813478 0.331111 0.814783 0.306667 0.817391 0.288889 0.825217 0.285556 0.829565 0.286667 0.836522 0.292222 0.840435 0.302222 0.843478 0.314444 0.845652 0.328889 0.845652 0.346667 0.843478 0.361111 0.838696 0.364444 0.834783 0.364444 0.823478 0.354444 0.818696 0.352222 0.814783
0 0.255556 0.825217 0.214444 0.827391 0.203333 0.831739 0.201111 0.833478 0.201111 0.839130 0.214444 0.847826 0.226667 0.850000 0.260000 0.846087 0.266667 0.844348 0.272222 0.838696 0.272222 0.834783 0.266667 0.829565
0 0.295556 0.847391 0.272222 0.844783 0.241111 0.848261 0.232222 0.850870 0.232222 0.861739 0.254444 0.871304 0.265556 0.871739 0.275556 0.870435 0.293333 0.861304 0.300000 0.854783 0.300000 0.849130
0 0.347778 0.859130 0.335556 0.857391 0.314444 0.857391 0.298889 0.859565 0.277778 0.868696 0.274444 0.880435 0.277778 0.884348 0.303333 0.889565 0.314444 0.889565 0.346667 0.883043 0.361111 0.876957 0.362222 0.869565 0.360000 0.864348
0 0.324444 0.847826 0.323333 0.850000 0.330000 0.851304 0.340000 0.856522 0.360000 0.862174 0.374444 0.864348 0.386667 0.863913 0.394444 0.862174 0.404333 0.857652 0.410889 0.852783 0.409778 0.846870 0.375556 0.841739 0.364444 0.841304 0.352222 0.843043 0.343333 0.845652
0 0.468889 0.838261 0.465556 0.837391 0.448889 0.837391 0.415556 0.847391 0.412222 0.853043 0.406667 0.857391 0.406667 0.862174 0.411111 0.864348 0.423333 0.866087 0.446667 0.865652 0.467778 0.860435 0.481111 0.855217 0.484444 0.851739 0.483333 0.846087
0 0.372222 0.865217 0.363333 0.875652 0.362222 0.880870 0.366667 0.885217 0.377778 0.889565 0.383333 0.890435 0.405556 0.890000 0.427778 0.881304 0.430000 0.873478 0.425556 0.869565 0.415556 0.866087
0 0.475556 0.857391 0.440000 0.867391 0.438889 0.873913 0.446667 0.879565 0.458889 0.885217 0.473333 0.888261 0.486667 0.888261 0.494444 0.886522 0.508889 0.880435 0.517778 0.873478 0.518889 0.866522 0.515556 0.862609 0.498889 0.857826
0 0.574444 0.856522 0.561111 0.861739 0.558889 0.864783 0.563333 0.875217 0.577778 0.878696 0.586667 0.882174 0.595556 0.883478 0.605556 0.883913 0.615556 0.883043 0.630000 0.880435 0.636667 0.877391 0.640000 0.872609 0.634444 0.863913 0.625556 0.858261 0.616667 0.855217 0.607778 0.853913 0.594444 0.853913
0 0.510000 0.883478 0.508889 0.885652 0.515556 0.892609 0.544444 0.901739 0.556667 0.903478 0.567778 0.903478 0.578889 0.899565 0.584444 0.893043 0.585556 0.884348 0.582222 0.880435 0.575556 0.877826 0.564444 0.875652 0.542222 0.875652 0.530000 0.877391 0.520000 0.881304
0 0.601111 0.884783 0.590000 0.888261 0.582222 0.896087 0.581111 0.900435 0.591111 0.905217 0.598000 0.908043 0.606667 0.909130 0.630000 0.909565 0.635556 0.908696 0.655556 0.900435 0.655556 0.892609 0.627778 0.884348 0.610000 0.883913
0 0.663333 0.864783 0.643333 0.871739 0.638889 0.874783 0.635556 0.879130 0.637778 0.885217 0.653333 0.890870 0.658889 0.894783 0.668889 0.897826 0.691111 0.900000 0.706667 0.900000 0.717778 0.898261 0.725556 0.892609 0.728889 0.885217 0.718889 0.875652 0.694444 0.866087 0.677778 0.863913
0 0.800000 0.879130 0.800000 0.884348 0.807778 0.889130 0.834444 0.891304 0.853333 0.897391 0.866667 0.896522 0.877778 0.891739 0.882222 0.885217 0.882222 0.876087 0.875556 0.872609 0.851111 0.870870 0.827778 0.872174 0.814444 0.874348
0 0.724444 0.873043 0.721111 0.876957 0.728889 0.883043 0.727778 0.893478 0.737778 0.899565 0.753333 0.901304 0.771111 0.901304 0.782222 0.899130 0.798889 0.892174 0.800000 0.885217 0.796667 0.881739 0.790000 0.878696 0.751111 0.870870 0.744444 0.870435
0 0.845556 0.894783 0.832222 0.892174 0.816667 0.891304 0.795556 0.892609 0.784444 0.896522 0.781111 0.904783 0.790000 0.909130 0.804444 0.913043 0.821111 0.912174 0.845556 0.908261 0.855556 0.904783 0.854444 0.900435
0 0.878889 0.915217 0.875556 0.914348 0.864444 0.914348 0.860000 0.911739 0.846667 0.910000 0.815556 0.912609 0.806667 0.914783 0.794444 0.920000 0.794444 0.928696 0.804444 0.935217 0.814444 0.938261 0.825556 0.940000 0.841111 0.939565 0.847778 0.937391 0.865556 0.934348 0.876667 0.929130 0.885556 0.920000
0 0.738889 0.900870 0.726667 0.902609 0.713333 0.907826 0.713333 0.920870 0.711111 0.924348 0.715556 0.927391 0.724444 0.930435 0.734444 0.932174 0.745556 0.932609 0.778889 0.927826 0.791111 0.922174 0.794444 0.915652 0.784444 0.907391 0.773333 0.903043 0.757778 0.901304
0 0.667778 0.899565 0.660000 0.901304 0.648889 0.906957 0.647778 0.912174 0.654444 0.918696 0.661111 0.922174 0.684444 0.926957 0.695556 0.926522 0.707778 0.924348 0.712222 0.920435 0.712222 0.913913 0.710000 0.910000 0.700000 0.903043 0.685556 0.899565
0 0.902222 0.938261 0.888889 0.934348 0.874444 0.933043 0.862222 0.934348 0.844444 0.939565 0.833333 0.941304 0.821111 0.946087 0.820889 0.948913 0.823000 0.956870 0.823556 0.958783 0.832000 0.960783 0.844444 0.963478 0.855556 0.966087 0.895556 0.958696 0.905556 0.953913 0.908889 0.950000 0.907778 0.943043
0 0.786667 0.930000 0.768889 0.929565 0.740000 0.933913 0.726667 0.939130 0.721111 0.943043 0.733333 0.954783 0.748889 0.961304 0.754444 0.962174 0.775556 0.962174 0.784444 0.960870 0.813333 0.950870 0.817778 0.947391 0.815556 0.942609 0.803333 0.935217
0 0.515556 0.894348 0.494444 0.894783 0.478889 0.900000 0.474444 0.906522 0.473333 0.913043 0.482222 0.917826 0.494444 0.920870 0.515556 0.920870 0.523333 0.920000 0.545556 0.912174 0.545556 0.906087 0.542222 0.901739 0.535556 0.898696
0 0.414444 0.888261 0.407778 0.891739 0.404444 0.896087 0.408889 0.904348 0.424444 0.913478 0.440000 0.916522 0.455556 0.916522 0.471111 0.908696 0.475556 0.898696 0.474444 0.892174 0.465556 0.887391 0.455556 0.886087 0.430000 0.886087
0 0.386667 0.892174 0.380000 0.892174 0.368889 0.895217 0.358889 0.896522 0.362222 0.903913 0.354444 0.907826 0.348889 0.916957 0.348889 0.921304 0.355556 0.927391 0.361111 0.930000 0.372222 0.932609 0.396667 0.931739 0.411111 0.928696 0.420000 0.925652 0.425556 0.920870 0.423333 0.912174 0.414444 0.908696 0.410000 0.905217 0.388889 0.899565 0.385556 0.896522
0 0.280000 0.900435 0.276667 0.903478 0.277778 0.912609 0.295556 0.919130 0.307778 0.919130 0.326667 0.917391 0.334444 0.920435 0.345556 0.919565 0.350000 0.913478 0.350000 0.907391 0.341111 0.900000 0.331111 0.895217 0.317778 0.893043 0.305556 0.893043 0.292222 0.896087
0 0.326667 0.917391 0.315556 0.917826 0.297778 0.921304 0.285556 0.926957 0.278889 0.935217 0.280000 0.940000 0.287778 0.943913 0.302222 0.947391 0.326667 0.947826 0.335556 0.946087 0.343333 0.943043 0.347778 0.939130 0.345556 0.928696 0.335556 0.921304
0 0.235556 0.905217 0.222222 0.907826 0.212222 0.912174 0.211111 0.916957 0.214444 0.922609 0.224444 0.928261 0.260000 0.936957 0.265556 0.937391 0.272222 0.935652 0.277778 0.932174 0.280000 0.923043 0.275556 0.913043 0.268889 0.907391 0.256667 0.904348
0 0.156667 0.902174 0.153333 0.903478 0.145556 0.912609 0.147778 0.928261 0.156667 0.933043 0.166667 0.935217 0.195556 0.934348 0.211111 0.927826 0.212222 0.923478 0.204444 0.910870 0.185556 0.902609 0.177778 0.901739
0 0.213333 0.928696 0.207778 0.930000 0.191111 0.942609 0.187778 0.952609 0.188889 0.959565 0.192222 0.962609 0.208889 0.967826 0.240000 0.967826 0.254444 0.965652 0.266667 0.959565 0.268889 0.951739 0.266667 0.947391 0.260000 0.941304 0.248889 0.936522 0.225556 0.929130
0 0.278889 0.953478 0.276667 0.956087 0.276667 0.963913 0.281111 0.966957 0.288889 0.969130 0.325556 0.968696 0.335556 0.966522 0.340000 0.963478 0.342222 0.953913 0.335556 0.950435 0.304444 0.948261 0.294444 0.949130
0 0.415556 0.930435 0.402222 0.931304 0.391111 0.933478 0.384444 0.935652 0.374444 0.943043 0.384444 0.955217 0.395556 0.959130 0.421111 0.959565 0.442222 0.955652 0.450000 0.952609 0.454444 0.948696 0.453333 0.943478 0.437778 0.936087
0 0.381111 0.962609 0.374444 0.965652 0.370000 0.973913 0.371111 0.979565 0.375556 0.982174 0.385556 0.984783 0.413333 0.987826 0.428889 0.987826 0.443333 0.986522 0.450000 0.981304 0.455556 0.979565 0.456667 0.972174 0.442222 0.965652 0.425556 0.961739 0.416667 0.960870 0.402222 0.961304 0.394444 0.960435
0 0.508889 0.951739 0.501111 0.949565 0.488889 0.948261 0.475556 0.948696 0.458889 0.950870 0.437778 0.958696 0.437778 0.963043 0.454444 0.969130 0.463333 0.970435 0.477778 0.969565 0.496667 0.970435 0.505556 0.969130 0.514444 0.964348 0.514444 0.959565
0 0.474444 0.970000 0.465556 0.972609 0.454444 0.982174 0.454444 0.986522 0.458889 0.990435 0.468889 0.994348 0.473333 0.995217 0.495556 0.995652 0.512222 0.990435 0.513333 0.984348 0.510000 0.975217 0.490000 0.970000
0 0.453333 0.923043 0.444444 0.926957 0.440000 0.931304 0.442222 0.936522 0.458889 0.943913 0.474444 0.947391 0.494444 0.946957 0.505556 0.948696 0.508889 0.947391 0.508889 0.943478 0.513333 0.940435 0.511111 0.931739 0.505556 0.927826 0.494444 0.922609 0.475556 0.919130 0.465556 0.920000
0 0.546667 0.914783 0.535556 0.916957 0.517778 0.923043 0.512222 0.926957 0.512222 0.928696 0.516667 0.933043 0.535556 0.940000 0.565556 0.940435 0.575556 0.937826 0.585556 0.929565 0.585556 0.922174 0.580000 0.918261 0.570000 0.915217
0 0.583444 0.910522 0.579889 0.916174 0.590000 0.930870 0.601111 0.935652 0.616667 0.936957 0.623333 0.935652 0.650000 0.923913 0.655667 0.921217 0.652222 0.918826 0.648889 0.916087 0.638889 0.911739 0.632222 0.910870
0 0.674444 0.925217 0.665556 0.923478 0.648889 0.924783 0.621111 0.936522 0.617778 0.938696 0.616667 0.943913 0.627778 0.950000 0.642222 0.952174 0.657778 0.952174 0.674444 0.949565 0.688889 0.945217 0.694444 0.939565 0.693333 0.936087 0.687778 0.930870
0 0.644444 0.953043 0.627778 0.951739 0.613333 0.952174 0.595556 0.956087 0.578889 0.966522 0.580000 0.970870 0.584444 0.975217 0.597778 0.978261 0.617778 0.980000 0.642222 0.976522 0.655556 0.973043 0.658889 0.971304 0.657778 0.959565
0 0.740000 0.969565 0.735556 0.966957 0.717778 0.966087 0.703333 0.966522 0.697778 0.967826 0.684444 0.968696 0.674444 0.970870 0.664444 0.978696 0.673333 0.979130 0.688889 0.981739 0.711111 0.988261 0.722222 0.988261 0.735556 0.986087 0.738889 0.983478 0.742222 0.977391
0 0.706667 0.941739 0.694444 0.940870 0.690000 0.945217 0.680000 0.949130 0.665556 0.952609 0.663333 0.954783 0.664444 0.967826 0.678889 0.969130 0.695556 0.967391 0.714444 0.964348 0.728889 0.959130 0.731111 0.953913 0.724444 0.950870 0.723333 0.947391
0 0.813333 0.951304 0.781111 0.962174 0.781111 0.969130 0.804444 0.976957 0.827778 0.978696 0.840000 0.976087 0.844444 0.970870 0.845556 0.965217 0.843333 0.963043 0.828889 0.961739 0.822222 0.959565 0.820000 0.952609 0.817778 0.951304
0 0.895556 0.961739 0.874444 0.962174 0.847778 0.966522 0.845556 0.970870 0.841111 0.973913 0.841111 0.978696 0.853333 0.983043 0.874444 0.987391 0.885556 0.987826 0.894444 0.986087 0.904444 0.982609 0.914444 0.974783 0.905556 0.964783
0 0.753333 0.973478 0.744444 0.977391 0.741111 0.981739 0.742222 0.986522 0.774444 0.996957 0.788889 0.997826 0.790000 1.000000 0.807778 1.000000 0.807778 0.998261 0.816667 0.993478 0.808889 0.981304 0.802222 0.976087 0.788889 0.971739 0.777778 0.970435 0.765556 0.970870
0 0.703333 0.997826 0.703333 1.000000 0.766667 1.000000 0.762222 0.993478 0.754444 0.990000 0.746667 0.988261 0.733333 0.988261 0.713333 0.990000
0 0.638889 0.980435 0.635556 0.984783 0.635556 0.991304 0.641111 1.000000 0.702222 1.000000 0.707778 0.990000 0.697778 0.984348 0.663333 0.977826 0.650000 0.977826
0 0.563333 0.989565 0.562222 0.995217 0.564444 1.000000 0.632222 1.000000 0.633333 0.993913 0.628889 0.987391 0.615556 0.981739 0.595556 0.979130 0.584444 0.979565 0.574444 0.982609
0 0.561111 0.993043 0.544444 0.986957 0.536667 0.986087 0.524444 0.986522 0.500000 0.994783 0.497778 1.000000 0.562222 1.000000
0 0.363333 0.993913 0.364444 1.000000 0.427778 1.000000 0.427778 0.996957 0.424444 0.994348 0.411111 0.989565 0.394444 0.986957 0.384444 0.986522 0.371111 0.988261 0.366667 0.990000
0 0.276667 0.974783 0.272222 0.979565 0.270000 0.987391 0.274444 0.992174 0.287778 0.995652 0.307778 0.997826 0.328889 0.997391 0.337778 0.996087 0.346667 0.991739 0.361111 0.990435 0.361111 0.986087 0.354444 0.982174 0.352222 0.975217 0.343333 0.972609 0.302222 0.970435 0.285556 0.971739
0 0.534444 0.941304 0.522222 0.943913 0.516667 0.946522 0.513333 0.951739 0.521111 0.963478 0.531111 0.967826 0.546667 0.970870 0.557778 0.970870 0.571111 0.968261 0.580000 0.964783 0.594444 0.955217 0.596667 0.949565 0.587778 0.944348 0.573333 0.942174
0 0.204444 0.968696 0.195556 0.973913 0.194444 0.983043 0.200000 0.988261 0.213333 0.993913 0.223333 0.995652 0.233333 0.994783 0.252222 0.990870 0.268889 0.983913 0.268889 0.978261 0.256667 0.973043 0.231111 0.968696
0 0.281111 0.997391 0.265556 0.990435 0.244444 0.990870 0.233333 0.993913 0.225556 0.997391 0.225556 1.000000 0.281111 1.000000
0 0.132222 0.996087 0.132222 1.000000 0.210000 1.000000 0.210000 0.993913 0.204444 0.990870 0.193333 0.987826 0.178889 0.986087 0.154444 0.985652 0.138889 0.990000
0 0.145556 0.952609 0.131111 0.953478 0.106667 0.959565 0.098889 0.963043 0.095556 0.966087 0.097778 0.974783 0.101111 0.977391 0.113333 0.981304 0.134444 0.983478 0.150000 0.983043 0.162222 0.980435 0.175556 0.974783 0.178889 0.966087 0.177778 0.960000 0.158889 0.954348
0 0.061111 0.976957 0.054444 0.980000 0.048889 0.985652 0.051111 0.994783 0.053333 0.997391 0.056667 0.998261 0.056667 1.000000 0.113333 1.000000 0.113333 0.998261 0.118889 0.994783 0.118889 0.989565 0.114444 0.985217 0.105556 0.981739 0.102222 0.978696 0.085556 0.973478 0.074444 0.973913 0.070000 0.976087
0 0.000000 0.982174 0.000000 1.000000 0.017778 1.000000 0.017778 0.990000 0.005556 0.982174
0 0.074444 0.950000 0.053333 0.950000 0.035556 0.953478 0.014444 0.966087 0.017778 0.970870 0.032222 0.974783 0.054444 0.976957 0.068889 0.975652 0.081111 0.973043 0.092222 0.966957 0.092222 0.962174 0.085556 0.953478
0 0.000000 0.929130 0.000000 0.961739 0.008889 0.961739 0.023333 0.960000 0.027778 0.956087 0.035556 0.952609 0.036667 0.943478 0.025556 0.935217 0.005556 0.929130
0 0.103333 0.904348 0.085556 0.906522 0.076667 0.912174 0.076667 0.916522 0.081111 0.927391 0.090000 0.933478 0.101111 0.936087 0.115556 0.937391 0.124444 0.936087 0.135556 0.932174 0.142222 0.928261 0.144444 0.923913 0.142222 0.911304 0.136667 0.906522 0.125556 0.904348
0 0.000000 0.911739 0.000000 0.926087 0.004444 0.926087 0.025556 0.935217 0.037778 0.936957 0.055556 0.937391 0.078889 0.927826 0.077778 0.919565 0.070000 0.911739 0.057778 0.907826 0.048889 0.906522 0.030000 0.906522 0.015556 0.907826 0.004444 0.911739
0 0.000000 0.882609 0.000000 0.909130 0.005556 0.909130 0.027778 0.904783 0.033333 0.899565 0.034444 0.895652 0.027778 0.887391 0.015556 0.883913
0 0.105556 0.876087 0.096667 0.874783 0.072222 0.875217 0.041111 0.880870 0.037778 0.882174 0.035556 0.887391 0.035556 0.893478 0.038889 0.899565 0.057778 0.904783 0.084444 0.906087 0.110000 0.901739 0.123333 0.896957 0.123333 0.887826 0.120000 0.883043
0 0.154444 0.867826 0.152222 0.870870 0.143333 0.874348 0.133333 0.880435 0.134444 0.884783 0.131111 0.888261 0.132222 0.894348 0.134444 0.896957 0.144444 0.899565 0.176667 0.899565 0.185556 0.896522 0.190000 0.891739 0.187778 0.881304 0.177778 0.873478
0 0.200000 0.873478 0.196667 0.876087 0.195556 0.881739 0.197778 0.886957 0.202222 0.889130 0.217778 0.892609 0.228889 0.893913 0.244444 0.893913 0.265556 0.892174 0.268889 0.890870 0.271111 0.884783 0.267778 0.879565 0.258889 0.873478 0.240000 0.866957 0.225556 0.866087 0.218889 0.868261 0.211111 0.869130
0 0.184444 0.843913 0.171111 0.846522 0.162222 0.852609 0.161111 0.858261 0.173333 0.865652 0.188889 0.868261 0.195556 0.870870 0.205556 0.868261 0.217778 0.866957 0.222222 0.865217 0.226667 0.860870 0.226667 0.852609 0.215556 0.848696 0.200000 0.845217
0 0.118889 0.846087 0.104444 0.846957 0.096667 0.848696 0.087778 0.853478 0.084444 0.859565 0.085556 0.865652 0.091111 0.870435 0.102222 0.874783 0.114444 0.876087 0.133333 0.873913 0.144444 0.870870 0.151111 0.867391 0.154444 0.863043 0.152222 0.856957 0.146667 0.852609 0.135556 0.848261
0 0.033333 0.837391 0.023333 0.840435 0.018889 0.844348 0.021111 0.853043 0.041111 0.865217 0.062222 0.869565 0.078889 0.869130 0.086667 0.852174 0.086667 0.848696 0.081111 0.842609 0.065556 0.836522
0 0.000000 0.848696 0.000000 0.881739 0.025556 0.881304 0.037778 0.876522 0.038889 0.864783 0.025556 0.854783 0.011111 0.852174 0.005556 0.848696
0 0.194444 0.833913 0.186667 0.827391 0.174444 0.821739 0.168889 0.820870 0.153333 0.821304 0.134444 0.824783 0.128889 0.826957 0.115556 0.835652 0.112222 0.841739 0.114444 0.843913 0.122222 0.844348 0.137778 0.847826 0.162222 0.847391 0.186667 0.843043 0.194444 0.838696
0 0.078889 0.426522 0.066667 0.423043 0.053333 0.423043 0.044444 0.424783 0.027778 0.431304 0.006667 0.443478 0.005556 0.448696 0.007778 0.451739 0.016667 0.453043 0.045556 0.453043 0.056667 0.452174 0.085556 0.445217 0.091111 0.442174 0.091111 0.435652
0 0.035556 0.452609 0.013333 0.453043 0.004444 0.457391 0.000000 0.457391 0.000000 0.467391 0.000000 0.471348 0.005556 0.475217 0.008889 0.477826 0.016667 0.479130 0.028889 0.479565 0.038889 0.478261 0.051111 0.470435 0.063333 0.466957 0.062222 0.462609 0.057778 0.459565 0.043333 0.453913