0 0.438877 0.236359 0.434471 0.237847 0.430066 0.240823 0.428414 0.245288 0.429515 0.248512 0.432819 0.251736 0.439427 0.253720 0.448238 0.252976 0.456498 0.251240 0.460903 0.247768 0.459251 0.243552 0.454846 0.240079 0.448789 0.238095
0 0.433921 0.219990 0.428414 0.219990 0.421256 0.221230 0.414648 0.224454 0.411344 0.228423 0.412445 0.230655 0.416300 0.232639 0.430066 0.235367 0.441630 0.233631 0.448238 0.229415 0.448238 0.225694 0.446586 0.223710 0.440529 0.220734
0 0.395925 0.228919 0.387115 0.229911 0.381057 0.232391 0.377753 0.235367 0.377753 0.242063 0.383260 0.243800 0.387665 0.244048 0.395925 0.242560 0.403084 0.240327 0.406388 0.237847 0.406938 0.232391
0 0.405286 0.248760 0.394824 0.247024 0.384912 0.248512 0.379956 0.250248 0.376652 0.254960 0.376652 0.257440 0.379405 0.260913 0.382159 0.262153 0.386013 0.262897 0.397026 0.263145 0.402533 0.261905 0.408040 0.259177 0.410242 0.254960 0.408590 0.250992
0 0.299009 0.214286 0.291300 0.216022 0.288546 0.217262 0.285793 0.220238 0.287445 0.224702 0.295154 0.228671 0.299009 0.229663 0.308921 0.229167 0.317731 0.225446 0.319934 0.220486 0.317731 0.218254 0.311123 0.215774 0.306167 0.214782
0 0.247797 0.208085 0.243943 0.209325 0.237885 0.212798 0.237335 0.217758 0.238987 0.220486 0.244493 0.223710 0.255507 0.226438 0.264868 0.225942 0.268172 0.224454 0.271476 0.220486 0.272026 0.215526 0.270374 0.212798 0.260463 0.208085 0.257159 0.207589
0 0.281938 0.196925 0.278084 0.200149 0.276982 0.205357 0.283590 0.209077 0.290198 0.210069 0.299559 0.209821 0.311123 0.205109 0.310022 0.200645 0.300661 0.196181 0.291300 0.196181
0 0.130507 0.161954 0.124449 0.165427 0.125000 0.169395 0.127203 0.171379 0.135463 0.174851 0.144273 0.175347 0.151432 0.173859 0.157489 0.170387 0.157489 0.167163 0.155286 0.164931 0.144824 0.161706 0.133811 0.161210
0 0.882159 0.282242 0.868117 0.286210 0.866465 0.292287 0.870044 0.297669 0.875551 0.301463 0.885022 0.301984 0.892070 0.301091 0.903084 0.298859 0.903634 0.290427 0.900330 0.286706 0.891520 0.283234
0 0.926762 0.270337 0.916850 0.270585 0.911178 0.271429 0.905011 0.273388 0.900606 0.278770 0.902753 0.281870 0.906553 0.284449 0.917236 0.285962 0.926211 0.285218 0.930617 0.283234 0.935573 0.279266 0.937225 0.276042 0.936123 0.273313 0.932269 0.271329
0 0.848018 0.285466 0.834912 0.285640 0.826211 0.290848 0.826432 0.297272 0.833150 0.299603 0.837555 0.301587 0.840859 0.302083 0.848568 0.302331 0.856278 0.300595 0.859031 0.299355 0.862885 0.295387 0.863436 0.290923 0.855176 0.286706
0 0.795705 0.282738 0.784692 0.285714 0.782489 0.287698 0.781388 0.291667 0.785793 0.296577 0.795154 0.298611 0.804515 0.298363 0.811564 0.295362 0.815419 0.292634 0.815914 0.290005 0.812996 0.287674 0.805066 0.282738
0 0.433370 0.275298 0.419824 0.283011 0.433756 0.286880 0.438711 0.287599 0.457048 0.285962 0.465308 0.285218 0.467566 0.282639 0.468007 0.279812 0.466410 0.276761 0.462445 0.275595 0.457599 0.273810 0.438877 0.274058
0 0.482379 0.259177 0.475771 0.263641 0.475165 0.268056 0.485407 0.274157 0.499449 0.275422 0.507048 0.274876 0.511013 0.268849 0.511013 0.266617 0.508811 0.263393 0.498348 0.259425 0.493943 0.258433 0.490088 0.258185
0 0.629405 0.265129 0.617841 0.266865 0.614537 0.268353 0.611784 0.271081 0.613436 0.275546 0.617291 0.277530 0.621696 0.279018 0.631057 0.280258 0.639813 0.276761 0.645925 0.274008 0.648678 0.271329 0.647026 0.267361 0.639868 0.265873
0 0.587555 0.257937 0.584802 0.259177 0.579846 0.263641 0.579846 0.268105 0.583150 0.272073 0.585352 0.273562 0.594714 0.275546 0.603524 0.274802 0.607379 0.273313 0.610793 0.268477 0.612115 0.264236 0.608811 0.261483 0.602698 0.259524 0.595760 0.258532
0 0.814593 0.367212 0.811123 0.366071 0.801211 0.365823 0.794053 0.367560 0.786894 0.371032 0.785242 0.373016 0.785242 0.378224 0.787996 0.380704 0.795154 0.384177 0.804515 0.384177 0.810022 0.382937 0.817731 0.380208 0.822687 0.376736 0.824890 0.372520 0.819714 0.369444
0 0.638767 0.378224 0.637115 0.380456 0.637665 0.385169 0.638767 0.386161 0.645374 0.387153 0.655837 0.390377 0.665198 0.389881 0.674009 0.388145 0.677313 0.386905 0.678965 0.385417 0.676267 0.380407 0.673513 0.379117 0.664097 0.375000 0.658040 0.374008 0.648678 0.374504
0 0.572412 0.400298 0.571586 0.406920 0.578194 0.411210 0.582048 0.412202 0.589207 0.412450 0.599119 0.411458 0.602423 0.410466 0.602698 0.407118 0.604240 0.403968 0.603800 0.402530 0.596531 0.400918 0.591960 0.399554 0.587555 0.398313 0.579295 0.398810
0 0.604185 0.388517 0.598568 0.389385 0.590859 0.393105 0.587555 0.396577 0.589207 0.398313 0.593062 0.400050 0.605176 0.402034 0.614703 0.399802 0.617015 0.397619 0.616630 0.394965 0.614537 0.392535 0.609581 0.389459
0 0.577093 0.378968 0.574339 0.379960 0.568833 0.384673 0.566630 0.389137 0.578194 0.395585 0.585628 0.396205 0.599559 0.388343 0.601211 0.385218 0.597907 0.383110 0.592621 0.380580 0.588656 0.379216
0 0.551211 0.394593 0.542401 0.398562 0.537885 0.401587 0.540198 0.405010 0.541300 0.406250 0.546256 0.408482 0.560022 0.409722 0.568833 0.408482 0.571035 0.406250 0.571035 0.403522 0.566630 0.399306 0.558921 0.395585 0.554515 0.394593
0 0.495044 0.408408 0.491740 0.412574 0.493833 0.416667 0.500000 0.419147 0.502203 0.420139 0.506608 0.420883 0.511564 0.420883 0.518172 0.419891 0.525330 0.416171 0.524780 0.411954 0.516520 0.409474 0.509912 0.408482
0 0.509361 0.387401 0.498899 0.387401 0.489813 0.387649 0.484031 0.389683 0.482544 0.393527 0.484581 0.396577 0.489703 0.401463 0.496531 0.403150 0.500551 0.402778 0.508260 0.401786 0.514317 0.397817 0.517621 0.396577 0.519273 0.391865
0 0.688877 0.354663 0.681167 0.357639 0.678414 0.360615 0.679515 0.364583 0.681718 0.367063 0.687225 0.369296 0.697687 0.370536 0.703744 0.370536 0.708700 0.369792 0.717511 0.364831 0.716685 0.361310 0.716410 0.358532 0.706167 0.354886 0.694934 0.354167
0 0.795154 0.361111 0.782764 0.357366 0.760463 0.356895 0.752203 0.359375 0.749449 0.361111 0.747797 0.364831 0.749449 0.369296 0.759912 0.371776 0.770374 0.372024 0.781388 0.371032 0.784692 0.370288 0.794053 0.365327
0 0.763216 0.341518 0.759361 0.342758 0.754075 0.345089 0.752148 0.348115 0.751542 0.352356 0.761564 0.355655 0.768172 0.356895 0.778084 0.356895 0.786344 0.354415 0.788546 0.353175 0.790198 0.350694 0.788546 0.346478 0.785242 0.343998 0.778084 0.341766 0.770925 0.341022
0 0.857379 0.348710 0.848018 0.348710 0.842511 0.349454 0.835903 0.352679 0.826652 0.357614 0.828910 0.363021 0.834251 0.364583 0.838656 0.366319 0.848568 0.366815 0.856278 0.365575 0.858976 0.362277 0.865088 0.359127 0.866465 0.357168 0.867236 0.354340 0.865088 0.352183 0.860683 0.349454
0 0.891520 0.366319 0.879075 0.365303 0.866189 0.369048 0.863436 0.373562 0.866079 0.376612 0.882159 0.381200 0.892621 0.379960 0.900881 0.376240 0.901982 0.374008 0.901432 0.369048 0.900330 0.368304
0 0.813877 0.334077 0.794824 0.333929 0.786784 0.336062 0.785187 0.339608 0.788216 0.344172 0.800110 0.347470 0.803414 0.347966 0.806167 0.347718 0.811674 0.345982 0.819383 0.341766 0.821586 0.337302 0.817181 0.334821
0 0.850771 0.319196 0.837555 0.319196 0.832874 0.319692 0.825881 0.320412 0.822247 0.324653 0.826542 0.326637 0.828744 0.329861 0.829846 0.334077 0.837555 0.335317 0.847081 0.330208 0.859581 0.327133 0.859581 0.321925
0 0.884361 0.305804 0.876762 0.305010 0.864537 0.307688 0.860683 0.313988 0.860683 0.315724 0.862004 0.320486 0.869383 0.322346 0.881057 0.320933 0.892070 0.318452 0.896476 0.314484 0.894824 0.310268 0.891520 0.307788
0 0.733480 0.310268 0.727423 0.313988 0.726322 0.318452 0.728524 0.319940 0.737335 0.323413 0.742291 0.324405 0.753304 0.324157 0.757159 0.323413 0.759912 0.322173 0.760958 0.318824 0.761784 0.314658 0.759086 0.311533 0.755176 0.309921 0.747797 0.308780 0.740639 0.308780
0 0.733480 0.333085 0.725220 0.334077 0.716960 0.336310 0.715308 0.337798 0.712445 0.342138 0.719328 0.346726 0.733480 0.349206 0.736233 0.349206 0.740308 0.347197 0.744108 0.345362 0.746586 0.344420 0.748568 0.341939 0.748568 0.338070 0.743943 0.333829
0 0.687775 0.300099 0.682269 0.301835 0.678965 0.305060 0.678965 0.308780 0.681718 0.312500 0.686674 0.314732 0.693282 0.315724 0.700991 0.315972 0.708700 0.314236 0.711068 0.311161 0.712170 0.308805 0.714207 0.305952 0.712555 0.302331 0.700441 0.299107
0 0.678965 0.345486 0.679515 0.349950 0.683370 0.352431 0.689978 0.353671 0.696586 0.354167 0.708700 0.353671 0.713656 0.351687 0.715859 0.349702 0.714207 0.345486 0.710628 0.343006 0.706773 0.341567 0.697137 0.341270 0.687775 0.343006
0 0.717511 0.285466 0.708150 0.285962 0.702643 0.286954 0.693833 0.290923 0.693282 0.295139 0.695485 0.297371 0.698789 0.299107 0.708150 0.301339 0.718062 0.300595 0.721916 0.298859 0.725220 0.295635 0.726872 0.290427 0.724670 0.288194
0 0.447137 0.328373 0.445485 0.329861 0.445485 0.334077 0.447687 0.336558 0.459802 0.340526 0.471916 0.342758 0.481278 0.342014 0.485132 0.340526 0.487885 0.338046 0.489537 0.334821 0.488987 0.331101 0.487335 0.330109 0.479626 0.328125 0.468062 0.326885 0.456498 0.326637
0 0.699009 0.320585 0.696586 0.317956 0.691079 0.317138 0.678194 0.317708 0.666410 0.322371 0.665143 0.325744 0.668282 0.328051 0.674559 0.328795 0.682269 0.329886 0.690749 0.329415 0.698733 0.326935 0.699284 0.323041
0 0.458700 0.379464 0.454295 0.380456 0.447687 0.383681 0.444934 0.389137 0.447137 0.391121 0.452643 0.393601 0.464758 0.395833 0.474670 0.396329 0.479626 0.393601 0.482379 0.390377 0.482930 0.387897 0.480066 0.385293 0.472467 0.379960 0.465308 0.378720
0 0.837004 0.374504 0.826542 0.375992 0.822137 0.377728 0.818833 0.380952 0.819383 0.385169 0.822137 0.387401 0.830396 0.388889 0.838161 0.388542 0.845209 0.386905 0.848568 0.381696 0.851101 0.378720 0.848018 0.376240 0.840308 0.374504
0 0.336454 0.577629 0.331498 0.579117 0.324890 0.583829 0.324890 0.588542 0.330396 0.590774 0.343062 0.592758 0.353524 0.591270 0.361784 0.588046 0.361233 0.583829 0.355176 0.580853 0.344163 0.577381
0 0.705396 0.710317 0.697137 0.712054 0.689868 0.715253 0.687830 0.720139 0.692731 0.724454 0.694934 0.726190 0.699339 0.727431 0.706498 0.727927 0.717511 0.727431 0.722467 0.725446 0.724119 0.723462 0.722852 0.718328 0.721035 0.715675 0.717731 0.711458 0.711454 0.710069
0 0.630507 0.712054 0.620044 0.711582 0.612941 0.715129 0.612885 0.719990 0.614537 0.724950 0.617841 0.728671 0.621696 0.729911 0.629956 0.727927 0.637720 0.724132 0.640088 0.720982 0.640804 0.717088 0.639868 0.714286
0 0.691630 0.692956 0.673458 0.695685 0.664097 0.701141 0.662059 0.705109 0.668502 0.709077 0.675110 0.711062 0.682269 0.712054 0.689427 0.711558 0.693833 0.710565 0.696035 0.709077 0.698238 0.705853 0.699339 0.700893 0.694934 0.695188
0 0.646531 0.693056 0.634361 0.696181 0.628910 0.700967 0.632159 0.705109 0.639372 0.710392 0.647026 0.710565 0.654185 0.709077 0.654736 0.708085 0.658150 0.704216 0.659912 0.700744 0.660242 0.696925 0.656938 0.695188
0 0.655837 0.676835 0.645925 0.679067 0.642070 0.680804 0.641520 0.682044 0.643722 0.687004 0.645374 0.688492 0.656388 0.693452 0.659692 0.694196 0.665749 0.694444 0.673458 0.692708 0.677863 0.690228 0.680617 0.685764 0.678965 0.681548 0.674559 0.679067 0.667401 0.677579
0 0.577643 0.712550 0.567566 0.714311 0.565363 0.718006 0.565914 0.723785 0.573789 0.727927 0.577643 0.728919 0.587555 0.729663 0.598568 0.728175 0.606278 0.726190 0.609581 0.724702 0.610683 0.721726 0.610132 0.719246 0.607930 0.717262 0.600771 0.714038 0.595815 0.712798 0.587555 0.712302
0 0.535793 0.706349 0.530286 0.708829 0.525330 0.713542 0.524229 0.719742 0.525881 0.723462 0.529185 0.726190 0.534141 0.727927 0.545154 0.728423 0.552313 0.727679 0.560573 0.724702 0.563326 0.722222 0.563877 0.716518 0.558370 0.711310 0.550661 0.707341 0.544604 0.706101
0 0.554515 0.696925 0.547907 0.700893 0.548458 0.705109 0.556167 0.709821 0.561123 0.711310 0.566630 0.711806 0.578194 0.711806 0.583700 0.710813 0.585903 0.709821 0.591410 0.705605 0.591410 0.701141 0.585352 0.697173 0.577643 0.695188 0.572687 0.694692 0.564427 0.694940
0 0.612335 0.696181 0.601322 0.698661 0.596916 0.700645 0.596366 0.705109 0.599670 0.707589 0.611784 0.712302 0.621696 0.712054 0.626652 0.709821 0.630507 0.705357 0.629956 0.700645 0.627753 0.698661 0.623348 0.696677
0 0.612335 0.678075 0.606278 0.679315 0.601872 0.681548 0.600220 0.684276 0.601322 0.689484 0.609581 0.694940 0.611784 0.695437 0.622797 0.695437 0.633150 0.690377 0.635848 0.687302 0.635628 0.684970 0.633095 0.682614 0.625716 0.680208 0.620650 0.679167
0 0.456498 0.695685 0.450991 0.697173 0.443833 0.701389 0.441630 0.704861 0.442731 0.709325 0.452643 0.714286 0.455947 0.715030 0.466410 0.715030 0.474670 0.712302 0.477974 0.708829 0.478524 0.704117 0.475771 0.700149 0.471916 0.697173 0.465308 0.695685
0 0.420705 0.705853 0.415198 0.707093 0.408590 0.710069 0.405837 0.712798 0.406938 0.717262 0.412996 0.723214 0.421256 0.726687 0.430617 0.727183 0.437775 0.724454 0.441630 0.721478 0.442181 0.712798 0.438326 0.708829 0.431718 0.705853
0 0.371696 0.704117 0.362885 0.708829 0.362335 0.713046 0.365088 0.714782 0.378855 0.719494 0.388767 0.720238 0.397577 0.718502 0.400881 0.715774 0.401982 0.712302 0.399229 0.709077 0.390419 0.704613 0.386013 0.703621 0.377203 0.703125
0 0.359581 0.687500 0.353524 0.688244 0.350220 0.689484 0.348018 0.691716 0.347467 0.693948 0.354075 0.701141 0.358480 0.702381 0.363436 0.702381 0.370044 0.700645 0.373899 0.698661 0.376101 0.692956 0.370044 0.688492
0 0.439427 0.676091 0.430066 0.676339 0.424559 0.677331 0.416850 0.681052 0.414097 0.685268 0.411344 0.687500 0.410793 0.690228 0.413546 0.693948 0.419604 0.695933 0.428965 0.696925 0.435022 0.696429 0.438877 0.694940 0.443833 0.690724 0.447137 0.686012 0.447687 0.681548 0.443833 0.677827
0 0.394824 0.667411 0.384912 0.670139 0.379405 0.673115 0.376652 0.676091 0.376652 0.678819 0.378855 0.681548 0.384361 0.684028 0.395374 0.685764 0.409141 0.683036 0.411344 0.681796 0.412445 0.679315 0.411894 0.673363 0.409141 0.670387 0.404185 0.668403
0 0.361233 0.659970 0.346916 0.661458 0.334251 0.665179 0.330396 0.669395 0.331498 0.673611 0.334251 0.675347 0.340859 0.676339 0.354075 0.676339 0.361233 0.675347 0.365639 0.673611 0.370044 0.670387 0.370044 0.665923 0.365639 0.661954
0 0.569383 0.660962 0.558370 0.663442 0.555066 0.665179 0.552863 0.669395 0.553414 0.674355 0.555617 0.677827 0.559471 0.679315 0.568833 0.681052 0.578744 0.681052 0.588326 0.677207 0.591079 0.673909 0.589317 0.670486 0.586289 0.666295 0.583645 0.663814 0.576487 0.661781
0 0.509912 0.647817 0.500000 0.647321 0.488987 0.650298 0.487335 0.651786 0.485132 0.656250 0.485683 0.662202 0.492291 0.666419 0.500551 0.666915 0.513216 0.664931 0.519273 0.662450 0.524229 0.658234 0.524229 0.653770 0.521476 0.651042 0.517621 0.649306
0 0.456498 0.643353 0.451542 0.646081 0.450441 0.650546 0.453744 0.654018 0.462555 0.656002 0.469714 0.656002 0.476872 0.655010 0.485132 0.650546 0.480176 0.645585 0.474119 0.643601
0 0.418502 0.650050 0.414097 0.652034 0.411894 0.654018 0.414097 0.658978 0.423458 0.663690 0.426211 0.666667 0.429515 0.668403 0.439427 0.668155 0.446035 0.662202 0.446035 0.657986 0.441630 0.652034 0.437225 0.649802 0.431718 0.649058 0.423458 0.649306
0 0.622797 0.643105 0.620044 0.643849 0.616189 0.646329 0.615639 0.651042 0.617291 0.653770 0.619493 0.655506 0.627203 0.658482 0.634361 0.659970 0.639868 0.660218 0.646476 0.658234 0.652919 0.653943 0.654626 0.650198 0.649615 0.646478 0.639317 0.642857 0.629405 0.642609
0 0.611233 0.625992 0.604626 0.626984 0.599119 0.629464 0.596916 0.632440 0.596366 0.637153 0.598018 0.641121 0.600220 0.642113 0.604075 0.642609 0.612335 0.645089 0.614537 0.645089 0.620595 0.643601 0.627203 0.640551 0.631112 0.635491 0.632709 0.630456 0.628855 0.628224 0.622797 0.626488
0 0.534692 0.621280 0.526432 0.620040 0.517070 0.620288 0.507709 0.624504 0.506057 0.626240 0.506608 0.631200 0.512665 0.634673 0.517070 0.636161 0.527533 0.636161 0.539097 0.633681 0.542401 0.631696 0.542401 0.626488
0 0.559471 0.605407 0.554515 0.607391 0.550661 0.611111 0.551211 0.614583 0.552863 0.616071 0.560573 0.619048 0.569383 0.620288 0.579295 0.620288 0.584802 0.619048 0.591410 0.615327 0.591960 0.611111 0.587555 0.607887 0.584251 0.606399 0.578744 0.605407 0.570485 0.604911
0 0.718612 0.623264 0.708150 0.623512 0.702643 0.624256 0.697687 0.625992 0.696586 0.627232 0.697137 0.634425 0.708700 0.640377 0.716960 0.639633 0.724615 0.635888 0.728249 0.632688 0.730011 0.630184 0.729846 0.627381 0.727478 0.625818
0 0.780286 0.629712 0.778084 0.629712 0.764317 0.635913 0.762115 0.638145 0.762665 0.642609 0.767070 0.644841 0.778084 0.646825 0.788546 0.645585 0.791850 0.643105 0.790914 0.641220 0.789978 0.636483 0.789097 0.632440 0.786344 0.630952
0 0.788546 0.619048 0.786344 0.621776 0.786344 0.626240 0.788546 0.629712 0.792952 0.632688 0.797357 0.633681 0.805066 0.634177 0.811344 0.632515 0.816300 0.630134 0.820870 0.627555 0.820319 0.623264 0.817731 0.621181 0.805231 0.618378 0.794604 0.617808
0 0.767621 0.611855 0.763767 0.612351 0.761564 0.613343 0.759361 0.617063 0.756057 0.619544 0.745595 0.623264 0.751101 0.627232 0.757709 0.628720 0.768778 0.628745 0.781608 0.625273 0.784141 0.623016 0.783425 0.619618 0.781773 0.617361 0.775771 0.613839 0.773678 0.612351
0 0.741189 0.608135 0.734031 0.609623 0.726322 0.613343 0.724670 0.615823 0.727423 0.619544 0.734581 0.623512 0.743337 0.623189 0.748899 0.621900 0.755452 0.619345 0.759581 0.615823 0.760848 0.612773 0.760463 0.611111 0.756608 0.609375 0.749449 0.608383
0 0.772577 0.600694 0.769824 0.602927 0.769824 0.607639 0.772577 0.611111 0.778634 0.613839 0.785242 0.615079 0.789648 0.615079 0.796806 0.612946 0.803304 0.608284 0.803634 0.604539 0.802698 0.602257 0.795705 0.598710 0.780286 0.598958
0 0.734581 0.595238 0.727974 0.599454 0.729626 0.603423 0.734031 0.606151 0.739537 0.607639 0.749449 0.608631 0.761564 0.608135 0.764868 0.606399 0.766520 0.604415 0.764868 0.598710 0.758811 0.596478 0.751101 0.594990 0.740639 0.594742
0 0.768722 0.578621 0.760463 0.579613 0.747907 0.583482 0.749449 0.588294 0.754956 0.593502 0.760463 0.596230 0.769824 0.597222 0.776982 0.595734 0.783040 0.592510 0.784692 0.590774 0.782544 0.586979 0.777753 0.582316 0.775000 0.580432
0 0.786344 0.581101 0.783040 0.583829 0.785242 0.589038 0.788546 0.592014 0.795154 0.595238 0.805066 0.596726 0.811564 0.594990 0.817236 0.593006 0.819218 0.591195 0.819769 0.588194 0.816850 0.585714 0.811674 0.582664 0.806718 0.580357 0.796806 0.579365
0 0.811123 0.561508 0.802863 0.562500 0.797907 0.564236 0.793502 0.568204 0.793502 0.572917 0.796256 0.577381 0.799559 0.579117 0.812996 0.580208 0.821090 0.579117 0.826211 0.577703 0.828414 0.575496 0.826982 0.571602 0.820870 0.565129 0.816630 0.562004
0 0.752203 0.561012 0.743392 0.562996 0.737335 0.566220 0.734581 0.569196 0.734581 0.573413 0.738987 0.576141 0.750991 0.577629 0.759196 0.577307 0.763436 0.575397 0.766905 0.572098 0.764593 0.568700 0.758150 0.560541
0 0.777533 0.552827 0.769824 0.553819 0.765969 0.555308 0.762115 0.560764 0.763767 0.564980 0.767621 0.568700 0.771476 0.570188 0.778634 0.570933 0.787335 0.568948 0.792070 0.566890 0.795925 0.564484 0.795760 0.561161 0.792621 0.556944 0.787830 0.554315
0 0.812775 0.542659 0.797742 0.548785 0.796861 0.553398 0.801211 0.555804 0.807819 0.558284 0.811674 0.559028 0.822687 0.559276 0.829350 0.556622 0.829736 0.551761 0.823678 0.546032 0.822137 0.543155
0 0.787996 0.531002 0.784141 0.532490 0.780286 0.536706 0.781388 0.541419 0.783590 0.544147 0.786894 0.546131 0.794053 0.547867 0.801432 0.546652 0.807489 0.543254 0.808811 0.541171 0.807874 0.537351 0.803965 0.532738 0.799174 0.531523 0.796256 0.530506
0 0.750165 0.533259 0.742676 0.532143 0.734031 0.532490 0.728524 0.533978 0.724670 0.536954 0.726322 0.541667 0.728524 0.544147 0.734031 0.546131 0.744493 0.546131 0.753524 0.543328 0.757544 0.540848 0.759031 0.537946 0.756663 0.535466
0 0.847302 0.519097 0.838106 0.520585 0.829681 0.524802 0.830617 0.529836 0.839207 0.534722 0.848018 0.535218 0.855176 0.533482 0.859802 0.529365 0.862170 0.526959 0.864537 0.525050 0.860132 0.521577 0.854460 0.519841
0 0.575991 0.588046 0.569934 0.590774 0.567181 0.594246 0.566630 0.596478 0.569383 0.599454 0.575991 0.602183 0.580947 0.603175 0.596366 0.603423 0.601322 0.602183 0.605176 0.599702 0.605176 0.594990 0.604075 0.593998 0.590308 0.588294 0.580947 0.587550
0 0.628855 0.578125 0.623348 0.576885 0.611784 0.576637 0.603524 0.577629 0.597467 0.579613 0.593062 0.582341 0.593062 0.588046 0.604075 0.593254 0.613987 0.592758 0.622247 0.591022 0.630507 0.587054 0.632709 0.584573 0.632159 0.579861
0 0.602753 0.564286 0.596366 0.562500 0.584802 0.563988 0.576542 0.567460 0.572137 0.571925 0.573238 0.576885 0.575991 0.579117 0.582599 0.579861 0.595815 0.579861 0.603855 0.577307 0.609031 0.575694 0.611784 0.572867 0.610132 0.568775 0.607269 0.566667
0 0.560022 0.553571 0.550110 0.553075 0.539648 0.554315 0.535793 0.555556 0.530837 0.558780 0.529185 0.560516 0.530286 0.563492 0.533590 0.567460 0.536894 0.569692 0.544053 0.570685 0.557269 0.569444 0.561123 0.568452 0.569383 0.564484 0.571035 0.561756 0.569383 0.557292
0 0.500000 0.573909 0.493392 0.577133 0.492291 0.579117 0.492841 0.585317 0.494493 0.587302 0.500551 0.590774 0.506608 0.592014 0.509912 0.592014 0.516520 0.590278 0.522026 0.586086 0.524890 0.582292 0.524670 0.579985 0.523348 0.576687 0.517070 0.574157 0.512115 0.573661
0 0.492841 0.595238 0.483480 0.592510 0.473568 0.592758 0.462004 0.594246 0.458150 0.595486 0.457048 0.600446 0.459802 0.604415 0.464207 0.605903 0.475220 0.606151 0.481938 0.603447 0.489427 0.598909
0 0.439978 0.597718 0.434471 0.598462 0.430617 0.599950 0.424009 0.606151 0.422907 0.612103 0.424559 0.613591 0.430066 0.615575 0.439427 0.615823 0.450441 0.613343 0.455396 0.611359 0.458700 0.607887 0.457599 0.605159 0.453194 0.601190 0.446586 0.598710
0 0.410793 0.615575 0.403084 0.616319 0.398128 0.618552 0.396476 0.621776 0.396476 0.626240 0.398128 0.629960 0.400881 0.631944 0.410242 0.635913 0.414097 0.636409 0.425661 0.632937 0.430617 0.630704 0.433921 0.626736 0.435022 0.622272 0.431167 0.618800 0.426211 0.616815 0.420154 0.615823
0 0.378304 0.631200 0.375000 0.631944 0.370044 0.634425 0.368943 0.639137 0.371145 0.642857 0.378304 0.648562 0.386013 0.650546 0.396476 0.650794 0.399780 0.649058 0.401982 0.645585 0.401982 0.638641 0.399229 0.634177 0.395925 0.632192 0.387115 0.630952
0 0.319934 0.644841 0.312775 0.647569 0.309471 0.650050 0.307269 0.654266 0.308370 0.656498 0.310573 0.658234 0.317181 0.659970 0.334251 0.659970 0.337555 0.658730 0.343612 0.654514 0.344163 0.650050 0.339758 0.646825 0.333700 0.644593 0.323789 0.644345
0 0.345815 0.629216 0.338106 0.629712 0.335352 0.630952 0.332599 0.633185 0.329295 0.638393 0.330947 0.641865 0.333700 0.644097 0.338656 0.645585 0.343062 0.646081 0.348018 0.645089 0.352974 0.643105 0.359581 0.638393 0.360683 0.635665 0.360132 0.632440 0.357930 0.630704
0 0.299559 0.617063 0.292401 0.619048 0.290198 0.621528 0.289648 0.623264 0.292401 0.630952 0.299559 0.636161 0.306718 0.637153 0.313326 0.636905 0.317731 0.635913 0.324890 0.630952 0.323789 0.623016 0.319934 0.619792 0.308921 0.617063
0 0.358480 0.611359 0.352423 0.613591 0.350220 0.615575 0.349119 0.619544 0.350771 0.622520 0.359581 0.628472 0.362885 0.628968 0.376101 0.628472 0.379405 0.627480 0.386013 0.623264 0.386013 0.618800 0.384361 0.616567 0.381057 0.614087 0.375551 0.612103 0.365639 0.611111
0 0.353524 0.564236 0.350220 0.559524 0.342511 0.555804 0.335903 0.554812 0.324890 0.555060 0.317181 0.556548 0.308370 0.560516 0.301211 0.562252 0.297907 0.563740 0.297357 0.564732 0.300661 0.567212 0.313877 0.568452 0.324890 0.570933 0.343612 0.571181 0.351872 0.568452
0 0.226322 0.562996 0.220264 0.564732 0.215308 0.567956 0.216410 0.572669 0.220815 0.575149 0.226872 0.577133 0.236233 0.578125 0.240639 0.578125 0.247247 0.576389 0.252203 0.572421 0.254956 0.568700 0.253304 0.565476 0.250551 0.564236 0.241189 0.562252 0.234031 0.562252
0 0.283040 0.554315 0.274780 0.552827 0.265969 0.552083 0.256608 0.553075 0.251101 0.556548 0.252203 0.560516 0.254405 0.562748 0.258811 0.564732 0.264317 0.565724 0.272577 0.564980 0.278634 0.563740 0.285793 0.560516 0.285793 0.556052
0 0.299009 0.537698 0.293502 0.538938 0.289648 0.540923 0.288546 0.543651 0.289097 0.547123 0.291850 0.549851 0.298458 0.552083 0.308921 0.552083 0.314427 0.550347 0.321035 0.546875 0.322137 0.545139 0.321035 0.540923 0.316630 0.539187 0.309471 0.537698
0 0.388216 0.552579 0.377753 0.552083 0.366740 0.554067 0.360132 0.556052 0.356828 0.560764 0.364537 0.564732 0.378855 0.567460 0.387115 0.566468 0.394273 0.560764 0.395374 0.556052 0.393722 0.554315
0 0.343062 0.537450 0.334251 0.539435 0.330947 0.540923 0.328744 0.544147 0.328744 0.546131 0.332048 0.549851 0.340859 0.553571 0.344163 0.554315 0.352423 0.552827 0.361233 0.548611 0.362885 0.544147 0.360683 0.540923 0.351872 0.538442
0 0.378304 0.533978 0.375551 0.535218 0.369493 0.540675 0.371145 0.546627 0.375000 0.549851 0.381608 0.552083 0.386564 0.552827 0.395925 0.552083 0.401982 0.549851 0.405286 0.545387 0.403634 0.539683 0.400881 0.537698 0.387665 0.534226
0 0.183370 0.656002 0.180617 0.658234 0.180066 0.662450 0.186674 0.666171 0.194934 0.668155 0.204846 0.668403 0.213656 0.667163 0.216960 0.665923 0.217511 0.661706 0.215308 0.658482 0.207048 0.655010 0.195485 0.653522 0.186674 0.654762
0 0.177313 0.640377 0.172907 0.641865 0.168502 0.646081 0.167401 0.651290 0.170154 0.654018 0.179515 0.655506 0.188877 0.653770 0.192731 0.652282 0.196035 0.649802 0.197687 0.646081 0.188326 0.641865 0.180066 0.640377
0 0.143172 0.703373 0.139868 0.707589 0.139868 0.713542 0.143722 0.717262 0.147026 0.718750 0.153634 0.719494 0.166300 0.717014 0.169604 0.715526 0.171256 0.713046 0.169604 0.709325 0.166850 0.707341 0.160793 0.704365 0.153634 0.703373
0 0.152533 0.612847 0.140969 0.612847 0.134361 0.614087 0.127753 0.617312 0.126101 0.619544 0.128304 0.623264 0.134912 0.626240 0.143722 0.626984 0.153634 0.623512 0.159141 0.619296 0.159692 0.615079
0 0.099670 0.607143 0.097467 0.611111 0.099119 0.613591 0.101322 0.615327 0.109031 0.618304 0.116740 0.619048 0.126101 0.618552 0.132709 0.615079 0.136013 0.611359 0.136013 0.606895 0.134912 0.605655 0.129405 0.605159 0.123899 0.603423 0.114537 0.603423 0.111784 0.604663 0.108480 0.604911 0.105727 0.606151
0 0.133260 0.572917 0.126652 0.574157 0.122247 0.576141 0.122247 0.580605 0.123899 0.583333 0.126101 0.585069 0.130507 0.585813 0.134361 0.587302 0.143722 0.588542 0.151982 0.586062 0.155286 0.584077 0.155286 0.577877 0.152533 0.575149 0.144824 0.572669
0 0.110132 0.561260 0.099670 0.564484 0.099119 0.569196 0.102974 0.572669 0.107930 0.575149 0.118392 0.575645 0.123348 0.573413 0.125551 0.569444 0.125000 0.563740 0.118943 0.561012
0 0.134361 0.532986 0.127203 0.534722 0.125000 0.535962 0.125000 0.542163 0.127753 0.545139 0.134361 0.548859 0.144273 0.549107 0.152533 0.545883 0.155837 0.541667 0.155837 0.536458 0.152533 0.534226 0.144824 0.533234
0 0.156388 0.519097 0.151432 0.521577 0.149229 0.524306 0.150330 0.530010 0.151982 0.531498 0.155837 0.532490 0.164648 0.533482 0.171256 0.533482 0.180066 0.531994 0.182819 0.530010 0.182819 0.528026 0.180617 0.523810 0.177313 0.521081 0.170154 0.517857 0.162445 0.517857
0 0.156388 0.505704 0.153084 0.504960 0.144824 0.505704 0.131608 0.509673 0.129956 0.511161 0.126101 0.512649 0.125000 0.514137 0.124449 0.519841 0.125551 0.521577 0.133260 0.522569 0.139317 0.522569 0.146476 0.521577 0.148678 0.519345 0.155286 0.516369 0.157489 0.513889 0.158590 0.509177
0 0.370044 0.515377 0.360683 0.516121 0.357930 0.516865 0.349670 0.522073 0.348568 0.525546 0.352423 0.529514 0.360683 0.531994 0.372247 0.531250 0.377203 0.529266 0.379405 0.527282 0.379405 0.521081 0.373348 0.516617
0 0.326872 0.509846 0.320870 0.510615 0.313326 0.512897 0.306718 0.515873 0.306718 0.521577 0.308370 0.522817 0.310848 0.524603 0.314097 0.524926 0.316630 0.525546 0.324174 0.527034 0.332599 0.525546 0.343612 0.521081 0.346366 0.518353 0.343062 0.513145 0.334802 0.511161
0 0.300110 0.502480 0.291850 0.500248 0.289648 0.500248 0.265419 0.505456 0.263216 0.506448 0.261013 0.509177 0.264317 0.513641 0.272577 0.515625 0.284692 0.515625 0.300110 0.513641 0.302863 0.511905 0.303965 0.509673 0.303965 0.505704
0 0.392070 0.516121 0.384361 0.518105 0.380507 0.520089 0.379956 0.524058 0.381608 0.529514 0.386013 0.531994 0.395374 0.534474 0.404736 0.534474 0.414648 0.530506 0.416850 0.524802 0.413546 0.521081 0.403634 0.516865 0.397026 0.515873
0 0.438326 0.532986 0.432269 0.531746 0.412996 0.532738 0.407489 0.535714 0.405837 0.537946 0.405837 0.541419 0.409692 0.544891 0.413546 0.546131 0.420705 0.547123 0.428965 0.545883 0.438326 0.541419 0.441079 0.538690 0.441630 0.536210
0 0.434471 0.544891 0.431167 0.548363 0.431167 0.552827 0.438877 0.556796 0.448238 0.555804 0.457048 0.554067 0.460352 0.552827 0.459251 0.548115 0.449339 0.543403 0.438877 0.543155
0 0.484031 0.538690 0.473568 0.538938 0.466410 0.541419 0.462004 0.544643 0.462004 0.549355 0.466960 0.552827 0.473568 0.554563 0.482930 0.554315 0.491740 0.551587 0.496145 0.548115 0.497797 0.544395 0.495595 0.542163
0 0.456498 0.526042 0.452643 0.526786 0.448789 0.528522 0.446586 0.533482 0.451542 0.538938 0.455947 0.541667 0.465308 0.542163 0.474670 0.537698 0.476872 0.533482 0.475220 0.529018 0.471916 0.527530 0.466410 0.526538
0 0.464207 0.512649 0.456498 0.513393 0.449890 0.515377 0.446586 0.517361 0.447687 0.522569 0.450991 0.524802 0.454846 0.525794 0.466410 0.526538 0.476322 0.525050 0.480176 0.523562 0.483480 0.517361 0.478524 0.514385
0 0.421806 0.515377 0.415198 0.517361 0.414648 0.521577 0.416300 0.523313 0.425661 0.528522 0.432269 0.529266 0.438326 0.528274 0.444383 0.525794 0.446035 0.524058 0.447137 0.521329 0.444383 0.518353 0.440529 0.516121 0.437225 0.515377 0.431167 0.514881
0 0.378304 0.500000 0.366740 0.502232 0.364537 0.503224 0.362335 0.505208 0.361784 0.509673 0.364537 0.511905 0.368943 0.513641 0.377203 0.515129 0.380507 0.515129 0.387665 0.514137 0.390969 0.512401 0.395925 0.508433 0.397026 0.505456 0.395374 0.503224 0.392070 0.501488 0.387665 0.500496
0 0.325991 0.490575 0.319934 0.493304 0.313326 0.497768 0.315529 0.501984 0.328194 0.508433 0.333700 0.509425 0.343612 0.509673 0.346366 0.509177 0.355176 0.505952 0.360683 0.502232 0.357379 0.497768 0.353524 0.495040 0.344714 0.491815 0.338656 0.490823
0 0.411344 0.498512 0.404185 0.500000 0.399229 0.501984 0.398128 0.509921 0.404185 0.514881 0.410242 0.515377 0.422357 0.515129 0.426211 0.513889 0.430617 0.510665 0.431167 0.509425 0.429515 0.505952 0.424009 0.503224 0.421806 0.500496 0.419053 0.499256 0.415198 0.498512
0 0.444383 0.500496 0.438877 0.501488 0.431167 0.505704 0.430617 0.509921 0.433370 0.512649 0.438877 0.515129 0.448238 0.515873 0.457599 0.512649 0.459802 0.510665 0.459802 0.508185 0.452643 0.502232 0.448789 0.500496
0 0.468612 0.500248 0.464758 0.501984 0.464207 0.505952 0.473568 0.512897 0.482379 0.515129 0.492291 0.515129 0.500551 0.509921 0.501652 0.505456 0.498899 0.501488 0.494493 0.499504 0.484581 0.498264 0.473018 0.499256
0 0.517621 0.529266 0.500551 0.531994 0.497797 0.536210 0.497797 0.541419 0.500000 0.544147 0.507159 0.546875 0.509361 0.548859 0.515969 0.550347 0.519273 0.550099 0.526432 0.546875 0.531388 0.541419 0.532489 0.538194 0.531388 0.532986 0.528084 0.531498
0 0.561123 0.538690 0.555066 0.538194 0.542401 0.538442 0.535242 0.540675 0.529736 0.544643 0.529736 0.548859 0.535242 0.552331 0.538546 0.553323 0.544053 0.553819 0.555066 0.552579 0.561123 0.550595 0.565529 0.545635 0.564427 0.540427
0 0.578194 0.533978 0.574339 0.534970 0.570485 0.537450 0.569383 0.545139 0.572687 0.548611 0.578194 0.552083 0.586454 0.552083 0.592511 0.549355 0.599670 0.544891 0.601872 0.541419 0.600771 0.537698 0.598018 0.535962 0.589207 0.533978
0 0.620595 0.542659 0.612885 0.543651 0.609581 0.545883 0.609031 0.549851 0.610132 0.553075 0.612335 0.554812 0.622247 0.559276 0.630507 0.558532 0.639317 0.554315 0.640969 0.551339 0.640969 0.547371 0.639317 0.545387 0.636564 0.544643
0 0.615639 0.525298 0.604075 0.526290 0.599670 0.527778 0.598018 0.529266 0.598568 0.533978 0.601322 0.536706 0.604075 0.538194 0.612885 0.539931 0.620044 0.538690 0.623899 0.536458 0.626652 0.533978 0.627203 0.529266 0.622797 0.526538
0 0.639317 0.526290 0.631608 0.529018 0.628304 0.532490 0.629405 0.536706 0.635463 0.540179 0.642070 0.541915 0.656938 0.542659 0.663546 0.537450 0.662445 0.532986 0.656938 0.528274 0.653084 0.526538 0.648128 0.525546
0 0.691079 0.526538 0.683921 0.529514 0.681718 0.531498 0.681718 0.536706 0.684471 0.539187 0.689978 0.541419 0.698238 0.542659 0.708150 0.542411 0.714207 0.541419 0.720264 0.537450 0.719714 0.533234 0.715859 0.530258 0.710903 0.527778 0.704846 0.526290 0.697137 0.525794
0 0.751652 0.516865 0.746145 0.516369 0.736784 0.516865 0.726322 0.521081 0.721366 0.525298 0.721366 0.530258 0.725771 0.533978 0.742841 0.531498 0.749449 0.529266 0.757709 0.527530 0.759361 0.526042 0.759361 0.521329
0 0.708150 0.505456 0.702643 0.506448 0.696586 0.509673 0.696035 0.513889 0.698789 0.515377 0.704846 0.521577 0.707048 0.522569 0.714207 0.523562 0.719163 0.523562 0.722467 0.522817 0.732379 0.517857 0.731828 0.511905 0.729075 0.508929 0.722467 0.506448 0.718062 0.505456
0 0.673458 0.510417 0.668502 0.511409 0.661344 0.514385 0.659692 0.516369 0.660793 0.520585 0.663546 0.523562 0.667952 0.526042 0.674559 0.527778 0.683921 0.529018 0.697137 0.524306 0.698789 0.522321 0.697907 0.518180 0.695705 0.515303 0.687225 0.511657 0.683370 0.510913
0 0.584802 0.514137 0.578744 0.515129 0.572137 0.517609 0.568282 0.521081 0.569383 0.525546 0.575991 0.528522 0.587555 0.529514 0.594714 0.527034 0.597467 0.524802 0.599119 0.522073 0.599119 0.518353 0.595815 0.515377 0.593612 0.514633
0 0.571035 0.526538 0.561674 0.524058 0.551211 0.524306 0.544053 0.525546 0.537445 0.528522 0.534141 0.532986 0.534692 0.533978 0.537996 0.536210 0.542952 0.537946 0.562775 0.537946 0.569934 0.536458 0.574339 0.533482 0.574890 0.529266
0 0.562225 0.508929 0.551211 0.507937 0.541300 0.509673 0.530286 0.513641 0.529736 0.517609 0.535793 0.522321 0.541850 0.523562 0.557269 0.523065 0.562225 0.522569 0.567181 0.520337 0.570485 0.517113 0.567181 0.511905
0 0.486784 0.517361 0.483480 0.520337 0.482930 0.522569 0.484031 0.525794 0.489537 0.528770 0.498348 0.529762 0.508260 0.529514 0.518722 0.528026 0.522026 0.526290 0.523128 0.521329 0.521476 0.518601 0.517621 0.516369 0.509912 0.514633 0.501101 0.514633 0.492841 0.515377
0 0.517070 0.497024 0.508260 0.498512 0.503304 0.500992 0.501652 0.503472 0.501652 0.507937 0.502753 0.510417 0.506057 0.513145 0.508811 0.514385 0.517621 0.516121 0.525330 0.514881 0.532489 0.512401 0.534141 0.510417 0.535242 0.505704 0.531938 0.500992 0.528634 0.499504
0 0.604075 0.502976 0.599670 0.505208 0.596916 0.508681 0.596916 0.513641 0.600220 0.517113 0.603524 0.518601 0.611784 0.520337 0.621145 0.520337 0.632159 0.517857 0.635463 0.515129 0.636013 0.512401 0.633260 0.509251 0.628304 0.504960 0.622247 0.502728 0.612335 0.502480
0 0.655837 0.499752 0.649780 0.500744 0.640419 0.504464 0.639317 0.505456 0.639317 0.509921 0.642621 0.511657 0.645925 0.512401 0.658590 0.513393 0.664097 0.512649 0.667952 0.510417 0.669053 0.505952 0.662445 0.501240
0 0.674009 0.495288 0.670154 0.497768 0.667401 0.501240 0.668502 0.505456 0.670705 0.507688 0.680782 0.510491 0.692181 0.509673 0.696586 0.508681 0.702093 0.505952 0.704295 0.502976 0.703744 0.500000 0.698458 0.494271 0.693612 0.492882 0.683370 0.492436
0 0.723568 0.488839 0.714207 0.490327 0.709802 0.492063 0.707048 0.493800 0.705947 0.498264 0.709251 0.501240 0.714758 0.503968 0.717511 0.504712 0.727423 0.504960 0.735132 0.503720 0.738436 0.502232 0.737885 0.493552 0.732379 0.489831 0.727423 0.488839
0 0.595264 0.494048 0.587555 0.492808 0.577643 0.493800 0.566630 0.497768 0.560848 0.502381 0.569604 0.506845 0.577643 0.508433 0.589207 0.508433 0.595815 0.507688 0.601322 0.502480 0.599559 0.498338
0 0.559471 0.488839 0.553414 0.488095 0.539703 0.488666 0.530892 0.495139 0.529295 0.498090 0.533590 0.501984 0.536894 0.504216 0.543502 0.506944 0.553414 0.505704 0.561674 0.502232 0.564978 0.498760 0.565529 0.493304 0.563326 0.490823
0 0.502753 0.483879 0.500551 0.486359 0.500000 0.491071 0.501652 0.493056 0.508260 0.495536 0.519273 0.495784 0.526432 0.494792 0.531608 0.493973 0.535683 0.491195 0.539317 0.489211 0.538546 0.486359 0.526982 0.483135 0.518172 0.481647 0.508260 0.481895
0 0.480176 0.483135 0.475771 0.484127 0.471366 0.486111 0.469163 0.490327 0.472467 0.493056 0.482379 0.497768 0.491740 0.498264 0.499449 0.494048 0.500551 0.490079 0.498348 0.485615 0.494493 0.483631 0.491740 0.483135
0 0.578744 0.476438 0.568833 0.476935 0.565529 0.477679 0.560022 0.479911 0.558370 0.481647 0.558921 0.486607 0.562775 0.490079 0.569383 0.492312 0.579846 0.492312 0.582599 0.491815 0.587555 0.489831 0.590529 0.486682 0.591960 0.481647 0.590859 0.480159 0.584802 0.477679
0 0.523678 0.478423 0.523128 0.482391 0.542952 0.486855 0.554515 0.485863 0.558370 0.483879 0.558921 0.478175 0.555617 0.475694 0.552313 0.474702 0.542401 0.474454 0.531388 0.475942
0 0.489923 0.467684 0.482930 0.470734 0.479626 0.473958 0.479626 0.475942 0.482930 0.480159 0.487335 0.482143 0.490088 0.482639 0.497137 0.481994 0.502423 0.480828 0.509361 0.479167 0.512170 0.475347 0.510463 0.471230 0.507159 0.469990 0.498899 0.466890
0 0.592236 0.477877 0.592511 0.481151 0.592511 0.483135 0.596916 0.486607 0.604075 0.489335 0.612885 0.489335 0.618943 0.486607 0.622247 0.482391 0.618392 0.479663 0.613987 0.478671
0 0.628304 0.483631 0.621696 0.484623 0.615088 0.488343 0.613436 0.489831 0.613436 0.495536 0.614537 0.498264 0.620044 0.501736 0.629405 0.503472 0.632159 0.503472 0.639868 0.502480 0.645760 0.500496 0.648513 0.496949 0.648348 0.493626 0.646751 0.489658 0.645374 0.487847 0.638216 0.484623 0.632159 0.483631
0 0.662996 0.481151 0.652533 0.482391 0.649229 0.483879 0.645430 0.486086 0.648128 0.490575 0.653634 0.497520 0.662170 0.500000 0.673513 0.493800 0.675330 0.490501 0.676982 0.485516 0.674559 0.482143
0 0.638216 0.465526 0.627203 0.467758 0.624449 0.468998 0.620595 0.474950 0.623899 0.479911 0.627203 0.481895 0.636399 0.482738 0.642621 0.482391 0.650881 0.481647 0.652919 0.480233 0.655837 0.477927 0.653524 0.474529 0.650551 0.470610 0.642070 0.466022
0 0.661894 0.464782 0.654736 0.468502 0.652533 0.470486 0.654075 0.474777 0.662445 0.477431 0.671806 0.480159 0.675110 0.480407 0.683921 0.479663 0.685628 0.477331 0.686729 0.474950 0.685793 0.471553 0.679901 0.467808 0.674945 0.464211 0.667401 0.464038
0 0.727974 0.451141 0.721366 0.449405 0.716410 0.448909 0.703744 0.450645 0.696035 0.453125 0.693282 0.455109 0.692731 0.459821 0.696035 0.463542 0.699890 0.465526 0.705947 0.466270 0.716960 0.465526 0.720815 0.464534 0.732930 0.459077 0.734031 0.454861
0 0.650330 0.452133 0.648128 0.454365 0.648128 0.456101 0.650881 0.460565 0.654736 0.462054 0.664097 0.463542 0.674559 0.463294 0.678965 0.462302 0.685022 0.459325 0.688326 0.455357 0.688326 0.451141 0.683921 0.450397 0.658590 0.450397
0 0.784692 0.506448 0.776982 0.505456 0.764317 0.506944 0.759361 0.508185 0.751652 0.512401 0.751652 0.516121 0.762665 0.522569 0.766520 0.523065 0.774780 0.522569 0.778084 0.521825 0.783976 0.517212 0.786564 0.513641 0.786399 0.510565 0.787445 0.507440
0 0.848018 0.502976 0.838106 0.502976 0.831883 0.503844 0.827478 0.506920 0.830947 0.514881 0.838656 0.518353 0.848844 0.514658 0.857048 0.511979 0.859637 0.509449 0.858315 0.506200
0 0.832599 0.497520 0.823238 0.495784 0.818282 0.495784 0.811123 0.496776 0.806167 0.499008 0.802313 0.501736 0.804515 0.506448 0.808370 0.508929 0.812775 0.510169 0.821421 0.509276 0.826432 0.507465 0.829901 0.505258 0.832654 0.502654 0.833040 0.500496
0 0.759912 0.484375 0.752753 0.486607 0.741189 0.492063 0.739537 0.493552 0.739537 0.499504 0.741189 0.502728 0.747797 0.505704 0.751652 0.506696 0.761013 0.507440 0.771476 0.505952 0.775881 0.504464 0.777037 0.501984 0.777423 0.496429 0.776542 0.493700 0.774670 0.491146 0.770925 0.488591 0.762665 0.484623
0 0.819934 0.481151 0.812225 0.480159 0.802863 0.480159 0.796256 0.480903 0.789097 0.482639 0.786894 0.483631 0.785793 0.486111 0.786344 0.489335 0.789097 0.492808 0.795154 0.494792 0.803965 0.495536 0.813326 0.494792 0.820485 0.493056 0.824890 0.490327 0.827643 0.486111 0.823789 0.482391
0 0.871145 0.477927 0.866740 0.479167 0.859306 0.482118 0.857599 0.486930 0.864537 0.489583 0.873348 0.492312 0.882159 0.491171 0.886399 0.489683 0.890253 0.485789 0.890474 0.482713 0.886949 0.479663 0.881993 0.478497
0 0.854075 0.473214 0.838656 0.472470 0.831498 0.473710 0.828744 0.474950 0.827093 0.477679 0.826542 0.482887 0.829295 0.486111 0.838656 0.490575 0.848018 0.490079 0.855231 0.485144 0.859416 0.482416 0.860022 0.478348 0.858480 0.474206
0 0.925110 0.457589 0.917401 0.457093 0.906388 0.458829 0.901432 0.460565 0.898128 0.462798 0.898128 0.465278 0.899229 0.467510 0.903634 0.469742 0.909141 0.471230 0.916300 0.472222 0.919604 0.471974 0.922907 0.469916 0.926817 0.466047 0.928689 0.463542 0.928965 0.459573
0 0.872247 0.453373 0.861784 0.454613 0.854295 0.456349 0.850110 0.460764 0.852808 0.464261 0.857930 0.467262 0.862335 0.469494 0.872247 0.471478 0.875551 0.471478 0.878579 0.470561 0.884416 0.466096 0.886454 0.463021 0.886233 0.459871 0.884361 0.456845 0.878855 0.454117
0 0.855176 0.437500 0.841960 0.441220 0.839758 0.442956 0.838656 0.447669 0.842511 0.451885 0.847467 0.454117 0.856828 0.455853 0.873348 0.452877 0.874835 0.450570 0.876487 0.447421 0.871200 0.442262 0.869493 0.439236 0.864537 0.438244
0 0.799009 0.470734 0.789648 0.468254 0.776432 0.468006 0.765969 0.470238 0.760463 0.472966 0.759361 0.474454 0.760463 0.477679 0.765419 0.481647 0.769273 0.483135 0.785793 0.482639 0.798458 0.478423 0.801762 0.474950
0 0.916850 0.417634 0.911344 0.416171 0.900330 0.416667 0.894273 0.419643 0.890419 0.423115 0.888767 0.427579 0.890419 0.430804 0.894273 0.433780 0.899780 0.436012 0.917401 0.435020 0.920760 0.432887 0.923348 0.430704 0.925165 0.428497 0.925881 0.423760 0.923128 0.420858
0 0.855176 0.427083 0.852423 0.429315 0.851322 0.432292 0.852974 0.435020 0.856278 0.437004 0.861784 0.438244 0.870595 0.439236 0.873899 0.440476 0.882709 0.439484 0.888216 0.437748 0.890419 0.435764 0.885683 0.431151 0.877974 0.427331 0.871696 0.426314 0.863987 0.424851 0.859031 0.425595
0 0.839758 0.424107 0.828744 0.423611 0.819383 0.424851 0.814427 0.426339 0.809361 0.430506 0.814593 0.437376 0.823789 0.439732 0.833700 0.439732 0.840308 0.437847 0.844163 0.434747 0.847302 0.432143 0.848789 0.430010 0.847467 0.427331
0 0.795154 0.430804 0.790749 0.432292 0.782544 0.434871 0.781278 0.438492 0.783260 0.442113 0.788546 0.445437 0.794604 0.448661 0.804515 0.449653 0.817015 0.445784 0.819383 0.444196 0.816685 0.439955 0.811344 0.435590 0.806718 0.431796
0 0.774009 0.433829 0.765308 0.433061 0.755507 0.436756 0.751652 0.438492 0.746145 0.442956 0.745044 0.447421 0.748348 0.450149 0.753855 0.451637 0.762115 0.452133 0.769824 0.450645 0.778469 0.446205 0.782324 0.442882 0.780727 0.437946
0 0.764923 0.425149 0.762115 0.422520 0.752753 0.420635 0.745595 0.422123 0.738436 0.424851 0.732379 0.430804 0.732930 0.435764 0.735683 0.436756 0.749449 0.436756 0.763987 0.433110 0.767621 0.430903 0.767676 0.427728
0 0.786894 0.411210 0.778084 0.411458 0.770374 0.412946 0.766520 0.416171 0.765419 0.420139 0.765804 0.423661 0.774229 0.427827 0.779185 0.429067 0.785683 0.429489 0.795264 0.424752 0.798844 0.421974 0.799559 0.417312 0.797907 0.415228 0.796806 0.413194
0 0.801762 0.414683 0.800661 0.417659 0.801211 0.420883 0.803965 0.422371 0.812225 0.424355 0.822687 0.424603 0.836454 0.422867 0.841410 0.420139 0.840859 0.415675 0.838656 0.412698 0.835903 0.411210 0.827643 0.409226 0.823789 0.408730 0.812775 0.409226 0.807819 0.410962
0 0.850220 0.406746 0.843612 0.409226 0.839758 0.411706 0.840859 0.416915 0.842511 0.419147 0.844163 0.420139 0.855176 0.422371 0.862335 0.422371 0.868943 0.421379 0.872247 0.420139 0.876101 0.416667 0.875551 0.413194 0.870595 0.408730 0.865639 0.406994 0.859031 0.406250
0 0.138767 0.470486 0.135463 0.469742 0.125000 0.469742 0.118392 0.471478 0.113987 0.473958 0.110132 0.478671 0.112335 0.483879 0.115639 0.486607 0.122797 0.487351 0.128304 0.487103 0.135463 0.485367 0.143722 0.482143 0.146476 0.478671 0.145925 0.474454 0.144273 0.472966
0 0.184471 0.472470 0.175661 0.473710 0.169053 0.476190 0.168502 0.477183 0.165198 0.478671 0.164097 0.482639 0.169604 0.485615 0.174009 0.486607 0.181718 0.487599 0.188877 0.487599 0.194934 0.486359 0.202643 0.482391 0.204846 0.478423 0.199339 0.474454 0.196035 0.473214
0 0.178414 0.454861 0.169053 0.459325 0.166850 0.462550 0.167952 0.467014 0.169604 0.468502 0.187225 0.470238 0.197687 0.465526 0.198789 0.463790 0.198238 0.459821 0.195485 0.458085 0.187225 0.455109
0 0.203084 0.459325 0.200385 0.463839 0.205452 0.468775 0.210242 0.470114 0.221916 0.468750 0.234306 0.470734 0.242236 0.467088 0.241740 0.462798 0.236233 0.458829 0.230727 0.457589 0.208260 0.456771
0 0.213106 0.470238 0.208700 0.474454 0.207599 0.479167 0.213106 0.482391 0.221366 0.483879 0.230727 0.483879 0.241189 0.479911 0.242291 0.477927 0.240088 0.475694 0.230727 0.470734 0.222467 0.469246
0 0.253855 0.462798 0.246145 0.464782 0.242291 0.466518 0.241189 0.471974 0.242841 0.474454 0.250000 0.476687 0.256057 0.477679 0.265969 0.477431 0.271476 0.475446 0.272577 0.473958 0.273128 0.470238 0.271476 0.466518 0.269273 0.464782 0.264868 0.463046 0.259912 0.462550
0 0.247797 0.484871 0.243392 0.484375 0.235683 0.484623 0.223018 0.488343 0.220264 0.490079 0.219714 0.494544 0.221366 0.496032 0.230176 0.498512 0.243943 0.498264 0.249449 0.497520 0.253855 0.494544 0.253855 0.490079
0 0.272577 0.482887 0.265419 0.483631 0.259912 0.486359 0.256608 0.490079 0.256057 0.494544 0.258811 0.497520 0.274229 0.502728 0.284692 0.499752 0.291300 0.495536 0.295705 0.490079 0.293502 0.487351 0.286894 0.484623 0.283040 0.483631
0 0.282489 0.468502 0.279185 0.468998 0.275881 0.470486 0.276432 0.474702 0.284692 0.482639 0.290749 0.485615 0.300110 0.484127 0.303965 0.482391 0.306718 0.479415 0.306718 0.477927 0.300661 0.472470 0.291300 0.469246
0 0.312775 0.466766 0.305617 0.470486 0.305617 0.475198 0.312225 0.480407 0.317731 0.481647 0.326542 0.482143 0.333700 0.479415 0.337004 0.476190 0.337555 0.473958 0.335352 0.469742 0.331498 0.467262 0.326542 0.466022
0 0.341410 0.476190 0.337555 0.477927 0.334251 0.482639 0.337555 0.486111 0.344163 0.490823 0.350771 0.492808 0.362885 0.492808 0.367291 0.491815 0.374449 0.486607 0.374449 0.482143 0.371696 0.479167 0.366740 0.477183 0.360132 0.475942 0.346916 0.475446
0 0.384912 0.483631 0.378304 0.484623 0.374449 0.486359 0.371145 0.490327 0.375551 0.495040 0.379956 0.497024 0.387665 0.498760 0.396476 0.497768 0.400330 0.496528 0.403634 0.493800 0.404185 0.489087 0.401982 0.486359 0.398128 0.484871 0.389868 0.483631
0 0.436123 0.481399 0.430617 0.480655 0.421256 0.480655 0.411344 0.482639 0.407489 0.484375 0.405286 0.486111 0.403634 0.490327 0.406388 0.493800 0.411344 0.496528 0.421806 0.498016 0.433370 0.495784 0.435573 0.494792 0.443282 0.487599 0.443282 0.485367 0.440529 0.482639
0 0.425661 0.471230 0.417401 0.467758 0.413546 0.467262 0.402533 0.467758 0.392621 0.471478 0.388216 0.478919 0.390969 0.480655 0.400330 0.482143 0.413546 0.482391 0.424559 0.479415 0.428965 0.474454
0 0.359031 0.466518 0.361233 0.474206 0.366189 0.476687 0.377753 0.479663 0.381057 0.479415 0.387115 0.477679 0.390419 0.474702 0.391520 0.471230 0.387115 0.466766 0.372247 0.465278 0.365088 0.465526
0 0.345815 0.455357 0.330396 0.457341 0.327643 0.458581 0.326542 0.461062 0.326542 0.464038 0.328744 0.466518 0.332048 0.467758 0.335352 0.470238 0.342511 0.471974 0.349615 0.472917 0.357159 0.468056 0.360683 0.465526 0.361619 0.462971 0.360352 0.460218 0.356993 0.457564 0.352974 0.455853
0 0.366740 0.455109 0.363987 0.458333 0.363987 0.459821 0.366189 0.463046 0.370044 0.464286 0.378304 0.465526 0.389317 0.466270 0.397026 0.465774 0.403634 0.463294 0.400881 0.458333 0.393722 0.454365 0.388767 0.452629 0.376652 0.451637 0.371145 0.452877
0 0.286344 0.453621 0.283040 0.454365 0.277533 0.456845 0.275881 0.458581 0.276432 0.462550 0.279185 0.465030 0.291300 0.468502 0.299009 0.469246 0.303414 0.468750 0.311123 0.466518 0.312775 0.465030 0.313326 0.462550 0.312225 0.458829 0.309471 0.456597 0.298458 0.453621
0 0.351872 0.441220 0.341410 0.444692 0.337555 0.446677 0.337555 0.451141 0.341960 0.453621 0.350771 0.455605 0.355727 0.455605 0.362335 0.454861 0.366905 0.452009 0.368778 0.449132 0.370595 0.446677 0.367841 0.443700 0.364537 0.442212
0 0.273678 0.443204 0.274780 0.447669 0.276982 0.449405 0.289097 0.452877 0.301211 0.452877 0.305617 0.450893 0.308921 0.447669 0.308370 0.442212 0.303414 0.439980 0.290198 0.439732
0 0.247797 0.444692 0.237885 0.447173 0.234031 0.448909 0.231828 0.450645 0.232379 0.454365 0.236233 0.457837 0.245044 0.462054 0.247247 0.462550 0.257709 0.462550 0.264317 0.461310 0.269824 0.458829 0.272026 0.456101 0.270925 0.451389 0.268722 0.449157 0.259912 0.445188 0.257159 0.444692
0 0.261564 0.426339 0.256608 0.428075 0.253855 0.430556 0.252753 0.436012 0.255507 0.437996 0.261013 0.439980 0.272577 0.442460 0.274780 0.442460 0.284692 0.439484 0.287445 0.437996 0.289648 0.435764 0.287996 0.432044 0.279185 0.427827 0.275330 0.426835 0.267070 0.426091
0 0.195485 0.435516 0.193282 0.438244 0.193282 0.440228 0.195485 0.443204 0.203194 0.445437 0.214758 0.446925 0.221916 0.446429 0.230727 0.444444 0.232379 0.441468 0.232379 0.438244 0.230727 0.435764 0.226322 0.434276 0.212555 0.432292
0 0.120044 0.425595 0.117841 0.427331 0.117291 0.431796 0.120595 0.434524 0.125000 0.436260 0.133260 0.437004 0.143722 0.436756 0.152533 0.434772 0.154736 0.432044 0.153634 0.429563 0.151432 0.427579 0.143722 0.424107 0.136013 0.422867 0.124449 0.423611
0 0.125000 0.389881 0.115088 0.392609 0.113987 0.396577 0.116740 0.398810 0.125000 0.402530 0.134912 0.403522 0.140419 0.401290 0.144824 0.397073 0.143722 0.393105 0.139868 0.390873 0.134912 0.389633
0 0.182819 0.384673 0.178965 0.383929 0.169053 0.383681 0.161894 0.384177 0.159141 0.384921 0.154185 0.388145 0.153634 0.389385 0.154736 0.393601 0.158040 0.396825 0.160793 0.398065 0.171256 0.398313 0.177313 0.397569 0.189427 0.392609 0.190529 0.388393
0 0.238436 0.416171 0.230176 0.417907 0.225771 0.419891 0.223568 0.424355 0.225220 0.428075 0.227974 0.430308 0.235683 0.432540 0.241740 0.432788 0.251101 0.430556 0.256057 0.428323 0.257159 0.423611 0.252753 0.418403 0.248348 0.416419
0 0.300661 0.402282 0.291300 0.403026 0.279736 0.407986 0.276982 0.412202 0.279185 0.414683 0.290749 0.418155 0.302863 0.417907 0.308921 0.415923 0.311674 0.413442 0.312225 0.411458 0.311123 0.408978 0.307269 0.404514
0 0.298458 0.419395 0.289648 0.420635 0.285793 0.422371 0.284141 0.423859 0.284141 0.428075 0.286344 0.430060 0.291850 0.432788 0.301211 0.433284 0.310022 0.429563 0.313877 0.424851 0.313877 0.423115 0.311674 0.421131 0.309471 0.420387
0 0.311123 0.430556 0.308370 0.431548 0.305066 0.437748 0.305066 0.439732 0.310573 0.445685 0.315529 0.447421 0.324890 0.448165 0.328194 0.447917 0.333150 0.446429 0.338106 0.443452 0.336454 0.436756 0.332048 0.433532 0.325991 0.431300 0.319383 0.430308
0 0.378855 0.423859 0.371145 0.422867 0.361784 0.423115 0.350220 0.425099 0.346916 0.426587 0.345264 0.429812 0.345815 0.434524 0.351872 0.439236 0.359581 0.440228 0.366740 0.439980 0.375551 0.438492 0.381057 0.436012 0.383260 0.433036 0.383260 0.427579
0 0.334251 0.411458 0.320485 0.419643 0.323238 0.423859 0.332599 0.425595 0.338656 0.425595 0.349119 0.424603 0.351872 0.423115 0.353524 0.420883 0.350771 0.415675 0.344163 0.411954
0 0.348568 0.407986 0.347467 0.412450 0.352974 0.416419 0.356828 0.417907 0.376652 0.422371 0.379956 0.422371 0.386013 0.421131 0.389868 0.419147 0.391520 0.414931 0.389317 0.412202 0.375551 0.407738 0.369493 0.406498 0.353524 0.406498
0 0.413546 0.421627 0.406388 0.421875 0.401982 0.422619 0.394273 0.427827 0.392621 0.431052 0.394273 0.436012 0.398128 0.437252 0.404736 0.437748 0.412996 0.437004 0.421256 0.434524 0.426211 0.431796 0.426211 0.427331 0.419604 0.423363
0 0.385463 0.437004 0.378855 0.438244 0.375551 0.439732 0.372247 0.442212 0.371696 0.444196 0.373348 0.446677 0.377753 0.449901 0.387115 0.451637 0.395374 0.449901 0.400330 0.447421 0.401432 0.443204 0.398678 0.440972 0.392070 0.437748
0 0.448238 0.439484 0.438877 0.440228 0.433370 0.443204 0.430066 0.446925 0.431167 0.452877 0.434471 0.454613 0.438877 0.455605 0.448238 0.454365 0.459251 0.449653 0.462004 0.447669 0.459802 0.443700
0 0.465308 0.413938 0.454295 0.414435 0.449890 0.415675 0.438877 0.420635 0.436674 0.423611 0.438326 0.426339 0.446035 0.430060 0.449339 0.430556 0.458150 0.430556 0.465859 0.428571 0.467511 0.425843 0.468612 0.419395 0.467511 0.416171
0 0.341410 0.385417 0.334251 0.385417 0.332048 0.385913 0.327093 0.388393 0.323238 0.392609 0.322687 0.397569 0.326542 0.402034 0.328744 0.403026 0.333150 0.403770 0.343062 0.403274 0.349670 0.402034 0.355176 0.399306 0.359031 0.396329 0.359031 0.392361 0.349670 0.386905
0 0.387115 0.372024 0.378855 0.370536 0.368392 0.371280 0.359031 0.374504 0.356278 0.376736 0.355727 0.381696 0.358480 0.385417 0.366189 0.387153 0.371145 0.387401 0.382159 0.385665 0.387115 0.383433 0.390969 0.380952 0.392621 0.377728 0.391520 0.374256
0 0.413546 0.377232 0.400881 0.378472 0.395925 0.379712 0.390419 0.382192 0.388216 0.384921 0.390419 0.388393 0.393172 0.389881 0.403634 0.392113 0.408590 0.391865 0.413546 0.390625 0.419604 0.385169 0.418502 0.379712
0 0.445485 0.390625 0.439427 0.389881 0.430617 0.390625 0.421256 0.394841 0.416850 0.399306 0.416850 0.404514 0.420705 0.406498 0.430066 0.407490 0.438326 0.406994 0.446586 0.405506 0.450441 0.404018 0.454295 0.400546 0.454295 0.396081 0.452093 0.393849
0 0.195485 0.363839 0.186674 0.368304 0.186674 0.373512 0.198789 0.377728 0.207048 0.377976 0.213656 0.376736 0.218062 0.374752 0.219714 0.372520 0.220264 0.369048 0.218612 0.367312 0.215308 0.365823 0.204846 0.363343
0 0.474119 0.435020 0.466960 0.437748 0.465308 0.439236 0.464207 0.443948 0.465308 0.446925 0.466960 0.447917 0.474670 0.449157 0.482930 0.449653 0.489537 0.448661 0.493392 0.447173 0.495044 0.442956 0.492291 0.438740 0.482930 0.433780
0 0.517621 0.437252 0.506608 0.437996 0.497247 0.442956 0.497247 0.447669 0.504405 0.451389 0.507709 0.452133 0.516520 0.452133 0.523128 0.450397 0.525881 0.447669 0.523678 0.439732
0 0.499449 0.451885 0.488436 0.454365 0.485132 0.456597 0.483480 0.459077 0.487335 0.464534 0.495595 0.467510 0.498899 0.468254 0.502753 0.468254 0.507159 0.467510 0.519273 0.463046 0.518722 0.458581 0.513216 0.453869 0.508260 0.452629
0 0.464207 0.455357 0.453744 0.458829 0.453194 0.463542 0.457599 0.467262 0.459802 0.468254 0.465859 0.469246 0.474670 0.467758 0.479075 0.465526 0.481828 0.462302 0.480176 0.459325 0.477423 0.457589 0.471366 0.455853
0 0.448789 0.460069 0.439978 0.459325 0.431167 0.460069 0.423458 0.462798 0.421806 0.466270 0.422357 0.468006 0.425110 0.470982 0.430066 0.474206 0.439427 0.474702 0.446035 0.471230 0.449339 0.468502 0.451542 0.464038 0.451542 0.462302
0 0.454846 0.470238 0.447687 0.470982 0.441630 0.474454 0.441630 0.478919 0.442731 0.481895 0.445485 0.484623 0.452093 0.487103 0.457599 0.487847 0.465859 0.487103 0.472467 0.485119 0.476322 0.481151 0.476872 0.477679 0.474670 0.474454 0.469714 0.471974 0.465308 0.470982
0 0.437225 0.494048 0.438877 0.498264 0.443833 0.500248 0.455947 0.501488 0.463656 0.501240 0.479626 0.498264 0.475771 0.494544 0.469163 0.491567 0.457048 0.489087 0.447687 0.489335 0.441079 0.491319
0 0.542952 0.462054 0.534141 0.461310 0.526982 0.461806 0.520925 0.463294 0.512115 0.466766 0.510463 0.470982 0.525330 0.476190 0.536894 0.475446 0.546256 0.473710 0.550110 0.471230 0.549559 0.466518 0.547357 0.464286
0 0.525881 0.449157 0.522026 0.451141 0.519824 0.454117 0.520925 0.457837 0.524780 0.460565 0.533590 0.461310 0.544053 0.461062 0.553965 0.456597 0.555066 0.455357 0.554515 0.454365 0.541300 0.449405 0.535793 0.448413
0 0.573789 0.460813 0.561123 0.460813 0.554515 0.463046 0.552313 0.465030 0.551762 0.468750 0.553414 0.471974 0.560573 0.475446 0.570485 0.474950 0.578744 0.473462 0.583150 0.471230 0.583700 0.466270 0.578194 0.462302
0 0.589207 0.468254 0.588106 0.469494 0.588656 0.474702 0.590308 0.476438 0.595815 0.478423 0.612885 0.478423 0.618943 0.476935 0.621145 0.474702 0.621696 0.469990 0.620044 0.468254 0.613987 0.466022 0.602974 0.465774 0.591410 0.467262
0 0.582048 0.451637 0.579295 0.454117 0.578194 0.459077 0.579846 0.463046 0.587004 0.465774 0.596916 0.466518 0.609031 0.465030 0.612335 0.463790 0.617291 0.458829 0.614537 0.454861 0.610132 0.452133 0.598018 0.450397 0.587004 0.450645
0 0.579846 0.439236 0.576542 0.443700 0.577093 0.446925 0.580396 0.449653 0.585903 0.450645 0.595815 0.450149 0.600771 0.449405 0.605727 0.447421 0.609031 0.443204 0.604075 0.439732 0.595815 0.437748 0.586454 0.437252
0 0.621145 0.441716 0.613987 0.443204 0.610683 0.446677 0.611233 0.451141 0.617291 0.457093 0.621696 0.459573 0.631608 0.459573 0.637665 0.457589 0.640969 0.455109 0.642621 0.451885 0.642070 0.446925 0.639317 0.444196 0.636564 0.443204 0.631057 0.442212
0 0.587555 0.427579 0.577093 0.426091 0.568833 0.425843 0.559471 0.426587 0.551762 0.428323 0.548458 0.431796 0.551211 0.436756 0.553965 0.438988 0.560573 0.441220 0.570485 0.441468 0.577643 0.440476 0.589758 0.435516 0.592511 0.431052
0 0.608480 0.422867 0.604075 0.425347 0.601872 0.427827 0.605176 0.431796 0.609581 0.433780 0.620595 0.437500 0.632159 0.437500 0.639317 0.436012 0.641520 0.432540 0.640419 0.426587 0.637115 0.423611 0.630507 0.420883 0.624449 0.420387 0.616740 0.420883
0 0.571586 0.415923 0.570485 0.420139 0.577643 0.424851 0.581498 0.425843 0.586454 0.426339 0.599119 0.425843 0.605727 0.423363 0.609031 0.420387 0.609031 0.415675 0.604626 0.413442 0.596366 0.411954 0.586454 0.411954 0.580396 0.412698
0 0.626652 0.415923 0.628855 0.419643 0.633260 0.422123 0.638216 0.423611 0.651432 0.423611 0.655837 0.423115 0.662996 0.420139 0.662445 0.414435 0.659141 0.412450 0.654736 0.411706 0.638767 0.411210 0.632159 0.412698
0 0.666850 0.419147 0.659692 0.421131 0.655286 0.423611 0.658040 0.428323 0.664648 0.431796 0.671806 0.432788 0.677863 0.432788 0.682819 0.432044 0.687225 0.428075 0.687225 0.423363 0.686123 0.422123 0.681718 0.419643 0.678414 0.418899 0.670705 0.418651
0 0.709251 0.422867 0.699339 0.423115 0.690529 0.428323 0.688326 0.431548 0.688877 0.435020 0.690529 0.437252 0.694383 0.438740 0.699890 0.439484 0.709802 0.438988 0.716410 0.436756 0.719163 0.434524 0.720815 0.431796 0.719714 0.427827 0.716960 0.425843
0 0.750551 0.412202 0.740088 0.408730 0.730452 0.409127 0.710352 0.415923 0.712004 0.419891 0.715859 0.421875 0.733480 0.423363 0.743117 0.422520 0.748458 0.420064 0.750991 0.418204 0.751652 0.415079
0 0.718062 0.400050 0.708700 0.400298 0.703744 0.401786 0.699890 0.404018 0.697137 0.407986 0.697137 0.412202 0.702093 0.415179 0.710903 0.415675 0.715859 0.414931 0.725771 0.412202 0.730176 0.409474 0.730727 0.405754 0.729626 0.403770 0.724119 0.401538
0 0.716960 0.396329 0.716410 0.399058 0.714758 0.400546 0.721916 0.401290 0.730727 0.405258 0.734581 0.406250 0.743392 0.405506 0.750000 0.400546 0.747797 0.396081 0.743943 0.394345 0.725220 0.394097
0 0.759361 0.399802 0.751652 0.401042 0.745044 0.403770 0.743392 0.408482 0.746696 0.411458 0.752203 0.413442 0.763216 0.414187 0.768172 0.413690 0.774780 0.411954 0.776432 0.409722 0.776432 0.403026 0.774229 0.401042 0.771476 0.400298
0 0.813326 0.398065 0.807819 0.396329 0.795705 0.396329 0.778634 0.400298 0.777533 0.404514 0.781388 0.408730 0.785793 0.410218 0.804515 0.410466 0.813326 0.408482 0.816079 0.405258 0.816079 0.400298
0 0.820485 0.388889 0.814427 0.391617 0.811123 0.396081 0.815529 0.401786 0.818282 0.403026 0.824339 0.404018 0.839207 0.404018 0.845264 0.400794 0.845815 0.396329 0.839207 0.390625 0.831498 0.389137
0 0.849670 0.395833 0.847467 0.400794 0.850771 0.403522 0.854626 0.405258 0.865088 0.407242 0.875551 0.407490 0.882159 0.406746 0.890419 0.403522 0.892621 0.401786 0.893172 0.400050 0.890969 0.396577 0.887115 0.394593 0.881057 0.392857 0.875000 0.392113 0.861784 0.392113 0.856278 0.392857
0 0.855176 0.380208 0.849670 0.384921 0.851872 0.388641 0.855727 0.390377 0.861233 0.391121 0.876101 0.391617 0.882709 0.390625 0.887115 0.388641 0.888767 0.384425 0.887115 0.382937 0.881608 0.380952 0.873899 0.378968 0.866740 0.378224 0.861233 0.378720
0 0.787445 0.382192 0.781938 0.381696 0.774780 0.381944 0.763767 0.384177 0.758811 0.386409 0.756057 0.388393 0.754956 0.393105 0.757159 0.396081 0.760463 0.398065 0.767621 0.399306 0.779736 0.399306 0.786344 0.398562 0.796256 0.395585 0.799009 0.392857 0.797907 0.387897 0.793502 0.384425
0 0.752203 0.380208 0.742291 0.378720 0.733480 0.379712 0.726872 0.382440 0.724119 0.384673 0.724119 0.388641 0.725771 0.390377 0.730727 0.392609 0.734031 0.393353 0.743943 0.393353 0.753855 0.390377 0.756608 0.387649 0.757709 0.384425
0 0.697687 0.400050 0.691630 0.397321 0.682819 0.395089 0.671256 0.395833 0.663546 0.399058 0.656938 0.404266 0.657489 0.408482 0.664648 0.412202 0.683370 0.412946 0.686674 0.412202 0.698238 0.406994 0.699890 0.404266
0 0.639317 0.390873 0.636013 0.392609 0.634912 0.396081 0.634912 0.400546 0.638767 0.404018 0.647577 0.405506 0.656938 0.405010 0.661894 0.400546 0.663546 0.396825 0.661894 0.392609 0.657489 0.391121 0.648678 0.389633
0 0.621145 0.399554 0.614537 0.400298 0.607930 0.402282 0.604075 0.406002 0.603524 0.410218 0.605176 0.412450 0.610683 0.414683 0.614537 0.415427 0.623348 0.415923 0.628855 0.414931 0.634912 0.412202 0.637115 0.409226 0.637665 0.404266 0.627203 0.400298
0 0.564427 0.378472 0.561123 0.377480 0.550661 0.377480 0.541300 0.378968 0.529736 0.384673 0.532489 0.388393 0.539097 0.389881 0.550661 0.390625 0.562225 0.389137 0.565529 0.387401 0.567181 0.385417 0.566630 0.380704
0 0.535242 0.393849 0.525881 0.394593 0.519824 0.396329 0.515419 0.400050 0.515419 0.404266 0.516520 0.405754 0.525881 0.409226 0.534141 0.406994 0.535793 0.405754 0.538546 0.396081
0 0.508811 0.370536 0.501652 0.371528 0.497797 0.373016 0.496696 0.374504 0.491740 0.377232 0.489537 0.380456 0.492291 0.385417 0.494493 0.386657 0.500000 0.387897 0.509361 0.388145 0.517070 0.386657 0.519824 0.385169 0.521476 0.382937 0.522026 0.376488 0.518172 0.373016
0 0.542952 0.357639 0.534692 0.360863 0.530837 0.364583 0.531388 0.369296 0.542401 0.372768 0.557269 0.372024 0.560022 0.371032 0.565529 0.366567 0.566079 0.365079 0.563326 0.361607 0.558921 0.359375 0.552863 0.357887
0 0.564978 0.368056 0.561674 0.371776 0.561674 0.373760 0.564978 0.377232 0.569934 0.378224 0.578194 0.378720 0.588656 0.378720 0.593612 0.377232 0.591410 0.372272 0.583150 0.366815 0.573789 0.366319
0 0.604075 0.365575 0.596916 0.369048 0.593062 0.373264 0.603524 0.377976 0.613987 0.378224 0.620044 0.377480 0.621696 0.376488 0.623348 0.373016 0.623899 0.368800 0.622247 0.367063 0.613436 0.365575
0 0.590859 0.348239 0.584747 0.350769 0.580452 0.357093 0.584857 0.361855 0.592786 0.363666 0.602974 0.363814 0.613271 0.360937 0.615088 0.358135 0.613656 0.352679 0.616134 0.351290 0.607874 0.348487 0.597412 0.347743
0 0.626982 0.347272 0.614262 0.353100 0.615529 0.358929 0.618282 0.362500 0.625551 0.365327 0.629405 0.365823 0.639317 0.365327 0.650330 0.361607 0.654130 0.357068 0.649229 0.353175 0.639868 0.349454
0 0.665198 0.358383 0.656388 0.359127 0.647577 0.365079 0.647026 0.369296 0.650881 0.370288 0.655837 0.373264 0.669053 0.373264 0.674009 0.372272 0.678414 0.369296 0.677863 0.364583 0.674009 0.360615
0 0.735132 0.362599 0.724119 0.362847 0.718612 0.363839 0.709802 0.369544 0.709251 0.373016 0.712555 0.375744 0.717511 0.377728 0.725220 0.379216 0.735132 0.378968 0.738436 0.377976 0.740088 0.376488 0.740639 0.368056 0.738436 0.364831
0 0.878855 0.351438 0.872247 0.353671 0.868943 0.357143 0.870595 0.361359 0.873899 0.364087 0.877753 0.365327 0.884912 0.365823 0.891520 0.365575 0.900330 0.363591 0.904185 0.361359 0.905286 0.357143 0.900881 0.353671 0.895925 0.351687 0.891520 0.350942 0.882159 0.350942
0 0.848568 0.302579 0.838656 0.302083 0.824339 0.306548 0.820485 0.310020 0.819934 0.314732 0.822137 0.315972 0.827093 0.316716 0.830947 0.318452 0.839207 0.318948 0.848018 0.317708 0.852423 0.315724 0.854075 0.314236 0.854626 0.310516 0.852974 0.306300
0 0.673458 0.329365 0.665749 0.331845 0.660738 0.334077 0.660573 0.340451 0.667401 0.342758 0.674009 0.344494 0.683370 0.343998 0.692731 0.341518 0.694383 0.339782 0.694383 0.336558 0.692181 0.334325 0.683370 0.329861
0 0.578744 0.339782 0.570485 0.338790 0.563326 0.339286 0.557819 0.340278 0.552863 0.342262 0.548458 0.345238 0.550661 0.351190 0.555066 0.353919 0.560573 0.354911 0.569934 0.354911 0.577643 0.353919 0.584251 0.351687 0.584471 0.348140 0.585022 0.344717 0.584251 0.342014
0 0.544604 0.329861 0.534141 0.331845 0.528084 0.333829 0.525330 0.337302 0.525881 0.339534 0.529185 0.342262 0.534692 0.343998 0.542952 0.344742 0.552313 0.342262 0.557819 0.338046 0.556167 0.333829
0 0.563877 0.325893 0.561674 0.330605 0.564978 0.334573 0.579295 0.339534 0.587555 0.340278 0.596421 0.337426 0.600385 0.334053 0.602203 0.331548 0.601432 0.329241 0.595815 0.325397 0.587555 0.323413 0.575991 0.323413
0 0.588106 0.302331 0.574890 0.303819 0.566079 0.309772 0.563326 0.313492 0.563877 0.318948 0.567731 0.320685 0.577093 0.322917 0.587004 0.322917 0.593062 0.320437 0.597467 0.317708 0.600275 0.310739 0.600220 0.306796 0.594714 0.303819
0 0.622247 0.308780 0.612335 0.308780 0.606828 0.309524 0.604075 0.310764 0.602423 0.313492 0.603524 0.323661 0.604626 0.324901 0.612885 0.327877 0.622247 0.326637 0.630396 0.316468 0.631553 0.314360 0.630892 0.312351 0.627588 0.310491
0 0.656388 0.302579 0.645925 0.307044 0.642070 0.309524 0.638216 0.313492 0.638216 0.315724 0.640419 0.318452 0.647577 0.321925 0.654736 0.323413 0.663546 0.323413 0.669548 0.320883 0.673128 0.317758 0.673733 0.313666 0.673678 0.308457 0.672357 0.304812 0.666850 0.303075
0 0.551211 0.294643 0.544053 0.296875 0.542401 0.298363 0.541300 0.303075 0.546806 0.306796 0.552313 0.308284 0.561123 0.309276 0.567181 0.307292 0.570099 0.303125 0.571035 0.298859 0.566630 0.296379 0.562225 0.295139
0 0.508811 0.292907 0.501101 0.298611 0.501101 0.302827 0.503855 0.305556 0.508260 0.307292 0.515419 0.308284 0.526432 0.308036 0.530286 0.307044 0.538546 0.303075 0.539648 0.297867 0.537445 0.295387 0.533040 0.293403 0.527533 0.292163 0.515969 0.292163
0 0.497797 0.313740 0.491189 0.314980 0.484581 0.318204 0.481278 0.321925 0.481278 0.326637 0.486233 0.329117 0.491189 0.330605 0.500000 0.331101 0.508811 0.329861 0.514868 0.325893 0.516520 0.322173 0.514868 0.318204 0.511564 0.316468 0.503855 0.313988
0 0.454846 0.308780 0.447687 0.310020 0.442181 0.312996 0.437225 0.317708 0.437225 0.321925 0.438877 0.323413 0.447687 0.325397 0.457048 0.326637 0.465308 0.325397 0.468062 0.324405 0.470815 0.321925 0.471916 0.317212 0.469714 0.312004 0.466960 0.310764 0.460352 0.309276
0 0.420154 0.304067 0.414097 0.305556 0.408040 0.309028 0.406938 0.310764 0.412996 0.318948 0.430066 0.318700 0.434471 0.316964 0.437225 0.314236 0.438326 0.310268 0.436674 0.307540 0.430617 0.304067
0 0.466960 0.295387 0.462555 0.298611 0.464207 0.306052 0.466410 0.308284 0.469163 0.309524 0.473018 0.310268 0.484581 0.310020 0.491740 0.309028 0.497247 0.306796 0.500551 0.302827 0.498348 0.298611 0.491740 0.295635 0.483480 0.293651 0.473568 0.293651
0 0.395925 0.294395 0.386564 0.295139 0.377203 0.299107 0.374449 0.302331 0.376652 0.307540 0.385463 0.310516 0.394273 0.311508 0.401432 0.310516 0.408040 0.306796 0.409692 0.302827 0.405286 0.296379 0.401432 0.295139
0 0.359581 0.282490 0.351872 0.283482 0.345815 0.286706 0.341410 0.290675 0.341410 0.295883 0.343062 0.298363 0.351872 0.301835 0.361784 0.302331 0.374449 0.299107 0.375000 0.290675 0.372797 0.286458 0.363987 0.283234
0 0.419053 0.289435 0.410793 0.291667 0.405837 0.295139 0.407489 0.299107 0.410242 0.301339 0.417401 0.303819 0.423458 0.304067 0.429130 0.301364 0.433921 0.298363 0.435022 0.294643 0.433370 0.291419 0.431718 0.290427 0.424559 0.289435
0 0.467511 0.286706 0.461454 0.285962 0.447137 0.286210 0.439427 0.288938 0.437225 0.291171 0.436674 0.294891 0.438326 0.296627 0.447687 0.300595 0.456498 0.299851 0.469163 0.293899 0.471366 0.290427
0 0.386013 0.353175 0.378304 0.354167 0.372797 0.356151 0.366189 0.359375 0.365088 0.362103 0.367841 0.365079 0.373348 0.368304 0.377753 0.369792 0.388216 0.371280 0.397577 0.368800 0.400330 0.364831 0.400330 0.360863 0.395925 0.355903 0.390419 0.353671
0 0.352423 0.352927 0.341960 0.353423 0.334251 0.356399 0.330947 0.360863 0.332048 0.365327 0.334251 0.367560 0.339758 0.369296 0.344714 0.369544 0.352423 0.368800 0.360132 0.363343 0.363987 0.361607 0.363436 0.357391 0.359581 0.356399
0 0.317181 0.325149 0.308921 0.326637 0.304515 0.328373 0.302863 0.329861 0.302863 0.334325 0.316079 0.342510 0.318833 0.342758 0.325991 0.342262 0.332048 0.339782 0.335352 0.336558 0.335903 0.332341 0.334802 0.329365 0.328194 0.326389
0 0.256057 0.332341 0.246696 0.333333 0.238436 0.335813 0.236784 0.342014 0.238987 0.344742 0.242291 0.345982 0.250551 0.347718 0.257709 0.348214 0.265969 0.345982 0.269273 0.342262 0.269273 0.337550 0.265419 0.333829
0 0.186123 0.335565 0.179515 0.338046 0.177313 0.342014 0.180066 0.345734 0.184471 0.348214 0.189978 0.349702 0.194383 0.350198 0.201542 0.349702 0.209251 0.346726 0.212555 0.341518 0.209251 0.339038 0.202093 0.336310 0.197137 0.335565
0 0.110132 0.332589 0.107930 0.334325 0.106828 0.338542 0.108480 0.340774 0.111784 0.342262 0.125000 0.345982 0.138216 0.345982 0.144273 0.344742 0.145925 0.342262 0.142621 0.337798 0.131057 0.332341 0.125551 0.330853 0.116189 0.330605
0 0.184471 0.322917 0.181718 0.325645 0.181167 0.330605 0.186674 0.334077 0.193833 0.334821 0.200441 0.334573 0.207599 0.333581 0.212555 0.331845 0.213656 0.330605 0.212555 0.327877 0.209802 0.325645 0.202093 0.322173 0.197137 0.321181 0.192731 0.321181 0.187225 0.321925
0 0.241189 0.312996 0.234581 0.314236 0.230176 0.316220 0.227974 0.322917 0.230176 0.326389 0.236784 0.329117 0.238987 0.331101 0.247797 0.331349 0.256608 0.329117 0.259361 0.327381 0.263767 0.322669 0.263216 0.318452 0.259912 0.315724 0.256608 0.314236 0.250000 0.312996
0 0.159141 0.304315 0.154185 0.306796 0.163546 0.314484 0.168502 0.315476 0.178414 0.315476 0.180617 0.314980 0.187775 0.310516 0.189427 0.306548 0.187225 0.304812 0.178414 0.302579 0.167952 0.302579
0 0.125551 0.301587 0.122797 0.302579 0.120044 0.306052 0.121696 0.310268 0.127753 0.315476 0.134912 0.318204 0.143722 0.315228 0.148678 0.310516 0.149780 0.306548 0.143172 0.302579 0.134912 0.301339
0 0.126101 0.265129 0.120044 0.266369 0.113987 0.269345 0.111784 0.271329 0.112885 0.275298 0.117841 0.277778 0.123348 0.278770 0.134912 0.278770 0.143722 0.276042 0.145374 0.271329 0.143722 0.269593 0.138767 0.267113
0 0.273128 0.284722 0.266520 0.286954 0.262115 0.290923 0.262115 0.295139 0.264868 0.298859 0.273678 0.302827 0.283590 0.303819 0.291850 0.302083 0.296806 0.298859 0.296806 0.290923 0.288546 0.286706 0.283040 0.285466
0 0.323789 0.270337 0.317731 0.271329 0.307819 0.274802 0.308370 0.279514 0.314978 0.283234 0.322687 0.284474 0.329846 0.284474 0.333700 0.283978 0.336454 0.282490 0.338656 0.274802 0.334802 0.271329 0.331498 0.270585
0 0.256057 0.272321 0.244493 0.275546 0.241740 0.278274 0.242841 0.282490 0.245044 0.283978 0.256057 0.286706 0.265419 0.286458 0.272026 0.283234 0.276432 0.280010 0.276432 0.275298 0.263216 0.272817
0 0.212555 0.276042 0.204295 0.279018 0.203194 0.283482 0.208150 0.286954 0.213106 0.289187 0.222467 0.290427 0.230727 0.287946 0.234581 0.282738 0.232930 0.281002 0.227974 0.279018
0 0.219163 0.261657 0.213106 0.262649 0.209802 0.264385 0.207048 0.267361 0.207048 0.271577 0.212555 0.276042 0.221916 0.277034 0.229075 0.276042 0.240088 0.273065 0.241740 0.271081 0.239537 0.267609 0.231278 0.263393 0.223018 0.261657
0 0.138216 0.244048 0.133811 0.245536 0.131608 0.252232 0.134361 0.257688 0.135463 0.258185 0.143722 0.258681 0.153634 0.255952 0.158590 0.252232 0.158040 0.248016 0.151982 0.245288 0.144273 0.243800
0 0.125551 0.231399 0.117291 0.235863 0.117291 0.240575 0.124449 0.242312 0.129405 0.242808 0.134361 0.244296 0.143722 0.243800 0.147026 0.242312 0.148678 0.240575 0.144824 0.236111 0.136013 0.232143
0 0.273678 0.244792 0.262115 0.249256 0.261013 0.250992 0.261013 0.256448 0.264868 0.259673 0.273128 0.261905 0.281388 0.261657 0.291300 0.258433 0.294053 0.255704 0.291850 0.252232 0.287996 0.249008 0.283040 0.246776
0 0.360132 0.261657 0.354626 0.263393 0.351322 0.265377 0.349670 0.269097 0.350220 0.272569 0.351872 0.274058 0.360132 0.277034 0.366189 0.277530 0.376101 0.277034 0.379405 0.275794 0.382159 0.272321 0.383260 0.267857 0.382159 0.265625 0.376101 0.262649 0.371145 0.261409
0 0.380507 0.280506 0.377203 0.282738 0.378304 0.287450 0.381057 0.289931 0.387115 0.292411 0.393722 0.293155 0.404185 0.292659 0.410242 0.291171 0.415198 0.288442 0.416300 0.287202 0.415198 0.284226 0.410242 0.279266 0.405286 0.278522 0.394273 0.278274 0.383811 0.279514
0 0.474670 0.278447 0.472963 0.284598 0.476377 0.288393 0.486233 0.291667 0.492291 0.292659 0.501652 0.292163 0.507709 0.291171 0.511013 0.286458 0.510463 0.282738 0.506608 0.278522 0.500000 0.277034 0.490639 0.276538
0 0.510077 0.275025 0.507819 0.279340 0.513216 0.283482 0.521476 0.285714 0.525330 0.287450 0.534692 0.286954 0.542952 0.283234 0.544053 0.279018 0.536894 0.275298 0.528634 0.274306
0 0.560573 0.263889 0.550991 0.267386 0.544934 0.270337 0.543447 0.276240 0.548789 0.281200 0.556718 0.281994 0.562225 0.282738 0.569934 0.282242 0.577093 0.279514 0.580396 0.276042 0.582048 0.271329 0.579846 0.268353 0.576542 0.266369 0.569383 0.264633
0 0.414097 0.258929 0.408590 0.262153 0.404185 0.266617 0.404185 0.268353 0.409141 0.271329 0.414648 0.273065 0.430066 0.274306 0.438877 0.272569 0.439978 0.271825 0.440529 0.267361 0.435573 0.262649 0.428414 0.259177 0.425110 0.258433 0.418502 0.258185
0 0.613436 0.277530 0.605727 0.276290 0.595815 0.276538 0.589758 0.278026 0.585352 0.280010 0.583150 0.282490 0.582599 0.287202 0.588656 0.291667 0.594163 0.292411 0.602974 0.291915 0.613987 0.287946 0.617841 0.283978 0.617841 0.279762
0 0.656388 0.286706 0.651432 0.289187 0.649229 0.291419 0.648678 0.295387 0.651982 0.299355 0.657489 0.301339 0.663546 0.301835 0.676762 0.301587 0.680617 0.300843 0.682819 0.299851 0.686674 0.295387 0.685573 0.291171 0.683370 0.289435 0.677863 0.287202 0.672357 0.286210 0.663546 0.285714
0 0.681718 0.275298 0.674009 0.272569 0.665749 0.272073 0.651982 0.274306 0.640969 0.278770 0.640969 0.283234 0.647577 0.284970 0.655286 0.285962 0.677313 0.285962 0.681718 0.284474 0.683921 0.281250 0.683921 0.278522
0 0.674559 0.254216 0.665198 0.255456 0.656938 0.259921 0.653469 0.263393 0.653139 0.268254 0.664648 0.270585 0.674559 0.270337 0.678414 0.269593 0.682269 0.268105 0.683590 0.263988 0.683040 0.258333 0.681718 0.255952
0 0.707434 0.254216 0.698238 0.253224 0.693833 0.253968 0.688877 0.255952 0.686123 0.259177 0.682874 0.267932 0.685683 0.272024 0.700441 0.270089 0.705947 0.267609 0.710187 0.265724 0.713822 0.263120 0.716244 0.259251 0.713326 0.256200
0 0.716960 0.268353 0.708150 0.267857 0.694383 0.272569 0.689978 0.275298 0.687775 0.279018 0.688877 0.282738 0.699890 0.286706 0.709802 0.286210 0.715308 0.285218 0.717896 0.283259 0.722467 0.281250 0.722852 0.278348 0.722687 0.274454 0.722467 0.271329
0 0.725771 0.254712 0.722467 0.255704 0.717511 0.259673 0.715859 0.264385 0.718062 0.267361 0.723018 0.270585 0.729626 0.272817 0.732930 0.273313 0.742841 0.272817 0.751652 0.267113 0.750220 0.263963 0.749284 0.260243 0.741740 0.255456 0.735132 0.254216
0 0.770925 0.280506 0.761013 0.280506 0.746696 0.283978 0.739427 0.287450 0.738877 0.291245 0.742126 0.293279 0.746145 0.293899 0.751652 0.295387 0.760463 0.296627 0.768557 0.293998 0.770209 0.289062 0.775330 0.283978 0.774229 0.281746
0 0.789372 0.269965 0.785352 0.277183 0.791410 0.278274 0.798458 0.280754 0.803359 0.280332 0.808976 0.280804 0.818282 0.280283 0.823238 0.279514 0.825826 0.274975 0.825110 0.272321 0.819769 0.268750 0.814427 0.266369 0.803965 0.265873
0 0.796476 0.253547 0.784692 0.252976 0.773733 0.256870 0.769163 0.261384 0.772026 0.264633 0.774229 0.266865 0.778084 0.268353 0.785242 0.269345 0.795154 0.268849 0.802863 0.266617 0.806167 0.264881 0.808921 0.259921 0.808370 0.258681 0.801762 0.254861
0 0.657489 0.251984 0.648678 0.249504 0.637665 0.249752 0.629405 0.250992 0.622247 0.255704 0.625000 0.260169 0.630507 0.263641 0.639868 0.264137 0.644273 0.262401 0.654185 0.260417 0.660242 0.255952
0 0.691630 0.234375 0.682269 0.234871 0.676762 0.238095 0.670154 0.243800 0.669053 0.249008 0.670705 0.250744 0.676211 0.252728 0.682269 0.253968 0.691630 0.253472 0.700991 0.250248 0.703744 0.246776 0.703744 0.238839 0.698238 0.235863
0 0.848568 0.191716 0.837555 0.192956 0.824890 0.197173 0.824890 0.201885 0.830947 0.205357 0.838106 0.207093 0.849119 0.207093 0.857930 0.205109 0.863436 0.201637 0.862885 0.197421 0.860683 0.195685 0.855176 0.193204
0 0.743943 0.163194 0.732379 0.163690 0.725771 0.165179 0.723568 0.166667 0.722467 0.170635 0.724670 0.174355 0.729075 0.177827 0.734031 0.179067 0.743392 0.177827 0.748348 0.173611 0.749449 0.170635 0.748348 0.165923
0 0.759912 0.133681 0.750551 0.134673 0.748899 0.136161 0.743392 0.138641 0.742291 0.144345 0.742841 0.146329 0.745044 0.147569 0.751652 0.149802 0.761013 0.151290 0.769824 0.148562 0.773678 0.146577 0.775330 0.141369 0.773678 0.137897 0.769824 0.134673
0 0.630507 0.234871 0.621696 0.234623 0.613987 0.236111 0.610132 0.240079 0.614537 0.244296 0.621696 0.246776 0.630507 0.245536 0.637665 0.240823 0.633811 0.236111
0 0.602423 0.241319 0.595264 0.242063 0.589758 0.243800 0.587004 0.245784 0.585903 0.248512 0.595264 0.253720 0.604626 0.254464 0.612335 0.251984 0.613436 0.246776 0.611784 0.243056 0.606278 0.241319
0 0.564978 0.251488 0.562225 0.250744 0.550110 0.250744 0.544604 0.251488 0.535793 0.253968 0.532489 0.255704 0.530837 0.258433 0.530837 0.260169 0.534692 0.263393 0.542401 0.265129 0.552313 0.264881 0.557819 0.263889 0.563326 0.261161 0.568833 0.255952
0 0.526982 0.243800 0.515419 0.244048 0.507709 0.247024 0.502203 0.251488 0.502203 0.253224 0.504405 0.257440 0.508260 0.259673 0.519273 0.259673 0.528084 0.255952 0.529736 0.254216 0.535793 0.251984 0.533040 0.247768
0 0.482379 0.230407 0.480727 0.231895 0.482379 0.237351 0.485132 0.240079 0.491189 0.243552 0.496145 0.244792 0.501652 0.245288 0.507159 0.244544 0.515419 0.241815 0.518172 0.239087 0.519273 0.236359 0.513216 0.232391 0.503304 0.230159 0.500000 0.228671 0.490088 0.228423