0 0.692754 0.203500 0.685990 0.208500 0.684058 0.217000 0.693720 0.230000 0.699517 0.234000 0.705314 0.235500 0.717874 0.235500 0.731401 0.233500 0.738164 0.229000 0.737198 0.224000 0.714010 0.208000 0.701449 0.203500
0 0.261836 0.734500 0.247343 0.737000 0.235749 0.742500 0.230918 0.747000 0.226087 0.758500 0.228986 0.766500 0.228019 0.776000 0.230918 0.778000 0.264734 0.774000 0.285024 0.765500 0.292754 0.759000 0.295652 0.753000 0.294686 0.746000 0.271498 0.739500
0 0.326570 0.740000 0.316908 0.742500 0.308213 0.747500 0.303382 0.752500 0.303382 0.759000 0.310145 0.767500 0.314976 0.770500 0.323671 0.773000 0.337198 0.773000 0.343961 0.771500 0.351691 0.767500 0.360386 0.760000 0.361353 0.755500 0.354589 0.748000 0.344928 0.742000 0.337198 0.740000
0 0.217391 0.699000 0.207729 0.699000 0.200000 0.701000 0.185507 0.706500 0.175845 0.712500 0.170048 0.718000 0.169082 0.725500 0.172947 0.729500 0.180676 0.733000 0.189372 0.734500 0.205797 0.734000 0.215459 0.732000 0.228019 0.725500 0.231884 0.721000 0.233816 0.710000 0.223188 0.701000
0 0.250242 0.712500 0.247343 0.717000 0.257005 0.724500 0.260870 0.733500 0.272464 0.740000 0.284058 0.743000 0.295652 0.743500 0.313043 0.740000 0.324638 0.733500 0.328502 0.727000 0.329469 0.719000 0.328502 0.716500 0.321739 0.712500 0.308213 0.709000 0.285990 0.707500
0 0.349758 0.707500 0.338164 0.712000 0.333333 0.716500 0.331401 0.721000 0.331401 0.733000 0.337198 0.738000 0.348792 0.742500 0.374879 0.741500 0.389372 0.736500 0.405797 0.728000 0.407729 0.723500 0.400000 0.720500 0.394203 0.713000 0.381643 0.708000 0.371014 0.707000
0 0.414493 0.739000 0.402899 0.737000 0.390338 0.737000 0.378744 0.741000 0.371981 0.750000 0.370048 0.756500 0.371014 0.764000 0.380676 0.765500 0.398068 0.764500 0.413527 0.759000 0.424155 0.753500 0.424155 0.745500
0 0.442512 0.728000 0.432850 0.732500 0.427053 0.741000 0.426087 0.746500 0.428986 0.756000 0.433816 0.759500 0.448309 0.765000 0.462802 0.765000 0.474396 0.763500 0.479227 0.761500 0.493720 0.745500 0.489855 0.733000 0.481159 0.730000 0.459903 0.730000
0 0.485990 0.753500 0.482126 0.759000 0.482126 0.767500 0.485990 0.772000 0.493720 0.775000 0.509179 0.777000 0.525604 0.776500 0.535266 0.774500 0.543961 0.770000 0.545894 0.768000 0.545894 0.759500 0.536232 0.750500 0.511111 0.751000 0.504348 0.749000 0.493720 0.749000
0 0.541063 0.714000 0.532367 0.713500 0.509179 0.719000 0.500483 0.725000 0.498551 0.729500 0.494686 0.732500 0.495652 0.741000 0.500483 0.746000 0.509179 0.750000 0.528502 0.750000 0.539130 0.744500 0.543961 0.735000 0.545894 0.725000 0.544928 0.716500
0 0.595169 0.732000 0.577778 0.730500 0.565217 0.727000 0.555556 0.728000 0.546860 0.732500 0.544928 0.735000 0.541063 0.749500 0.543961 0.756000 0.548792 0.758000 0.565217 0.758000 0.583575 0.751000 0.596135 0.749500 0.602899 0.745000 0.602899 0.740000
0 0.584541 0.751000 0.572947 0.756000 0.564251 0.762000 0.563285 0.768500 0.572947 0.776000 0.585507 0.779500 0.594203 0.780500 0.609662 0.780000 0.618357 0.775500 0.622222 0.756000 0.618357 0.752500 0.611594 0.750500 0.594203 0.750000
0 0.546860 0.695000 0.544928 0.697000 0.547826 0.701000 0.545894 0.704000 0.545894 0.712500 0.560386 0.723500 0.569082 0.727500 0.584541 0.730500 0.595169 0.730500 0.603865 0.727500 0.623188 0.713500 0.624155 0.707500 0.620290 0.703000 0.611594 0.699000 0.600000 0.696500 0.586473 0.691000 0.565217 0.691000
0 0.457005 0.705000 0.441546 0.717500 0.442512 0.725500 0.450242 0.728500 0.467633 0.729500 0.488889 0.724500 0.492754 0.721500 0.491787 0.719500 0.476329 0.716000 0.461836 0.706500
0 0.457971 0.697000 0.456039 0.701500 0.468599 0.711000 0.475362 0.714500 0.488889 0.718500 0.504348 0.719500 0.515942 0.717000 0.523671 0.713000 0.528502 0.701500 0.527536 0.697000 0.512077 0.690500 0.494686 0.687000 0.480193 0.686500 0.472464 0.689000
0 0.383575 0.686500 0.380676 0.688500 0.377778 0.698500 0.379710 0.706000 0.396135 0.714000 0.414493 0.718500 0.430918 0.719000 0.438647 0.717500 0.448309 0.710500 0.454106 0.703500 0.453140 0.698000 0.438647 0.689500 0.415459 0.683000 0.407729 0.682000 0.400966 0.682500
0 0.359420 0.675500 0.342995 0.678500 0.328502 0.678500 0.314010 0.681500 0.300483 0.687000 0.296618 0.693000 0.297585 0.699000 0.305314 0.706000 0.311111 0.709000 0.319807 0.710500 0.336232 0.710000 0.345894 0.707000 0.356522 0.701500 0.359420 0.698000 0.360386 0.685500 0.367150 0.681500 0.367150 0.677500
0 0.269565 0.658000 0.257005 0.658000 0.245411 0.659500 0.222222 0.668500 0.212560 0.676000 0.212560 0.682500 0.209662 0.690500 0.212560 0.692500 0.224155 0.694000 0.235749 0.698000 0.248309 0.698500 0.263768 0.696000 0.281159 0.689000 0.290821 0.682000 0.292754 0.675500 0.284058 0.664500 0.276329 0.660000
0 0.218357 0.634500 0.210628 0.633500 0.200000 0.634500 0.179710 0.640500 0.171981 0.648000 0.161353 0.654000 0.162319 0.658500 0.171981 0.664000 0.188406 0.666500 0.204831 0.667500 0.211594 0.667000 0.216425 0.664500 0.225121 0.663000 0.230918 0.656000 0.230918 0.651500 0.226087 0.640000
0 0.139130 0.619000 0.133333 0.622000 0.129469 0.626500 0.124638 0.638500 0.124638 0.646000 0.127536 0.650000 0.133333 0.653500 0.139130 0.655000 0.149758 0.655500 0.161353 0.654000 0.168116 0.650500 0.181643 0.638500 0.179710 0.634000 0.171014 0.627000 0.164251 0.626000 0.148792 0.619500
0 0.169082 0.595000 0.161353 0.597000 0.155556 0.604000 0.152657 0.610500 0.153623 0.620000 0.161353 0.624500 0.168116 0.626000 0.184541 0.626000 0.201932 0.621500 0.210628 0.615500 0.211594 0.611000 0.204831 0.599500 0.193237 0.595500
0 0.231884 0.588000 0.216425 0.591000 0.209662 0.595500 0.207729 0.599500 0.213527 0.612000 0.222222 0.618500 0.226087 0.619500 0.231884 0.619500 0.237681 0.617000 0.251208 0.615500 0.257971 0.612500 0.261836 0.608000 0.258937 0.599500 0.251208 0.592000
0 0.291787 0.614500 0.285990 0.613500 0.260870 0.613500 0.233816 0.619500 0.226087 0.625500 0.225121 0.632000 0.228019 0.637000 0.240580 0.644000 0.250242 0.646000 0.261836 0.645500 0.273430 0.642500 0.282126 0.638500 0.289855 0.631000 0.294686 0.621500 0.294686 0.617500
0 0.314010 0.637500 0.308213 0.642500 0.308213 0.648000 0.315942 0.662000 0.330435 0.668000 0.344928 0.667000 0.353623 0.663000 0.364251 0.654500 0.365217 0.645500 0.362319 0.642000 0.353623 0.638000 0.333333 0.638500
0 0.353623 0.597500 0.332367 0.602500 0.318841 0.609500 0.305314 0.619000 0.305314 0.627500 0.314010 0.633000 0.323671 0.636000 0.336232 0.638000 0.345894 0.638000 0.354589 0.633500 0.360386 0.627500 0.363285 0.620500 0.363285 0.613500 0.361353 0.611500 0.359420 0.599000
0 0.380676 0.614500 0.364251 0.622000 0.362319 0.635500 0.367150 0.646000 0.373913 0.650500 0.387440 0.652000 0.399034 0.648000 0.405797 0.647000 0.422222 0.638500 0.426087 0.632000 0.425121 0.622000 0.421256 0.619000 0.397101 0.616500 0.393237 0.615000
0 0.410628 0.646500 0.395169 0.651000 0.384541 0.656500 0.380676 0.661000 0.381643 0.669500 0.393237 0.677000 0.403865 0.680000 0.429952 0.680000 0.436715 0.678500 0.441546 0.674000 0.445411 0.665500 0.444444 0.657500 0.436715 0.650000 0.429952 0.647500
0 0.483092 0.655500 0.469565 0.657000 0.456039 0.662500 0.452174 0.665500 0.452174 0.683500 0.457005 0.688000 0.466667 0.689000 0.481159 0.685500 0.495652 0.674000 0.497585 0.670000 0.496618 0.662000 0.487923 0.656500
0 0.485990 0.623000 0.475362 0.620500 0.457971 0.620000 0.447343 0.624500 0.442512 0.630000 0.440580 0.647500 0.443478 0.652000 0.449275 0.655000 0.464734 0.655000 0.476329 0.653500 0.490821 0.646500 0.496618 0.639500 0.497585 0.631000 0.493720 0.626500
0 0.534300 0.587000 0.527536 0.586000 0.505314 0.587000 0.495652 0.589500 0.485024 0.595500 0.478261 0.603500 0.478261 0.608500 0.485024 0.616000 0.493720 0.620000 0.503382 0.622000 0.520773 0.622000 0.536232 0.619500 0.542029 0.615500 0.546860 0.608500 0.546860 0.599000 0.543961 0.592000
0 0.413527 0.579000 0.398068 0.582000 0.389372 0.582000 0.382609 0.583500 0.370048 0.595500 0.369082 0.602500 0.372947 0.608000 0.380676 0.612500 0.396135 0.615500 0.407729 0.615500 0.420290 0.614000 0.429952 0.610000 0.434783 0.604000 0.430918 0.595500 0.426087 0.593000 0.421256 0.588000 0.421256 0.584500
0 0.173913 0.572000 0.160386 0.568500 0.150725 0.567500 0.138164 0.568000 0.124638 0.572000 0.118841 0.580500 0.118841 0.586500 0.123671 0.593000 0.135266 0.597500 0.145894 0.598000 0.157488 0.597000 0.176812 0.592000 0.181643 0.588500 0.181643 0.582500 0.177778 0.575000
0 0.231884 0.561000 0.216425 0.559000 0.207729 0.559500 0.195169 0.565000 0.184541 0.565000 0.180676 0.567000 0.178744 0.571000 0.179710 0.579000 0.182609 0.584000 0.189372 0.588500 0.199034 0.590500 0.211594 0.590500 0.235749 0.586000 0.245411 0.581500 0.252174 0.573500 0.252174 0.571000
0 0.266667 0.574500 0.253140 0.583500 0.251208 0.586500 0.252174 0.591000 0.259903 0.597000 0.284058 0.609000 0.299517 0.609000 0.315942 0.606500 0.326570 0.598500 0.327536 0.593500 0.324638 0.588500 0.310145 0.577000 0.300483 0.572000 0.285990 0.569500
0 0.334300 0.555500 0.321739 0.561000 0.314010 0.568000 0.310145 0.575500 0.314010 0.581000 0.322705 0.587000 0.328502 0.588000 0.362319 0.589500 0.373913 0.587500 0.380676 0.582000 0.378744 0.572000 0.375845 0.568500 0.367150 0.563500 0.358454 0.555500 0.346860 0.554000
0 0.492754 0.572000 0.485024 0.570500 0.472464 0.570500 0.454106 0.573500 0.435749 0.574000 0.432850 0.575000 0.423188 0.582500 0.423188 0.586500 0.431884 0.596000 0.440580 0.598500 0.455072 0.599000 0.476329 0.596500 0.485990 0.594000 0.498551 0.584000 0.498551 0.580000
0 0.496618 0.552000 0.482126 0.544500 0.474396 0.542000 0.459903 0.540000 0.442512 0.540500 0.430918 0.545000 0.424155 0.551500 0.424155 0.565500 0.428019 0.568500 0.442512 0.572500 0.475362 0.569000 0.490821 0.562000 0.496618 0.556500
0 0.500483 0.560000 0.494686 0.566500 0.494686 0.572000 0.505314 0.580500 0.509179 0.581500 0.528502 0.581500 0.533333 0.580500 0.540097 0.576500 0.538164 0.574000 0.539130 0.564000 0.526570 0.560000 0.515942 0.558500 0.508213 0.558500
0 0.598068 0.554500 0.590338 0.551500 0.578744 0.551500 0.569082 0.557000 0.549758 0.563000 0.542995 0.566500 0.540097 0.573000 0.546860 0.576000 0.563285 0.578000 0.596135 0.574500 0.600000 0.572500 0.601932 0.567000 0.601932 0.561000
0 0.602899 0.575500 0.594203 0.575000 0.566184 0.578000 0.557488 0.581000 0.551691 0.586000 0.551691 0.593000 0.554589 0.596000 0.569082 0.601500 0.578744 0.602000 0.597101 0.601000 0.607729 0.598000 0.614493 0.593000 0.614493 0.586500 0.607729 0.578500
0 0.595169 0.601500 0.565217 0.602500 0.548792 0.607500 0.543961 0.614500 0.543961 0.618500 0.550725 0.624500 0.560386 0.629000 0.571014 0.630500 0.578744 0.633500 0.588406 0.634000 0.594203 0.633000 0.606763 0.624500 0.610628 0.620000 0.611594 0.614500 0.607729 0.608500 0.599034 0.602500
0 0.531401 0.626500 0.518841 0.629000 0.510145 0.632500 0.506280 0.635500 0.503382 0.643000 0.506280 0.647000 0.519807 0.654000 0.526570 0.656000 0.539130 0.656000 0.548792 0.654500 0.557488 0.647500 0.557488 0.638500 0.547826 0.629000 0.542029 0.627000
0 0.571981 0.633500 0.566184 0.634500 0.559420 0.638500 0.559420 0.651000 0.564251 0.661000 0.568116 0.663000 0.587440 0.666500 0.609662 0.658500 0.606763 0.655000 0.606763 0.650000 0.610628 0.647000 0.610628 0.643500 0.604831 0.638500 0.599034 0.637500 0.595169 0.635000
0 0.638647 0.594000 0.630918 0.599000 0.629952 0.605500 0.631884 0.609500 0.643478 0.616000 0.663768 0.619500 0.679227 0.617500 0.685990 0.615500 0.690821 0.611500 0.691787 0.606000 0.689855 0.599000 0.683092 0.594000 0.665700 0.590500 0.658937 0.590500
0 0.631884 0.619000 0.644444 0.618500 0.673430 0.623500 0.675362 0.629000 0.672464 0.635500 0.667633 0.639000 0.653140 0.643000 0.645411 0.643500 0.639614 0.643000 0.628019 0.638500 0.623188 0.635000 0.621256 0.629500 0.625121 0.623500 0.623478 0.620400
0 0.608696 0.650000 0.614493 0.663500 0.621256 0.667500 0.633816 0.672000 0.639614 0.673000 0.651208 0.672000 0.662802 0.667000 0.668599 0.662000 0.669565 0.653000 0.667633 0.650500 0.655072 0.645000 0.629952 0.643500 0.622222 0.645000
0 0.557488 0.660500 0.545894 0.658500 0.539130 0.658500 0.526570 0.661000 0.514976 0.665500 0.502415 0.674500 0.500483 0.678000 0.500483 0.687000 0.513043 0.690500 0.525604 0.696000 0.547826 0.694500 0.564251 0.690000 0.572947 0.685000 0.574879 0.679000 0.561353 0.662000
0 0.614493 0.664500 0.603865 0.664500 0.585507 0.668500 0.577778 0.673500 0.577778 0.681500 0.592271 0.693000 0.601932 0.696000 0.607729 0.695500 0.614493 0.693000 0.625121 0.692500 0.634783 0.686500 0.636715 0.683500 0.635749 0.673000
0 0.666667 0.683000 0.654106 0.683500 0.636715 0.687000 0.628986 0.693500 0.628019 0.697500 0.633816 0.708000 0.644444 0.715500 0.655072 0.717500 0.662802 0.717500 0.671498 0.713500 0.684058 0.701500 0.683092 0.693500 0.674396 0.685000
0 0.662802 0.719500 0.629952 0.716000 0.621256 0.718000 0.609662 0.725000 0.606763 0.728000 0.607729 0.732500 0.604831 0.736500 0.604831 0.746000 0.608696 0.749000 0.625121 0.756000 0.636715 0.754000 0.646377 0.747000 0.656039 0.746500 0.663768 0.744500 0.667633 0.738000 0.667633 0.728000
0 0.653140 0.747000 0.646377 0.749000 0.635749 0.755000 0.635749 0.772500 0.647343 0.779500 0.666667 0.779500 0.679227 0.776500 0.688889 0.771500 0.689855 0.765000 0.688889 0.763500 0.678261 0.759500 0.666667 0.749500
0 0.678261 0.734000 0.669565 0.741000 0.669565 0.749500 0.677295 0.759000 0.685024 0.762500 0.694686 0.764000 0.709179 0.759500 0.716908 0.752500 0.716908 0.747000 0.701449 0.734500
0 0.709179 0.700500 0.699517 0.700500 0.685990 0.703500 0.671498 0.713000 0.665700 0.720500 0.666667 0.726000 0.675362 0.730500 0.685024 0.732500 0.697585 0.732500 0.707246 0.731000 0.714010 0.727000 0.718841 0.720000 0.715942 0.704000
0 0.788406 0.741500 0.771981 0.741000 0.758454 0.742500 0.734300 0.751000 0.730435 0.756000 0.730435 0.768000 0.746860 0.776500 0.752657 0.778000 0.770048 0.778000 0.799034 0.772500 0.805797 0.769000 0.809662 0.764000 0.808696 0.755500 0.803865 0.749000
0 0.849275 0.743500 0.828986 0.751000 0.824155 0.760000 0.828986 0.767500 0.832850 0.769000 0.849275 0.771500 0.859903 0.771500 0.868599 0.769000 0.873430 0.764000 0.873430 0.751500 0.870531 0.748500 0.859903 0.744000
0 0.886957 0.744000 0.879227 0.753500 0.878261 0.761500 0.884058 0.768500 0.888889 0.771000 0.899517 0.773500 0.912077 0.774500 0.931401 0.774500 0.944928 0.771500 0.947826 0.766000 0.947826 0.753000 0.943961 0.748000 0.926570 0.744500 0.914976 0.739500 0.911111 0.739500 0.898551 0.743000
0 0.992271 0.734000 0.972947 0.738500 0.959420 0.744000 0.955556 0.747000 0.955556 0.751000 0.961353 0.760500 0.966184 0.763500 0.978744 0.767000 1.000000 0.768000 1.000000 0.734000
0 0.959420 0.716000 0.949758 0.715500 0.942995 0.718000 0.927536 0.719000 0.918841 0.723500 0.916908 0.728000 0.917874 0.736500 0.919807 0.740000 0.928502 0.744500 0.942029 0.746500 0.954589 0.745500 0.963285 0.743000 0.971014 0.738500 0.974879 0.733000 0.973913 0.726500 0.968116 0.720000
0 0.875362 0.704000 0.867633 0.708500 0.859903 0.718000 0.861836 0.729000 0.866667 0.735500 0.877295 0.740500 0.889855 0.743000 0.897585 0.742500 0.906280 0.740500 0.914976 0.736500 0.911111 0.718500 0.906280 0.713500 0.893720 0.706500 0.884058 0.703500
0 0.813527 0.720500 0.804831 0.724000 0.799034 0.729500 0.796135 0.741000 0.798068 0.744500 0.806763 0.748500 0.827053 0.749500 0.836715 0.747000 0.848309 0.739500 0.850242 0.736500 0.849275 0.724000 0.844444 0.721500
0 0.762319 0.711500 0.743961 0.711500 0.729469 0.715500 0.723671 0.719000 0.709179 0.732500 0.709179 0.736500 0.714976 0.742000 0.720773 0.744500 0.739130 0.746500 0.745894 0.745000 0.761353 0.738500 0.765217 0.728500 0.765217 0.720000
0 0.771981 0.681000 0.758454 0.681000 0.753623 0.682000 0.744928 0.685500 0.738164 0.691000 0.736232 0.695000 0.738164 0.705000 0.745894 0.709500 0.762319 0.711000 0.767150 0.709500 0.776812 0.709000 0.789372 0.706000 0.794203 0.702500 0.795169 0.692500 0.792271 0.686500 0.786473 0.684000
0 0.858937 0.697500 0.853140 0.695000 0.844444 0.696500 0.821256 0.695500 0.812560 0.697000 0.809179 0.698400 0.806763 0.700000 0.801932 0.704000 0.799034 0.716000 0.813527 0.719000 0.822705 0.719750 0.836715 0.720500 0.854106 0.718000 0.864734 0.709500 0.864734 0.704500
0 0.837681 0.662500 0.828986 0.663000 0.817391 0.667000 0.810628 0.677000 0.813527 0.687000 0.820290 0.693000 0.828019 0.695500 0.841546 0.695000 0.852174 0.693000 0.863768 0.686000 0.864734 0.684000 0.863768 0.674500 0.860870 0.669000 0.853140 0.666000
0 0.706280 0.662500 0.696618 0.666000 0.679227 0.677000 0.676329 0.681500 0.676329 0.686500 0.685990 0.696000 0.699517 0.699000 0.715942 0.699500 0.725604 0.696500 0.731401 0.693000 0.734300 0.687500 0.734300 0.677000 0.721739 0.665500 0.716908 0.663000
0 0.927536 0.681500 0.919807 0.684000 0.905314 0.693000 0.898454 0.698450 0.898261 0.707100 0.905411 0.712600 0.913043 0.715500 0.917488 0.716950 0.926570 0.718000 0.941063 0.717500 0.950725 0.715000 0.954589 0.712000 0.955556 0.707500 0.952657 0.694000 0.948792 0.687000 0.938164 0.681500
0 0.986473 0.683500 0.969082 0.687000 0.960386 0.691000 0.955556 0.696000 0.955556 0.704000 0.961353 0.710500 0.975845 0.718000 0.987440 0.720000 1.000000 0.720000 1.000000 0.683500
0 0.890821 0.659500 0.863768 0.666500 0.861836 0.668500 0.865700 0.686000 0.874396 0.692500 0.883092 0.694500 0.893720 0.694500 0.904348 0.693000 0.923671 0.682000 0.924638 0.679500 0.923671 0.673500 0.918841 0.668500 0.908213 0.664000
0 0.967150 0.637500 0.961353 0.642000 0.965217 0.657000 0.980676 0.666500 0.988406 0.668500 1.000000 0.668500 1.000000 0.639000 0.989372 0.636500 0.972947 0.636500
0 0.917874 0.624500 0.912077 0.625500 0.906280 0.634000 0.905314 0.643500 0.907246 0.653500 0.914976 0.663500 0.919807 0.666000 0.931401 0.666500 0.941063 0.665000 0.957488 0.660000 0.962319 0.655500 0.961353 0.648500 0.954589 0.641000 0.928502 0.626500
0 0.855072 0.634500 0.844444 0.636500 0.836715 0.640500 0.827053 0.643000 0.824155 0.645000 0.824155 0.647500 0.828986 0.656500 0.835749 0.662000 0.861836 0.666000 0.883092 0.661500 0.889855 0.653000 0.889855 0.645500 0.882126 0.639000 0.874396 0.638000 0.863768 0.634500
0 0.881159 0.603500 0.869565 0.605500 0.855072 0.610000 0.846377 0.617000 0.846377 0.624500 0.848309 0.627500 0.857005 0.633000 0.874396 0.636000 0.887923 0.636500 0.900483 0.635000 0.907246 0.632500 0.910145 0.627500 0.910145 0.622000 0.901449 0.608000 0.890821 0.604000
0 0.971981 0.595500 0.967150 0.593000 0.943961 0.587000 0.935266 0.586500 0.917874 0.591000 0.905314 0.599500 0.902415 0.608000 0.908213 0.615500 0.918841 0.618000 0.931401 0.618000 0.969082 0.611000 0.974879 0.605000 0.974879 0.600000
0 0.929469 0.619000 0.931401 0.624000 0.935266 0.627500 0.947826 0.631500 0.973913 0.633500 0.982609 0.627500 0.983575 0.621500 0.977778 0.617500 0.976812 0.615000 0.966184 0.611500 0.944928 0.614500
0 0.996135 0.619500 0.986473 0.624500 0.983575 0.633000 0.985507 0.635000 0.995169 0.638000 1.000000 0.638000 1.000000 0.619500
0 1.000000 0.584000 0.995169 0.584000 0.985507 0.587500 0.979710 0.591000 0.976812 0.595000 0.976812 0.608500 0.981643 0.615500 0.987440 0.619500 1.000000 0.618500
0 0.801932 0.633000 0.793237 0.632000 0.768116 0.633000 0.757488 0.636000 0.745894 0.641500 0.742995 0.646000 0.742995 0.654500 0.745894 0.658000 0.758454 0.665500 0.766184 0.667500 0.783575 0.666500 0.792271 0.664000 0.800000 0.659500 0.807729 0.642500 0.807729 0.637500 0.805797 0.634500
0 0.723671 0.606500 0.714010 0.610000 0.708213 0.615500 0.707246 0.622000 0.711111 0.627500 0.728502 0.636000 0.747826 0.636500 0.755556 0.635500 0.764251 0.630500 0.768116 0.624000 0.763285 0.614000 0.757488 0.609000 0.748792 0.605000 0.732367 0.605000
0 0.790338 0.596500 0.782609 0.598500 0.767150 0.611500 0.767150 0.619000 0.773913 0.623500 0.797101 0.626500 0.807729 0.626500 0.818357 0.623500 0.824831 0.620250 0.824155 0.616000 0.825121 0.611000 0.820290 0.608000 0.818357 0.603500 0.808696 0.598000
0 0.874396 0.580500 0.868599 0.577500 0.861836 0.576500 0.839614 0.579000 0.829952 0.584000 0.822222 0.592500 0.816425 0.595500 0.814493 0.598500 0.815459 0.601500 0.835749 0.606500 0.860870 0.607500 0.883092 0.601500 0.885990 0.596000 0.885024 0.592500
0 0.886957 0.562000 0.879227 0.566000 0.875362 0.571000 0.875362 0.581000 0.878261 0.585000 0.885024 0.589500 0.900483 0.591500 0.916908 0.591000 0.931401 0.587500 0.942995 0.582000 0.942995 0.575500 0.931401 0.565000 0.906280 0.560500
0 0.996135 0.559500 0.986473 0.569500 0.981643 0.572000 0.980676 0.577000 0.987440 0.579500 1.000000 0.581000 1.000000 0.559500
0 0.981643 0.529000 0.972947 0.532000 0.965217 0.537000 0.965217 0.544500 0.970048 0.554000 0.978744 0.557500 1.000000 0.557500 1.000000 0.529000
0 0.961353 0.536500 0.954589 0.532500 0.943961 0.532000 0.928502 0.533000 0.907246 0.537000 0.897585 0.541500 0.888889 0.548500 0.889855 0.553000 0.897585 0.556500 0.905314 0.559000 0.925604 0.562500 0.945894 0.562500 0.955556 0.561000 0.962319 0.558000 0.965217 0.553500
0 0.844444 0.549500 0.828986 0.553000 0.824155 0.559500 0.825121 0.568500 0.828019 0.573000 0.835749 0.576000 0.852174 0.577000 0.862802 0.574500 0.876329 0.567000 0.880193 0.563500 0.882126 0.556500 0.877295 0.553500 0.869565 0.551500
0 0.799034 0.564500 0.781643 0.568500 0.771981 0.578500 0.771981 0.585500 0.773913 0.588000 0.783575 0.592500 0.802899 0.596000 0.808696 0.596000 0.814493 0.594500 0.822222 0.590000 0.826087 0.585000 0.826087 0.578000 0.820290 0.568500 0.817391 0.567000
0 0.708213 0.582500 0.707246 0.596000 0.711111 0.599500 0.717874 0.601500 0.730435 0.603500 0.745894 0.603500 0.766184 0.599500 0.771014 0.596000 0.766184 0.580000 0.761353 0.578000 0.740097 0.575500 0.725604 0.576000 0.715942 0.578000
0 0.642512 0.555500 0.631884 0.555500 0.617391 0.557500 0.611594 0.560000 0.605797 0.565000 0.605797 0.574500 0.610628 0.580500 0.618357 0.585000 0.631884 0.588500 0.652174 0.586000 0.659903 0.580000 0.661836 0.567500 0.657971 0.560500 0.650242 0.556500
0 0.693720 0.549500 0.684058 0.550000 0.677295 0.552000 0.665700 0.560500 0.661836 0.580500 0.667633 0.584500 0.675362 0.586000 0.687923 0.585500 0.700483 0.583500 0.713043 0.578500 0.720773 0.572500 0.720773 0.568000 0.711111 0.556000 0.704348 0.552500
0 0.719807 0.547500 0.713043 0.552000 0.713043 0.554500 0.717874 0.563000 0.724638 0.568000 0.742995 0.575000 0.754589 0.576500 0.767150 0.576000 0.775845 0.570500 0.781643 0.563500 0.782609 0.556500 0.775845 0.549500 0.771014 0.547000 0.754589 0.544000
0 0.783575 0.535000 0.774879 0.540000 0.774879 0.546000 0.781643 0.553000 0.797101 0.563000 0.804831 0.564000 0.816425 0.563000 0.823188 0.558500 0.828986 0.551000 0.828986 0.544500 0.821256 0.536000 0.815459 0.533500
0 0.833816 0.520500 0.820290 0.533000 0.822222 0.537500 0.828986 0.543000 0.856039 0.549500 0.864734 0.550500 0.873430 0.550000 0.890821 0.543500 0.891787 0.535500 0.880193 0.524500 0.873430 0.520500 0.859903 0.517000 0.843478 0.518000
0 0.996135 0.506500 0.991304 0.511000 0.991304 0.514500 0.995169 0.522500 1.000000 0.526100 1.000000 0.503250
0 0.995169 0.473500 0.991981 0.477650 0.992271 0.488750 0.995169 0.493000 1.000000 0.497000 1.000000 0.470250
0 0.973913 0.466500 0.962319 0.466500 0.944928 0.469500 0.936232 0.480000 0.928502 0.485500 0.927536 0.495000 0.929469 0.498500 0.935266 0.502500 0.942995 0.505000 0.980676 0.505000 0.992271 0.497500 0.991594 0.491400 0.989372 0.475500 0.986473 0.472000
0 0.931401 0.512500 0.931401 0.514000 0.936232 0.517000 0.939130 0.524000 0.953623 0.528500 0.963285 0.529000 0.977778 0.527500 0.986473 0.525000 0.990338 0.522500 0.991304 0.517500 0.987440 0.511000 0.982609 0.507000 0.977778 0.505500 0.957488 0.504500 0.942995 0.506000
0 0.904348 0.501500 0.892754 0.504000 0.879227 0.510000 0.877295 0.512500 0.877295 0.522500 0.882126 0.527500 0.889855 0.533000 0.903382 0.536500 0.925604 0.532500 0.932367 0.528000 0.937198 0.522000 0.936232 0.517000 0.929469 0.513000 0.927536 0.505500 0.920773 0.502000
0 0.874396 0.478000 0.857005 0.477000 0.843478 0.478500 0.828019 0.485000 0.817874 0.491450 0.810628 0.494000 0.812560 0.498000 0.824155 0.503000 0.832850 0.509500 0.846377 0.512500 0.861836 0.513000 0.874396 0.511500 0.888889 0.506000 0.892754 0.501500 0.887923 0.488000 0.882126 0.481000
0 0.800000 0.493500 0.795169 0.494000 0.791304 0.496000 0.786473 0.502500 0.771981 0.509500 0.771014 0.511500 0.773913 0.526000 0.784541 0.533500 0.791304 0.534500 0.808696 0.533500 0.819324 0.531000 0.826087 0.527500 0.830918 0.522000 0.829952 0.512000 0.825121 0.504000 0.814493 0.498500
0 0.715942 0.507000 0.710145 0.509500 0.708213 0.517500 0.704348 0.523000 0.704348 0.536000 0.706280 0.539000 0.714010 0.543000 0.727536 0.546000 0.739130 0.545500 0.753623 0.543000 0.761353 0.539000 0.764251 0.533500 0.762319 0.526500 0.755556 0.517500 0.746860 0.510500 0.740097 0.508000 0.731401 0.506500
0 0.723671 0.486000 0.725604 0.500500 0.733333 0.505500 0.745894 0.509000 0.755556 0.509500 0.775845 0.507500 0.785507 0.503000 0.789372 0.499000 0.791304 0.493500 0.787440 0.486500 0.780676 0.482500 0.763285 0.478000 0.745894 0.478000 0.738164 0.479500
0 0.784541 0.453500 0.782609 0.459000 0.776812 0.463500 0.775845 0.469000 0.778744 0.475500 0.786473 0.484000 0.799034 0.490500 0.807729 0.491000 0.820290 0.488500 0.839614 0.478500 0.840580 0.474000 0.837681 0.467500 0.820290 0.458500 0.810628 0.456500 0.799034 0.456000 0.792271 0.453500
0 0.877295 0.457000 0.870531 0.462000 0.872464 0.471500 0.877295 0.478000 0.894686 0.487000 0.901449 0.488000 0.923671 0.487000 0.929469 0.484000 0.941063 0.472500 0.939130 0.466000 0.928502 0.461000 0.909179 0.456500
0 0.920773 0.436000 0.915942 0.440500 0.913043 0.446500 0.915942 0.453000 0.920773 0.455500 0.945894 0.458500 0.961353 0.458500 0.969082 0.456000 0.971981 0.451500 0.971981 0.443500 0.970048 0.439500 0.963285 0.434500 0.949758 0.431500 0.935266 0.431500 0.927536 0.433000
0 0.814493 0.425500 0.809662 0.444500 0.816425 0.453000 0.829952 0.461000 0.838647 0.464000 0.853140 0.465000 0.863768 0.463000 0.876329 0.456500 0.880193 0.452000 0.879227 0.445000 0.872464 0.438000 0.858937 0.431000 0.841546 0.426500 0.823188 0.424500
0 1.000000 0.391500 0.991304 0.391500 0.983575 0.389500 0.975845 0.389000 0.964251 0.389500 0.957488 0.391000 0.949758 0.395500 0.945894 0.400000 0.947826 0.412000 0.952657 0.418000 0.965217 0.426000 0.973913 0.426500 0.985507 0.424500 0.997101 0.420000 1.000000 0.420000
0 0.864734 0.399000 0.853140 0.402000 0.848309 0.405000 0.848309 0.412000 0.857971 0.426000 0.863768 0.429500 0.877295 0.431500 0.890821 0.430500 0.899517 0.426500 0.904348 0.421000 0.905314 0.409500 0.903382 0.405000 0.895652 0.400000 0.890821 0.399000
0 0.738164 0.388500 0.726570 0.400000 0.726570 0.404500 0.733333 0.407000 0.740097 0.412500 0.745894 0.414500 0.768116 0.416500 0.787440 0.416500 0.794203 0.414500 0.799034 0.408500 0.797101 0.396000 0.787440 0.389000 0.768116 0.384000 0.752657 0.384500
0 0.735266 0.431500 0.723671 0.430000 0.707246 0.431000 0.694686 0.433500 0.689855 0.436000 0.686957 0.453500 0.691787 0.459500 0.696618 0.462000 0.710145 0.464500 0.726570 0.464000 0.744928 0.460500 0.753623 0.455500 0.759420 0.448000 0.758454 0.443500
0 0.659903 0.486000 0.656039 0.488000 0.653140 0.492500 0.653140 0.499500 0.656039 0.502500 0.677295 0.511500 0.690821 0.512000 0.702415 0.511000 0.708213 0.507000 0.709179 0.501000 0.706280 0.498000 0.704348 0.491000 0.699517 0.486000 0.685990 0.482000 0.676329 0.482000
0 0.626087 0.488000 0.617391 0.489000 0.601932 0.494500 0.591304 0.505000 0.591304 0.518000 0.596135 0.521000 0.608696 0.524000 0.633816 0.524000 0.640580 0.522000 0.648309 0.517000 0.649275 0.506500 0.647343 0.501500 0.640580 0.494500
0 0.548792 0.492000 0.527536 0.503500 0.525604 0.514000 0.529469 0.519000 0.540097 0.524000 0.558454 0.527500 0.587440 0.525000 0.592271 0.521000 0.589372 0.516500 0.588406 0.508000 0.579710 0.496500 0.573913 0.493500 0.564251 0.493000 0.558454 0.491500
0 0.602899 0.525500 0.591304 0.529500 0.586473 0.533000 0.585507 0.538500 0.587440 0.543000 0.596135 0.551500 0.603865 0.555000 0.612560 0.556500 0.626087 0.556000 0.636715 0.552500 0.648309 0.541500 0.646377 0.533500 0.642512 0.529500 0.632850 0.525000 0.608696 0.524500
0 0.518841 0.523500 0.513043 0.526000 0.503382 0.536500 0.503382 0.543000 0.509179 0.550500 0.525604 0.559000 0.540097 0.562500 0.549758 0.562500 0.562319 0.559500 0.580676 0.549000 0.581643 0.544500 0.576812 0.537000 0.559420 0.528000 0.535266 0.523000
0 0.503382 0.463000 0.500483 0.469500 0.489855 0.477500 0.486957 0.481500 0.486957 0.493000 0.492754 0.501000 0.501449 0.504500 0.514010 0.504500 0.523671 0.503000 0.532367 0.500000 0.535266 0.494500 0.532367 0.482000 0.522705 0.473500 0.511111 0.466000
0 0.431884 0.485500 0.423188 0.490000 0.419324 0.494000 0.419324 0.501500 0.423188 0.505500 0.433816 0.510500 0.444444 0.513000 0.458937 0.513500 0.470531 0.511500 0.477295 0.507500 0.480193 0.503500 0.479227 0.494000 0.472464 0.487000 0.465700 0.484500 0.454106 0.483000 0.443478 0.483000
0 0.551691 0.454500 0.537198 0.460000 0.528502 0.465500 0.525604 0.470000 0.525604 0.475000 0.535266 0.483000 0.542029 0.485000 0.553623 0.491000 0.563285 0.493000 0.574879 0.493000 0.585507 0.490500 0.591304 0.486000 0.593237 0.483000 0.591304 0.471000 0.583575 0.462000 0.575845 0.457000 0.565217 0.454500
0 0.651208 0.454000 0.640580 0.454500 0.629952 0.457500 0.616425 0.465000 0.612560 0.473000 0.612560 0.480000 0.614493 0.482500 0.622222 0.486000 0.631884 0.487500 0.655072 0.487000 0.678261 0.480000 0.681159 0.475500 0.681159 0.470500 0.678261 0.465500 0.667633 0.459000
0 0.360386 0.545500 0.355556 0.549000 0.367150 0.563500 0.377778 0.569000 0.399034 0.570500 0.408696 0.568500 0.413527 0.566000 0.416425 0.562000 0.418357 0.551000 0.414493 0.544000 0.406763 0.540000 0.388406 0.539500
0 0.364251 0.517500 0.353623 0.527000 0.354589 0.533000 0.361353 0.537000 0.374879 0.539500 0.387440 0.538500 0.405797 0.539000 0.410628 0.537000 0.415459 0.531500 0.416425 0.524000 0.412560 0.519000 0.398068 0.513000 0.379710 0.512500
0 0.347826 0.516500 0.324638 0.512000 0.292754 0.516500 0.283092 0.523000 0.283092 0.531000 0.289855 0.538500 0.305314 0.545000 0.315942 0.545000 0.333333 0.541500 0.341063 0.537500 0.344928 0.533500 0.343961 0.529500 0.349758 0.527000 0.354589 0.522000
0 0.257971 0.540500 0.254106 0.541000 0.234783 0.551500 0.233816 0.561000 0.253140 0.570500 0.269565 0.573000 0.277295 0.571500 0.285024 0.566500 0.291787 0.552000 0.286957 0.546000 0.282126 0.543000 0.275362 0.541000
0 0.169082 0.530000 0.152657 0.536000 0.146860 0.540000 0.146860 0.549500 0.162319 0.560500 0.178744 0.564000 0.194203 0.565000 0.209662 0.557000 0.213527 0.553000 0.213527 0.548000 0.206763 0.541500 0.204831 0.534500 0.198068 0.530500 0.192271 0.529500
0 0.247343 0.515000 0.232850 0.515000 0.221256 0.516500 0.215459 0.519000 0.208696 0.526000 0.204831 0.532500 0.205797 0.539000 0.210628 0.546000 0.217391 0.549000 0.231884 0.549500 0.241546 0.547000 0.256039 0.539000 0.266667 0.526500 0.265700 0.522500 0.258937 0.518500
0 0.200966 0.492000 0.191304 0.491500 0.172947 0.495500 0.165217 0.499000 0.156522 0.505500 0.152657 0.512000 0.152657 0.518000 0.160386 0.525500 0.170048 0.528500 0.196135 0.528500 0.204831 0.525500 0.211594 0.520000 0.214493 0.514000 0.211594 0.502000 0.205797 0.494000
0 0.165217 0.482000 0.147826 0.481000 0.142995 0.482000 0.131401 0.489000 0.128502 0.502500 0.139130 0.507000 0.155556 0.505500 0.174879 0.494500 0.172947 0.486000
0 0.244444 0.478500 0.230918 0.478500 0.223188 0.481000 0.214493 0.487000 0.212560 0.490000 0.212560 0.505000 0.214493 0.511500 0.217391 0.513000 0.229952 0.513500 0.239614 0.512500 0.261836 0.506000 0.265700 0.490000 0.257005 0.484000
0 0.301449 0.478000 0.292754 0.478000 0.280193 0.480500 0.267633 0.491000 0.263768 0.497500 0.263768 0.507000 0.267633 0.511500 0.273430 0.514000 0.286957 0.516000 0.307246 0.515000 0.321739 0.511500 0.328502 0.506500 0.330435 0.497500 0.326570 0.490000 0.318841 0.485000
0 0.378744 0.460000 0.367150 0.459500 0.361353 0.460500 0.350725 0.467500 0.345894 0.477500 0.346860 0.487000 0.352657 0.493000 0.362319 0.494000 0.380676 0.491500 0.391304 0.488500 0.402899 0.480000 0.403865 0.472500 0.401932 0.469000 0.390338 0.465500
0 0.239614 0.453000 0.236715 0.458000 0.239614 0.465000 0.245411 0.470500 0.254106 0.475000 0.267633 0.478500 0.295652 0.477500 0.302415 0.476000 0.309179 0.464500 0.307246 0.451500 0.290821 0.451000 0.267633 0.445500 0.254106 0.447500
0 0.235749 0.435500 0.230918 0.433500 0.225121 0.434000 0.211594 0.438500 0.188406 0.441000 0.179710 0.446000 0.177778 0.450000 0.178744 0.454000 0.183575 0.459500 0.189372 0.462500 0.197101 0.464000 0.215459 0.463500 0.224155 0.461500 0.231884 0.457000 0.235749 0.452000 0.237681 0.445000 0.237681 0.437500
0 0.132367 0.419000 0.128502 0.423500 0.128502 0.428500 0.134300 0.433000 0.154589 0.437000 0.165217 0.437000 0.173913 0.434000 0.175845 0.423500 0.172947 0.421000 0.151691 0.415500 0.141063 0.416000
0 0.192271 0.404500 0.182609 0.409000 0.176812 0.413500 0.175845 0.418000 0.181643 0.435500 0.191304 0.440000 0.200966 0.440000 0.214493 0.437500 0.221256 0.435000 0.226087 0.431000 0.227053 0.425500 0.219324 0.416000 0.200966 0.405500
0 0.352657 0.435500 0.343961 0.435500 0.339130 0.440000 0.330435 0.444500 0.316908 0.448000 0.311111 0.451000 0.317874 0.461000 0.329469 0.466500 0.334300 0.467500 0.342029 0.467500 0.352657 0.465500 0.368116 0.458000 0.369082 0.446500
0 0.334300 0.422000 0.330435 0.421000 0.315942 0.421000 0.296618 0.428000 0.288889 0.432000 0.285024 0.437500 0.277295 0.442500 0.279227 0.447500 0.287923 0.450500 0.300483 0.451000 0.314010 0.449500 0.332367 0.444500 0.346860 0.435500 0.347826 0.433500 0.344928 0.428500
0 0.285024 0.406000 0.276329 0.406500 0.262802 0.409500 0.232850 0.423500 0.230918 0.429500 0.233816 0.433000 0.240580 0.437000 0.259903 0.442500 0.270531 0.443000 0.277295 0.441500 0.285024 0.438000 0.292754 0.425500 0.293720 0.415000 0.289855 0.408000
0 0.429952 0.444500 0.415459 0.440500 0.404831 0.440500 0.398068 0.442000 0.383575 0.450000 0.379710 0.454500 0.379710 0.460000 0.387440 0.464500 0.395169 0.466500 0.406763 0.466500 0.424155 0.463500 0.432850 0.459000 0.436715 0.453500 0.435749 0.449000
0 0.347826 0.416000 0.343961 0.420000 0.346860 0.429500 0.354589 0.437500 0.368116 0.444500 0.378744 0.445500 0.391304 0.444500 0.407729 0.436500 0.414493 0.430000 0.415459 0.422000 0.382609 0.412000 0.372947 0.411500
0 0.442512 0.411500 0.432850 0.419500 0.431884 0.423500 0.437681 0.440500 0.446377 0.446000 0.452174 0.447500 0.466667 0.448000 0.480193 0.444500 0.485024 0.440000 0.486957 0.433500 0.478261 0.423000 0.467633 0.417500 0.451208 0.412500
0 0.442512 0.445000 0.437681 0.447000 0.437681 0.454000 0.430918 0.461500 0.434783 0.471000 0.440580 0.477000 0.451208 0.482500 0.461836 0.484000 0.473430 0.483500 0.484058 0.480500 0.496618 0.473500 0.500483 0.469500 0.500483 0.462500 0.473430 0.449500 0.455072 0.448000
0 0.489855 0.434500 0.482126 0.443000 0.482126 0.452000 0.485024 0.455500 0.504348 0.462000 0.534300 0.460000 0.542029 0.457500 0.544928 0.454500 0.540097 0.442000 0.529469 0.434500 0.513043 0.430500 0.504348 0.430500
0 0.571014 0.428500 0.567150 0.431000 0.568116 0.443500 0.570048 0.447500 0.582609 0.459000 0.586473 0.461000 0.594203 0.462500 0.605797 0.462500 0.616425 0.460500 0.622222 0.457500 0.626087 0.451500 0.625121 0.445500 0.621256 0.440500 0.614493 0.437500 0.590338 0.431500
0 0.676329 0.415500 0.661836 0.415500 0.649275 0.418000 0.636715 0.423500 0.630918 0.429000 0.627053 0.435500 0.627053 0.442500 0.633816 0.448000 0.645411 0.452000 0.654106 0.453000 0.671498 0.452500 0.681159 0.449000 0.685024 0.445000 0.687923 0.436000 0.686957 0.424000 0.684058 0.419500
0 0.510145 0.422000 0.511111 0.429000 0.523671 0.432500 0.550725 0.431000 0.565217 0.428500 0.571014 0.424500 0.570048 0.421000 0.565217 0.418000 0.548792 0.412500 0.537198 0.410500 0.525604 0.410500 0.514010 0.415000
0 0.600966 0.380000 0.594203 0.379500 0.584541 0.383500 0.568116 0.387500 0.555556 0.395500 0.549758 0.401500 0.548792 0.409000 0.550725 0.412500 0.560386 0.416000 0.571981 0.418500 0.584541 0.418500 0.597101 0.416500 0.604831 0.412500 0.608696 0.408500 0.609662 0.403000 0.603865 0.393000 0.603865 0.381000
0 0.657971 0.380500 0.648309 0.378000 0.632850 0.379000 0.627053 0.380500 0.615459 0.386500 0.607729 0.392500 0.605797 0.396000 0.607729 0.400500 0.613527 0.404500 0.622222 0.406000 0.648309 0.405500 0.656039 0.403500 0.665700 0.397000 0.666667 0.390000
0 0.510145 0.375000 0.502415 0.378500 0.499517 0.384500 0.500483 0.390000 0.506280 0.399000 0.514010 0.403500 0.519807 0.405000 0.535266 0.405000 0.544928 0.403500 0.560386 0.392500 0.566184 0.385500 0.567150 0.381000 0.551691 0.378500 0.539130 0.375000 0.529469 0.374000 0.514976 0.374000
0 0.479227 0.384000 0.452174 0.391500 0.445411 0.400500 0.443478 0.408500 0.447343 0.411500 0.477295 0.421500 0.499517 0.421500 0.514010 0.413000 0.514976 0.404500 0.506280 0.399000 0.498551 0.388500 0.487923 0.384500
0 0.434783 0.383500 0.407729 0.383500 0.396135 0.386000 0.382609 0.395000 0.379710 0.399500 0.380676 0.409500 0.388406 0.414500 0.409662 0.419500 0.422222 0.419000 0.428986 0.416500 0.434879 0.412500 0.440580 0.407500 0.444444 0.398500 0.444444 0.392500 0.439614 0.386000
0 0.449275 0.357000 0.431884 0.359000 0.426087 0.362000 0.412560 0.372500 0.409662 0.381000 0.414493 0.383000 0.432850 0.383500 0.447343 0.390500 0.451208 0.391000 0.476329 0.383500 0.479227 0.379500 0.479227 0.373000 0.471498 0.366500 0.454106 0.358000
0 0.314010 0.391000 0.308213 0.392500 0.297585 0.399000 0.300483 0.413500 0.304348 0.416500 0.314976 0.420000 0.335266 0.420500 0.357488 0.412500 0.361353 0.407500 0.360386 0.401500 0.352657 0.397500 0.335266 0.392000
0 0.400966 0.362000 0.373913 0.362000 0.367150 0.361000 0.352657 0.364500 0.333333 0.375500 0.331401 0.385000 0.337198 0.391500 0.349758 0.396500 0.358454 0.398500 0.368116 0.398500 0.379710 0.396000 0.401932 0.383000 0.406763 0.377000 0.406763 0.368000
0 0.707246 0.359500 0.697585 0.359000 0.687923 0.360000 0.663768 0.364500 0.657005 0.368500 0.659903 0.380000 0.665700 0.385500 0.678261 0.391500 0.685990 0.392500 0.701449 0.390000 0.709179 0.387000 0.719807 0.379000 0.720773 0.368500 0.717874 0.365000
0 0.654106 0.354000 0.648309 0.352500 0.640580 0.352500 0.628986 0.349500 0.621256 0.349500 0.600000 0.352500 0.591304 0.357500 0.589372 0.360500 0.590338 0.368500 0.599034 0.378000 0.604831 0.380500 0.618357 0.381500 0.646377 0.376500 0.652174 0.372500 0.658937 0.358000
0 0.582609 0.347500 0.561353 0.347500 0.542995 0.352000 0.532367 0.357500 0.530435 0.360500 0.531401 0.366000 0.543961 0.375500 0.549758 0.378000 0.560386 0.379500 0.570048 0.379000 0.582609 0.373500 0.587440 0.369500 0.588406 0.360500 0.595169 0.353000 0.590338 0.349500
0 0.472464 0.345000 0.468599 0.349000 0.465700 0.358000 0.472464 0.366500 0.485990 0.375000 0.493720 0.377500 0.504348 0.377500 0.527536 0.369000 0.529469 0.366500 0.529469 0.357500 0.518841 0.349500 0.497585 0.345000
0 0.437681 0.318500 0.428986 0.320000 0.411594 0.329500 0.407729 0.333500 0.406763 0.346000 0.410628 0.353500 0.415459 0.356000 0.428019 0.359000 0.454106 0.355500 0.462802 0.351500 0.469565 0.345000 0.468599 0.338000 0.461836 0.330500 0.456039 0.327000 0.448309 0.325000
0 0.381643 0.335500 0.374879 0.337500 0.362319 0.345000 0.359420 0.348500 0.359420 0.354500 0.365217 0.358000 0.373913 0.360500 0.391304 0.361500 0.400000 0.359500 0.407729 0.354000 0.406763 0.344500 0.399034 0.338500 0.389372 0.335500
0 0.608696 0.314000 0.584541 0.322500 0.578744 0.325500 0.572947 0.332500 0.572947 0.337500 0.577778 0.343000 0.586473 0.348000 0.597101 0.351000 0.610628 0.351000 0.624155 0.349000 0.630918 0.347000 0.636715 0.341000 0.636715 0.329000 0.623188 0.317500 0.618357 0.315000
0 0.665700 0.322000 0.644444 0.329000 0.638647 0.335500 0.638647 0.342500 0.649275 0.351000 0.660870 0.356500 0.670531 0.358000 0.692754 0.357500 0.696618 0.355500 0.704348 0.347000 0.704348 0.341000 0.699517 0.329500 0.696618 0.327000 0.675362 0.321500
0 0.763285 0.347000 0.728502 0.350000 0.724638 0.351500 0.720773 0.356500 0.720773 0.365500 0.726570 0.372500 0.738164 0.380000 0.751691 0.384000 0.761353 0.383500 0.766184 0.381500 0.769082 0.377500 0.777778 0.372000 0.780676 0.366000 0.780676 0.359000 0.777778 0.353000 0.770048 0.348000
0 0.795169 0.367000 0.786473 0.370500 0.782609 0.376000 0.783575 0.381000 0.789372 0.388000 0.797101 0.392000 0.822222 0.398500 0.828986 0.398000 0.831884 0.393500 0.831884 0.389000 0.837681 0.382500 0.837681 0.374000 0.830918 0.368000 0.807729 0.368500 0.800966 0.366500
0 0.857971 0.362500 0.845411 0.365000 0.841546 0.367000 0.838647 0.370500 0.839614 0.381500 0.854106 0.393500 0.858937 0.396000 0.867633 0.396000 0.879227 0.391500 0.889855 0.385500 0.895652 0.377500 0.895652 0.371500 0.893720 0.367500 0.888889 0.365500 0.867633 0.362500
0 0.794203 0.334500 0.786473 0.337500 0.777778 0.344500 0.776812 0.351000 0.782609 0.359000 0.806763 0.368500 0.830918 0.367000 0.836715 0.363000 0.841546 0.355500 0.841546 0.348500 0.838647 0.343500 0.819324 0.335000 0.807729 0.333500
0 0.958454 0.360500 0.939130 0.358500 0.926570 0.359000 0.914010 0.362000 0.907246 0.367000 0.905314 0.372000 0.907246 0.380500 0.919807 0.390000 0.924638 0.396500 0.927536 0.397500 0.934300 0.396500 0.937198 0.392000 0.962319 0.387500 0.971014 0.381500 0.971981 0.375500 0.970048 0.369000 0.965217 0.363500
0 0.995169 0.356000 0.984541 0.358000 0.980676 0.360000 0.972947 0.372500 0.972947 0.377500 0.977778 0.383000 0.987440 0.388500 1.000000 0.390500 1.000000 0.356000
0 1.000000 0.336000 0.979710 0.332000 0.965217 0.332500 0.956522 0.334500 0.949758 0.339500 0.946860 0.345000 0.948792 0.352500 0.952657 0.356500 0.958454 0.359500 0.968116 0.360500 0.979710 0.359500 1.000000 0.354500
0 0.873430 0.328500 0.857005 0.342000 0.854106 0.349000 0.855072 0.356000 0.860870 0.360500 0.871498 0.363000 0.892754 0.363500 0.903382 0.362000 0.910145 0.359500 0.912077 0.357000 0.913043 0.349500 0.911111 0.346500 0.905314 0.343500 0.898551 0.336500 0.888889 0.330000 0.883092 0.328500
0 0.860870 0.314000 0.833816 0.317000 0.827053 0.321500 0.820290 0.322500 0.816425 0.325000 0.820290 0.335000 0.838647 0.342500 0.848309 0.342500 0.855072 0.341000 0.865700 0.333500 0.869565 0.327500 0.869565 0.322000 0.866667 0.316500
0 0.770048 0.322000 0.760386 0.317500 0.752657 0.315500 0.738164 0.315000 0.730435 0.316500 0.704348 0.329500 0.702415 0.334500 0.707246 0.345500 0.713043 0.347500 0.728502 0.349000 0.759420 0.345500 0.776812 0.335000 0.776812 0.330000
0 0.738164 0.299000 0.732367 0.298000 0.715942 0.298500 0.697585 0.297500 0.683092 0.300500 0.679227 0.302500 0.676329 0.306500 0.677295 0.315500 0.682126 0.321500 0.689855 0.324500 0.698551 0.326000 0.713043 0.324500 0.740097 0.312500 0.742995 0.303000
0 0.671498 0.299000 0.662802 0.298500 0.649275 0.295500 0.638647 0.295000 0.627053 0.296500 0.615459 0.302000 0.615459 0.313000 0.631884 0.325000 0.638647 0.326500 0.656039 0.324000 0.674396 0.318000 0.676329 0.315500 0.677295 0.302500
0 0.763285 0.273500 0.740097 0.265000 0.720773 0.264500 0.711111 0.268500 0.702415 0.279000 0.701449 0.291500 0.705314 0.296000 0.711111 0.298000 0.727536 0.298000 0.737198 0.297000 0.757488 0.288500 0.763285 0.283500
0 0.767150 0.294000 0.757488 0.301000 0.753623 0.306000 0.755556 0.313500 0.776812 0.323500 0.792271 0.326000 0.809662 0.325500 0.818357 0.322500 0.824155 0.318500 0.824155 0.313500 0.819324 0.305000 0.809662 0.303000 0.792271 0.296000 0.777778 0.293500
0 0.835749 0.282000 0.826087 0.284500 0.817391 0.289500 0.817391 0.293500 0.823188 0.311500 0.828986 0.316000 0.839614 0.316500 0.854106 0.315000 0.862802 0.312000 0.873430 0.303500 0.875362 0.296500 0.873430 0.291500 0.867633 0.288000 0.856039 0.285000
0 0.772947 0.271000 0.766184 0.275500 0.765217 0.285000 0.771981 0.291500 0.776812 0.293500 0.790338 0.295500 0.800966 0.295500 0.807729 0.293500 0.826087 0.283500 0.827053 0.278500 0.825121 0.275500 0.818357 0.272000 0.790338 0.268500 0.783575 0.268500
0 0.879227 0.290500 0.876329 0.293000 0.875362 0.301000 0.865700 0.310500 0.872464 0.318000 0.879227 0.321500 0.896618 0.325500 0.904348 0.325500 0.923671 0.317000 0.927536 0.309000 0.926570 0.303000 0.921739 0.299500 0.891787 0.290500
0 0.949758 0.316000 0.941063 0.316000 0.922705 0.319000 0.904348 0.327000 0.899517 0.333000 0.899517 0.337000 0.904348 0.342500 0.914976 0.348000 0.931401 0.349500 0.940097 0.348000 0.944928 0.345500 0.953623 0.334000 0.955556 0.327000 0.952657 0.318500
0 0.960386 0.301000 0.955556 0.305500 0.952657 0.314000 0.954589 0.323000 0.964251 0.327500 0.979710 0.330500 1.000000 0.330000 1.000000 0.302000 0.973913 0.299000 0.965217 0.299500
0 0.963285 0.268000 0.957488 0.271000 0.952657 0.277000 0.951691 0.289000 0.953623 0.291500 0.964251 0.296000 0.972947 0.298000 1.000000 0.301000 1.000000 0.267500 0.977778 0.265500
0 0.895652 0.270500 0.894686 0.276000 0.897585 0.282000 0.906280 0.292000 0.922705 0.298500 0.929469 0.298500 0.941063 0.295000 0.949758 0.288000 0.951691 0.283500 0.947826 0.275000 0.937198 0.270000 0.920773 0.268500 0.902415 0.269000
0 0.928502 0.243500 0.912077 0.244000 0.897585 0.249500 0.893720 0.254000 0.884058 0.260500 0.883092 0.264000 0.889855 0.269500 0.899517 0.268000 0.937198 0.267500 0.941063 0.265500 0.943961 0.261000 0.941063 0.252500
0 0.860870 0.250000 0.846377 0.252000 0.825121 0.259500 0.821256 0.265500 0.821256 0.271500 0.827053 0.277000 0.839614 0.282000 0.850242 0.283500 0.860870 0.283000 0.870531 0.280000 0.876329 0.275000 0.880193 0.268500 0.878261 0.261000 0.868599 0.251500
0 0.991304 0.237500 0.980676 0.240500 0.971981 0.247500 0.965217 0.255000 0.965217 0.260000 0.971981 0.261000 0.978744 0.265500 1.000000 0.267000 1.000000 0.237500
0 0.935266 0.224000 0.927536 0.227000 0.925604 0.230000 0.924638 0.236500 0.926570 0.240500 0.938164 0.250500 0.943961 0.253500 0.948792 0.254500 0.961353 0.254500 0.968116 0.251500 0.976812 0.242000 0.976812 0.231500 0.972947 0.227500 0.966184 0.225000 0.957488 0.223500
0 0.995169 0.204500 0.977778 0.213000 0.974879 0.216500 0.974879 0.225000 0.976812 0.228500 0.984541 0.233000 0.996135 0.236500 1.000000 0.236500 1.000000 0.204500
0 0.866667 0.220000 0.855072 0.225000 0.848309 0.232000 0.847343 0.237000 0.855072 0.246500 0.858937 0.248500 0.872464 0.250000 0.893720 0.249500 0.909179 0.244500 0.914010 0.242000 0.915942 0.238500 0.915942 0.231500 0.911111 0.226000 0.898551 0.222000 0.885990 0.220000
0 0.885990 0.216000 0.889855 0.220000 0.905314 0.223500 0.921739 0.225500 0.937198 0.223000 0.951691 0.222500 0.956522 0.218000 0.956522 0.211000 0.943961 0.197000 0.937198 0.195500 0.924638 0.195500 0.907246 0.200000 0.895652 0.206000
0 0.742995 0.241500 0.738164 0.244000 0.733333 0.254000 0.736232 0.261500 0.742995 0.266000 0.760386 0.271500 0.770048 0.271500 0.783575 0.268000 0.797101 0.260500 0.797101 0.255500 0.792271 0.249000 0.782609 0.242500 0.770048 0.240000
0 0.823188 0.230000 0.809662 0.230500 0.797101 0.233000 0.787440 0.238000 0.785507 0.240500 0.785507 0.244500 0.793237 0.250000 0.798068 0.258000 0.805797 0.261000 0.821256 0.260500 0.846377 0.251500 0.850242 0.248000 0.850242 0.241000 0.847343 0.238000 0.834783 0.232500
0 0.821256 0.194000 0.811594 0.197000 0.800000 0.204500 0.795169 0.212000 0.795169 0.219500 0.800966 0.223500 0.813527 0.225000 0.824155 0.230000 0.831884 0.231500 0.839614 0.231500 0.849275 0.228500 0.865700 0.218000 0.866667 0.211500 0.864734 0.204500 0.859903 0.200500 0.829952 0.193500
0 0.761353 0.201500 0.737198 0.210000 0.733333 0.213500 0.732367 0.218500 0.740097 0.227500 0.744928 0.230000 0.766184 0.237500 0.777778 0.238500 0.783575 0.236000 0.791304 0.229500 0.792271 0.223000 0.789372 0.213000 0.785507 0.208000 0.776812 0.203000 0.771014 0.201500
0 0.683092 0.236000 0.677295 0.238500 0.674396 0.245000 0.674396 0.248500 0.683092 0.258500 0.687923 0.261000 0.695652 0.262500 0.709179 0.262000 0.719807 0.259000 0.726570 0.255500 0.733333 0.248000 0.735266 0.244000 0.731401 0.241000 0.709179 0.236000
0 0.678261 0.222000 0.646377 0.221500 0.632850 0.226000 0.624155 0.231000 0.620290 0.236000 0.621256 0.244000 0.626087 0.248000 0.636715 0.253000 0.650242 0.254000 0.663768 0.251500 0.671498 0.248000 0.682126 0.228000 0.682126 0.224000
0 0.639614 0.264000 0.633816 0.253000 0.626087 0.247500 0.619324 0.245000 0.594203 0.247500 0.579710 0.254500 0.575845 0.258500 0.575845 0.263500 0.591304 0.268000 0.609662 0.270000 0.629952 0.270000 0.636715 0.268000
0 0.661836 0.259000 0.654106 0.263500 0.646377 0.266000 0.641546 0.274000 0.640580 0.280000 0.642512 0.285000 0.650242 0.294000 0.657971 0.297000 0.672464 0.298000 0.685024 0.296000 0.695652 0.291000 0.698551 0.287500 0.700483 0.278500 0.696618 0.269000 0.689855 0.263500 0.674396 0.258500
0 0.574879 0.271500 0.571014 0.275500 0.571014 0.283500 0.573913 0.287000 0.600000 0.300000 0.618357 0.300000 0.629952 0.294000 0.638647 0.286000 0.639614 0.281000 0.637681 0.278000 0.619324 0.271000 0.590338 0.268500
0 0.541063 0.298000 0.534300 0.306000 0.534300 0.311000 0.539130 0.317000 0.545894 0.321000 0.561353 0.324000 0.580676 0.323500 0.592271 0.320000 0.598068 0.314000 0.600000 0.301500 0.595169 0.298500 0.587440 0.296000 0.571014 0.294000 0.554589 0.294000
0 0.505314 0.317500 0.499517 0.320000 0.484058 0.331000 0.483092 0.335500 0.485024 0.338500 0.496618 0.344500 0.518841 0.349500 0.543961 0.349500 0.553623 0.343500 0.557488 0.338500 0.555556 0.333500 0.549758 0.329500 0.546860 0.324500 0.537198 0.319500 0.525604 0.316500 0.516908 0.316000
0 0.465700 0.304500 0.447343 0.309500 0.445411 0.311000 0.445411 0.315000 0.455072 0.325000 0.463768 0.329500 0.471498 0.331000 0.483092 0.330500 0.495652 0.319500 0.495652 0.313500 0.492754 0.308500 0.482126 0.304500
0 0.531401 0.284500 0.521739 0.283500 0.509179 0.284000 0.500483 0.286000 0.495652 0.289500 0.493720 0.298000 0.500483 0.314000 0.503382 0.316500 0.522705 0.315500 0.526570 0.314000 0.532367 0.309000 0.537198 0.301000 0.545894 0.295500 0.544928 0.290000
0 0.483092 0.260500 0.473430 0.261000 0.456039 0.266000 0.447343 0.269500 0.437681 0.276000 0.433816 0.281000 0.433816 0.285000 0.437681 0.290000 0.446377 0.294000 0.458937 0.296500 0.474396 0.297500 0.487923 0.296000 0.493720 0.293000 0.499517 0.284000 0.498551 0.278500 0.490821 0.269500 0.487923 0.262500
0 0.406763 0.281000 0.400000 0.282500 0.383575 0.290500 0.379710 0.297500 0.378744 0.305500 0.383575 0.313000 0.394203 0.318500 0.413527 0.320000 0.430918 0.318000 0.441546 0.314000 0.446377 0.308000 0.446377 0.301500 0.444444 0.295500 0.432850 0.286000 0.420290 0.281500
0 0.378744 0.310500 0.370048 0.309000 0.346860 0.309500 0.331401 0.313000 0.325604 0.321000 0.325604 0.328000 0.330435 0.335500 0.338164 0.339500 0.344928 0.340500 0.365217 0.340000 0.387440 0.332000 0.392271 0.324500 0.393237 0.318500
0 0.275362 0.351000 0.272464 0.353500 0.274396 0.361000 0.278261 0.363000 0.281159 0.367000 0.290821 0.370000 0.312077 0.373000 0.332367 0.372500 0.342995 0.369500 0.350725 0.364000 0.352657 0.359500 0.351691 0.350000 0.345894 0.345000 0.334300 0.340500 0.314010 0.340000 0.297585 0.342000
0 0.269565 0.312500 0.258937 0.315000 0.250242 0.328500 0.239614 0.337500 0.240580 0.348500 0.242512 0.350000 0.251208 0.352000 0.262802 0.352500 0.273430 0.351500 0.281159 0.347500 0.292754 0.344000 0.296618 0.341000 0.297585 0.337500 0.290821 0.327500 0.279227 0.319500 0.277295 0.316000
0 0.272464 0.294000 0.268599 0.298500 0.266667 0.307000 0.276329 0.312500 0.289855 0.314500 0.314976 0.315000 0.326570 0.314000 0.333333 0.311000 0.334300 0.305500 0.331401 0.294500 0.320773 0.287500 0.314010 0.286000 0.297585 0.286000 0.283092 0.289000
0 0.329469 0.261500 0.328502 0.268000 0.331401 0.277500 0.338164 0.283000 0.348792 0.288500 0.357488 0.291000 0.368116 0.292000 0.379710 0.291000 0.386473 0.288000 0.400000 0.272500 0.399034 0.269000 0.392271 0.264000 0.382609 0.261000 0.368116 0.258500 0.351691 0.258500 0.341063 0.261000
0 0.462802 0.240000 0.451208 0.237500 0.442512 0.237000 0.432850 0.238000 0.422222 0.242000 0.416425 0.250000 0.415459 0.261000 0.425121 0.268000 0.431884 0.269500 0.444444 0.269500 0.467633 0.263000 0.477295 0.259000 0.479227 0.256000 0.477295 0.248000 0.474396 0.245000
0 0.495652 0.256000 0.489855 0.263000 0.495652 0.275000 0.500483 0.276500 0.531401 0.275500 0.534300 0.272500 0.536232 0.263000 0.530435 0.255500 0.521739 0.253500 0.510145 0.253500
0 0.564251 0.248000 0.555556 0.248000 0.540097 0.251500 0.537198 0.258500 0.539130 0.263500 0.536232 0.275500 0.541063 0.280000 0.556522 0.279500 0.565217 0.276000 0.572947 0.264000 0.571981 0.260000 0.574879 0.255500 0.573913 0.251500
0 0.551691 0.220500 0.531401 0.217500 0.517874 0.217500 0.505314 0.219500 0.485990 0.228500 0.481159 0.235500 0.483092 0.241000 0.496618 0.249000 0.503382 0.251000 0.535266 0.248500 0.545894 0.244000 0.546860 0.241000 0.549758 0.240500 0.545894 0.238500 0.547150 0.233050 0.551981 0.227050 0.553913 0.222850
0 0.554589 0.224000 0.546860 0.236500 0.562319 0.243500 0.579710 0.246500 0.594203 0.246500 0.607729 0.244500 0.614493 0.242000 0.618357 0.236500 0.618357 0.231000 0.612560 0.223500 0.604831 0.219500 0.591304 0.217000 0.579710 0.217000 0.559420 0.221500
0 0.682126 0.203500 0.675362 0.197000 0.667633 0.192500 0.656039 0.190500 0.646377 0.191000 0.631884 0.194000 0.624155 0.197500 0.608696 0.209000 0.606763 0.213500 0.612560 0.217000 0.630918 0.220500 0.670531 0.221000 0.677295 0.219000 0.682126 0.215500
0 0.587440 0.184500 0.578744 0.185000 0.570048 0.188500 0.556522 0.201000 0.555556 0.205500 0.557488 0.209000 0.571014 0.213500 0.598068 0.212500 0.606763 0.209000 0.609662 0.205500 0.610628 0.200000 0.605797 0.193000
0 0.501449 0.189000 0.499517 0.193500 0.503382 0.205500 0.511111 0.211000 0.526570 0.216000 0.537198 0.215500 0.552657 0.206000 0.553623 0.196500 0.551691 0.193000 0.540097 0.189000 0.528502 0.187500
0 0.477295 0.184500 0.457005 0.185000 0.445411 0.187000 0.437681 0.191000 0.434783 0.196000 0.435749 0.206500 0.440580 0.215000 0.446377 0.218000 0.456039 0.220000 0.465700 0.227000 0.472464 0.226000 0.478261 0.220500 0.489855 0.218500 0.497585 0.214000 0.500483 0.209500 0.501449 0.204500 0.497585 0.192500 0.490821 0.187500
0 0.414493 0.220000 0.388406 0.220000 0.373913 0.225000 0.371014 0.230500 0.371981 0.239000 0.390338 0.252000 0.398068 0.251500 0.415459 0.244500 0.425121 0.237500 0.425121 0.225500 0.421256 0.222000
0 0.373913 0.192000 0.368116 0.197500 0.367150 0.203500 0.372947 0.209000 0.379710 0.211500 0.404831 0.217000 0.428019 0.216500 0.436715 0.213500 0.430918 0.197500 0.414493 0.187000 0.406763 0.185000 0.389372 0.185000 0.381643 0.187500
0 0.340097 0.205000 0.329469 0.206000 0.314976 0.212500 0.313043 0.215000 0.312077 0.225000 0.319807 0.235500 0.328502 0.238000 0.340097 0.238000 0.355556 0.236000 0.366184 0.232000 0.371014 0.225500 0.370048 0.217000 0.366184 0.212500 0.356522 0.208000
0 0.311111 0.226000 0.301449 0.222500 0.290821 0.221000 0.267633 0.223500 0.253140 0.228500 0.249275 0.232500 0.251208 0.239000 0.250242 0.245000 0.255072 0.249500 0.266667 0.252500 0.285990 0.254000 0.297585 0.252500 0.307246 0.249000 0.314976 0.242500 0.317874 0.236500
0 0.207729 0.265000 0.207729 0.269000 0.211594 0.275000 0.223188 0.279000 0.234783 0.280500 0.261836 0.280500 0.267633 0.279000 0.278261 0.272500 0.287923 0.271000 0.289855 0.267000 0.277295 0.255000 0.254106 0.251000 0.234783 0.251000 0.217391 0.254500 0.211594 0.259000
0 0.254106 0.384500 0.224155 0.386500 0.208696 0.394000 0.203865 0.400500 0.204831 0.405500 0.212560 0.412000 0.221256 0.415500 0.240580 0.418000 0.245411 0.417000 0.262802 0.408500 0.264734 0.395500
0 0.275362 0.368500 0.267633 0.371000 0.260870 0.375500 0.257971 0.383000 0.258937 0.389500 0.262802 0.392000 0.273430 0.395000 0.284058 0.396500 0.299517 0.395500 0.314976 0.388500 0.316908 0.382000 0.314976 0.374500 0.283092 0.368500
0 0.241546 0.353000 0.229952 0.353500 0.207729 0.359500 0.198068 0.365000 0.195169 0.368500 0.197101 0.372000 0.200966 0.374000 0.202899 0.379000 0.225121 0.385500 0.241546 0.385000 0.252174 0.383000 0.256039 0.381000 0.259903 0.376000 0.260870 0.368000 0.257005 0.362000 0.251208 0.356500
0 0.199034 0.389000 0.172947 0.379500 0.147826 0.380000 0.138164 0.381500 0.128502 0.385000 0.125604 0.388500 0.124638 0.397000 0.128502 0.404500 0.134300 0.410000 0.143961 0.413000 0.153623 0.413000 0.168116 0.411000 0.194203 0.402000 0.200000 0.395000
0 0.124638 0.358500 0.121739 0.363500 0.124638 0.372500 0.132367 0.376500 0.140097 0.378500 0.171014 0.378000 0.185507 0.373500 0.190338 0.370000 0.188406 0.365500 0.180676 0.362000 0.175845 0.357500 0.155556 0.350000 0.139130 0.351000 0.132367 0.353000
0 0.199034 0.328000 0.185507 0.332500 0.179710 0.337000 0.173913 0.346000 0.186473 0.356000 0.199034 0.358500 0.209662 0.358500 0.224155 0.354500 0.235749 0.349000 0.238647 0.343500 0.237681 0.336500 0.233816 0.333500 0.222222 0.330000 0.213527 0.328500
0 0.180676 0.324500 0.171014 0.319000 0.154589 0.318500 0.144928 0.320500 0.124638 0.331000 0.120773 0.336500 0.119807 0.346000 0.149758 0.349000 0.162319 0.348000 0.170048 0.345500 0.178744 0.339500 0.184541 0.333000 0.185507 0.329500
0 0.218357 0.296500 0.205797 0.296500 0.198068 0.298000 0.189372 0.301500 0.184541 0.306000 0.180676 0.313000 0.180676 0.319500 0.184541 0.323500 0.195169 0.327000 0.209662 0.328000 0.230918 0.325000 0.250242 0.315000 0.249275 0.310000 0.242512 0.304500 0.230918 0.299000
0 0.147826 0.286000 0.127536 0.294500 0.123671 0.298500 0.124638 0.306500 0.133333 0.312500 0.145894 0.316500 0.153623 0.317500 0.173913 0.317000 0.179710 0.314500 0.187440 0.303000 0.187440 0.294000 0.178744 0.287000 0.173913 0.285500
0 0.171014 0.243000 0.144928 0.251000 0.137198 0.255000 0.132367 0.260500 0.130435 0.266500 0.131401 0.275500 0.139130 0.281000 0.147826 0.284500 0.178744 0.284500 0.186473 0.283500 0.193237 0.280500 0.197101 0.276000 0.197101 0.263500 0.194203 0.257000
0 0.212560 0.224500 0.205797 0.224500 0.188406 0.227500 0.179710 0.232000 0.175845 0.236500 0.176812 0.242500 0.190338 0.252000 0.196135 0.253500 0.211594 0.253000 0.222319 0.251400 0.230725 0.248450 0.236812 0.244400 0.237101 0.236750 0.230918 0.232000 0.224155 0.227500
0 0.121739 0.213500 0.118841 0.216000 0.120773 0.221000 0.118841 0.231500 0.119807 0.237500 0.123671 0.241500 0.129469 0.244500 0.139130 0.246500 0.155556 0.246500 0.170048 0.241500 0.177778 0.233000 0.177778 0.228000 0.173913 0.225000 0.144928 0.214500 0.127536 0.213000
0 0.287923 0.209000 0.279227 0.205000 0.270531 0.203500 0.229952 0.205500 0.221256 0.208500 0.217391 0.211500 0.217391 0.217500 0.220290 0.222500 0.230918 0.229000 0.246377 0.230500 0.267633 0.222500 0.285024 0.219000 0.288889 0.215000
0 0.169082 0.197000 0.164251 0.201000 0.161353 0.207500 0.162319 0.214500 0.166184 0.219000 0.173913 0.222500 0.186473 0.225000 0.199034 0.225000 0.214493 0.222500 0.216425 0.221000 0.215459 0.206000 0.199034 0.194000 0.187440 0.193000
0 0.208696 0.181000 0.201932 0.188500 0.200966 0.194500 0.213527 0.202000 0.233816 0.205000 0.263768 0.204000 0.269565 0.202500 0.271498 0.199000 0.269565 0.191500 0.262802 0.184500 0.257005 0.181500 0.231884 0.175000 0.222222 0.175500
0 0.130435 0.170500 0.122705 0.180000 0.123671 0.189500 0.130435 0.194500 0.139130 0.197000 0.155556 0.197500 0.173913 0.195500 0.183575 0.192500 0.187440 0.186500 0.184541 0.178000 0.168116 0.169500 0.155556 0.165500 0.145894 0.165500
0 0.184541 0.148000 0.174879 0.151500 0.170048 0.156000 0.166184 0.162000 0.166184 0.167500 0.174879 0.173000 0.195169 0.178000 0.208696 0.179500 0.228019 0.172500 0.229952 0.170000 0.228986 0.159500 0.220290 0.153000 0.213527 0.150000 0.196135 0.148000
0 0.291787 0.151000 0.285024 0.148500 0.257971 0.151500 0.246377 0.155500 0.234783 0.161500 0.231884 0.165500 0.231884 0.170000 0.234783 0.174000 0.247343 0.178500 0.258937 0.181000 0.272464 0.181000 0.280193 0.179000 0.285990 0.174000 0.285990 0.167500 0.292754 0.158500 0.293720 0.154000
0 0.351691 0.151500 0.342029 0.151000 0.337198 0.152000 0.330435 0.150500 0.321739 0.151000 0.292754 0.160500 0.286957 0.166000 0.286957 0.175500 0.293720 0.181500 0.301449 0.185500 0.314010 0.189000 0.335266 0.189500 0.346860 0.187000 0.353623 0.183500 0.360386 0.175000 0.360386 0.164500 0.357488 0.160500 0.356522 0.154000
0 0.365217 0.162000 0.362319 0.168000 0.363285 0.174500 0.371981 0.179500 0.382609 0.182500 0.394203 0.184000 0.415459 0.184500 0.435749 0.181000 0.441546 0.177500 0.443478 0.174500 0.442512 0.170500 0.430918 0.162000 0.419324 0.156500 0.401932 0.152500 0.388406 0.152000 0.381643 0.153000 0.370048 0.158000
0 0.110145 0.144500 0.107246 0.149000 0.109179 0.154500 0.130435 0.160000 0.163285 0.160000 0.168116 0.158000 0.173913 0.150500 0.172947 0.145000 0.167150 0.137500 0.162319 0.134500 0.155556 0.133500 0.142995 0.133500 0.130435 0.135500 0.119807 0.138500
0 0.201932 0.117000 0.181643 0.122500 0.169082 0.130500 0.166184 0.135000 0.170048 0.140500 0.187440 0.147000 0.198068 0.148000 0.216425 0.147500 0.225121 0.145500 0.228019 0.143000 0.227053 0.127000 0.221256 0.119000 0.213527 0.117000
0 0.109179 0.115000 0.107246 0.118000 0.109179 0.121500 0.133333 0.131500 0.142995 0.133000 0.156522 0.133000 0.161353 0.131000 0.164251 0.127500 0.162319 0.123000 0.156522 0.120500 0.144928 0.118000 0.131401 0.111000 0.125604 0.110000 0.117874 0.111000
0 0.143961 0.107000 0.144928 0.116000 0.154589 0.119000 0.186473 0.119000 0.216425 0.113000 0.219324 0.111500 0.202899 0.094500 0.178744 0.090500 0.162319 0.092500 0.148792 0.099500
0 0.123671 0.070500 0.117874 0.072000 0.112077 0.076000 0.110145 0.080500 0.110145 0.095000 0.116908 0.100500 0.123671 0.102500 0.133333 0.102500 0.144928 0.100500 0.159420 0.093500 0.162319 0.089500 0.161353 0.082500 0.158454 0.076500 0.151691 0.072000 0.139130 0.070500
0 0.231884 0.085500 0.225121 0.089500 0.221256 0.098500 0.221256 0.105000 0.228019 0.111500 0.236715 0.115500 0.250242 0.119000 0.269565 0.118000 0.280193 0.116000 0.285024 0.113500 0.285990 0.111000 0.285024 0.103000 0.279227 0.093000 0.261836 0.085500 0.255072 0.084000 0.243478 0.083500
0 0.268599 0.120000 0.253140 0.121000 0.229952 0.130500 0.227053 0.139500 0.229952 0.144500 0.234783 0.146500 0.258937 0.150500 0.271498 0.149500 0.282126 0.147000 0.284058 0.141500 0.280193 0.127000
0 0.306280 0.113000 0.295652 0.116000 0.287923 0.120000 0.282126 0.125500 0.281159 0.132500 0.285990 0.143500 0.292754 0.146000 0.313043 0.147500 0.327536 0.147000 0.340097 0.144500 0.344928 0.141500 0.351691 0.126500 0.348792 0.123000 0.336232 0.115000 0.328502 0.113000
0 0.400000 0.126500 0.386473 0.124500 0.365217 0.125000 0.351691 0.128000 0.345894 0.137000 0.345894 0.143500 0.350725 0.147500 0.361353 0.151500 0.370048 0.152000 0.382609 0.151500 0.393237 0.148000 0.400966 0.143500 0.402899 0.129000
0 0.436715 0.121000 0.409662 0.127500 0.400966 0.133500 0.401932 0.140000 0.410628 0.147500 0.417391 0.150500 0.431884 0.153000 0.442512 0.152000 0.447343 0.149500 0.452174 0.143000 0.448309 0.127000 0.445411 0.124000
0 0.496618 0.123500 0.489855 0.123000 0.481159 0.120500 0.468599 0.120500 0.455072 0.124000 0.452174 0.127000 0.453140 0.144000 0.457971 0.150500 0.464734 0.152000 0.475362 0.151500 0.491787 0.146000 0.502415 0.131500 0.500483 0.126000
0 0.555556 0.128500 0.545894 0.124500 0.540097 0.123500 0.528502 0.123500 0.516908 0.126000 0.507246 0.130500 0.497585 0.139500 0.492754 0.146500 0.493720 0.150500 0.497585 0.152500 0.506280 0.154000 0.535266 0.152500 0.565217 0.148500 0.568116 0.146500 0.568116 0.140500 0.562319 0.133000
0 0.458937 0.170000 0.457005 0.174000 0.470531 0.178500 0.480193 0.184000 0.493720 0.187500 0.505314 0.188000 0.516908 0.187000 0.522705 0.185500 0.527536 0.182500 0.523671 0.167000 0.524638 0.161500 0.520773 0.158500 0.514010 0.156500 0.499517 0.156000 0.481159 0.159000 0.474396 0.161000
0 0.554589 0.149500 0.542029 0.152000 0.525604 0.164500 0.525604 0.174000 0.529469 0.179000 0.540097 0.184000 0.546860 0.186000 0.567150 0.186500 0.577778 0.184000 0.583575 0.180500 0.590338 0.174000 0.592271 0.166000 0.586473 0.163000 0.585507 0.158000 0.576812 0.152000 0.567150 0.149500
0 0.612560 0.163500 0.601932 0.166500 0.594203 0.171000 0.590338 0.177000 0.591304 0.181500 0.596135 0.187000 0.607729 0.192000 0.626087 0.194500 0.649275 0.188500 0.653140 0.183000 0.652174 0.174500 0.646377 0.168500 0.639614 0.165500 0.626087 0.163500
0 0.675362 0.184500 0.672464 0.187500 0.674396 0.192500 0.697585 0.201500 0.705314 0.203000 0.716908 0.203000 0.726570 0.199000 0.728502 0.194000 0.727536 0.185000 0.716908 0.179000 0.700483 0.178500 0.682126 0.181500
0 0.701449 0.151000 0.693720 0.149500 0.681159 0.150500 0.657971 0.159500 0.655072 0.171000 0.658937 0.178000 0.663768 0.180500 0.672464 0.181500 0.686957 0.181000 0.714976 0.177000 0.721739 0.174000 0.720773 0.164500 0.712077 0.157000
0 0.742029 0.168500 0.736232 0.172500 0.731401 0.179500 0.731401 0.190000 0.735266 0.195000 0.744928 0.199500 0.751691 0.201000 0.764251 0.201000 0.784541 0.197000 0.790338 0.193500 0.795169 0.186500 0.795169 0.179000 0.789372 0.171000 0.784541 0.168500 0.778744 0.167500 0.745894 0.167500
0 0.801932 0.167000 0.800000 0.169000 0.801932 0.179500 0.813527 0.186500 0.828019 0.192500 0.842512 0.195000 0.854106 0.194500 0.862802 0.191500 0.873430 0.182000 0.873430 0.177500 0.869565 0.171500 0.848309 0.165000 0.832850 0.162500 0.823188 0.162500 0.809662 0.164500
0 0.745894 0.138500 0.740097 0.141500 0.737198 0.146500 0.728502 0.153500 0.729469 0.161500 0.735266 0.165000 0.744928 0.167000 0.770048 0.166000 0.779710 0.163000 0.786473 0.158500 0.788406 0.151500 0.785507 0.146000 0.780676 0.141500 0.771014 0.138000
0 0.714976 0.124000 0.708213 0.125000 0.690821 0.133000 0.688889 0.141500 0.691787 0.146000 0.699517 0.150000 0.711111 0.153500 0.723671 0.153500 0.735266 0.148500 0.742995 0.137500 0.732367 0.125000 0.727536 0.124000
0 0.590338 0.137500 0.586473 0.143500 0.586473 0.151500 0.590338 0.155500 0.599034 0.159500 0.610628 0.162500 0.627053 0.163500 0.653140 0.156500 0.654106 0.154000 0.646377 0.145500 0.626087 0.134500 0.608696 0.131500 0.600966 0.132500
0 0.667633 0.119500 0.658937 0.121500 0.642512 0.129500 0.635749 0.139000 0.641546 0.143000 0.652174 0.146500 0.674396 0.147500 0.687923 0.144000 0.686957 0.128000 0.685024 0.123500 0.680193 0.120500
0 0.664734 0.110000 0.635749 0.104500 0.617391 0.104500 0.609662 0.107000 0.602899 0.111000 0.602899 0.116000 0.606763 0.119500 0.606763 0.124500 0.611594 0.130500 0.623188 0.133500 0.628019 0.133500 0.640580 0.130500 0.664734 0.119000 0.666667 0.112000
0 0.557488 0.112500 0.551691 0.116000 0.549758 0.123500 0.551691 0.126500 0.568116 0.136000 0.577778 0.137000 0.588406 0.136500 0.602899 0.130500 0.604831 0.128500 0.604831 0.118500 0.597101 0.114500 0.579710 0.111000
0 0.896618 0.167500 0.888889 0.178000 0.887923 0.182500 0.890821 0.186500 0.897585 0.190500 0.915942 0.195000 0.951691 0.195000 0.959420 0.193500 0.962319 0.188000 0.945894 0.171000 0.936232 0.167000 0.921739 0.164000 0.905314 0.165000
0 0.966184 0.160000 0.951691 0.166000 0.948792 0.169500 0.948792 0.174500 0.960386 0.187500 0.966184 0.190500 0.974879 0.191500 0.987440 0.195000 1.000000 0.194000 1.000000 0.159000 0.979710 0.158500
0 0.847343 0.149500 0.846377 0.155500 0.849275 0.163000 0.855072 0.167000 0.865700 0.169500 0.876329 0.169500 0.893720 0.167500 0.904348 0.165000 0.920773 0.163500 0.922705 0.162000 0.923671 0.157000 0.921739 0.155500 0.904348 0.151500 0.883092 0.144000 0.858937 0.143000 0.853140 0.145000
0 0.816425 0.125000 0.811594 0.127000 0.808696 0.131500 0.801932 0.135000 0.800966 0.139000 0.813527 0.149500 0.822222 0.153000 0.828986 0.154000 0.840580 0.153500 0.845411 0.152000 0.853140 0.145000 0.859903 0.141500 0.859903 0.136000 0.853140 0.131000 0.835749 0.126000 0.823188 0.124500
0 0.881159 0.130500 0.878261 0.134500 0.881159 0.141500 0.888889 0.146000 0.910145 0.153000 0.918841 0.154500 0.932367 0.154500 0.949758 0.150500 0.952657 0.146000 0.946860 0.138500 0.934300 0.129500 0.919807 0.122000 0.911111 0.120000 0.901449 0.120500 0.895652 0.122000
0 0.959420 0.118000 0.950725 0.120000 0.944928 0.123000 0.940097 0.129500 0.940097 0.133000 0.952657 0.147000 0.961353 0.150500 0.971014 0.151000 0.980676 0.147000 0.983575 0.142000 0.994203 0.132000 0.994203 0.127000 0.987440 0.120500 0.970048 0.118000
0 0.996135 0.130000 0.983575 0.141500 0.982609 0.148000 0.988406 0.155500 0.995169 0.159000 1.000000 0.159000 1.000000 0.130000
0 0.965217 0.088500 0.958454 0.092000 0.951691 0.098500 0.949758 0.107500 0.952657 0.111500 0.961353 0.116000 0.980676 0.119000 1.000000 0.116900 1.000000 0.093500 0.996135 0.090500 0.991304 0.088000 0.985507 0.087000 0.971014 0.087000
0 0.938164 0.082000 0.926570 0.082500 0.914976 0.090000 0.903382 0.109000 0.904348 0.116000 0.910145 0.119000 0.916908 0.120000 0.928502 0.119500 0.933333 0.117500 0.946860 0.106500 0.952657 0.094500 0.942995 0.084000
0 0.868599 0.101500 0.846377 0.105000 0.840580 0.108500 0.836715 0.113500 0.835749 0.122000 0.840580 0.127000 0.857005 0.131500 0.864734 0.131500 0.877295 0.129500 0.886957 0.124000 0.892754 0.118000 0.892754 0.111000 0.886957 0.105500
0 0.778744 0.103500 0.769082 0.103500 0.763285 0.106500 0.749758 0.108500 0.740097 0.114500 0.736232 0.121000 0.738164 0.131000 0.742029 0.134500 0.748792 0.137000 0.764251 0.137500 0.775845 0.136000 0.783575 0.134000 0.793237 0.128000 0.795169 0.123500 0.793237 0.118500 0.785507 0.112000 0.784541 0.107000
0 0.854106 0.081500 0.844444 0.078500 0.828019 0.078500 0.814493 0.081500 0.800966 0.088000 0.798068 0.091000 0.798068 0.105500 0.800966 0.106500 0.825121 0.108000 0.840580 0.105000 0.851208 0.100000 0.860870 0.092500 0.860870 0.087500
0 0.881159 0.065000 0.871498 0.070500 0.865700 0.077000 0.866667 0.095000 0.869565 0.100000 0.873430 0.102000 0.881159 0.103000 0.898551 0.102500 0.905314 0.100500 0.910145 0.096000 0.911111 0.085000 0.909179 0.078500 0.890821 0.065500
0 0.792271 0.074500 0.778744 0.074000 0.761353 0.076500 0.748792 0.082500 0.742995 0.088500 0.742995 0.094500 0.755556 0.100500 0.765217 0.102500 0.785507 0.102500 0.796135 0.100000 0.801932 0.083500 0.797101 0.076500
0 0.729469 0.089500 0.720773 0.089000 0.704348 0.091000 0.687923 0.097500 0.683092 0.102500 0.681159 0.111500 0.685024 0.115500 0.702415 0.122500 0.719807 0.123500 0.732367 0.120500 0.744928 0.110000 0.745894 0.101500 0.743961 0.097500 0.738164 0.093000
0 0.627053 0.088000 0.625121 0.092000 0.633816 0.104000 0.649275 0.107500 0.667633 0.110000 0.678261 0.108500 0.685024 0.096500 0.685990 0.091000 0.683092 0.086500 0.677295 0.083500 0.667633 0.081000 0.655072 0.081000 0.647343 0.082000
0 0.701449 0.057000 0.690821 0.062500 0.684058 0.072000 0.684058 0.077000 0.688889 0.084500 0.705314 0.089500 0.725604 0.088500 0.739130 0.090000 0.748792 0.082000 0.758454 0.077500 0.758454 0.071500 0.737198 0.059500 0.718841 0.056000 0.706280 0.056000
0 0.820290 0.051000 0.812560 0.055500 0.806763 0.069000 0.810628 0.073500 0.830918 0.077500 0.853140 0.078500 0.864734 0.076500 0.873430 0.068500 0.872464 0.060000 0.865700 0.051500 0.860870 0.049000 0.848309 0.047000 0.835749 0.047000
0 0.745894 0.051000 0.745894 0.058500 0.758454 0.065000 0.778744 0.069000 0.795169 0.069500 0.801932 0.068000 0.805797 0.062000 0.807729 0.048500 0.801932 0.044500 0.792271 0.041000 0.773913 0.041000 0.761353 0.043500
0 0.967150 0.054000 0.947826 0.064000 0.944928 0.068500 0.944928 0.074000 0.947826 0.077000 0.955556 0.081500 0.968116 0.085500 0.986473 0.087000 1.000000 0.086000 1.000000 0.062450 0.995652 0.058100 0.990242 0.054250 0.981643 0.052000
0 0.902415 0.047000 0.890821 0.052000 0.887923 0.055500 0.888889 0.063500 0.891787 0.066500 0.911111 0.077000 0.927536 0.080000 0.937198 0.079500 0.941063 0.076500 0.945894 0.066000 0.945894 0.058000 0.942029 0.053000 0.931401 0.046500 0.924638 0.045000 0.909179 0.045500
0 0.621256 0.067500 0.621256 0.077000 0.627053 0.080500 0.634783 0.081500 0.670531 0.079000 0.682126 0.073000 0.682126 0.068000 0.672464 0.062500 0.658937 0.058500 0.649275 0.057000 0.633816 0.058000 0.627053 0.061500
0 0.617391 0.085000 0.586473 0.085000 0.571981 0.089500 0.570048 0.092000 0.570048 0.100000 0.579710 0.109000 0.585507 0.111500 0.599034 0.112000 0.625121 0.100000 0.627053 0.095000 0.623188 0.088000
0 0.557488 0.078500 0.530435 0.078500 0.523671 0.080000 0.517874 0.084500 0.516908 0.092500 0.524638 0.101000 0.531401 0.105500 0.533333 0.110500 0.542995 0.109500 0.549758 0.107500 0.568116 0.099500 0.571014 0.087500 0.566184 0.082000
0 0.675362 0.026000 0.662802 0.028000 0.650242 0.032000 0.648309 0.042500 0.650242 0.048000 0.661836 0.057500 0.669565 0.060500 0.685990 0.062000 0.701449 0.056000 0.705314 0.053000 0.705314 0.040500 0.698551 0.032500 0.693720 0.029500 0.685990 0.026500
0 0.604831 0.021500 0.587440 0.032500 0.585507 0.038000 0.589372 0.044000 0.600966 0.049000 0.615459 0.052000 0.627053 0.052500 0.646377 0.049000 0.648309 0.047500 0.646377 0.031500 0.643478 0.027500 0.627053 0.020500 0.613527 0.020000
0 0.555556 0.053000 0.551691 0.055500 0.549758 0.062000 0.550725 0.069500 0.558454 0.076500 0.569082 0.081500 0.576812 0.083500 0.590338 0.084500 0.609662 0.084000 0.612560 0.076500 0.617391 0.074500 0.619324 0.071500 0.619324 0.065000 0.609662 0.052500 0.594203 0.047000 0.584541 0.046000 0.576812 0.047000
0 0.498551 0.050000 0.483092 0.065000 0.482126 0.068500 0.485024 0.073000 0.496618 0.078500 0.507246 0.080000 0.526570 0.079000 0.538164 0.076500 0.544928 0.073000 0.546860 0.069500 0.546860 0.060000 0.542995 0.055500 0.538164 0.052500 0.527536 0.049500 0.507246 0.048500
0 0.503382 0.088000 0.485024 0.093000 0.470531 0.099500 0.466667 0.106000 0.466667 0.112000 0.473430 0.117000 0.487923 0.120500 0.501449 0.122000 0.521739 0.121000 0.527536 0.119000 0.530435 0.115500 0.531401 0.110000 0.529469 0.104000 0.516908 0.092500
0 0.456039 0.067000 0.441546 0.069500 0.437681 0.071500 0.433816 0.076000 0.433816 0.088000 0.443478 0.096500 0.454106 0.099000 0.465700 0.099000 0.479227 0.095500 0.487923 0.091000 0.494686 0.084500 0.494686 0.081500 0.484058 0.071500 0.474396 0.067500
0 0.384541 0.098500 0.377778 0.103500 0.377778 0.109000 0.381643 0.113500 0.391304 0.118000 0.400966 0.121000 0.418357 0.123000 0.428019 0.122500 0.435749 0.119500 0.441546 0.114500 0.443478 0.107000 0.439614 0.102500 0.428019 0.096000 0.422222 0.094000 0.411594 0.093000
0 0.324638 0.077000 0.315942 0.083000 0.310145 0.091500 0.314976 0.097500 0.327536 0.102500 0.350725 0.106000 0.363285 0.106500 0.374879 0.104000 0.380676 0.100000 0.380676 0.091000 0.376812 0.083500 0.361353 0.078000 0.352657 0.077500 0.344928 0.074000 0.335266 0.074000
0 0.314010 0.063500 0.307246 0.062000 0.296618 0.062500 0.266667 0.068500 0.260870 0.071500 0.257971 0.075000 0.257971 0.082000 0.261836 0.086000 0.282126 0.093000 0.308213 0.093000 0.321739 0.077000 0.320773 0.069000
0 0.375845 0.072000 0.374879 0.077000 0.381643 0.093500 0.383575 0.094500 0.399034 0.094500 0.425121 0.091000 0.430918 0.088500 0.430918 0.078500 0.423188 0.072000 0.402899 0.067500 0.391304 0.068000
0 0.694686 0.021500 0.691787 0.025000 0.693720 0.029500 0.704348 0.038500 0.723671 0.045000 0.739130 0.047500 0.748792 0.047500 0.759420 0.043500 0.766184 0.038000 0.769082 0.034000 0.769082 0.027000 0.767150 0.024500 0.754589 0.019500 0.739130 0.017500 0.707246 0.017000
0 0.996135 0.023000 0.990338 0.029500 0.990338 0.042500 0.995169 0.048500 1.000000 0.048500 1.000000 0.023000
0 0.976812 0.022000 0.968116 0.020500 0.957488 0.022000 0.938164 0.034500 0.934300 0.039000 0.934300 0.047000 0.937198 0.050500 0.943961 0.054000 0.961353 0.055000 0.976812 0.052000 0.982609 0.049500 0.984541 0.036000 0.981643 0.025000
0 0.946860 0.000000 0.947826 0.008500 0.958454 0.018500 0.973913 0.020000 0.980676 0.022000 1.000000 0.021000 1.000000 0.000000
0 0.897585 0.010500 0.891787 0.013500 0.887923 0.020000 0.890821 0.027000 0.896618 0.031500 0.908213 0.035500 0.924638 0.037000 0.933333 0.036500 0.939130 0.034500 0.954589 0.022000 0.950725 0.012000 0.933333 0.006500 0.921739 0.006500
0 0.853140 0.028500 0.849275 0.031500 0.850242 0.040500 0.857971 0.047500 0.870531 0.053000 0.877295 0.054000 0.887923 0.053500 0.904348 0.045500 0.906280 0.036500 0.894686 0.030500 0.869565 0.026000 0.860870 0.026500
0 0.880193 0.000000 0.880193 0.002000 0.887923 0.008000 0.892754 0.009500 0.900483 0.009500 0.926570 0.006000 0.942029 0.002000 0.942029 0.000000
0 0.833816 0.000000 0.832850 0.010500 0.834783 0.015000 0.841546 0.020500 0.845411 0.021500 0.863768 0.021500 0.886957 0.015500 0.887923 0.007500 0.884058 0.003500 0.879227 0.001500 0.879227 0.000000
0 0.784541 0.022000 0.782609 0.026000 0.785507 0.034000 0.793237 0.040500 0.806763 0.046000 0.827053 0.045500 0.838647 0.041500 0.848309 0.030000 0.846377 0.025000 0.842512 0.022500 0.833816 0.020000 0.812560 0.017000 0.798068 0.017500
0 0.748792 0.000000 0.747826 0.008000 0.756522 0.019000 0.769082 0.024000 0.780676 0.024000 0.787440 0.020500 0.800000 0.017000 0.815459 0.016500 0.819324 0.014500 0.822222 0.010000 0.822222 0.000000
0 0.688889 0.000000 0.693720 0.008500 0.701449 0.012500 0.714010 0.016000 0.722705 0.017000 0.737198 0.016000 0.745894 0.009000 0.746860 0.000000
0 0.633816 0.000000 0.628019 0.008500 0.628019 0.015000 0.630918 0.020000 0.638647 0.024500 0.646377 0.026500 0.663768 0.027000 0.677295 0.025500 0.683092 0.023500 0.685024 0.021500 0.694976 0.016450 0.691787 0.010500 0.690821 0.005500 0.685024 0.001500 0.685024 0.000000
0 0.586473 0.000000 0.589372 0.006500 0.594203 0.010000 0.601932 0.012500 0.623188 0.010000 0.627053 0.008000 0.631884 0.002000 0.631884 0.000000
0 0.537101 0.000350 0.584541 0.000000 0.584541 0.002000 0.590338 0.007500 0.601932 0.013500 0.602899 0.019000 0.600000 0.023000 0.594203 0.025000 0.573913 0.025000 0.555556 0.021500 0.544928 0.017500 0.538164 0.011500 0.535459 0.005800 0.538357 0.001500
0 0.557488 0.022500 0.540097 0.023000 0.528502 0.025000 0.521739 0.030000 0.522705 0.040000 0.525604 0.045500 0.547826 0.052500 0.565217 0.049000 0.571014 0.046000 0.578744 0.044500 0.582609 0.041500 0.583575 0.032500 0.580676 0.029500 0.572947 0.025500
0 0.504348 0.021500 0.485990 0.027000 0.472464 0.038000 0.471498 0.041500 0.473430 0.045000 0.480193 0.048500 0.497585 0.049000 0.512077 0.046500 0.518841 0.041500 0.517874 0.031500
0 0.471498 0.006000 0.471498 0.010000 0.479227 0.015500 0.489855 0.019000 0.500483 0.020500 0.513043 0.020500 0.529469 0.016500 0.536232 0.011500 0.534300 0.000000 0.477295 0.000000
0 0.461836 0.009000 0.450242 0.008000 0.435749 0.009500 0.414493 0.019500 0.410628 0.024000 0.409662 0.034000 0.420290 0.039500 0.436715 0.042500 0.465700 0.039500 0.475362 0.035000 0.481159 0.029500 0.482126 0.025000 0.471498 0.014000
0 0.478261 0.050000 0.458937 0.041000 0.442512 0.042000 0.438647 0.044000 0.423188 0.060000 0.423188 0.068000 0.436715 0.070000 0.475362 0.062000 0.481159 0.057000
0 0.384541 0.035000 0.366184 0.035500 0.358454 0.037000 0.348792 0.047000 0.350725 0.057500 0.360386 0.066000 0.373913 0.071000 0.405797 0.066000 0.411594 0.062500 0.415459 0.057000 0.414493 0.051000 0.405797 0.042000 0.399034 0.038500
0 0.369082 0.000000 0.371014 0.009000 0.382609 0.016000 0.401932 0.020000 0.413527 0.019500 0.433816 0.009000 0.435749 0.006500 0.433816 0.000000
0 0.373913 0.011000 0.369082 0.010000 0.355556 0.010500 0.327536 0.021000 0.319227 0.026450 0.315169 0.030800 0.332367 0.033500 0.344928 0.036500 0.377778 0.035000 0.384541 0.033500 0.386473 0.031000 0.386473 0.024000 0.380676 0.016000
0 0.294686 0.037000 0.292754 0.039500 0.291787 0.053000 0.296618 0.056500 0.309179 0.060000 0.318841 0.061000 0.338164 0.061000 0.347826 0.058000 0.347826 0.045000 0.342995 0.039000 0.335266 0.034500 0.314010 0.032500 0.304348 0.033500
0 0.285024 0.057000 0.280193 0.050500 0.271498 0.045500 0.261836 0.043500 0.243478 0.045500 0.240580 0.047000 0.232850 0.057000 0.217391 0.062000 0.213527 0.065000 0.230918 0.071000 0.261836 0.070000 0.284058 0.063000
0 0.176812 0.063000 0.165217 0.069500 0.160386 0.075000 0.160386 0.081000 0.165217 0.086000 0.175845 0.090000 0.187440 0.091500 0.208696 0.092500 0.221256 0.091000 0.228019 0.087500 0.230918 0.084000 0.228986 0.073000 0.225121 0.069500 0.202899 0.062000 0.183575 0.061500
0 0.110145 0.049000 0.108213 0.051000 0.109179 0.061500 0.116908 0.066500 0.130435 0.070000 0.144928 0.071000 0.160386 0.070500 0.181643 0.059500 0.182609 0.056500 0.174879 0.048000 0.171014 0.046000 0.155556 0.043000 0.139130 0.042000 0.120773 0.044500
0 0.231884 0.030500 0.205797 0.030500 0.186473 0.033500 0.176812 0.037000 0.173913 0.041000 0.173913 0.046000 0.181643 0.055000 0.187440 0.059000 0.208696 0.062500 0.226087 0.060000 0.233816 0.056500 0.243478 0.045500 0.244444 0.041000 0.241546 0.035000
0 0.129469 0.014000 0.115942 0.024000 0.115942 0.028000 0.119807 0.032000 0.144928 0.042000 0.170048 0.043500 0.174879 0.038000 0.183575 0.033500 0.183575 0.031000 0.169082 0.012000 0.163285 0.009000 0.158454 0.009000
0 0.261836 0.004000 0.251208 0.010500 0.249275 0.017000 0.251208 0.024500 0.257005 0.032500 0.265700 0.036000 0.289855 0.037000 0.309179 0.032000 0.317874 0.026000 0.317874 0.022500 0.314010 0.017000 0.307246 0.012000 0.296618 0.006500 0.284058 0.003000 0.266667 0.003000
0 0.183575 0.012000 0.182609 0.018500 0.184541 0.022000 0.189372 0.025000 0.202899 0.028500 0.213527 0.029500 0.231884 0.029000 0.248309 0.022000 0.249275 0.008000 0.243478 0.000000 0.196135 0.000000 0.196135 0.001500
0 0.293430 0.000200 0.298551 0.002000 0.301449 0.003500 0.318841 0.006500 0.331401 0.005500 0.341063 0.002500 0.346473 0.000000
0 0.106280 0.006500 0.108213 0.010500 0.112077 0.013000 0.116908 0.014500 0.126570 0.015000 0.163285 0.007500 0.166184 0.006000 0.167150 0.000000 0.109179 0.000000
0 0.636715 0.525000 0.642512 0.528500 0.648309 0.538000 0.653140 0.541500 0.678261 0.547500 0.690821 0.547500 0.698551 0.545000 0.703382 0.538000 0.702415 0.526000 0.698551 0.520500 0.691787 0.516500 0.681159 0.514500 0.661836 0.515500 0.652174 0.517500