0 0.643172 0.269345 0.637665 0.275050 0.639317 0.279018 0.643172 0.281002 0.652533 0.282738 0.659692 0.282986 0.669604 0.281994 0.676211 0.280010 0.678414 0.275298 0.674009 0.270585 0.667952 0.267857 0.659692 0.266617 0.653634 0.266617 0.646476 0.267857
0 0.361233 0.677827 0.352974 0.677083 0.343062 0.677827 0.330396 0.682044 0.323789 0.685516 0.322137 0.688988 0.323238 0.690972 0.327093 0.693452 0.334251 0.695933 0.341960 0.697173 0.351872 0.696677 0.360683 0.693452 0.368943 0.685764 0.366740 0.681300
0 0.314427 0.662450 0.312775 0.665179 0.312775 0.670139 0.317731 0.672867 0.322137 0.673859 0.336454 0.674355 0.352423 0.672123 0.359031 0.669891 0.358480 0.665675 0.355727 0.664187 0.334802 0.657986 0.324339 0.657986 0.319383 0.659226
0 0.292401 0.649554 0.288546 0.650050 0.280837 0.653770 0.276982 0.657738 0.275330 0.663194 0.276982 0.665923 0.282489 0.668651 0.289097 0.670139 0.302313 0.670387 0.307819 0.669147 0.312225 0.666667 0.316630 0.658482 0.315529 0.655010 0.310022 0.650298 0.301211 0.649306
0 0.518172 0.165427 0.508811 0.164931 0.503304 0.165675 0.500000 0.166915 0.491189 0.173363 0.492291 0.177827 0.498899 0.181052 0.507709 0.182044 0.513767 0.181796 0.520925 0.180308 0.525881 0.177827 0.527533 0.174107 0.526432 0.170883 0.522577 0.167411
0 0.264868 0.208333 0.260463 0.210317 0.257159 0.213294 0.255507 0.216518 0.256608 0.220238 0.260463 0.224454 0.264317 0.226687 0.274229 0.227927 0.285793 0.225942 0.293502 0.222222 0.295154 0.219990 0.295154 0.216518 0.291300 0.214038 0.282489 0.211062 0.274780 0.209077
0 0.344163 0.217262 0.335352 0.216270 0.323238 0.216766 0.317731 0.218006 0.311123 0.220734 0.305617 0.224206 0.305617 0.224950 0.320485 0.230903 0.323789 0.231647 0.332048 0.231647 0.339207 0.230655 0.347467 0.228423 0.349119 0.225694 0.348568 0.220486
0 0.308370 0.226190 0.299009 0.225942 0.295705 0.226438 0.287996 0.229167 0.285242 0.231399 0.283040 0.235615 0.283590 0.240327 0.286344 0.244296 0.290749 0.245784 0.304515 0.244544 0.313326 0.242808 0.316079 0.241319 0.321035 0.236359 0.321586 0.232143 0.316079 0.228919
0 0.352974 0.231151 0.343062 0.229911 0.330396 0.232391 0.323789 0.235119 0.319934 0.239335 0.319934 0.241319 0.324339 0.245040 0.332048 0.247024 0.337004 0.247520 0.346366 0.247520 0.352974 0.246280 0.356278 0.244296 0.360132 0.240327 0.358480 0.234871
0 0.387115 0.223462 0.378855 0.222470 0.372797 0.223214 0.362885 0.225446 0.356278 0.228175 0.355727 0.232391 0.361784 0.238591 0.371696 0.239087 0.378304 0.238343 0.384912 0.234375 0.388767 0.229167 0.389317 0.224454
0 0.378304 0.238591 0.365088 0.239335 0.361233 0.240079 0.356278 0.243304 0.352423 0.247768 0.355176 0.252232 0.360683 0.255704 0.368943 0.257688 0.378304 0.256944 0.386564 0.254464 0.392070 0.251736 0.394824 0.248760 0.393722 0.243800 0.387115 0.240575
0 0.326542 0.246776 0.316079 0.248264 0.311123 0.250496 0.306718 0.254216 0.305066 0.259425 0.305617 0.261905 0.308370 0.264881 0.308921 0.267609 0.317731 0.268601 0.319934 0.267857 0.326542 0.267609 0.334251 0.266369 0.335903 0.264881 0.343062 0.261657 0.345815 0.258929 0.346916 0.255456 0.345815 0.252976 0.343612 0.251240 0.338106 0.249008 0.330947 0.248016
0 0.203194 0.301339 0.193833 0.302827 0.183921 0.306548 0.182819 0.311260 0.185022 0.313244 0.193282 0.316220 0.198238 0.317212 0.205947 0.317708 0.213106 0.316716 0.215859 0.315228 0.217511 0.310020 0.216410 0.306300 0.213106 0.303075
0 0.191630 0.287450 0.187775 0.286706 0.177863 0.287450 0.161894 0.294891 0.155837 0.302331 0.156938 0.305556 0.159141 0.306548 0.161344 0.306796 0.169053 0.305804 0.176211 0.306548 0.186123 0.306300 0.200991 0.301339 0.202643 0.299851 0.202643 0.294147 0.199890 0.291667
0 0.207048 0.274802 0.199339 0.279266 0.197687 0.282242 0.197687 0.287450 0.199890 0.290179 0.204295 0.291915 0.209251 0.292659 0.219714 0.292411 0.225220 0.290923 0.227974 0.288442 0.228524 0.282738 0.224670 0.278770 0.219163 0.275546 0.213656 0.274058
0 0.308370 0.280506 0.300661 0.284226 0.298458 0.286210 0.298458 0.288442 0.301762 0.292411 0.307269 0.295139 0.314978 0.296875 0.327643 0.296875 0.333150 0.295139 0.338656 0.290427 0.339758 0.286954 0.336454 0.282986 0.333150 0.281498 0.327643 0.280258
0 0.415749 0.312500 0.412996 0.314732 0.416300 0.318204 0.417401 0.321677 0.421256 0.323909 0.428414 0.326885 0.436674 0.328621 0.442181 0.328621 0.447687 0.327629 0.454846 0.322421 0.455396 0.318204 0.451542 0.314980 0.446035 0.312748 0.438326 0.311508 0.430066 0.311012 0.420705 0.311508
0 0.354075 0.302579 0.350771 0.306052 0.351322 0.311012 0.358480 0.315228 0.364537 0.316716 0.368392 0.317212 0.378855 0.317212 0.382159 0.316716 0.395374 0.312996 0.398128 0.310764 0.396476 0.308036 0.387115 0.303075 0.377203 0.300347 0.371145 0.299603 0.360132 0.299851
0 0.386013 0.291171 0.379405 0.294891 0.378855 0.299107 0.381057 0.301091 0.403084 0.310764 0.410793 0.310516 0.416189 0.308209 0.416905 0.305060 0.416300 0.298115 0.411894 0.294147 0.406388 0.291171 0.401982 0.290179 0.395374 0.289683
0 0.430066 0.291667 0.417401 0.297619 0.415749 0.302827 0.417952 0.305308 0.423458 0.309276 0.428965 0.310764 0.440529 0.311012 0.452643 0.309028 0.456498 0.307044 0.457599 0.303323 0.455947 0.298611 0.453744 0.296627 0.447687 0.292907 0.442181 0.291667
0 0.456498 0.285466 0.449339 0.287202 0.446586 0.291171 0.449890 0.295139 0.457599 0.299603 0.462004 0.300347 0.466410 0.300347 0.472467 0.298859 0.475716 0.295486 0.484031 0.295139 0.482930 0.289931 0.479075 0.287202 0.465859 0.285218
0 0.474119 0.262649 0.466410 0.259425 0.456498 0.259177 0.451817 0.259896 0.447687 0.261409 0.443282 0.263641 0.439813 0.265873 0.438877 0.267361 0.436674 0.272073 0.438877 0.274554 0.444934 0.275546 0.457048 0.275794 0.465859 0.274802 0.474670 0.271825 0.475771 0.268849
0 0.456498 0.229663 0.447687 0.229415 0.438877 0.231895 0.434471 0.235863 0.433921 0.241071 0.435573 0.243800 0.439978 0.247768 0.446035 0.249504 0.450991 0.249256 0.464758 0.246032 0.467511 0.244544 0.470815 0.240823 0.470815 0.235615 0.467511 0.232391 0.465308 0.231399
0 0.478524 0.227927 0.481828 0.233135 0.484031 0.234127 0.490639 0.235119 0.500000 0.234871 0.504956 0.234127 0.513216 0.231399 0.520925 0.230159 0.523128 0.228919 0.522577 0.227431 0.508811 0.222470 0.500000 0.220734 0.490088 0.220486 0.483480 0.221974 0.480176 0.224206
0 0.543502 0.223710 0.537996 0.228423 0.536894 0.231647 0.537996 0.237103 0.543502 0.239087 0.552863 0.239583 0.561123 0.238591 0.564427 0.236855 0.565529 0.235119 0.565529 0.232143 0.561674 0.228423 0.552313 0.224454
0 0.525881 0.241815 0.523678 0.244048 0.522577 0.248760 0.525330 0.251984 0.527533 0.252728 0.540749 0.253720 0.552863 0.253472 0.561674 0.252232 0.567731 0.248264 0.558921 0.241815 0.553414 0.240079 0.541850 0.239087 0.534141 0.239087
0 0.575441 0.232391 0.569934 0.233135 0.566079 0.235119 0.563326 0.238343 0.562775 0.241319 0.563877 0.244048 0.569934 0.248264 0.579846 0.248512 0.586454 0.247520 0.590308 0.246280 0.592511 0.244792 0.592511 0.240079 0.586454 0.234871 0.580396 0.232639
0 0.558370 0.253224 0.550661 0.254712 0.535242 0.263889 0.540198 0.266865 0.551211 0.269593 0.562225 0.270089 0.569934 0.268849 0.572137 0.267857 0.574890 0.265377 0.575441 0.262649 0.573238 0.258433 0.568282 0.254960 0.562225 0.253224
0 0.654736 0.240575 0.650881 0.241567 0.643172 0.245040 0.640419 0.247520 0.642070 0.250000 0.647577 0.252728 0.656388 0.253968 0.667952 0.254216 0.678965 0.251984 0.681718 0.250744 0.683370 0.248760 0.682269 0.243800 0.677863 0.241815 0.666300 0.240079
0 0.704295 0.252480 0.692181 0.250248 0.685022 0.250248 0.672907 0.252976 0.669604 0.254960 0.667952 0.258433 0.667952 0.260665 0.671256 0.265377 0.676211 0.267361 0.681718 0.268353 0.688326 0.268105 0.693833 0.267113 0.698789 0.264881 0.705947 0.258681 0.707048 0.255208
0 0.743392 0.254712 0.736784 0.253968 0.725771 0.254712 0.718612 0.256696 0.713106 0.259921 0.711454 0.263145 0.713106 0.268849 0.715308 0.270833 0.725220 0.274802 0.735132 0.274306 0.737170 0.272321 0.748128 0.267088 0.747412 0.264236 0.748128 0.259598 0.746366 0.256796
0 0.787445 0.241319 0.772577 0.241319 0.768722 0.241815 0.762665 0.244048 0.759912 0.248264 0.762665 0.252976 0.764868 0.254464 0.778634 0.255704 0.786344 0.254216 0.791850 0.252232 0.796806 0.248512 0.797907 0.244048 0.795705 0.243056
0 0.778634 0.255952 0.771476 0.255208 0.764868 0.255456 0.757159 0.256944 0.752203 0.259425 0.750000 0.263393 0.750551 0.271329 0.753304 0.273313 0.759912 0.275546 0.769824 0.274554 0.778634 0.271329 0.781938 0.268849 0.785242 0.263641 0.784692 0.260913 0.782489 0.257688
0 0.801762 0.259425 0.796256 0.261161 0.791300 0.264633 0.789648 0.267113 0.790198 0.271825 0.792952 0.274554 0.797907 0.276290 0.802313 0.277034 0.813326 0.277282 0.824890 0.271825 0.828194 0.267857 0.826542 0.263641 0.823238 0.261161 0.818282 0.259673
0 0.848568 0.259673 0.837004 0.264881 0.834802 0.267113 0.835352 0.271577 0.838106 0.273313 0.852974 0.275298 0.856278 0.276290 0.865639 0.276290 0.867841 0.275298 0.869493 0.272817 0.868943 0.263641 0.865639 0.260665 0.861784 0.259425 0.854626 0.258929
0 0.836454 0.273313 0.830396 0.274306 0.827643 0.275546 0.825441 0.278274 0.824890 0.283730 0.833700 0.287698 0.837555 0.288690 0.842511 0.288690 0.848018 0.287946 0.856828 0.284970 0.858480 0.283482 0.860132 0.278770 0.858480 0.277034 0.854075 0.275298 0.846366 0.273810
0 0.785793 0.275546 0.774229 0.278026 0.767070 0.281498 0.765419 0.283234 0.775330 0.289187 0.786894 0.291915 0.792952 0.291667 0.800110 0.289931 0.809471 0.284970 0.813326 0.282242 0.814978 0.279018 0.812775 0.278026 0.803414 0.277530 0.795705 0.275794
0 0.761564 0.281994 0.754405 0.280506 0.743392 0.280754 0.737335 0.282242 0.733480 0.283978 0.726322 0.285466 0.723568 0.286706 0.723568 0.288938 0.729626 0.294147 0.734581 0.296131 0.756057 0.296131 0.760463 0.295635 0.767070 0.291171 0.768172 0.287698 0.764868 0.283482
0 0.806718 0.288690 0.805066 0.290675 0.805617 0.295387 0.808921 0.297371 0.819383 0.299107 0.829846 0.299851 0.839758 0.299107 0.839758 0.294395 0.834251 0.287946 0.830396 0.286458 0.821586 0.285218 0.808921 0.287698
0 0.873899 0.287202 0.863436 0.286210 0.851322 0.288442 0.841410 0.294395 0.840308 0.297123 0.840859 0.299851 0.846916 0.302083 0.855176 0.302579 0.873899 0.300595 0.879405 0.295635 0.878855 0.290675
0 0.845815 0.305060 0.844163 0.307044 0.849670 0.313988 0.851872 0.315228 0.856278 0.316220 0.866740 0.316468 0.873348 0.315972 0.879405 0.314484 0.884361 0.311012 0.883811 0.306300 0.874449 0.301587 0.863436 0.301339 0.851322 0.303323
0 0.814978 0.300347 0.808370 0.304315 0.806718 0.306548 0.807269 0.310764 0.810022 0.313244 0.813877 0.314484 0.832599 0.314980 0.839758 0.314236 0.844163 0.311260 0.844163 0.309772 0.840859 0.306052 0.834251 0.301339 0.829846 0.299851 0.823789 0.299107 0.820485 0.299107
0 0.769273 0.289683 0.764868 0.291915 0.762115 0.294395 0.762115 0.299355 0.766520 0.304067 0.772577 0.307044 0.778634 0.308284 0.786344 0.307540 0.790749 0.306300 0.797907 0.302827 0.799009 0.298363 0.794053 0.295139 0.792952 0.293403 0.790198 0.292163 0.778084 0.289435
0 0.756608 0.296627 0.739537 0.296131 0.734031 0.297123 0.728524 0.303075 0.730176 0.310516 0.732930 0.312996 0.736233 0.314484 0.742841 0.315228 0.749449 0.314732 0.761013 0.310516 0.764868 0.306300 0.765419 0.302331 0.761013 0.297867
0 0.718062 0.289931 0.707599 0.289931 0.700441 0.290923 0.692181 0.294891 0.692731 0.299851 0.696035 0.303323 0.701542 0.305804 0.706498 0.306548 0.717511 0.305804 0.723018 0.304315 0.728524 0.301835 0.732379 0.299107 0.731828 0.294891 0.725771 0.291915
0 0.697687 0.272569 0.690529 0.273562 0.682599 0.275570 0.676652 0.279241 0.677863 0.283234 0.682269 0.285714 0.689978 0.287946 0.700991 0.289187 0.707104 0.286806 0.710683 0.284871 0.713106 0.281027 0.712720 0.278125 0.709967 0.276265 0.707599 0.274306 0.700991 0.272569
0 0.663546 0.283482 0.661894 0.287202 0.666850 0.290923 0.669053 0.296379 0.672357 0.297371 0.683370 0.297867 0.688877 0.296379 0.693282 0.294147 0.696586 0.291171 0.694934 0.289435 0.686123 0.287674 0.679570 0.285243 0.666300 0.283234
0 0.601872 0.267361 0.604626 0.271329 0.610187 0.275521 0.618557 0.277679 0.628359 0.277703 0.634912 0.276538 0.639317 0.273065 0.642621 0.268105 0.639317 0.263641 0.632819 0.261483 0.621090 0.261483 0.612170 0.262103
0 0.568282 0.269841 0.563326 0.271081 0.560573 0.272817 0.558921 0.278026 0.560022 0.282242 0.564978 0.285962 0.577093 0.287946 0.582599 0.287698 0.594714 0.283234 0.595815 0.279018 0.592511 0.275050 0.588656 0.273065 0.577643 0.270585
0 0.639317 0.281498 0.630507 0.278522 0.621145 0.278770 0.607930 0.284722 0.605727 0.286954 0.606278 0.291915 0.609031 0.293155 0.615088 0.293899 0.628304 0.293403 0.640419 0.291171 0.642070 0.289931 0.642621 0.286706 0.641520 0.283234
0 0.664097 0.289931 0.658040 0.288690 0.655286 0.288690 0.639317 0.291419 0.634361 0.293403 0.632709 0.294891 0.633260 0.298859 0.638216 0.302827 0.647026 0.304315 0.655286 0.303571 0.665198 0.298859 0.666850 0.296379 0.666850 0.293155
0 0.547357 0.298859 0.551762 0.301587 0.557269 0.302827 0.571586 0.302827 0.584251 0.300347 0.589207 0.297371 0.595264 0.295139 0.595264 0.294395 0.590859 0.291915 0.587555 0.291419 0.584802 0.289435 0.580947 0.288194 0.570485 0.286954 0.560573 0.286954 0.552313 0.288194 0.549559 0.289931 0.546806 0.294643
0 0.481828 0.306300 0.473568 0.307788 0.469163 0.309772 0.465859 0.314236 0.464207 0.322173 0.467511 0.325149 0.470815 0.326389 0.479075 0.327381 0.485132 0.327381 0.492291 0.326389 0.496145 0.324405 0.501101 0.318700 0.501101 0.314236 0.498899 0.310516 0.491189 0.307044
0 0.683370 0.298859 0.672357 0.298115 0.665198 0.299107 0.659692 0.300843 0.654736 0.304067 0.649835 0.307366 0.654185 0.311508 0.659692 0.315724 0.665198 0.317460 0.675110 0.317212 0.681938 0.315055 0.688877 0.312004 0.693833 0.307540 0.693833 0.302579
0 0.638216 0.312252 0.628855 0.315724 0.625551 0.318204 0.626652 0.322173 0.628855 0.324405 0.633260 0.326637 0.640419 0.328125 0.649780 0.328373 0.656388 0.327381 0.658590 0.326389 0.661344 0.322421 0.661894 0.317956 0.656388 0.313244 0.651982 0.312004 0.644824 0.311756
0 0.516520 0.304812 0.508260 0.306300 0.501101 0.310268 0.501652 0.315476 0.505507 0.319196 0.513767 0.322421 0.525881 0.323909 0.529185 0.323661 0.533040 0.322421 0.535242 0.318700 0.535242 0.311260 0.533040 0.306548 0.526982 0.304563
0 0.579130 0.309945 0.571916 0.313269 0.570540 0.317783 0.573568 0.322842 0.586454 0.326141 0.604626 0.324157 0.607379 0.322917 0.609581 0.319444 0.609581 0.313988 0.607379 0.312252 0.604075 0.310764 0.597467 0.309524 0.586454 0.309276
0 0.612885 0.324405 0.595815 0.332093 0.593062 0.334077 0.591410 0.338790 0.593062 0.341766 0.604075 0.344494 0.614537 0.345486 0.621696 0.344742 0.624449 0.343750 0.626432 0.338070 0.625055 0.334251 0.625000 0.329861
0 0.638216 0.347222 0.628855 0.346478 0.619493 0.347966 0.612885 0.351687 0.609031 0.356399 0.608480 0.358631 0.609581 0.361359 0.613987 0.363343 0.617291 0.366815 0.621145 0.368552 0.631773 0.365501 0.638987 0.362500 0.644659 0.358259 0.647577 0.354415 0.646476 0.350942
0 0.654736 0.337550 0.643998 0.338765 0.639372 0.342039 0.635848 0.346156 0.644273 0.349702 0.647577 0.351190 0.657489 0.352679 0.664648 0.351687 0.669604 0.349702 0.671971 0.346205 0.671861 0.341989 0.665749 0.338542 0.661894 0.337798
0 0.702643 0.318204 0.698789 0.317708 0.688326 0.317708 0.682269 0.318700 0.676211 0.320933 0.674009 0.322917 0.673458 0.326885 0.678965 0.330357 0.682269 0.331349 0.692731 0.331349 0.697687 0.329861 0.700165 0.326959 0.705947 0.319940
0 0.722467 0.330357 0.719163 0.334077 0.726211 0.336186 0.737335 0.340030 0.752203 0.343006 0.763767 0.341022 0.767676 0.337500 0.768778 0.334350 0.768998 0.330531 0.767621 0.328869 0.762665 0.327629 0.741740 0.326389 0.734581 0.327629 0.727974 0.329613
0 0.682269 0.346478 0.673458 0.348214 0.668502 0.350694 0.665749 0.353919 0.667401 0.358879 0.672357 0.360367 0.683370 0.362103 0.690694 0.360342 0.692952 0.357564 0.691630 0.354067 0.689427 0.350868
0 0.716960 0.333581 0.709251 0.336310 0.703744 0.340030 0.702643 0.346974 0.705396 0.350694 0.709251 0.352679 0.720264 0.353423 0.727423 0.352679 0.734306 0.349454 0.737170 0.346726 0.736619 0.342857 0.733095 0.339732 0.728469 0.337202 0.722577 0.335144
0 0.900330 0.335069 0.892070 0.338542 0.888767 0.341518 0.889868 0.345734 0.892621 0.347718 0.899780 0.351190 0.908040 0.353175 0.919053 0.353175 0.928965 0.351438 0.931718 0.349206 0.932269 0.344246 0.931718 0.342014 0.926762 0.338046 0.917952 0.334573 0.907489 0.333829
0 0.828744 0.344246 0.827643 0.345734 0.834802 0.350446 0.842511 0.353423 0.854075 0.354911 0.858480 0.354911 0.864317 0.353175 0.866410 0.349901 0.865639 0.345387 0.864097 0.342708 0.860573 0.341319 0.856498 0.339782 0.847467 0.339286 0.834251 0.342014
0 0.848018 0.362599 0.838106 0.365823 0.827093 0.373016 0.841410 0.377976 0.846366 0.378968 0.855727 0.379960 0.867841 0.378968 0.874449 0.376736 0.877753 0.373264 0.877203 0.368552 0.873899 0.364335 0.870044 0.362599 0.865639 0.361607 0.855176 0.361607
0 0.786894 0.340030 0.780286 0.339286 0.769273 0.339286 0.755507 0.343502 0.752753 0.345486 0.752753 0.349702 0.756057 0.352927 0.759361 0.354663 0.765969 0.355159 0.777368 0.354018 0.782654 0.352158 0.785297 0.349306 0.787004 0.346329 0.786564 0.341939
0 0.813877 0.348710 0.805066 0.346974 0.795154 0.347470 0.789097 0.349702 0.781938 0.354663 0.780837 0.357887 0.783040 0.360863 0.783590 0.365327 0.785242 0.366319 0.794604 0.367560 0.805066 0.367560 0.814317 0.362798 0.816960 0.360317 0.819273 0.356597 0.819383 0.351935
0 0.778084 0.355655 0.760463 0.355159 0.756608 0.356151 0.749449 0.359871 0.746696 0.363343 0.745044 0.369296 0.751652 0.373264 0.759912 0.374008 0.768172 0.373264 0.779185 0.369544 0.784141 0.365575 0.784141 0.361111 0.782489 0.358631
0 0.725771 0.355407 0.714207 0.360615 0.712555 0.365575 0.714758 0.368304 0.718612 0.370040 0.724670 0.371280 0.735683 0.371032 0.744493 0.369048 0.746145 0.365476 0.745980 0.362078 0.744273 0.359623 0.735132 0.356647
0 0.673458 0.383681 0.666850 0.388393 0.666850 0.392857 0.671806 0.396329 0.680066 0.397817 0.690529 0.397569 0.697687 0.396577 0.704846 0.394097 0.710352 0.388393 0.697687 0.383433 0.680617 0.382440
0 0.689427 0.366319 0.683370 0.366815 0.676211 0.368304 0.670705 0.371280 0.669053 0.373760 0.670154 0.376984 0.677863 0.381944 0.692181 0.383433 0.696035 0.382937 0.696366 0.379886 0.699339 0.377406 0.700771 0.373189 0.701542 0.370040 0.699339 0.368304 0.693833 0.366567
0 0.642621 0.374504 0.639868 0.375992 0.637665 0.379216 0.637665 0.385417 0.642070 0.388889 0.647577 0.390377 0.659141 0.390377 0.663546 0.389633 0.670154 0.385169 0.669604 0.380208 0.665198 0.376488 0.661894 0.375000 0.657489 0.374256 0.647026 0.373760
0 0.655286 0.357391 0.644328 0.359053 0.633150 0.365501 0.634912 0.369792 0.639317 0.372768 0.654185 0.374504 0.659141 0.374504 0.662445 0.374008 0.665749 0.372024 0.667952 0.369544 0.668502 0.364583 0.664648 0.358383 0.660242 0.357391
0 0.564978 0.335813 0.558370 0.335565 0.552313 0.336062 0.545705 0.337550 0.542952 0.338790 0.539097 0.342014 0.538546 0.344990 0.539648 0.347222 0.542952 0.349702 0.551762 0.351687 0.562775 0.351687 0.568337 0.348611 0.572852 0.344568 0.570925 0.339980 0.568502 0.336632
0 0.596366 0.342262 0.586454 0.342014 0.579295 0.344246 0.572137 0.349206 0.571035 0.351935 0.571586 0.355407 0.573238 0.357391 0.579295 0.360863 0.588106 0.361607 0.602974 0.359871 0.606278 0.358631 0.610132 0.354911 0.612335 0.349702 0.611233 0.347718 0.607930 0.345486
0 0.604295 0.360392 0.595264 0.360367 0.584251 0.362103 0.580947 0.363839 0.578194 0.367808 0.578194 0.373264 0.594163 0.377976 0.600771 0.377728 0.607930 0.376240 0.614262 0.372917 0.615859 0.371106 0.617236 0.367907 0.615639 0.365501 0.610407 0.362525
0 0.613987 0.373760 0.605176 0.376984 0.604075 0.380952 0.606278 0.383433 0.611784 0.387649 0.616189 0.389385 0.620044 0.390129 0.631057 0.389881 0.633756 0.387698 0.637115 0.384995 0.636894 0.379886 0.635573 0.377059 0.633040 0.375248 0.627203 0.373512 0.620595 0.373016
0 0.566079 0.377232 0.561123 0.380456 0.561123 0.384921 0.567181 0.387649 0.575441 0.389881 0.584802 0.390873 0.591410 0.390377 0.594714 0.388641 0.595209 0.385615 0.592126 0.381200 0.588656 0.376736 0.579846 0.374504 0.577093 0.374504
0 0.535242 0.370288 0.528084 0.373016 0.526432 0.376736 0.526432 0.381448 0.529185 0.384673 0.534692 0.386657 0.543502 0.387153 0.555617 0.384425 0.558370 0.383185 0.562775 0.376240 0.560573 0.373264 0.554515 0.371280 0.546256 0.370288
0 0.498899 0.333581 0.491740 0.334821 0.484031 0.337798 0.480727 0.341518 0.481828 0.345982 0.487335 0.349950 0.493943 0.352679 0.498899 0.353919 0.510463 0.354663 0.514868 0.353671 0.518337 0.351488 0.519328 0.346230 0.517952 0.342312 0.515419 0.336310 0.511564 0.334325 0.508811 0.333581
0 0.508260 0.358879 0.504405 0.361111 0.503304 0.365575 0.506608 0.369296 0.508811 0.370536 0.516520 0.372520 0.526432 0.372520 0.532489 0.370040 0.535242 0.367808 0.535793 0.364583 0.532489 0.360615 0.526432 0.358383 0.518172 0.357639
0 0.414648 0.322173 0.403634 0.322173 0.400330 0.323165 0.389868 0.328621 0.382159 0.333829 0.383811 0.338294 0.395374 0.343254 0.404736 0.343254 0.410242 0.342262 0.415198 0.339782 0.423458 0.333581 0.425661 0.330109 0.423458 0.326141 0.420154 0.323909
0 0.370044 0.332341 0.360132 0.332093 0.353524 0.333829 0.343612 0.339534 0.341960 0.341766 0.343062 0.344494 0.351322 0.348462 0.361784 0.348214 0.368943 0.345982 0.373899 0.338542 0.373899 0.334573
0 0.474119 0.358135 0.464207 0.358383 0.455947 0.360367 0.452093 0.361855 0.448238 0.364831 0.446035 0.369048 0.446586 0.373512 0.449339 0.377232 0.455947 0.379216 0.462004 0.379712 0.472467 0.379464 0.479626 0.376488 0.481828 0.373016 0.482930 0.364335 0.480727 0.361359 0.476322 0.359871
0 0.440529 0.345486 0.430617 0.343006 0.421256 0.343254 0.415749 0.344742 0.411344 0.349454 0.410242 0.352679 0.410242 0.358383 0.412445 0.361607 0.422357 0.361855 0.433370 0.359623 0.439978 0.356895 0.444383 0.353919 0.445485 0.349950
0 0.377753 0.345734 0.373348 0.347222 0.370044 0.351438 0.369493 0.355159 0.370595 0.357887 0.377753 0.363343 0.387115 0.365079 0.400330 0.358383 0.402533 0.354911 0.402533 0.350942 0.400330 0.347966 0.397026 0.346478 0.388216 0.345238
0 0.402863 0.364906 0.397137 0.369494 0.400330 0.373016 0.404185 0.376736 0.411894 0.378720 0.423458 0.377976 0.431167 0.375248 0.433370 0.373264 0.432819 0.368800 0.430617 0.367560 0.421806 0.365079 0.413546 0.363839
0 0.382159 0.374256 0.376652 0.376736 0.372797 0.380456 0.373348 0.384921 0.376652 0.387153 0.383811 0.390377 0.393172 0.392113 0.404736 0.391865 0.411344 0.390129 0.414097 0.388641 0.413546 0.384177 0.411894 0.381200 0.408040 0.378472 0.399229 0.374504 0.395925 0.373760 0.386013 0.373264
0 0.361784 0.360615 0.351872 0.357887 0.347467 0.357639 0.334802 0.358135 0.327643 0.359623 0.323789 0.361359 0.321035 0.365079 0.322137 0.369296 0.327643 0.373760 0.333150 0.375000 0.344714 0.374752 0.357930 0.370536 0.362335 0.368304 0.364537 0.366071 0.363987 0.362351
0 0.325991 0.375744 0.318833 0.378720 0.316630 0.380456 0.316630 0.384921 0.321035 0.390129 0.324890 0.391617 0.336454 0.392609 0.343612 0.392113 0.351872 0.389881 0.360683 0.384921 0.358480 0.380456 0.348018 0.375744 0.343612 0.375000 0.333700 0.375000
0 0.238987 0.359375 0.235132 0.361359 0.233480 0.364335 0.234581 0.368552 0.237885 0.372768 0.245044 0.375000 0.250000 0.375248 0.257709 0.374752 0.265419 0.372520 0.269273 0.369544 0.268722 0.367063 0.266520 0.365079 0.258811 0.362103 0.248348 0.359127
0 0.221366 0.365575 0.204295 0.370040 0.200991 0.373512 0.199890 0.377232 0.205947 0.380208 0.212555 0.382192 0.223018 0.383433 0.229075 0.381944 0.231828 0.379960 0.233480 0.376984 0.232930 0.368552 0.230727 0.366815
0 0.154736 0.365079 0.163546 0.373264 0.174009 0.376488 0.184471 0.377728 0.192731 0.377480 0.196586 0.376984 0.200991 0.374256 0.203744 0.370288 0.203744 0.368056 0.202093 0.366071 0.195485 0.363095 0.188877 0.361607 0.178965 0.360615 0.169053 0.360863 0.165749 0.362351 0.156938 0.364087
0 0.168502 0.325645 0.158040 0.329861 0.156938 0.334325 0.159141 0.338542 0.160793 0.340030 0.169604 0.344246 0.172907 0.344494 0.177863 0.345982 0.187225 0.345238 0.190529 0.344494 0.194934 0.342014 0.195485 0.337550 0.192731 0.333829 0.187225 0.330109 0.178965 0.326389 0.174009 0.325645
0 0.115088 0.370288 0.113436 0.373016 0.120044 0.375744 0.125551 0.379464 0.133811 0.380704 0.143722 0.380704 0.151982 0.379464 0.155837 0.377232 0.159692 0.373264 0.157489 0.368552 0.153084 0.366815 0.148128 0.366319 0.129956 0.366319 0.117291 0.369048
0 0.247247 0.393353 0.236233 0.397073 0.233480 0.399802 0.231828 0.403770 0.232930 0.406250 0.236233 0.408482 0.247797 0.411458 0.257159 0.411954 0.264317 0.411210 0.267621 0.410218 0.270374 0.408234 0.270925 0.402530 0.269824 0.400050 0.265969 0.396329 0.256608 0.392857
0 0.246696 0.380208 0.240088 0.378720 0.232930 0.379464 0.225220 0.383185 0.221366 0.386409 0.219714 0.393105 0.221916 0.394593 0.227423 0.395337 0.238987 0.395337 0.252203 0.392361 0.254956 0.388889 0.253855 0.384921
0 0.186674 0.378968 0.181167 0.383681 0.180066 0.389137 0.186123 0.393353 0.194934 0.396081 0.205947 0.395337 0.216410 0.393849 0.218062 0.392857 0.219163 0.390377 0.219163 0.387401 0.216960 0.383929 0.212004 0.381696 0.196586 0.377728
0 0.150330 0.391865 0.149780 0.398065 0.151982 0.400546 0.156388 0.401290 0.171806 0.401786 0.188326 0.400546 0.192731 0.397073 0.192731 0.396329 0.178414 0.389385 0.173458 0.388641 0.159692 0.388393 0.152533 0.390129
0 0.221916 0.395089 0.204295 0.395337 0.199339 0.396825 0.196586 0.399802 0.196035 0.404762 0.202643 0.410218 0.212555 0.413938 0.216960 0.412450 0.226872 0.406498 0.230176 0.401538 0.230176 0.399306 0.228524 0.397321
0 0.152533 0.411458 0.143722 0.410218 0.136013 0.409970 0.125551 0.410962 0.121145 0.411954 0.111233 0.415923 0.111233 0.416667 0.114537 0.419891 0.124449 0.423611 0.137665 0.423859 0.147026 0.421875 0.150881 0.420139 0.154736 0.416419
0 0.151982 0.419395 0.147577 0.423611 0.148678 0.428571 0.152533 0.430556 0.161894 0.431548 0.168502 0.433036 0.177313 0.433036 0.187225 0.430804 0.192181 0.427827 0.182269 0.419643 0.170705 0.415923 0.160242 0.416171
0 0.132709 0.432788 0.129956 0.436012 0.139868 0.442212 0.160242 0.445933 0.166850 0.445437 0.170154 0.444692 0.172907 0.443204 0.175110 0.439980 0.175661 0.434772 0.171806 0.432788 0.154185 0.430556 0.143172 0.430556 0.136013 0.431548
0 0.142621 0.443700 0.134361 0.445933 0.132159 0.455109 0.138216 0.460317 0.142070 0.462054 0.144273 0.462302 0.153084 0.460813 0.155837 0.459077 0.161344 0.451885 0.161344 0.447173 0.152533 0.444692
0 0.108480 0.455853 0.103524 0.458829 0.102423 0.463046 0.109581 0.470982 0.116189 0.473710 0.123348 0.475198 0.127753 0.475198 0.134361 0.473710 0.141520 0.470734 0.143722 0.467758 0.143722 0.464534 0.142070 0.462054 0.136013 0.458333 0.131608 0.456597 0.117841 0.455109
0 0.280286 0.439236 0.276432 0.437748 0.272026 0.437252 0.264868 0.437500 0.246696 0.440228 0.241740 0.443204 0.242291 0.448165 0.245044 0.451637 0.247797 0.452629 0.253855 0.453373 0.261564 0.453373 0.267070 0.452629 0.281388 0.447173 0.284692 0.444444 0.285242 0.443204
0 0.230727 0.443948 0.223568 0.442708 0.212555 0.442708 0.199890 0.445685 0.193833 0.448413 0.191079 0.450645 0.191079 0.451885 0.195485 0.455853 0.204295 0.459573 0.214207 0.459573 0.221916 0.457837 0.231278 0.453373 0.232930 0.451389 0.233480 0.446925
0 0.204295 0.429315 0.193833 0.429067 0.188326 0.430060 0.180617 0.432540 0.177863 0.435516 0.176211 0.439484 0.182269 0.443452 0.188877 0.444940 0.197137 0.445437 0.207599 0.443948 0.214758 0.441716 0.216410 0.439980 0.214758 0.435516 0.210352 0.431548
0 0.185573 0.409226 0.182819 0.411210 0.181718 0.417163 0.182819 0.420139 0.188326 0.425099 0.193833 0.426835 0.204846 0.426587 0.215859 0.423859 0.216410 0.419147 0.210903 0.413938 0.198789 0.410218 0.187775 0.408978
0 0.224119 0.408730 0.218062 0.411954 0.215859 0.415923 0.220815 0.422867 0.230176 0.426091 0.240088 0.426091 0.252753 0.422867 0.257159 0.420139 0.256057 0.415923 0.253304 0.413442 0.247797 0.411210 0.239537 0.409226 0.230727 0.407986
0 0.276982 0.400298 0.273678 0.402530 0.273128 0.405010 0.275881 0.409474 0.281938 0.412946 0.291300 0.415923 0.297357 0.416419 0.307819 0.415675 0.312775 0.413938 0.319934 0.408482 0.318833 0.404018 0.316630 0.402778 0.308370 0.400298 0.292401 0.398313
0 0.322137 0.392857 0.319934 0.393601 0.318282 0.395337 0.317731 0.401042 0.318833 0.404266 0.323789 0.409226 0.333150 0.412450 0.338106 0.412450 0.344714 0.411458 0.350771 0.409226 0.356828 0.405258 0.357379 0.403770 0.355176 0.400546 0.338106 0.393849 0.326542 0.392361
0 0.409141 0.396329 0.404185 0.394345 0.395925 0.392609 0.386013 0.392113 0.378304 0.393353 0.366740 0.396329 0.360132 0.400298 0.360132 0.404514 0.363436 0.407242 0.369493 0.410466 0.375000 0.411210 0.383811 0.410714 0.403634 0.404018 0.407489 0.399802
0 0.482379 0.388393 0.476872 0.392113 0.476872 0.397569 0.479626 0.401538 0.482930 0.403026 0.488436 0.403522 0.500000 0.403026 0.507159 0.401786 0.512665 0.396825 0.512665 0.392609 0.505507 0.389633 0.497247 0.387897 0.489537 0.387401
0 0.427863 0.385169 0.421806 0.388393 0.422357 0.393105 0.426762 0.397321 0.428965 0.398313 0.433370 0.399058 0.447137 0.400298 0.455947 0.399306 0.458700 0.396825 0.459802 0.393849 0.459802 0.388393 0.457048 0.385417 0.449339 0.382937 0.437775 0.382937
0 0.395925 0.406002 0.389317 0.410466 0.387115 0.415427 0.388767 0.417907 0.392621 0.420139 0.403634 0.422867 0.416850 0.423611 0.421806 0.423115 0.425661 0.421379 0.431718 0.419891 0.434471 0.417163 0.434471 0.415179 0.431718 0.412450 0.426211 0.409474 0.417952 0.406746 0.405837 0.405258
0 0.421806 0.400298 0.420154 0.403026 0.420154 0.404762 0.424009 0.408482 0.432819 0.412946 0.436123 0.413690 0.441630 0.413938 0.446586 0.413194 0.454846 0.407242 0.455947 0.403770 0.453744 0.401786 0.449339 0.400298 0.440529 0.399058 0.429515 0.398313
0 0.466410 0.403522 0.455947 0.404018 0.454295 0.406994 0.447137 0.411954 0.446586 0.416419 0.450441 0.419147 0.455396 0.420139 0.464758 0.419147 0.477423 0.414931 0.479626 0.411458 0.479626 0.407738 0.476872 0.405754
0 0.522026 0.409226 0.517621 0.407986 0.514317 0.405754 0.509361 0.404762 0.500551 0.404018 0.487335 0.404762 0.482930 0.406002 0.480727 0.407738 0.479626 0.415923 0.484581 0.419643 0.488987 0.420387 0.500000 0.420635 0.509361 0.418403 0.522026 0.413938 0.523678 0.412450
0 0.525330 0.391617 0.518172 0.393105 0.514868 0.395089 0.512115 0.399802 0.513216 0.404514 0.517070 0.407242 0.525881 0.410218 0.535242 0.411458 0.540749 0.408234 0.543502 0.404762 0.542401 0.396081 0.535242 0.391369
0 0.540198 0.387153 0.537996 0.388145 0.537445 0.392857 0.546256 0.400794 0.551211 0.402530 0.561123 0.402530 0.563877 0.401786 0.574339 0.396329 0.574890 0.391369 0.572137 0.388889 0.561674 0.385417 0.551211 0.385417
0 0.585903 0.392857 0.578194 0.394097 0.573238 0.396329 0.570485 0.400050 0.571586 0.403274 0.574339 0.406746 0.580947 0.409474 0.592511 0.412450 0.596366 0.412698 0.606278 0.406994 0.607379 0.405258 0.606828 0.402282 0.601322 0.396329 0.595815 0.393849
0 0.608480 0.423611 0.595815 0.419643 0.587004 0.419395 0.573238 0.421131 0.567731 0.423611 0.565529 0.425595 0.564978 0.429563 0.567181 0.433284 0.572137 0.436012 0.587004 0.437252 0.600220 0.435020 0.604626 0.433284 0.608480 0.428571
0 0.552313 0.404514 0.546806 0.405506 0.542401 0.407242 0.536344 0.411210 0.535793 0.412946 0.537996 0.415179 0.543502 0.417907 0.549009 0.423363 0.552313 0.424603 0.562225 0.425347 0.568833 0.423363 0.577643 0.419395 0.579846 0.416915 0.579295 0.411954 0.575991 0.409474 0.566630 0.406002 0.561674 0.404762
0 0.535242 0.414683 0.525881 0.413938 0.508260 0.418155 0.503855 0.420139 0.503304 0.421379 0.504405 0.427827 0.517070 0.431300 0.525881 0.431300 0.532489 0.430308 0.541850 0.427083 0.546806 0.424107 0.545705 0.419643 0.543502 0.417659
0 0.264427 0.423065 0.255507 0.422123 0.246696 0.423859 0.236784 0.426835 0.235132 0.428819 0.235132 0.432044 0.237885 0.435268 0.247247 0.438492 0.257709 0.438492 0.268172 0.436260 0.271200 0.431647 0.270485 0.426414
0 0.290749 0.417163 0.279185 0.419395 0.272026 0.423363 0.271476 0.427579 0.272577 0.431548 0.274229 0.433532 0.284031 0.436409 0.295430 0.437376 0.307269 0.433532 0.311123 0.430804 0.312225 0.428819 0.311674 0.422371 0.310022 0.420387 0.305066 0.417907
0 0.326542 0.430804 0.316079 0.430556 0.312225 0.431300 0.303965 0.436260 0.302313 0.439236 0.302313 0.443700 0.304515 0.446925 0.308370 0.448413 0.317181 0.447669 0.330396 0.445188 0.334251 0.443700 0.338106 0.439732 0.337555 0.435268 0.331498 0.432292
0 0.380507 0.423611 0.378304 0.426835 0.378304 0.429067 0.380507 0.433036 0.382159 0.434524 0.385463 0.435764 0.394824 0.436508 0.405286 0.435764 0.418502 0.431796 0.417401 0.427579 0.415749 0.426091 0.408590 0.423363 0.395925 0.421131 0.386564 0.421131
0 0.438877 0.417907 0.428965 0.420635 0.421256 0.423859 0.420154 0.428075 0.425110 0.431796 0.430066 0.433284 0.439978 0.434028 0.448238 0.433036 0.453194 0.431548 0.454846 0.426835 0.453744 0.423115 0.450991 0.420387 0.447137 0.418403
0 0.471916 0.435516 0.465859 0.432540 0.457599 0.431796 0.438877 0.434524 0.432269 0.437252 0.428965 0.439484 0.429515 0.443452 0.447687 0.446677 0.457048 0.447173 0.464758 0.446429 0.471916 0.442956
0 0.396476 0.437500 0.392621 0.438740 0.388216 0.442956 0.386564 0.447421 0.390419 0.450645 0.396476 0.452381 0.403084 0.453125 0.412996 0.452381 0.415749 0.451389 0.419604 0.447421 0.420705 0.442956 0.418502 0.440228 0.415198 0.438492 0.408590 0.437252 0.401982 0.437004
0 0.348568 0.435268 0.345815 0.437252 0.344714 0.440228 0.346916 0.444692 0.349119 0.446677 0.356828 0.449901 0.368943 0.451885 0.380507 0.451141 0.384361 0.447669 0.384361 0.442956 0.378855 0.437004 0.373899 0.434772 0.362335 0.433036 0.354626 0.433780
0 0.373899 0.453621 0.369493 0.455357 0.366189 0.458581 0.366189 0.463046 0.369493 0.466022 0.373899 0.467014 0.387665 0.467510 0.393172 0.465526 0.395374 0.463542 0.395925 0.458581 0.394273 0.456101 0.391520 0.454365 0.387665 0.453373 0.377203 0.453125
0 0.404185 0.454117 0.399780 0.455357 0.396476 0.458581 0.395925 0.463046 0.397577 0.466022 0.401982 0.468998 0.404185 0.469494 0.414097 0.469742 0.428965 0.463046 0.427313 0.459573 0.416300 0.454365 0.414097 0.453869
0 0.428414 0.443700 0.425110 0.444196 0.421806 0.445933 0.418502 0.450645 0.418502 0.455109 0.430617 0.462054 0.440529 0.462798 0.446035 0.461558 0.457048 0.457589 0.458700 0.455357 0.457599 0.452381 0.454295 0.448413 0.450441 0.446677 0.439978 0.444444
0 0.471366 0.458829 0.465859 0.458085 0.458150 0.458333 0.447687 0.460565 0.444383 0.462550 0.445485 0.466518 0.450441 0.469742 0.455396 0.470982 0.468612 0.469742 0.475771 0.467014 0.475220 0.461806 0.474119 0.460069
0 0.474670 0.442708 0.473018 0.443204 0.468612 0.447173 0.470815 0.451637 0.473018 0.453373 0.479626 0.455605 0.484031 0.455853 0.487335 0.455357 0.493943 0.451637 0.496696 0.447173 0.488987 0.443204 0.483480 0.442212
0 0.496696 0.429067 0.487335 0.433284 0.484581 0.435268 0.482930 0.439484 0.485683 0.442212 0.495595 0.446429 0.501652 0.447917 0.519273 0.449157 0.525881 0.447669 0.528634 0.442460 0.527533 0.439236 0.523128 0.434772 0.508260 0.428819 0.498899 0.428571
0 0.529185 0.432044 0.527533 0.436260 0.529736 0.439732 0.534141 0.442708 0.544053 0.442956 0.553965 0.441220 0.564978 0.440724 0.568833 0.439732 0.567731 0.434772 0.563326 0.431796 0.552313 0.427579 0.543502 0.427083 0.534692 0.428819
0 0.582048 0.445933 0.577643 0.447173 0.571586 0.450645 0.571035 0.455109 0.577643 0.459573 0.585903 0.460317 0.596366 0.460317 0.600771 0.459077 0.605176 0.455605 0.601872 0.451141 0.592511 0.446429 0.587555 0.445437
0 0.563877 0.441468 0.551762 0.441220 0.537996 0.443452 0.529736 0.448413 0.527533 0.450893 0.530286 0.456101 0.542952 0.459077 0.552863 0.459077 0.560573 0.457093 0.564427 0.455109 0.567731 0.451637 0.566630 0.443948
0 0.533590 0.457341 0.525881 0.458085 0.519824 0.460565 0.517621 0.462302 0.514868 0.467014 0.518722 0.470734 0.525881 0.472718 0.535793 0.473214 0.543502 0.472222 0.549559 0.469246 0.551211 0.466270 0.547357 0.460317 0.542952 0.458829
0 0.501652 0.456101 0.494493 0.455605 0.487335 0.455853 0.481278 0.457341 0.477974 0.458829 0.476322 0.461806 0.476872 0.465278 0.482379 0.470238 0.491740 0.471478 0.501101 0.469990 0.509912 0.466518 0.513216 0.463294 0.511013 0.459077 0.507709 0.457589
0 0.474119 0.468750 0.460352 0.470734 0.454295 0.472222 0.450991 0.474206 0.450991 0.479415 0.453744 0.480903 0.464207 0.483631 0.474670 0.483383 0.476872 0.482639 0.478524 0.480655 0.482930 0.478175 0.484581 0.474206 0.479626 0.470486
0 0.420705 0.466022 0.419053 0.466766 0.416850 0.470734 0.421806 0.473462 0.430066 0.480903 0.440529 0.480903 0.447137 0.479167 0.449890 0.476190 0.450991 0.470486 0.446035 0.467262 0.441630 0.465526 0.432819 0.464286 0.429515 0.464286
0 0.420705 0.472222 0.413546 0.470982 0.407489 0.472222 0.400881 0.475446 0.394273 0.481647 0.393722 0.486607 0.395374 0.487351 0.413546 0.488343 0.426762 0.485863 0.430066 0.482887 0.428965 0.478423
0 0.833150 0.413690 0.830396 0.412698 0.819934 0.412698 0.813326 0.413938 0.799559 0.419643 0.801211 0.424107 0.803965 0.425595 0.810573 0.426091 0.825441 0.425595 0.830947 0.424851 0.837004 0.422619 0.838656 0.420883 0.837555 0.417659
0 0.786894 0.400050 0.785793 0.402530 0.783040 0.404514 0.783040 0.408482 0.787445 0.414683 0.795154 0.418155 0.804515 0.417659 0.818833 0.412202 0.819934 0.407242 0.818282 0.404266 0.812775 0.401538 0.805617 0.399802 0.794604 0.399554
0 0.778084 0.404514 0.765969 0.404018 0.751101 0.406002 0.745595 0.408482 0.742291 0.411458 0.742291 0.416171 0.743943 0.418155 0.748348 0.419891 0.759912 0.422123 0.768172 0.421131 0.781388 0.418155 0.784692 0.416171 0.786344 0.411458 0.782489 0.407242
0 0.715859 0.408234 0.708150 0.411954 0.710352 0.416171 0.724670 0.422619 0.735683 0.422867 0.741189 0.419891 0.741189 0.414187 0.738987 0.407986 0.734581 0.406746 0.724670 0.406746
0 0.694934 0.408730 0.681718 0.408234 0.675661 0.409474 0.671256 0.412202 0.669604 0.414931 0.670705 0.421875 0.673458 0.423363 0.682269 0.425347 0.691630 0.423363 0.698238 0.420139 0.702643 0.416171 0.702643 0.411458 0.699339 0.409722
0 0.716410 0.419395 0.708150 0.417659 0.693833 0.421627 0.687775 0.425099 0.686674 0.426587 0.685573 0.432044 0.687225 0.433532 0.690529 0.434276 0.702093 0.435020 0.708150 0.434276 0.718612 0.431052 0.722467 0.427827 0.723568 0.423611
0 0.680617 0.424851 0.666300 0.422619 0.655837 0.423859 0.652533 0.426835 0.649780 0.431548 0.649229 0.436012 0.656388 0.441468 0.665198 0.441716 0.668502 0.439236 0.676762 0.436756 0.683921 0.433532 0.685573 0.430556 0.685573 0.427331
0 0.622247 0.452133 0.612885 0.452133 0.607379 0.453125 0.604626 0.454365 0.598018 0.459573 0.596916 0.462054 0.597467 0.466766 0.600771 0.470486 0.604626 0.471478 0.615088 0.471726 0.622247 0.470982 0.626652 0.469742 0.633260 0.466766 0.634912 0.465278 0.636013 0.458581 0.633260 0.456349
0 0.635463 0.466518 0.634912 0.470982 0.637665 0.475198 0.650330 0.481647 0.657489 0.482887 0.667952 0.482639 0.674009 0.480903 0.680066 0.476935 0.681718 0.474950 0.680066 0.470734 0.674009 0.468254 0.661344 0.465526 0.654185 0.465278 0.640419 0.465774
0 0.664648 0.458581 0.661894 0.463294 0.663546 0.465278 0.667401 0.467014 0.680066 0.469990 0.689978 0.470734 0.700441 0.470734 0.700441 0.467262 0.692181 0.459077 0.686674 0.456349 0.682819 0.455357 0.674009 0.455357 0.669053 0.456597
0 0.700441 0.439484 0.689978 0.439732 0.678965 0.442212 0.674009 0.446181 0.674009 0.448661 0.677313 0.452629 0.682269 0.455109 0.690529 0.457341 0.710352 0.455357 0.712004 0.454861 0.713656 0.452877 0.713656 0.449157 0.707599 0.441964 0.704295 0.440228
0 0.709251 0.433532 0.706498 0.435516 0.704846 0.439732 0.714207 0.448909 0.716960 0.450149 0.725771 0.451637 0.736233 0.450149 0.741189 0.446925 0.741189 0.442956 0.735683 0.437748 0.718062 0.433284
0 0.735683 0.424851 0.733480 0.425843 0.727974 0.431300 0.727974 0.433532 0.729075 0.435516 0.735242 0.438070 0.739372 0.442535 0.743943 0.444196 0.752203 0.442956 0.756057 0.441468 0.758260 0.439732 0.757104 0.435689 0.752148 0.430531 0.747687 0.427059 0.738216 0.423338
0 0.797907 0.422371 0.787996 0.419395 0.778084 0.419643 0.767070 0.421627 0.755507 0.427579 0.755507 0.431796 0.759912 0.435268 0.764868 0.436508 0.779185 0.437748 0.787996 0.436508 0.796806 0.434028 0.800110 0.432044 0.802863 0.427827 0.801211 0.424851
0 0.824890 0.426091 0.810022 0.426339 0.806167 0.427331 0.801211 0.431548 0.801762 0.435764 0.807269 0.438740 0.812225 0.439980 0.822137 0.439980 0.825441 0.439484 0.830947 0.437004 0.834802 0.431052 0.832599 0.429067
0 0.846916 0.427827 0.837004 0.429563 0.833700 0.431052 0.830947 0.435268 0.831498 0.439980 0.834251 0.442708 0.840859 0.445188 0.847467 0.446429 0.856828 0.446181 0.861068 0.444593 0.865694 0.441518 0.868778 0.439410 0.868778 0.435541 0.863932 0.432118 0.856828 0.428571
0 0.781388 0.446925 0.781938 0.450645 0.786344 0.455109 0.794053 0.456597 0.801211 0.456101 0.815529 0.453373 0.820485 0.451389 0.822687 0.447669 0.821586 0.445933 0.819383 0.445188 0.805066 0.442708 0.795154 0.442460 0.786894 0.443700
0 0.848018 0.466766 0.839207 0.468502 0.832599 0.470734 0.830396 0.474950 0.834802 0.480159 0.841410 0.483383 0.848018 0.484871 0.854626 0.485367 0.860132 0.485119 0.863987 0.484375 0.866189 0.483135 0.868392 0.475694 0.867841 0.470486 0.863987 0.468006 0.859031 0.466766
0 0.799009 0.476190 0.796256 0.478175 0.798458 0.482639 0.803414 0.485863 0.812225 0.488839 0.823789 0.487847 0.829846 0.485367 0.833700 0.482887 0.833150 0.478423 0.829295 0.475942 0.824890 0.474950 0.810022 0.474702
0 0.795154 0.463542 0.788546 0.462550 0.776982 0.462302 0.772026 0.463046 0.764868 0.466270 0.763767 0.471726 0.766520 0.476190 0.769273 0.478175 0.778084 0.479911 0.788546 0.478919 0.793502 0.477927 0.803965 0.473958 0.805617 0.470238 0.801211 0.466766
0 0.745595 0.462302 0.734031 0.462054 0.730727 0.462550 0.725771 0.464534 0.723568 0.466518 0.721916 0.470486 0.723568 0.477183 0.726872 0.480407 0.730176 0.481895 0.734031 0.482639 0.747797 0.479911 0.754956 0.476190 0.758095 0.471602 0.758425 0.468180 0.756773 0.466220 0.752203 0.463542
0 0.752203 0.480159 0.746696 0.482143 0.744493 0.484871 0.744493 0.490823 0.746696 0.494048 0.750000 0.496528 0.754956 0.499008 0.761564 0.500496 0.765969 0.499752 0.776211 0.493576 0.778194 0.490030 0.778855 0.486111 0.777533 0.483135 0.770925 0.480903 0.761564 0.480159
0 0.784141 0.487599 0.781388 0.489583 0.779736 0.493800 0.779736 0.498512 0.781938 0.500992 0.786344 0.502728 0.796256 0.502976 0.805727 0.500843 0.810022 0.498512 0.810022 0.494792 0.806663 0.492684 0.803414 0.490575 0.798899 0.489261 0.795264 0.488021 0.789097 0.487103
0 0.817731 0.493552 0.811674 0.497768 0.809747 0.502406 0.818282 0.504960 0.825441 0.507440 0.830396 0.508433 0.848018 0.509177 0.855727 0.510417 0.860132 0.509921 0.852588 0.500694 0.847852 0.496577 0.839207 0.492312 0.832048 0.491319 0.822687 0.492063
0 0.790749 0.505208 0.787996 0.508681 0.787996 0.510665 0.790749 0.515129 0.794053 0.516865 0.803414 0.518353 0.821035 0.517857 0.823789 0.516865 0.825991 0.514385 0.827093 0.509673 0.820980 0.506721 0.811784 0.503175 0.803414 0.502480 0.795705 0.503720
0 0.760463 0.504464 0.754405 0.506448 0.750551 0.509673 0.750000 0.514385 0.752203 0.518849 0.757709 0.522073 0.766520 0.523562 0.775881 0.523065 0.778634 0.522321 0.782489 0.519841 0.787445 0.513889 0.785793 0.508185 0.781938 0.505704 0.776432 0.504464 0.770925 0.503968
0 0.829295 0.526290 0.823789 0.525546 0.812775 0.526290 0.805617 0.529266 0.802313 0.532986 0.802863 0.537946 0.806167 0.540923 0.812225 0.543403 0.822137 0.543403 0.828744 0.542659 0.832048 0.541667 0.838656 0.537450 0.839758 0.535466 0.839207 0.531498 0.837004 0.529266
0 0.551211 0.473710 0.544053 0.474454 0.543502 0.480903 0.547357 0.487351 0.550661 0.488839 0.552863 0.489087 0.565529 0.487351 0.569383 0.485615 0.573238 0.482639 0.572137 0.478423 0.568833 0.476935 0.563326 0.475446
0 0.517621 0.478919 0.514868 0.481399 0.513216 0.487103 0.511013 0.490079 0.513216 0.493304 0.519824 0.496280 0.523678 0.497024 0.534692 0.496528 0.542952 0.495040 0.547907 0.491815 0.549009 0.489583 0.541850 0.480903 0.536344 0.479167 0.528084 0.478175
0 0.488987 0.475694 0.483480 0.477431 0.479075 0.481895 0.481278 0.486607 0.488987 0.491567 0.497797 0.493056 0.504956 0.492808 0.508260 0.491815 0.512665 0.488591 0.514317 0.486359 0.513767 0.480903 0.512115 0.479415 0.502753 0.475942
0 0.435022 0.482887 0.432819 0.483879 0.431167 0.485863 0.432819 0.490327 0.438326 0.493800 0.452093 0.498512 0.461454 0.499008 0.465859 0.498512 0.470815 0.496280 0.473568 0.493800 0.475220 0.490079 0.472467 0.487351 0.468612 0.485367 0.448238 0.481151
0 0.486784 0.492560 0.480562 0.494320 0.473568 0.499058 0.477203 0.503249 0.495595 0.509177 0.501652 0.509673 0.508811 0.508929 0.517070 0.505456 0.519273 0.502728 0.519273 0.497272 0.516520 0.495784 0.508260 0.493304 0.498899 0.493056 0.492291 0.492063
0 0.431167 0.504216 0.418502 0.505456 0.411344 0.507192 0.408590 0.508929 0.409141 0.513641 0.415749 0.516617 0.421806 0.518353 0.431167 0.517609 0.442731 0.513889 0.438877 0.507688
0 0.447137 0.498512 0.436123 0.501984 0.435022 0.505952 0.439978 0.508681 0.442731 0.512649 0.444934 0.514137 0.457048 0.515625 0.459802 0.509921 0.466960 0.505704 0.462004 0.500248 0.457599 0.499256
0 0.425661 0.489335 0.420154 0.489087 0.413546 0.489831 0.407379 0.493006 0.405286 0.500744 0.405286 0.502976 0.406938 0.504712 0.411894 0.506448 0.431718 0.503720 0.441355 0.498090 0.441079 0.495784 0.435573 0.492312 0.430617 0.490327
0 0.370595 0.468254 0.365088 0.470238 0.363436 0.471974 0.362885 0.475942 0.364537 0.478423 0.378304 0.486111 0.387665 0.486855 0.392070 0.484375 0.397577 0.478919 0.399780 0.474702 0.397577 0.470982 0.394824 0.469246 0.387665 0.467758 0.377753 0.467510
0 0.380507 0.489335 0.371696 0.494544 0.370044 0.498264 0.373348 0.501240 0.378304 0.503720 0.385463 0.505208 0.399615 0.503770 0.403800 0.501612 0.404846 0.499330 0.406278 0.494544 0.408590 0.490079 0.404736 0.488839 0.386013 0.488343
0 0.347467 0.477183 0.343062 0.477927 0.341960 0.479663 0.337004 0.482143 0.336454 0.487351 0.338656 0.492063 0.343062 0.496528 0.346916 0.498264 0.354075 0.498760 0.363436 0.497520 0.369493 0.495784 0.376652 0.490575 0.376652 0.486359 0.372797 0.482887 0.366189 0.479415 0.356278 0.477431
0 0.291850 0.444444 0.282489 0.446429 0.272026 0.450645 0.269273 0.454365 0.269824 0.459077 0.272026 0.460565 0.292401 0.462798 0.300110 0.461558 0.304515 0.459325 0.307269 0.455357 0.307269 0.450893 0.297907 0.445437
0 0.345815 0.448661 0.342511 0.447173 0.336454 0.445685 0.326542 0.445933 0.321035 0.446925 0.311674 0.450645 0.308370 0.454613 0.306718 0.459077 0.311123 0.460565 0.324890 0.462302 0.335352 0.462054 0.345264 0.458581 0.349670 0.455605 0.348568 0.451637
0 0.360518 0.460243 0.351322 0.457837 0.343612 0.458829 0.338106 0.460317 0.322687 0.466766 0.325441 0.470486 0.331498 0.471974 0.334802 0.473462 0.343062 0.474702 0.353524 0.474950 0.360683 0.473710 0.365639 0.469990 0.365198 0.467436 0.363216 0.463566
0 0.169053 0.450149 0.161344 0.453125 0.157489 0.458829 0.158040 0.462302 0.160793 0.466766 0.164097 0.468502 0.170154 0.469990 0.180617 0.470238 0.188326 0.469494 0.194934 0.467262 0.200441 0.463294 0.198789 0.458829 0.194934 0.456597 0.192181 0.453621 0.188326 0.451637 0.184471 0.450893
0 0.230727 0.453621 0.227974 0.454861 0.224670 0.458085 0.226322 0.461806 0.230176 0.465278 0.235132 0.467758 0.245044 0.468750 0.252753 0.468254 0.258260 0.464038 0.267070 0.459325 0.265419 0.456597 0.262115 0.454861 0.250000 0.452877 0.236784 0.452877
0 0.258811 0.463046 0.254405 0.466766 0.254405 0.470982 0.264868 0.475694 0.291300 0.476935 0.297357 0.473710 0.300110 0.470734 0.295705 0.464286 0.289648 0.462302 0.275881 0.460565 0.264868 0.460565
0 0.223018 0.459821 0.213106 0.460069 0.206498 0.461310 0.193282 0.467758 0.190529 0.470238 0.189978 0.474702 0.197137 0.478423 0.203194 0.479663 0.214758 0.479911 0.221366 0.478671 0.224119 0.474950 0.229626 0.470982 0.230727 0.467758 0.227423 0.462550
0 0.248899 0.468750 0.236233 0.468750 0.231828 0.469990 0.224670 0.474206 0.223018 0.477183 0.223018 0.480159 0.224119 0.482639 0.226872 0.483879 0.238987 0.485615 0.247247 0.484623 0.253304 0.482391 0.258811 0.481647 0.261564 0.480655 0.263216 0.478919 0.262665 0.474454 0.251652 0.469246
0 0.334251 0.485863 0.332048 0.484871 0.326542 0.483879 0.322687 0.481895 0.317731 0.480655 0.307819 0.481895 0.293502 0.487351 0.290198 0.490327 0.287445 0.496528 0.287996 0.499008 0.294604 0.500496 0.311123 0.500744 0.317731 0.500000 0.328744 0.497272 0.334251 0.495040 0.336454 0.493056 0.337004 0.489831
0 0.207599 0.488095 0.205947 0.489831 0.206498 0.494792 0.211454 0.497520 0.221366 0.500248 0.233480 0.500496 0.240088 0.499504 0.242841 0.498264 0.243392 0.493800 0.241740 0.488839 0.238436 0.486359 0.231278 0.484375 0.221366 0.484375 0.210352 0.486855
0 0.254405 0.482143 0.248899 0.483631 0.243392 0.486359 0.242841 0.491071 0.246696 0.495536 0.253855 0.499256 0.265419 0.502232 0.274780 0.502728 0.280837 0.499752 0.284141 0.494544 0.280837 0.487847 0.273128 0.483383 0.265969 0.481399
0 0.091960 0.483879 0.081498 0.484127 0.074339 0.485615 0.069383 0.487351 0.066079 0.490079 0.066630 0.494296 0.072137 0.498512 0.074339 0.501984 0.082599 0.504712 0.091410 0.504712 0.096916 0.502232 0.101872 0.498264 0.104075 0.494544 0.102974 0.490575 0.098018 0.485615
0 0.103524 0.482391 0.099670 0.485863 0.099670 0.486855 0.102423 0.490575 0.105727 0.492063 0.115088 0.494048 0.123899 0.494792 0.137115 0.495040 0.143172 0.494296 0.142621 0.489583 0.137665 0.486111 0.117841 0.480655 0.108480 0.480159
0 0.164648 0.495288 0.160242 0.494296 0.151432 0.493800 0.143172 0.494544 0.138216 0.496280 0.136564 0.498264 0.135463 0.506448 0.138767 0.508681 0.143172 0.509673 0.156938 0.508681 0.162996 0.507192 0.174009 0.501984 0.171806 0.498264
0 0.282489 0.500496 0.272577 0.503968 0.269824 0.508185 0.269824 0.510913 0.272577 0.514633 0.275881 0.516121 0.289097 0.520089 0.293502 0.520337 0.297907 0.519097 0.301762 0.515377 0.307819 0.512649 0.311123 0.509673 0.308370 0.505208 0.303414 0.502232 0.294053 0.500744
0 0.274780 0.515873 0.264317 0.516865 0.256057 0.519345 0.251101 0.521577 0.251101 0.526290 0.253304 0.530754 0.254956 0.531994 0.264868 0.534474 0.274780 0.533730 0.286894 0.531250 0.289097 0.530258 0.292401 0.526290 0.292401 0.524554 0.289648 0.521081 0.284141 0.518601
0 0.229626 0.519841 0.221366 0.522073 0.214758 0.525298 0.212004 0.528770 0.212004 0.533482 0.215859 0.534474 0.223018 0.534970 0.230176 0.536706 0.240088 0.536458 0.251101 0.532986 0.252203 0.531250 0.251101 0.526538 0.248348 0.523562 0.243943 0.521081 0.239537 0.519841
0 0.161894 0.508185 0.144824 0.509921 0.137115 0.512649 0.135463 0.514385 0.134361 0.518105 0.137115 0.521577 0.140969 0.523562 0.151982 0.526538 0.161344 0.525050 0.168502 0.521577 0.170705 0.519097 0.171256 0.516121 0.169604 0.509673
0 0.094163 0.514633 0.090859 0.516617 0.090859 0.518601 0.094163 0.523313 0.098568 0.526538 0.109031 0.528522 0.118392 0.528770 0.123899 0.527034 0.131057 0.521577 0.131057 0.517361 0.129956 0.515873 0.125551 0.513641 0.118392 0.512401 0.106828 0.512153
0 0.133811 0.523562 0.128855 0.524554 0.122247 0.528274 0.120595 0.533234 0.123348 0.539187 0.128304 0.542659 0.133260 0.544395 0.139868 0.544395 0.143722 0.543899 0.145925 0.542907 0.154736 0.534722 0.155286 0.531994 0.152533 0.527034 0.141520 0.524306
0 0.083150 0.528522 0.081498 0.530506 0.080396 0.537698 0.082599 0.540179 0.087555 0.542907 0.099119 0.544643 0.109031 0.544395 0.120044 0.540179 0.122247 0.537698 0.121145 0.534970 0.117841 0.531746 0.112335 0.529514 0.101322 0.527034 0.091410 0.527282
0 0.108480 0.546875 0.102423 0.545387 0.093062 0.544147 0.089758 0.544147 0.080396 0.546627 0.077643 0.549851 0.076542 0.556796 0.078744 0.560020 0.081498 0.561508 0.091410 0.561756 0.097467 0.559524 0.110132 0.557044 0.112335 0.556052 0.114537 0.552331 0.112335 0.549355
0 0.187225 0.533234 0.183921 0.531746 0.178414 0.530506 0.169053 0.530754 0.164097 0.531994 0.154185 0.536458 0.148128 0.541419 0.150881 0.543155 0.161344 0.545139 0.171256 0.546379 0.180617 0.546131 0.187225 0.544395 0.190529 0.541667 0.190529 0.536954
0 0.264317 0.534474 0.256608 0.532490 0.248899 0.533978 0.236233 0.539683 0.235132 0.540675 0.235683 0.545139 0.238436 0.546131 0.251652 0.545635 0.261564 0.544147 0.264868 0.542163 0.267070 0.537202
0 0.212004 0.534474 0.202643 0.536954 0.199339 0.540923 0.199890 0.545139 0.202643 0.547619 0.213106 0.551339 0.222467 0.551587 0.229626 0.550099 0.232379 0.548859 0.234031 0.545635 0.232379 0.537946 0.229075 0.535962 0.224670 0.534970
0 0.118392 0.552827 0.115639 0.554067 0.110683 0.559772 0.111233 0.564236 0.116740 0.568948 0.123899 0.572173 0.132159 0.573413 0.136564 0.573413 0.143722 0.571925 0.152533 0.567708 0.154185 0.564732 0.152533 0.559028 0.147577 0.556052 0.138216 0.553323 0.126652 0.552331
0 0.259912 0.547619 0.250000 0.546131 0.242841 0.546131 0.237885 0.546627 0.234581 0.548115 0.231278 0.551339 0.229075 0.556796 0.232379 0.561508 0.237885 0.564732 0.247247 0.564484 0.252753 0.563244 0.258260 0.559276 0.263767 0.556548 0.266520 0.552579 0.263767 0.549355
0 0.165749 0.552579 0.162996 0.556796 0.170705 0.560764 0.186674 0.563988 0.196035 0.563492 0.198789 0.560268 0.192181 0.552083 0.186674 0.549107 0.177863 0.548859
0 0.212555 0.554563 0.200991 0.559524 0.197687 0.562500 0.196586 0.565476 0.197687 0.569196 0.202093 0.572421 0.207599 0.573413 0.215859 0.573661 0.226322 0.572669 0.232379 0.570437 0.234581 0.567956 0.235683 0.564236 0.229626 0.558532 0.218612 0.555308
0 0.255507 0.570933 0.243943 0.572173 0.238987 0.574653 0.237885 0.576389 0.243943 0.585317 0.254956 0.588790 0.258260 0.589038 0.264868 0.588542 0.266520 0.587798 0.271476 0.583333 0.272577 0.579365 0.267070 0.572421 0.263767 0.571429
0 0.230727 0.580357 0.225220 0.579613 0.215859 0.580109 0.212555 0.580853 0.204295 0.585069 0.203194 0.587054 0.203744 0.592510 0.207048 0.594494 0.209802 0.597718 0.213106 0.598958 0.223018 0.598710 0.227423 0.597966 0.241189 0.591022 0.242841 0.588294 0.240088 0.584573
0 0.243943 0.593006 0.240088 0.593502 0.233480 0.597222 0.230727 0.599950 0.229626 0.603671 0.234581 0.607391 0.238436 0.608879 0.248348 0.609127 0.260463 0.607143 0.267070 0.603671 0.266520 0.600446 0.264868 0.598214 0.254956 0.593998 0.249449 0.593006
0 0.057819 0.583829 0.056167 0.587550 0.057819 0.591518 0.064978 0.594742 0.077093 0.594990 0.091960 0.593998 0.099670 0.592014 0.104626 0.588294 0.104075 0.586558 0.099119 0.583333 0.091960 0.581349 0.083150 0.579861 0.075441 0.579365 0.064978 0.579861 0.060573 0.581597
0 0.220264 0.607143 0.212004 0.602183 0.204846 0.600694 0.195485 0.601438 0.189978 0.603175 0.182269 0.607391 0.177863 0.611111 0.177313 0.615327 0.186674 0.617808 0.194934 0.618800 0.204846 0.616815 0.213106 0.616071 0.216410 0.615079 0.221366 0.611607
0 0.224119 0.618800 0.221916 0.617063 0.214207 0.615823 0.203744 0.616567 0.187775 0.620536 0.185022 0.622520 0.185022 0.623760 0.186674 0.625744 0.189427 0.626984 0.195485 0.627976 0.208150 0.629216 0.220815 0.628720 0.224670 0.626984 0.225771 0.624752 0.225771 0.621776
0 0.281938 0.634673 0.278634 0.643601 0.280286 0.645585 0.288546 0.648065 0.294604 0.648562 0.310022 0.648562 0.321035 0.646577 0.326542 0.644345 0.327643 0.643105 0.327093 0.641617 0.322687 0.639633 0.317731 0.634425 0.308921 0.632688 0.299009 0.631696 0.290749 0.632192
0 0.341960 0.610119 0.338106 0.614583 0.338106 0.619544 0.343062 0.622520 0.354075 0.622768 0.362335 0.622024 0.368943 0.620784 0.373899 0.618552 0.376652 0.615079 0.373348 0.611111 0.370044 0.609375 0.360132 0.608383 0.350771 0.608383
0 0.287445 0.610863 0.289097 0.615327 0.294604 0.617808 0.301211 0.619296 0.313877 0.620536 0.322687 0.620288 0.329846 0.619048 0.333480 0.615724 0.335077 0.612029 0.334802 0.609127 0.326542 0.606647 0.310573 0.605655 0.301762 0.606151 0.290198 0.609127
0 0.270374 0.587798 0.265969 0.589782 0.263767 0.591766 0.266520 0.597966 0.270374 0.602927 0.281938 0.606399 0.292401 0.607391 0.296256 0.604415 0.296256 0.602927 0.293502 0.599454 0.294053 0.594246 0.295705 0.591518 0.292401 0.588046 0.285793 0.586558 0.280286 0.586558
0 0.295705 0.592758 0.293502 0.595238 0.294053 0.599950 0.303965 0.604415 0.316630 0.605655 0.327093 0.605407 0.333150 0.602431 0.334802 0.599206 0.329846 0.593750 0.325991 0.591766 0.318833 0.590278 0.308370 0.590278 0.300661 0.591022
0 0.362335 0.587798 0.343062 0.587054 0.334251 0.588294 0.329846 0.592014 0.332048 0.596230 0.338106 0.601438 0.345264 0.601935 0.352974 0.600942 0.357930 0.599702 0.361233 0.597222 0.365639 0.595734 0.368943 0.591766
0 0.285242 0.572669 0.281388 0.575893 0.282489 0.579861 0.287445 0.584821 0.291300 0.586558 0.300661 0.588790 0.309471 0.589286 0.318833 0.587302 0.325991 0.583829 0.328744 0.580853 0.328194 0.576141 0.323789 0.574157 0.312775 0.571677 0.301211 0.570188 0.292952 0.570933
0 0.341960 0.564732 0.334802 0.565228 0.329295 0.567460 0.327093 0.571181 0.327093 0.573661 0.331498 0.583581 0.335903 0.585813 0.344163 0.586310 0.348568 0.584325 0.350220 0.579861 0.357379 0.575397 0.360132 0.572917 0.360132 0.570933 0.358480 0.568204 0.353524 0.566220
0 0.258811 0.559028 0.253855 0.563740 0.254405 0.565724 0.257709 0.568700 0.267070 0.571677 0.276432 0.573413 0.283590 0.573413 0.291850 0.571925 0.294053 0.570933 0.295705 0.569196 0.295705 0.566716 0.294053 0.563492 0.290749 0.561012 0.274229 0.556300 0.265419 0.556796
0 0.274780 0.548859 0.273678 0.553323 0.276432 0.556052 0.295154 0.562500 0.301762 0.562748 0.311674 0.561012 0.319383 0.556796 0.319934 0.552083 0.317731 0.550099 0.313326 0.548363 0.300661 0.546131 0.289648 0.546131 0.278084 0.547619
0 0.268722 0.535218 0.264868 0.540427 0.264868 0.542411 0.266520 0.545139 0.273678 0.547371 0.284141 0.547123 0.300110 0.545139 0.306167 0.543601 0.308921 0.542287 0.304460 0.539707 0.300055 0.537649 0.289758 0.534152 0.281388 0.532738 0.272577 0.533978
0 0.300661 0.527034 0.292401 0.529762 0.287996 0.533482 0.294604 0.535962 0.300110 0.537202 0.308370 0.541667 0.318282 0.540179 0.323238 0.537450 0.323238 0.533482 0.320485 0.530258 0.310022 0.526786
0 0.309471 0.511905 0.300110 0.515625 0.297907 0.517609 0.302313 0.524306 0.305617 0.526042 0.318833 0.529018 0.327093 0.529514 0.332599 0.528770 0.340859 0.525050 0.343062 0.523313 0.345264 0.518105 0.344163 0.516121 0.338656 0.513145 0.333150 0.511905 0.321586 0.511161 0.314427 0.511161
0 0.370595 0.499504 0.368943 0.498760 0.360132 0.498264 0.345264 0.499752 0.335903 0.505208 0.333150 0.509921 0.335352 0.510913 0.351872 0.514137 0.370595 0.512897 0.375000 0.510665 0.376101 0.508681 0.375000 0.503472
0 0.359581 0.513641 0.351872 0.514633 0.348568 0.516121 0.346366 0.518601 0.345264 0.523562 0.345815 0.525794 0.351322 0.530506 0.361233 0.531746 0.367841 0.528026 0.372247 0.527034 0.376101 0.525298 0.379405 0.522321 0.379405 0.520585 0.377203 0.517609 0.373348 0.515873 0.367291 0.514385
0 0.343062 0.524058 0.331498 0.529266 0.328744 0.532490 0.328194 0.537202 0.333700 0.539683 0.342511 0.540923 0.352974 0.540923 0.358480 0.537450 0.359031 0.532986 0.357379 0.531498 0.350771 0.529266 0.347467 0.526290
0 0.319383 0.544891 0.318833 0.549355 0.321586 0.554315 0.324890 0.556052 0.332048 0.557044 0.342511 0.556300 0.350771 0.554563 0.360132 0.550595 0.367291 0.548859 0.363436 0.544891 0.349670 0.541419 0.334802 0.540427 0.325991 0.540923 0.321586 0.542659
0 0.368943 0.527530 0.362885 0.530010 0.360132 0.532490 0.359031 0.540427 0.363987 0.544147 0.370595 0.545635 0.378855 0.546379 0.387115 0.544891 0.397026 0.541915 0.399780 0.537202 0.398128 0.533482 0.394273 0.531002 0.387115 0.528026 0.380507 0.527282
0 0.395374 0.512153 0.386013 0.513641 0.383260 0.514881 0.379956 0.517361 0.380507 0.521329 0.382159 0.523810 0.388767 0.529018 0.396476 0.532738 0.404736 0.534226 0.411894 0.531498 0.416850 0.527530 0.417952 0.525546 0.416850 0.519841 0.415198 0.517361 0.409141 0.513889 0.404736 0.512401
0 0.465308 0.506696 0.460903 0.509673 0.458700 0.513641 0.460352 0.516617 0.464207 0.519345 0.471916 0.521081 0.485683 0.520833 0.490088 0.520089 0.496696 0.515377 0.495705 0.512748 0.494604 0.510441 0.488216 0.507391 0.481773 0.505804 0.474670 0.505208
0 0.452093 0.515377 0.448238 0.514881 0.438877 0.515377 0.427313 0.518601 0.421256 0.525546 0.431167 0.530258 0.436674 0.531250 0.449890 0.531250 0.457048 0.530258 0.459802 0.529266 0.464758 0.521081 0.462555 0.518849
0 0.444383 0.532242 0.441630 0.533730 0.439978 0.536706 0.443833 0.542163 0.455947 0.544643 0.463106 0.544643 0.468062 0.543899 0.472467 0.540675 0.473568 0.536954 0.471366 0.533482 0.465308 0.531250 0.459251 0.530506 0.450441 0.531002
0 0.420705 0.528274 0.414648 0.530010 0.407489 0.533234 0.404736 0.536210 0.400000 0.541865 0.402148 0.544593 0.411894 0.546875 0.422907 0.547619 0.428965 0.546627 0.437445 0.543353 0.438987 0.539881 0.437775 0.536111 0.434141 0.532192 0.428965 0.529514 0.423458 0.528274
0 0.396476 0.543651 0.383260 0.545883 0.379956 0.547371 0.377203 0.550347 0.376652 0.553819 0.377753 0.557044 0.383260 0.560268 0.387115 0.561012 0.395925 0.561508 0.403634 0.560020 0.414097 0.556548 0.416850 0.554812 0.417401 0.552331 0.415749 0.548859 0.405837 0.545139
0 0.416850 0.557540 0.412996 0.557292 0.406388 0.559524 0.399229 0.561012 0.395374 0.562748 0.390419 0.568204 0.392621 0.572173 0.397026 0.574157 0.404736 0.575893 0.414648 0.576141 0.417952 0.575397 0.421256 0.573909 0.425110 0.570685 0.427313 0.563740 0.421806 0.559028
0 0.439427 0.543899 0.431167 0.545883 0.428965 0.547123 0.425110 0.551835 0.424559 0.557044 0.430617 0.560268 0.435573 0.561508 0.448789 0.562252 0.457048 0.560020 0.465308 0.555308 0.466960 0.553323 0.466410 0.550347 0.463656 0.547123 0.460352 0.545883 0.448789 0.543651
0 0.472467 0.562252 0.466410 0.560764 0.455947 0.560764 0.448238 0.561756 0.438326 0.562004 0.435022 0.562996 0.427863 0.567708 0.428965 0.571925 0.438326 0.576389 0.449339 0.576885 0.457599 0.576389 0.465308 0.575149 0.473018 0.572173 0.475771 0.569444 0.475220 0.564732
0 0.466410 0.522321 0.461454 0.525794 0.460903 0.530010 0.470815 0.533482 0.473568 0.535218 0.481278 0.536706 0.484031 0.536706 0.490639 0.535218 0.493943 0.533482 0.497412 0.527406 0.490639 0.522321 0.486233 0.521081 0.475771 0.521081
0 0.500000 0.522569 0.497247 0.524554 0.498899 0.531994 0.501101 0.534226 0.508260 0.536458 0.518172 0.536954 0.526982 0.536210 0.532489 0.533482 0.535793 0.529762 0.534692 0.525050 0.533040 0.523810 0.526982 0.521825 0.520374 0.521081 0.510463 0.521081
0 0.502203 0.510417 0.498899 0.513145 0.498899 0.517857 0.500551 0.518353 0.515419 0.519841 0.526982 0.519841 0.531938 0.518849 0.535242 0.517361 0.536894 0.513393 0.533590 0.509425 0.526432 0.505952 0.517070 0.505952
0 0.561123 0.513641 0.552863 0.513889 0.545154 0.515377 0.540198 0.517361 0.536894 0.520585 0.537445 0.525794 0.539648 0.527530 0.545705 0.529762 0.550661 0.530258 0.556718 0.530010 0.565529 0.528026 0.568833 0.526290 0.569934 0.523313 0.572137 0.521329 0.568833 0.517113
0 0.533590 0.497520 0.528634 0.499504 0.527533 0.500744 0.527533 0.506200 0.536894 0.512401 0.542952 0.514633 0.555617 0.513393 0.562775 0.509921 0.564978 0.505704 0.559471 0.502232 0.550661 0.498760 0.544053 0.497272
0 0.596366 0.480407 0.584251 0.480159 0.575991 0.481647 0.572687 0.483383 0.569934 0.486111 0.570485 0.490327 0.575441 0.493056 0.578194 0.493800 0.588106 0.494048 0.596916 0.492560 0.602974 0.490327 0.605176 0.486607 0.604626 0.485119 0.601872 0.482391
0 0.560022 0.488591 0.554515 0.490079 0.546311 0.493130 0.546751 0.495734 0.550110 0.498016 0.561894 0.504762 0.569383 0.507937 0.576542 0.507440 0.578744 0.506448 0.579846 0.503224 0.578744 0.496776 0.577093 0.494048 0.571035 0.490575 0.569934 0.488839
0 0.580396 0.514385 0.586454 0.517361 0.594714 0.518105 0.601542 0.515799 0.613436 0.511161 0.623348 0.509673 0.626101 0.507937 0.627203 0.505704 0.619493 0.504464 0.605176 0.503472 0.584802 0.503968 0.579846 0.505456 0.578194 0.509921
0 0.655837 0.489831 0.647577 0.489087 0.633260 0.491815 0.625000 0.495536 0.622247 0.497768 0.623348 0.502232 0.632709 0.506696 0.637665 0.507688 0.642621 0.507440 0.648128 0.505952 0.655286 0.501984 0.660242 0.494296 0.659141 0.491815
0 0.674559 0.500496 0.655286 0.502480 0.645374 0.507192 0.643722 0.508929 0.644824 0.512401 0.647577 0.514633 0.654185 0.517113 0.663546 0.518601 0.669053 0.518353 0.674009 0.516865 0.677863 0.513889 0.678965 0.511161 0.677313 0.501736
0 0.687225 0.509673 0.681718 0.511161 0.677863 0.512897 0.675661 0.514881 0.674009 0.517857 0.676762 0.521577 0.682269 0.525050 0.690529 0.526786 0.700991 0.526290 0.707599 0.523810 0.712555 0.517361 0.712555 0.513393 0.708150 0.510665 0.703744 0.509673
0 0.604405 0.514931 0.604626 0.517609 0.607930 0.521825 0.614537 0.525298 0.631057 0.527530 0.639868 0.526042 0.644824 0.524058 0.647026 0.521577 0.647577 0.516865 0.645925 0.514881 0.638216 0.511905 0.631057 0.510417 0.620044 0.510169 0.610903 0.511954
0 0.578744 0.519345 0.573789 0.520585 0.569934 0.524306 0.570485 0.529762 0.578194 0.533978 0.585903 0.535962 0.595815 0.536706 0.604075 0.534970 0.611784 0.529266 0.611784 0.525050 0.609581 0.522817 0.604626 0.520089 0.599670 0.519097 0.585352 0.518353
0 0.552863 0.530258 0.542952 0.530258 0.539648 0.530754 0.535242 0.532490 0.529185 0.537202 0.529185 0.541419 0.532489 0.545387 0.536894 0.546875 0.546806 0.547371 0.553414 0.546379 0.556718 0.544891 0.564427 0.537450 0.563326 0.534970 0.560573 0.532242 0.557819 0.531002
0 0.518722 0.537450 0.506608 0.537450 0.500551 0.539187 0.496696 0.541667 0.494493 0.544395 0.494493 0.549603 0.499449 0.554067 0.502753 0.555060 0.509912 0.555556 0.523128 0.553075 0.527533 0.550595 0.529736 0.546131 0.528634 0.542907 0.525881 0.539683
0 0.553965 0.550843 0.543502 0.551339 0.536344 0.554812 0.531938 0.559524 0.532489 0.563244 0.535793 0.567956 0.537996 0.569196 0.542952 0.570188 0.551762 0.569692 0.561123 0.567708 0.566079 0.564732 0.570485 0.560764 0.570485 0.556300 0.569383 0.554812 0.565529 0.553075
0 0.577643 0.535218 0.567731 0.536706 0.561674 0.540179 0.556167 0.545139 0.557819 0.547867 0.561674 0.550347 0.569383 0.552083 0.580396 0.552827 0.588106 0.551835 0.598568 0.548611 0.594163 0.539931 0.590859 0.538442
0 0.623348 0.534722 0.616189 0.533854 0.609581 0.536954 0.601817 0.540923 0.602478 0.546850 0.605507 0.549653 0.612885 0.550843 0.622797 0.549355 0.629460 0.543502 0.628855 0.536706
0 0.778084 0.524058 0.768172 0.523562 0.757709 0.523810 0.751652 0.524802 0.742841 0.528522 0.739537 0.532738 0.740639 0.537202 0.751101 0.542659 0.766520 0.542659 0.771806 0.540551 0.778084 0.536880 0.780507 0.530531 0.781938 0.527034
0 0.735132 0.511657 0.724670 0.511657 0.718062 0.513145 0.713656 0.515625 0.709802 0.521081 0.709251 0.525546 0.710352 0.527034 0.725771 0.536954 0.731828 0.536210 0.735683 0.534970 0.739537 0.531002 0.748899 0.525546 0.751101 0.522321 0.751101 0.517113 0.748899 0.514385 0.743943 0.512649
0 0.699890 0.526538 0.691630 0.529266 0.687775 0.532490 0.686674 0.535218 0.687225 0.538690 0.691079 0.541419 0.698238 0.542163 0.709251 0.541915 0.716410 0.540427 0.721366 0.537202 0.719714 0.532986 0.715859 0.529762 0.708700 0.526786
0 0.647026 0.524554 0.642126 0.525422 0.633480 0.527455 0.629075 0.530208 0.629350 0.534697 0.632159 0.538591 0.637665 0.542907 0.643172 0.545635 0.652533 0.547619 0.656388 0.549107 0.665749 0.549107 0.669548 0.545635 0.673348 0.541667 0.672963 0.537004 0.671971 0.532986 0.670154 0.530258 0.661344 0.525298 0.658040 0.524554
0 0.778634 0.542907 0.759361 0.542956 0.747522 0.544841 0.744714 0.547718 0.746366 0.551811 0.752203 0.554812 0.754185 0.556101 0.757709 0.556796 0.761564 0.557044 0.772577 0.554563 0.778634 0.551835 0.781938 0.548859 0.780837 0.544891
0 0.810683 0.545337 0.807930 0.548462 0.810022 0.551215 0.812775 0.553547 0.819934 0.555308 0.838106 0.558284 0.840859 0.558036 0.848568 0.555804 0.849670 0.551835 0.848018 0.548859 0.839207 0.544643 0.828744 0.543155 0.816300 0.543105
0 0.606278 0.556548 0.601872 0.561012 0.608480 0.568204 0.612335 0.569444 0.619493 0.570188 0.626101 0.569940 0.629405 0.569196 0.632709 0.567708 0.636013 0.564980 0.636013 0.560268 0.629956 0.557292 0.626652 0.556548 0.616189 0.555556 0.611784 0.555556
0 0.590308 0.558036 0.586454 0.557788 0.577643 0.560020 0.571035 0.562500 0.566630 0.565228 0.563877 0.567956 0.563326 0.572669 0.564978 0.574157 0.569383 0.575893 0.577093 0.577133 0.587555 0.576885 0.599119 0.574157 0.606828 0.569692 0.607930 0.568204 0.604626 0.562748 0.598568 0.559772
0 0.481828 0.563492 0.479075 0.567460 0.479075 0.571925 0.484581 0.576141 0.498348 0.578621 0.502203 0.578621 0.508260 0.577877 0.515419 0.575893 0.519273 0.572669 0.518722 0.568204 0.511564 0.563492 0.501101 0.561260 0.488987 0.561508
0 0.491189 0.583333 0.490639 0.584573 0.492841 0.586558 0.507709 0.591270 0.516520 0.592262 0.523128 0.592014 0.526982 0.591270 0.529736 0.589534 0.531388 0.585317 0.530286 0.580605 0.528084 0.579365 0.520374 0.577381 0.515419 0.577133 0.506057 0.578125 0.497797 0.580357
0 0.551762 0.574157 0.544053 0.575645 0.540198 0.577133 0.534141 0.581845 0.531938 0.587550 0.533590 0.590526 0.537996 0.592510 0.551762 0.594494 0.560022 0.593502 0.565529 0.591766 0.568282 0.588294 0.571586 0.580605 0.571035 0.579117 0.567181 0.576637 0.560573 0.574653
0 0.629405 0.570685 0.627753 0.571925 0.627753 0.573413 0.631057 0.576141 0.631057 0.580357 0.634912 0.583829 0.638216 0.584821 0.648678 0.584821 0.651982 0.584077 0.658040 0.580109 0.660793 0.576637 0.657489 0.572917 0.655286 0.571925 0.645925 0.570188 0.635463 0.569940
0 0.612335 0.575645 0.600220 0.579861 0.600771 0.584325 0.604626 0.586558 0.607930 0.590030 0.621696 0.590774 0.627203 0.589534 0.633811 0.584573 0.633811 0.583333 0.629956 0.578373 0.626652 0.576141 0.623348 0.575397
0 0.575991 0.580605 0.572137 0.582341 0.568833 0.586310 0.568282 0.589286 0.569934 0.592510 0.573238 0.594246 0.578744 0.595734 0.587004 0.596974 0.595815 0.597222 0.607379 0.592014 0.607379 0.587302 0.601322 0.582837 0.597467 0.581597 0.588106 0.580109
0 0.542952 0.595238 0.534141 0.596726 0.525881 0.599702 0.524229 0.604663 0.525881 0.607391 0.533590 0.611607 0.542952 0.614087 0.552313 0.614335 0.557269 0.611855 0.562225 0.607639 0.561674 0.602183 0.558370 0.598710 0.552313 0.595982
0 0.632709 0.593998 0.622797 0.590774 0.612885 0.591022 0.607379 0.592510 0.599670 0.595982 0.596366 0.599206 0.598568 0.606151 0.603524 0.607639 0.613436 0.607887 0.630507 0.602679 0.634361 0.599702 0.634912 0.595486
0 0.638767 0.607639 0.631057 0.604167 0.621696 0.604663 0.612885 0.607639 0.604075 0.608135 0.600220 0.609127 0.597467 0.610863 0.598018 0.612847 0.601872 0.615327 0.621696 0.619792 0.631608 0.618800 0.636013 0.617560 0.638216 0.615575 0.639868 0.612351
0 0.654185 0.590526 0.644824 0.591766 0.641520 0.593502 0.637665 0.597966 0.637115 0.603423 0.639317 0.605655 0.657489 0.607391 0.665198 0.606647 0.674009 0.603671 0.677863 0.601190 0.678414 0.599206 0.674559 0.596478 0.671806 0.592758 0.669053 0.591518 0.659692 0.590526
0 0.692731 0.582093 0.681718 0.581845 0.675661 0.583829 0.673458 0.586310 0.672357 0.592510 0.674009 0.595982 0.676762 0.598462 0.682269 0.600694 0.689427 0.598958 0.693282 0.595734 0.700441 0.592510 0.703744 0.591766 0.704295 0.587550 0.700991 0.584077
0 0.719714 0.593006 0.717511 0.592014 0.707048 0.591766 0.700441 0.592510 0.694934 0.594246 0.686123 0.599702 0.685022 0.603175 0.686123 0.605159 0.689427 0.606151 0.709251 0.605903 0.715859 0.603423 0.721916 0.597222 0.722467 0.595486
0 0.726872 0.565972 0.721366 0.568700 0.717511 0.572173 0.717511 0.576389 0.720815 0.579613 0.725771 0.581845 0.743392 0.582093 0.754405 0.580109 0.757709 0.578621 0.759361 0.576637 0.758811 0.572669 0.756057 0.569196 0.750000 0.566964 0.742291 0.565476 0.734031 0.564732
0 0.772577 0.583829 0.766520 0.582341 0.755507 0.581597 0.730176 0.583333 0.723568 0.584821 0.719714 0.587550 0.720264 0.592262 0.725771 0.596230 0.732930 0.597470 0.743943 0.597966 0.755507 0.596726 0.761013 0.595238 0.767070 0.592262 0.771476 0.587550
0 0.790749 0.585069 0.787445 0.584325 0.778084 0.583829 0.773128 0.585565 0.770374 0.588790 0.761013 0.595734 0.760463 0.599950 0.762665 0.602431 0.765419 0.602927 0.785793 0.602431 0.792401 0.599454 0.795705 0.596726 0.799559 0.591270 0.796806 0.587798
0 0.763216 0.565972 0.759361 0.568204 0.758811 0.571925 0.759912 0.576141 0.762115 0.578373 0.769273 0.581349 0.775330 0.582093 0.787996 0.582093 0.791850 0.581101 0.799559 0.576141 0.800661 0.572173 0.792952 0.567212 0.789648 0.566220 0.779736 0.564980 0.769273 0.564980
0 0.803414 0.574653 0.794053 0.579861 0.791850 0.583829 0.798458 0.588294 0.802863 0.590030 0.821035 0.594742 0.829846 0.594494 0.838656 0.591766 0.841410 0.588790 0.841960 0.583581 0.837004 0.580605 0.822137 0.575149 0.818282 0.574405 0.809471 0.573909
0 0.818282 0.556548 0.812225 0.556052 0.803965 0.556796 0.794493 0.559201 0.790253 0.564187 0.795154 0.568204 0.797907 0.570188 0.803965 0.572421 0.813326 0.572173 0.825441 0.569444 0.828744 0.567212 0.830396 0.564732 0.829846 0.563492 0.822137 0.557788
0 0.856278 0.557044 0.849339 0.556300 0.842841 0.558482 0.840308 0.560516 0.837555 0.561756 0.827423 0.569097 0.830507 0.572024 0.840584 0.575074 0.850330 0.575942 0.856828 0.574405 0.860463 0.568403 0.861233 0.562996
0 0.905121 0.553596 0.905837 0.556796 0.908040 0.561508 0.911894 0.564980 0.915749 0.565724 0.926211 0.566220 0.933976 0.564757 0.937115 0.563393 0.937720 0.560441 0.933425 0.556572 0.928965 0.553745 0.925110 0.551835 0.916300 0.551091
0 0.882159 0.578373 0.872247 0.577629 0.860132 0.578869 0.844714 0.585813 0.841960 0.587798 0.841960 0.591766 0.849119 0.595734 0.861784 0.596974 0.866189 0.596974 0.871696 0.595734 0.875000 0.593006 0.879405 0.586558 0.883260 0.584077 0.884361 0.579861
0 0.756608 0.605655 0.753855 0.607391 0.752203 0.611607 0.756057 0.616071 0.758811 0.617808 0.769273 0.621032 0.788546 0.621280 0.791850 0.620288 0.796256 0.615575 0.796256 0.611359 0.793502 0.607639 0.786344 0.604167 0.780286 0.602679 0.773128 0.602679 0.764868 0.603423
0 0.727423 0.598462 0.719163 0.600942 0.718062 0.603919 0.722467 0.609375 0.726872 0.611359 0.733480 0.616071 0.740088 0.617560 0.742841 0.619296 0.744493 0.619296 0.748899 0.610863 0.748899 0.606895 0.743392 0.599950 0.735683 0.597966
0 0.726322 0.610615 0.716960 0.610863 0.710903 0.614831 0.707048 0.618552 0.704846 0.622520 0.705396 0.624752 0.708150 0.626488 0.718062 0.626488 0.728194 0.622470 0.730617 0.620536 0.732930 0.615079
0 0.689978 0.606399 0.685022 0.607639 0.682819 0.607639 0.674670 0.611210 0.672907 0.614831 0.676211 0.620536 0.679515 0.622272 0.692731 0.624504 0.700441 0.624504 0.704295 0.623512 0.705947 0.621280 0.704901 0.619593 0.713546 0.612153 0.705507 0.606101
0 0.643722 0.607887 0.640419 0.609871 0.638216 0.614831 0.639317 0.619048 0.647577 0.622272 0.657489 0.622272 0.667401 0.620784 0.670705 0.619048 0.671806 0.616567 0.671806 0.613839 0.670154 0.611359 0.663546 0.608879 0.656938 0.607391
0 0.569383 0.596726 0.563877 0.599454 0.564427 0.604415 0.567181 0.608631 0.571035 0.610615 0.578194 0.612847 0.584251 0.613591 0.590308 0.613095 0.593612 0.611359 0.597467 0.607639 0.596916 0.603175 0.593612 0.598710 0.589758 0.597470 0.579295 0.596230
0 0.533590 0.623512 0.526982 0.625744 0.522577 0.628968 0.521476 0.630456 0.522577 0.634921 0.525330 0.637401 0.531388 0.640377 0.534692 0.641121 0.545705 0.641121 0.552313 0.639633 0.556167 0.637153 0.558370 0.634921 0.557819 0.630208 0.552863 0.625744 0.550110 0.624504 0.542401 0.623512
0 0.563326 0.611855 0.558370 0.612351 0.553965 0.614087 0.551211 0.618304 0.551211 0.621776 0.553965 0.626736 0.560573 0.632937 0.564427 0.634921 0.569934 0.635665 0.582599 0.629960 0.584802 0.626488 0.585903 0.618304 0.583150 0.614583 0.579846 0.613095 0.572137 0.611855
0 0.594714 0.615327 0.587004 0.618800 0.585352 0.625744 0.585903 0.627976 0.590308 0.631200 0.593612 0.632440 0.603524 0.634425 0.613987 0.635169 0.621696 0.632440 0.623348 0.631200 0.626101 0.626984 0.623899 0.622520 0.619493 0.619296 0.613987 0.617312 0.605176 0.615575
0 0.688877 0.624504 0.685022 0.623016 0.674559 0.621032 0.664097 0.621528 0.653634 0.623016 0.650220 0.625124 0.653634 0.634921 0.655837 0.635665 0.667401 0.635665 0.677313 0.635169 0.682269 0.634177 0.688326 0.630704 0.691630 0.627232
0 0.638767 0.619792 0.633811 0.621528 0.627203 0.625496 0.623899 0.629960 0.623899 0.631944 0.627203 0.635417 0.630507 0.637153 0.636013 0.637897 0.643172 0.637897 0.647577 0.637401 0.652533 0.634921 0.651487 0.629712 0.650055 0.626538 0.648348 0.624132
0 0.593062 0.632688 0.584802 0.633681 0.577643 0.636657 0.572687 0.642113 0.572137 0.646577 0.574890 0.649058 0.575936 0.652455 0.584251 0.654266 0.595815 0.655010 0.604626 0.652530 0.613491 0.647917 0.615308 0.646081 0.616630 0.641716 0.616189 0.638393 0.612335 0.636161 0.596366 0.632688
0 0.577093 0.655258 0.572687 0.656994 0.571035 0.658730 0.569934 0.662202 0.572687 0.666171 0.580396 0.670387 0.586454 0.671875 0.595264 0.672867 0.599670 0.672123 0.604075 0.669891 0.605727 0.665179 0.603524 0.661458 0.598018 0.656498 0.592511 0.655258
0 0.612885 0.648562 0.600220 0.654018 0.600220 0.658730 0.605176 0.662946 0.608480 0.663938 0.620595 0.665179 0.627753 0.664683 0.634912 0.661706 0.638216 0.658482 0.637665 0.656994 0.634912 0.654514 0.618888 0.648958
0 0.620595 0.642113 0.618392 0.645585 0.619493 0.648313 0.638216 0.656498 0.649229 0.656994 0.655837 0.656498 0.659141 0.655506 0.660793 0.652778 0.660793 0.650050 0.653084 0.645089 0.649229 0.640377 0.647026 0.639385 0.640419 0.638393 0.630507 0.638641
0 0.654185 0.636657 0.650881 0.638393 0.650330 0.643105 0.654736 0.647321 0.665198 0.651538 0.673458 0.652530 0.677203 0.650397 0.684196 0.646007 0.687059 0.643452 0.687225 0.639385 0.682819 0.636161 0.676762 0.635417 0.664648 0.635417
0 0.767621 0.621776 0.757709 0.626984 0.758811 0.630952 0.761564 0.633433 0.769273 0.637153 0.781388 0.637401 0.790198 0.635913 0.796806 0.630952 0.796256 0.623016 0.792401 0.622272 0.779736 0.621528
0 0.725771 0.624008 0.720815 0.626488 0.716960 0.630456 0.718612 0.634921 0.724119 0.638393 0.729075 0.640377 0.736784 0.641617 0.750551 0.642361 0.760463 0.641617 0.764868 0.638889 0.763216 0.634921 0.758811 0.631696 0.754405 0.626736 0.746696 0.624008 0.735132 0.622024
0 0.691079 0.628472 0.684471 0.634177 0.686123 0.638393 0.691079 0.644345 0.695485 0.646329 0.708150 0.648562 0.717511 0.648313 0.717786 0.643105 0.720815 0.638145 0.716410 0.634921 0.714207 0.631944 0.709251 0.628720 0.699284 0.625893
0 0.768722 0.638145 0.764317 0.640129 0.762665 0.641865 0.762665 0.647073 0.765969 0.650298 0.771476 0.653274 0.775330 0.654266 0.785242 0.655010 0.789648 0.654514 0.796256 0.651786 0.800110 0.647817 0.800110 0.643849 0.797907 0.641121 0.795705 0.639881 0.787445 0.637897 0.778084 0.637649
0 0.734581 0.642857 0.725771 0.644345 0.721916 0.646577 0.719714 0.651290 0.722467 0.658482 0.724670 0.660466 0.728524 0.661954 0.743392 0.665427 0.746696 0.665179 0.752753 0.663690 0.753304 0.660094 0.757709 0.655754 0.757159 0.651538 0.754130 0.647569 0.750000 0.643849 0.745595 0.643105
0 0.686674 0.646949 0.676487 0.654142 0.680066 0.658234 0.687225 0.661706 0.693833 0.663442 0.699890 0.663938 0.709251 0.663938 0.718062 0.662450 0.719714 0.657242 0.719163 0.654018 0.717511 0.652282 0.712555 0.650050 0.700441 0.647569 0.692456 0.647024
0 0.674559 0.657738 0.655286 0.660218 0.649229 0.661706 0.647026 0.662946 0.645374 0.665179 0.647026 0.669395 0.650881 0.673859 0.656938 0.676091 0.665749 0.676587 0.671806 0.675347 0.676211 0.673859 0.682819 0.670139 0.685573 0.666419 0.686123 0.662202 0.681718 0.659970
0 0.716410 0.663690 0.712004 0.665675 0.710903 0.670139 0.716410 0.673859 0.725220 0.676835 0.735683 0.677579 0.740088 0.675595 0.742841 0.673363 0.745044 0.669643 0.745595 0.665923 0.733480 0.662450 0.724670 0.662202
0 0.697687 0.681796 0.692731 0.685516 0.693282 0.690228 0.697687 0.695188 0.699890 0.696181 0.704846 0.696677 0.718612 0.696429 0.724119 0.695437 0.726322 0.693948 0.729075 0.689484 0.727423 0.685268 0.724119 0.682788 0.719714 0.681052 0.710903 0.680308 0.704846 0.680556
0 0.789648 0.655754 0.776432 0.654762 0.767621 0.656250 0.763216 0.657986 0.757709 0.661706 0.755507 0.665675 0.757709 0.669643 0.761013 0.671875 0.769273 0.673115 0.778634 0.673115 0.785242 0.671875 0.792952 0.669395 0.795705 0.666915 0.797907 0.661706 0.794053 0.657738
0 0.830396 0.634177 0.821586 0.636657 0.819934 0.637649 0.819383 0.640625 0.820485 0.642857 0.829295 0.646825 0.835903 0.648313 0.841960 0.648562 0.848568 0.647569 0.851322 0.646577 0.852423 0.644593 0.852423 0.640129 0.850220 0.635913 0.848018 0.634673 0.839758 0.633433
0 0.832048 0.657490 0.822687 0.655010 0.812225 0.655506 0.801762 0.659474 0.799009 0.661954 0.796806 0.665675 0.797357 0.670139 0.803414 0.671379 0.822137 0.671627 0.833700 0.669891 0.836454 0.667659 0.837004 0.664187 0.836454 0.661706
0 0.859581 0.644841 0.856828 0.646825 0.855176 0.650794 0.857379 0.654514 0.865088 0.657738 0.873899 0.659226 0.884361 0.659474 0.891520 0.658482 0.897577 0.655010 0.898128 0.653274 0.896476 0.650298 0.890969 0.646329 0.883811 0.643601 0.871145 0.642609 0.864537 0.643105
0 0.821586 0.677083 0.821586 0.681796 0.824890 0.685516 0.830396 0.687252 0.856828 0.686756 0.860683 0.685764 0.867291 0.682292 0.871145 0.681796 0.868392 0.677827 0.865088 0.676835 0.861784 0.673859 0.856278 0.672123 0.846916 0.670883 0.835903 0.670635 0.829295 0.671379 0.824339 0.673611
0 0.777533 0.691716 0.767621 0.693700 0.761013 0.696925 0.758260 0.700645 0.759361 0.705605 0.762115 0.707093 0.776432 0.709077 0.780286 0.709077 0.787996 0.708085 0.792401 0.705605 0.792952 0.699901 0.790749 0.696925 0.781388 0.692460
0 0.715308 0.704613 0.707599 0.705853 0.703194 0.708333 0.698789 0.712302 0.698238 0.717262 0.700991 0.720734 0.708700 0.722966 0.719163 0.723214 0.726872 0.722222 0.730176 0.720982 0.731278 0.719494 0.735132 0.718254 0.737335 0.712550 0.735132 0.710069 0.725771 0.705605 0.719163 0.704613
0 0.740088 0.728423 0.731828 0.728175 0.708700 0.729663 0.702643 0.732391 0.702643 0.736855 0.708700 0.741319 0.718612 0.743552 0.726322 0.743552 0.730176 0.742560 0.735132 0.740327 0.742841 0.732887 0.742291 0.729663
0 0.716960 0.540427 0.708150 0.543155 0.702643 0.548611 0.699339 0.550818 0.707599 0.555804 0.713106 0.556796 0.719163 0.557044 0.726872 0.556052 0.731828 0.554067 0.733480 0.552827 0.733480 0.548363 0.727588 0.543849