0 0.763285 0.000000 0.764251 0.006500 0.772947 0.010500 0.786473 0.010500 0.795169 0.008500 0.808696 0.002000 0.808696 0.000000
0 0.883092 0.000000 0.881159 0.000000 0.880193 0.002500 0.871498 0.004500 0.866667 0.009500 0.857005 0.015500 0.854106 0.019500 0.854106 0.030500 0.856039 0.032500 0.865700 0.036500 0.872464 0.037500 0.884058 0.037000 0.891787 0.032500 0.895652 0.027000 0.895652 0.009500 0.893720 0.007000 0.883092 0.001500
0 0.914010 0.000000 0.913043 0.002000 0.906280 0.003000 0.900483 0.005500 0.896618 0.009500 0.895652 0.025500 0.896618 0.029000 0.901449 0.031500 0.910145 0.033000 0.921739 0.033000 0.927536 0.031000 0.937198 0.024000 0.941063 0.012000 0.938164 0.005500 0.928502 0.001500 0.928502 0.000000
0 0.942029 0.000000 0.941063 0.006000 0.944928 0.011500 0.948792 0.013500 0.964251 0.017000 0.981643 0.017000 0.997101 0.011500 1.000000 0.011500 1.000000 0.000000
0 0.960386 0.015500 0.951691 0.014000 0.942029 0.014000 0.938164 0.017500 0.935266 0.025500 0.920773 0.034000 0.919807 0.039500 0.928502 0.050000 0.936232 0.050500 0.946860 0.047000 0.952657 0.044000 0.955556 0.037500 0.960386 0.033000 0.975845 0.026000 0.971981 0.019500
0 0.976812 0.026500 0.960386 0.032500 0.954589 0.038500 0.953623 0.045500 0.964251 0.052000 0.978744 0.057500 1.000000 0.058500 1.000000 0.025500 0.988406 0.025000
0 0.889855 0.034000 0.878261 0.039500 0.872464 0.047500 0.870531 0.053000 0.870531 0.061000 0.872464 0.063000 0.880193 0.067000 0.886957 0.068000 0.925604 0.065000 0.929469 0.055500 0.923671 0.045000 0.898551 0.034000
0 0.817391 0.037000 0.811594 0.040500 0.809662 0.043500 0.810628 0.047000 0.823188 0.051000 0.834783 0.059000 0.840580 0.065000 0.851208 0.067000 0.861836 0.066500 0.868599 0.061000 0.872464 0.044500 0.868599 0.038000 0.855072 0.033000 0.835749 0.033500
0 0.811594 0.048000 0.805797 0.048000 0.792271 0.053000 0.776812 0.061000 0.774879 0.064000 0.776812 0.074000 0.783575 0.079500 0.794203 0.082500 0.809662 0.082000 0.825121 0.078000 0.833816 0.074000 0.836715 0.070000 0.837681 0.063500 0.833816 0.057500 0.819324 0.050000
0 0.740097 0.067500 0.735266 0.075000 0.735266 0.080500 0.739130 0.085500 0.743961 0.088000 0.751691 0.089500 0.762319 0.089500 0.776812 0.086500 0.785507 0.086000 0.788406 0.084500 0.787440 0.080000 0.777778 0.074500 0.773913 0.069500 0.769082 0.067000 0.764251 0.066000 0.743961 0.066000
0 0.771981 0.087500 0.758454 0.090500 0.752657 0.093500 0.747826 0.099500 0.748792 0.110000 0.758454 0.118500 0.765217 0.122000 0.779710 0.126000 0.787440 0.126500 0.793237 0.125500 0.810628 0.116500 0.814493 0.108000 0.813527 0.099500 0.810628 0.095500 0.800966 0.090000 0.789372 0.087500
0 0.861836 0.075500 0.853140 0.072500 0.842512 0.072000 0.817391 0.079500 0.814493 0.082000 0.813527 0.089500 0.819324 0.097000 0.822222 0.098000 0.829952 0.098000 0.861836 0.093000 0.866667 0.088500 0.866667 0.079500
0 0.935266 0.068500 0.928502 0.066000 0.919807 0.065500 0.885024 0.068500 0.874396 0.072000 0.869565 0.077500 0.871498 0.088000 0.877295 0.093500 0.887923 0.097500 0.897585 0.097000 0.931401 0.081500 0.939130 0.076000 0.939130 0.071500
0 0.933333 0.052000 0.933333 0.060500 0.937198 0.067000 0.943961 0.069500 0.947826 0.073000 0.957488 0.075000 0.964251 0.075000 0.973913 0.073000 0.977778 0.071000 0.981643 0.066000 0.979710 0.060000 0.966184 0.053500 0.952657 0.049000 0.942029 0.048500
0 0.996135 0.060000 0.975845 0.072500 0.974879 0.080500 0.980676 0.089500 0.995169 0.094000 1.000000 0.094000 1.000000 0.060000
0 0.948792 0.074000 0.936232 0.077000 0.931401 0.081000 0.917874 0.086500 0.909179 0.092500 0.911111 0.095500 0.920773 0.101500 0.932367 0.104500 0.942029 0.110500 0.952657 0.111000 0.962319 0.109000 0.971981 0.103500 0.975845 0.095000 0.979710 0.091500 0.972947 0.079000 0.965217 0.075500
0 0.980676 0.091000 0.975845 0.093500 0.970048 0.104000 0.965217 0.107500 0.955556 0.111000 0.957488 0.116000 0.961353 0.118000 0.983575 0.119500 1.000000 0.119000 1.000000 0.097000 0.996135 0.097000 0.989372 0.093000
0 0.955556 0.119500 0.953623 0.122000 0.954589 0.128500 0.957488 0.133500 0.963285 0.138000 0.970048 0.141000 0.980676 0.143000 1.000000 0.141000 1.000000 0.122000 0.969082 0.118000 0.959420 0.118000
0 0.904348 0.112500 0.893720 0.116000 0.888889 0.119500 0.886957 0.123000 0.888889 0.131000 0.892754 0.137500 0.905314 0.144500 0.912077 0.146000 0.919807 0.145500 0.931401 0.142000 0.942029 0.135500 0.951691 0.127500 0.952657 0.119000 0.951691 0.118000 0.943961 0.117500 0.931401 0.114500
0 0.871498 0.096000 0.857971 0.094000 0.837681 0.096500 0.828019 0.099000 0.815459 0.107000 0.814493 0.114000 0.819324 0.123000 0.826087 0.129000 0.831884 0.131500 0.841546 0.133000 0.853140 0.133000 0.866667 0.131000 0.874396 0.128500 0.885990 0.121000 0.889855 0.115500 0.888889 0.107000 0.879227 0.099000
0 0.482126 0.262000 0.475362 0.265000 0.464734 0.276500 0.466667 0.292500 0.473430 0.299000 0.484058 0.302000 0.496618 0.302500 0.515942 0.300500 0.532367 0.294000 0.536232 0.291000 0.537198 0.286500 0.521739 0.278000 0.518841 0.273500 0.518841 0.267000 0.514976 0.265000 0.498551 0.262000
0 0.445411 0.285000 0.425121 0.287000 0.412560 0.289500 0.402899 0.296500 0.400000 0.303000 0.407729 0.315500 0.413527 0.318000 0.428019 0.321000 0.448309 0.320000 0.461836 0.315000 0.466667 0.314500 0.471498 0.311500 0.471498 0.298500 0.468599 0.295000 0.457005 0.288500
0 0.504348 0.327000 0.493720 0.315500 0.482126 0.310000 0.472464 0.310000 0.465700 0.314500 0.458937 0.315500 0.451208 0.319000 0.431884 0.322000 0.425121 0.332000 0.426087 0.338000 0.452174 0.344500 0.486957 0.344500 0.501449 0.340500 0.505314 0.336000
0 0.526570 0.296500 0.517874 0.301000 0.514976 0.307000 0.514976 0.321000 0.518841 0.325000 0.522705 0.327000 0.540097 0.329000 0.564251 0.325000 0.574879 0.318500 0.575845 0.313000 0.572947 0.308000 0.563285 0.303500 0.549758 0.301000 0.542029 0.296000 0.531401 0.295500
0 0.564251 0.331500 0.545894 0.331000 0.541063 0.332000 0.512077 0.349000 0.511111 0.353000 0.503382 0.356500 0.503382 0.358500 0.511111 0.362500 0.520773 0.364500 0.532367 0.369500 0.542029 0.369500 0.548792 0.366500 0.563285 0.366000 0.573913 0.362500 0.580676 0.356000 0.580676 0.343000 0.575845 0.337000
0 0.594203 0.329500 0.584541 0.337000 0.583575 0.361500 0.590338 0.368500 0.600966 0.370000 0.610628 0.369500 0.620290 0.367500 0.630918 0.362500 0.636715 0.355000 0.635749 0.349500 0.629952 0.343000 0.616425 0.336000 0.611594 0.330000
0 0.662802 0.326000 0.653140 0.326500 0.644444 0.328500 0.638647 0.332000 0.634783 0.337000 0.636715 0.349000 0.644444 0.356000 0.646377 0.362000 0.654106 0.365000 0.662802 0.364000 0.675362 0.357500 0.685024 0.354500 0.697585 0.348500 0.701449 0.343500 0.700483 0.336500 0.695652 0.333000 0.680193 0.328500
0 0.676329 0.306000 0.669565 0.309500 0.665700 0.314000 0.665700 0.319000 0.669565 0.323500 0.680193 0.328000 0.706280 0.336000 0.716908 0.337000 0.724638 0.335500 0.733333 0.330000 0.734300 0.325000 0.726570 0.312500 0.720773 0.307500 0.711111 0.303500 0.701449 0.301500 0.690821 0.302500
0 0.740097 0.304000 0.734300 0.306000 0.730435 0.310000 0.735266 0.330500 0.744928 0.337500 0.752657 0.340000 0.762319 0.340500 0.781643 0.335000 0.793237 0.327000 0.796135 0.323000 0.793237 0.314000 0.784541 0.309000 0.762319 0.303500 0.750725 0.303000
0 0.824155 0.349500 0.820290 0.341500 0.811594 0.335000 0.802899 0.333500 0.792271 0.333500 0.783575 0.334500 0.757488 0.342000 0.745894 0.350000 0.747826 0.354000 0.764251 0.358500 0.775845 0.360500 0.805797 0.361000 0.819324 0.357500 0.823188 0.354000
0 0.863768 0.321000 0.857971 0.320500 0.838647 0.326000 0.831884 0.330500 0.826087 0.340500 0.826087 0.346500 0.829952 0.351000 0.835749 0.353500 0.843478 0.354500 0.860870 0.354000 0.877295 0.346500 0.882126 0.342500 0.884058 0.338500 0.882126 0.328000 0.878261 0.325500
0 0.905314 0.327500 0.900483 0.330000 0.903382 0.334000 0.901449 0.336500 0.888889 0.344500 0.885990 0.348000 0.886957 0.356500 0.892754 0.360500 0.905314 0.364500 0.922705 0.366500 0.936232 0.365500 0.941063 0.363500 0.944928 0.358500 0.943961 0.349500 0.939130 0.342000 0.938164 0.336000 0.928502 0.329000 0.917874 0.327500
0 0.962319 0.334000 0.956522 0.336500 0.945894 0.346000 0.944928 0.354000 0.947826 0.357500 0.962319 0.362500 0.987440 0.366500 1.000000 0.367000 1.000000 0.339000 0.997101 0.339000 0.982609 0.333000 0.971981 0.332000
0 0.956522 0.297000 0.939130 0.300500 0.929469 0.305000 0.919807 0.314000 0.919807 0.319000 0.923671 0.324500 0.931401 0.328000 0.956522 0.333000 0.967150 0.333000 0.973913 0.331000 0.977778 0.327000 0.978744 0.320500 0.971981 0.306500 0.964251 0.299000
0 0.995169 0.292000 0.980676 0.297500 0.973913 0.307000 0.978744 0.318500 0.992271 0.324000 1.000000 0.324500 1.000000 0.292000
0 0.961353 0.229500 0.955556 0.233000 0.948792 0.244500 0.947826 0.252000 0.949758 0.256000 0.958454 0.261500 0.963285 0.262500 0.984541 0.263000 1.000000 0.260500 1.000000 0.243500 0.996135 0.243000 0.994203 0.234500 0.979710 0.229500
0 0.945894 0.231000 0.931401 0.230500 0.920773 0.231500 0.904348 0.238500 0.893720 0.247500 0.895652 0.253500 0.903382 0.259000 0.910145 0.260500 0.924638 0.259000 0.942029 0.248500 0.949758 0.236500 0.948792 0.233000
0 0.887923 0.263500 0.884058 0.265000 0.877295 0.271000 0.876329 0.275500 0.877295 0.278500 0.888889 0.289500 0.916908 0.296000 0.921739 0.296000 0.938164 0.291500 0.942029 0.288500 0.945894 0.276500 0.944928 0.269000 0.939130 0.263500 0.929469 0.260500 0.900483 0.261500
0 0.859903 0.291500 0.857005 0.294500 0.857005 0.304000 0.862802 0.318500 0.866667 0.321500 0.878261 0.324000 0.892754 0.323500 0.907246 0.320000 0.918841 0.315000 0.925604 0.308500 0.926570 0.305000 0.923671 0.301000 0.915942 0.297000 0.885024 0.289500 0.870531 0.289500
0 0.854106 0.298000 0.843478 0.297000 0.831884 0.299000 0.809662 0.299500 0.797101 0.303000 0.793237 0.307000 0.795169 0.318500 0.800966 0.325500 0.810628 0.331500 0.819324 0.333500 0.828019 0.333500 0.838647 0.326000 0.857005 0.320500 0.859903 0.317500 0.859903 0.310000
0 0.821256 0.263000 0.803865 0.266000 0.790338 0.276500 0.788406 0.284000 0.793237 0.290500 0.800966 0.294500 0.812560 0.298500 0.830918 0.299000 0.842512 0.297000 0.847343 0.294500 0.852174 0.288500 0.852174 0.281000 0.848309 0.271500 0.832850 0.264500
0 0.821256 0.239000 0.814493 0.244500 0.811594 0.249500 0.810628 0.259500 0.838647 0.267000 0.851208 0.272500 0.854106 0.275500 0.863768 0.275500 0.875362 0.270500 0.879227 0.266500 0.884058 0.264500 0.883092 0.255000 0.872464 0.248000 0.862802 0.246000 0.844444 0.238500 0.834783 0.237500
0 0.874396 0.214500 0.856039 0.218500 0.841546 0.226000 0.840580 0.231500 0.846377 0.238000 0.860870 0.245000 0.873430 0.248000 0.884058 0.248000 0.892754 0.246500 0.902415 0.240500 0.907246 0.235000 0.908213 0.224500 0.897585 0.216000 0.889855 0.214500
0 0.888889 0.201500 0.881159 0.198500 0.862802 0.196000 0.844444 0.196500 0.834783 0.199500 0.830918 0.203500 0.829952 0.214000 0.836715 0.225000 0.845411 0.225500 0.855072 0.219500 0.876329 0.214500 0.893720 0.214500 0.895652 0.213000 0.895652 0.207500
0 0.905314 0.201500 0.899517 0.207000 0.898551 0.214000 0.901449 0.218500 0.911111 0.226500 0.919807 0.230000 0.929469 0.230500 0.943961 0.228500 0.952657 0.225500 0.965217 0.214500 0.964251 0.208000 0.959420 0.205000 0.949758 0.202000 0.936232 0.200500 0.912077 0.199500
0 1.000000 0.199500 0.982609 0.199000 0.971981 0.201500 0.966184 0.204500 0.965217 0.215500 0.954589 0.224500 0.957488 0.228000 0.982609 0.228500 1.000000 0.227500
0 0.995169 0.165500 0.988406 0.168500 0.982609 0.174500 0.979710 0.180500 0.979710 0.187000 0.984541 0.195000 0.989372 0.197500 1.000000 0.199000 1.000000 0.165500
0 0.924638 0.146500 0.922705 0.155500 0.925604 0.162000 0.939130 0.169000 0.962319 0.170500 0.985507 0.168000 0.996135 0.165000 1.000000 0.165000 1.000000 0.147500 0.996135 0.147500 0.988406 0.144000 0.973913 0.142000 0.965217 0.138500 0.954589 0.137000 0.944928 0.137500 0.936232 0.139500
0 0.867633 0.141000 0.861836 0.148500 0.861836 0.155500 0.864734 0.157500 0.879227 0.160000 0.901449 0.167000 0.914976 0.166500 0.924638 0.164000 0.925604 0.160500 0.918841 0.151500 0.897585 0.140000 0.891787 0.138000 0.878261 0.137500 0.872464 0.138500
0 0.868599 0.159500 0.854106 0.168000 0.847343 0.176500 0.846377 0.182500 0.850242 0.188500 0.857971 0.193000 0.864734 0.195000 0.877295 0.196500 0.894686 0.193500 0.903382 0.189500 0.907246 0.186000 0.908213 0.178500 0.901449 0.168500 0.895652 0.164500 0.883092 0.160500
0 0.937198 0.170500 0.927536 0.175000 0.909179 0.188500 0.909179 0.193500 0.913043 0.198500 0.943961 0.201500 0.957488 0.204500 0.964251 0.204000 0.971981 0.201500 0.979710 0.197000 0.980676 0.190000 0.977778 0.184500 0.970048 0.178000 0.959420 0.172000 0.951691 0.170000
0 0.752657 0.197500 0.748792 0.201000 0.748792 0.204500 0.764251 0.219000 0.784541 0.225000 0.798068 0.226500 0.810628 0.225500 0.820290 0.221500 0.821256 0.217500 0.828019 0.213000 0.825121 0.209000 0.828019 0.206500 0.828019 0.200000 0.826087 0.196500 0.822222 0.194500 0.809662 0.191500 0.802899 0.191500 0.793237 0.189500 0.782609 0.189500 0.770048 0.191500 0.764251 0.194500
0 0.798068 0.153500 0.770048 0.154500 0.751691 0.160000 0.744928 0.165000 0.744928 0.170500 0.749758 0.176000 0.766184 0.185000 0.772947 0.187000 0.782609 0.188000 0.794203 0.187000 0.805797 0.182000 0.810628 0.178000 0.816425 0.167000 0.813527 0.159500 0.808696 0.155500
0 0.701449 0.175500 0.695652 0.176500 0.689855 0.179500 0.685990 0.184500 0.685024 0.201500 0.690821 0.207000 0.700483 0.209500 0.709179 0.210000 0.717874 0.208000 0.738164 0.199000 0.742995 0.193500 0.742995 0.184500 0.739130 0.181500 0.714976 0.176000
0 0.667633 0.203000 0.650242 0.209000 0.647343 0.216000 0.647343 0.226000 0.655072 0.234500 0.661836 0.238500 0.669565 0.241000 0.687923 0.241000 0.703382 0.236500 0.705314 0.231000 0.716908 0.220500 0.703382 0.210500 0.681159 0.203500
0 0.739130 0.213500 0.731401 0.214500 0.712077 0.224500 0.704348 0.231500 0.704348 0.235500 0.711111 0.240500 0.730435 0.246500 0.738164 0.246000 0.744928 0.243000 0.751691 0.234000 0.750725 0.226000 0.743961 0.216000
0 0.760386 0.222000 0.752657 0.225000 0.749758 0.237500 0.745894 0.241500 0.740097 0.244000 0.737198 0.248500 0.741063 0.255500 0.746860 0.258500 0.755556 0.260000 0.773913 0.260000 0.793237 0.256000 0.800966 0.252500 0.803865 0.249000 0.802899 0.243500 0.777778 0.224500 0.771014 0.222000
0 0.715942 0.242500 0.708213 0.242000 0.680193 0.245500 0.665700 0.251500 0.658937 0.252500 0.657005 0.255000 0.657971 0.258000 0.671498 0.269500 0.701449 0.276500 0.708213 0.269500 0.715942 0.269000 0.722705 0.270500 0.733333 0.270500 0.737198 0.269000 0.741063 0.260000 0.737198 0.249500 0.734300 0.247500
0 0.704348 0.271000 0.704348 0.283000 0.708213 0.289500 0.722705 0.299500 0.737198 0.303500 0.751691 0.303000 0.762319 0.300000 0.771014 0.295500 0.776812 0.290000 0.777778 0.285500 0.776812 0.282000 0.769082 0.278000 0.763285 0.277500 0.760386 0.275000 0.749758 0.271500 0.721739 0.270500 0.710145 0.269000
0 0.667633 0.270500 0.652174 0.273500 0.637681 0.281000 0.635749 0.283000 0.635749 0.292500 0.645411 0.301000 0.658937 0.305000 0.674396 0.306000 0.695652 0.301500 0.700483 0.299500 0.702415 0.290500 0.698551 0.282000 0.692754 0.275500 0.683092 0.271500
0 0.655072 0.259500 0.650242 0.257000 0.645411 0.257000 0.626087 0.261500 0.599034 0.263000 0.584541 0.270500 0.584541 0.272000 0.594203 0.278000 0.609662 0.283500 0.627053 0.283500 0.636715 0.281000 0.644444 0.276500 0.649275 0.275500 0.655072 0.264000
0 0.580676 0.272500 0.575845 0.274500 0.575845 0.276500 0.579710 0.279500 0.577778 0.294000 0.571014 0.296500 0.548792 0.293500 0.546860 0.295000 0.545894 0.299000 0.556522 0.303000 0.571014 0.304000 0.581643 0.303000 0.593237 0.299000 0.607729 0.291000 0.605797 0.283000 0.585507 0.276000
0 0.541063 0.259000 0.523671 0.265500 0.519807 0.270500 0.520773 0.276500 0.526570 0.281000 0.545894 0.290500 0.556522 0.293000 0.563285 0.296000 0.572947 0.297500 0.578744 0.294500 0.580676 0.291500 0.581643 0.275000 0.573913 0.262500 0.559420 0.257500
0 0.585507 0.304500 0.580676 0.311000 0.580676 0.319000 0.585507 0.323500 0.596135 0.327500 0.604831 0.328500 0.632850 0.327500 0.647343 0.323500 0.652174 0.320000 0.648309 0.310000 0.642512 0.305500 0.630918 0.299500 0.621256 0.296500 0.600966 0.296000
0 0.564251 0.231000 0.562319 0.234000 0.562319 0.237500 0.564251 0.238500 0.579710 0.238500 0.595169 0.246500 0.606763 0.249500 0.625121 0.249000 0.631884 0.246000 0.642512 0.237500 0.641546 0.230500 0.636715 0.228000 0.619324 0.224500 0.586473 0.226000
0 0.558454 0.251500 0.560386 0.256500 0.563285 0.258500 0.573913 0.261000 0.593237 0.262500 0.626087 0.261500 0.650242 0.256000 0.650242 0.251500 0.644444 0.247500 0.635749 0.247500 0.626087 0.250000 0.602899 0.248500 0.580676 0.238500 0.571981 0.238500 0.560386 0.246500
0 0.187440 0.396000 0.171981 0.396500 0.164251 0.398500 0.143961 0.407000 0.140097 0.412000 0.140097 0.416000 0.144928 0.422000 0.157488 0.429000 0.170048 0.433500 0.182609 0.433500 0.196135 0.432000 0.203865 0.424000 0.188406 0.409000 0.190338 0.396500
0 0.180676 0.336500 0.163285 0.335000 0.144928 0.336500 0.137198 0.340000 0.123671 0.349500 0.120773 0.356000 0.123671 0.365000 0.131401 0.369500 0.142995 0.371500 0.155556 0.371500 0.172947 0.367500 0.182609 0.362000 0.192271 0.353500 0.193237 0.348500 0.186473 0.339500
0 0.937198 0.762000 0.922705 0.765500 0.915942 0.770000 0.911111 0.777500 0.913043 0.784000 0.919807 0.792000 0.932367 0.799000 0.950725 0.805500 0.961353 0.806000 0.964251 0.805000 0.966184 0.800500 0.974879 0.795000 0.978744 0.790000 0.977778 0.770500 0.970048 0.764000 0.958454 0.761000
0 0.994203 0.754500 0.988406 0.756500 0.978744 0.768500 0.976812 0.780000 0.979710 0.787000 0.983575 0.790000 0.994203 0.794000 1.000000 0.794000 1.000000 0.754500
0 0.952657 0.738500 0.948792 0.742000 0.936232 0.747000 0.937198 0.754500 0.950725 0.759500 0.972947 0.765500 0.981643 0.765500 0.987440 0.758000 0.985507 0.752000 0.965217 0.738500 0.958454 0.737500
0 0.980676 0.717000 0.975845 0.718000 0.967150 0.724000 0.965217 0.728500 0.966184 0.738500 0.980676 0.750000 1.000000 0.751500 1.000000 0.717500
0 1.000000 0.680500 0.985507 0.682000 0.980676 0.684500 0.974879 0.690500 0.971014 0.702000 0.971014 0.710000 0.973913 0.715000 0.978744 0.717500 1.000000 0.718000
0 0.919807 0.696000 0.914976 0.700500 0.915942 0.702500 0.923671 0.704500 0.945894 0.716500 0.951691 0.723500 0.962319 0.723500 0.971981 0.720000 0.973913 0.717000 0.971014 0.707500 0.972947 0.696000 0.969082 0.693000 0.945894 0.693500 0.931401 0.692500
0 0.937198 0.656000 0.902415 0.677500 0.904348 0.681500 0.916908 0.688000 0.927536 0.691500 0.946860 0.693500 0.959420 0.693500 0.968116 0.692000 0.973913 0.690000 0.979710 0.685500 0.981643 0.682000 0.979710 0.674000 0.975845 0.670000 0.957488 0.660000 0.953623 0.656000
0 0.965217 0.635500 0.957488 0.638500 0.954589 0.641500 0.956522 0.650500 0.955556 0.658500 0.981643 0.673500 1.000000 0.673500 1.000000 0.640000 0.982609 0.635500
0 0.952657 0.611000 0.936232 0.611000 0.928502 0.612500 0.919807 0.616000 0.914010 0.626500 0.908213 0.630500 0.908213 0.635500 0.916908 0.641500 0.935266 0.645000 0.948792 0.644000 0.954589 0.642000 0.956522 0.639500 0.964251 0.635500 0.975845 0.631500 0.976812 0.624500 0.971014 0.618500 0.960386 0.613000
0 0.928502 0.644000 0.921739 0.642500 0.910145 0.643500 0.880193 0.658500 0.878261 0.660500 0.878261 0.667500 0.884058 0.675000 0.889855 0.678000 0.899517 0.678500 0.933333 0.658500 0.936232 0.654500 0.935266 0.649000
0 0.901449 0.633500 0.873430 0.633000 0.857971 0.631500 0.849275 0.631500 0.846377 0.633000 0.844444 0.636500 0.846377 0.651000 0.851208 0.656000 0.860870 0.662000 0.867633 0.663000 0.871498 0.660500 0.880193 0.659000 0.901449 0.647500 0.904348 0.641500
0 0.847343 0.656000 0.842512 0.656000 0.825121 0.661500 0.802899 0.664500 0.800966 0.668500 0.802899 0.676000 0.816425 0.691500 0.835749 0.700500 0.842512 0.700000 0.848309 0.694500 0.856039 0.690500 0.860870 0.684500 0.864734 0.674500 0.864734 0.669000 0.858937 0.661500 0.853140 0.657500
0 0.804831 0.620500 0.799034 0.621500 0.791304 0.627000 0.791304 0.631000 0.803865 0.642000 0.803865 0.646000 0.799034 0.651500 0.791304 0.654500 0.789372 0.659000 0.798068 0.663500 0.809662 0.664000 0.821256 0.662500 0.840580 0.656500 0.845411 0.650500 0.845411 0.641000 0.842512 0.636000 0.827053 0.625500 0.819324 0.624000 0.814493 0.621000
0 0.747826 0.624000 0.738164 0.630000 0.731401 0.638500 0.734300 0.652500 0.744928 0.657500 0.784541 0.656500 0.792271 0.655000 0.800000 0.651500 0.803865 0.647500 0.804831 0.642500 0.789372 0.629500 0.769082 0.623000 0.754589 0.622500
0 0.744928 0.658500 0.739130 0.661500 0.732367 0.670000 0.732367 0.674000 0.741063 0.684000 0.774879 0.692000 0.784541 0.691500 0.792271 0.689500 0.798068 0.678500 0.798068 0.674000 0.794203 0.664500 0.787440 0.657000 0.771014 0.656500
0 0.792271 0.697000 0.783575 0.699000 0.764251 0.707000 0.757488 0.712500 0.756522 0.717000 0.751691 0.721000 0.756522 0.727500 0.770048 0.732500 0.789372 0.734500 0.809662 0.734000 0.816425 0.732000 0.823188 0.727500 0.828986 0.720000 0.828019 0.713500 0.822222 0.705500 0.809662 0.698000 0.804831 0.697000
0 0.865700 0.712500 0.851208 0.713000 0.838647 0.715500 0.827053 0.722000 0.822222 0.730000 0.826087 0.744500 0.857971 0.754500 0.860870 0.754000 0.862802 0.751000 0.881159 0.741500 0.890821 0.732000 0.890821 0.724500 0.886957 0.720000 0.879227 0.715500
0 0.867633 0.670500 0.851208 0.697500 0.856039 0.704500 0.866667 0.710500 0.876329 0.711500 0.892754 0.709500 0.908213 0.704000 0.915942 0.698000 0.916908 0.692500 0.914976 0.688500 0.899517 0.680000 0.887923 0.678000 0.877295 0.673000 0.875362 0.670500
0 0.912077 0.703000 0.904348 0.705500 0.894686 0.711000 0.890821 0.720000 0.892754 0.730500 0.898551 0.735500 0.919807 0.745000 0.927536 0.746500 0.937198 0.746500 0.948792 0.742500 0.952657 0.738000 0.953623 0.731000 0.950725 0.720000 0.946860 0.716000 0.925604 0.704500
0 0.895652 0.737500 0.885990 0.739000 0.876329 0.744000 0.872464 0.747500 0.872464 0.754000 0.877295 0.762000 0.897585 0.773000 0.905314 0.774500 0.914010 0.771500 0.920773 0.766000 0.931401 0.760500 0.935266 0.756500 0.935266 0.751500 0.931401 0.747500 0.918841 0.745000 0.910145 0.740000
0 0.866667 0.765000 0.859903 0.767000 0.846377 0.777500 0.843478 0.785000 0.847343 0.792000 0.858937 0.799000 0.850242 0.803500 0.859903 0.807000 0.875362 0.807000 0.891787 0.801500 0.905314 0.799000 0.909179 0.789500 0.909179 0.783000 0.905314 0.776000 0.883092 0.765500
0 0.818357 0.745000 0.801932 0.747000 0.795169 0.750500 0.790338 0.756500 0.788406 0.772000 0.795169 0.782500 0.792271 0.791000 0.797101 0.795000 0.797101 0.801000 0.799034 0.802500 0.805797 0.800500 0.813527 0.801500 0.826087 0.800500 0.828986 0.794000 0.824155 0.787500 0.831884 0.786000 0.843478 0.780000 0.855072 0.772000 0.857971 0.768000 0.857005 0.758500 0.853140 0.754500 0.839614 0.749000
0 0.750725 0.757500 0.738164 0.760000 0.722705 0.769500 0.717874 0.776500 0.716908 0.784000 0.720773 0.788500 0.744928 0.799000 0.757488 0.800000 0.768116 0.798000 0.781643 0.789500 0.781643 0.775500 0.784541 0.766500 0.781643 0.763500 0.776812 0.763000 0.768116 0.759000 0.761353 0.757500
0 0.657971 0.733500 0.647343 0.738000 0.641546 0.744000 0.639614 0.753000 0.636715 0.756500 0.640580 0.761000 0.640580 0.764000 0.651208 0.772000 0.657971 0.773500 0.678261 0.773000 0.695652 0.768500 0.703382 0.763500 0.706280 0.758500 0.705314 0.751500 0.693720 0.741500 0.670531 0.734500
0 0.534300 0.755500 0.535266 0.760000 0.542029 0.768000 0.575845 0.785000 0.586473 0.788000 0.596135 0.787500 0.602899 0.785000 0.615459 0.771500 0.612560 0.764000 0.606763 0.760500 0.579710 0.753000 0.546860 0.752500
0 0.503382 0.708000 0.492754 0.713000 0.486957 0.717500 0.484058 0.724500 0.486957 0.733500 0.494686 0.739500 0.504348 0.744000 0.512077 0.746000 0.527536 0.746500 0.533333 0.748500 0.542029 0.748000 0.547826 0.742000 0.557488 0.737000 0.560386 0.732000 0.561353 0.724500 0.558454 0.717500 0.546860 0.709000 0.535266 0.705500 0.525604 0.705000
0 0.416425 0.686000 0.405797 0.688000 0.397101 0.692500 0.394203 0.696500 0.394203 0.709000 0.397101 0.717000 0.401932 0.723000 0.419324 0.732500 0.428986 0.733500 0.437681 0.727500 0.443478 0.726500 0.449275 0.723500 0.454106 0.719500 0.458937 0.713000 0.461836 0.699500 0.457971 0.693000 0.450242 0.689000 0.435749 0.686000
0 0.514010 0.657000 0.504348 0.657500 0.482126 0.663500 0.472464 0.668500 0.465700 0.676000 0.466667 0.685500 0.471498 0.689000 0.481159 0.692500 0.492754 0.694500 0.507246 0.695000 0.520773 0.693000 0.529469 0.688500 0.534300 0.675500 0.532367 0.669500 0.527536 0.663000 0.519807 0.658500
0 0.442512 0.633000 0.429952 0.638500 0.427053 0.641500 0.427053 0.652000 0.434783 0.657000 0.446377 0.660500 0.457005 0.666000 0.470531 0.666500 0.486957 0.661000 0.491787 0.658000 0.495652 0.652000 0.494686 0.646000 0.484058 0.638500 0.467633 0.633500 0.456039 0.632000
0 0.535266 0.613000 0.525604 0.613000 0.514976 0.616000 0.507246 0.623000 0.507246 0.626500 0.500483 0.634500 0.498551 0.641000 0.500483 0.647500 0.505314 0.651000 0.513043 0.653000 0.527536 0.653500 0.537198 0.652500 0.555556 0.648000 0.564251 0.642500 0.565217 0.638500 0.552657 0.629500 0.549758 0.622000
0 0.597101 0.603000 0.586473 0.604000 0.562319 0.610500 0.556522 0.613500 0.551691 0.619000 0.550725 0.624500 0.553623 0.631000 0.569082 0.640000 0.578744 0.642000 0.593237 0.642000 0.603865 0.639500 0.613527 0.632000 0.614493 0.623500 0.607729 0.616500 0.605797 0.606000
0 0.657005 0.580500 0.642512 0.582500 0.630918 0.586500 0.617391 0.594500 0.605797 0.606500 0.607729 0.616000 0.613527 0.622000 0.628986 0.630000 0.639614 0.632000 0.656039 0.631000 0.666667 0.626000 0.673430 0.620500 0.679227 0.610500 0.676329 0.597500 0.664734 0.582500
0 0.740097 0.608500 0.727536 0.606500 0.698551 0.605500 0.685024 0.608000 0.679227 0.610500 0.675362 0.623000 0.683092 0.631500 0.694686 0.639000 0.703382 0.641500 0.714010 0.641500 0.735266 0.632500 0.748792 0.621500 0.748792 0.614000
0 0.690821 0.647500 0.680193 0.649500 0.669565 0.655500 0.665700 0.660500 0.665700 0.670500 0.674396 0.680000 0.680193 0.683000 0.686957 0.684500 0.706280 0.684500 0.715942 0.681500 0.726570 0.675500 0.732367 0.670500 0.741063 0.658000 0.727536 0.651500 0.707246 0.648000
0 0.618357 0.632500 0.612560 0.636000 0.607729 0.643000 0.607729 0.650000 0.611594 0.654500 0.620290 0.659000 0.637681 0.661500 0.646377 0.664000 0.659903 0.662500 0.673430 0.651000 0.670531 0.641000 0.662802 0.633000 0.656039 0.631000 0.648309 0.632000 0.628986 0.631000
0 0.573913 0.667500 0.563285 0.667500 0.546860 0.671000 0.536232 0.676000 0.531401 0.682500 0.530435 0.690000 0.536232 0.697500 0.544928 0.701000 0.564251 0.705000 0.577778 0.704000 0.583575 0.702000 0.588406 0.695000 0.599034 0.686500 0.598068 0.681500 0.592271 0.674000 0.586473 0.670500
0 0.633816 0.671000 0.619324 0.675500 0.615459 0.680500 0.615459 0.685500 0.620290 0.691000 0.639614 0.700500 0.650242 0.700500 0.655072 0.699000 0.658937 0.694000 0.668599 0.687000 0.667633 0.678500 0.658937 0.672500 0.642512 0.670500
0 0.668599 0.686500 0.658937 0.692500 0.654106 0.700000 0.662802 0.705500 0.663768 0.709500 0.694686 0.718500 0.704348 0.718500 0.711111 0.717000 0.716908 0.713000 0.720773 0.707000 0.720773 0.697000 0.714976 0.688500 0.708213 0.685000 0.676329 0.685000
0 0.609662 0.696000 0.594203 0.702500 0.586473 0.710000 0.585507 0.719000 0.590338 0.725000 0.600966 0.731000 0.607729 0.733000 0.609662 0.736500 0.623188 0.738500 0.634783 0.738500 0.652174 0.735500 0.655072 0.728500 0.657971 0.726500 0.656039 0.711500 0.650242 0.702000 0.640580 0.700500 0.626087 0.695000
0 0.285024 0.716500 0.273430 0.716000 0.260870 0.718500 0.253140 0.725500 0.250242 0.732000 0.248309 0.748500 0.253140 0.753500 0.257971 0.755500 0.256039 0.759000 0.257971 0.762000 0.261836 0.762000 0.286957 0.753000 0.289855 0.744500 0.297585 0.739500 0.302415 0.733500 0.301449 0.728500 0.296618 0.722000 0.291787 0.718500
0 0.306280 0.675000 0.273430 0.671500 0.266667 0.673500 0.260870 0.677000 0.256039 0.677500 0.256039 0.694000 0.251208 0.697000 0.250242 0.706000 0.253140 0.709000 0.260870 0.710000 0.276329 0.709000 0.311111 0.697500 0.316908 0.693500 0.318841 0.685500 0.314976 0.680000
0 0.290821 0.634500 0.278261 0.639500 0.267633 0.646500 0.261836 0.654500 0.261836 0.662500 0.269565 0.668000 0.283092 0.672500 0.289855 0.673500 0.309179 0.673500 0.321739 0.672000 0.328502 0.669500 0.337198 0.659000 0.336232 0.649500 0.333333 0.645000 0.327536 0.640000 0.314976 0.634500 0.308213 0.633500
0 0.370048 0.611000 0.361353 0.615000 0.350725 0.616000 0.345894 0.618000 0.337198 0.626500 0.336232 0.635000 0.339130 0.639000 0.351691 0.646000 0.366184 0.649500 0.382609 0.649000 0.390338 0.645000 0.394203 0.637000 0.395169 0.626500 0.389372 0.619000 0.375845 0.614000 0.374879 0.611000
0 0.334300 0.598000 0.325604 0.594000 0.313043 0.594000 0.285024 0.602500 0.269565 0.611500 0.265700 0.618500 0.265700 0.623500 0.270531 0.624500 0.285024 0.623000 0.309179 0.628500 0.324638 0.628500 0.333333 0.627000 0.341063 0.621500 0.342995 0.611500 0.342029 0.605000
0 0.232850 0.598500 0.223188 0.599500 0.205797 0.609000 0.200000 0.619000 0.199034 0.623500 0.210628 0.633000 0.219324 0.636500 0.239614 0.635500 0.247343 0.634000 0.258937 0.628500 0.263768 0.623000 0.266667 0.614500 0.265700 0.610000 0.253140 0.605500 0.245411 0.601000
0 0.134300 0.606500 0.133333 0.612000 0.136232 0.615000 0.154589 0.627000 0.161353 0.628500 0.180676 0.629000 0.196135 0.624500 0.202899 0.612000 0.200966 0.604000 0.198068 0.601000 0.179710 0.597500 0.172947 0.597500 0.159420 0.599500
0 0.129469 0.569500 0.108213 0.569500 0.094686 0.571000 0.080193 0.575500 0.070531 0.581500 0.065700 0.589500 0.066667 0.596000 0.074396 0.603000 0.085990 0.608000 0.100483 0.611000 0.117874 0.610000 0.128502 0.606000 0.139130 0.598500 0.144928 0.591000 0.143961 0.578500 0.142029 0.575500
0 0.180676 0.567000 0.170048 0.571500 0.165217 0.578000 0.174879 0.595000 0.177778 0.597000 0.199034 0.601000 0.208696 0.600500 0.220290 0.596000 0.224155 0.592000 0.224155 0.575000 0.220290 0.571500 0.214493 0.569500 0.187440 0.566500
0 0.254106 0.560000 0.243478 0.561500 0.240580 0.565500 0.229952 0.572000 0.226087 0.578500 0.227053 0.595000 0.231884 0.598500 0.238647 0.600000 0.260870 0.598500 0.272464 0.596000 0.286957 0.590000 0.291787 0.584000 0.292754 0.576000 0.288889 0.571000 0.280193 0.567000 0.267633 0.565500 0.260870 0.561500
0 0.351691 0.563500 0.343961 0.567000 0.325604 0.580500 0.324638 0.584500 0.327536 0.593500 0.334300 0.597500 0.336232 0.600500 0.346860 0.603000 0.359420 0.604500 0.380676 0.604000 0.387440 0.601000 0.390338 0.594500 0.385507 0.578500 0.375845 0.570000 0.361353 0.567000
0 0.478261 0.570000 0.474396 0.563500 0.467633 0.558000 0.459903 0.556500 0.449275 0.556500 0.435749 0.558000 0.421256 0.562000 0.404831 0.572000 0.388406 0.576000 0.390338 0.580500 0.403865 0.582500 0.418357 0.589000 0.426087 0.591000 0.437681 0.592500 0.458937 0.592000 0.471498 0.588500 0.476329 0.585500 0.479227 0.576500
0 0.501449 0.558500 0.490821 0.561500 0.483092 0.567500 0.478261 0.589000 0.482126 0.592000 0.498551 0.597000 0.510145 0.598500 0.520773 0.598000 0.528502 0.596000 0.538164 0.590000 0.541063 0.584500 0.540097 0.578000 0.521739 0.562500 0.514976 0.560000
0 0.247343 0.636500 0.230918 0.636500 0.205797 0.640000 0.197101 0.646000 0.196135 0.654500 0.203865 0.662500 0.212560 0.665500 0.218357 0.669500 0.219324 0.679000 0.223188 0.684500 0.226087 0.683000 0.229952 0.677000 0.240580 0.675500 0.248309 0.672500 0.253140 0.666000 0.259903 0.661000 0.264734 0.646000 0.258937 0.641000
0 0.197101 0.626500 0.192271 0.625500 0.180676 0.628500 0.152657 0.627500 0.138164 0.630500 0.127536 0.635000 0.122705 0.639000 0.121739 0.644500 0.123671 0.647000 0.131401 0.652000 0.149758 0.658500 0.165217 0.659500 0.173913 0.657500 0.183575 0.652500 0.199034 0.638000 0.200000 0.633500
0 0.183575 0.662500 0.173913 0.665000 0.154589 0.675500 0.150725 0.681500 0.151691 0.685500 0.159420 0.691000 0.168116 0.693500 0.193237 0.697000 0.201932 0.697000 0.208696 0.695500 0.213527 0.689500 0.216425 0.683000 0.215459 0.675500 0.207729 0.667500 0.201932 0.664000 0.195169 0.662500
0 0.163285 0.693000 0.145894 0.694500 0.135266 0.699500 0.127536 0.709000 0.126570 0.721000 0.128502 0.723500 0.142029 0.729500 0.157488 0.731500 0.170048 0.731000 0.185507 0.726500 0.195169 0.721500 0.200000 0.717000 0.202899 0.711000 0.200966 0.703000 0.184541 0.697000
0 0.986473 0.568500 0.981643 0.564500 0.972947 0.561500 0.965217 0.569500 0.958454 0.572500 0.936232 0.578000 0.910145 0.578000 0.908213 0.579000 0.909179 0.583000 0.920773 0.590000 0.935266 0.594500 0.954589 0.597000 0.974879 0.596000 0.985507 0.591500 0.989372 0.586000 0.990338 0.576000
0 0.925604 0.536500 0.915942 0.539000 0.909179 0.542500 0.901449 0.552500 0.900483 0.562000 0.908213 0.575000 0.912077 0.577500 0.936232 0.579000 0.952657 0.575000 0.966184 0.569500 0.972947 0.561500 0.971014 0.553500 0.950725 0.546500 0.942029 0.542000 0.936232 0.536500
0 0.957488 0.515500 0.934300 0.522500 0.932367 0.525500 0.934300 0.536000 0.942029 0.542500 0.950725 0.547000 0.966184 0.552000 0.982609 0.553000 0.990338 0.549500 0.993237 0.544000 0.997101 0.542000 1.000000 0.542000 1.000000 0.536000 0.995169 0.535500 0.993237 0.529500 0.986473 0.520500 0.978744 0.516000 0.974879 0.515000
0 0.904348 0.483000 0.895652 0.493500 0.899517 0.510500 0.904348 0.516000 0.914010 0.520000 0.925604 0.522000 0.939130 0.521000 0.954589 0.516500 0.966184 0.508500 0.969082 0.504000 0.969082 0.500500 0.962319 0.493500 0.951691 0.489500 0.937198 0.487000 0.927536 0.484000 0.914976 0.482500
0 0.967150 0.457000 0.953623 0.457500 0.945894 0.461000 0.930435 0.477500 0.930435 0.482500 0.934300 0.486000 0.946860 0.488500 0.962319 0.487500 0.973913 0.483500 0.985507 0.470500 0.979710 0.461000
0 0.938164 0.446500 0.908213 0.448000 0.902415 0.449000 0.895652 0.452500 0.894686 0.462000 0.897585 0.467500 0.905314 0.474500 0.914976 0.478000 0.922705 0.478500 0.928502 0.477500 0.942995 0.464000 0.954589 0.456000 0.953623 0.451000
0 0.963285 0.427500 0.955556 0.431500 0.951691 0.439000 0.958454 0.452500 0.964251 0.456000 0.980676 0.460500 1.000000 0.457500 1.000000 0.427500
0 0.987440 0.472500 0.980676 0.475500 0.973913 0.483500 0.968116 0.486500 0.965217 0.490000 0.965217 0.494000 0.969082 0.500000 0.979710 0.504500 0.990338 0.506500 1.000000 0.506500 1.000000 0.473000
0 0.995169 0.508000 0.988406 0.512500 0.985507 0.518000 0.992271 0.527500 0.996135 0.530000 1.000000 0.530000 1.000000 0.508000
0 0.995169 0.459000 0.987440 0.462000 0.987440 0.468000 0.995169 0.472000 1.000000 0.472000 1.000000 0.459000
0 0.865700 0.460500 0.859903 0.462500 0.857005 0.467000 0.844444 0.475000 0.844444 0.483000 0.857971 0.490500 0.867633 0.493000 0.881159 0.494500 0.889855 0.493500 0.895652 0.491000 0.901449 0.484500 0.903382 0.474500 0.887923 0.462500 0.876329 0.460000
0 0.887923 0.428500 0.880193 0.427000 0.853140 0.426000 0.838647 0.431000 0.833816 0.436500 0.833816 0.448500 0.836715 0.453500 0.846377 0.460500 0.853140 0.462000 0.872464 0.459500 0.893720 0.449500 0.898551 0.443500 0.898551 0.438000 0.892754 0.430500
0 0.789372 0.419000 0.779710 0.422500 0.767150 0.431500 0.768116 0.447500 0.771981 0.453500 0.777778 0.457000 0.784541 0.459000 0.797101 0.459500 0.812560 0.457000 0.825121 0.451000 0.828019 0.447500 0.828019 0.439500 0.824155 0.435000 0.811594 0.426500 0.793237 0.419000
0 0.714976 0.415000 0.711111 0.419500 0.713043 0.438500 0.732367 0.451000 0.738164 0.459000 0.746860 0.458500 0.757488 0.455500 0.767150 0.448500 0.768116 0.442500 0.765217 0.436000 0.749758 0.428500 0.733333 0.424000
0 0.696618 0.437500 0.680193 0.445500 0.674396 0.452500 0.675362 0.458500 0.683092 0.463000 0.700483 0.469000 0.710145 0.469500 0.721739 0.468000 0.737198 0.463000 0.737198 0.457000 0.734300 0.452000 0.712077 0.438000 0.703382 0.437000
0 0.764251 0.455500 0.753623 0.456500 0.740097 0.460500 0.732367 0.465000 0.725604 0.466500 0.721739 0.469500 0.723671 0.474500 0.730435 0.481000 0.753623 0.492000 0.762319 0.490500 0.773913 0.480500 0.775845 0.462000 0.772947 0.458000
0 0.784541 0.460500 0.775845 0.465500 0.773913 0.469500 0.774879 0.477500 0.782609 0.484500 0.795169 0.489500 0.812560 0.493000 0.822222 0.493000 0.832850 0.489000 0.838647 0.483500 0.841546 0.475000 0.838647 0.464500 0.833816 0.460000 0.823188 0.456000 0.815459 0.456000 0.799034 0.459500
0 0.843478 0.485000 0.828986 0.490500 0.822222 0.495500 0.821256 0.507500 0.826087 0.515500 0.837681 0.522000 0.848309 0.525000 0.861836 0.525500 0.878261 0.524500 0.885024 0.522000 0.890821 0.517500 0.892754 0.507000 0.888889 0.499500 0.883092 0.495000 0.864734 0.492000 0.849275 0.486000
0 0.898551 0.520500 0.889855 0.520000 0.877295 0.525000 0.859903 0.525500 0.856039 0.527000 0.855072 0.529500 0.857005 0.532000 0.864734 0.534500 0.885024 0.546000 0.900483 0.545000 0.913043 0.539000 0.915942 0.535500 0.915942 0.528000 0.913043 0.524500
0 0.802899 0.509500 0.788406 0.517500 0.784541 0.523500 0.784541 0.529000 0.795169 0.534500 0.799034 0.535500 0.806763 0.535000 0.819324 0.539000 0.837681 0.536500 0.844444 0.533500 0.846377 0.531000 0.846377 0.528000 0.843478 0.525000 0.829952 0.518000 0.819324 0.509000 0.806763 0.508500
0 0.254106 0.310000 0.223188 0.313000 0.213527 0.315500 0.197101 0.326000 0.189372 0.333500 0.187440 0.338500 0.193237 0.347500 0.203865 0.352500 0.228019 0.356000 0.238647 0.356000 0.246377 0.354000 0.254106 0.349000 0.257971 0.336000 0.256039 0.327000 0.257971 0.319000
0 0.854106 0.531500 0.846377 0.532000 0.836715 0.536500 0.827053 0.538000 0.820290 0.542500 0.816425 0.548500 0.816425 0.560500 0.821256 0.565000 0.828986 0.569000 0.835749 0.570500 0.853140 0.571000 0.875362 0.565500 0.881159 0.562500 0.885024 0.558000 0.885990 0.551500 0.881159 0.544000 0.866667 0.535500
0 0.763285 0.531000 0.754589 0.537000 0.751691 0.543500 0.750725 0.551500 0.755556 0.559500 0.762319 0.563000 0.774879 0.566000 0.802899 0.564000 0.814493 0.557500 0.815459 0.544500 0.810628 0.539000 0.801932 0.536000 0.792271 0.534500 0.782609 0.530000 0.772947 0.529500
0 0.739130 0.526500 0.730435 0.527000 0.722705 0.529500 0.696618 0.545000 0.693720 0.548500 0.694686 0.556500 0.700483 0.561500 0.709179 0.565000 0.721739 0.567500 0.734300 0.567500 0.739130 0.566500 0.745894 0.563500 0.751691 0.557000 0.747826 0.532500 0.744928 0.529000
0 0.676329 0.531000 0.669565 0.530000 0.650242 0.530500 0.633816 0.534000 0.617391 0.543000 0.615459 0.549500 0.616425 0.557000 0.627053 0.565500 0.639614 0.571000 0.656039 0.572000 0.661836 0.570500 0.671498 0.565000 0.684058 0.553000 0.688889 0.544500 0.688889 0.538500 0.685990 0.535500
0 0.693720 0.566500 0.678261 0.576000 0.673430 0.583000 0.672464 0.590000 0.678261 0.597500 0.687923 0.602000 0.698551 0.605000 0.707246 0.606000 0.726570 0.606000 0.744928 0.602000 0.748792 0.600000 0.750725 0.593000 0.749758 0.584500 0.742995 0.577000 0.732367 0.571000 0.723671 0.568000 0.708213 0.565000 0.699517 0.565000
0 0.819324 0.583000 0.805797 0.582500 0.799034 0.584000 0.787440 0.592000 0.783575 0.599000 0.782609 0.608500 0.786473 0.616000 0.791304 0.618500 0.806763 0.618000 0.825121 0.615000 0.839614 0.608500 0.845411 0.604000 0.845411 0.594500 0.829952 0.586000
0 0.875362 0.565500 0.853140 0.571000 0.839614 0.578000 0.832850 0.584000 0.833816 0.588000 0.848309 0.594500 0.870531 0.600000 0.879227 0.601000 0.890821 0.600500 0.901449 0.596000 0.908213 0.589000 0.908213 0.582500 0.902415 0.571500 0.892754 0.567500 0.883092 0.565500
0 0.832850 0.612500 0.829952 0.617000 0.831884 0.625500 0.840580 0.629000 0.857005 0.633000 0.899517 0.634000 0.910145 0.629500 0.914976 0.625000 0.917874 0.616000 0.914976 0.607000 0.910145 0.603500 0.898551 0.601000 0.862802 0.601000 0.850242 0.603000
0 0.694686 0.492000 0.686957 0.494500 0.674396 0.502000 0.673430 0.509500 0.676329 0.518000 0.685024 0.524000 0.693720 0.527500 0.706280 0.530500 0.716908 0.531000 0.727536 0.527500 0.738164 0.517000 0.740097 0.513500 0.739130 0.502000 0.735266 0.498500 0.723671 0.493500 0.710145 0.491500
0 0.671498 0.462000 0.654106 0.465500 0.650242 0.467500 0.646377 0.473000 0.646377 0.483000 0.652174 0.492000 0.658937 0.496000 0.669565 0.497500 0.678261 0.497000 0.694686 0.491500 0.712077 0.479000 0.711111 0.474500 0.704348 0.470000 0.685990 0.464000
0 0.679227 0.426500 0.647343 0.428000 0.632850 0.432500 0.619324 0.441500 0.618357 0.449000 0.622222 0.454000 0.631884 0.460000 0.647343 0.465500 0.656039 0.465000 0.672464 0.458000 0.675362 0.450500 0.689855 0.439500 0.688889 0.431500 0.685990 0.428500
0 0.689855 0.411500 0.673430 0.398500 0.661836 0.397500 0.631884 0.400500 0.624155 0.406000 0.621256 0.412500 0.625121 0.419000 0.633816 0.422500 0.675362 0.423500 0.685990 0.420000 0.688889 0.417000
0 0.680193 0.396000 0.680193 0.404000 0.685990 0.409000 0.695652 0.412000 0.711111 0.412500 0.722705 0.410500 0.738164 0.410000 0.743961 0.408500 0.745894 0.406500 0.745894 0.399500 0.741063 0.395000 0.739130 0.390000 0.726570 0.383000 0.707246 0.381500 0.688889 0.389000
0 0.750725 0.397000 0.745894 0.398000 0.744928 0.407000 0.735266 0.410000 0.722705 0.410500 0.718841 0.412000 0.716908 0.416500 0.731401 0.424000 0.752657 0.430500 0.761353 0.431000 0.770048 0.429000 0.776812 0.425500 0.779710 0.422000 0.780676 0.415500 0.777778 0.411000 0.770048 0.406000 0.764251 0.399500 0.760386 0.398000
0 0.793237 0.381500 0.780676 0.384500 0.769082 0.392000 0.766184 0.400500 0.771981 0.408000 0.783575 0.415000 0.790338 0.416500 0.807729 0.416000 0.823188 0.411500 0.830918 0.407500 0.837681 0.399500 0.838647 0.391500 0.834783 0.387000 0.825121 0.383000 0.812560 0.381500
0 0.873430 0.388000 0.863768 0.392500 0.843478 0.395000 0.834783 0.403500 0.832850 0.410500 0.836715 0.416500 0.855072 0.424500 0.865700 0.426000 0.883092 0.426000 0.891787 0.423500 0.902415 0.416500 0.911111 0.407000 0.912077 0.399000 0.904348 0.396000 0.892754 0.394500 0.883092 0.389500
0 0.912077 0.407500 0.905314 0.411500 0.893720 0.423500 0.893720 0.431000 0.904348 0.442000 0.914010 0.445500 0.926570 0.446000 0.937198 0.444000 0.951691 0.438500 0.957488 0.428000 0.956522 0.424500 0.946860 0.416500 0.936232 0.412000
0 0.958454 0.395000 0.950725 0.400000 0.947826 0.404500 0.947826 0.415500 0.954589 0.422000 0.959420 0.425000 0.966184 0.426500 0.982609 0.427000 1.000000 0.425000 1.000000 0.400000 0.997101 0.400000 0.987440 0.395000 0.981643 0.394000 0.965217 0.393500
0 0.949758 0.366000 0.942995 0.369500 0.941063 0.374000 0.942995 0.378000 0.954589 0.387500 0.967150 0.393000 0.977778 0.393500 0.987440 0.392000 0.995169 0.386500 1.000000 0.385500 1.000000 0.366500 0.988406 0.366500 0.970048 0.364000 0.959420 0.364000
0 0.996135 0.385000 0.991304 0.388500 0.991304 0.394500 0.996135 0.399500 1.000000 0.399500 1.000000 0.385000
0 0.806763 0.361000 0.805797 0.365500 0.811594 0.369000 0.819324 0.377000 0.850242 0.389500 0.858937 0.390500 0.867633 0.390000 0.883092 0.381000 0.886957 0.374500 0.887923 0.367000 0.885024 0.362000 0.877295 0.357500 0.863768 0.355000 0.827053 0.354000 0.815459 0.359000
0 0.792271 0.361000 0.774879 0.360000 0.752657 0.364500 0.743961 0.371500 0.743961 0.376500 0.768116 0.384000 0.777778 0.385000 0.784541 0.383500 0.796135 0.378500 0.801932 0.373000 0.801932 0.366500
0 0.668599 0.361000 0.685024 0.372000 0.713043 0.381500 0.731401 0.382500 0.742995 0.376500 0.742995 0.373500 0.747826 0.366500 0.746860 0.358000 0.742029 0.350000 0.731401 0.346000 0.721739 0.345500 0.702415 0.347500 0.689855 0.351500
0 0.647343 0.363000 0.640580 0.365000 0.630918 0.371500 0.624155 0.389000 0.628986 0.393500 0.638647 0.398500 0.655072 0.399000 0.664734 0.397000 0.668599 0.395000 0.670531 0.383000 0.667633 0.373500 0.662802 0.368000 0.657971 0.365500
0 0.572947 0.374500 0.565217 0.381000 0.558454 0.394500 0.558454 0.401000 0.564251 0.408500 0.581643 0.412500 0.598068 0.412500 0.621256 0.408500 0.628986 0.401000 0.628986 0.395500 0.621256 0.388500 0.602899 0.379000 0.595169 0.377500 0.589372 0.373500 0.583575 0.373000
0 0.518841 0.387000 0.514976 0.388500 0.513043 0.392500 0.513043 0.399000 0.508213 0.407500 0.508213 0.415000 0.510145 0.418000 0.516908 0.422000 0.526570 0.425000 0.535266 0.424500 0.549758 0.420500 0.555556 0.417500 0.561353 0.412500 0.563285 0.408000 0.558454 0.401500 0.542029 0.391500 0.527536 0.387000
0 0.462802 0.384000 0.452174 0.387500 0.448309 0.392000 0.447343 0.397500 0.453140 0.404000 0.467633 0.412000 0.475362 0.414500 0.485990 0.416500 0.495652 0.415500 0.507246 0.408000 0.512077 0.401000 0.513043 0.391000 0.511111 0.388000 0.505314 0.384500 0.498551 0.383000
0 0.443478 0.378500 0.435749 0.376000 0.412560 0.374500 0.403865 0.375500 0.391304 0.379000 0.385507 0.386500 0.389372 0.401000 0.388406 0.412000 0.413527 0.413500 0.427053 0.408500 0.429952 0.405000 0.445411 0.397000 0.450242 0.390000 0.450242 0.383500
0 0.384541 0.368500 0.379710 0.369000 0.368116 0.373500 0.355556 0.375500 0.341063 0.380500 0.334300 0.384000 0.330435 0.388000 0.329469 0.395000 0.333333 0.401000 0.342995 0.406500 0.353623 0.410000 0.371981 0.411000 0.379710 0.409500 0.387440 0.405500 0.388406 0.395500 0.385507 0.386500 0.390338 0.378500 0.390338 0.371500
0 0.373913 0.336500 0.359420 0.336500 0.352657 0.345500 0.342029 0.350000 0.328502 0.353500 0.328502 0.358000 0.336232 0.368000 0.342029 0.372000 0.350725 0.374500 0.360386 0.374500 0.373913 0.371500 0.384541 0.367000 0.394203 0.358000 0.395169 0.350500 0.393237 0.347000 0.386473 0.341500
0 0.279227 0.363000 0.278261 0.366000 0.282126 0.373500 0.286957 0.379000 0.291787 0.381500 0.296618 0.382500 0.312077 0.382500 0.327536 0.381000 0.336232 0.378500 0.340097 0.372000 0.325604 0.355500 0.310145 0.353500 0.301449 0.354000 0.287923 0.357500
0 0.262802 0.356000 0.252174 0.355500 0.240580 0.357000 0.247343 0.364500 0.246377 0.369000 0.234783 0.378500 0.221256 0.384500 0.224155 0.390000 0.236715 0.393500 0.248309 0.394500 0.265700 0.393000 0.273430 0.390500 0.284058 0.384500 0.285990 0.380500 0.278261 0.370000 0.276329 0.361000 0.271498 0.358000
0 0.193237 0.355000 0.184541 0.360000 0.179710 0.365000 0.184541 0.376000 0.191304 0.380000 0.203865 0.384000 0.212560 0.385500 0.223188 0.385500 0.240580 0.376000 0.246377 0.370500 0.248309 0.365000 0.245411 0.361500 0.233816 0.357000 0.210628 0.354000
0 0.176812 0.365500 0.167150 0.370000 0.153623 0.384500 0.152657 0.392000 0.155556 0.393500 0.170048 0.395500 0.193237 0.395000 0.200966 0.391000 0.204831 0.384500 0.187440 0.377500 0.182609 0.373000 0.180676 0.366500
0 0.146860 0.376500 0.137198 0.375000 0.116908 0.375000 0.101449 0.379000 0.093720 0.384000 0.092754 0.390500 0.100483 0.408500 0.099517 0.413500 0.101449 0.417000 0.131401 0.414000 0.139130 0.410000 0.152657 0.391500 0.152657 0.381500
0 0.207729 0.390000 0.202899 0.391000 0.191304 0.397500 0.188406 0.402500 0.188406 0.410000 0.200966 0.422000 0.207729 0.425000 0.216425 0.424500 0.220290 0.422000 0.220290 0.412500 0.235749 0.400500 0.236715 0.396000 0.231884 0.392000 0.224155 0.390500 0.216425 0.391000
0 0.265700 0.394000 0.252174 0.394500 0.240580 0.398000 0.220290 0.411500 0.221256 0.419500 0.225121 0.423500 0.239614 0.428000 0.253140 0.434000 0.268599 0.433000 0.290821 0.428000 0.296618 0.421500 0.295652 0.415500 0.285990 0.409500 0.282126 0.404500 0.270531 0.395500
0 0.290821 0.384000 0.273430 0.390000 0.270531 0.392500 0.272464 0.398000 0.292754 0.414500 0.300483 0.415500 0.321739 0.412500 0.332367 0.407500 0.334300 0.405000 0.325604 0.392000 0.314976 0.386000 0.308213 0.384000
0 0.312077 0.416500 0.308213 0.420500 0.309179 0.427500 0.312077 0.431000 0.324638 0.437500 0.344928 0.443500 0.362319 0.442500 0.370048 0.440500 0.371014 0.432500 0.368116 0.423500 0.361353 0.415000 0.355556 0.411000 0.344928 0.408500 0.337198 0.408500 0.330435 0.409500
0 0.425121 0.410500 0.418357 0.412500 0.416425 0.416000 0.403865 0.422500 0.396135 0.435000 0.395169 0.446500 0.399034 0.451500 0.404831 0.454500 0.422222 0.457500 0.429952 0.457500 0.443478 0.454500 0.456039 0.447500 0.459903 0.443500 0.460870 0.431500 0.451208 0.421500 0.438647 0.415500 0.435749 0.412000
0 0.462802 0.432000 0.460870 0.435000 0.462802 0.444000 0.470531 0.448500 0.491787 0.455500 0.501449 0.457500 0.512077 0.457500 0.534300 0.453500 0.538164 0.448000 0.536232 0.435000 0.526570 0.426500 0.512077 0.420000 0.505314 0.418500 0.491787 0.418500 0.481159 0.422000
0 0.564251 0.439500 0.552657 0.451000 0.554589 0.458000 0.561353 0.462000 0.573913 0.466000 0.585507 0.467500 0.610628 0.465500 0.618357 0.462500 0.622222 0.459000 0.622222 0.454500 0.614493 0.443500 0.607729 0.438500 0.597101 0.435000 0.581643 0.434500 0.571014 0.436500
0 0.585507 0.470000 0.579710 0.474500 0.581643 0.483000 0.590338 0.490500 0.609662 0.494500 0.623188 0.494500 0.631884 0.492500 0.640580 0.487500 0.643478 0.482500 0.643478 0.476000 0.640580 0.472500 0.631884 0.468500 0.615459 0.466000
0 0.632850 0.495000 0.626087 0.496500 0.615459 0.503000 0.614493 0.511500 0.619324 0.520500 0.618357 0.525500 0.631884 0.533000 0.639614 0.533000 0.657005 0.527500 0.666667 0.517000 0.671498 0.514000 0.673430 0.509500 0.672464 0.505000 0.663768 0.499500 0.648309 0.496000
0 0.586473 0.491000 0.577778 0.493500 0.559420 0.510000 0.557488 0.516000 0.560386 0.520500 0.572947 0.526000 0.589372 0.528500 0.600966 0.528500 0.611594 0.525000 0.616425 0.521500 0.613527 0.501000 0.606763 0.495500 0.594203 0.491000
0 0.573913 0.532000 0.565217 0.540000 0.567150 0.549000 0.577778 0.558000 0.593237 0.567000 0.603865 0.567500 0.610628 0.563500 0.614493 0.558000 0.617391 0.543000 0.615459 0.535000 0.609662 0.531500 0.598068 0.529500 0.589372 0.529500
0 0.556522 0.548000 0.538164 0.552000 0.533333 0.554500 0.529469 0.563000 0.529469 0.568500 0.542029 0.577000 0.552657 0.579000 0.567150 0.579000 0.577778 0.576500 0.585507 0.572500 0.589372 0.569000 0.589372 0.566000 0.571014 0.551500 0.565217 0.548500
0 0.529469 0.516500 0.522705 0.518000 0.514976 0.522000 0.513043 0.524000 0.513043 0.530500 0.519807 0.545500 0.524638 0.548500 0.537198 0.551000 0.557488 0.547500 0.571014 0.533500 0.572947 0.528000 0.569082 0.524500 0.557488 0.520500 0.543961 0.519500 0.534300 0.516500
0 0.565217 0.484000 0.554589 0.483500 0.535266 0.488500 0.517874 0.488500 0.511111 0.492500 0.510145 0.499000 0.513043 0.504000 0.530435 0.515500 0.538164 0.517000 0.550725 0.516500 0.559420 0.511500 0.569082 0.502000 0.572947 0.492500 0.571981 0.486000
0 0.520773 0.455500 0.513043 0.457000 0.502415 0.463500 0.496618 0.470500 0.497585 0.475000 0.507246 0.483000 0.517874 0.487500 0.525604 0.488500 0.540097 0.488000 0.553623 0.484000 0.556522 0.482000 0.558454 0.477500 0.557488 0.462000 0.552657 0.459500 0.538164 0.455500
0 0.465700 0.474500 0.455072 0.477500 0.444444 0.484000 0.440580 0.489000 0.441546 0.495000 0.446377 0.500000 0.461836 0.505500 0.466667 0.509000 0.472464 0.510500 0.496618 0.512500 0.502415 0.511000 0.509179 0.506000 0.511111 0.491000 0.509179 0.484500 0.494686 0.473500 0.475362 0.473000
0 0.508213 0.526000 0.500483 0.522500 0.494686 0.521500 0.486957 0.521500 0.476329 0.524000 0.453140 0.534000 0.442512 0.544000 0.443478 0.549500 0.448309 0.551000 0.459903 0.551500 0.488889 0.556500 0.498551 0.556500 0.505314 0.555000 0.512077 0.551500 0.517874 0.545500 0.514976 0.532500
0 0.452174 0.515500 0.429952 0.518500 0.417391 0.522000 0.407729 0.526000 0.403865 0.531000 0.405797 0.537500 0.422222 0.550500 0.432850 0.555500 0.440580 0.557000 0.447343 0.557000 0.454106 0.555000 0.456039 0.552500 0.447343 0.551000 0.443478 0.549000 0.443478 0.544000 0.455072 0.534000 0.473430 0.525500 0.471498 0.521500 0.464734 0.518000
0 0.439614 0.496000 0.428986 0.493000 0.420290 0.493000 0.405797 0.496500 0.394203 0.500500 0.386473 0.505000 0.382609 0.509500 0.381643 0.514500 0.397101 0.520000 0.412560 0.522000 0.450242 0.515500 0.453140 0.513000 0.453140 0.507500
0 0.441546 0.457500 0.432850 0.457000 0.428019 0.458000 0.403865 0.455500 0.397101 0.459000 0.395169 0.462500 0.395169 0.480000 0.403865 0.494000 0.414493 0.494500 0.420290 0.492500 0.431884 0.491000 0.440580 0.487500 0.452174 0.478000 0.455072 0.471500 0.454106 0.465500 0.450242 0.461500
0 0.321739 0.456500 0.318841 0.461000 0.319807 0.464500 0.324638 0.467500 0.341063 0.472500 0.356522 0.475000 0.383575 0.474000 0.388406 0.471500 0.391304 0.463500 0.388406 0.455500 0.382609 0.447000 0.374879 0.443000 0.365217 0.442000 0.351691 0.443500 0.330435 0.451500
0 0.342995 0.473000 0.334300 0.478000 0.327536 0.488000 0.326570 0.497000 0.330435 0.502500 0.343961 0.505500 0.367150 0.505000 0.386473 0.501000 0.393237 0.497000 0.397101 0.491500 0.396135 0.481500 0.393237 0.477500 0.384541 0.474000 0.358454 0.475000
0 0.283092 0.463000 0.272464 0.469000 0.272464 0.475500 0.276329 0.479500 0.295652 0.488500 0.310145 0.489000 0.329469 0.484000 0.337198 0.475000 0.336232 0.470500 0.324638 0.467000 0.317874 0.462000 0.309179 0.460500 0.300483 0.460500
0 0.322705 0.437500 0.310145 0.431500 0.301449 0.430000 0.290821 0.429500 0.278261 0.431500 0.265700 0.440000 0.264734 0.443500 0.260870 0.446000 0.258937 0.450500 0.260870 0.455500 0.267633 0.460000 0.281159 0.461500 0.309179 0.459500 0.316908 0.458000 0.326570 0.451000 0.326570 0.442000
0 0.094686 0.419000 0.085990 0.424500 0.083092 0.429000 0.083092 0.440000 0.086957 0.446500 0.092754 0.449500 0.109179 0.453500 0.132367 0.454500 0.147826 0.451500 0.156522 0.444500 0.157488 0.435000 0.153623 0.427500 0.138164 0.418000 0.127536 0.415500 0.114976 0.415500
0 0.182609 0.434000 0.170048 0.434000 0.159420 0.439500 0.149758 0.451000 0.146860 0.460000 0.146860 0.471000 0.153623 0.475500 0.179710 0.476000 0.196135 0.473000 0.200966 0.469500 0.204831 0.463000 0.205797 0.455000 0.188406 0.443500 0.186473 0.435500
0 0.235749 0.426500 0.225121 0.424500 0.218357 0.425000 0.190338 0.435500 0.188406 0.437500 0.188406 0.443500 0.201932 0.453000 0.209662 0.454000 0.227053 0.451500 0.240580 0.448500 0.246377 0.445000 0.250242 0.440000 0.248309 0.434000 0.244444 0.430000
0 0.246377 0.450000 0.238647 0.449000 0.214493 0.453000 0.207729 0.455500 0.200966 0.469000 0.200966 0.477500 0.205797 0.483000 0.215459 0.484500 0.238647 0.484000 0.257005 0.480500 0.267633 0.475000 0.272464 0.468000 0.271498 0.463000
0 0.275362 0.480500 0.260870 0.479500 0.231884 0.486000 0.231884 0.499000 0.234783 0.503000 0.241546 0.507000 0.251208 0.509000 0.262802 0.509000 0.274396 0.507000 0.289855 0.498500 0.292754 0.494500 0.292754 0.489000 0.283092 0.483000
0 0.200966 0.484500 0.191304 0.486500 0.177778 0.497500 0.176812 0.506000 0.179710 0.510000 0.200000 0.519000 0.209662 0.519500 0.226087 0.516500 0.235749 0.510000 0.237681 0.505000 0.230918 0.497500 0.230918 0.489500 0.228986 0.487000 0.221256 0.485000
0 0.172947 0.476000 0.162319 0.476000 0.139130 0.478500 0.132367 0.480500 0.124638 0.485000 0.124638 0.494000 0.132367 0.502000 0.140097 0.505500 0.146860 0.507000 0.156522 0.507000 0.166184 0.504500 0.174879 0.500000 0.180676 0.494500 0.184541 0.487500 0.184541 0.483500 0.182609 0.480500
0 0.108213 0.453500 0.088889 0.448500 0.079227 0.448500 0.065700 0.451500 0.057005 0.455500 0.049275 0.462000 0.045411 0.470500 0.046377 0.477000 0.051208 0.481500 0.053140 0.486500 0.056039 0.488000 0.064734 0.488500 0.068599 0.487000 0.084058 0.485000 0.104348 0.475000 0.113043 0.464500 0.112077 0.456500
0 0.152657 0.508000 0.146860 0.511500 0.144928 0.526500 0.148792 0.529500 0.151691 0.536000 0.158454 0.541500 0.168116 0.543500 0.178744 0.543500 0.190338 0.539500 0.205797 0.532000 0.210628 0.526500 0.209662 0.520500 0.200000 0.519000 0.174879 0.508000 0.166184 0.507000
0 0.177778 0.545000 0.155556 0.541500 0.134300 0.542500 0.128502 0.545000 0.123671 0.553000 0.124638 0.563500 0.127536 0.568500 0.140097 0.575000 0.150725 0.575500 0.157488 0.574500 0.169082 0.571000 0.180676 0.565000 0.181643 0.548000
0 0.249275 0.542500 0.224155 0.535000 0.210628 0.536000 0.196135 0.540000 0.186473 0.544000 0.181643 0.548500 0.181643 0.562000 0.183575 0.565000 0.208696 0.569000 0.222222 0.569000 0.226087 0.568000 0.245411 0.558000 0.249275 0.553500
0 0.287923 0.531000 0.280193 0.531500 0.260870 0.538500 0.255072 0.541500 0.251208 0.546000 0.251208 0.556000 0.253140 0.559000 0.266667 0.565000 0.278261 0.566500 0.285990 0.563500 0.305314 0.553000 0.307246 0.550000 0.307246 0.543500 0.303382 0.539000
0 0.352657 0.542500 0.343961 0.542500 0.326570 0.545500 0.319807 0.549000 0.301449 0.555000 0.288889 0.563500 0.290821 0.572500 0.295652 0.577000 0.303382 0.580500 0.310145 0.582000 0.321739 0.582000 0.324638 0.581000 0.330435 0.575000 0.350725 0.562500 0.354589 0.557500 0.356522 0.549500
0 0.411594 0.541000 0.405797 0.538000 0.397101 0.537500 0.366184 0.543500 0.357488 0.551500 0.354589 0.559500 0.356522 0.564500 0.379710 0.570000 0.397101 0.571500 0.405797 0.570500 0.418357 0.562500 0.421256 0.553000
0 0.402899 0.527000 0.392271 0.519000 0.387440 0.518000 0.374879 0.518500 0.367150 0.521000 0.356522 0.528500 0.330435 0.540500 0.328502 0.545000 0.333333 0.543500 0.344928 0.542500 0.368116 0.543000 0.392271 0.538500 0.401932 0.534500
0 0.319807 0.504000 0.310145 0.506000 0.294686 0.515500 0.290821 0.520000 0.289855 0.525500 0.292754 0.530500 0.311111 0.538500 0.318841 0.540000 0.326570 0.540000 0.336232 0.536000 0.349758 0.527500 0.354589 0.523000 0.354589 0.515500 0.352657 0.512000 0.345894 0.507500 0.332367 0.504000
0 0.279227 0.508500 0.267633 0.508000 0.255072 0.509500 0.242512 0.508500 0.229952 0.514000 0.226087 0.518500 0.225121 0.526500 0.231884 0.538000 0.239614 0.540000 0.254106 0.540000 0.272464 0.535000 0.285024 0.529000 0.289855 0.523000 0.290821 0.515500 0.289855 0.513500
0 0.031884 0.385500 0.028986 0.393000 0.037681 0.397500 0.044444 0.404500 0.050242 0.407000 0.061836 0.410000 0.075362 0.410500 0.085024 0.408500 0.092754 0.404500 0.093720 0.396000 0.090821 0.384500 0.086957 0.380500 0.073430 0.378000 0.067633 0.378000 0.042512 0.384500
0 0.046377 0.351000 0.036715 0.351000 0.028019 0.352500 0.020290 0.357500 0.014493 0.365000 0.018357 0.378500 0.026087 0.384000 0.033816 0.385500 0.047343 0.384500 0.058937 0.380000 0.069565 0.377500 0.068599 0.369000 0.070531 0.364500 0.068599 0.362000 0.057005 0.358500
0 0.119807 0.342000 0.114976 0.342000 0.087923 0.351500 0.069565 0.368500 0.068599 0.373500 0.072464 0.377000 0.082126 0.379000 0.099517 0.378500 0.110145 0.377000 0.117874 0.374000 0.122705 0.366500 0.119807 0.359000 0.122705 0.344500
0 0.062802 0.324000 0.056039 0.325000 0.043478 0.329500 0.042512 0.342500 0.046377 0.351000 0.052174 0.356500 0.058937 0.359500 0.075362 0.360000 0.079227 0.359000 0.086957 0.352500 0.094686 0.348500 0.104348 0.345500 0.106280 0.343000 0.106280 0.336000 0.104348 0.332500 0.089855 0.327000
0 0.119807 0.296500 0.100483 0.297000 0.054106 0.318000 0.055072 0.320500 0.071498 0.325500 0.087923 0.327000 0.101449 0.331000 0.110145 0.331000 0.118841 0.329500 0.128502 0.325000 0.130435 0.312500 0.128502 0.301500 0.123671 0.297500
0 0.049275 0.272000 0.043478 0.275000 0.043478 0.283500 0.041546 0.286500 0.038647 0.288000 0.033816 0.288000 0.029952 0.290000 0.029952 0.291500 0.032850 0.292500 0.038647 0.291500 0.040580 0.288000 0.053140 0.303000 0.063768 0.307000 0.073430 0.307500 0.089855 0.302000 0.100483 0.296000 0.105314 0.291000 0.105314 0.284500 0.096618 0.279000 0.077295 0.273500 0.066667 0.271500
0 0.130435 0.240000 0.117874 0.239000 0.106280 0.241500 0.080193 0.255000 0.076329 0.258000 0.072464 0.265000 0.072464 0.269000 0.079227 0.274000 0.093720 0.277000 0.110145 0.276500 0.132367 0.271000 0.145894 0.264000 0.145894 0.252500 0.138164 0.244000
0 0.177778 0.264500 0.171014 0.263500 0.148792 0.264500 0.141063 0.266500 0.128502 0.273000 0.119807 0.282500 0.118841 0.290000 0.121739 0.294500 0.129469 0.298500 0.147826 0.303000 0.165217 0.303000 0.177778 0.299000 0.186473 0.291500 0.190338 0.283000 0.187440 0.271000
0 0.143961 0.304500 0.135266 0.308500 0.130435 0.313000 0.130435 0.325000 0.133333 0.330500 0.137198 0.332500 0.149758 0.335000 0.179710 0.335000 0.188406 0.332500 0.199034 0.322500 0.196135 0.317500 0.188406 0.310500 0.167150 0.303500 0.149758 0.303500
0 0.251208 0.281000 0.230918 0.280500 0.224155 0.281500 0.209662 0.285500 0.200000 0.291000 0.197101 0.294000 0.196135 0.299500 0.200000 0.305000 0.207729 0.309000 0.223188 0.312000 0.232850 0.312000 0.247343 0.310000 0.251208 0.308000 0.259903 0.299000 0.257971 0.287000 0.255072 0.282500
0 0.312077 0.305500 0.302415 0.305000 0.275362 0.309000 0.264734 0.313500 0.258937 0.319000 0.257005 0.323500 0.257971 0.330000 0.263768 0.334500 0.279227 0.342000 0.291787 0.342500 0.295652 0.334000 0.304348 0.326500 0.314010 0.322500 0.323671 0.321000 0.328502 0.319000 0.326570 0.312500 0.321739 0.309000
0 0.331401 0.320000 0.318841 0.321000 0.306280 0.325000 0.297585 0.331000 0.292754 0.338500 0.292754 0.343000 0.296618 0.347000 0.306280 0.352000 0.321739 0.354500 0.331401 0.353000 0.348792 0.347500 0.353623 0.345000 0.359420 0.337500 0.359420 0.333000 0.348792 0.325500
0 0.390338 0.300500 0.378744 0.300500 0.351691 0.305500 0.338164 0.311500 0.331401 0.317500 0.332367 0.320000 0.344928 0.324000 0.361353 0.335000 0.377778 0.336000 0.393237 0.334000 0.403865 0.329500 0.409662 0.324000 0.410628 0.318500 0.405797 0.314000 0.398068 0.302500
0 0.379710 0.268000 0.369082 0.267500 0.360386 0.269000 0.343961 0.277500 0.336232 0.287000 0.333333 0.294500 0.333333 0.299000 0.336232 0.301000 0.368116 0.302000 0.385507 0.299500 0.399034 0.294500 0.400966 0.289500 0.396135 0.286500 0.391304 0.279000
0 0.311111 0.242500 0.304348 0.245500 0.297585 0.251500 0.297585 0.258000 0.300483 0.263500 0.318841 0.271500 0.336232 0.275000 0.347826 0.275000 0.351691 0.274000 0.360386 0.266000 0.361353 0.258000 0.357488 0.248000 0.350725 0.244000 0.339130 0.241500 0.317874 0.241000
0 0.206763 0.242000 0.204831 0.246000 0.206763 0.252000 0.217391 0.257000 0.219324 0.260000 0.225121 0.263500 0.244444 0.269500 0.264734 0.270000 0.269565 0.269000 0.282126 0.263000 0.287923 0.257000 0.289855 0.253000 0.288889 0.245500 0.285990 0.241000 0.282126 0.239000 0.275362 0.238500 0.268599 0.242500 0.262802 0.242500 0.254106 0.238000 0.214493 0.239500
0 0.172947 0.205000 0.168116 0.209500 0.163285 0.218000 0.165217 0.233000 0.169082 0.238000 0.175845 0.241000 0.188406 0.242000 0.202899 0.241000 0.223188 0.237500 0.228986 0.234000 0.228986 0.228000 0.215459 0.220000 0.210628 0.214500 0.204831 0.212000 0.189372 0.210000 0.179710 0.204000
0 0.162319 0.208500 0.131401 0.198500 0.115942 0.198000 0.109179 0.199000 0.098551 0.204000 0.091787 0.209500 0.086957 0.220000 0.088889 0.224000 0.099517 0.230000 0.105314 0.231500 0.132367 0.230500 0.142995 0.227500 0.162319 0.217500 0.165217 0.214000
0 0.038647 0.219000 0.033816 0.220500 0.033816 0.225000 0.036715 0.228000 0.033816 0.234500 0.033816 0.240500 0.035749 0.244500 0.042512 0.250500 0.055072 0.255000 0.068599 0.256000 0.077295 0.255000 0.091787 0.250000 0.105314 0.240500 0.104348 0.232500 0.084058 0.221500 0.066667 0.218000
0 0.024155 0.186000 0.018357 0.193000 0.019324 0.201000 0.027053 0.209500 0.035749 0.214500 0.046377 0.218000 0.057971 0.218500 0.070531 0.217000 0.081159 0.213000 0.090821 0.204500 0.095652 0.196500 0.093720 0.190500 0.084058 0.184500 0.069565 0.182000 0.048309 0.181500 0.034783 0.185000
0 0.329469 0.204500 0.327536 0.207000 0.313043 0.214500 0.296618 0.227500 0.296618 0.233000 0.301449 0.236500 0.313043 0.240000 0.338164 0.241000 0.345894 0.240000 0.352657 0.237500 0.357488 0.228000 0.355556 0.220500 0.351691 0.216500 0.341063 0.210000 0.337198 0.205000
0 0.314010 0.206000 0.305314 0.203500 0.289855 0.202000 0.282126 0.205000 0.262802 0.231500 0.255072 0.236000 0.256039 0.239500 0.260870 0.242500 0.269565 0.242500 0.281159 0.234500 0.299517 0.225500 0.315942 0.211000 0.316908 0.208500
0 0.240580 0.200500 0.228986 0.203000 0.218357 0.208000 0.212560 0.212500 0.213527 0.217500 0.228986 0.227500 0.240580 0.230000 0.251208 0.234500 0.256039 0.235000 0.262802 0.232000 0.272464 0.221500 0.272464 0.209000 0.265700 0.203000 0.251208 0.200500
0 0.241546 0.183500 0.228019 0.182500 0.216425 0.179000 0.196135 0.179500 0.181643 0.183000 0.177778 0.186500 0.175845 0.195000 0.179710 0.203000 0.186473 0.208500 0.196135 0.211500 0.208696 0.211500 0.214493 0.210000 0.234783 0.200000 0.236715 0.193000 0.243478 0.186000
0 0.268599 0.173000 0.257971 0.175500 0.249275 0.180000 0.243478 0.185000 0.237681 0.194000 0.241546 0.198500 0.245411 0.200000 0.267633 0.203500 0.284058 0.203500 0.292754 0.201500 0.299517 0.197500 0.301449 0.193000 0.294686 0.180000 0.288889 0.177000 0.277295 0.173500
0 0.329469 0.171000 0.305314 0.172000 0.294686 0.177500 0.302415 0.196500 0.309179 0.202500 0.319807 0.208000 0.323671 0.208000 0.335266 0.203000 0.346860 0.183500 0.342995 0.175000
0 0.391304 0.180000 0.371014 0.179500 0.362319 0.180500 0.350725 0.183500 0.343961 0.188000 0.340097 0.195000 0.341063 0.205500 0.345894 0.212000 0.358454 0.220500 0.368116 0.221000 0.374879 0.216500 0.390338 0.210500 0.396135 0.205500 0.403865 0.193500 0.404831 0.185000 0.400000 0.182000
0 0.342995 0.149000 0.335266 0.153500 0.332367 0.160000 0.319807 0.165500 0.323671 0.169500 0.337198 0.172000 0.348792 0.176500 0.366184 0.179000 0.386473 0.178500 0.401932 0.173000 0.404831 0.170500 0.403865 0.154000 0.401932 0.151500 0.389372 0.144500 0.382609 0.143500 0.361353 0.144000
0 0.299517 0.148500 0.285024 0.149000 0.272464 0.154000 0.271498 0.162500 0.274396 0.170000 0.279227 0.174000 0.292754 0.176500 0.298551 0.173500 0.309179 0.170500 0.314976 0.167500 0.317874 0.163000 0.315942 0.156000
0 0.265700 0.154000 0.255072 0.151000 0.242512 0.150500 0.219324 0.155000 0.213527 0.162000 0.213527 0.170000 0.218357 0.178500 0.222222 0.181000 0.237681 0.182500 0.246377 0.181500 0.257971 0.175000 0.271498 0.171500 0.271498 0.158000
0 0.159420 0.146500 0.150725 0.150500 0.147826 0.156500 0.148792 0.158500 0.170048 0.169000 0.180676 0.172000 0.194203 0.172500 0.205797 0.170000 0.210628 0.167500 0.213527 0.159500 0.212560 0.155500 0.199034 0.144000 0.192271 0.142000 0.178744 0.142000
0 0.134300 0.159000 0.126570 0.166000 0.127536 0.170000 0.150725 0.183500 0.163285 0.184500 0.170048 0.183000 0.177778 0.178000 0.178744 0.173500 0.176812 0.171500 0.148792 0.158500 0.138164 0.158000
0 0.105314 0.157500 0.097585 0.153000 0.095652 0.149000 0.090821 0.146500 0.073430 0.146500 0.049275 0.154000 0.040580 0.158000 0.030918 0.167000 0.026087 0.169500 0.026087 0.171500 0.028986 0.174000 0.051208 0.180500 0.064734 0.180000 0.072464 0.181500 0.090821 0.179000 0.103382 0.174000 0.107246 0.169500
0 0.124638 0.170000 0.110145 0.170500 0.087923 0.181500 0.087923 0.186000 0.097585 0.195000 0.109179 0.198500 0.120773 0.197500 0.132367 0.195000 0.141063 0.191500 0.144928 0.187500 0.144928 0.181000 0.129469 0.171000
0 0.116908 0.115500 0.111111 0.117500 0.106280 0.126000 0.100483 0.130500 0.095652 0.141000 0.095652 0.147500 0.106280 0.156000 0.114010 0.157500 0.132367 0.157500 0.147826 0.153000 0.158454 0.146000 0.158454 0.141000 0.153623 0.136000 0.129469 0.129000 0.127536 0.119500 0.124638 0.117500
0 0.186473 0.106500 0.161353 0.106500 0.143961 0.111000 0.129469 0.119000 0.129469 0.128500 0.157488 0.137000 0.173913 0.137500 0.180676 0.136000 0.191304 0.131000 0.197101 0.120000 0.197101 0.115000 0.190338 0.108000
0 0.075362 0.091500 0.072464 0.097000 0.068599 0.099000 0.068599 0.103500 0.071498 0.106500 0.085990 0.110000 0.094686 0.111000 0.119807 0.110500 0.130435 0.108000 0.136232 0.104000 0.137198 0.099000 0.121739 0.088500 0.119807 0.083500 0.101449 0.082500 0.090821 0.085000
0 0.171981 0.071000 0.155556 0.072000 0.133333 0.078500 0.125604 0.083000 0.125604 0.089500 0.129469 0.093500 0.139130 0.098500 0.152657 0.102000 0.165217 0.102500 0.174879 0.101000 0.181643 0.098000 0.191304 0.089000 0.189372 0.076500 0.183575 0.073500
0 0.119807 0.056000 0.120773 0.071000 0.124638 0.074000 0.131401 0.076000 0.142029 0.076000 0.156522 0.072000 0.170048 0.070500 0.176812 0.065000 0.176812 0.059000 0.174879 0.057000 0.164251 0.053000 0.131401 0.052000 0.124638 0.053000
0 0.113043 0.038500 0.113043 0.043000 0.115942 0.047000 0.126570 0.051500 0.138164 0.052500 0.166184 0.051500 0.194203 0.042000 0.193237 0.039000 0.179710 0.029500 0.156522 0.023500 0.140097 0.023500 0.131401 0.025500 0.116908 0.032500
0 0.171014 0.000000 0.171014 0.001500 0.165217 0.004000 0.154589 0.013000 0.154589 0.019000 0.157488 0.022000 0.186473 0.031500 0.205797 0.032000 0.216425 0.030000 0.226087 0.023500 0.227053 0.015000 0.215459 0.002000 0.215459 0.000000
0 0.065700 0.000000 0.066667 0.006000 0.071498 0.010500 0.085024 0.017000 0.098551 0.018500 0.109179 0.018000 0.119807 0.015000 0.130435 0.008500 0.135266 0.002000 0.135266 0.000000
0 0.217391 0.000000 0.218357 0.005500 0.227053 0.012500 0.235749 0.016000 0.252174 0.020000 0.265700 0.020000 0.272464 0.018500 0.281159 0.010000 0.279227 0.000000
0 0.280193 0.000000 0.283092 0.007000 0.292754 0.007000 0.307246 0.011500 0.320773 0.017500 0.328502 0.017000 0.342029 0.009500 0.342995 0.000000
0 0.362319 0.010500 0.349758 0.009500 0.337198 0.011000 0.331401 0.013500 0.324638 0.019500 0.324638 0.026000 0.329469 0.034000 0.343961 0.039000 0.352657 0.038500 0.362319 0.035000 0.366184 0.028000 0.372947 0.022500 0.373913 0.017500 0.371014 0.014500
0 0.378744 0.014000 0.381643 0.017000 0.388406 0.018000 0.411594 0.017500 0.430918 0.015000 0.439614 0.013000 0.446377 0.009500 0.449275 0.006000 0.447343 0.000000 0.383575 0.000000 0.383575 0.002000 0.379710 0.005000
0 0.451208 0.000000 0.451208 0.006000 0.455072 0.008500 0.466667 0.011500 0.476329 0.011500 0.478261 0.010500 0.478261 0.000000
0 0.479227 0.000000 0.479227 0.018000 0.487923 0.027000 0.493720 0.030000 0.504348 0.030500 0.512077 0.029500 0.521739 0.026000 0.527536 0.022500 0.529469 0.018000 0.528502 0.011500 0.522705 0.007000 0.510145 0.001500 0.510145 0.000000
0 0.514010 0.000000 0.514010 0.002000 0.517874 0.005000 0.529469 0.010000 0.542995 0.010000 0.553623 0.008500 0.568116 0.005000 0.573913 0.002000 0.573913 0.000000
0 0.581643 0.021000 0.577778 0.024500 0.577778 0.027500 0.581643 0.032500 0.599034 0.038500 0.625121 0.040000 0.633816 0.037000 0.638647 0.033500 0.639614 0.023000 0.630918 0.015500 0.599034 0.014500 0.595169 0.015000
0 0.555556 0.019500 0.529469 0.025500 0.521739 0.031500 0.520773 0.037500 0.527536 0.041500 0.556522 0.049500 0.564251 0.050000 0.574879 0.047500 0.580676 0.044500 0.584541 0.041000 0.585507 0.036500 0.578744 0.031500 0.574879 0.024500 0.570048 0.021500
0 0.506280 0.035000 0.494686 0.035000 0.487923 0.036500 0.478261 0.041000 0.470531 0.048500 0.469565 0.056500 0.476329 0.066000 0.481159 0.068000 0.499517 0.069500 0.514976 0.067500 0.524638 0.064500 0.533333 0.057000 0.534300 0.051500 0.530435 0.046000 0.515942 0.037500
0 0.452174 0.011500 0.445411 0.012000 0.433816 0.015000 0.425121 0.019500 0.408696 0.036500 0.407729 0.041500 0.411594 0.047000 0.424155 0.051000 0.434783 0.052500 0.459903 0.051500 0.469565 0.047500 0.476329 0.041000 0.476329 0.025000 0.471498 0.020500
0 0.409662 0.018500 0.405797 0.017500 0.389372 0.018000 0.382609 0.019500 0.371014 0.024500 0.364251 0.030500 0.362319 0.036000 0.365217 0.041500 0.371014 0.044500 0.375845 0.045500 0.399034 0.041500 0.406763 0.037500 0.417391 0.026500 0.417391 0.024000
0 0.288889 0.006500 0.284058 0.008500 0.280193 0.013500 0.274396 0.017000 0.273430 0.020000 0.283092 0.037500 0.290821 0.045500 0.295652 0.048000 0.307246 0.049000 0.324638 0.046500 0.328502 0.045000 0.329469 0.043000 0.328502 0.033500 0.319807 0.017500 0.307246 0.011000 0.293720 0.006500
0 0.262802 0.020500 0.248309 0.023000 0.232850 0.029000 0.228986 0.032500 0.228986 0.039500 0.232850 0.043500 0.246377 0.050500 0.268599 0.056000 0.276329 0.055500 0.280193 0.050000 0.288889 0.046500 0.289855 0.044500 0.282126 0.036000 0.274396 0.022000 0.270531 0.020500
0 0.281159 0.048500 0.277295 0.051500 0.276329 0.057500 0.277295 0.060500 0.285024 0.067500 0.299517 0.076000 0.307246 0.077000 0.319807 0.075500 0.334300 0.064500 0.335266 0.059000 0.331401 0.055000 0.325604 0.052500 0.292754 0.047500
0 0.269565 0.057500 0.257005 0.057000 0.246377 0.059000 0.232850 0.071500 0.229952 0.076000 0.230918 0.084000 0.235749 0.087000 0.245411 0.089500 0.268599 0.089000 0.277295 0.087500 0.285990 0.084500 0.291787 0.080500 0.293720 0.077000 0.291787 0.072000 0.274396 0.059000
0 0.199034 0.042000 0.188406 0.045500 0.182609 0.050000 0.179710 0.056500 0.180676 0.065500 0.187440 0.074000 0.208696 0.084000 0.217391 0.084500 0.228019 0.078500 0.244444 0.061000 0.246377 0.052500 0.243478 0.048500 0.229952 0.043000 0.211594 0.041500
0 0.194203 0.091000 0.188406 0.098000 0.189372 0.106000 0.193237 0.109500 0.208696 0.116500 0.223188 0.119000 0.236715 0.119000 0.253140 0.115000 0.261836 0.114500 0.265700 0.112500 0.266667 0.106500 0.261836 0.103500 0.258937 0.095500 0.246377 0.090500 0.227053 0.086000 0.213527 0.085500 0.200966 0.088000
0 0.207729 0.118500 0.200000 0.120500 0.196135 0.124000 0.196135 0.128500 0.201932 0.138500 0.202899 0.148000 0.210628 0.152500 0.224155 0.153500 0.235749 0.151000 0.241546 0.147000 0.238647 0.139000 0.240580 0.127000 0.233816 0.120000
0 0.257971 0.115500 0.250242 0.118500 0.242512 0.126000 0.242512 0.130500 0.239614 0.133500 0.241546 0.143500 0.247343 0.147000 0.257005 0.149000 0.278261 0.149000 0.285024 0.148000 0.295652 0.142500 0.296618 0.133500 0.294686 0.130000 0.284058 0.122500 0.263768 0.115500
0 0.298551 0.115000 0.298551 0.123500 0.295652 0.127000 0.296618 0.144500 0.299517 0.148000 0.312077 0.153000 0.324638 0.153000 0.335266 0.151500 0.352657 0.146000 0.356522 0.143000 0.355556 0.140500 0.340097 0.132000 0.332367 0.122000 0.326570 0.119500
0 0.351691 0.095500 0.337198 0.100500 0.327536 0.108500 0.328502 0.117000 0.339130 0.131500 0.346860 0.136500 0.360386 0.142000 0.367150 0.143000 0.372947 0.142500 0.386473 0.136500 0.394203 0.130500 0.399034 0.123000 0.398068 0.114500 0.394203 0.112000 0.380676 0.107500 0.366184 0.098000 0.360386 0.096000
0 0.334300 0.065500 0.324638 0.071500 0.319807 0.077000 0.318841 0.092000 0.321739 0.093500 0.338164 0.093500 0.353623 0.095500 0.373913 0.094000 0.389372 0.085000 0.389372 0.079500 0.380676 0.072500 0.368116 0.066500 0.358454 0.064000 0.344928 0.063500
0 0.290821 0.083000 0.272464 0.089000 0.262802 0.095500 0.263768 0.103000 0.270531 0.108000 0.281159 0.111500 0.290821 0.111500 0.296618 0.113000 0.307246 0.112500 0.314010 0.110500 0.320773 0.106500 0.324638 0.100000 0.323671 0.096500 0.313043 0.087500 0.303382 0.084500
0 0.394203 0.084000 0.375845 0.093000 0.372947 0.098000 0.375845 0.104500 0.385507 0.109500 0.398068 0.113000 0.423188 0.114000 0.431884 0.112500 0.437681 0.109500 0.441546 0.104500 0.442512 0.095000 0.440580 0.090000 0.428019 0.083000 0.422222 0.081500 0.412560 0.081000
0 0.494686 0.094000 0.471498 0.085500 0.457005 0.085000 0.446377 0.087000 0.441546 0.091500 0.442512 0.100500 0.437681 0.111000 0.440580 0.117000 0.443478 0.118000 0.452174 0.117500 0.467633 0.110000 0.473430 0.108500 0.489855 0.107500 0.496618 0.104000 0.497585 0.098000
0 0.955556 0.264500 0.948792 0.269500 0.942995 0.288000 0.946860 0.293000 0.953623 0.296000 0.969082 0.297000 0.982609 0.296000 0.996135 0.291500 1.000000 0.291500 1.000000 0.268500 0.996135 0.268500 0.982609 0.264000 0.960386 0.263500
0 0.397101 0.042000 0.378744 0.046000 0.369082 0.051000 0.363285 0.056500 0.362319 0.063000 0.373913 0.069000 0.383575 0.071500 0.388406 0.076000 0.397101 0.080000 0.409662 0.080500 0.419324 0.076500 0.415459 0.069000 0.415459 0.065000 0.418357 0.063000 0.418357 0.056000 0.416425 0.051500 0.409662 0.045500 0.404831 0.043000
0 0.446377 0.052000 0.437681 0.054000 0.418357 0.064500 0.417391 0.070500 0.422222 0.078000 0.428986 0.081000 0.443478 0.083500 0.455072 0.084000 0.465700 0.082500 0.472464 0.079500 0.476329 0.074000 0.476329 0.068000 0.470531 0.058000 0.457005 0.052000
0 0.540097 0.053000 0.531401 0.058000 0.524638 0.065000 0.525604 0.074000 0.542995 0.082500 0.547826 0.083500 0.567150 0.083500 0.579710 0.082000 0.587440 0.076500 0.587440 0.067500 0.571014 0.056500 0.560386 0.052000 0.547826 0.051500
0 0.620290 0.040500 0.599034 0.040000 0.566184 0.052500 0.573913 0.059000 0.586473 0.065000 0.590338 0.068500 0.601932 0.071000 0.609662 0.070500 0.618357 0.068500 0.624155 0.065500 0.628986 0.058500 0.628986 0.048500 0.624155 0.042000
0 0.476329 0.083000 0.478261 0.088000 0.483092 0.090500 0.495652 0.093500 0.531401 0.094500 0.548792 0.092000 0.548792 0.087000 0.545894 0.084000 0.533333 0.077000 0.521739 0.073500 0.486957 0.073500 0.482126 0.075500
0 0.561353 0.096500 0.547826 0.096000 0.543961 0.094500 0.526570 0.095000 0.514010 0.098000 0.495652 0.106000 0.495652 0.110500 0.502415 0.114500 0.508213 0.123000 0.513043 0.126500 0.519807 0.128500 0.529469 0.129500 0.539130 0.128500 0.548792 0.125000 0.566184 0.111000 0.565217 0.099000
0 0.494686 0.110000 0.482126 0.108000 0.472464 0.108500 0.454106 0.116500 0.447343 0.122000 0.445411 0.126000 0.445411 0.131500 0.457005 0.138500 0.488889 0.139000 0.494686 0.138000 0.505314 0.133000 0.508213 0.129500 0.508213 0.122500 0.503382 0.115000
0 0.435749 0.121500 0.423188 0.119500 0.410628 0.119500 0.403865 0.121000 0.398068 0.125000 0.391304 0.133500 0.389372 0.143000 0.393237 0.147000 0.402899 0.151500 0.414493 0.152000 0.427053 0.150500 0.432850 0.148500 0.438647 0.143500 0.443478 0.130000 0.441546 0.124500
0 0.418357 0.152000 0.409662 0.153500 0.404831 0.156000 0.403865 0.163000 0.406763 0.169500 0.413527 0.174000 0.422222 0.187000 0.429952 0.189000 0.435749 0.187500 0.439614 0.183500 0.445411 0.170000 0.441546 0.160500 0.436715 0.155500 0.429952 0.152000
0 0.482126 0.139000 0.456039 0.139500 0.440580 0.144000 0.431884 0.150000 0.433816 0.154500 0.441546 0.162000 0.445411 0.170000 0.450242 0.172500 0.457971 0.171000 0.466667 0.166500 0.490821 0.158500 0.474396 0.154500 0.471498 0.150500 0.475362 0.147500 0.482126 0.146000 0.485990 0.143500 0.485990 0.141500
0 0.540097 0.138000 0.527536 0.131500 0.518841 0.131000 0.506280 0.132500 0.482126 0.146000 0.475362 0.147000 0.470531 0.151000 0.474396 0.154500 0.495652 0.158500 0.517874 0.157500 0.524638 0.146500 0.531401 0.143500 0.539130 0.142000
0 0.529469 0.144000 0.524638 0.146000 0.519807 0.153500 0.520773 0.165500 0.524638 0.171000 0.531401 0.174500 0.541063 0.177000 0.566184 0.176500 0.574879 0.174000 0.583575 0.169000 0.586473 0.164500 0.585507 0.158000 0.580676 0.153500 0.557488 0.144000 0.542029 0.141500
0 0.577778 0.114500 0.562319 0.117500 0.554589 0.121000 0.549758 0.126000 0.543961 0.129000 0.542995 0.137500 0.545894 0.141500 0.557488 0.143500 0.566184 0.147000 0.571014 0.148000 0.585507 0.148000 0.595169 0.146500 0.612560 0.134500 0.613527 0.126000 0.608696 0.122000 0.596135 0.116000
0 0.645411 0.087500 0.635749 0.087500 0.625121 0.090000 0.602899 0.100500 0.596135 0.107000 0.596135 0.114000 0.598068 0.116500 0.612560 0.123500 0.631884 0.127500 0.639614 0.126500 0.657005 0.116000 0.659903 0.111500 0.659903 0.096500 0.652174 0.090000
0 0.596135 0.069500 0.588406 0.070500 0.586473 0.077000 0.579710 0.081500 0.564251 0.083500 0.558454 0.087000 0.557488 0.093000 0.559420 0.095500 0.568116 0.100500 0.576812 0.102500 0.588406 0.102000 0.604831 0.099000 0.618357 0.092000 0.618357 0.084500 0.609662 0.075500 0.603865 0.071500
0 0.620290 0.068500 0.618357 0.071500 0.619324 0.080000 0.624155 0.084500 0.630918 0.087000 0.648309 0.087000 0.661836 0.084500 0.678261 0.079500 0.680193 0.075500 0.679227 0.068500 0.673430 0.066500 0.660870 0.065000 0.649275 0.062000 0.639614 0.061500 0.628019 0.063500
0 0.672464 0.029500 0.655072 0.030000 0.643478 0.032500 0.627053 0.040500 0.629952 0.048000 0.638647 0.055000 0.651208 0.061500 0.660870 0.063500 0.671498 0.063000 0.683092 0.058000 0.689855 0.052000 0.694686 0.044000 0.692754 0.037000 0.686957 0.032500 0.681159 0.030500
0 0.650242 0.003500 0.640580 0.009500 0.639614 0.017500 0.642512 0.020500 0.652174 0.025000 0.662802 0.027500 0.674396 0.027000 0.681159 0.025000 0.685990 0.019000 0.683092 0.010000 0.672464 0.004500 0.666667 0.003000
0 0.588406 0.000000 0.594203 0.014500 0.605797 0.014500 0.610628 0.012500 0.619324 0.011500 0.632850 0.015500 0.640580 0.008000 0.651208 0.002500 0.651208 0.000000
0 0.662802 0.000000 0.663768 0.002500 0.671498 0.004500 0.685024 0.011500 0.690821 0.012500 0.698551 0.012000 0.708213 0.009500 0.718841 0.002500 0.718841 0.000000
0 0.710145 0.009000 0.697585 0.012500 0.691787 0.016500 0.687923 0.025000 0.689855 0.033500 0.696618 0.040500 0.705314 0.044000 0.712077 0.045000 0.729469 0.044500 0.745894 0.040500 0.761353 0.029000 0.757488 0.022500 0.744928 0.014500 0.726570 0.009500
0 0.772947 0.012000 0.764251 0.016000 0.759420 0.021000 0.759420 0.025500 0.762319 0.030000 0.774879 0.038500 0.799034 0.041500 0.809662 0.037000 0.813527 0.033500 0.814493 0.029500 0.822222 0.021500 0.821256 0.016500 0.814493 0.012500 0.809662 0.011500
0 0.800966 0.045500 0.796135 0.045000 0.792271 0.046000 0.788406 0.041000 0.774879 0.039500 0.752657 0.040000 0.734300 0.044500 0.728502 0.048000 0.728502 0.052500 0.738164 0.065500 0.756522 0.065500 0.781643 0.059000 0.797101 0.050500 0.802899 0.049000
0 0.711111 0.046500 0.699517 0.048500 0.688889 0.053500 0.678261 0.060500 0.676329 0.066000 0.683092 0.077000 0.699517 0.081500 0.720773 0.082000 0.724638 0.081500 0.733333 0.077000 0.737198 0.072500 0.738164 0.067000 0.730435 0.058500 0.726570 0.047500 0.724638 0.046500
0 0.665700 0.089000 0.663768 0.094000 0.673430 0.105500 0.688889 0.112000 0.695652 0.113000 0.714976 0.113000 0.733333 0.109000 0.739130 0.104000 0.742029 0.096500 0.741063 0.091000 0.736232 0.087000 0.725604 0.083000 0.685024 0.082000 0.678261 0.083000
0 0.638647 0.126500 0.640580 0.130500 0.647343 0.134000 0.686957 0.138000 0.694686 0.137000 0.699517 0.135000 0.707246 0.127000 0.707246 0.120500 0.701449 0.115000 0.685024 0.112500 0.669565 0.112500 0.656039 0.116500
0 0.730435 0.110000 0.714010 0.114000 0.708213 0.118000 0.707246 0.127500 0.701449 0.133000 0.701449 0.136000 0.705314 0.139000 0.724638 0.144500 0.739130 0.145000 0.747826 0.143000 0.757488 0.137000 0.760386 0.131000 0.759420 0.122000 0.755556 0.116000 0.748792 0.112000 0.740097 0.110000
0 0.696618 0.140500 0.686957 0.144500 0.680193 0.152000 0.678261 0.162500 0.682126 0.168000 0.690821 0.173000 0.699517 0.175000 0.718841 0.174500 0.731401 0.172500 0.742029 0.167500 0.744928 0.162500 0.743961 0.154500 0.739130 0.148500 0.710145 0.140000
0 0.638647 0.131500 0.624155 0.132500 0.605797 0.138000 0.592271 0.150000 0.594203 0.153000 0.600000 0.155500 0.601932 0.159500 0.611594 0.164500 0.624155 0.167500 0.632850 0.167500 0.648309 0.165000 0.660870 0.160500 0.669565 0.154500 0.670531 0.142000 0.667633 0.139000 0.661836 0.137000 0.648309 0.135000
0 0.600966 0.167500 0.592271 0.171000 0.586473 0.175500 0.583575 0.179500 0.583575 0.185000 0.597101 0.192000 0.611594 0.196500 0.621256 0.198500 0.628986 0.198000 0.644444 0.190000 0.646377 0.186500 0.645411 0.181500 0.633816 0.172500 0.626087 0.169000 0.613527 0.167000
0 0.542029 0.177500 0.515942 0.186000 0.512077 0.189000 0.510145 0.193500 0.517874 0.202500 0.524638 0.206000 0.547826 0.213000 0.557488 0.213500 0.551691 0.198500 0.563285 0.193000 0.578744 0.193000 0.579710 0.189000 0.573913 0.182500 0.565217 0.178000
0 0.563285 0.192000 0.547826 0.197000 0.549758 0.205500 0.546860 0.210000 0.548792 0.213000 0.561353 0.216500 0.571014 0.223500 0.580676 0.226500 0.589372 0.224000 0.603865 0.216500 0.612560 0.210000 0.613527 0.204500 0.606763 0.200000 0.590338 0.196500 0.579710 0.192500 0.570048 0.193000
0 0.510145 0.160000 0.501449 0.159500 0.480193 0.162000 0.465700 0.166500 0.453140 0.172500 0.446377 0.179500 0.447343 0.186500 0.453140 0.191500 0.464734 0.196500 0.474396 0.199000 0.491787 0.199500 0.497585 0.198500 0.507246 0.194500 0.516908 0.185000 0.521739 0.176500 0.520773 0.170500
0 0.452174 0.192000 0.433816 0.192000 0.413527 0.197000 0.401932 0.201500 0.393237 0.208500 0.393237 0.213000 0.397101 0.219500 0.413527 0.227500 0.423188 0.230000 0.438647 0.231000 0.451208 0.228000 0.458937 0.224500 0.461836 0.220000 0.469565 0.214000 0.471498 0.206500 0.470531 0.199500 0.466667 0.196500
0 0.397101 0.219500 0.382609 0.222000 0.363285 0.229000 0.355556 0.236000 0.355556 0.242000 0.361353 0.247000 0.376812 0.252500 0.399034 0.256500 0.415459 0.251500 0.421256 0.245500 0.422222 0.239500 0.416425 0.229000 0.405797 0.222500
0 0.474396 0.225000 0.457005 0.226000 0.437681 0.232000 0.430918 0.236000 0.424155 0.243000 0.424155 0.249000 0.429952 0.253500 0.439614 0.258000 0.455072 0.262500 0.466667 0.262500 0.479227 0.257500 0.485024 0.251500 0.489855 0.235500 0.486957 0.231000
0 0.428019 0.254000 0.418357 0.253500 0.404831 0.256000 0.398068 0.264000 0.394203 0.266000 0.381643 0.267500 0.382609 0.272000 0.391304 0.279500 0.396135 0.287500 0.399034 0.288500 0.412560 0.289500 0.440580 0.285000 0.449275 0.282000 0.459903 0.275500 0.459903 0.269500 0.454106 0.264000
0 0.547826 0.232000 0.540097 0.228500 0.527536 0.226000 0.514010 0.227000 0.497585 0.231500 0.491787 0.234500 0.485990 0.243500 0.486957 0.248500 0.483092 0.254500 0.484058 0.259000 0.486957 0.260500 0.519807 0.264500 0.555556 0.256500 0.558454 0.253000 0.559420 0.243500 0.555556 0.238000
0 0.811594 0.000000 0.811594 0.001500 0.801932 0.006000 0.800000 0.010500 0.813527 0.012500 0.821256 0.017500 0.821256 0.022000 0.818357 0.025000 0.819324 0.028000 0.836715 0.033000 0.852174 0.031500 0.854106 0.020500 0.861836 0.009500 0.850242 0.001500 0.850242 0.000000