0 0.306280 0.861304 0.301449 0.859130 0.291787 0.857826 0.276329 0.858261 0.263768 0.860000 0.256039 0.862609 0.253140 0.867391 0.248309 0.870435 0.248309 0.876957 0.256039 0.880435 0.274396 0.883913 0.284058 0.884348 0.292754 0.883043 0.300483 0.880435 0.308213 0.873478 0.309179 0.864783
0 0.159420 0.989565 0.153623 0.984348 0.135266 0.976087 0.127536 0.975217 0.117874 0.975652 0.106280 0.978696 0.091787 0.986087 0.086957 0.994783 0.092754 0.998261 0.092754 1.000000 0.147826 1.000000 0.147826 0.998261 0.158454 0.995217
0 0.211594 0.953043 0.195169 0.960000 0.193237 0.961739 0.193237 0.967391 0.212560 0.980000 0.221256 0.981739 0.230918 0.982174 0.238647 0.979565 0.245411 0.978696 0.249275 0.974783 0.242512 0.970435 0.237681 0.963913 0.239614 0.954783 0.228019 0.952609
0 0.163285 0.970435 0.157488 0.974348 0.155556 0.977826 0.160386 0.990000 0.168116 0.994348 0.185507 0.995652 0.206763 0.995217 0.211594 0.990435 0.209662 0.978261 0.205797 0.975652 0.189372 0.968696 0.173913 0.968696
0 0.229952 0.983913 0.224155 0.992174 0.223188 1.000000 0.274396 1.000000 0.274396 0.998261 0.281159 0.994348 0.281159 0.989565 0.278261 0.986087 0.269565 0.981739 0.257005 0.979130 0.247343 0.978696
0 0.299517 0.970870 0.289855 0.973913 0.284058 0.977391 0.282126 0.986522 0.285990 0.990870 0.285990 0.993478 0.292850 0.994087 0.300483 0.995652 0.309179 0.995130 0.320483 0.994261 0.335266 0.988261 0.335266 0.981304 0.326570 0.975217 0.308213 0.970870
0 0.273430 0.997826 0.273430 1.000000 0.323671 1.000000 0.323671 0.997826 0.319807 0.996087 0.293720 0.993043 0.285990 0.993478 0.278261 0.996957
0 0.383575 0.997826 0.359420 0.993043 0.350725 0.993478 0.330435 0.997391 0.329469 1.000000 0.383575 1.000000
0 0.395169 0.993043 0.395169 1.000000 0.463768 1.000000 0.463768 0.993913 0.457005 0.986957 0.452174 0.984348 0.439614 0.982174 0.425121 0.982174 0.408696 0.983913
0 0.387440 0.959565 0.374879 0.961304 0.358454 0.965652 0.347826 0.970870 0.338164 0.977826 0.338164 0.983043 0.341063 0.986087 0.346860 0.988261 0.368116 0.992609 0.387440 0.993043 0.392271 0.992174 0.403865 0.986087 0.407729 0.981739 0.407729 0.972609 0.401932 0.963478 0.396135 0.960870
0 0.320773 0.945652 0.311111 0.948696 0.302415 0.954783 0.302415 0.961739 0.305314 0.966957 0.314976 0.972174 0.327536 0.973913 0.344928 0.972174 0.362319 0.963913 0.364251 0.961739 0.364251 0.956087 0.343961 0.946087
0 0.293720 0.953478 0.284058 0.951304 0.270531 0.950435 0.256039 0.952174 0.245411 0.955652 0.241546 0.958696 0.240580 0.966087 0.244444 0.970870 0.256039 0.976087 0.281159 0.975652 0.296618 0.970435 0.302415 0.964783 0.302415 0.958696
0 0.265700 0.917826 0.244444 0.925217 0.241546 0.930000 0.242512 0.936087 0.247343 0.940435 0.265700 0.948696 0.287923 0.950435 0.294686 0.953913 0.300483 0.955217 0.312077 0.947391 0.318841 0.936522 0.317874 0.931304 0.312077 0.923913 0.306280 0.919565 0.300483 0.917391 0.276329 0.916957
0 0.395169 0.927391 0.367150 0.927391 0.350725 0.931304 0.344928 0.935217 0.342995 0.940000 0.345894 0.944783 0.361353 0.953478 0.371014 0.954783 0.394203 0.952174 0.407729 0.947391 0.415459 0.938696 0.416425 0.935217 0.407729 0.930870
0 0.415459 0.939130 0.408696 0.950435 0.414493 0.959130 0.430918 0.960870 0.459903 0.960435 0.467633 0.955652 0.470531 0.947826 0.465700 0.940435 0.452174 0.935652 0.443478 0.934783 0.428019 0.935217
0 0.528502 0.927391 0.510145 0.923913 0.497585 0.923913 0.474396 0.926957 0.465700 0.935217 0.465700 0.939565 0.473430 0.946087 0.480193 0.947826 0.501449 0.947391 0.509179 0.945652 0.528502 0.933913
0 0.478261 0.952174 0.466667 0.957391 0.460870 0.962174 0.460870 0.967826 0.464734 0.972609 0.475362 0.977826 0.490821 0.981304 0.509179 0.981304 0.522705 0.979130 0.529469 0.975217 0.534300 0.967391 0.535266 0.962609 0.529469 0.957826 0.520773 0.953913 0.504348 0.950000 0.488889 0.950000
0 0.533333 0.995217 0.528502 0.989130 0.514976 0.983043 0.507246 0.981304 0.491787 0.983043 0.482126 0.986087 0.473430 0.992174 0.470531 1.000000 0.533333 1.000000
0 0.551691 0.958261 0.539130 0.962609 0.534300 0.966522 0.533333 0.978696 0.542995 0.986522 0.553623 0.989130 0.564251 0.987391 0.578744 0.980435 0.590338 0.971304 0.590338 0.966087 0.585507 0.962609 0.577778 0.960435
0 0.594203 0.930435 0.586473 0.928261 0.576812 0.927391 0.556522 0.932174 0.533333 0.935217 0.523671 0.940000 0.520773 0.943478 0.534300 0.954348 0.542995 0.957391 0.554589 0.956957 0.574879 0.952609 0.584541 0.948261 0.594203 0.941304 0.600966 0.938696 0.600966 0.935217
0 0.626087 0.967826 0.615459 0.966522 0.603865 0.967391 0.597101 0.969130 0.590338 0.973043 0.584541 0.978261 0.571014 0.986087 0.572947 0.992609 0.577778 0.997391 0.589372 0.997826 0.599034 0.996957 0.615459 0.991739 0.632850 0.988261 0.641546 0.984783 0.642512 0.979565 0.640580 0.976087
0 0.629952 0.940870 0.611594 0.939565 0.603865 0.940000 0.593237 0.942609 0.587440 0.945217 0.582609 0.951739 0.581643 0.959130 0.589372 0.962609 0.603865 0.965217 0.623188 0.964783 0.639614 0.961304 0.647343 0.955652 0.646377 0.949565 0.642512 0.946087
0 0.686957 0.985217 0.683092 0.983913 0.663768 0.982609 0.656039 0.983043 0.644444 0.985652 0.638647 0.988696 0.634783 0.993913 0.637681 1.000000 0.673430 1.000000 0.678937 0.996000 0.686957 0.989565
0 0.627053 0.997826 0.615459 0.994783 0.606763 0.994783 0.596135 0.996957 0.586473 0.997391 0.577778 0.996522 0.572947 0.997826 0.572947 1.000000 0.627053 1.000000
0 0.680193 0.997826 0.680193 1.000000 0.732367 1.000000 0.732367 0.997391 0.728502 0.993478 0.717874 0.990000 0.704348 0.988696 0.691787 0.989565
0 0.745894 0.975652 0.734300 0.981304 0.731401 0.984348 0.732367 0.991304 0.742029 0.998261 0.742029 1.000000 0.777778 1.000000 0.777778 0.998261 0.784541 0.996957 0.788406 0.994348 0.788406 0.987391 0.782609 0.980435 0.773913 0.976087 0.769082 0.975217 0.751691 0.974348
0 0.673430 0.953043 0.653140 0.963043 0.650242 0.968696 0.653140 0.977391 0.659903 0.980870 0.672464 0.982609 0.689855 0.982609 0.708213 0.979565 0.717874 0.974783 0.717874 0.970435 0.714010 0.964783 0.696618 0.956522 0.683092 0.953043
0 0.740097 0.956087 0.737198 0.959130 0.736232 0.971304 0.742029 0.973913 0.771014 0.975217 0.789372 0.972609 0.800966 0.968261 0.802899 0.962609 0.799034 0.956957 0.793237 0.953913 0.779710 0.950000 0.760386 0.949565 0.751691 0.950870
0 0.801932 0.969565 0.791304 0.972609 0.787440 0.976957 0.786473 0.983478 0.790338 0.990435 0.790338 0.995217 0.794203 0.996957 0.801932 0.997391 0.822222 0.996522 0.830918 0.993043 0.839614 0.986522 0.842512 0.982609 0.840580 0.979565 0.835749 0.976522 0.813527 0.970435
0 0.841546 0.983913 0.831884 0.993043 0.830918 1.000000 0.886957 1.000000 0.886957 0.990000 0.883092 0.986957 0.871498 0.982174 0.865700 0.980870 0.856039 0.980435 0.845411 0.982174
0 0.820290 0.946522 0.807729 0.950435 0.802899 0.955217 0.806763 0.966087 0.810628 0.969565 0.828986 0.974348 0.839614 0.975217 0.857971 0.969565 0.859903 0.967826 0.859903 0.961304 0.854106 0.954783 0.846377 0.950870 0.830918 0.946087
0 0.871498 0.960000 0.866667 0.962174 0.862802 0.967391 0.863768 0.974348 0.869565 0.980870 0.881159 0.986087 0.890821 0.988696 0.904348 0.989130 0.916908 0.986957 0.927536 0.980000 0.931401 0.975217 0.923671 0.967826 0.904348 0.961304 0.885024 0.959565
0 0.919807 0.997826 0.919807 1.000000 0.969082 1.000000 0.968116 0.996087 0.961353 0.993043 0.938164 0.993478
0 0.979710 0.989565 0.974879 0.994348 0.980676 0.997391 0.980676 1.000000 1.000000 1.000000 1.000000 0.990000 0.994203 0.990000 0.988406 0.988696
0 0.995169 0.966957 0.981643 0.971739 0.975845 0.978696 0.977778 0.982174 0.984541 0.987391 0.994203 0.990870 1.000000 0.990870 1.000000 0.966957
0 0.940097 0.972783 0.925604 0.981739 0.921739 0.986087 0.927536 0.990435 0.937198 0.992174 0.963285 0.993043 0.971981 0.990870 0.979710 0.987391 0.980676 0.986087 0.973913 0.981304 0.973913 0.978261 0.961353 0.972565
0 0.986473 0.944783 0.977778 0.943478 0.968116 0.947391 0.954589 0.950000 0.951691 0.951739 0.948792 0.963043 0.952657 0.968261 0.958454 0.970435 0.968116 0.971304 0.978744 0.970870 0.987440 0.969565 0.996135 0.966522 0.999034 0.961130 0.999517 0.954261 0.996135 0.949565
0 0.978744 0.925217 0.955556 0.923913 0.933333 0.926957 0.923671 0.930870 0.921739 0.933478 0.921739 0.938261 0.925604 0.943043 0.934300 0.946957 0.951691 0.950000 0.963285 0.948696 0.974879 0.944783 0.979710 0.941739 0.984541 0.927391
0 0.994203 0.898696 0.974879 0.905217 0.971014 0.910000 0.971014 0.914348 0.974879 0.921304 0.980676 0.925217 0.989372 0.927826 1.000000 0.928261 1.000000 0.898696
0 0.907246 0.894783 0.897585 0.896957 0.885024 0.903478 0.882126 0.906957 0.882126 0.912174 0.891787 0.922174 0.901449 0.924348 0.914010 0.925652 0.926570 0.925217 0.937198 0.922609 0.943961 0.919565 0.946860 0.913913 0.943961 0.903478 0.939130 0.900000 0.929469 0.896522 0.919807 0.894783
0 0.848309 0.920870 0.845411 0.922609 0.841546 0.929565 0.841546 0.934783 0.848309 0.943478 0.858937 0.948696 0.866667 0.950435 0.877295 0.950870 0.889855 0.949130 0.899517 0.945217 0.907246 0.940000 0.908213 0.934783 0.904348 0.930870 0.893720 0.924783 0.881159 0.921304 0.857971 0.919565
0 0.642512 0.926957 0.630918 0.934783 0.631884 0.940000 0.635749 0.942609 0.648309 0.948261 0.657005 0.950435 0.673430 0.952609 0.684058 0.951739 0.691787 0.953478 0.695652 0.950000 0.699517 0.939130 0.696618 0.934783 0.689855 0.932174 0.687923 0.930000 0.678261 0.925652 0.666667 0.923043 0.655072 0.923478
0 0.752657 0.912174 0.747826 0.913043 0.735266 0.919130 0.735266 0.923913 0.728502 0.933478 0.728502 0.939565 0.742995 0.943478 0.769082 0.942609 0.778744 0.939565 0.781643 0.935652 0.781643 0.929130 0.772947 0.918261
0 0.795169 0.920000 0.789372 0.924348 0.781643 0.926957 0.780676 0.939565 0.787440 0.944783 0.796135 0.946957 0.810628 0.947391 0.830918 0.943043 0.833816 0.940000 0.831884 0.932174 0.822222 0.924348 0.813527 0.920870
0 0.809662 0.900870 0.804831 0.908261 0.806763 0.912174 0.810628 0.913913 0.844444 0.916957 0.856039 0.916957 0.865700 0.914783 0.869565 0.912609 0.869565 0.903478 0.865700 0.899130 0.856039 0.893913 0.842512 0.892609 0.831884 0.893043 0.822222 0.895217
0 0.978744 0.870435 0.967150 0.874783 0.966184 0.879130 0.968116 0.882609 0.981643 0.893478 1.000000 0.894783 1.000000 0.870435
0 0.909179 0.872609 0.892754 0.869130 0.885024 0.869130 0.863768 0.873913 0.858937 0.880000 0.857971 0.885217 0.860870 0.890435 0.870531 0.895217 0.890821 0.895217 0.910145 0.890870 0.914010 0.886087 0.914010 0.879130
0 0.823188 0.867826 0.815459 0.868696 0.807729 0.871304 0.802899 0.874348 0.799034 0.879565 0.799034 0.885652 0.801932 0.890000 0.815459 0.892174 0.823188 0.892174 0.842512 0.888696 0.849275 0.884783 0.849275 0.877391 0.843478 0.872609 0.832850 0.869130
0 0.756522 0.892609 0.742029 0.899565 0.742995 0.904348 0.747826 0.906522 0.750725 0.910435 0.753623 0.912174 0.773913 0.916957 0.779710 0.917391 0.794203 0.916087 0.798068 0.913478 0.800966 0.908261 0.800966 0.901739 0.796135 0.895652 0.787440 0.892174 0.782609 0.891739
0 0.725604 0.905652 0.716908 0.905652 0.690821 0.914348 0.685024 0.919565 0.686957 0.925217 0.695652 0.929130 0.708213 0.932174 0.723671 0.932174 0.728502 0.929565 0.733333 0.924348 0.733333 0.914783
0 0.663768 0.886957 0.655072 0.890870 0.649275 0.896087 0.650242 0.904783 0.655072 0.909130 0.661836 0.912174 0.669565 0.913478 0.689855 0.913043 0.698551 0.911304 0.714976 0.905217 0.719807 0.900870 0.719807 0.895652 0.716908 0.892174 0.712077 0.890000 0.683092 0.885652 0.672464 0.885652
0 0.612560 0.902609 0.606763 0.913478 0.606763 0.916957 0.612560 0.920435 0.642512 0.922174 0.660870 0.919130 0.662802 0.917826 0.661836 0.912609 0.641546 0.899565 0.628986 0.897826 0.621256 0.899130
0 0.549758 0.892174 0.542029 0.896087 0.541063 0.902609 0.542995 0.908261 0.551691 0.915217 0.571014 0.919565 0.587440 0.919565 0.603865 0.912174 0.605797 0.901304 0.600966 0.896087 0.591304 0.891304 0.578744 0.889565 0.568116 0.889565
0 0.639614 0.873043 0.627053 0.873478 0.610628 0.876522 0.601932 0.879565 0.597101 0.884348 0.598068 0.889130 0.607729 0.894348 0.621256 0.896522 0.632850 0.896522 0.649275 0.893043 0.654106 0.888696 0.655072 0.884783 0.646377 0.875652
0 0.690821 0.857826 0.683092 0.859565 0.673430 0.864783 0.668599 0.869130 0.665700 0.876957 0.673430 0.882174 0.684058 0.884783 0.709179 0.886087 0.717874 0.883913 0.726570 0.873913 0.725604 0.870000 0.717874 0.862609 0.709179 0.859565
0 0.784541 0.869130 0.777778 0.866522 0.766184 0.864348 0.751691 0.865217 0.742995 0.867391 0.728502 0.873478 0.720773 0.883913 0.722705 0.887826 0.732367 0.890870 0.749758 0.892609 0.785507 0.889565 0.794203 0.885217 0.795169 0.879565 0.793237 0.876087
0 0.856039 0.840435 0.845411 0.842609 0.830918 0.851304 0.824155 0.862174 0.826087 0.866087 0.838647 0.870000 0.848309 0.871304 0.865700 0.871739 0.880193 0.866522 0.884058 0.863043 0.885990 0.857826 0.885024 0.852174 0.875362 0.843913
0 0.992271 0.860870 0.988406 0.856522 0.978744 0.850435 0.970048 0.846522 0.960386 0.846087 0.939130 0.856087 0.923671 0.858696 0.922705 0.863478 0.925604 0.866957 0.935266 0.870000 0.945894 0.871304 0.966184 0.871304 0.987440 0.867826 0.991304 0.865652
0 0.982609 0.828696 0.969082 0.835652 0.969082 0.844783 0.979710 0.850870 1.000000 0.852174 1.000000 0.827826
0 0.954589 0.843913 0.941063 0.837391 0.927536 0.835652 0.911111 0.836957 0.897585 0.843478 0.894686 0.849130 0.896618 0.853913 0.899517 0.855652 0.909179 0.857826 0.927536 0.858261 0.935266 0.857391 0.952657 0.850000 0.955556 0.846522
0 0.931401 0.811739 0.916908 0.818261 0.913043 0.821739 0.913043 0.826522 0.928502 0.834348 0.947826 0.837826 0.958454 0.843043 0.962319 0.843478 0.966184 0.841739 0.969082 0.834348 0.978744 0.829565 0.978744 0.822174 0.975845 0.817391 0.969082 0.812609 0.962319 0.810870 0.950725 0.810435
0 0.460870 0.875652 0.447343 0.878261 0.445411 0.880000 0.445411 0.889565 0.449275 0.899130 0.453140 0.903043 0.462802 0.906522 0.466667 0.909565 0.473430 0.911739 0.483092 0.911739 0.487923 0.907826 0.498551 0.904348 0.504348 0.900435 0.506280 0.896522 0.504348 0.888696 0.496618 0.880870 0.487923 0.876522 0.483092 0.875217
0 0.364251 0.889565 0.360386 0.892174 0.360386 0.896522 0.371981 0.903913 0.376812 0.909130 0.384541 0.912609 0.396135 0.915652 0.415459 0.916087 0.425121 0.912174 0.437681 0.901304 0.435749 0.896087 0.426087 0.890000 0.404831 0.885652 0.398068 0.885217 0.380676 0.886087
0 0.326570 0.860435 0.320773 0.867391 0.320773 0.870435 0.325604 0.875217 0.334300 0.880435 0.350725 0.885217 0.365217 0.885217 0.379710 0.877391 0.380676 0.867826 0.376812 0.863913 0.369082 0.860000 0.354589 0.857826 0.342029 0.857826
0 0.414493 0.842609 0.403865 0.843478 0.397101 0.845652 0.388406 0.850000 0.381643 0.861304 0.382609 0.865217 0.394203 0.874348 0.400000 0.875652 0.415459 0.875652 0.432850 0.873043 0.441546 0.868696 0.446377 0.862609 0.445411 0.854783 0.437681 0.847826
0 0.497585 0.829565 0.477295 0.826522 0.469565 0.826522 0.448309 0.830000 0.439614 0.834348 0.437681 0.836957 0.437681 0.844348 0.447343 0.853913 0.452174 0.856522 0.461836 0.857826 0.479227 0.857391 0.502415 0.850435 0.504348 0.842609 0.509179 0.837826
0 0.575845 0.837826 0.553623 0.833043 0.540097 0.833478 0.521739 0.836522 0.508213 0.843043 0.506280 0.846522 0.507246 0.853043 0.516908 0.860435 0.525604 0.863043 0.533333 0.863913 0.548792 0.863478 0.555556 0.862174 0.563285 0.856957 0.580676 0.850435 0.581643 0.840870
0 0.576812 0.851739 0.566184 0.855652 0.556522 0.863478 0.556522 0.869130 0.551691 0.871304 0.551691 0.873913 0.555556 0.874783 0.558454 0.877826 0.572947 0.881304 0.594203 0.881304 0.615459 0.873478 0.615459 0.864783 0.608696 0.859565 0.607729 0.856957 0.600966 0.853478 0.590338 0.851739
0 0.680193 0.845217 0.666667 0.842174 0.658937 0.842174 0.639614 0.846522 0.631884 0.845652 0.621256 0.846087 0.613527 0.849565 0.611594 0.853043 0.612560 0.859130 0.620290 0.865652 0.628986 0.870435 0.636715 0.872174 0.651208 0.872609 0.659903 0.871739 0.665700 0.870000 0.680193 0.859130 0.681159 0.853913 0.685024 0.850000 0.684058 0.847391
0 0.699517 0.849130 0.701449 0.853913 0.707246 0.855217 0.714010 0.859565 0.722705 0.862609 0.734300 0.863913 0.747826 0.863913 0.755556 0.863043 0.763285 0.860435 0.766184 0.851739 0.766184 0.843043 0.757488 0.839130 0.736232 0.838696 0.718841 0.840435 0.712077 0.842174
0 0.815459 0.843478 0.782609 0.843913 0.767150 0.849130 0.765217 0.853043 0.766184 0.861304 0.782609 0.868261 0.793237 0.868696 0.800966 0.867826 0.821256 0.861304 0.822222 0.857391 0.827053 0.853913 0.827053 0.849565
0 0.771981 0.819130 0.764251 0.823043 0.752657 0.833043 0.754589 0.837391 0.768116 0.842174 0.777778 0.843478 0.796135 0.843478 0.812560 0.842174 0.815459 0.837391 0.815459 0.832609 0.808696 0.823043 0.800966 0.819130 0.795169 0.817826 0.781643 0.817391
0 0.857971 0.810870 0.845411 0.809565 0.823188 0.813478 0.815459 0.816522 0.810628 0.823043 0.815459 0.832609 0.819324 0.834783 0.832850 0.836087 0.851208 0.835652 0.866667 0.827391 0.869565 0.824348 0.869565 0.819565
0 0.906280 0.825652 0.882126 0.823913 0.860870 0.829130 0.855072 0.834348 0.862802 0.840870 0.873430 0.843043 0.890821 0.842609 0.900483 0.840870 0.908213 0.834348 0.908213 0.827826
0 0.995169 0.799565 0.986473 0.802174 0.986473 0.811304 0.992271 0.818696 0.995169 0.820000 1.000000 0.820000 1.000000 0.799565
0 0.909179 0.795652 0.883092 0.796957 0.869565 0.803043 0.867633 0.810435 0.870531 0.815217 0.878261 0.820000 0.887923 0.823478 0.908213 0.823478 0.919807 0.814783 0.919807 0.801739
0 0.965217 0.786957 0.949758 0.785217 0.934300 0.789130 0.922705 0.801304 0.924638 0.807391 0.930435 0.810435 0.942995 0.810870 0.961353 0.809565 0.970048 0.808261 0.979710 0.804348 0.982609 0.800000 0.981643 0.796957 0.974879 0.790870
0 0.871498 0.784783 0.851208 0.780870 0.844444 0.780870 0.833816 0.784348 0.826087 0.793043 0.827053 0.808696 0.828986 0.810870 0.839614 0.809130 0.857005 0.808261 0.879227 0.796957 0.879227 0.790000
0 0.771014 0.789130 0.763285 0.793043 0.757488 0.802609 0.758454 0.806522 0.770048 0.813043 0.778744 0.815652 0.804831 0.815652 0.818357 0.813478 0.825121 0.806522 0.826087 0.800870 0.824155 0.794783 0.817391 0.790000 0.810628 0.788261 0.783575 0.787391
0 0.763285 0.810000 0.751691 0.807826 0.725604 0.807826 0.708213 0.813043 0.705314 0.817391 0.706280 0.822609 0.710145 0.826957 0.722705 0.833913 0.743961 0.834783 0.754589 0.830870 0.770048 0.815652 0.769082 0.813043
0 0.681159 0.820435 0.673430 0.822174 0.668599 0.825217 0.666667 0.830435 0.667633 0.838696 0.670531 0.841739 0.677295 0.844783 0.685024 0.846087 0.698551 0.846087 0.712077 0.842174 0.718841 0.833913 0.714976 0.829565 0.706280 0.824783 0.691787 0.821304
0 0.615459 0.817391 0.605797 0.820435 0.601932 0.825217 0.600966 0.831304 0.605797 0.837391 0.612560 0.840435 0.632850 0.845652 0.647343 0.844783 0.663768 0.839565 0.665700 0.836087 0.665700 0.825652 0.659903 0.820435 0.651208 0.816957 0.640580 0.815652
0 0.566184 0.803913 0.555556 0.806522 0.548792 0.813043 0.550725 0.827391 0.552657 0.830870 0.557488 0.833478 0.571981 0.837391 0.579710 0.838261 0.587440 0.836522 0.599034 0.831739 0.604831 0.817391 0.600000 0.809130 0.592271 0.804783 0.587440 0.803913
0 0.621256 0.792174 0.607729 0.798696 0.602899 0.803478 0.601932 0.808261 0.605797 0.816087 0.611594 0.817826 0.630918 0.815652 0.657005 0.816087 0.661836 0.810870 0.661836 0.806087 0.650242 0.794783 0.642512 0.792174 0.632850 0.790870
0 0.672464 0.782174 0.664734 0.783913 0.657005 0.787391 0.654106 0.791304 0.655072 0.798696 0.659903 0.805217 0.666667 0.808696 0.672464 0.810435 0.684058 0.810435 0.706280 0.806087 0.708213 0.803478 0.707246 0.792174 0.702415 0.786957 0.695652 0.783913 0.684058 0.782174
0 0.770048 0.782609 0.763285 0.781304 0.745894 0.780870 0.717874 0.785652 0.708213 0.792609 0.708213 0.796957 0.712077 0.801304 0.725604 0.807391 0.738164 0.807826 0.751691 0.806087 0.760386 0.799130 0.763285 0.793043 0.771014 0.787826
0 0.834783 0.774348 0.830918 0.771739 0.823188 0.770435 0.802899 0.772174 0.789372 0.776957 0.775845 0.779565 0.772947 0.781739 0.773913 0.785217 0.776812 0.786957 0.802899 0.787826 0.823188 0.790435 0.828986 0.788261 0.833816 0.783478
0 0.943961 0.762609 0.933333 0.762174 0.914976 0.764348 0.904348 0.766522 0.896618 0.769565 0.893720 0.771739 0.890821 0.778261 0.892754 0.783043 0.902415 0.785217 0.922705 0.787391 0.936232 0.787391 0.952657 0.783478 0.952657 0.770435 0.950725 0.766957
0 0.951691 0.748696 0.944928 0.757826 0.944928 0.762174 0.951691 0.767826 0.981643 0.776957 0.988406 0.777391 0.996135 0.775217 1.000000 0.775217 1.000000 0.752609 0.995169 0.752609 0.976812 0.749130
0 0.899517 0.739565 0.889855 0.744348 0.884058 0.755217 0.890821 0.763043 0.910145 0.764783 0.938164 0.761304 0.944928 0.756087 0.944928 0.750435 0.940097 0.745217 0.931401 0.741304 0.919807 0.738696 0.905314 0.738261
0 0.828986 0.755652 0.822222 0.759130 0.822222 0.764348 0.833816 0.772609 0.845411 0.778696 0.862802 0.782174 0.875362 0.782609 0.883092 0.781739 0.887923 0.779130 0.891787 0.773913 0.885990 0.760435 0.882126 0.756087 0.872464 0.752174 0.861836 0.750435 0.846377 0.751304
0 0.813527 0.756522 0.808406 0.753435 0.801932 0.753043 0.792271 0.752609 0.771981 0.754348 0.758454 0.757391 0.751691 0.760000 0.749758 0.764783 0.751691 0.768261 0.760386 0.775217 0.773913 0.778261 0.780676 0.778261 0.791304 0.776087 0.808696 0.769130 0.810628 0.765652 0.813527 0.764348
0 0.736232 0.747826 0.726570 0.750870 0.706280 0.750435 0.683092 0.759130 0.674396 0.766087 0.674396 0.769565 0.682126 0.776522 0.694686 0.782174 0.702415 0.783913 0.718841 0.784783 0.737198 0.782174 0.744928 0.780000 0.750725 0.775652 0.752657 0.770435 0.748792 0.766087 0.747826 0.759565 0.743961 0.753478
0 0.618357 0.761304 0.609662 0.767391 0.610628 0.780000 0.623188 0.788261 0.638647 0.790000 0.649275 0.789565 0.675362 0.780435 0.678261 0.775217 0.674396 0.770435 0.662802 0.764783 0.640580 0.760435 0.624155 0.760435
0 0.614493 0.783043 0.596135 0.776087 0.586473 0.776957 0.577778 0.779130 0.558454 0.788261 0.556522 0.790870 0.558454 0.799565 0.574879 0.802609 0.596135 0.802609 0.611594 0.796522 0.618357 0.791304 0.618357 0.788696 0.614493 0.786522
0 0.612560 0.759565 0.592271 0.753913 0.576812 0.753913 0.550725 0.757391 0.541063 0.760435 0.539130 0.763043 0.540097 0.768261 0.548792 0.776087 0.557488 0.778696 0.571014 0.779565 0.585507 0.776522 0.597101 0.776087 0.600000 0.774783 0.611594 0.763913
0 0.508213 0.778261 0.508213 0.783478 0.513043 0.785217 0.517874 0.789130 0.542029 0.795652 0.552657 0.796957 0.556522 0.778696 0.543961 0.772174 0.525604 0.773478
0 0.552657 0.798696 0.534300 0.793913 0.516908 0.791304 0.498551 0.794783 0.490821 0.798261 0.489855 0.803043 0.500483 0.811304 0.510145 0.811304 0.539130 0.807826 0.549758 0.803043
0 0.485990 0.821739 0.485990 0.826087 0.501449 0.830000 0.543961 0.831739 0.548792 0.829565 0.549758 0.825652 0.546860 0.815217 0.544928 0.813043 0.537198 0.810870 0.521739 0.810870 0.506280 0.812609
0 0.474396 0.799565 0.464734 0.798696 0.465700 0.802609 0.463768 0.805652 0.443478 0.815217 0.442512 0.818261 0.451208 0.823478 0.469565 0.823478 0.486957 0.818696 0.494686 0.813913 0.495652 0.810000 0.490821 0.805217
0 0.407729 0.787391 0.397101 0.793478 0.392271 0.798261 0.393237 0.803478 0.399034 0.807391 0.423188 0.813043 0.449275 0.813478 0.453140 0.812609 0.463768 0.806957 0.466667 0.802609 0.451208 0.790000 0.440580 0.786957 0.431884 0.786087 0.415459 0.786087
0 0.401932 0.812174 0.396135 0.813478 0.391304 0.816522 0.393237 0.831304 0.403865 0.840870 0.415459 0.841739 0.431884 0.838261 0.438647 0.830000 0.439614 0.822174 0.434783 0.817826 0.422222 0.813478
0 0.358454 0.808261 0.352657 0.809565 0.346860 0.813478 0.346860 0.825652 0.350725 0.831739 0.364251 0.839565 0.372947 0.840000 0.389372 0.833043 0.388406 0.814348 0.385507 0.811304 0.374879 0.808261
0 0.379710 0.776522 0.368116 0.777391 0.355556 0.780000 0.343961 0.786957 0.342029 0.790870 0.346860 0.797391 0.356522 0.801304 0.372947 0.805217 0.379710 0.805217 0.390338 0.801304 0.393237 0.797391 0.401932 0.791304 0.400966 0.786522 0.395169 0.783913 0.389372 0.779130
0 0.395169 0.760435 0.382609 0.770435 0.383575 0.776087 0.391304 0.780000 0.395169 0.783913 0.403865 0.786957 0.439614 0.784783 0.452174 0.772609 0.452174 0.767391 0.446377 0.762609 0.413527 0.756522 0.403865 0.757826
0 0.455072 0.770435 0.447343 0.778261 0.447343 0.784348 0.451208 0.790000 0.458937 0.793913 0.468599 0.796957 0.476329 0.797391 0.488889 0.796087 0.508213 0.791304 0.511111 0.786957 0.506280 0.779130 0.499517 0.775217 0.471498 0.769565 0.464734 0.769130
0 0.477295 0.743913 0.471498 0.746522 0.463768 0.756087 0.464734 0.760000 0.483092 0.769565 0.496618 0.771304 0.512077 0.771304 0.522705 0.770000 0.535266 0.765217 0.536232 0.758696 0.530435 0.751304 0.518841 0.744348 0.503382 0.741304 0.490821 0.741304
0 0.449275 0.733913 0.428986 0.735217 0.417391 0.737826 0.412560 0.740000 0.410628 0.746087 0.411594 0.752609 0.420290 0.756957 0.435749 0.760000 0.447343 0.759565 0.458937 0.756957 0.465700 0.753043 0.467633 0.750000 0.466667 0.739565 0.459903 0.736087
0 0.356522 0.724348 0.350725 0.726957 0.347826 0.730000 0.344928 0.740435 0.359420 0.756087 0.365217 0.758261 0.373913 0.758696 0.391304 0.756957 0.404831 0.754348 0.407729 0.752609 0.406763 0.741739 0.401932 0.736087 0.391304 0.731304 0.371981 0.725217 0.361353 0.723478
0 0.337198 0.766522 0.323671 0.766522 0.306280 0.769130 0.299517 0.770870 0.294686 0.775217 0.302415 0.781739 0.325604 0.790870 0.339130 0.789565 0.353623 0.780435 0.352657 0.774348 0.343961 0.767826
0 0.534300 0.729130 0.522705 0.736087 0.523671 0.744783 0.534300 0.751304 0.546860 0.752174 0.571014 0.749565 0.580676 0.745652 0.581643 0.739565 0.574879 0.733913 0.560386 0.731739 0.544928 0.727391
0 0.603865 0.723478 0.590338 0.728696 0.585507 0.735217 0.586473 0.748261 0.595169 0.752174 0.612560 0.756957 0.630918 0.757391 0.643478 0.753043 0.647343 0.749130 0.651208 0.732609 0.649275 0.728261 0.640580 0.724348 0.630918 0.723043 0.617391 0.722609
0 0.675362 0.728261 0.666667 0.728696 0.657005 0.732174 0.652174 0.735652 0.647343 0.743913 0.651208 0.748261 0.653140 0.756087 0.664734 0.758261 0.682126 0.757391 0.699517 0.752174 0.705314 0.748696 0.706280 0.743913 0.704348 0.739130 0.691787 0.732174
0 0.726570 0.740000 0.727536 0.741739 0.743961 0.748261 0.754589 0.749130 0.771014 0.752174 0.783575 0.752174 0.793237 0.749130 0.799034 0.744348 0.800000 0.735217 0.798068 0.732174 0.784541 0.727391 0.762319 0.726957 0.754589 0.728261
0 0.830918 0.724348 0.821256 0.724348 0.813527 0.726957 0.801932 0.741304 0.801932 0.746957 0.805797 0.752174 0.821256 0.758261 0.834783 0.753478 0.850242 0.750435 0.854106 0.748261 0.857005 0.743913 0.857005 0.740000 0.849275 0.729565 0.842512 0.726522
0 0.910145 0.720870 0.901449 0.719130 0.878261 0.718696 0.864734 0.719565 0.854106 0.723478 0.849275 0.729130 0.860870 0.744348 0.875362 0.745652 0.885024 0.745217 0.892754 0.743043 0.907246 0.736087 0.914976 0.728261 0.916908 0.724348
0 0.995169 0.775217 0.977778 0.783043 0.976812 0.787826 0.995169 0.794348 1.000000 0.794348 1.000000 0.775217
0 0.995169 0.726522 0.986473 0.733043 0.983575 0.740870 0.995169 0.748696 1.000000 0.748696 1.000000 0.726522
0 0.987440 0.718696 0.971981 0.716957 0.950725 0.717391 0.935266 0.721739 0.921739 0.727826 0.919807 0.730000 0.919807 0.733478 0.924638 0.737391 0.946860 0.746087 0.962319 0.746957 0.969082 0.745652 0.980676 0.740435 0.991304 0.726087 0.991304 0.723043
0 0.798068 0.700435 0.786473 0.701739 0.783575 0.703043 0.776812 0.713478 0.785507 0.726087 0.796135 0.730000 0.805797 0.730870 0.820290 0.724348 0.830918 0.721304 0.833816 0.717826 0.833816 0.711304 0.831884 0.707391 0.824155 0.702174 0.815459 0.700870
0 0.690821 0.710435 0.682126 0.719130 0.682126 0.722609 0.687923 0.728696 0.707246 0.737826 0.716908 0.739565 0.725604 0.739130 0.751691 0.726957 0.752657 0.718696 0.750725 0.716957 0.735266 0.711304 0.709179 0.707826
0 0.602899 0.706087 0.601932 0.710435 0.603865 0.713478 0.611594 0.717826 0.625121 0.721739 0.646377 0.725217 0.673430 0.723478 0.677295 0.721739 0.675362 0.716522 0.665700 0.710435 0.651208 0.706087 0.622222 0.700435 0.612560 0.700870
0 0.537198 0.706957 0.534300 0.708261 0.533333 0.713913 0.540097 0.723043 0.548792 0.728261 0.561353 0.731304 0.575845 0.732174 0.583575 0.730870 0.591304 0.727826 0.598068 0.722174 0.600966 0.715652 0.600966 0.711304 0.598068 0.707826 0.594203 0.706087 0.578744 0.703043 0.566184 0.702609 0.556522 0.703043
0 0.484058 0.686087 0.472464 0.692609 0.473430 0.698696 0.483092 0.708696 0.502415 0.714348 0.518841 0.714783 0.528502 0.713043 0.545894 0.702609 0.545894 0.694783 0.540097 0.689565 0.525604 0.684348 0.512077 0.683043 0.496618 0.683913
0 0.595169 0.673913 0.589372 0.677391 0.591304 0.685217 0.590338 0.693478 0.594203 0.696087 0.599034 0.697826 0.606763 0.698696 0.616425 0.697826 0.634783 0.693478 0.640580 0.689565 0.640580 0.685217 0.637681 0.681304 0.631884 0.677826 0.610628 0.673913
0 0.731401 0.693043 0.725604 0.696522 0.722705 0.700435 0.731401 0.709130 0.742029 0.713043 0.753623 0.715217 0.761353 0.715217 0.771981 0.713478 0.778744 0.708696 0.782609 0.699130 0.781643 0.693043 0.776812 0.691304 0.770048 0.691304 0.765217 0.690000 0.747826 0.690000
0 0.681159 0.678696 0.672464 0.682174 0.665700 0.689130 0.667633 0.698696 0.670531 0.702174 0.673430 0.703478 0.697585 0.703913 0.718841 0.701739 0.727536 0.693478 0.726570 0.688696 0.720773 0.682609 0.713043 0.679565 0.701449 0.677391 0.690821 0.676957
0 0.856039 0.690870 0.850242 0.693043 0.845411 0.698261 0.833816 0.704783 0.835749 0.713478 0.840580 0.715652 0.858937 0.719130 0.883092 0.718261 0.887923 0.716522 0.889855 0.711304 0.885990 0.705217 0.885024 0.698696 0.880193 0.693043 0.872464 0.691304
0 0.913043 0.688261 0.897585 0.692609 0.888889 0.696522 0.886957 0.699130 0.886957 0.706087 0.892754 0.713478 0.916908 0.723043 0.928502 0.723043 0.943961 0.720000 0.954589 0.716087 0.956522 0.713478 0.955556 0.708696 0.945894 0.696957 0.939130 0.693478 0.924638 0.688696
0 0.970048 0.680870 0.957488 0.683043 0.950725 0.686522 0.948792 0.697826 0.957488 0.709565 0.970048 0.712174 0.983575 0.712609 0.992271 0.710000 0.996135 0.706087 1.000000 0.706087 1.000000 0.682609 0.989372 0.680870
0 0.995169 0.663478 0.990338 0.667826 0.984541 0.670435 0.984541 0.674348 0.990338 0.680000 0.995169 0.681739 1.000000 0.681739 1.000000 0.663478
0 0.980676 0.670870 0.972947 0.668261 0.962319 0.666957 0.945894 0.666522 0.926570 0.667826 0.917874 0.671739 0.916908 0.677391 0.912077 0.681304 0.910145 0.685652 0.915942 0.687826 0.928502 0.687391 0.943961 0.683913 0.974879 0.680000 0.980676 0.677826 0.982609 0.674348
0 0.892754 0.664348 0.876329 0.666957 0.868599 0.671739 0.866667 0.678261 0.882126 0.691304 0.890821 0.692609 0.909179 0.688696 0.915942 0.678696 0.914976 0.673043 0.910145 0.668261 0.902415 0.664783
0 0.827053 0.666957 0.800966 0.670870 0.793237 0.673913 0.791304 0.690000 0.794203 0.693913 0.802899 0.699130 0.832850 0.702609 0.842512 0.700000 0.854106 0.689565 0.855072 0.680870 0.849275 0.672609 0.831884 0.666957
0 0.446377 0.686957 0.435749 0.687826 0.415459 0.696957 0.412560 0.706957 0.413527 0.709130 0.417391 0.710435 0.448309 0.715217 0.457005 0.714783 0.472464 0.712174 0.478261 0.709565 0.478261 0.705217 0.471498 0.695652 0.466667 0.692174 0.457005 0.688261
0 0.450242 0.656087 0.441546 0.655217 0.423188 0.655652 0.410628 0.658261 0.403865 0.662609 0.400966 0.666957 0.401932 0.677391 0.421256 0.689565 0.456039 0.686957 0.466667 0.682174 0.470531 0.678261 0.472464 0.673913 0.470531 0.665652 0.464734 0.660870
0 0.729469 0.662609 0.721739 0.667391 0.719807 0.672174 0.722705 0.679565 0.728502 0.683478 0.740097 0.687391 0.751691 0.689565 0.769082 0.688696 0.779710 0.686957 0.784541 0.682609 0.784541 0.675217 0.782609 0.670435 0.775845 0.666087 0.767150 0.662609 0.746860 0.660000 0.741063 0.660000
0 0.635749 0.648261 0.631884 0.650000 0.631884 0.663043 0.638647 0.670435 0.652174 0.678261 0.662802 0.680435 0.675362 0.680435 0.691787 0.675217 0.702415 0.670000 0.704348 0.665652 0.701449 0.662174 0.687923 0.654783 0.673430 0.650000 0.658937 0.647391
0 0.332367 0.697391 0.333333 0.708696 0.346860 0.716087 0.357488 0.717826 0.372947 0.717826 0.395169 0.715217 0.401932 0.713043 0.413527 0.701739 0.410628 0.697391 0.399034 0.696522 0.390338 0.692609 0.378744 0.690870 0.350725 0.691739 0.340097 0.693043
0 0.359420 0.664348 0.350725 0.668261 0.344928 0.678261 0.349758 0.684348 0.357488 0.688261 0.365217 0.690000 0.384541 0.691304 0.392271 0.690870 0.400000 0.687391 0.402899 0.682609 0.397101 0.668696 0.387440 0.663913 0.374879 0.663043
0 0.335266 0.653478 0.308213 0.653913 0.299517 0.655652 0.296618 0.657391 0.294686 0.661739 0.295652 0.671304 0.309179 0.686957 0.314976 0.688696 0.319807 0.688696 0.333333 0.686087 0.344928 0.681739 0.345894 0.674348 0.354589 0.661739 0.343961 0.655217
0 0.288889 0.709565 0.284058 0.712174 0.283092 0.718696 0.286957 0.724783 0.292754 0.727826 0.308213 0.733043 0.314976 0.733913 0.325604 0.733478 0.341063 0.730000 0.344928 0.720435 0.340097 0.714348 0.330435 0.706957 0.319807 0.704783 0.307246 0.704783
0 0.265700 0.728261 0.256039 0.733478 0.253140 0.740000 0.255072 0.745652 0.262802 0.749130 0.283092 0.753478 0.292754 0.753913 0.307246 0.752609 0.314010 0.746957 0.314010 0.739130 0.309179 0.733478 0.299227 0.730522 0.292754 0.728696 0.279324 0.726261 0.271498 0.727391
0 0.090821 0.953043 0.082126 0.962174 0.082126 0.967391 0.086957 0.971304 0.108213 0.975217 0.143961 0.975217 0.149758 0.972609 0.150725 0.970000 0.143961 0.965652 0.141063 0.961739 0.123671 0.953913 0.105314 0.951304 0.098551 0.951304
0 0.141063 0.937391 0.132367 0.941304 0.128502 0.946957 0.130435 0.954348 0.137198 0.959565 0.150725 0.964783 0.159420 0.963913 0.179710 0.964783 0.187440 0.963913 0.201932 0.955652 0.200966 0.948696 0.190338 0.945217 0.171014 0.935217 0.151691 0.934348
0 0.223188 0.919565 0.205797 0.919565 0.186473 0.923478 0.183575 0.925652 0.176812 0.935217 0.177778 0.939565 0.194203 0.946957 0.209662 0.947391 0.231884 0.943043 0.239614 0.935652 0.240580 0.927391 0.235749 0.923913
0 0.120773 0.915652 0.099517 0.916522 0.090821 0.918696 0.087923 0.920870 0.085024 0.939565 0.087923 0.943913 0.092754 0.946522 0.100483 0.947391 0.122705 0.944348 0.152657 0.933043 0.153623 0.927391 0.149758 0.924348 0.142029 0.920870
0 0.144928 0.895217 0.133333 0.899130 0.128502 0.903913 0.128502 0.906522 0.138164 0.918696 0.154589 0.925217 0.172947 0.925652 0.187440 0.922174 0.201932 0.916087 0.205797 0.913043 0.205797 0.907826 0.200966 0.903478 0.190338 0.899130 0.163285 0.894348
0 0.283092 0.885217 0.273430 0.886522 0.256039 0.894783 0.254106 0.900000 0.249275 0.904783 0.249275 0.908696 0.252174 0.912174 0.264734 0.916087 0.281159 0.916522 0.300483 0.915217 0.311111 0.910435 0.311111 0.898696 0.293720 0.888696
0 0.212560 0.882174 0.203865 0.886087 0.198068 0.890870 0.198068 0.897391 0.200966 0.901304 0.208696 0.904348 0.219324 0.906087 0.230918 0.906522 0.244444 0.905217 0.253140 0.897826 0.251208 0.887826 0.244444 0.884348 0.231884 0.881739 0.218357 0.881304
0 0.079227 0.883043 0.080193 0.892174 0.085024 0.896522 0.090821 0.899565 0.108213 0.901739 0.119807 0.902174 0.126570 0.901304 0.139130 0.896522 0.155556 0.893043 0.163285 0.888696 0.143961 0.876957 0.136232 0.875652 0.126570 0.876087 0.112077 0.873913 0.091787 0.875217 0.083092 0.879130
0 0.150725 0.858696 0.145894 0.862609 0.143961 0.873913 0.151691 0.880870 0.162319 0.885652 0.177778 0.888261 0.194203 0.888696 0.202899 0.886522 0.216425 0.880870 0.220290 0.877391 0.221256 0.872609 0.200000 0.858696 0.179710 0.854783 0.171981 0.854783 0.160386 0.857826
0 0.081159 0.860870 0.079227 0.864783 0.081159 0.868696 0.090821 0.873478 0.115942 0.873478 0.126570 0.874783 0.136232 0.871739 0.140097 0.869130 0.139130 0.865217 0.131401 0.860870 0.112077 0.858696 0.100483 0.856087 0.086957 0.857391
0 0.109179 0.833913 0.102415 0.840000 0.099517 0.840870 0.097585 0.849130 0.100483 0.853478 0.107246 0.856957 0.115942 0.858696 0.143961 0.860000 0.160386 0.856522 0.168116 0.853478 0.167150 0.844348 0.169082 0.841304 0.168116 0.837391 0.164251 0.833478 0.152657 0.831739 0.133333 0.831304
0 0.239614 0.843913 0.227053 0.844783 0.218357 0.846957 0.205797 0.852609 0.202899 0.856957 0.205797 0.862174 0.211594 0.866522 0.223188 0.872174 0.231884 0.874348 0.240580 0.874348 0.245411 0.872609 0.261836 0.856522 0.261836 0.849130 0.258937 0.846957 0.255072 0.845652
0 0.268599 0.837826 0.266667 0.840435 0.267633 0.843043 0.277295 0.850435 0.292754 0.856522 0.308213 0.860000 0.327536 0.860000 0.339130 0.857391 0.343961 0.854783 0.347826 0.848261 0.347826 0.843043 0.345894 0.840000 0.338164 0.836087 0.303382 0.832174 0.292754 0.832174 0.284058 0.833478 0.279227 0.835652
0 0.202899 0.820000 0.197101 0.820870 0.185507 0.826087 0.179710 0.830000 0.174879 0.838696 0.176812 0.841739 0.192271 0.846957 0.203865 0.848696 0.214493 0.848696 0.226087 0.844783 0.239614 0.843478 0.241546 0.842174 0.241546 0.835217 0.236715 0.830000 0.219324 0.821304
0 0.336232 0.805652 0.326570 0.804783 0.316908 0.805652 0.308213 0.807391 0.291787 0.813478 0.285990 0.821304 0.288889 0.828261 0.294686 0.830435 0.316908 0.833913 0.334300 0.833478 0.342029 0.830435 0.345894 0.827391 0.346860 0.811739 0.342995 0.808261
0 0.265700 0.795652 0.258937 0.796087 0.253140 0.798696 0.237681 0.801739 0.228986 0.806087 0.221256 0.813043 0.219324 0.817826 0.221256 0.822609 0.230918 0.827826 0.241546 0.830435 0.256039 0.831739 0.275362 0.830870 0.279227 0.830000 0.282126 0.826087 0.285990 0.810435
0 0.272464 0.783478 0.268599 0.786522 0.269565 0.796087 0.276329 0.804348 0.282126 0.808261 0.288889 0.809130 0.300483 0.808696 0.317874 0.802609 0.325604 0.798696 0.325604 0.794348 0.322705 0.790870 0.314976 0.786957 0.301449 0.784348 0.286957 0.783043
0 0.137198 0.810435 0.134300 0.813043 0.136232 0.822174 0.145894 0.827826 0.159420 0.831739 0.170048 0.832174 0.176812 0.830870 0.198068 0.818696 0.196135 0.813043 0.182609 0.809565 0.149758 0.808261
0 0.074396 0.806087 0.072464 0.820000 0.077295 0.826522 0.086957 0.831304 0.099517 0.833913 0.110145 0.833478 0.121739 0.829130 0.132367 0.821739 0.130435 0.813478 0.121739 0.809565 0.109179 0.806957 0.085024 0.804783
0 0.073430 0.790870 0.074396 0.798261 0.085990 0.804348 0.121739 0.808696 0.127536 0.808696 0.137198 0.806522 0.139130 0.802609 0.134300 0.798261 0.126570 0.793913 0.116908 0.790870 0.092754 0.786522 0.082126 0.786522
0 0.138164 0.786957 0.132367 0.790870 0.130435 0.795217 0.145894 0.806087 0.153623 0.807391 0.190338 0.808261 0.196135 0.806522 0.200000 0.803478 0.199034 0.794783 0.193237 0.786957 0.189372 0.784783 0.177778 0.782174 0.166184 0.781304 0.148792 0.783913
0 0.207729 0.767391 0.202029 0.769696 0.195169 0.772174 0.192271 0.775217 0.193237 0.780435 0.191304 0.784348 0.198068 0.792609 0.212560 0.798696 0.228986 0.800870 0.239614 0.800000 0.250242 0.796957 0.257971 0.792174 0.257971 0.784348 0.246377 0.778261 0.236715 0.775217 0.225121 0.768696 0.216425 0.767391
0 0.237681 0.750435 0.231884 0.751739 0.227053 0.755217 0.228019 0.763913 0.233816 0.771304 0.239614 0.775652 0.256039 0.781739 0.260870 0.782609 0.271498 0.782174 0.297585 0.771739 0.300483 0.767391 0.296618 0.760870 0.283092 0.754348 0.264734 0.750000 0.254106 0.749130
0 0.202899 0.745217 0.188406 0.743478 0.177778 0.744348 0.158454 0.752609 0.156522 0.760000 0.163285 0.766087 0.177778 0.772609 0.188406 0.772609 0.200000 0.770000 0.209662 0.766087 0.222222 0.765652 0.226087 0.764348 0.227053 0.759130 0.224155 0.751739
0 0.133333 0.753478 0.126570 0.755652 0.118841 0.760870 0.115942 0.764348 0.115942 0.767826 0.120773 0.778261 0.125604 0.782174 0.133333 0.784783 0.143961 0.784783 0.162319 0.781739 0.171014 0.778696 0.172947 0.776957 0.172947 0.770870 0.152657 0.759130 0.138164 0.753913
0 0.073430 0.763478 0.063768 0.772174 0.063768 0.776522 0.066667 0.779565 0.083092 0.786087 0.102415 0.787391 0.116908 0.790000 0.121739 0.789130 0.124638 0.787391 0.125604 0.782609 0.121739 0.779565 0.112077 0.775652 0.105314 0.770000 0.091787 0.765217
0 0.085024 0.737826 0.080193 0.739565 0.077295 0.746087 0.068599 0.752174 0.066667 0.754783 0.068599 0.760000 0.085024 0.764348 0.097585 0.765652 0.108213 0.765217 0.116908 0.760000 0.117874 0.756087 0.121739 0.752174 0.121739 0.747826 0.108213 0.739130 0.100483 0.737391
0 0.190338 0.722609 0.179710 0.720870 0.167150 0.720435 0.131401 0.725217 0.122705 0.727391 0.114976 0.733043 0.114010 0.739565 0.117874 0.743913 0.131401 0.751739 0.142995 0.753043 0.156522 0.752609 0.177778 0.744348 0.187440 0.743478 0.193237 0.741739 0.193237 0.723913
0 0.220290 0.716087 0.206763 0.718261 0.197101 0.722609 0.194203 0.726957 0.194203 0.734348 0.201932 0.743478 0.210628 0.747391 0.220290 0.750435 0.231884 0.750435 0.244444 0.748261 0.251208 0.745652 0.253140 0.736957 0.261836 0.729130 0.261836 0.727391 0.257971 0.722609 0.251208 0.719565 0.230918 0.716522
0 0.147826 0.703913 0.132367 0.700435 0.125604 0.700435 0.112077 0.702609 0.087923 0.712174 0.087923 0.720435 0.099517 0.723913 0.123671 0.726087 0.158454 0.721304 0.159420 0.716522
0 0.168116 0.697826 0.158454 0.702174 0.153623 0.708696 0.155556 0.713043 0.165217 0.719130 0.186473 0.721739 0.196135 0.721739 0.215459 0.715652 0.218357 0.713478 0.218357 0.706087 0.214493 0.703043 0.187440 0.696522 0.176812 0.696522
0 0.229952 0.696957 0.220290 0.704348 0.220290 0.710435 0.225121 0.715217 0.255072 0.719565 0.275362 0.719130 0.281159 0.717391 0.286957 0.708696 0.282126 0.704783 0.270531 0.699565 0.251208 0.695652 0.235749 0.695652
0 0.242512 0.663478 0.232850 0.668261 0.227053 0.675652 0.227053 0.682174 0.237681 0.693478 0.259903 0.696087 0.277295 0.699565 0.295652 0.700000 0.300483 0.699130 0.304348 0.697391 0.304348 0.692609 0.299517 0.676957 0.295652 0.671739 0.285990 0.664348 0.271498 0.660435 0.253140 0.660870
0 0.183575 0.681304 0.178744 0.685217 0.177778 0.689565 0.184541 0.694348 0.212560 0.700870 0.222222 0.700870 0.227053 0.697826 0.228986 0.690435 0.225121 0.681739 0.216425 0.680000 0.200000 0.679565
0 0.171981 0.673043 0.151691 0.672609 0.132367 0.677391 0.124638 0.680870 0.122705 0.683913 0.124638 0.690435 0.132367 0.695217 0.147826 0.700435 0.161353 0.700435 0.169082 0.697391 0.176812 0.696087 0.180676 0.693478 0.177778 0.689565 0.177778 0.685217 0.180676 0.681739 0.179710 0.677391
0 0.092754 0.678261 0.084058 0.678261 0.074396 0.682174 0.064734 0.694348 0.064734 0.698261 0.070531 0.709130 0.073430 0.711304 0.080193 0.712174 0.085990 0.711739 0.114976 0.702174 0.122705 0.700870 0.128502 0.697826 0.126570 0.692609 0.115942 0.684783 0.104348 0.680435
0 0.064734 0.662174 0.064734 0.666957 0.072464 0.672174 0.083092 0.676087 0.100483 0.679130 0.126570 0.678696 0.146860 0.673478 0.147826 0.669565 0.141063 0.660870 0.117874 0.653043 0.098551 0.650435 0.081159 0.650870 0.073430 0.653478
0 0.186473 0.655652 0.181643 0.657826 0.178744 0.661739 0.180676 0.668261 0.185507 0.673043 0.200000 0.678696 0.223188 0.679565 0.229952 0.670435 0.238647 0.664783 0.239614 0.661739 0.237681 0.658261 0.232850 0.656087 0.213527 0.653478
0 0.122705 0.632609 0.115942 0.642174 0.115942 0.650870 0.122705 0.654783 0.142029 0.660000 0.174879 0.660435 0.186473 0.655217 0.205797 0.653043 0.209662 0.651304 0.205797 0.646522 0.200000 0.643913 0.196135 0.637391 0.188406 0.633043 0.179710 0.630870 0.142029 0.627826 0.126570 0.630435
0 0.056039 0.615652 0.052174 0.617826 0.051208 0.623478 0.056039 0.639130 0.061836 0.643043 0.072464 0.646522 0.082126 0.647826 0.093720 0.647391 0.104348 0.645652 0.114976 0.641304 0.121739 0.632609 0.121739 0.630435 0.114010 0.625217 0.097585 0.619565
0 0.238647 0.625652 0.228986 0.628696 0.222222 0.634783 0.214493 0.645652 0.215459 0.650870 0.222222 0.654783 0.233816 0.655652 0.246377 0.659130 0.269565 0.659130 0.278261 0.656957 0.281159 0.654783 0.279227 0.644348 0.258937 0.628261 0.249275 0.626087
0 0.289855 0.630435 0.279227 0.638261 0.278261 0.642609 0.282126 0.646522 0.293720 0.650870 0.307246 0.653043 0.330435 0.651739 0.333333 0.650435 0.335266 0.646087 0.332367 0.637391 0.327536 0.632609 0.318841 0.630000 0.298551 0.629565
0 0.359420 0.633913 0.351691 0.636522 0.341063 0.646087 0.339130 0.650000 0.341063 0.653043 0.365217 0.660000 0.387440 0.660435 0.391304 0.659565 0.397101 0.656522 0.400966 0.651739 0.400966 0.644783 0.395169 0.636522 0.391304 0.634348 0.379710 0.632609
0 0.483092 0.623478 0.464734 0.624348 0.448309 0.629130 0.436715 0.634348 0.431884 0.639130 0.432850 0.650870 0.437681 0.653913 0.462802 0.657391 0.468599 0.657391 0.491787 0.654783 0.503382 0.650000 0.507246 0.646087 0.507246 0.638261 0.499517 0.630870
0 0.405797 0.609130 0.403865 0.611739 0.403865 0.623913 0.412560 0.628696 0.428019 0.629565 0.445411 0.629130 0.463768 0.625217 0.469565 0.623043 0.468599 0.616087 0.460870 0.609565 0.451208 0.605652 0.431884 0.602174 0.416425 0.603043
0 0.358454 0.602174 0.343961 0.603043 0.324638 0.610435 0.320773 0.614348 0.321739 0.622174 0.324638 0.625217 0.330435 0.628261 0.351691 0.632174 0.369082 0.630435 0.375845 0.626957 0.380676 0.620870 0.380676 0.616957 0.374879 0.610435 0.366184 0.603913
0 0.260870 0.608261 0.252174 0.616087 0.251208 0.623478 0.264734 0.629565 0.284058 0.631304 0.299517 0.628696 0.312077 0.628696 0.320773 0.627391 0.316908 0.623478 0.318841 0.614783 0.314010 0.610000 0.306280 0.606522 0.291787 0.603913 0.279227 0.603913
0 0.228019 0.597826 0.218357 0.597826 0.206763 0.599565 0.197101 0.606957 0.199034 0.618696 0.212560 0.634348 0.222222 0.634783 0.226087 0.630000 0.231884 0.626957 0.243478 0.625217 0.248309 0.623043 0.250242 0.616522 0.257971 0.611304 0.258937 0.607391 0.254106 0.603478 0.248309 0.600870
0 0.153623 0.603043 0.137198 0.614783 0.136232 0.619565 0.138164 0.623043 0.148792 0.627391 0.162319 0.629130 0.178744 0.630000 0.187440 0.628261 0.199034 0.619565 0.191304 0.608261 0.174879 0.603043
0 0.140097 0.599130 0.136232 0.598261 0.116908 0.598696 0.105314 0.603478 0.099517 0.610000 0.098551 0.615652 0.099517 0.617826 0.106280 0.621739 0.118841 0.622609 0.131401 0.620435 0.141063 0.611739 0.142029 0.600870
0 0.139130 0.586522 0.136232 0.590870 0.137198 0.596522 0.149758 0.601304 0.172947 0.602174 0.186473 0.606087 0.196135 0.605217 0.203865 0.600000 0.203865 0.594783 0.197101 0.587826 0.178744 0.583043 0.149758 0.583043
0 0.063768 0.581739 0.062802 0.589565 0.064734 0.594783 0.072464 0.600870 0.081159 0.603913 0.100483 0.604348 0.114010 0.598261 0.129469 0.595652 0.131401 0.592609 0.129469 0.588261 0.104348 0.586087 0.091787 0.578261 0.073430 0.578261
0 0.197101 0.567826 0.193237 0.570870 0.192271 0.583043 0.198068 0.587826 0.207729 0.593043 0.225121 0.596522 0.239614 0.596957 0.253140 0.591304 0.258937 0.586957 0.259903 0.580435 0.255072 0.575217 0.247343 0.571304 0.222222 0.566087 0.203865 0.566087
0 0.308213 0.580000 0.303382 0.585652 0.303382 0.592174 0.309179 0.599130 0.314010 0.601739 0.325604 0.605217 0.335266 0.605652 0.346860 0.601739 0.362319 0.601304 0.366184 0.600000 0.367150 0.595652 0.356522 0.583478 0.344928 0.577826 0.337198 0.575652 0.317874 0.576087
0 0.383575 0.567391 0.376812 0.571739 0.367150 0.575652 0.362319 0.582609 0.361353 0.588261 0.369082 0.596522 0.382609 0.602609 0.392271 0.604348 0.400000 0.604348 0.422222 0.600870 0.430918 0.600435 0.434783 0.596957 0.435749 0.589565 0.431884 0.579565 0.422222 0.572174 0.409662 0.567826 0.397101 0.566087
0 0.482126 0.581739 0.476329 0.582609 0.470531 0.585217 0.456039 0.587826 0.452174 0.589565 0.448309 0.596087 0.448309 0.600870 0.453140 0.604348 0.466667 0.607826 0.491787 0.608696 0.500483 0.606957 0.509179 0.603478 0.509179 0.594783 0.506280 0.591304 0.489855 0.583478
0 0.562319 0.611304 0.555556 0.610435 0.541063 0.611304 0.532367 0.613478 0.525604 0.617391 0.518841 0.625652 0.519807 0.639130 0.525604 0.643043 0.549758 0.642609 0.571014 0.638696 0.578744 0.635217 0.582609 0.628261 0.582609 0.622174 0.575845 0.616087
0 0.549758 0.576522 0.531401 0.577391 0.521739 0.583043 0.514976 0.591739 0.514976 0.596087 0.520773 0.607391 0.525604 0.610870 0.534300 0.613043 0.545894 0.610435 0.562319 0.610000 0.574879 0.606522 0.579710 0.603478 0.582609 0.597391 0.582609 0.590870 0.576812 0.584783 0.566184 0.580000
0 0.648309 0.621304 0.621256 0.619565 0.587440 0.625217 0.581643 0.630435 0.582609 0.635217 0.586473 0.639130 0.594203 0.643478 0.610628 0.648261 0.627053 0.648696 0.639614 0.646087 0.650242 0.640000 0.653140 0.635652 0.653140 0.626087
0 0.586473 0.587826 0.585507 0.595217 0.581643 0.599130 0.580676 0.604783 0.587440 0.611304 0.600966 0.615217 0.607729 0.615652 0.632850 0.613043 0.641546 0.610870 0.643478 0.605217 0.639614 0.599130 0.632850 0.594348 0.604831 0.582609
0 0.674396 0.580870 0.664734 0.580870 0.653140 0.583478 0.643478 0.589130 0.639614 0.593913 0.639614 0.599130 0.643478 0.603913 0.647343 0.605652 0.660870 0.606957 0.663768 0.608261 0.664734 0.611739 0.668599 0.609565 0.694686 0.603913 0.696618 0.601739 0.695652 0.588696 0.682126 0.582609
0 0.689855 0.605217 0.676329 0.608696 0.662802 0.615217 0.661836 0.619565 0.665700 0.626522 0.675362 0.633043 0.690821 0.636522 0.700483 0.636522 0.715942 0.633478 0.724638 0.629565 0.728502 0.624783 0.728502 0.619130 0.709179 0.608261 0.698551 0.605217
0 0.726570 0.633913 0.715942 0.634348 0.698551 0.636957 0.691787 0.640000 0.688889 0.643043 0.688889 0.650435 0.692754 0.657391 0.708213 0.664348 0.724638 0.663913 0.734300 0.660435 0.746860 0.658261 0.755556 0.651304 0.755556 0.645217 0.752657 0.642174 0.739130 0.636522
0 0.796135 0.642609 0.776812 0.646087 0.770048 0.654783 0.771014 0.661739 0.776812 0.666522 0.790338 0.670435 0.800000 0.670435 0.813527 0.667826 0.824155 0.661304 0.823188 0.653913 0.813527 0.646087 0.804831 0.643478
0 0.760386 0.614348 0.746860 0.623043 0.751691 0.635217 0.758454 0.641739 0.769082 0.645217 0.778744 0.645217 0.783575 0.643478 0.809662 0.640000 0.813527 0.637826 0.812560 0.631304 0.800000 0.620435 0.790338 0.616522 0.770048 0.613043
0 0.897585 0.644783 0.875362 0.641304 0.860870 0.641304 0.844444 0.643043 0.831884 0.646957 0.825121 0.650435 0.825121 0.655217 0.828019 0.659565 0.837681 0.667391 0.847343 0.670435 0.866667 0.670870 0.889855 0.663043 0.894686 0.660000 0.901449 0.650435 0.900483 0.646087
0 0.914976 0.642174 0.902415 0.649130 0.899517 0.657391 0.901449 0.660435 0.905314 0.662174 0.924638 0.665652 0.940097 0.665652 0.952657 0.664348 0.955556 0.662609 0.958454 0.656957 0.959420 0.647391 0.952657 0.642174 0.943961 0.640000 0.924638 0.640000
0 1.000000 0.637391 0.991304 0.637826 0.976812 0.641304 0.965217 0.646522 0.963285 0.649565 0.964251 0.655217 0.969082 0.659130 0.976812 0.661739 1.000000 0.662609
0 1.000000 0.619565 0.996135 0.619565 0.991304 0.616957 0.971014 0.612609 0.952657 0.614348 0.941063 0.616957 0.936232 0.619130 0.933333 0.622609 0.933333 0.631739 0.936232 0.635652 0.952657 0.641304 0.971981 0.640435 0.991304 0.636522 0.996135 0.633913 1.000000 0.633913
0 0.883092 0.613913 0.868599 0.619565 0.866667 0.623043 0.867633 0.635217 0.875362 0.640000 0.882126 0.642174 0.909179 0.643478 0.920773 0.640000 0.928502 0.634783 0.927536 0.619130 0.924638 0.615217 0.917874 0.612609 0.899517 0.612609
0 0.855072 0.617826 0.844444 0.617391 0.833816 0.618261 0.821256 0.623478 0.816425 0.630870 0.819324 0.636087 0.825121 0.638696 0.838647 0.642174 0.853140 0.641304 0.862802 0.634783 0.865700 0.622609
0 0.835749 0.611739 0.833816 0.603043 0.822222 0.600435 0.776812 0.603043 0.769082 0.606957 0.776812 0.612174 0.795169 0.617391 0.803865 0.621304 0.811594 0.622174 0.822222 0.621739 0.831884 0.617391
0 0.981643 0.582609 0.970048 0.585217 0.965217 0.588696 0.961353 0.596522 0.971014 0.611304 0.986473 0.616087 1.000000 0.617391 1.000000 0.581739
0 0.933333 0.593478 0.921739 0.595217 0.916908 0.597391 0.912077 0.602609 0.912077 0.605217 0.914976 0.609565 0.935266 0.616522 0.944928 0.615652 0.959420 0.612609 0.963285 0.610870 0.965217 0.607391 0.963285 0.603043 0.955556 0.596522 0.946860 0.594348
0 0.914010 0.589565 0.904348 0.588261 0.894686 0.588696 0.875362 0.593043 0.866667 0.598696 0.866667 0.603913 0.881159 0.612174 0.893720 0.612174 0.903382 0.611304 0.907246 0.610000 0.911111 0.602609 0.918841 0.596087 0.917874 0.591739
0 0.734300 0.585217 0.718841 0.587391 0.705314 0.591739 0.700483 0.596957 0.700483 0.602609 0.702415 0.604783 0.730435 0.619565 0.744928 0.620870 0.764251 0.611739 0.766184 0.607826 0.764251 0.598261 0.757488 0.590870 0.749758 0.587391
0 0.787440 0.572174 0.776812 0.573043 0.762319 0.576522 0.757488 0.578696 0.753623 0.583043 0.755556 0.589130 0.767150 0.596522 0.776812 0.599565 0.788406 0.599130 0.798068 0.597391 0.808696 0.592609 0.810628 0.590000 0.809662 0.584348 0.803865 0.578696 0.792271 0.573043
0 0.811594 0.576522 0.807729 0.578261 0.806763 0.580870 0.813527 0.593478 0.838647 0.603478 0.845411 0.604783 0.858937 0.604348 0.862802 0.602609 0.876329 0.589130 0.875362 0.583043 0.860870 0.578696 0.840580 0.574783 0.828986 0.574348
0 0.948792 0.562174 0.929469 0.565652 0.920773 0.569565 0.915942 0.575217 0.914976 0.580870 0.921739 0.587826 0.934300 0.592609 0.952657 0.594348 0.959420 0.592609 0.968116 0.585652 0.976812 0.582609 0.977778 0.575217 0.972947 0.564783 0.970048 0.563913 0.961353 0.563913 0.955556 0.562174
0 0.993237 0.553913 0.983575 0.556522 0.977778 0.561304 0.974879 0.571304 0.980676 0.576957 0.995169 0.580870 1.000000 0.580870 1.000000 0.553913
0 0.872464 0.556522 0.855072 0.564783 0.853140 0.566957 0.855072 0.573913 0.861836 0.578261 0.882126 0.584783 0.896618 0.586087 0.910145 0.586087 0.914010 0.583478 0.916908 0.575217 0.916908 0.570870 0.910145 0.562609 0.900483 0.557391 0.892754 0.555652 0.881159 0.555217
0 0.932367 0.533913 0.920773 0.535652 0.906280 0.542174 0.901449 0.547826 0.901449 0.556087 0.911111 0.560435 0.924638 0.563478 0.935266 0.563913 0.962319 0.560435 0.968116 0.556087 0.969082 0.550435 0.967150 0.544783 0.958454 0.538261 0.952657 0.535652
0 0.995169 0.522174 0.985507 0.525217 0.979710 0.532174 0.972947 0.536522 0.971981 0.543913 0.986473 0.551304 1.000000 0.552609 1.000000 0.522174
0 0.995169 0.500000 0.980676 0.506087 0.976812 0.509130 0.976812 0.512609 0.995169 0.520870 1.000000 0.520870 1.000000 0.500000
0 0.951691 0.513043 0.945894 0.519565 0.944928 0.525652 0.951691 0.533478 0.959420 0.538261 0.962319 0.538696 0.969082 0.537391 0.978744 0.532174 0.983575 0.526087 0.993237 0.521739 0.992271 0.517391 0.983575 0.516522 0.978744 0.514783 0.970048 0.514783 0.963285 0.513043
0 0.926570 0.507391 0.902415 0.510435 0.895652 0.514783 0.892754 0.519565 0.892754 0.522174 0.897585 0.526522 0.912077 0.532174 0.922705 0.533913 0.929469 0.533478 0.942029 0.529565 0.946860 0.513913 0.940097 0.510000
0 0.854106 0.522174 0.845411 0.525652 0.841546 0.533478 0.842512 0.541739 0.851208 0.548261 0.861836 0.552609 0.870531 0.553913 0.882126 0.553478 0.897585 0.548261 0.905314 0.541739 0.906280 0.536957 0.903382 0.530000 0.892754 0.524783 0.875362 0.521739
0 0.831884 0.541304 0.820290 0.542609 0.811594 0.546087 0.806763 0.549565 0.799034 0.559565 0.799034 0.569130 0.808696 0.573478 0.822222 0.574783 0.834783 0.573043 0.851208 0.567391 0.857971 0.561304 0.857971 0.557826 0.852174 0.550435
0 0.835749 0.520870 0.824155 0.517391 0.813527 0.515652 0.798068 0.518696 0.784541 0.526522 0.778744 0.532174 0.777778 0.540870 0.774879 0.544348 0.776812 0.549130 0.787440 0.549565 0.793720 0.550870 0.804831 0.550000 0.812560 0.545217 0.835749 0.538696 0.842512 0.530870 0.841546 0.525652
0 0.737198 0.552174 0.731401 0.559130 0.731401 0.565217 0.733333 0.569565 0.739130 0.573043 0.749758 0.575217 0.761353 0.576087 0.787440 0.571739 0.794203 0.569130 0.797101 0.565217 0.795169 0.556522 0.781643 0.550435 0.764251 0.547391 0.751691 0.547391 0.743961 0.549130
0 0.727536 0.556087 0.714976 0.556522 0.699517 0.562609 0.689855 0.563913 0.681159 0.569565 0.678261 0.574783 0.679227 0.580000 0.691787 0.586087 0.707246 0.589130 0.731401 0.584348 0.732367 0.563913
0 0.637681 0.550435 0.629952 0.552609 0.624155 0.556087 0.615459 0.566957 0.615459 0.572609 0.622222 0.580870 0.648309 0.585217 0.655072 0.582609 0.674396 0.579130 0.677295 0.569130 0.674396 0.563043 0.662802 0.554783 0.651208 0.550870
0 0.488889 0.552609 0.485024 0.555652 0.485990 0.560870 0.490821 0.564348 0.503382 0.569565 0.525604 0.575652 0.545894 0.576087 0.548792 0.575217 0.555556 0.568261 0.554589 0.562609 0.548792 0.556087 0.535266 0.549565 0.524638 0.546957 0.509179 0.546957 0.501449 0.548261
0 0.566184 0.543043 0.563285 0.544348 0.561353 0.548696 0.555556 0.552174 0.553623 0.556087 0.556522 0.563043 0.562319 0.567391 0.569082 0.570435 0.584541 0.572609 0.598068 0.572609 0.609662 0.570435 0.617391 0.564783 0.619324 0.561304 0.618357 0.556087 0.610628 0.550870 0.601932 0.546957 0.586473 0.543043
0 0.582609 0.532174 0.582609 0.537826 0.585507 0.542174 0.600966 0.546957 0.618357 0.555217 0.622222 0.555652 0.634783 0.550870 0.650242 0.548696 0.653140 0.540000 0.659903 0.534348 0.659903 0.531739 0.657005 0.530000 0.645411 0.528696 0.634783 0.526087 0.595169 0.526087 0.589372 0.527391
0 0.662802 0.531304 0.660870 0.534783 0.654106 0.539565 0.653140 0.546957 0.660870 0.553913 0.677295 0.562174 0.692754 0.563043 0.720773 0.555652 0.725604 0.553478 0.726570 0.547826 0.723671 0.541739 0.713043 0.535217 0.693720 0.530870 0.666667 0.530000
0 0.721739 0.514348 0.712077 0.519130 0.706280 0.525217 0.705314 0.529565 0.707246 0.531739 0.719807 0.535217 0.727536 0.540000 0.733333 0.541739 0.759420 0.544783 0.770048 0.544348 0.775845 0.540870 0.777778 0.533478 0.782609 0.526087 0.774879 0.519130 0.765217 0.514348 0.745894 0.510870 0.736232 0.510870
0 0.838647 0.501739 0.833816 0.508261 0.833816 0.518261 0.838647 0.520870 0.847343 0.522174 0.875362 0.521304 0.891787 0.517826 0.896618 0.513913 0.898551 0.509565 0.892754 0.505217 0.876329 0.498696 0.865700 0.497391 0.846377 0.497826
0 0.744928 0.494348 0.742995 0.497391 0.743961 0.502609 0.746860 0.506522 0.756522 0.510435 0.770048 0.514348 0.793237 0.518696 0.800966 0.517826 0.813527 0.513043 0.819324 0.506522 0.819324 0.501739 0.814493 0.494348 0.804831 0.490435 0.776812 0.487391 0.757488 0.490000
0 0.765217 0.476957 0.752657 0.475652 0.737198 0.476087 0.732367 0.476957 0.723671 0.482174 0.723671 0.494348 0.728502 0.497826 0.728502 0.502174 0.734300 0.507391 0.743961 0.506087 0.746860 0.494783 0.759420 0.490000 0.778744 0.486522 0.774879 0.480870
0 0.682126 0.476087 0.678261 0.477826 0.675362 0.481304 0.675362 0.489130 0.678261 0.493913 0.688889 0.496087 0.716908 0.494783 0.719807 0.493043 0.721739 0.482174 0.716908 0.478261 0.709179 0.475217 0.701449 0.473913 0.690821 0.474348
0 0.682126 0.493478 0.678261 0.495217 0.662802 0.498261 0.650242 0.505652 0.646377 0.514783 0.647343 0.518261 0.653140 0.522174 0.668599 0.526522 0.683092 0.527391 0.701449 0.525652 0.709179 0.521739 0.711111 0.517391 0.705314 0.505652 0.697585 0.500435
0 0.586473 0.493043 0.578744 0.496957 0.573913 0.503913 0.574879 0.513913 0.577778 0.518696 0.587440 0.524348 0.595169 0.525652 0.630918 0.525652 0.638647 0.524348 0.643478 0.516957 0.638647 0.502174 0.633816 0.496087 0.625121 0.493043 0.615459 0.491304 0.595169 0.491739
0 0.645411 0.466957 0.634783 0.468696 0.619324 0.474348 0.612560 0.480870 0.612560 0.484783 0.619324 0.490435 0.628019 0.493913 0.651208 0.496522 0.655072 0.498261 0.658937 0.498261 0.665700 0.496957 0.674396 0.492609 0.674396 0.479565 0.669565 0.473478 0.660870 0.469130 0.654106 0.467391
0 0.935266 0.484348 0.924638 0.488261 0.916908 0.493478 0.917874 0.498696 0.924638 0.504783 0.934300 0.508696 0.953623 0.509130 0.964251 0.506957 0.972947 0.502609 0.971014 0.496087 0.953623 0.484783 0.943961 0.483913
0 0.972947 0.466087 0.964251 0.468261 0.954589 0.474348 0.956522 0.483913 0.971981 0.492609 0.982609 0.495217 1.000000 0.496957 1.000000 0.468261 0.995169 0.468261 0.986473 0.466087
0 0.909179 0.472174 0.890821 0.473043 0.885990 0.474783 0.884058 0.476957 0.887923 0.494783 0.894686 0.498696 0.899517 0.499565 0.914010 0.496957 0.918841 0.491304 0.930435 0.483478 0.927536 0.478261
0 0.909179 0.445652 0.892754 0.453043 0.890821 0.456957 0.890821 0.463043 0.892754 0.465217 0.916908 0.474783 0.924638 0.476522 0.939130 0.476957 0.951691 0.475652 0.965217 0.467391 0.965217 0.461739 0.961353 0.454783 0.956522 0.451739 0.939130 0.446087 0.919807 0.444348
0 0.829952 0.471304 0.821256 0.475217 0.818357 0.478696 0.817391 0.487391 0.819324 0.489565 0.838647 0.496957 0.874396 0.496957 0.880193 0.495652 0.885024 0.492609 0.885990 0.489130 0.883092 0.480000 0.876329 0.474348 0.868599 0.470870 0.857971 0.468696 0.845411 0.469130
0 0.856039 0.445652 0.846377 0.449565 0.840580 0.454348 0.838647 0.458261 0.839614 0.462609 0.848309 0.466957 0.871498 0.470000 0.882126 0.469130 0.886957 0.463913 0.887923 0.450870 0.883092 0.446522 0.877295 0.444783 0.872464 0.444348
0 0.794203 0.441739 0.784541 0.443913 0.776812 0.448261 0.772947 0.455217 0.775845 0.467391 0.778744 0.472174 0.783575 0.474348 0.803865 0.477391 0.813527 0.477391 0.835749 0.468696 0.837681 0.464348 0.836715 0.455217 0.828986 0.446957 0.821256 0.443043 0.808696 0.441304
0 0.703382 0.466522 0.704348 0.472174 0.716908 0.476087 0.737198 0.476522 0.752657 0.475652 0.765217 0.476522 0.770048 0.476087 0.774879 0.471739 0.768116 0.452609 0.766184 0.450870 0.757488 0.449565 0.734300 0.450000 0.714010 0.457826
0 0.670531 0.440435 0.653140 0.444348 0.640580 0.450435 0.638647 0.453478 0.640580 0.460870 0.646377 0.464783 0.656039 0.466522 0.668599 0.471304 0.674396 0.472609 0.692754 0.473478 0.700483 0.470870 0.701449 0.466957 0.707246 0.461739 0.708213 0.458261 0.705314 0.446522 0.700483 0.442609 0.691787 0.440870
0 0.595169 0.442174 0.583575 0.446522 0.577778 0.450870 0.572947 0.457391 0.572947 0.463478 0.576812 0.466957 0.577778 0.471304 0.582609 0.474348 0.614493 0.475652 0.646377 0.462609 0.640580 0.460000 0.633816 0.450870 0.624155 0.446522 0.611594 0.443043
0 0.542029 0.467826 0.532367 0.469565 0.523671 0.475217 0.513043 0.487391 0.513043 0.494783 0.523671 0.501304 0.534300 0.504783 0.559420 0.506087 0.571981 0.503478 0.579710 0.495652 0.590338 0.490435 0.589372 0.484783 0.580676 0.476522 0.559420 0.469130
0 0.450242 0.510435 0.447343 0.513043 0.449275 0.521739 0.452174 0.524783 0.462802 0.529565 0.481159 0.533478 0.499517 0.534783 0.513043 0.533478 0.519807 0.529565 0.522705 0.513043 0.518841 0.510000 0.507246 0.505652 0.486957 0.503478 0.474396 0.503913 0.461836 0.505652
0 0.395169 0.516522 0.391304 0.521739 0.398068 0.532609 0.398068 0.537826 0.400966 0.541739 0.413527 0.545652 0.431884 0.545652 0.441546 0.543478 0.449275 0.540000 0.453140 0.536087 0.451208 0.525217 0.442512 0.521304 0.430918 0.519130 0.407729 0.516522
0 0.481159 0.489130 0.466667 0.483913 0.457005 0.482174 0.444444 0.482609 0.423188 0.485217 0.415459 0.490000 0.414493 0.494348 0.424155 0.506957 0.436715 0.510000 0.449275 0.510435 0.464734 0.504783 0.480193 0.502174 0.482126 0.495217
0 0.401932 0.463043 0.399034 0.473913 0.400966 0.478261 0.404831 0.480435 0.417391 0.482609 0.421256 0.484348 0.430918 0.484348 0.440580 0.482609 0.462802 0.480870 0.476329 0.477391 0.477295 0.474348 0.466667 0.467826 0.448309 0.461304 0.431884 0.458261 0.419324 0.457826 0.409662 0.459130
0 0.342995 0.520000 0.334300 0.523043 0.325604 0.528261 0.323671 0.539130 0.327536 0.545217 0.339130 0.551304 0.342995 0.555652 0.350725 0.558696 0.353623 0.558696 0.385507 0.544783 0.387440 0.536957 0.382609 0.528261 0.375845 0.524783 0.355556 0.520435
0 0.341063 0.484783 0.328502 0.490000 0.322705 0.494348 0.321739 0.502174 0.325604 0.509565 0.342995 0.518696 0.355556 0.518696 0.382609 0.514783 0.388406 0.510870 0.388406 0.505652 0.384541 0.502174 0.382609 0.496957 0.365217 0.487826 0.344928 0.484348
0 0.354589 0.458696 0.342995 0.463913 0.334300 0.469565 0.332367 0.474348 0.342029 0.481739 0.347826 0.483478 0.375845 0.487826 0.396135 0.486957 0.399034 0.482609 0.398068 0.478696 0.386473 0.466957 0.371981 0.458696 0.367150 0.457826
0 0.386473 0.429565 0.379710 0.431304 0.369082 0.437391 0.364251 0.446087 0.365217 0.450435 0.371981 0.456957 0.379710 0.459565 0.386473 0.460870 0.403865 0.460870 0.408696 0.459130 0.425121 0.456522 0.425121 0.446522 0.423188 0.443043 0.415459 0.436957 0.402899 0.430435 0.398068 0.429130
0 0.309179 0.439130 0.300483 0.442609 0.297585 0.446522 0.296618 0.456087 0.294686 0.458261 0.295652 0.463043 0.302415 0.467391 0.316908 0.472609 0.327536 0.473043 0.341063 0.464348 0.354589 0.458696 0.358454 0.454783 0.348792 0.444783 0.344928 0.443043 0.327536 0.439130
0 0.301449 0.468696 0.290821 0.468696 0.283092 0.470000 0.274396 0.474783 0.267633 0.483913 0.265700 0.491304 0.268599 0.501739 0.274396 0.504783 0.281159 0.506087 0.296618 0.502609 0.315942 0.501739 0.320773 0.493913 0.328502 0.490000 0.331401 0.486957 0.326570 0.477826 0.311111 0.470870
0 0.290821 0.503478 0.284058 0.508261 0.284058 0.513913 0.289855 0.517826 0.293720 0.525652 0.300483 0.530870 0.307246 0.532609 0.316908 0.531739 0.326570 0.526087 0.327536 0.521304 0.323671 0.518261 0.321739 0.510000 0.315942 0.504348 0.311111 0.503043
0 0.279227 0.536522 0.272464 0.539565 0.270531 0.542174 0.269565 0.553478 0.272464 0.557826 0.281159 0.560435 0.297585 0.562609 0.315942 0.562609 0.327536 0.561304 0.331401 0.557826 0.332367 0.552174 0.320773 0.540000 0.309179 0.535217 0.300483 0.533913 0.290821 0.534348
0 0.213527 0.537391 0.201932 0.544783 0.200966 0.551739 0.205797 0.561739 0.218357 0.565652 0.228986 0.566957 0.242512 0.566957 0.249275 0.566087 0.257971 0.562609 0.265700 0.561304 0.268599 0.558261 0.268599 0.555217 0.262802 0.545652 0.257971 0.541304 0.231884 0.536087 0.221256 0.536087
0 0.256039 0.509565 0.243478 0.513043 0.229952 0.518696 0.226087 0.525652 0.234783 0.534783 0.238647 0.536522 0.250242 0.539130 0.265700 0.539565 0.273430 0.538261 0.286957 0.533478 0.289855 0.530435 0.289855 0.523478 0.285990 0.518261 0.276329 0.513043 0.265700 0.510435
0 0.123671 0.553043 0.110145 0.556522 0.102415 0.560435 0.095652 0.567826 0.095652 0.577391 0.101449 0.584348 0.114976 0.586522 0.135266 0.586522 0.150725 0.582174 0.161353 0.581304 0.168116 0.579565 0.171014 0.575217 0.171014 0.567826 0.167150 0.563913 0.147826 0.555652 0.138164 0.553913
0 0.038647 0.536522 0.033816 0.540000 0.033816 0.553478 0.047343 0.566522 0.053140 0.570435 0.064734 0.574348 0.072464 0.575652 0.085990 0.574783 0.090821 0.572609 0.094686 0.565652 0.103382 0.560000 0.103382 0.555217 0.093720 0.550000 0.067633 0.539565 0.050242 0.536522
0 0.175845 0.540435 0.167150 0.542174 0.157488 0.546087 0.150725 0.553478 0.160386 0.560435 0.170048 0.563913 0.179710 0.565217 0.189372 0.563913 0.197101 0.560870 0.199517 0.556522 0.198744 0.552609 0.199710 0.544130 0.187440 0.540870
0 0.154589 0.527826 0.145894 0.526087 0.133333 0.526087 0.119807 0.529565 0.114010 0.532609 0.110145 0.540435 0.105314 0.544783 0.106280 0.549130 0.116908 0.551739 0.140097 0.552609 0.148792 0.550870 0.165217 0.541304 0.165217 0.536957
0 0.081159 0.506087 0.076329 0.507826 0.075362 0.510000 0.062802 0.515217 0.056039 0.520870 0.053140 0.526087 0.053140 0.535217 0.056039 0.537391 0.069565 0.540000 0.079227 0.543478 0.100483 0.543913 0.107246 0.541304 0.110145 0.538696 0.114010 0.530435 0.113043 0.526522 0.105314 0.516087 0.085990 0.506522
0 0.195169 0.507826 0.177778 0.510435 0.171981 0.512609 0.160386 0.522174 0.158454 0.526957 0.161353 0.532609 0.170048 0.538696 0.197101 0.542174 0.204831 0.541304 0.217391 0.536087 0.221256 0.531739 0.222222 0.524783 0.215459 0.515652 0.202899 0.509130
0 0.152657 0.495217 0.142029 0.493913 0.126570 0.495652 0.114010 0.499130 0.097585 0.505652 0.094686 0.510435 0.114976 0.523043 0.124638 0.525217 0.152657 0.525217 0.168116 0.516087 0.171981 0.510435 0.169082 0.503913 0.162319 0.498696
0 0.193237 0.492174 0.187440 0.493478 0.174879 0.500000 0.171981 0.504783 0.173913 0.509130 0.177778 0.510870 0.198164 0.507696 0.213527 0.515217 0.222222 0.522174 0.234783 0.513913 0.235749 0.501739 0.233816 0.498696 0.226087 0.493478 0.213527 0.490435
0 0.109179 0.483913 0.096618 0.480435 0.085990 0.479565 0.071498 0.479565 0.061836 0.481304 0.056039 0.484783 0.051208 0.490435 0.051208 0.497391 0.056039 0.501739 0.057005 0.505217 0.064734 0.508696 0.074396 0.508261 0.080193 0.506087 0.092754 0.506957 0.117874 0.497826 0.120773 0.494783 0.118841 0.490000
0 0.177778 0.463913 0.167150 0.465217 0.154589 0.470870 0.150725 0.476957 0.149758 0.486522 0.153623 0.491304 0.158454 0.493478 0.178744 0.495652 0.182609 0.493913 0.194203 0.491739 0.215459 0.489130 0.218357 0.487391 0.218357 0.485217 0.200000 0.470000 0.188406 0.466087
0 0.220290 0.458696 0.208696 0.463043 0.204831 0.466957 0.205797 0.473913 0.208696 0.477391 0.225121 0.485652 0.250242 0.490435 0.258937 0.490870 0.263768 0.487391 0.267633 0.478696 0.266667 0.473913 0.259903 0.465217 0.250242 0.460000 0.239614 0.457826
0 0.129469 0.455217 0.114976 0.458261 0.107246 0.463043 0.103382 0.470870 0.106280 0.475217 0.114976 0.479565 0.124638 0.481304 0.138164 0.481304 0.149758 0.478696 0.153623 0.472174 0.162319 0.467391 0.162319 0.465217 0.156522 0.459565 0.151691 0.457391 0.136232 0.455217
0 0.064734 0.448696 0.055072 0.451304 0.050242 0.456087 0.049275 0.470000 0.056039 0.477826 0.061836 0.479565 0.083092 0.478261 0.091787 0.478696 0.100483 0.475217 0.102415 0.467391 0.109179 0.459130 0.108213 0.456957 0.098551 0.452609 0.076329 0.448261
0 0.178744 0.435217 0.175845 0.439130 0.177778 0.443478 0.170048 0.450435 0.170048 0.456522 0.180676 0.463043 0.205797 0.464348 0.230918 0.455652 0.230918 0.449130 0.227053 0.446087 0.222222 0.445217 0.214493 0.441739 0.206763 0.440870 0.202899 0.439130 0.199034 0.434783 0.184541 0.434348
0 0.233816 0.443478 0.230918 0.446522 0.233816 0.451739 0.238647 0.455652 0.246377 0.458261 0.262802 0.462174 0.278261 0.461739 0.291787 0.460000 0.294686 0.456087 0.293720 0.450000 0.283092 0.441739 0.264734 0.438261 0.259903 0.439130 0.247343 0.439130
0 0.150725 0.422609 0.134300 0.426957 0.128502 0.430435 0.125604 0.433478 0.125604 0.440435 0.134300 0.448261 0.151691 0.455217 0.161353 0.457391 0.166184 0.455217 0.175845 0.443478 0.173913 0.439565 0.176812 0.436087 0.181643 0.433913 0.182609 0.430870 0.179710 0.427826 0.171981 0.424348 0.161353 0.422609
0 0.084058 0.422609 0.068599 0.428261 0.066667 0.440000 0.069565 0.443478 0.080193 0.448261 0.096618 0.451739 0.108213 0.456087 0.123671 0.455217 0.130435 0.450000 0.131401 0.447391 0.123671 0.440000 0.124638 0.433478 0.117874 0.424348 0.101449 0.421739
0 0.194203 0.422174 0.188406 0.426087 0.186473 0.432609 0.189372 0.433913 0.197101 0.434783 0.207729 0.440870 0.212560 0.441304 0.221256 0.445217 0.230918 0.445652 0.235749 0.442174 0.245411 0.439130 0.246377 0.434348 0.244444 0.432609 0.228019 0.428261 0.216425 0.423043 0.209662 0.421304 0.201932 0.420870
0 0.047343 0.397391 0.029952 0.406522 0.029952 0.413043 0.038647 0.421304 0.048309 0.426957 0.055072 0.428696 0.066667 0.428261 0.076329 0.423478 0.079227 0.419130 0.065700 0.406522 0.061836 0.400870 0.057971 0.398696
0 0.071498 0.394348 0.067633 0.396087 0.064734 0.399565 0.064734 0.404783 0.081159 0.421304 0.093720 0.421304 0.107246 0.419565 0.117874 0.420000 0.124638 0.413043 0.124638 0.407391 0.113043 0.396522 0.105314 0.393478 0.092754 0.391739 0.080193 0.392609
0 0.157488 0.400000 0.151691 0.403478 0.148792 0.411304 0.148792 0.417391 0.151691 0.420000 0.156522 0.421739 0.177778 0.424348 0.187440 0.423913 0.198068 0.420870 0.200966 0.419130 0.200966 0.414783 0.198068 0.410870 0.190338 0.406522 0.170048 0.399130
0 0.229952 0.393913 0.219324 0.395652 0.204831 0.400870 0.200000 0.407826 0.200966 0.414783 0.205797 0.420000 0.220290 0.424783 0.230918 0.426957 0.245411 0.427391 0.249275 0.426522 0.257005 0.420870 0.259903 0.414348 0.259903 0.407826 0.248309 0.398696 0.243478 0.396522
0 0.268599 0.405217 0.261836 0.409130 0.257005 0.419565 0.257971 0.428261 0.264734 0.434783 0.273430 0.437826 0.286957 0.438261 0.305314 0.436087 0.317874 0.433478 0.326570 0.428696 0.327536 0.422174 0.323671 0.415652 0.316908 0.410870 0.306280 0.407391 0.291787 0.404348 0.274396 0.403913
0 0.347826 0.405652 0.339130 0.409130 0.333333 0.414348 0.332367 0.420870 0.337198 0.427826 0.348792 0.432174 0.358454 0.433913 0.371014 0.433913 0.394203 0.427826 0.396135 0.423478 0.393237 0.416957 0.382609 0.410870 0.365217 0.405652
0 0.410628 0.406522 0.400000 0.409565 0.396135 0.414348 0.396135 0.420870 0.400000 0.429130 0.413527 0.435652 0.419324 0.436522 0.433816 0.435652 0.445411 0.433478 0.456039 0.428696 0.458937 0.412174 0.445411 0.408261 0.430918 0.406087
0 0.524638 0.402609 0.510145 0.399130 0.498551 0.399130 0.487923 0.400000 0.475362 0.403913 0.470531 0.408696 0.459903 0.413478 0.459903 0.415652 0.456039 0.419130 0.457005 0.430000 0.461836 0.431739 0.465700 0.431739 0.473430 0.429130 0.496618 0.430435 0.506280 0.429565 0.525604 0.425217 0.531401 0.420870 0.533333 0.409565
0 0.429952 0.381304 0.414493 0.387826 0.413527 0.393478 0.415459 0.397826 0.430918 0.405217 0.456039 0.410870 0.465700 0.409130 0.472464 0.406522 0.475362 0.402174 0.481159 0.400000 0.484058 0.397391 0.485024 0.388261 0.483092 0.386087 0.478261 0.383913 0.457971 0.382174 0.449275 0.380435
0 0.330435 0.384783 0.326570 0.388261 0.325604 0.395652 0.322705 0.399565 0.325604 0.404348 0.342995 0.405217 0.363285 0.404783 0.385507 0.407826 0.396135 0.406957 0.402899 0.404348 0.404831 0.398261 0.401932 0.388261 0.395169 0.380870 0.384541 0.375652 0.379710 0.374783 0.366184 0.374783 0.356522 0.376087 0.340097 0.380435
0 0.306280 0.360000 0.290821 0.363913 0.285024 0.369130 0.280193 0.377391 0.287923 0.380870 0.290821 0.388261 0.297585 0.389565 0.323671 0.389130 0.339130 0.380435 0.349758 0.377391 0.349758 0.372174 0.343961 0.367391 0.337198 0.364348 0.326570 0.361739
0 0.223188 0.364783 0.203865 0.365652 0.196135 0.370000 0.186473 0.372609 0.180676 0.380870 0.181643 0.389565 0.186473 0.394783 0.195169 0.397826 0.202899 0.398696 0.211594 0.398261 0.228019 0.393478 0.233816 0.393478 0.238647 0.395217 0.248309 0.396087 0.248309 0.390435 0.243478 0.379130 0.230918 0.367391
0 0.124638 0.373913 0.106280 0.380435 0.104348 0.385217 0.114976 0.396522 0.131401 0.404348 0.143961 0.404783 0.152657 0.402609 0.155556 0.400435 0.171014 0.396957 0.171981 0.391739 0.166184 0.385652 0.153623 0.376957 0.138164 0.373913
0 0.056039 0.366957 0.049275 0.373043 0.051208 0.384783 0.056039 0.391304 0.060870 0.393478 0.066667 0.394348 0.081159 0.391739 0.093720 0.390870 0.097585 0.388696 0.098551 0.386087 0.097585 0.380000 0.094686 0.376957 0.085024 0.373478 0.077295 0.372174 0.065700 0.367391
0 0.054106 0.344348 0.048309 0.349130 0.048309 0.353913 0.053140 0.362174 0.090821 0.375217 0.100483 0.375652 0.108213 0.373043 0.114010 0.366957 0.119807 0.357826 0.115942 0.352609 0.103382 0.346522 0.084058 0.342174 0.062802 0.343043
0 0.116908 0.360000 0.115942 0.365217 0.120773 0.369565 0.133333 0.373478 0.142995 0.373478 0.154589 0.375217 0.167150 0.375217 0.179710 0.370000 0.179710 0.364348 0.175845 0.361304 0.170048 0.359565 0.133333 0.355217 0.121739 0.356957
0 0.543961 0.410870 0.534300 0.417826 0.534300 0.424783 0.542029 0.432174 0.552657 0.437391 0.569082 0.440870 0.586473 0.440870 0.594203 0.440000 0.604831 0.436957 0.613527 0.428696 0.613527 0.426087 0.607729 0.418696 0.600966 0.415217 0.587440 0.410435 0.570048 0.407826 0.554589 0.408696
0 0.533333 0.377826 0.518841 0.379565 0.512077 0.381739 0.507246 0.385652 0.507246 0.390870 0.515942 0.399565 0.529469 0.404783 0.534300 0.410000 0.543961 0.412174 0.558454 0.408261 0.570048 0.402174 0.572947 0.393913 0.570048 0.387826 0.561353 0.380435 0.549758 0.378261
0 0.631884 0.396522 0.618357 0.400435 0.613527 0.407391 0.614493 0.412174 0.621256 0.419565 0.635749 0.427826 0.653140 0.430870 0.665700 0.430000 0.674396 0.425652 0.677295 0.420870 0.676329 0.410870 0.666667 0.401739 0.657971 0.398261 0.648309 0.396087 0.638647 0.395652
0 0.624155 0.368261 0.619324 0.368696 0.609662 0.373043 0.604831 0.376957 0.602899 0.382609 0.604831 0.393043 0.612560 0.398696 0.621256 0.399565 0.636715 0.395652 0.656039 0.394783 0.663768 0.389565 0.663768 0.384348 0.658937 0.377826 0.632850 0.368696
0 0.569082 0.349130 0.560386 0.351739 0.552657 0.352609 0.543961 0.356957 0.534300 0.360000 0.530435 0.364348 0.530435 0.373478 0.534300 0.376522 0.549758 0.377391 0.567150 0.380870 0.573913 0.380870 0.595169 0.377826 0.599034 0.374348 0.599034 0.365217 0.597101 0.361304 0.588406 0.353478 0.578744 0.350000
0 0.447343 0.355217 0.438647 0.359565 0.433816 0.366087 0.433816 0.371304 0.438647 0.376522 0.450242 0.380435 0.460870 0.381739 0.484058 0.382609 0.500483 0.380870 0.504348 0.377391 0.505314 0.373043 0.501449 0.365217 0.482126 0.356087 0.465700 0.353913
0 0.483092 0.342174 0.477295 0.345217 0.476329 0.347826 0.479227 0.353478 0.504348 0.366522 0.511111 0.367391 0.525604 0.366087 0.534300 0.357826 0.533333 0.352609 0.528502 0.346087 0.520773 0.342609 0.509179 0.340000 0.496618 0.340000
0 0.590338 0.320000 0.581643 0.319130 0.569082 0.320435 0.558454 0.325652 0.553623 0.334348 0.542029 0.341739 0.542029 0.345217 0.547826 0.351304 0.553623 0.351739 0.569082 0.349130 0.587440 0.349130 0.610628 0.337826 0.610628 0.332609 0.599034 0.323478
0 0.617391 0.336522 0.599034 0.342609 0.595169 0.347826 0.597101 0.354783 0.602899 0.360870 0.608696 0.364348 0.619324 0.366522 0.639614 0.366957 0.645411 0.365217 0.658937 0.350000 0.659903 0.345217 0.656039 0.342174 0.641546 0.336957
0 0.665700 0.346522 0.658937 0.349565 0.646377 0.363043 0.645411 0.366087 0.648309 0.371739 0.663768 0.378696 0.678261 0.379565 0.697585 0.378696 0.714976 0.368696 0.715942 0.365217 0.713043 0.361304 0.705314 0.354783 0.693720 0.350435 0.674396 0.346087
0 0.718841 0.367826 0.707246 0.372174 0.701449 0.379565 0.702415 0.387391 0.708213 0.396087 0.719807 0.401739 0.734300 0.405217 0.746860 0.406087 0.758454 0.404783 0.769082 0.397826 0.771014 0.394348 0.770048 0.384783 0.762319 0.375217 0.758454 0.372174 0.745894 0.367391 0.726570 0.366957
0 0.723671 0.423913 0.716908 0.427391 0.711111 0.434783 0.711111 0.439565 0.723671 0.446087 0.734300 0.449130 0.771014 0.449565 0.786473 0.443478 0.789372 0.439565 0.785507 0.426957 0.779710 0.423043 0.765217 0.420000 0.747826 0.420000 0.734300 0.421304
0 0.850242 0.422609 0.837681 0.422609 0.820290 0.424348 0.813527 0.426522 0.809662 0.430435 0.812560 0.436957 0.830918 0.447391 0.838647 0.450435 0.847343 0.449130 0.866667 0.441739 0.871498 0.437826 0.871498 0.434783 0.866667 0.428261 0.859903 0.424783
0 0.834783 0.402609 0.814493 0.399565 0.808696 0.399565 0.787440 0.403913 0.780676 0.406957 0.777778 0.411304 0.779710 0.416522 0.785507 0.420870 0.803865 0.426957 0.811594 0.426957 0.822222 0.423913 0.841546 0.421739 0.845411 0.416522 0.845411 0.407826
0 0.879227 0.403043 0.862802 0.405652 0.852174 0.410000 0.846377 0.415652 0.847343 0.421304 0.862802 0.426522 0.875362 0.437391 0.891787 0.438261 0.900483 0.436087 0.907246 0.432174 0.910145 0.428696 0.908213 0.419565 0.904348 0.416087 0.903382 0.412609 0.896618 0.406957 0.886957 0.403478
0 0.995169 0.436522 0.985507 0.443478 0.981643 0.451739 0.988406 0.459130 0.995169 0.461739 1.000000 0.461739 1.000000 0.436522
0 0.925604 0.423913 0.917874 0.429565 0.911111 0.431739 0.909179 0.435652 0.917874 0.440000 0.919807 0.443913 0.943961 0.447391 0.960386 0.453913 0.977778 0.451739 0.982609 0.446957 0.984541 0.441739 0.985507 0.430000 0.983575 0.427826 0.977778 0.425217 0.958454 0.422174 0.942029 0.421739
0 0.994203 0.391304 0.979710 0.395652 0.966184 0.404348 0.962319 0.408696 0.962319 0.416522 0.959420 0.420435 0.963285 0.423043 0.972947 0.424348 0.988406 0.428696 1.000000 0.429130 1.000000 0.391304
0 0.924638 0.393913 0.916908 0.394783 0.901449 0.400435 0.899517 0.408696 0.906280 0.415652 0.912077 0.419130 0.920773 0.422609 0.927536 0.423478 0.945894 0.420870 0.957488 0.416087 0.961353 0.410870 0.962319 0.403913 0.956522 0.399565 0.945894 0.395652
0 0.913043 0.392174 0.886957 0.384348 0.879227 0.384348 0.874396 0.384957 0.865700 0.385217 0.856039 0.385652 0.847343 0.387826 0.841546 0.392174 0.840580 0.400870 0.847343 0.407826 0.857005 0.408261 0.875362 0.403043 0.895652 0.402609 0.899517 0.401739 0.908213 0.397391
0 0.823188 0.370870 0.809662 0.370435 0.793237 0.373913 0.785507 0.379130 0.784541 0.387826 0.786473 0.390870 0.791304 0.394348 0.802899 0.398696 0.818357 0.398261 0.831111 0.398739 0.836715 0.393913 0.845411 0.388696 0.846377 0.384348 0.840580 0.376957 0.833816 0.373043
0 1.000000 0.365652 0.995169 0.365652 0.981643 0.368261 0.973913 0.373043 0.971014 0.376957 0.970048 0.381739 0.971981 0.386522 0.986473 0.392174 1.000000 0.391304
0 0.924638 0.365217 0.912077 0.370870 0.906280 0.376957 0.900483 0.380435 0.900483 0.384783 0.915942 0.391739 0.923671 0.393913 0.953623 0.395652 0.963285 0.393043 0.968116 0.389130 0.969082 0.376957 0.965217 0.368696 0.958454 0.365217 0.952657 0.363913 0.939130 0.363478
0 0.872464 0.354348 0.864734 0.356957 0.856039 0.365652 0.852174 0.372609 0.852174 0.377391 0.855072 0.380870 0.864734 0.384783 0.883092 0.383043 0.891787 0.383913 0.906280 0.376522 0.909179 0.371304 0.907246 0.364783 0.904348 0.362174 0.893720 0.357391
0 0.925604 0.327826 0.918841 0.331739 0.910145 0.343043 0.909179 0.352174 0.912077 0.361739 0.916908 0.364348 0.957488 0.363478 0.966184 0.359565 0.968116 0.355652 0.968116 0.346957 0.964251 0.340435 0.954589 0.331304 0.945894 0.328261
0 0.982609 0.321739 0.970048 0.323913 0.957488 0.330435 0.956522 0.333913 0.963285 0.339130 0.971014 0.349565 0.988406 0.353478 1.000000 0.354348 1.000000 0.321304
0 0.896618 0.310435 0.898551 0.314348 0.930435 0.327391 0.943961 0.327826 0.951691 0.329130 0.961353 0.328696 0.971981 0.322609 0.971981 0.310435 0.967150 0.306522 0.955556 0.303478 0.935266 0.303043 0.930435 0.303913 0.925604 0.306522 0.908213 0.307391
0 0.909179 0.322174 0.901449 0.322174 0.889855 0.324348 0.870531 0.333913 0.868599 0.336522 0.870531 0.341304 0.874396 0.343913 0.885024 0.348261 0.899517 0.350870 0.909179 0.349565 0.911111 0.341304 0.923671 0.326522 0.914976 0.323043
0 0.837681 0.333478 0.826087 0.336957 0.816425 0.344348 0.812560 0.352609 0.813527 0.360435 0.815459 0.362609 0.820290 0.364348 0.851208 0.366957 0.856039 0.365652 0.861836 0.358696 0.873430 0.353478 0.872464 0.344348 0.865700 0.339130 0.853140 0.334348
0 0.837681 0.302609 0.831884 0.303913 0.821256 0.309565 0.819324 0.316957 0.822222 0.322174 0.828019 0.327826 0.835749 0.332174 0.862802 0.333913 0.868599 0.333478 0.881159 0.328261 0.887923 0.323043 0.890821 0.315217 0.889855 0.310000 0.884058 0.306957 0.868599 0.302609 0.859903 0.301739
0 0.799034 0.345652 0.785507 0.345652 0.775845 0.348261 0.763285 0.364348 0.766184 0.368261 0.771981 0.371739 0.786473 0.375652 0.809662 0.369565 0.814493 0.366087 0.809662 0.350870 0.805797 0.347391
0 0.815459 0.316522 0.800966 0.315652 0.792271 0.317391 0.777778 0.324348 0.770048 0.336522 0.771014 0.342174 0.773913 0.344783 0.808696 0.345652 0.813527 0.345217 0.817391 0.343478 0.821256 0.339130 0.828986 0.334348 0.828986 0.330000 0.823188 0.324783 0.819324 0.318261
0 0.771981 0.309565 0.760386 0.310435 0.750725 0.317391 0.745894 0.325217 0.746860 0.333043 0.751691 0.335217 0.760386 0.336522 0.769082 0.335652 0.775845 0.326087 0.786473 0.321304 0.786473 0.316957 0.783575 0.313043 0.777778 0.310435
0 0.735266 0.333478 0.715942 0.335652 0.708213 0.340000 0.706280 0.342609 0.706280 0.354348 0.716908 0.366087 0.721739 0.366957 0.748792 0.365652 0.764251 0.361739 0.765217 0.352609 0.760386 0.348696 0.760386 0.346087 0.754589 0.338261 0.748792 0.335652
0 0.731401 0.306522 0.715942 0.306522 0.707246 0.308261 0.701449 0.311304 0.700483 0.318696 0.703382 0.320870 0.705314 0.326522 0.710145 0.332174 0.715942 0.333913 0.737198 0.333043 0.741063 0.332174 0.743961 0.329565 0.747826 0.319565 0.746860 0.314348 0.743961 0.310435
0 0.681159 0.313043 0.674396 0.314783 0.664734 0.322609 0.658937 0.330435 0.658937 0.335217 0.664734 0.338696 0.680193 0.341304 0.694686 0.341304 0.699517 0.340435 0.707246 0.334348 0.707246 0.329565 0.697585 0.316087
0 0.673430 0.314348 0.665700 0.313478 0.657005 0.309130 0.651208 0.308261 0.636715 0.308261 0.624155 0.309565 0.606763 0.317391 0.601932 0.321739 0.603865 0.328261 0.612560 0.334783 0.616425 0.336087 0.643478 0.336522 0.648309 0.335217 0.660870 0.328261
0 0.516908 0.310870 0.499517 0.315217 0.489855 0.322174 0.490821 0.329130 0.498551 0.334783 0.509179 0.339565 0.524638 0.343043 0.535266 0.342609 0.545894 0.339565 0.552657 0.334348 0.553623 0.330000 0.549758 0.321739 0.543961 0.315217 0.535266 0.311739
0 0.437681 0.319130 0.425121 0.321739 0.416425 0.325652 0.412560 0.331304 0.412560 0.340870 0.420290 0.344348 0.425121 0.348696 0.437681 0.353478 0.445411 0.354783 0.459903 0.353913 0.471498 0.350435 0.481159 0.343043 0.487923 0.340870 0.489855 0.337826 0.485024 0.330870 0.471498 0.324348 0.450242 0.319565
0 0.342995 0.317826 0.340097 0.321739 0.340097 0.326087 0.349758 0.332609 0.365217 0.334783 0.377778 0.340435 0.396135 0.340870 0.408696 0.339565 0.412560 0.322174 0.407729 0.316087 0.397101 0.311304 0.389372 0.310000 0.369082 0.310870 0.347826 0.315652
0 0.342995 0.333913 0.322705 0.340435 0.313043 0.345217 0.308213 0.350000 0.308213 0.357826 0.342029 0.363913 0.365217 0.363913 0.380676 0.361739 0.387440 0.357826 0.387440 0.351739 0.371981 0.336957 0.361353 0.333478 0.351691 0.333043
0 0.283092 0.319565 0.279227 0.323478 0.273430 0.326087 0.273430 0.330870 0.298551 0.339130 0.308213 0.340870 0.317874 0.341304 0.330435 0.337826 0.337198 0.334348 0.337198 0.326087 0.325604 0.320000 0.310145 0.316957 0.299517 0.316957
0 0.260870 0.333478 0.251208 0.335652 0.246377 0.338696 0.239614 0.351739 0.239614 0.357391 0.242512 0.360870 0.250242 0.364783 0.274396 0.371739 0.284058 0.368261 0.301449 0.358261 0.304348 0.347826 0.297585 0.340870 0.283092 0.334783 0.274396 0.333043
0 0.237681 0.330000 0.231884 0.329130 0.221256 0.329565 0.210628 0.333043 0.202899 0.337826 0.199034 0.348696 0.194203 0.355217 0.194203 0.359130 0.196135 0.361304 0.203865 0.363913 0.214493 0.364348 0.228986 0.363043 0.238647 0.357391 0.238647 0.352609 0.244444 0.343478 0.245411 0.333913
0 0.198068 0.337826 0.196135 0.336957 0.184541 0.336957 0.168116 0.339565 0.142995 0.340000 0.138164 0.345217 0.138164 0.353478 0.147826 0.356522 0.174879 0.360870 0.177778 0.362609 0.192271 0.361739 0.195169 0.350870 0.200000 0.342609
0 0.179710 0.313043 0.168116 0.312174 0.160386 0.313478 0.146860 0.326087 0.144928 0.330000 0.145894 0.334348 0.154589 0.338696 0.165217 0.339130 0.177778 0.336522 0.188406 0.335652 0.196135 0.333478 0.201932 0.329565 0.202899 0.325217 0.200966 0.322174 0.193237 0.317391
0 0.074396 0.324783 0.065700 0.330000 0.066667 0.332609 0.078261 0.339565 0.087923 0.343043 0.111111 0.347391 0.121739 0.347826 0.126570 0.347391 0.139130 0.342174 0.141063 0.339565 0.140097 0.326087 0.136232 0.323043 0.126570 0.319130 0.120773 0.318261 0.104348 0.318261 0.088889 0.320435
0 0.317874 0.738696 0.314976 0.740870 0.313623 0.748609 0.311208 0.750783 0.297585 0.755652 0.301449 0.760870 0.316908 0.765652 0.343961 0.766087 0.353623 0.765217 0.358454 0.763478 0.360386 0.758696 0.351691 0.746957 0.345894 0.742174 0.336232 0.737391 0.323671 0.737391