0 0.724414 0.454158 0.712740 0.465529 0.711620 0.503198 0.730810 0.511016 0.736674 0.511016 0.739872 0.508173 0.740938 0.503909 0.739339 0.492537 0.739339 0.477612 0.740938 0.465529 0.737207 0.461265 0.735608 0.455579 0.733475 0.454158
0 0.640725 0.464819 0.639126 0.477612 0.641791 0.484719 0.657783 0.488984 0.671109 0.501066 0.674307 0.501066 0.676972 0.488984 0.676972 0.479744 0.674307 0.464819 0.667377 0.454869 0.651386 0.452452 0.646055 0.458422
0 0.688699 0.527363 0.684435 0.535181 0.684435 0.542999 0.689232 0.546553 0.695629 0.555082 0.698827 0.563611 0.705224 0.570718 0.709488 0.572139 0.713753 0.570007 0.715885 0.567164 0.718017 0.559346 0.713220 0.548685 0.695629 0.525942 0.692431 0.525231
0 0.689765 0.507463 0.686034 0.504620 0.680704 0.503198 0.673774 0.503198 0.671642 0.506041 0.668977 0.513859 0.662047 0.523099 0.659275 0.529140 0.658316 0.533760 0.658316 0.539446 0.662580 0.548685 0.666311 0.549396 0.681770 0.541578 0.685501 0.530206 0.691365 0.520967
0 0.681770 0.542999 0.662580 0.550107 0.655650 0.559346 0.654051 0.577114 0.658849 0.586354 0.666311 0.594172 0.674307 0.596304 0.681770 0.592040 0.693497 0.571429 0.695096 0.566453 0.694563 0.554371
0 0.658849 0.542999 0.654584 0.539446 0.638593 0.540867 0.630597 0.545842 0.626866 0.551528 0.624200 0.559346 0.624733 0.570718 0.627399 0.580668 0.632729 0.584222 0.639126 0.584222 0.651386 0.579247 0.652985 0.576404 0.654051 0.560057 0.660981 0.550107
0 0.627932 0.490405 0.624200 0.498934 0.623667 0.508173 0.632196 0.530917 0.641258 0.539446 0.650853 0.539446 0.656183 0.536603 0.659915 0.525231 0.667910 0.512438 0.668443 0.503909 0.666844 0.499645 0.657783 0.490405 0.652452 0.487562 0.638060 0.486141
0 0.632196 0.533760 0.631130 0.531628 0.626866 0.533049 0.623134 0.540156 0.618337 0.543710 0.608742 0.545131 0.604371 0.545131 0.598614 0.542857 0.599787 0.550249 0.603678 0.552594 0.619403 0.559346 0.622601 0.557925 0.627399 0.550817 0.637367 0.537527
0 0.610341 0.465529 0.607676 0.485430 0.614606 0.495380 0.621535 0.496091 0.628998 0.488984 0.636994 0.486141 0.638060 0.482587 0.636994 0.476190 0.631663 0.465529 0.621002 0.460554 0.615139 0.460554
0 0.607676 0.488273 0.599680 0.491827 0.594883 0.496091 0.591151 0.501777 0.586887 0.513149 0.586887 0.520967 0.588753 0.530206 0.594350 0.538735 0.603518 0.542999 0.619936 0.542999 0.623667 0.540156 0.627932 0.530206 0.627399 0.522388 0.621642 0.502345 0.616738 0.497512 0.613539 0.496091 0.611407 0.491116
0 0.584488 0.527434 0.583049 0.528429 0.581557 0.529993 0.578412 0.531485 0.573028 0.535892 0.566631 0.540156 0.563966 0.546553 0.563966 0.557925 0.568763 0.568586 0.574627 0.572139 0.584222 0.572850 0.587953 0.565032 0.598614 0.550107 0.598081 0.543710 0.586354 0.527363
0 0.585821 0.520967 0.584222 0.515991 0.569296 0.506752 0.559701 0.507463 0.553838 0.510306 0.551706 0.513149 0.549574 0.520967 0.549574 0.528785 0.557036 0.531628 0.564499 0.537313 0.569296 0.537313 0.583156 0.528074 0.585821 0.524520
0 0.568230 0.471215 0.564499 0.491827 0.564499 0.498934 0.566098 0.504620 0.573561 0.510306 0.585288 0.514570 0.591151 0.502488 0.598081 0.492537 0.598081 0.485430 0.596482 0.479744 0.593284 0.474058 0.585821 0.469083 0.578358 0.467662
0 0.565352 0.455864 0.565938 0.466240 0.568230 0.469794 0.572495 0.467662 0.583156 0.467662 0.586354 0.469083 0.595416 0.476901 0.599147 0.488273 0.603412 0.487562 0.606610 0.482587 0.609275 0.472637 0.609275 0.464108 0.603412 0.452736 0.594883 0.448472 0.579957 0.447050
0 0.783582 0.923952 0.781983 0.926795 0.781983 0.930348 0.784648 0.933902 0.786247 0.945274 0.786780 0.958778 0.785714 0.966596 0.789979 0.970149 0.802239 0.968017 0.808102 0.953092 0.815032 0.945984 0.815565 0.935323 0.814499 0.929638 0.808635 0.926084 0.802985 0.924733 0.797974 0.924733 0.793710 0.923241
0 0.782516 0.931059 0.777186 0.926084 0.770789 0.924662 0.756397 0.928927 0.750640 0.938948 0.746162 0.945913 0.741311 0.955011 0.741578 0.964961 0.746055 0.967804 0.755330 0.972992 0.761727 0.977257 0.769190 0.979389 0.779318 0.977967 0.784115 0.970860 0.786780 0.960199 0.786780 0.946695 0.785181 0.937456
0 0.739872 0.916134 0.736141 0.922530 0.734009 0.929638 0.730810 0.948117 0.730810 0.956645 0.732409 0.965885 0.739126 0.974485 0.745203 0.973703 0.749467 0.970860 0.739872 0.966596 0.740405 0.951670 0.747868 0.938877 0.756930 0.928927 0.753305 0.925657 0.751226 0.923028 0.749467 0.918977 0.745203 0.916773
0 0.729211 0.892679 0.732409 0.898365 0.733475 0.906894 0.739339 0.914712 0.749200 0.917626 0.755330 0.926795 0.761194 0.927505 0.767058 0.926084 0.771855 0.920398 0.774520 0.903340 0.769190 0.895522 0.764392 0.891969 0.756397 0.889837 0.753731 0.887704 0.734542 0.887704
0 0.701493 0.896233 0.697761 0.901919 0.695629 0.909026 0.695096 0.919687 0.697228 0.927505 0.702026 0.933902 0.707889 0.938166 0.717484 0.941720 0.723881 0.947406 0.728678 0.946695 0.731876 0.940299 0.735608 0.926084 0.736141 0.919687 0.735608 0.909737 0.728678 0.892679 0.718550 0.889837 0.712687 0.889837 0.708422 0.893390
0 0.714286 0.852878 0.709488 0.845060 0.702559 0.843639 0.691898 0.845060 0.684968 0.850036 0.674840 0.852878 0.668443 0.859986 0.665778 0.866382 0.666311 0.877754 0.669510 0.883440 0.674307 0.886283 0.681237 0.894812 0.686567 0.896944 0.697228 0.897655 0.709488 0.889837 0.711620 0.886994 0.715352 0.873490 0.715352 0.858564
0 0.716418 0.942431 0.708955 0.941009 0.699360 0.944563 0.694563 0.948827 0.691898 0.953802 0.689765 0.964463 0.689765 0.972281 0.692431 0.982232 0.700959 0.992893 0.704158 0.994314 0.713220 0.992893 0.719083 0.987207 0.720682 0.981521 0.727612 0.973703 0.730277 0.967306 0.729744 0.960199 0.726013 0.951670 0.720682 0.945274
0 0.691898 0.996446 0.686567 0.987918 0.682303 0.985785 0.676972 0.985785 0.666844 0.988628 0.662047 0.997157 0.662047 1.000000 0.691898 1.000000
0 0.687633 0.928927 0.676439 0.928927 0.672175 0.931059 0.669510 0.935323 0.664179 0.938166 0.653518 0.957356 0.652452 0.974414 0.655650 0.980100 0.665778 0.988628 0.685501 0.986496 0.688220 0.977043 0.689232 0.962331 0.691365 0.952381 0.695096 0.944563
0 0.656716 0.882018 0.650853 0.884861 0.643390 0.893390 0.639659 0.907605 0.639659 0.916844 0.641791 0.926795 0.644989 0.931770 0.650853 0.935323 0.662580 0.938166 0.670043 0.933902 0.678571 0.926084 0.682303 0.913291 0.682303 0.903340 0.679638 0.894812 0.672175 0.885572 0.665245 0.882018
0 0.670043 0.736318 0.670043 0.744136 0.672175 0.750533 0.679638 0.756219 0.703092 0.760483 0.710021 0.758351 0.714286 0.748401 0.713753 0.731343 0.712687 0.727790 0.708955 0.722104 0.698827 0.715707 0.689232 0.717129
0 0.647122 0.840085 0.639126 0.837242 0.633262 0.838664 0.623667 0.845771 0.616738 0.856432 0.615139 0.862118 0.614606 0.872779 0.618870 0.884861 0.623134 0.890547 0.628998 0.893390 0.641258 0.893390 0.646055 0.890547 0.655650 0.880597 0.657249 0.873490 0.656716 0.858564 0.651919 0.845771
0 0.375746 0.457214 0.363753 0.462758 0.362100 0.477186 0.359808 0.491116 0.362154 0.494527 0.365139 0.497512 0.375213 0.502630 0.384861 0.506752 0.388166 0.505757 0.389659 0.497299 0.394456 0.486638 0.394243 0.479673 0.387740 0.460554 0.384542 0.455295
0 0.302239 0.503909 0.300959 0.512580 0.302026 0.520398 0.309701 0.530917 0.316631 0.537313 0.325160 0.542289 0.330064 0.542928 0.339019 0.540867 0.344350 0.537313 0.344883 0.532338 0.342751 0.509595 0.339019 0.497512 0.330490 0.488273 0.327292 0.486851 0.317697 0.487562 0.312900 0.490405
0 0.326439 0.468657 0.321269 0.468728 0.310288 0.468515 0.303731 0.469510 0.300959 0.472139 0.297974 0.476190 0.294776 0.482587 0.293124 0.489410 0.294083 0.494314 0.299041 0.500355 0.302772 0.502488 0.312900 0.490405 0.321429 0.486851 0.326759 0.486851 0.328038 0.476475
0 0.261194 0.511016 0.260501 0.522459 0.264072 0.533618 0.273241 0.542573 0.285181 0.546553 0.291045 0.545842 0.308102 0.533760 0.307569 0.528074 0.302239 0.520967 0.300640 0.515281 0.300107 0.506041 0.297441 0.498934 0.290512 0.491116 0.283049 0.489694 0.273987 0.490405 0.265458 0.500355
0 0.198827 0.471215 0.192964 0.477612 0.188699 0.486851 0.187633 0.492537 0.187633 0.503198 0.192964 0.515991 0.199360 0.520256 0.214819 0.521677 0.221215 0.520256 0.230810 0.512438 0.232942 0.508884 0.232409 0.491116 0.231343 0.486141 0.226013 0.476190 0.222868 0.472921 0.219616 0.471215 0.213753 0.469083 0.205224 0.469083
0 0.210021 0.414357 0.203625 0.423596 0.200959 0.431414 0.200959 0.441365 0.202026 0.445629 0.205757 0.451315 0.218550 0.461265 0.226013 0.463397 0.235608 0.462687 0.244136 0.454869 0.245203 0.451315 0.244670 0.437100 0.240938 0.425729 0.235075 0.415778 0.229744 0.411514 0.222281 0.408671 0.216418 0.409382
0 0.266684 0.445274 0.262793 0.454869 0.262260 0.466951 0.263859 0.473348 0.275053 0.488273 0.291578 0.489694 0.296908 0.477612 0.301173 0.471215 0.301173 0.466240 0.293710 0.454158 0.289979 0.442786 0.283582 0.439943 0.274680 0.440654
0 0.336940 0.438664 0.333156 0.444918 0.327825 0.464819 0.328092 0.477612 0.328891 0.481876 0.330490 0.486851 0.335768 0.494314 0.341578 0.498365 0.349680 0.498223 0.357143 0.493248 0.360874 0.486851 0.363060 0.462118 0.358742 0.449893 0.353945 0.441365 0.348134 0.435892
0 0.334755 0.438522 0.330490 0.436389 0.316098 0.421180 0.312473 0.422601 0.300213 0.430988 0.293817 0.433973 0.290565 0.439161 0.291578 0.446340 0.296375 0.460839 0.306503 0.468372 0.320896 0.468372 0.327292 0.466240 0.331023 0.450604 0.335288 0.440654
0 0.342217 0.388770 0.326759 0.392324 0.321429 0.395167 0.316631 0.401564 0.315032 0.407960 0.315032 0.413646 0.317164 0.421464 0.320896 0.426439 0.333689 0.437811 0.337953 0.438522 0.343284 0.436745 0.350746 0.435679 0.353785 0.433475 0.357143 0.426439 0.359808 0.420043 0.359275 0.414357 0.350746 0.395167 0.345949 0.390192
0 0.386034 0.409240 0.379638 0.406539 0.370469 0.405828 0.364712 0.412082 0.359275 0.420611 0.354478 0.434257 0.355277 0.443284 0.362740 0.461265 0.369403 0.459844 0.376333 0.455579 0.386461 0.454158 0.389126 0.451315 0.393497 0.442075 0.396588 0.436389 0.394723 0.423454
0 0.410448 0.383085 0.407783 0.384506 0.405650 0.389481 0.403145 0.397655 0.402932 0.413362 0.399414 0.428003 0.400586 0.435679 0.409222 0.438380 0.418443 0.437100 0.423241 0.430704 0.426386 0.418195 0.428465 0.411869 0.429531 0.402345 0.424307 0.391613 0.420043 0.385217
0 0.541471 0.451599 0.539925 0.456432 0.534915 0.465103 0.529851 0.477612 0.529851 0.482587 0.533049 0.487562 0.543177 0.496091 0.549041 0.503909 0.557569 0.507463 0.563966 0.503198 0.562900 0.494670 0.565832 0.485714 0.565565 0.474769 0.563433 0.458422 0.559062 0.452168 0.549893 0.451599
0 0.564925 0.422814 0.559648 0.443284 0.561407 0.453305 0.566098 0.454016 0.580650 0.447050 0.599147 0.450604 0.603412 0.450604 0.603412 0.444918 0.600213 0.437100 0.594883 0.432125 0.579211 0.427434 0.569030 0.417484
0 0.548507 0.400142 0.546375 0.402274 0.545309 0.413646 0.543177 0.421464 0.542537 0.425444 0.541684 0.428927 0.536247 0.435679 0.533049 0.437100 0.530490 0.439090 0.533635 0.446695 0.542111 0.450604 0.556503 0.451315 0.558635 0.449183 0.565991 0.417555 0.564232 0.406894 0.558422 0.400711
0 0.495203 0.399431 0.494670 0.407249 0.499467 0.419332 0.527665 0.437100 0.537313 0.435679 0.542910 0.428927 0.544776 0.418621 0.546375 0.398010 0.542644 0.392324 0.534701 0.385146 0.505597 0.384151
0 0.589552 0.379531 0.583689 0.382374 0.574733 0.393603 0.571962 0.403696 0.570149 0.416205 0.577292 0.426297 0.588486 0.429993 0.596535 0.431841 0.600959 0.427932 0.605064 0.423099 0.607676 0.417910 0.608742 0.416489 0.610341 0.400142 0.608209 0.391116 0.599680 0.380242
0 0.626759 0.402630 0.621482 0.408813 0.617484 0.413788 0.611940 0.429282 0.609222 0.446411 0.605224 0.447548 0.602132 0.443497 0.599414 0.439943 0.598774 0.432196 0.601279 0.428571 0.607143 0.420753 0.609275 0.414357 0.610874 0.400853 0.615672 0.400853
0 0.626972 0.402985 0.617271 0.414357 0.613753 0.422459 0.610661 0.437385 0.609808 0.445629 0.612367 0.453945 0.619936 0.459844 0.632729 0.464819 0.639126 0.464819 0.644456 0.459844 0.650053 0.450249 0.646588 0.422175 0.645043 0.412651 0.635394 0.405117
0 0.692431 0.457001 0.688166 0.460554 0.681663 0.469154 0.678252 0.479318 0.678412 0.489268 0.681930 0.496233 0.690832 0.505330 0.695629 0.508884 0.705224 0.508173 0.710021 0.503198 0.712154 0.493248 0.713220 0.473348 0.710928 0.462971 0.705064 0.458351 0.697761 0.456290
0 0.686887 0.401706 0.681823 0.405757 0.677612 0.414072 0.679318 0.424307 0.675320 0.438024 0.668657 0.454300 0.671908 0.457711 0.676493 0.465529 0.683635 0.465245 0.695309 0.452736 0.698881 0.443568 0.701333 0.437882 0.702079 0.425444 0.703092 0.415210 0.694616 0.404264
0 0.718017 0.413646 0.713220 0.415068 0.703305 0.416418 0.700426 0.440654 0.696162 0.449893 0.696695 0.455579 0.705064 0.457925 0.712154 0.463397 0.716951 0.461265 0.724414 0.451315 0.727612 0.439232 0.722281 0.418621 0.720682 0.415068
0 0.728145 0.400142 0.724414 0.403696 0.720896 0.411585 0.723348 0.424307 0.726546 0.432836 0.728145 0.442075 0.731876 0.450604 0.737953 0.455935 0.744829 0.455508 0.752772 0.450959 0.757356 0.446766 0.759275 0.443070 0.755864 0.430704 0.757463 0.413646 0.751066 0.401137 0.741471 0.398721 0.731343 0.398721
0 0.808582 0.415778 0.802719 0.414144 0.795736 0.415636 0.793763 0.419119 0.795309 0.430988 0.792697 0.436389 0.785608 0.439517 0.779318 0.442573 0.774200 0.444918 0.775053 0.449751 0.777132 0.455295 0.778785 0.457711 0.783049 0.464819 0.792644 0.464819 0.799574 0.461265 0.811301 0.444918 0.813433 0.439232 0.815085 0.438237 0.815832 0.436389 0.816098 0.432125 0.816525 0.427790 0.816525 0.422814
0 0.785714 0.401564 0.781450 0.399431 0.771322 0.400853 0.757569 0.415423 0.756397 0.424307 0.756397 0.431414 0.757463 0.437100 0.760075 0.442075 0.766525 0.444208 0.776119 0.444208 0.792857 0.435963 0.795149 0.431130 0.793817 0.420114 0.791205 0.414854 0.787846 0.404407
0 0.827292 0.371002 0.824627 0.372424 0.823561 0.379531 0.816098 0.393035 0.800107 0.397299 0.801173 0.404407 0.803838 0.410803 0.817697 0.422886 0.824627 0.421464 0.829424 0.412935 0.834222 0.408671 0.840618 0.398721 0.841151 0.393035 0.839552 0.387349
0 0.857676 0.396588 0.853412 0.395167 0.842751 0.396588 0.827292 0.415778 0.824094 0.423596 0.825693 0.438522 0.841684 0.457001 0.852345 0.456290 0.860341 0.446340 0.861407 0.430704 0.865672 0.417200 0.865672 0.412935 0.861940 0.402985
0 0.997868 0.432125 0.995203 0.442075 0.994670 0.457711 0.997868 0.469083 1.000000 0.469083 1.000000 0.432125
0 0.990405 0.408671 0.974414 0.410092 0.969083 0.413646 0.962687 0.422886 0.961087 0.429282 0.961087 0.439943 0.962687 0.447050 0.969083 0.458422 0.978145 0.468372 0.984009 0.468372 0.986141 0.466951 0.990938 0.460554 0.994136 0.452736 0.997335 0.432125 0.997335 0.422175 0.995203 0.413646
0 0.960021 0.447050 0.950959 0.446340 0.946695 0.447761 0.936034 0.454158 0.932303 0.459133 0.930704 0.474058 0.931237 0.486141 0.935501 0.496802 0.942964 0.503909 0.948294 0.504620 0.953625 0.503198 0.960021 0.496091 0.966951 0.481876 0.969083 0.461976 0.963220 0.449183
0 0.933369 0.439232 0.928038 0.436389 0.920576 0.436389 0.905650 0.442786 0.901493 0.445203 0.899787 0.449183 0.896055 0.457001 0.895522 0.466240 0.900320 0.477612 0.907783 0.487562 0.911514 0.490405 0.917910 0.491116 0.924307 0.488984 0.929104 0.482587 0.930704 0.466240 0.935501 0.447761 0.934968 0.442075
0 0.889659 0.361763 0.879531 0.361763 0.873667 0.363895 0.859275 0.386638 0.859275 0.395167 0.865139 0.407960 0.876333 0.408671 0.892324 0.406539 0.897122 0.400853 0.899254 0.393746 0.899254 0.384506 0.896588 0.374556 0.893923 0.371713 0.892857 0.366027
0 0.950426 0.314854 0.941365 0.320540 0.936034 0.334755 0.934968 0.341151 0.935501 0.368159 0.936567 0.371713 0.940299 0.375977 0.956290 0.378820 0.964819 0.374556 0.969616 0.367448 0.971215 0.361763 0.971215 0.349680 0.967484 0.330490 0.963220 0.319119 0.959488 0.315565
0 0.924307 0.336176 0.916844 0.335466 0.906183 0.340441 0.895522 0.354655 0.894456 0.358209 0.894456 0.367448 0.896588 0.373845 0.903518 0.385217 0.911514 0.388770 0.920043 0.387349 0.927505 0.383085 0.933369 0.372424 0.934435 0.368870 0.933369 0.351102 0.928038 0.338308
0 0.868337 0.309879 0.861940 0.320540 0.860874 0.325515 0.861407 0.336176 0.872068 0.349680 0.876333 0.357498 0.879531 0.359630 0.891258 0.358920 0.901919 0.341862 0.903518 0.329780 0.901919 0.319119 0.897655 0.313433 0.890725 0.309879
0 0.861407 0.337598 0.857143 0.336176 0.847015 0.336887 0.837953 0.344705 0.831023 0.356787 0.828891 0.366027 0.829424 0.371713 0.845416 0.393035 0.852345 0.390192 0.860341 0.383795 0.861940 0.378820 0.866738 0.373845 0.873134 0.361763 0.872068 0.351812
0 0.794776 0.323383 0.790512 0.333333 0.789979 0.343284 0.791045 0.351812 0.795309 0.351102 0.810768 0.339730 0.814499 0.341151 0.824627 0.356787 0.826759 0.357498 0.828891 0.354655 0.831557 0.346837 0.830490 0.340441 0.827292 0.331201 0.819296 0.319119 0.812367 0.314144 0.804904 0.314144 0.797974 0.319119
0 0.736141 0.345416 0.728145 0.355366 0.723348 0.366738 0.728145 0.382374 0.728145 0.395167 0.731876 0.398721 0.739872 0.398010 0.752132 0.400853 0.757996 0.393035 0.758529 0.375977 0.755864 0.361052 0.753731 0.356077 0.748401 0.349680 0.743603 0.346127
0 0.755864 0.292822 0.747335 0.309879 0.746802 0.346127 0.754797 0.355366 0.757996 0.356787 0.768124 0.353234 0.772388 0.353234 0.780917 0.346127 0.783582 0.337598 0.783582 0.325515 0.775586 0.305615 0.771855 0.299929 0.760128 0.292822
0 0.718550 0.304904 0.711620 0.309168 0.703092 0.319829 0.697761 0.331201 0.696695 0.342573 0.697761 0.348969 0.700426 0.353234 0.713220 0.363184 0.721215 0.364606 0.734009 0.348259 0.735608 0.343284 0.734542 0.322672 0.730277 0.311301 0.724947 0.306326
0 0.692964 0.364606 0.688539 0.373561 0.686567 0.383085 0.694030 0.402985 0.703625 0.415068 0.711087 0.415778 0.719083 0.412225 0.723881 0.404407 0.726546 0.397299 0.727612 0.380952 0.721269 0.368657 0.711407 0.363824 0.698561 0.362331
0 0.641258 0.366809 0.638060 0.375977 0.636301 0.389339 0.635394 0.401137 0.638913 0.408458 0.647122 0.412225 0.654584 0.404407 0.670576 0.405117 0.673774 0.401564 0.674307 0.395878 0.670576 0.380242 0.660448 0.370291 0.656237 0.362615 0.647655 0.363682
0 0.686567 0.323383 0.681770 0.323383 0.674840 0.330490 0.660928 0.350391 0.656397 0.361905 0.660981 0.369581 0.669510 0.378109 0.674307 0.378820 0.683475 0.368799 0.693177 0.348045 0.692964 0.336176 0.690832 0.329780
0 0.596482 0.366738 0.590672 0.361265 0.572495 0.364037 0.567164 0.370291 0.565565 0.373134 0.565032 0.379531 0.565352 0.394598 0.572495 0.401564 0.574627 0.393035 0.586354 0.380242 0.589552 0.378820 0.598081 0.378820 0.598614 0.375977
0 0.609808 0.351102 0.599147 0.362473 0.598081 0.366027 0.599147 0.378109 0.613006 0.398010 0.618337 0.400853 0.627399 0.401564 0.631130 0.396588 0.638593 0.372424 0.638593 0.366738 0.635394 0.356077 0.633262 0.353234 0.624733 0.348969 0.618337 0.348259
0 0.633795 0.307747 0.630597 0.312722 0.626333 0.330490 0.626866 0.339730 0.628998 0.346837 0.637527 0.358209 0.639126 0.362473 0.641258 0.363895 0.652452 0.362473 0.656183 0.360341 0.667377 0.339730 0.666844 0.329780 0.663646 0.320540 0.654051 0.309879 0.640725 0.307036
0 0.607676 0.314144 0.600213 0.314144 0.593284 0.324805 0.592217 0.351812 0.593497 0.360910 0.599680 0.362473 0.612473 0.349680 0.626333 0.346837 0.625800 0.336887 0.624200 0.331912 0.616738 0.321251
0 0.542111 0.346127 0.536780 0.353234 0.534648 0.361052 0.534701 0.383014 0.535661 0.386212 0.547441 0.397299 0.551706 0.400142 0.560235 0.400142 0.564499 0.392324 0.563966 0.371002 0.562900 0.368870 0.562367 0.358209 0.554371 0.345416 0.547441 0.344705
0 0.587953 0.308458 0.583156 0.307036 0.571962 0.309168 0.559168 0.319829 0.556503 0.323383 0.554371 0.330490 0.553838 0.341862 0.561834 0.355366 0.571962 0.363184 0.582623 0.362473 0.587420 0.359630 0.591151 0.354655 0.593284 0.325515
0 0.466951 0.356077 0.463753 0.361763 0.463220 0.368159 0.464286 0.373845 0.466311 0.379389 0.468550 0.387349 0.472281 0.398721 0.475480 0.402274 0.484542 0.406539 0.490405 0.406539 0.505864 0.383085 0.506397 0.377399 0.504264 0.366738 0.500533 0.361763 0.486674 0.353945 0.472814 0.353234
0 0.517591 0.346127 0.508529 0.358920 0.506397 0.371713 0.507463 0.383085 0.509062 0.384506 0.534648 0.384506 0.534115 0.362473 0.535714 0.353234 0.537313 0.351102 0.533049 0.346127 0.525586 0.344705
0 0.549041 0.289979 0.543177 0.289268 0.533049 0.293532 0.522921 0.304193 0.516525 0.315565 0.515991 0.324094 0.518124 0.333333 0.523987 0.341862 0.537846 0.348259 0.544243 0.343994 0.550640 0.342573 0.552772 0.339730 0.553305 0.331912 0.555970 0.321962 0.554904 0.301350 0.552772 0.294954
0 0.497868 0.302061 0.485661 0.310021 0.481343 0.319119 0.479371 0.341436 0.483475 0.347548 0.488273 0.353945 0.497868 0.358920 0.506397 0.358920 0.515458 0.348969 0.518124 0.341862 0.516525 0.324805 0.514925 0.317697 0.511194 0.312011 0.505330 0.307747 0.502132 0.303483
0 0.443497 0.351102 0.432729 0.349183 0.425480 0.353234 0.420576 0.366738 0.419723 0.382303 0.420842 0.385714 0.426279 0.394670 0.428358 0.399147 0.430171 0.399431 0.430117 0.387775 0.436567 0.377399 0.448294 0.368870 0.454691 0.367448 0.453625 0.362473
0 0.436034 0.377399 0.431237 0.387349 0.430171 0.398721 0.431770 0.404407 0.442431 0.413646 0.454158 0.420753 0.461780 0.420256 0.467910 0.412082 0.471748 0.406539 0.468550 0.386638 0.463220 0.373134 0.455757 0.367448 0.444030 0.371002
0 0.378998 0.351812 0.371002 0.354655 0.366738 0.358209 0.358742 0.368870 0.357143 0.373134 0.356610 0.380242 0.359275 0.391613 0.368870 0.405117 0.385394 0.407249 0.396588 0.401564 0.402452 0.395878 0.405117 0.388060 0.404584 0.382374 0.401919 0.371713 0.394456 0.359630 0.386994 0.353234
0 0.476013 0.314854 0.473348 0.313433 0.447228 0.314144 0.440832 0.316986 0.438699 0.323383 0.438699 0.334755 0.441365 0.344705 0.446535 0.355508 0.454638 0.362900 0.466365 0.357285 0.476173 0.347619 0.479211 0.339019 0.480650 0.328074
0 0.413113 0.288557 0.410448 0.292111 0.406876 0.297157 0.406183 0.303483 0.406183 0.314144 0.418977 0.334044 0.421109 0.341862 0.423774 0.346127 0.432303 0.347548 0.438699 0.341862 0.438699 0.299218 0.431237 0.288557 0.422708 0.287136
0 0.389126 0.267946 0.380064 0.268657 0.373134 0.275764 0.368870 0.282871 0.363539 0.298507 0.364072 0.306326 0.367804 0.316276 0.383262 0.328358 0.384861 0.328358 0.393923 0.315565 0.400320 0.312011 0.402452 0.309168 0.405117 0.297797 0.402452 0.280028 0.397655 0.273632
0 0.389126 0.267946 0.382196 0.267946 0.375800 0.272921 0.368870 0.283582 0.364072 0.296375 0.364072 0.305615 0.366205 0.312722 0.374733 0.321962 0.383262 0.327647 0.384861 0.327647 0.393390 0.315565 0.401386 0.310590 0.404584 0.297797 0.404051 0.288557 0.401919 0.279318 0.396588 0.272921
0 0.368870 0.319119 0.356610 0.318408 0.348614 0.319829 0.342751 0.325515 0.341151 0.330490 0.339446 0.341507 0.344350 0.355366 0.351279 0.366027 0.357143 0.370291 0.365672 0.358209 0.371535 0.353945 0.378998 0.351812 0.382196 0.346837 0.382729 0.339730 0.381663 0.330490 0.377399 0.324805
0 0.326759 0.335466 0.319829 0.339019 0.315565 0.345416 0.311834 0.367448 0.311301 0.378109 0.312367 0.384506 0.319510 0.395167 0.321962 0.393319 0.341684 0.388060 0.349680 0.379531 0.351279 0.374556 0.350746 0.366738 0.343817 0.356787 0.340085 0.347548 0.333156 0.341862 0.330490 0.337598
0 0.311834 0.384506 0.299041 0.379531 0.293710 0.379531 0.287846 0.382374 0.283582 0.388060 0.283049 0.396588 0.284648 0.418621 0.286247 0.427150 0.290512 0.434968 0.302772 0.429282 0.315032 0.419332 0.314499 0.407960 0.318230 0.397299 0.317164 0.393035
0 0.259595 0.381663 0.253731 0.388060 0.250533 0.395878 0.247868 0.407960 0.247868 0.422175 0.251066 0.434968 0.255864 0.439943 0.265991 0.442075 0.275053 0.440654 0.281450 0.437100 0.286247 0.429282 0.283049 0.414357 0.282516 0.395878 0.280917 0.389481 0.268657 0.382374 0.264392 0.380952
0 0.205757 0.351812 0.205757 0.356787 0.208422 0.363895 0.214819 0.373845 0.221748 0.378820 0.233475 0.383085 0.244670 0.383085 0.250000 0.380242 0.253731 0.372424 0.253731 0.346127 0.250533 0.340441 0.245203 0.335466 0.232409 0.335466 0.226013 0.339019 0.216951 0.341151
0 0.261194 0.331912 0.256397 0.341151 0.254797 0.354655 0.254797 0.363184 0.261194 0.376688 0.264925 0.380242 0.278252 0.385928 0.283582 0.385928 0.287846 0.381663 0.294776 0.378109 0.297974 0.368159 0.297974 0.353945 0.295842 0.346127 0.287846 0.332623 0.275586 0.329069
0 0.304904 0.294954 0.302239 0.302061 0.302239 0.316276 0.310235 0.329069 0.321429 0.334755 0.336887 0.335466 0.339552 0.333333 0.344883 0.320540 0.344350 0.312011 0.341684 0.299218 0.338486 0.291400 0.334755 0.286425 0.329957 0.282161 0.319296 0.282161
0 0.248401 0.294243 0.246269 0.302772 0.246802 0.315565 0.248401 0.321251 0.255330 0.329780 0.259062 0.331912 0.271322 0.329069 0.285181 0.329780 0.291045 0.328358 0.294776 0.324805 0.294776 0.316276 0.289446 0.299929 0.282516 0.290689 0.272388 0.283582 0.264392 0.281450 0.257996 0.282871 0.254264 0.285714
0 1.000000 0.311301 0.986141 0.312722 0.974414 0.319119 0.974414 0.332623 0.972281 0.341151 0.972281 0.347548 0.975480 0.353234 0.981343 0.356787 1.000000 0.358209
0 0.391258 0.319119 0.388593 0.324805 0.385714 0.329069 0.384915 0.334115 0.392484 0.350746 0.403518 0.362473 0.410981 0.367448 0.420043 0.366738 0.422708 0.361763 0.423774 0.350391 0.420576 0.339019 0.413113 0.324094 0.406183 0.314854 0.402985 0.313433 0.396055 0.314854
0 0.931770 0.381663 0.925373 0.389481 0.922175 0.398010 0.923241 0.404407 0.931237 0.425018 0.936567 0.432836 0.940299 0.435679 0.950426 0.435679 0.957356 0.432125 0.961620 0.423596 0.963220 0.415068 0.959488 0.388060 0.955224 0.380952 0.948294 0.378820 0.939232 0.378109
0 1.000000 0.358920 0.985608 0.356787 0.978678 0.359630 0.970149 0.366738 0.966951 0.374556 0.966951 0.385217 0.969083 0.396588 0.974947 0.406539 0.977079 0.407960 0.990405 0.407249 1.000000 0.400853
0 0.518657 0.488273 0.511194 0.496802 0.506930 0.515991 0.507463 0.523810 0.511194 0.530917 0.514392 0.534471 0.534115 0.538735 0.538380 0.530917 0.546908 0.528785 0.548507 0.525231 0.550107 0.507463 0.542644 0.496802 0.527772 0.484293
0 0.835288 0.997157 0.835288 1.000000 0.871642 1.000000 0.865672 0.997157 0.857676 0.989339 0.842217 0.990760
0 0.494670 0.488984 0.485181 0.492751 0.481343 0.498934 0.480277 0.507463 0.483475 0.523810 0.484009 0.533760 0.489872 0.548685 0.494136 0.546553 0.495736 0.541578 0.502132 0.531628 0.506397 0.518124 0.508529 0.503198 0.506930 0.497512
0 0.287313 0.843639 0.270256 0.844350 0.265458 0.846482 0.261674 0.849041 0.257996 0.853589 0.255864 0.859986 0.255330 0.877043 0.258529 0.883440 0.267591 0.893390 0.271855 0.895522 0.291578 0.895522 0.295842 0.893390 0.301706 0.883440 0.302772 0.879886 0.302772 0.866382 0.297974 0.855011 0.294776 0.851457 0.291578 0.851457 0.290512 0.846482
0 0.328358 0.741294 0.326226 0.749112 0.323934 0.763397 0.324094 0.776830 0.324094 0.782516 0.326759 0.788202 0.332623 0.792466 0.343284 0.793177 0.357676 0.787491 0.362473 0.778962 0.363539 0.769012 0.361407 0.757640 0.356077 0.746269 0.351279 0.740583 0.343284 0.736318 0.333689 0.737029
0 0.391258 0.532338 0.380064 0.540867 0.375267 0.548685 0.371802 0.558138 0.371375 0.577825 0.374733 0.582090 0.378998 0.586354 0.384861 0.589197 0.397655 0.589908 0.403518 0.588486 0.413113 0.575693 0.412580 0.570007 0.408316 0.558635 0.407783 0.542289 0.406183 0.538735 0.398721 0.533049
0 0.310235 0.535892 0.302239 0.538735 0.291045 0.546553 0.289446 0.550107 0.288380 0.562900 0.289979 0.570007 0.294243 0.578536 0.298507 0.582090 0.304904 0.592040 0.307036 0.593461 0.315032 0.593461 0.328891 0.585643 0.329957 0.579247 0.329264 0.565743 0.329957 0.562900 0.329957 0.558635 0.322495 0.542289 0.314499 0.536603
0 0.349680 0.499645 0.344350 0.508173 0.343284 0.512438 0.344989 0.529211 0.346642 0.538735 0.360874 0.536603 0.368337 0.543710 0.369936 0.549396 0.372122 0.553021 0.376866 0.543710 0.389126 0.530206 0.391258 0.523810 0.391258 0.517413 0.386994 0.510306 0.381663 0.505330 0.361940 0.496091 0.355011 0.496802
0 0.428518 0.413859 0.424307 0.429282 0.424307 0.434968 0.427505 0.443497 0.432836 0.447761 0.435501 0.452026 0.440832 0.453447 0.453092 0.449893 0.456290 0.447050 0.456663 0.439943 0.458316 0.428785 0.459915 0.421535 0.452772 0.421464 0.445629 0.416489 0.441151 0.413291 0.433635 0.407534 0.429851 0.404691
0 0.488806 0.459133 0.489339 0.469083 0.493443 0.484080 0.499627 0.492253 0.509861 0.494741 0.523987 0.484009 0.531450 0.473348 0.534382 0.466098 0.537313 0.461265 0.537846 0.455579 0.534648 0.448472 0.529851 0.443497 0.510128 0.440654 0.505384 0.440156 0.497868 0.438522 0.493070 0.444208 0.490405 0.449893
0 0.478412 0.403554 0.488966 0.409168 0.494670 0.427861 0.495736 0.434257 0.495203 0.440654 0.489339 0.452026 0.487740 0.461265 0.482942 0.464819 0.470149 0.462687 0.465885 0.459844 0.457889 0.450604 0.456823 0.447050 0.457889 0.434328 0.461141 0.421891 0.467591 0.413149 0.473348 0.406752
0 0.490938 0.408671 0.490405 0.414357 0.491471 0.419332 0.496269 0.428571 0.497814 0.437598 0.505330 0.439303 0.512260 0.440654 0.519670 0.441507 0.531503 0.444776 0.529264 0.438095 0.519190 0.432836 0.515991 0.430206 0.500533 0.420753 0.492964 0.403412
0 0.655171 0.405259 0.650320 0.409382 0.645522 0.414641 0.649787 0.449893 0.653518 0.452736 0.668443 0.451315 0.672228 0.446979 0.678038 0.429993 0.678571 0.422886 0.676972 0.415068 0.674307 0.410803 0.670736 0.406539
0 0.867271 0.415068 0.863539 0.422886 0.860874 0.442786 0.861940 0.458422 0.868337 0.465529 0.875267 0.469794 0.883262 0.469083 0.890725 0.465529 0.896002 0.456361 0.899254 0.447050 0.899254 0.443497 0.897122 0.437811 0.894456 0.429566 0.891258 0.422886 0.885928 0.416489 0.880064 0.412935 0.872601 0.412225
0 0.904051 0.390192 0.899787 0.394456 0.894456 0.407249 0.893390 0.423596 0.896055 0.434257 0.901386 0.442075 0.906716 0.442075 0.924307 0.434968 0.928038 0.430704 0.929638 0.423596 0.928038 0.416489 0.925693 0.412438 0.923774 0.407960 0.921109 0.399431 0.915245 0.392324
0 0.813433 0.340441 0.809168 0.339730 0.788913 0.356077 0.787900 0.368799 0.788806 0.382090 0.797441 0.394456 0.808102 0.395167 0.815032 0.393746 0.819296 0.388770 0.823561 0.380242 0.825160 0.369581 0.824094 0.356787 0.821962 0.351812
0 0.762260 0.356787 0.759595 0.361052 0.758529 0.366027 0.760128 0.377399 0.760128 0.388770 0.762260 0.393035 0.770256 0.399431 0.780917 0.398010 0.789979 0.400142 0.792644 0.398721 0.795309 0.393035 0.789446 0.385217 0.787687 0.376688 0.788380 0.356077 0.787313 0.354655 0.775053 0.352523 0.771855 0.354655
0 0.236674 0.685856 0.232409 0.695096 0.232409 0.705757 0.235075 0.723525 0.239872 0.734897 0.244136 0.734897 0.249467 0.732054 0.261194 0.732765 0.272388 0.719261 0.275586 0.711443 0.275586 0.703625 0.271855 0.694385 0.267058 0.689410 0.260128 0.685146 0.254264 0.683724 0.242537 0.683724
0 0.701279 0.354087 0.697281 0.352452 0.692484 0.353376 0.689446 0.357072 0.687740 0.360768 0.685501 0.363895 0.683902 0.367448 0.682303 0.369581 0.680757 0.372495 0.679158 0.373845 0.678038 0.375977 0.678038 0.381663 0.678252 0.384009 0.678571 0.390192 0.680704 0.395878 0.683902 0.400142 0.686034 0.401564 0.690299 0.402274 0.692431 0.403696 0.694563 0.403696 0.692111 0.398650 0.689765 0.392324 0.689232 0.389481 0.687633 0.386638 0.686567 0.382374 0.687154 0.377683 0.687846 0.374556 0.691098 0.367591 0.693177 0.364321 0.694670 0.363255 0.696002 0.363255 0.697335 0.362260 0.698561 0.361905 0.699360 0.361763 0.705650 0.362900 0.710874 0.362829 0.708422 0.359844
0 0.922175 0.800995 0.920576 0.808102 0.920576 0.820185 0.923774 0.838664 0.927505 0.838664 0.931237 0.834399 0.939765 0.830135 0.955224 0.831557 0.960554 0.822317 0.961087 0.813788 0.958422 0.805259 0.955224 0.800995 0.945629 0.793888 0.932836 0.791756 0.928571 0.793888
0 0.965885 0.811656 0.962687 0.817342 0.961087 0.828714 0.962154 0.837242 0.966951 0.850746 0.986141 0.851457 0.993603 0.859275 1.000000 0.855011 1.000000 0.829424 0.998401 0.829424 0.991471 0.820185 0.978678 0.810945 0.969616 0.809524
0 0.959488 0.860697 0.955757 0.870647 0.955224 0.882729 0.957889 0.890547 0.962154 0.894101 0.990405 0.894812 0.995736 0.889126 0.997868 0.880597 1.000000 0.879886 1.000000 0.869225 0.997868 0.868515 0.997335 0.865672 0.992004 0.857854 0.986674 0.854300 0.976546 0.851457 0.965885 0.853589
0 0.952559 0.831557 0.947228 0.830135 0.936034 0.831557 0.926972 0.838664 0.923241 0.844350 0.919510 0.852878 0.918977 0.867804 0.926439 0.880597 0.931770 0.884151 0.939765 0.885572 0.948294 0.883440 0.953625 0.879176 0.955757 0.867804 0.959488 0.862118 0.960554 0.854300 0.960021 0.845060
0 0.908849 0.791045 0.899787 0.789623 0.893923 0.792466 0.878465 0.809524 0.874200 0.820185 0.874200 0.827292 0.876866 0.834399 0.884328 0.844350 0.889126 0.847903 0.894989 0.849325 0.902559 0.848543 0.908849 0.841507 0.910981 0.835821 0.914179 0.818763 0.914179 0.805259
0 0.858209 0.830846 0.852878 0.837242 0.849147 0.847903 0.847548 0.868515 0.850213 0.877754 0.853945 0.882729 0.858742 0.884861 0.870469 0.884861 0.881130 0.879886 0.886461 0.872068 0.889659 0.862829 0.888060 0.849325 0.873134 0.831557 0.865672 0.828714
0 0.891791 0.872068 0.885928 0.882729 0.884328 0.892679 0.884861 0.897655 0.889659 0.909737 0.899787 0.914712 0.914712 0.915423 0.920576 0.912580 0.924840 0.903340 0.925906 0.891258 0.925373 0.882018 0.918443 0.867804 0.914712 0.864961 0.904051 0.864961
0 0.968017 0.917555 0.962154 0.936745 0.963220 0.945984 0.966418 0.950959 0.988273 0.959488 1.000000 0.955935 1.000000 0.918266 0.997868 0.917555 0.995736 0.911869 0.990938 0.906894 0.982409 0.905473 0.976546 0.908316
0 0.930704 0.896944 0.925373 0.903340 0.922175 0.911869 0.922175 0.916134 0.924840 0.923241 0.938166 0.942431 0.941365 0.944563 0.950426 0.945274 0.958422 0.940299 0.963220 0.931770 0.965885 0.921819 0.964819 0.909026 0.960554 0.899076 0.952559 0.892679 0.940299 0.892679
0 0.955224 0.956645 0.951493 0.963042 0.950426 0.970149 0.950959 0.987207 0.954691 1.000000 0.980810 1.000000 0.981343 0.997157 0.985608 0.995025 0.990405 0.989339 0.992537 0.982232 0.992537 0.975835 0.990405 0.964463 0.986674 0.959488 0.969083 0.952381 0.963220 0.952381
0 0.920576 0.921819 0.911514 0.921109 0.907783 0.922530 0.904051 0.926084 0.900320 0.933902 0.899254 0.947406 0.901386 0.955224 0.901919 0.964463 0.908316 0.975835 0.912580 0.975124 0.920043 0.965885 0.925373 0.961620 0.935501 0.958778 0.937633 0.953802 0.937633 0.943852 0.934435 0.936745 0.927505 0.926795
0 0.948294 0.970860 0.942964 0.962331 0.934968 0.958778 0.923241 0.962331 0.911514 0.975835 0.905650 0.985075 0.904584 0.992893 0.906183 1.000000 0.937633 1.000000 0.938166 0.997157 0.946162 0.994314 0.949893 0.987918 0.949893 0.976546
0 0.878998 0.995025 0.878998 1.000000 0.905650 1.000000 0.905650 0.997157 0.900853 0.991471 0.893923 0.989339 0.889659 0.985785 0.886994 0.985785 0.881130 0.990050
0 0.891258 0.928927 0.887527 0.931059 0.878998 0.940299 0.876333 0.948827 0.875800 0.961620 0.880064 0.970860 0.880597 0.975835 0.884861 0.982232 0.895522 0.991471 0.900853 0.992893 0.908849 0.977257 0.906716 0.974627 0.904584 0.969439 0.902452 0.965174 0.901919 0.955224 0.899254 0.945274 0.901386 0.929638
0 0.845949 0.958067 0.844350 0.960910 0.844883 0.966596 0.848614 0.974414 0.855011 0.982232 0.859808 0.992182 0.865139 0.995736 0.873134 0.996446 0.877399 0.990760 0.878998 0.983653 0.878465 0.970860 0.877399 0.965885 0.872068 0.958067 0.868337 0.955224 0.851279 0.955224
0 0.760661 0.985785 0.759595 0.981521 0.756397 0.977257 0.751599 0.975124 0.736141 0.978678 0.724414 0.978678 0.721748 0.982232 0.720149 0.987918 0.721215 0.992182 0.726013 0.997868 0.726013 1.000000 0.756930 1.000000 0.760128 0.991471
0 0.811834 0.949538 0.808635 0.953305 0.805970 0.960199 0.804904 0.968728 0.807036 0.981521 0.814499 1.000000 0.833689 1.000000 0.833689 0.997868 0.838486 0.990050 0.844350 0.971571 0.844350 0.963753 0.842751 0.957356 0.837953 0.950959 0.828358 0.947406 0.818230 0.947406
0 0.852878 0.891258 0.845416 0.903340 0.845416 0.914712 0.849680 0.924662 0.855544 0.932480 0.856610 0.936034 0.861407 0.940299 0.868337 0.941720 0.875800 0.941009 0.881663 0.936745 0.886461 0.930348 0.889126 0.919687 0.889126 0.912580 0.885928 0.901919 0.880597 0.895522 0.863006 0.889837
0 0.829424 0.902630 0.820896 0.919687 0.820362 0.935323 0.824627 0.945274 0.832623 0.947406 0.841151 0.952381 0.852878 0.952381 0.861407 0.945274 0.861940 0.939588 0.858209 0.938166 0.848081 0.919687 0.845949 0.912580 0.845949 0.903340 0.841151 0.900498 0.835288 0.900498
0 0.819296 0.874200 0.805970 0.870647 0.801173 0.872779 0.795309 0.882018 0.791045 0.894812 0.789979 0.909026 0.794243 0.921819 0.796908 0.924662 0.809168 0.924662 0.820362 0.919687 0.822495 0.917555 0.831023 0.899076 0.829424 0.885572
0 0.771322 0.855011 0.763326 0.867093 0.762793 0.878465 0.764392 0.886283 0.777719 0.904762 0.781450 0.906894 0.788380 0.906894 0.789979 0.905473 0.791578 0.894101 0.795309 0.883440 0.800107 0.874911 0.803305 0.872068 0.786780 0.869225 0.778252 0.863539
0 0.834222 0.823028 0.826759 0.825871 0.818763 0.831557 0.813433 0.840796 0.815032 0.856432 0.810768 0.865672 0.810768 0.868515 0.812367 0.870647 0.819296 0.874200 0.825693 0.881308 0.829424 0.883440 0.833689 0.882729 0.841151 0.877754 0.845416 0.872068 0.848081 0.852878 0.847548 0.842217 0.844350 0.832978 0.837953 0.825160
0 0.793710 0.815920 0.782516 0.824449 0.776652 0.832267 0.773454 0.841507 0.772388 0.853589 0.777186 0.862829 0.780917 0.866382 0.788913 0.869936 0.802772 0.871357 0.807569 0.868515 0.813433 0.860697 0.815565 0.852168 0.812900 0.838664 0.799041 0.816631
0 0.786247 0.813077 0.786780 0.820185 0.794243 0.815920 0.798507 0.816631 0.813966 0.835821 0.822495 0.828714 0.829424 0.825160 0.833156 0.820896 0.818230 0.798152 0.808102 0.792466 0.795309 0.793177 0.790512 0.798863
0 0.834222 0.781805 0.831557 0.788913 0.831023 0.796020 0.831557 0.810945 0.833689 0.817342 0.841684 0.827292 0.847015 0.831557 0.853945 0.832978 0.861940 0.828003 0.865672 0.822317 0.867271 0.813788 0.865672 0.804549 0.860341 0.794598 0.847015 0.783937 0.838486 0.781095
0 0.852345 0.761194 0.848614 0.768301 0.848614 0.782516 0.863006 0.799574 0.868337 0.809524 0.876333 0.809524 0.878465 0.808102 0.889659 0.793888 0.891258 0.786070 0.891258 0.775409 0.888593 0.766169 0.886461 0.763326 0.867804 0.756219 0.860874 0.756219
0 0.997335 0.773987 0.981876 0.782516 0.977079 0.791045 0.976546 0.799574 0.978145 0.805259 0.982409 0.811656 0.993603 0.821606 1.000000 0.823028 1.000000 0.773987
0 0.299041 0.683724 0.293710 0.694385 0.290512 0.707178 0.291045 0.716418 0.294243 0.724236 0.299574 0.729211 0.311301 0.732765 0.318230 0.732765 0.328891 0.727790 0.333156 0.719972 0.335821 0.710021 0.334222 0.698650 0.331557 0.694385 0.321429 0.683724 0.312367 0.679460 0.307036 0.679460
0 0.625267 0.894101 0.620469 0.891969 0.609275 0.892679 0.598614 0.896944 0.591684 0.901919 0.590618 0.906894 0.591684 0.926795 0.592751 0.933191 0.596482 0.940299 0.603945 0.945984 0.616205 0.946695 0.620469 0.942004 0.624200 0.937456 0.628998 0.932480 0.633795 0.923952 0.635928 0.912580 0.635394 0.909026
0 0.631130 0.934613 0.624200 0.938166 0.616205 0.950249 0.617271 0.955224 0.625800 0.959488 0.628998 0.964463 0.628571 0.976119 0.627719 0.986709 0.626652 0.992822 0.635394 0.987207 0.643390 0.980100 0.647122 0.978678 0.650853 0.972281 0.651386 0.955224 0.642857 0.942431
0 0.626866 0.961620 0.619936 0.955935 0.615672 0.954513 0.600746 0.955224 0.592164 0.962331 0.588433 0.966880 0.586674 0.975124 0.587580 0.986283 0.591311 0.999929 0.623134 1.000000 0.627026 0.987846 0.628465 0.965174
0 0.597015 0.955224 0.591684 0.952381 0.579957 0.953092 0.573561 0.958067 0.568230 0.965885 0.567164 0.970860 0.567697 0.987918 0.571962 0.997157 0.571962 1.000000 0.590618 1.000000 0.590618 0.996446 0.586354 0.982942 0.586354 0.971571 0.588486 0.965885
0 0.531983 0.947406 0.519723 0.971571 0.519723 0.979389 0.522921 0.986496 0.527719 0.990760 0.542644 0.996446 0.557036 0.997157 0.563966 0.992893 0.566631 0.987918 0.566631 0.981521 0.565032 0.976546 0.564499 0.965174 0.562367 0.960199 0.554371 0.949538 0.545309 0.942431 0.538913 0.943141
0 0.519723 0.994314 0.517591 0.981521 0.513326 0.975835 0.510128 0.973703 0.505864 0.973703 0.496269 0.970149 0.479211 0.984364 0.474414 0.992182 0.472814 1.000000 0.519723 1.000000
0 0.496802 0.921109 0.491471 0.925373 0.488806 0.933191 0.489872 0.950959 0.494136 0.966596 0.497335 0.969439 0.503731 0.971571 0.512793 0.971571 0.517591 0.969439 0.522388 0.964463 0.531450 0.945984 0.529851 0.933191 0.522388 0.923241 0.515458 0.918977 0.505330 0.918266
0 0.453625 0.894101 0.451493 0.897655 0.447015 0.910519 0.447761 0.918266 0.448294 0.926084 0.450959 0.934613 0.453092 0.937456 0.460554 0.941720 0.465885 0.947406 0.474414 0.945274 0.487207 0.937456 0.492537 0.921819 0.492537 0.912580 0.490405 0.903340 0.486141 0.896944 0.478678 0.892679 0.472814 0.891258 0.462687 0.891258
0 0.411514 0.867804 0.408849 0.872068 0.407783 0.889126 0.422708 0.912580 0.428038 0.916844 0.432836 0.918266 0.439765 0.916134 0.446695 0.909026 0.453092 0.893390 0.453092 0.881308 0.449893 0.875622 0.444030 0.871357 0.428571 0.867093 0.419510 0.866382
0 0.472814 0.840085 0.469616 0.849325 0.470149 0.861407 0.476546 0.877043 0.486141 0.887704 0.489872 0.889837 0.497868 0.889837 0.502132 0.887704 0.506930 0.883440 0.514925 0.871357 0.517058 0.863539 0.515991 0.851457 0.511727 0.845060 0.506930 0.840796 0.490938 0.833689 0.482409 0.835110
0 0.525053 0.867093 0.518124 0.875622 0.515991 0.880597 0.514925 0.895522 0.517058 0.904051 0.527186 0.917555 0.539979 0.918266 0.545842 0.916844 0.550640 0.908316 0.562367 0.892679 0.562900 0.886283 0.561834 0.882018 0.555437 0.872068 0.546375 0.865672 0.530384 0.864961
0 0.575693 0.852168 0.571962 0.859986 0.571429 0.882018 0.573561 0.891969 0.576759 0.896944 0.583689 0.900498 0.592751 0.899787 0.607143 0.891969 0.611940 0.883440 0.612473 0.874200 0.610341 0.866382 0.603945 0.856432 0.597548 0.850746 0.589019 0.847903 0.579424 0.848614
0 0.639126 0.793888 0.627932 0.790334 0.613539 0.793888 0.607676 0.798863 0.604478 0.808102 0.600213 0.814499 0.600746 0.820185 0.607143 0.832267 0.618870 0.845060 0.625267 0.844350 0.634861 0.837242 0.639126 0.835821 0.646588 0.825160 0.648188 0.818763 0.647122 0.805259
0 0.586887 0.784648 0.576226 0.783937 0.568763 0.786070 0.566098 0.788913 0.562900 0.799574 0.562367 0.812367 0.565032 0.828003 0.571429 0.841507 0.575160 0.843639 0.581023 0.842217 0.585821 0.838664 0.600746 0.815920 0.602345 0.799574 0.600213 0.792466
0 0.625800 0.751955 0.619403 0.744136 0.611940 0.741294 0.608209 0.742004 0.594883 0.750533 0.591151 0.754087 0.585288 0.764037 0.584222 0.773987 0.585821 0.781805 0.599147 0.791045 0.603945 0.792466 0.614072 0.793177 0.624733 0.789623 0.626866 0.785359 0.627932 0.776119
0 0.662580 0.734186 0.657249 0.734186 0.650853 0.737029 0.641258 0.737029 0.631663 0.742004 0.628465 0.746979 0.627399 0.751244 0.627399 0.759062 0.630597 0.773276 0.641258 0.783227 0.646588 0.786070 0.654584 0.786780 0.663113 0.781805 0.671109 0.759773 0.671642 0.751244 0.668977 0.740583
0 0.654584 0.681592 0.650320 0.681592 0.638593 0.692253 0.632729 0.706468 0.632196 0.711443 0.634328 0.719261 0.642324 0.734186 0.644989 0.735608 0.651386 0.736318 0.659915 0.732765 0.662580 0.727790 0.665778 0.716418 0.664712 0.697939 0.663113 0.690121
0 0.665778 0.662402 0.656183 0.668799 0.654051 0.674485 0.653518 0.680171 0.660448 0.685146 0.664179 0.691542 0.665778 0.702203 0.665245 0.717129 0.666844 0.718550 0.673774 0.716418 0.678038 0.712154 0.680171 0.706468 0.680171 0.702914 0.675906 0.690121 0.676972 0.673063 0.673774 0.666667
0 0.663646 0.636105 0.656183 0.633262 0.649254 0.637527 0.642857 0.638948 0.631130 0.638237 0.629531 0.640370 0.628998 0.654584 0.633795 0.663113 0.639659 0.678038 0.645522 0.680881 0.649787 0.680171 0.658316 0.666667 0.667377 0.660270 0.668977 0.653873 0.668977 0.646766 0.667910 0.642502
0 0.622068 0.605544 0.618870 0.619048 0.620469 0.624733 0.626333 0.636105 0.634861 0.638237 0.647655 0.638237 0.657783 0.631841 0.658849 0.628287 0.657783 0.610519 0.652985 0.601279 0.641791 0.597726 0.634861 0.597726 0.627932 0.600569
0 0.599147 0.552950 0.594350 0.556503 0.588486 0.564321 0.583689 0.574271 0.582090 0.584932 0.582623 0.592040 0.587420 0.602701 0.593817 0.610519 0.599147 0.614072 0.603945 0.612651 0.613539 0.613362 0.619936 0.606254 0.623667 0.597015 0.626333 0.581379 0.624733 0.570718 0.620469 0.561478 0.614232 0.557711 0.607676 0.554371
0 0.613006 0.614783 0.606610 0.614072 0.599680 0.615494 0.594350 0.621891 0.593284 0.631130 0.588486 0.647477 0.588486 0.654584 0.592217 0.660981 0.599147 0.668088 0.609275 0.662402 0.613699 0.660625 0.624200 0.655295 0.627399 0.649609 0.626333 0.638948 0.621002 0.628998 0.619403 0.621180
0 0.627399 0.657427 0.622601 0.657427 0.602345 0.667377 0.594350 0.679460 0.593284 0.683014 0.593817 0.688699 0.600746 0.698650 0.607143 0.702203 0.614606 0.709311 0.630597 0.707178 0.635928 0.696517 0.637527 0.689410 0.637527 0.679460 0.634861 0.667377
0 0.595949 0.696517 0.591684 0.696517 0.587953 0.700071 0.579957 0.701493 0.576226 0.707178 0.574094 0.715707 0.574627 0.729922 0.576759 0.738451 0.583689 0.746269 0.591151 0.749112 0.599680 0.746979 0.609275 0.740583 0.615672 0.727079 0.615672 0.715707 0.612473 0.708600
0 0.504264 0.775409 0.501066 0.776830 0.489872 0.789623 0.484542 0.803127 0.484009 0.815920 0.485075 0.820896 0.492004 0.833689 0.504797 0.839375 0.508529 0.839375 0.515991 0.832267 0.522921 0.828003 0.528252 0.820896 0.530917 0.815210 0.531983 0.808813 0.530384 0.802416 0.525053 0.791045 0.517058 0.779673 0.511727 0.776119
0 0.535714 0.762615 0.526652 0.773987 0.525053 0.782516 0.526119 0.791045 0.530917 0.803838 0.536780 0.813077 0.546375 0.817342 0.552239 0.816631 0.559701 0.810235 0.561834 0.805970 0.562900 0.794598 0.566631 0.784648 0.564499 0.769012 0.559168 0.762615 0.555437 0.761194 0.543710 0.760483
0 0.484542 0.756930 0.486141 0.762615 0.494670 0.771855 0.500000 0.774698 0.510128 0.773987 0.517591 0.777541 0.520789 0.775409 0.526119 0.774698 0.529851 0.769723 0.533049 0.763326 0.533582 0.746979 0.530384 0.734897 0.526652 0.729211 0.523454 0.727790 0.509062 0.727790 0.497335 0.734897
0 0.586354 0.601279 0.581023 0.589908 0.573028 0.582800 0.564499 0.582800 0.550107 0.596304 0.547441 0.603412 0.546908 0.612651 0.549041 0.614783 0.553305 0.606254 0.561834 0.599858 0.574627 0.599858 0.578891 0.601279 0.583316 0.602843 0.585288 0.604833
0 0.559168 0.646766 0.556503 0.650320 0.551173 0.667377 0.551173 0.677328 0.552772 0.687989 0.559701 0.695096 0.568763 0.699360 0.581023 0.700071 0.587953 0.697939 0.590618 0.692964 0.592751 0.681592 0.596482 0.675195 0.594350 0.665245 0.583689 0.653163 0.572495 0.652452 0.563433 0.646766
0 0.425906 0.811656 0.416311 0.815920 0.408849 0.821606 0.405650 0.825871 0.404584 0.836532 0.406183 0.842928 0.421109 0.862829 0.432303 0.864961 0.437100 0.862118 0.442431 0.854300 0.448294 0.848614 0.451493 0.840085 0.451493 0.830846 0.449893 0.825160 0.444030 0.815920 0.434968 0.811656
0 0.436034 0.763326 0.430704 0.767591 0.421109 0.782516 0.420576 0.790334 0.422708 0.799574 0.430704 0.808813 0.439232 0.811656 0.442964 0.814499 0.449893 0.814499 0.458955 0.809524 0.463753 0.799574 0.464286 0.788913 0.462154 0.776119 0.457889 0.768301 0.451493 0.762615 0.441898 0.761905
0 0.435501 0.695807 0.430704 0.698650 0.426439 0.705046 0.426972 0.732054 0.430171 0.741294 0.438699 0.752665 0.443497 0.753376 0.450959 0.745558 0.459488 0.732765 0.463220 0.722814 0.463220 0.710732 0.461620 0.706468 0.456290 0.700071 0.447761 0.697228
0 0.476546 0.688699 0.473348 0.694385 0.473348 0.710021 0.476013 0.716418 0.482942 0.724947 0.494136 0.734186 0.498401 0.734186 0.505864 0.729922 0.509062 0.726368 0.516525 0.702914 0.515458 0.694385 0.510128 0.687278 0.502132 0.684435 0.489339 0.683724 0.482942 0.685146
0 0.517591 0.656716 0.509595 0.667377 0.507996 0.673774 0.511194 0.686567 0.519723 0.702203 0.525053 0.706468 0.543177 0.706468 0.550640 0.690832 0.549574 0.670220 0.545309 0.660270 0.541578 0.656716 0.532516 0.653873 0.525053 0.653873
0 0.546908 0.617626 0.541045 0.612651 0.527719 0.616915 0.515458 0.616915 0.513859 0.619048 0.511194 0.631130 0.511727 0.643213 0.515458 0.655295 0.518124 0.656716 0.526652 0.653873 0.533049 0.653873 0.544776 0.656006 0.547441 0.653873 0.554371 0.643923 0.553305 0.636816 0.548507 0.626866
0 0.488806 0.624023 0.481876 0.626866 0.473881 0.633262 0.471215 0.642502 0.470682 0.655295 0.473881 0.665245 0.482942 0.678749 0.486141 0.680881 0.494136 0.680881 0.506930 0.674485 0.513326 0.658849 0.513859 0.652452 0.506397 0.633262 0.502132 0.632552 0.500533 0.628287 0.494670 0.624733
0 0.506930 0.596304 0.502132 0.589908 0.494136 0.584932 0.481876 0.589197 0.472281 0.601990 0.468550 0.609808 0.468017 0.621891 0.470149 0.629709 0.474947 0.633973 0.486141 0.624733 0.491471 0.623312 0.496269 0.625444 0.504797 0.633262 0.509595 0.631130 0.512793 0.622601 0.512793 0.612651 0.510661 0.609097 0.510128 0.604122 0.507463 0.601279
0 0.512793 0.572139 0.508529 0.582090 0.507996 0.596304 0.509595 0.603412 0.514392 0.614783 0.520789 0.616205 0.535181 0.614783 0.539979 0.611940 0.547441 0.601279 0.549041 0.590618 0.547974 0.584222 0.544776 0.579247 0.529318 0.572139
0 0.538380 0.532338 0.535714 0.538735 0.536780 0.548685 0.536247 0.560057 0.538380 0.565743 0.550640 0.579957 0.555437 0.582800 0.562900 0.582090 0.568763 0.570718 0.564499 0.562900 0.563433 0.557925 0.563433 0.538735 0.558635 0.533049 0.549574 0.530206
0 0.493070 0.548685 0.495203 0.561478 0.505330 0.570718 0.529851 0.571429 0.534648 0.565032 0.535181 0.546553 0.532516 0.539446 0.510661 0.533049 0.504797 0.533760 0.500000 0.535892
0 0.479744 0.549396 0.472281 0.547264 0.462154 0.552239 0.450959 0.570007 0.448294 0.576404 0.446695 0.584932 0.447228 0.592040 0.450959 0.600569 0.455757 0.603412 0.470149 0.603412 0.482942 0.587775 0.494136 0.584222 0.494670 0.575693 0.490938 0.564321
0 0.450959 0.606965 0.431770 0.625444 0.429104 0.635394 0.429104 0.643923 0.434968 0.648188 0.438166 0.653873 0.447228 0.663113 0.456823 0.665956 0.463220 0.665956 0.468550 0.659559 0.469616 0.656006 0.471215 0.638237 0.466418 0.616915 0.461087 0.609097 0.455757 0.606254
0 0.393923 0.658138 0.394456 0.675195 0.397122 0.680881 0.403518 0.686567 0.418977 0.686567 0.426439 0.684435 0.432836 0.680881 0.438699 0.673774 0.439232 0.665956 0.437633 0.660270 0.424840 0.642502 0.418977 0.636816 0.407249 0.636105 0.404051 0.637527 0.398721 0.645345
0 0.403518 0.687278 0.394989 0.694385 0.386461 0.704335 0.384861 0.709311 0.384861 0.721393 0.389126 0.729922 0.396055 0.734897 0.404584 0.744136 0.422175 0.744136 0.423774 0.742715 0.425906 0.736318 0.424840 0.705046 0.423774 0.700782 0.416844 0.688699 0.413113 0.687278
0 0.327825 0.840085 0.322495 0.851457 0.323028 0.857854 0.329957 0.872068 0.336354 0.877754 0.339552 0.877754 0.347015 0.867804 0.350746 0.857854 0.352878 0.845060 0.347015 0.840085
0 0.357676 0.840796 0.351812 0.848614 0.350746 0.857143 0.347015 0.867093 0.348081 0.871357 0.356610 0.883440 0.365139 0.891258 0.377932 0.891969 0.380597 0.890547 0.386994 0.877754 0.390192 0.862829 0.389659 0.854300 0.386461 0.845060 0.384861 0.842928 0.375800 0.842217 0.367271 0.839375
0 0.459488 0.942431 0.455757 0.941720 0.450959 0.937456 0.443497 0.939588 0.435501 0.949538 0.426972 0.966596 0.425373 0.982232 0.426972 0.990050 0.433369 0.997868 0.433369 1.000000 0.460021 1.000000 0.460021 0.996446 0.466951 0.975835 0.468550 0.967306 0.468550 0.955935 0.466951 0.951670
0 0.407249 0.891969 0.395522 0.892679 0.390192 0.896233 0.386461 0.903340 0.384861 0.921819 0.384861 0.940299 0.389659 0.946695 0.392857 0.948117 0.409915 0.946695 0.421642 0.931059 0.421109 0.913291 0.412047 0.896233
0 0.341684 0.907605 0.336354 0.919687 0.333209 0.932765 0.337420 0.944563 0.342217 0.952381 0.348081 0.955224 0.369403 0.955935 0.376333 0.952381 0.382729 0.945274 0.383795 0.936745 0.382196 0.926084 0.363006 0.902630 0.358742 0.900498 0.351279 0.900498
0 0.314499 0.887704 0.302772 0.888415 0.294510 0.897868 0.295842 0.940299 0.298507 0.943852 0.315032 0.943852 0.326759 0.934613 0.334222 0.925373 0.335288 0.920398 0.334755 0.914001 0.330490 0.903340 0.321962 0.892679
0 0.275053 0.899076 0.270789 0.902630 0.268657 0.908316 0.265991 0.941009 0.271322 0.953802 0.288380 0.953802 0.294776 0.945984 0.295842 0.942431 0.295842 0.918266 0.294243 0.908316 0.287846 0.901208 0.280917 0.898365
0 0.238273 0.882729 0.234542 0.891969 0.227612 0.903340 0.224467 0.918550 0.228358 0.925515 0.237740 0.935323 0.247868 0.940299 0.264392 0.937456 0.266525 0.931059 0.269190 0.898365 0.255330 0.881308 0.246269 0.880597
0 0.228678 0.895522 0.219083 0.884151 0.210021 0.879886 0.200426 0.878465 0.189232 0.882018 0.184435 0.886283 0.180704 0.894812 0.179638 0.904762 0.181770 0.918977 0.188699 0.927505 0.193497 0.928216 0.201493 0.921819 0.221215 0.917555 0.229211 0.899076
0 0.417910 0.955224 0.410981 0.948827 0.405650 0.948117 0.392857 0.950249 0.383795 0.959488 0.381130 0.965885 0.380597 0.977967 0.385394 1.000000 0.417377 1.000000 0.422708 0.986496 0.423774 0.973703 0.423241 0.964463
0 0.377932 0.968017 0.373134 0.962331 0.367271 0.958778 0.357143 0.960199 0.348081 0.968728 0.340618 0.981521 0.336354 0.992893 0.335821 1.000000 0.383795 1.000000 0.383262 0.992182
0 0.316098 0.946695 0.307569 0.959488 0.304904 0.965885 0.304904 0.989339 0.308635 0.997157 0.308635 1.000000 0.332090 1.000000 0.332090 0.997868 0.336887 0.993603 0.338486 0.987918 0.343817 0.977967 0.345416 0.972992 0.345416 0.965885 0.342217 0.958067 0.334755 0.950249 0.325160 0.946695
0 0.303305 0.970860 0.295842 0.960199 0.288380 0.955224 0.278092 0.954726 0.267058 0.955935 0.257463 0.963753 0.255330 0.970149 0.255330 0.984364 0.257996 1.000000 0.298507 1.000000 0.300107 0.993603 0.303305 0.987918
0 0.256397 0.965174 0.252665 0.962331 0.238806 0.963753 0.231343 0.968728 0.227079 0.975835 0.224947 0.986496 0.226013 1.000000 0.257463 1.000000 0.255330 0.984364
0 0.192431 0.930348 0.191365 0.941009 0.192964 0.953802 0.203092 0.966596 0.205757 0.968017 0.214286 0.969439 0.226546 0.966596 0.232409 0.957356 0.237207 0.945984 0.237207 0.939588 0.235075 0.934613 0.226546 0.923241 0.221748 0.920398 0.211087 0.919687 0.204691 0.921109 0.197228 0.924662
0 0.190832 0.995736 0.190832 1.000000 0.216418 1.000000 0.214126 0.995878 0.208955 0.992893 0.193497 0.993603
0 0.185501 0.987207 0.192431 0.993603 0.213753 0.993603 0.221748 0.987207 0.224947 0.982232 0.226546 0.970860 0.226812 0.967662 0.217857 0.969510 0.207889 0.970149 0.198294 0.962260 0.192857 0.954726 0.190885 0.961478 0.187633 0.970860
0 0.552772 0.605544 0.547974 0.616205 0.547974 0.623312 0.552239 0.634684 0.558102 0.643923 0.575160 0.652452 0.582569 0.648827 0.587953 0.646055 0.592751 0.628998 0.592751 0.619758 0.588486 0.607676 0.585288 0.604620 0.574094 0.599858 0.562367 0.599858
0 0.187633 0.933902 0.177505 0.928927 0.173241 0.930348 0.169510 0.934613 0.162047 0.938877 0.154051 0.958778 0.154051 0.971571 0.156183 0.977257 0.170576 0.983653 0.177505 0.985075 0.182303 0.983653 0.184435 0.980810 0.187100 0.974414 0.189765 0.961620 0.189765 0.938877
0 0.140192 0.995736 0.140192 1.000000 0.188166 1.000000 0.188166 0.996446 0.184222 0.988060 0.151706 0.976119 0.146055 0.983653
0 0.110874 0.997157 0.110874 1.000000 0.134861 1.000000 0.134861 0.997157 0.123134 0.993603 0.114606 0.993603
0 0.114606 0.958778 0.111407 0.955935 0.105011 0.954513 0.097548 0.955224 0.092217 0.958778 0.081557 0.975124 0.078891 0.981521 0.078891 0.987207 0.082623 1.000000 0.110874 1.000000 0.117271 0.978678 0.116738 0.968728
0 0.045309 1.000000 0.080490 1.000000 0.079424 0.990760 0.073028 0.984364 0.059701 0.984364 0.049574 0.987207 0.046375 0.990760
0 0.018657 0.944563 0.013859 0.950249 0.011194 0.957356 0.011194 0.963753 0.013326 0.971571 0.021855 0.983653 0.029318 0.991471 0.036247 0.994314 0.045309 0.992893 0.050107 0.987207 0.051706 0.977257 0.050640 0.965885 0.046375 0.950959 0.037313 0.941009 0.026652 0.940299
0 0.089019 0.930348 0.070896 0.929638 0.062367 0.931059 0.055437 0.934613 0.052239 0.938166 0.047441 0.950959 0.052239 0.972992 0.055437 0.980100 0.059701 0.983653 0.068763 0.984364 0.077825 0.979389 0.093284 0.956645 0.093817 0.941720 0.091151 0.933191
0 0.179104 0.887704 0.171642 0.882729 0.162047 0.883440 0.146055 0.887704 0.138060 0.894101 0.131663 0.903340 0.131130 0.909026 0.132729 0.914001 0.138060 0.921819 0.149787 0.931770 0.157783 0.931770 0.163060 0.932196 0.171109 0.930348 0.173774 0.927505 0.178038 0.926084 0.179104 0.923241
0 0.157783 0.937456 0.155650 0.935323 0.149787 0.933902 0.139659 0.935323 0.130597 0.940299 0.125426 0.944918 0.120203 0.949538 0.117271 0.956645 0.116738 0.963042 0.119403 0.975835 0.123134 0.981521 0.128465 0.984364 0.130597 0.987207 0.142324 0.988628 0.149254 0.974414 0.152452 0.958778 0.157783 0.945984
0 0.136461 0.887704 0.122601 0.887704 0.113539 0.892679 0.110341 0.896233 0.108209 0.904051 0.107143 0.921109 0.109808 0.929638 0.114606 0.936034 0.123134 0.941009 0.131663 0.939588 0.144989 0.929638 0.141738 0.926724 0.139126 0.922530 0.135928 0.918977 0.131663 0.909026 0.132196 0.904051 0.135928 0.896944 0.140192 0.893390
0 0.108209 0.872779 0.104478 0.869225 0.080490 0.871357 0.066631 0.882729 0.061834 0.892679 0.062367 0.899076 0.067164 0.909026 0.077825 0.919687 0.087420 0.921819 0.101279 0.919687 0.106077 0.915423 0.107676 0.904762 0.111407 0.894101 0.111407 0.878465
0 0.286247 0.812367 0.281450 0.820185 0.280917 0.831557 0.285714 0.841507 0.292111 0.846482 0.302772 0.860697 0.307036 0.862118 0.313966 0.859275 0.321962 0.851457 0.325693 0.841507 0.327292 0.832267 0.326226 0.820185 0.321962 0.812367 0.318230 0.809524 0.309168 0.807392 0.299041 0.807392
0 0.364072 0.798863 0.358209 0.791756 0.353945 0.790334 0.348614 0.791045 0.342217 0.796020 0.327292 0.818763 0.327825 0.836532 0.329424 0.838664 0.341151 0.838664 0.350746 0.841507 0.354478 0.841507 0.364606 0.836532 0.366205 0.832978 0.366205 0.828003 0.363006 0.815920
0 0.368870 0.790334 0.364072 0.802416 0.363539 0.818053 0.365139 0.826581 0.369403 0.837953 0.374200 0.840796 0.385928 0.841507 0.397655 0.835821 0.403518 0.829424 0.407249 0.820896 0.406183 0.809524 0.401386 0.800284 0.393923 0.791045 0.385394 0.786780 0.376333 0.786780
0 0.380597 0.732765 0.373134 0.739161 0.364606 0.757640 0.365139 0.769012 0.368870 0.778252 0.372601 0.782516 0.390725 0.787491 0.396588 0.786070 0.401919 0.780384 0.405117 0.771855 0.406183 0.759062 0.404051 0.747690 0.398188 0.738451 0.389659 0.732765
0 0.290512 0.737029 0.286780 0.741294 0.284115 0.753376 0.293710 0.765458 0.299574 0.784648 0.306503 0.788202 0.315565 0.786780 0.319296 0.784648 0.323028 0.778962 0.324094 0.748401 0.318763 0.738451 0.315032 0.734897 0.303305 0.731343 0.298507 0.732054
0 0.271855 0.756219 0.266525 0.763326 0.261727 0.778252 0.263326 0.791756 0.267591 0.797441 0.277186 0.804549 0.281450 0.810235 0.287313 0.810945 0.290512 0.808813 0.295842 0.799574 0.299041 0.789623 0.297974 0.781095 0.295309 0.772566 0.294083 0.767662 0.291045 0.763326 0.283049 0.754797
0 0.264392 0.798863 0.248401 0.800284 0.243070 0.803127 0.239339 0.808813 0.236674 0.825160 0.237740 0.831557 0.243070 0.844350 0.251066 0.851457 0.255864 0.852168 0.265991 0.843639 0.270789 0.841507 0.277719 0.829424 0.278785 0.823738 0.277719 0.810235 0.273987 0.803838
0 0.207356 0.854300 0.206290 0.870647 0.211087 0.877043 0.220149 0.882018 0.237207 0.882729 0.252132 0.877754 0.254264 0.874200 0.254264 0.859986 0.253198 0.855011 0.246269 0.848614 0.241471 0.842217 0.237207 0.832267 0.233475 0.828714 0.226013 0.828714 0.220149 0.831557 0.215352 0.837242
0 0.197228 0.820185 0.190832 0.820185 0.178038 0.825871 0.172175 0.832978 0.170576 0.836532 0.168977 0.852878 0.171642 0.866382 0.177505 0.874200 0.184435 0.879176 0.191365 0.879886 0.200426 0.877043 0.203625 0.873490 0.205224 0.857143 0.208955 0.850746 0.211620 0.841507 0.211620 0.833689 0.209488 0.826581
0 0.133262 0.830135 0.124733 0.840085 0.121535 0.849325 0.120469 0.857143 0.122068 0.859986 0.122601 0.867804 0.130064 0.884861 0.133262 0.886283 0.146055 0.885572 0.155650 0.878465 0.159915 0.872779 0.162580 0.867093 0.162580 0.857854 0.156183 0.842928 0.147122 0.831557 0.144456 0.830135
0 0.067164 0.832267 0.066098 0.837242 0.067164 0.851457 0.071962 0.862118 0.079957 0.869936 0.103412 0.867804 0.117271 0.859986 0.120469 0.857143 0.121535 0.849325 0.127399 0.836532 0.125800 0.830846 0.120469 0.825871 0.105544 0.820896 0.089019 0.820896 0.071429 0.825160
0 0.181237 0.781095 0.173241 0.779673 0.166311 0.781095 0.161514 0.786070 0.157783 0.794598 0.156716 0.799574 0.156716 0.817342 0.159382 0.825871 0.165778 0.835110 0.170043 0.835821 0.179104 0.825160 0.185501 0.820896 0.193497 0.819474 0.197228 0.815210 0.197761 0.809524 0.195629 0.803838 0.195629 0.793888 0.189232 0.786070
0 0.206823 0.773276 0.203092 0.777541 0.196162 0.790334 0.195629 0.805259 0.196695 0.810945 0.202559 0.820185 0.210021 0.825160 0.220149 0.828003 0.231343 0.825871 0.235075 0.820896 0.241471 0.800995 0.239339 0.792466 0.234009 0.779673 0.228678 0.773276 0.221215 0.770434 0.214286 0.770434
0 0.261727 0.734897 0.250533 0.733475 0.243603 0.737029 0.236674 0.738451 0.234009 0.742715 0.232623 0.747761 0.226546 0.756930 0.230277 0.772566 0.233475 0.776830 0.239339 0.781095 0.247335 0.782516 0.259062 0.781805 0.267591 0.759062 0.271802 0.752950 0.266525 0.741294
0 0.212154 0.700071 0.204158 0.705046 0.194563 0.715707 0.193497 0.727079 0.196695 0.735608 0.210554 0.754087 0.218550 0.759062 0.224414 0.759773 0.227559 0.753660 0.229691 0.751386 0.231343 0.747690 0.238273 0.737029 0.237740 0.731343 0.234542 0.722814 0.230810 0.704335 0.221748 0.700071
0 0.190299 0.718550 0.178571 0.720682 0.165778 0.735608 0.164179 0.742715 0.163646 0.754087 0.165778 0.766880 0.171642 0.774698 0.180171 0.778962 0.189765 0.778252 0.203625 0.770434 0.208955 0.758351 0.207889 0.750533 0.194563 0.732765 0.192964 0.720682
0 0.114072 0.719972 0.108209 0.735608 0.109808 0.751955 0.113006 0.758351 0.123667 0.769012 0.128998 0.770434 0.141258 0.769723 0.146588 0.766169 0.150853 0.758351 0.151919 0.744847 0.149254 0.733475 0.142857 0.720682 0.139126 0.715707 0.132196 0.713575 0.122068 0.713575
0 0.108316 0.759204 0.098881 0.758138 0.093284 0.757640 0.086194 0.761692 0.082090 0.765601 0.079691 0.771855 0.071429 0.781805 0.071429 0.783937 0.073827 0.788557 0.075693 0.799574 0.081557 0.805970 0.097548 0.811656 0.107676 0.810235 0.120469 0.794598 0.123134 0.788913 0.123667 0.778252 0.120469 0.767591 0.112473 0.758493
0 0.103412 0.736318 0.095949 0.730633 0.085821 0.727079 0.079424 0.727790 0.070896 0.732054 0.067697 0.738451 0.060235 0.746979 0.058102 0.756930 0.058102 0.763326 0.060235 0.771855 0.064499 0.775409 0.069296 0.783937 0.074467 0.778323 0.081023 0.766169 0.084755 0.761194 0.098614 0.756930 0.111407 0.758351 0.108742 0.744847
0 0.084222 0.696517 0.078891 0.688699 0.073028 0.685856 0.061301 0.685146 0.055970 0.687278 0.050107 0.693674 0.041045 0.707889 0.037846 0.716418 0.037313 0.721393 0.040512 0.727790 0.048507 0.732765 0.068230 0.733475 0.074094 0.729211 0.083689 0.725657 0.086354 0.716418 0.087420 0.707178
0 0.066098 0.618337 0.064499 0.624023 0.065565 0.633973 0.071962 0.643923 0.078891 0.649609 0.089552 0.654584 0.099680 0.654584 0.103945 0.652452 0.109275 0.644634 0.110341 0.633973 0.108742 0.623312 0.106077 0.616915 0.099680 0.608387 0.095416 0.605544 0.090618 0.604122 0.079424 0.605544 0.075693 0.607676
0 0.119936 0.662402 0.109808 0.662402 0.102345 0.664534 0.094350 0.671642 0.083156 0.688699 0.085288 0.697228 0.090085 0.706468 0.093817 0.710732 0.102345 0.717129 0.108742 0.718550 0.114606 0.717839 0.121535 0.710732 0.128465 0.695096 0.129531 0.687278 0.126866 0.680881 0.125267 0.665245
0 0.130064 0.653163 0.126866 0.658849 0.125800 0.666667 0.127399 0.680171 0.130597 0.690832 0.138060 0.700782 0.146055 0.705757 0.151919 0.705757 0.155117 0.703625 0.158316 0.699360 0.162580 0.685856 0.165245 0.670220 0.164179 0.658849 0.160448 0.653163 0.152452 0.650320 0.137527 0.649609
0 0.170043 0.663824 0.166311 0.668088 0.165245 0.671642 0.165245 0.687989 0.170576 0.695807 0.189232 0.713575 0.193497 0.715707 0.204158 0.704335 0.214286 0.697228 0.215885 0.691542 0.215885 0.678038 0.214819 0.674485 0.210554 0.670220 0.199893 0.664534 0.191365 0.663113 0.186034 0.660270
0 0.256397 0.637527 0.252132 0.634684 0.240938 0.637527 0.223348 0.653163 0.220149 0.666667 0.220149 0.670220 0.223348 0.677328 0.226013 0.680171 0.236141 0.683724 0.245203 0.681592 0.254797 0.683014 0.259062 0.681592 0.263859 0.670220 0.263859 0.656716 0.261727 0.647477
0 0.945096 0.756219 0.941365 0.768301 0.941365 0.772566 0.938699 0.778252 0.939232 0.783227 0.942431 0.790334 0.949893 0.795309 0.962154 0.806681 0.966951 0.805970 0.973881 0.799574 0.981876 0.780384 0.981876 0.770434 0.980277 0.764748 0.975480 0.760483 0.966418 0.756219 0.952026 0.754087
0 0.912580 0.739872 0.909382 0.744136 0.906716 0.754797 0.906716 0.758351 0.911514 0.773276 0.916311 0.780384 0.922708 0.785359 0.932303 0.786070 0.937100 0.783227 0.944563 0.757640 0.944563 0.748401 0.942431 0.742004 0.940299 0.739872 0.931770 0.739872 0.924840 0.736318 0.918977 0.736318
0 0.966418 0.708600 0.960554 0.716418 0.959488 0.732054 0.969083 0.755508 0.978145 0.760483 0.988273 0.758351 0.993603 0.754087 0.998401 0.746269 1.000000 0.736603 1.000000 0.719261 0.997868 0.719261 0.995203 0.715707 0.985075 0.710021 0.977612 0.707889
0 0.931237 0.677328 0.923241 0.685856 0.922175 0.690121 0.920576 0.710021 0.920576 0.727790 0.922175 0.732765 0.928038 0.737740 0.939765 0.739161 0.943497 0.742004 0.948294 0.742004 0.955224 0.738451 0.959488 0.732765 0.960554 0.722814 0.958955 0.701493 0.955224 0.689410 0.952026 0.683014 0.947228 0.678038 0.944030 0.676617
0 0.568763 0.892679 0.562367 0.892679 0.551173 0.908316 0.546908 0.916844 0.546375 0.929638 0.547974 0.938877 0.554371 0.948117 0.560235 0.953092 0.570362 0.952381 0.578891 0.949538 0.584222 0.945984 0.587953 0.941009 0.591151 0.932480 0.590085 0.918977 0.585288 0.907605 0.575160 0.896233
0 0.996802 0.660981 0.991471 0.665245 0.984009 0.674485 0.982409 0.679460 0.981876 0.691542 0.986141 0.702914 0.990938 0.710021 0.997335 0.714996 1.000000 0.714996 1.000000 0.660981
0 0.935501 0.658138 0.931770 0.674485 0.934968 0.677328 0.943497 0.675906 0.949893 0.680171 0.953625 0.685146 0.958955 0.700071 0.963753 0.700071 0.969616 0.697228 0.975480 0.690121 0.975480 0.683724 0.972281 0.675195 0.954158 0.657427 0.942964 0.652452 0.937633 0.655295
0 0.897122 0.701493 0.892324 0.701493 0.884328 0.705757 0.873667 0.721393 0.868337 0.734897 0.868337 0.747690 0.872601 0.754797 0.887527 0.763326 0.899787 0.758351 0.905650 0.749822 0.912047 0.732765 0.912047 0.721393 0.908316 0.709311 0.905117 0.705046
0 0.849147 0.700071 0.833689 0.707889 0.826226 0.721393 0.825693 0.727790 0.829424 0.736318 0.837420 0.746269 0.841151 0.754797 0.847548 0.758351 0.854478 0.758351 0.861940 0.754087 0.866738 0.746269 0.867271 0.724947 0.865672 0.716418 0.861407 0.707178 0.854478 0.700782
0 0.819829 0.664534 0.819296 0.680881 0.824627 0.700071 0.831023 0.706468 0.834755 0.707178 0.852878 0.699360 0.861940 0.689410 0.861940 0.673063 0.859808 0.667377 0.854478 0.662402 0.843284 0.661692 0.833156 0.658138 0.825693 0.658138 0.821962 0.660270
0 0.796908 0.674485 0.786780 0.680881 0.785181 0.683724 0.782516 0.700782 0.783582 0.705757 0.793710 0.724236 0.798507 0.727790 0.804371 0.727079 0.810768 0.724236 0.818763 0.714286 0.823028 0.700782 0.822495 0.694385 0.818763 0.682303 0.816631 0.679460 0.805437 0.674485
0 0.800640 0.728500 0.795309 0.739872 0.795842 0.758351 0.800640 0.773987 0.803305 0.778962 0.810235 0.783227 0.819296 0.782516 0.825693 0.778962 0.834755 0.767591 0.836887 0.762615 0.837953 0.754087 0.836354 0.748401 0.827292 0.737029 0.819296 0.731343 0.810768 0.727079
0 0.769723 0.756219 0.761727 0.761905 0.755330 0.769012 0.751599 0.782516 0.751599 0.788913 0.759595 0.800284 0.763326 0.801706 0.765458 0.805259 0.773454 0.808813 0.778785 0.813077 0.783049 0.812367 0.787313 0.807392 0.789446 0.798863 0.794776 0.790334 0.795309 0.783937 0.794243 0.778252 0.787846 0.764037 0.781983 0.756930 0.779318 0.755508
0 0.745736 0.809524 0.743603 0.813077 0.743603 0.818053 0.747335 0.820896 0.752132 0.821606 0.761461 0.825515 0.764925 0.837242 0.767058 0.850746 0.768124 0.851457 0.771322 0.849325 0.773454 0.838664 0.776652 0.831557 0.780917 0.826581 0.780917 0.821606 0.778252 0.815210 0.773987 0.810235 0.764392 0.805970 0.751066 0.807392
0 0.742004 0.820896 0.729584 0.833831 0.727079 0.839375 0.724947 0.862118 0.728145 0.869936 0.733475 0.874200 0.747335 0.874911 0.753198 0.873490 0.760128 0.869225 0.765458 0.859986 0.766525 0.854300 0.765458 0.840085 0.762260 0.828714 0.759062 0.824449 0.752132 0.823028 0.749467 0.820896
0 0.705757 0.793888 0.702026 0.796731 0.700426 0.800284 0.697761 0.817342 0.700959 0.834399 0.707889 0.841507 0.714286 0.842217 0.724947 0.840085 0.735075 0.826226 0.740938 0.820896 0.742004 0.809524 0.740405 0.805259 0.734009 0.798863 0.721215 0.792466
0 0.671642 0.761194 0.665778 0.775409 0.665778 0.779673 0.671109 0.794598 0.672708 0.796731 0.682836 0.796731 0.688166 0.800284 0.695203 0.811443 0.697228 0.807392 0.698294 0.803127 0.705757 0.790334 0.706823 0.776830 0.705224 0.766880 0.702026 0.762615 0.698294 0.760483 0.686034 0.756930 0.677505 0.757640
0 0.728145 0.748401 0.722814 0.751244 0.715352 0.759062 0.714286 0.761905 0.714819 0.778962 0.720149 0.791756 0.734542 0.798863 0.737740 0.798863 0.743603 0.794598 0.750533 0.786780 0.753731 0.770434 0.753198 0.759062 0.749467 0.752665 0.743070 0.748401
0 0.784115 0.707889 0.780384 0.705757 0.775053 0.705757 0.763326 0.708600 0.754797 0.714996 0.750000 0.720682 0.746802 0.733475 0.750533 0.742715 0.756397 0.751244 0.759595 0.754087 0.764392 0.754797 0.783049 0.754087 0.787313 0.749112 0.790512 0.740583 0.791045 0.729211 0.788913 0.717129
0 0.704691 0.710732 0.704158 0.716418 0.706823 0.717839 0.715885 0.732054 0.720149 0.734897 0.728145 0.744847 0.734009 0.746979 0.737207 0.746979 0.739872 0.744847 0.740405 0.742004 0.738273 0.736318 0.734542 0.732054 0.726013 0.715707 0.716951 0.702914 0.712687 0.702914
0 0.685501 0.665245 0.678571 0.672353 0.676972 0.679460 0.676972 0.687278 0.680704 0.700782 0.681237 0.707178 0.683902 0.711443 0.688699 0.714286 0.694030 0.714996 0.700959 0.713575 0.709488 0.705757 0.714819 0.695807 0.714819 0.679460 0.705224 0.665956 0.695096 0.663113
0 0.720149 0.674485 0.716418 0.680171 0.715885 0.699360 0.732409 0.723525 0.738273 0.723525 0.743070 0.722104 0.750000 0.716418 0.752665 0.710021 0.752132 0.700782 0.741471 0.682303 0.732409 0.673063
0 0.740938 0.648188 0.732942 0.658138 0.730277 0.664534 0.730277 0.671642 0.736674 0.675906 0.744136 0.685856 0.747868 0.694385 0.755864 0.705757 0.760128 0.705757 0.763859 0.703625 0.771855 0.691542 0.773987 0.685146 0.774520 0.673063 0.771855 0.661692 0.756397 0.646055 0.751599 0.645345
0 0.763859 0.606965 0.759595 0.611230 0.755864 0.621180 0.754264 0.632552 0.755864 0.643923 0.763859 0.653163 0.770789 0.657427 0.784648 0.654584 0.793177 0.645345 0.796375 0.637527 0.796908 0.629709 0.793177 0.616915 0.788380 0.611230 0.783582 0.608387 0.772921 0.605544
0 0.815032 0.624023 0.805970 0.621891 0.797441 0.626866 0.796908 0.636816 0.794243 0.644634 0.785714 0.654584 0.785714 0.659559 0.791045 0.669510 0.797441 0.673063 0.807569 0.671642 0.817697 0.663824 0.821429 0.658849 0.823028 0.654584 0.822495 0.636816 0.819296 0.628998
0 0.841684 0.599858 0.837420 0.602701 0.833689 0.609808 0.832090 0.627576 0.829424 0.635394 0.829424 0.648188 0.832623 0.656006 0.837420 0.659559 0.852345 0.660270 0.859808 0.656006 0.865672 0.647477 0.865672 0.630419 0.860341 0.621180 0.858742 0.614783 0.851279 0.603412 0.845949 0.599858
0 0.873134 0.651031 0.865672 0.661692 0.863006 0.668799 0.864072 0.692253 0.872601 0.702914 0.879531 0.704335 0.885394 0.703625 0.898188 0.697228 0.906183 0.685146 0.905650 0.674485 0.901386 0.665245 0.891258 0.653163 0.879531 0.649609
0 0.928038 0.636816 0.917910 0.643213 0.896055 0.645345 0.893390 0.653873 0.904051 0.669510 0.906183 0.681592 0.908316 0.685146 0.911514 0.686567 0.921642 0.685856 0.930704 0.673774 0.934435 0.659559 0.934435 0.651031 0.932836 0.642502
0 0.962687 0.621180 0.956823 0.627576 0.953625 0.633973 0.952559 0.653873 0.957356 0.660270 0.973348 0.673063 0.976546 0.674485 0.982942 0.673774 0.994670 0.658849 0.994136 0.644634 0.991471 0.633262 0.982942 0.621180
0 0.997868 0.584222 0.993603 0.587775 0.989339 0.595593 0.985608 0.619048 0.990938 0.630419 0.994670 0.633973 1.000000 0.634684 1.000000 0.584222
0 0.973881 0.478323 0.969616 0.480455 0.962687 0.491827 0.962154 0.511016 0.961994 0.528074 0.967058 0.532836 0.975480 0.533760 0.983475 0.528074 0.990938 0.526652 0.996908 0.520896 0.997868 0.510306 0.997335 0.502488 0.995203 0.496802 0.988273 0.486141 0.982942 0.480455
0 0.983475 0.528074 0.978145 0.533049 0.974414 0.540867 0.972814 0.547974 0.972814 0.560057 0.975480 0.563611 0.978145 0.572139 0.982409 0.577114 0.986674 0.587775 0.991471 0.587775 0.998401 0.578536 1.000000 0.578536 1.000000 0.533760 0.998401 0.533760 0.992004 0.527363
0 0.966951 0.560768 0.961620 0.566453 0.955757 0.570007 0.950959 0.589197 0.951493 0.601990 0.955757 0.613362 0.962687 0.619758 0.972814 0.621891 0.981343 0.620469 0.984542 0.617626 0.987740 0.605544 0.986674 0.589908 0.974947 0.562900 0.972281 0.560768
0 0.923241 0.604122 0.916844 0.600569 0.910981 0.601279 0.899787 0.607676 0.894456 0.618337 0.891791 0.626866 0.891258 0.635394 0.892324 0.639659 0.896588 0.644634 0.905650 0.644634 0.920576 0.641791 0.926439 0.637527 0.930704 0.628287 0.929104 0.614072
0 0.935501 0.567875 0.931237 0.570007 0.925906 0.575693 0.922708 0.584932 0.922175 0.592040 0.924840 0.601990 0.932836 0.619758 0.934968 0.622601 0.939232 0.624733 0.940832 0.628287 0.944030 0.629709 0.953625 0.617626 0.953625 0.611230 0.952026 0.608387 0.949893 0.596304 0.955171 0.568159 0.947441 0.565316
0 0.933369 0.515991 0.927505 0.523099 0.926439 0.528785 0.925373 0.547264 0.926972 0.552950 0.932303 0.560057 0.939765 0.564321 0.948294 0.564321 0.954691 0.562189 0.959488 0.556503 0.962154 0.549396 0.962687 0.535181 0.961087 0.529495 0.958955 0.525942 0.947228 0.515281 0.938699 0.513149
0 0.890192 0.520967 0.888060 0.528785 0.888593 0.544421 0.894456 0.550107 0.904584 0.551528 0.911514 0.554371 0.916311 0.554371 0.924840 0.550107 0.924307 0.540156 0.922175 0.534471 0.908316 0.520967 0.898188 0.515991 0.895522 0.515991
0 0.892324 0.552239 0.885928 0.560057 0.884328 0.564321 0.884328 0.569296 0.883689 0.576404 0.892111 0.584506 0.897921 0.596873 0.897228 0.606468 0.898721 0.606254 0.901599 0.605117 0.914712 0.598436 0.921642 0.587065 0.923241 0.575693 0.921642 0.565032 0.916844 0.557925 0.911514 0.554371 0.896588 0.551528
0 0.860874 0.574982 0.855544 0.585643 0.857143 0.605544 0.859808 0.613362 0.867271 0.625444 0.872601 0.628287 0.878998 0.627576 0.885394 0.623312 0.893390 0.612651 0.895949 0.608955 0.896588 0.605544 0.896588 0.593461 0.888593 0.582090 0.880597 0.574982 0.874200 0.573561
0 0.373134 0.685856 0.367271 0.685146 0.360341 0.686567 0.350213 0.691542 0.349680 0.694385 0.345416 0.700782 0.339019 0.705757 0.334222 0.717129 0.334222 0.723525 0.345416 0.735608 0.352345 0.739872 0.370469 0.739161 0.374733 0.737029 0.381663 0.729211 0.383262 0.724236 0.383795 0.705046 0.378998 0.692964
0 0.369936 0.647477 0.365672 0.642502 0.357676 0.638948 0.352878 0.639659 0.341684 0.645345 0.328358 0.661692 0.324094 0.679460 0.333156 0.690832 0.344883 0.694385 0.349680 0.693674 0.353945 0.689410 0.365139 0.685146 0.373134 0.685146 0.376333 0.675906 0.375800 0.662402
0 0.302772 0.626866 0.296908 0.631841 0.289979 0.641080 0.283582 0.653163 0.283049 0.663113 0.284648 0.669510 0.287846 0.675195 0.294776 0.681592 0.305970 0.678038 0.318763 0.680171 0.324094 0.675195 0.328891 0.660981 0.328891 0.654584 0.326759 0.645345 0.318230 0.631130 0.309168 0.626155
0 0.291578 0.587775 0.283049 0.590618 0.276652 0.596304 0.270256 0.604122 0.268657 0.613362 0.269723 0.627576 0.275053 0.634684 0.279851 0.638237 0.286247 0.640370 0.290512 0.638948 0.304904 0.623312 0.307036 0.617626 0.305970 0.601279 0.302772 0.593461
0 0.310235 0.599858 0.309168 0.605544 0.310235 0.621891 0.313966 0.624023 0.326226 0.641791 0.329957 0.643923 0.342217 0.643213 0.345416 0.638948 0.348614 0.628998 0.347548 0.621891 0.348614 0.606254 0.345416 0.598436 0.334222 0.589908 0.325693 0.589908 0.314499 0.595593
0 0.392857 0.600569 0.385394 0.590618 0.377399 0.585643 0.372068 0.584222 0.364606 0.587775 0.356077 0.595593 0.351812 0.606254 0.350746 0.611230 0.351279 0.631841 0.356610 0.636105 0.365672 0.637527 0.379531 0.633262 0.389659 0.627576 0.393923 0.623312 0.395522 0.617626 0.392857 0.606254
0 0.431237 0.586354 0.425906 0.582090 0.417377 0.579247 0.410448 0.581379 0.404051 0.589908 0.398188 0.612651 0.398188 0.623312 0.400853 0.629709 0.405650 0.633973 0.420043 0.633973 0.429104 0.628287 0.439765 0.616205 0.441365 0.612651 0.440299 0.602701
0 0.409915 0.538735 0.408316 0.552239 0.409382 0.560057 0.414179 0.574271 0.431237 0.584932 0.436034 0.584932 0.443497 0.579247 0.447761 0.573561 0.450959 0.560057 0.450426 0.550817 0.440832 0.542999 0.435501 0.533049 0.432303 0.530917 0.417910 0.533049
0 0.361940 0.538735 0.349147 0.539446 0.344883 0.541578 0.331557 0.559346 0.329424 0.568586 0.329957 0.575693 0.334755 0.586354 0.341684 0.593461 0.347548 0.596304 0.353412 0.596304 0.366738 0.585643 0.369936 0.580668 0.370469 0.557925 0.367804 0.546553
0 0.267591 0.545842 0.259595 0.549396 0.254797 0.555082 0.250000 0.565032 0.248934 0.571429 0.251599 0.584932 0.255864 0.588486 0.260128 0.597726 0.263326 0.600569 0.270789 0.601279 0.284115 0.589197 0.291578 0.586354 0.293177 0.579247 0.288380 0.567164 0.287313 0.557925 0.284115 0.552239 0.279318 0.547974
0 0.239339 0.582090 0.232409 0.583511 0.224414 0.588486 0.216418 0.600569 0.217484 0.617626 0.220149 0.623312 0.230810 0.633262 0.240938 0.636105 0.252132 0.632552 0.259062 0.619048 0.260661 0.601279 0.256930 0.591329 0.253198 0.586354 0.248401 0.583511
0 0.185501 0.611230 0.176439 0.621891 0.175373 0.636105 0.176972 0.643213 0.180171 0.649609 0.188699 0.659559 0.203092 0.664534 0.217484 0.657427 0.220149 0.651031 0.220149 0.642502 0.211087 0.616205 0.205757 0.610519 0.198294 0.607676 0.189232 0.609097
0 0.142857 0.582090 0.133262 0.585643 0.118870 0.598436 0.117804 0.602701 0.117271 0.613362 0.118870 0.621891 0.123134 0.628287 0.131663 0.633262 0.142324 0.634684 0.150853 0.633262 0.157249 0.623312 0.156183 0.595593 0.150853 0.587775
0 0.182303 0.566453 0.172708 0.565743 0.168443 0.567875 0.161514 0.577114 0.156716 0.592040 0.156716 0.603412 0.159382 0.612651 0.169510 0.621891 0.174307 0.622601 0.177505 0.620469 0.186034 0.609808 0.191898 0.606965 0.198294 0.606254 0.199360 0.604122 0.199893 0.596304 0.197761 0.582800 0.188166 0.569296
0 0.126333 0.544421 0.117271 0.540867 0.112473 0.541578 0.107676 0.544421 0.100213 0.554371 0.094350 0.570007 0.095949 0.585643 0.100213 0.592751 0.105544 0.595593 0.118337 0.595593 0.141258 0.580668 0.141258 0.569296 0.139126 0.562900 0.135394 0.555792
0 0.215885 0.523099 0.200959 0.522388 0.197761 0.523810 0.192964 0.528785 0.188699 0.538735 0.187633 0.550817 0.190832 0.570007 0.193497 0.575693 0.200959 0.585643 0.205224 0.586354 0.208422 0.584932 0.217484 0.577114 0.226013 0.563611 0.230277 0.549396 0.230277 0.538735 0.227612 0.533049 0.220682 0.525231
0 0.154051 0.507463 0.146055 0.517413 0.141791 0.534471 0.141258 0.542999 0.144456 0.553660 0.147122 0.557925 0.160448 0.562189 0.172708 0.562189 0.178038 0.559346 0.188166 0.545131 0.188699 0.533760 0.187100 0.528785 0.180171 0.518834 0.169510 0.508884 0.162580 0.506752
0 0.687100 0.800284 0.679638 0.796731 0.671642 0.798152 0.665245 0.803838 0.654051 0.818763 0.652985 0.828003 0.654051 0.834399 0.657249 0.841507 0.663113 0.847193 0.672708 0.849325 0.685501 0.847903 0.692431 0.842217 0.694563 0.836532 0.696162 0.822317 0.694030 0.811656 0.691471 0.807036 0.689765 0.803838
0 0.445096 0.501777 0.437100 0.514570 0.431663 0.527363 0.438699 0.538735 0.451493 0.550817 0.462154 0.551528 0.472281 0.545842 0.476013 0.534471 0.476013 0.526652 0.474947 0.520967 0.471215 0.512438 0.468550 0.508884 0.455757 0.499645 0.449893 0.499645
0 0.470522 0.463611 0.468017 0.465529 0.467484 0.477612 0.464712 0.488557 0.456663 0.498792 0.464126 0.504620 0.470149 0.510306 0.476706 0.510590 0.480277 0.503909 0.482942 0.495380 0.489979 0.489055 0.493603 0.486638 0.490938 0.478323 0.486887 0.465601 0.481183 0.464890
0 0.455757 0.450604 0.448827 0.450604 0.440885 0.455153 0.437740 0.460199 0.431237 0.475480 0.428891 0.482516 0.432463 0.490121 0.436567 0.496091 0.442964 0.500355 0.455224 0.498223 0.460021 0.493390 0.465192 0.485501 0.468017 0.464819 0.462687 0.456290
0 0.423774 0.480455 0.410981 0.479744 0.404051 0.481166 0.394670 0.486567 0.390192 0.497512 0.387740 0.509026 0.393550 0.522672 0.393337 0.528998 0.403198 0.534542 0.412580 0.535892 0.419510 0.530917 0.428038 0.529495 0.434222 0.523596 0.438060 0.511443 0.436674 0.497655 0.428038 0.483298
0 0.391258 0.444918 0.388593 0.455579 0.388593 0.461265 0.391791 0.473348 0.397441 0.483582 0.412047 0.479744 0.428038 0.479744 0.430171 0.477612 0.435501 0.464819 0.436034 0.454869 0.434968 0.450604 0.420096 0.437385 0.409915 0.438522 0.397761 0.434755
0 0.883795 0.559346 0.867804 0.542289 0.856983 0.539232 0.853412 0.539446 0.843284 0.547974 0.840618 0.555792 0.840618 0.564321 0.847015 0.579247 0.852878 0.586354 0.856077 0.584932 0.858209 0.577825 0.860874 0.574982 0.869403 0.572139 0.881130 0.572850 0.883795 0.567164
0 0.892857 0.466951 0.880064 0.470505 0.873134 0.479033 0.869936 0.487562 0.864072 0.496802 0.864606 0.502488 0.868337 0.509595 0.881130 0.518834 0.889126 0.519545 0.896588 0.513859 0.898721 0.509595 0.901386 0.488273 0.900853 0.481166 0.896055 0.470505
0 0.843284 0.518834 0.841151 0.527363 0.841151 0.539446 0.845416 0.545131 0.853412 0.538735 0.861940 0.538735 0.870842 0.543710 0.875480 0.549609 0.881130 0.552950 0.885928 0.544421 0.886461 0.523099 0.883795 0.520256 0.877399 0.518834 0.865672 0.508884 0.856610 0.506752 0.848614 0.512438
0 0.810768 0.555792 0.805437 0.562189 0.802239 0.571429 0.802239 0.588486 0.804371 0.598436 0.810235 0.604833 0.816631 0.607676 0.828891 0.607676 0.834755 0.605544 0.840085 0.597015 0.841151 0.587775 0.844350 0.580668 0.844883 0.574982 0.843817 0.572139 0.827292 0.555082 0.814499 0.553660
0 0.758529 0.584932 0.757463 0.589908 0.757996 0.600569 0.763326 0.607676 0.770789 0.605544 0.779318 0.606965 0.792111 0.613362 0.797441 0.609808 0.802239 0.601990 0.802772 0.590618 0.799574 0.574982 0.792644 0.567875 0.787846 0.566453 0.775053 0.567875 0.767058 0.574271
0 0.831023 0.504620 0.823028 0.503909 0.818230 0.506041 0.812900 0.515281 0.806503 0.518834 0.803838 0.523099 0.802772 0.529495 0.805437 0.540867 0.810235 0.547974 0.818230 0.552950 0.828891 0.552239 0.834222 0.547264 0.839019 0.539446 0.841151 0.518124 0.839552 0.511727
0 0.865139 0.463397 0.861940 0.461265 0.857143 0.462687 0.847548 0.476190 0.840618 0.489694 0.838486 0.497512 0.838486 0.504620 0.841684 0.515281 0.845949 0.513859 0.858742 0.503198 0.868870 0.488273 0.873134 0.477612 0.873134 0.474058
0 0.815032 0.441365 0.802772 0.457711 0.802239 0.468372 0.803838 0.477612 0.819829 0.493959 0.829957 0.495380 0.834222 0.492537 0.838486 0.486851 0.842751 0.477612 0.842751 0.469083 0.840618 0.458422 0.827292 0.441365 0.823028 0.439943
0 0.783582 0.468372 0.778785 0.475480 0.777719 0.481876 0.775053 0.486141 0.773987 0.503198 0.775586 0.508884 0.781450 0.515281 0.795309 0.515281 0.803305 0.517413 0.812367 0.513859 0.816098 0.507463 0.814499 0.491827 0.795309 0.468372 0.791578 0.466951
0 0.778785 0.517413 0.778785 0.549396 0.776652 0.558635 0.777186 0.563611 0.778252 0.565032 0.783049 0.564321 0.794243 0.566453 0.799041 0.560057 0.804371 0.544421 0.800640 0.521677 0.799041 0.518834 0.794776 0.517413
0 0.756930 0.567875 0.748401 0.557214 0.746269 0.554016 0.742537 0.554371 0.734009 0.554371 0.730810 0.557925 0.724414 0.561478 0.719083 0.570007 0.716418 0.578536 0.716951 0.589908 0.720149 0.594883 0.723881 0.597726 0.741471 0.598436 0.755330 0.586354 0.757463 0.577825
0 0.718017 0.604833 0.718017 0.616205 0.722814 0.624023 0.726013 0.634684 0.730810 0.641791 0.738806 0.646055 0.744670 0.646055 0.748934 0.644634 0.752665 0.641080 0.754264 0.627576 0.758529 0.612651 0.758529 0.606254 0.756397 0.602701 0.748934 0.598436 0.739872 0.600569 0.732409 0.600569 0.724414 0.598436
0 0.692964 0.616205 0.688699 0.623312 0.686034 0.638237 0.687100 0.648188 0.692964 0.660981 0.700959 0.664534 0.710021 0.664534 0.717484 0.662402 0.724947 0.654584 0.727612 0.646055 0.727612 0.639659 0.724414 0.628287 0.718550 0.618337 0.714819 0.615494 0.706823 0.613362 0.699360 0.613362
0 0.778785 0.990050 0.778252 1.000000 0.813433 1.000000 0.809701 0.986496 0.804904 0.977967 0.795309 0.977967 0.785714 0.980810
0 0.662047 0.599147 0.664179 0.634684 0.670043 0.645345 0.680704 0.646055 0.684968 0.643923 0.688699 0.628287 0.688699 0.620469 0.687100 0.616915 0.678571 0.607676 0.666311 0.598436
0 0.697761 0.562900 0.690299 0.575693 0.687100 0.584932 0.679638 0.594883 0.674840 0.596304 0.676439 0.604122 0.685501 0.615494 0.690832 0.616205 0.698827 0.612651 0.704158 0.602701 0.706823 0.592040 0.707889 0.580668 0.706290 0.572850 0.700959 0.565032
0 0.766525 0.511016 0.753731 0.515281 0.747335 0.523099 0.743070 0.536603 0.743070 0.542999 0.748934 0.555082 0.756930 0.565743 0.768124 0.571429 0.773454 0.565743 0.778252 0.552950 0.778785 0.528074 0.777719 0.518124 0.772388 0.512438
0 0.696695 0.518124 0.696162 0.522388 0.697761 0.529495 0.710554 0.544421 0.718017 0.557925 0.724947 0.560057 0.736674 0.551528 0.740938 0.540156 0.742004 0.527363 0.740405 0.522388 0.733475 0.512438 0.722814 0.509595 0.716418 0.506041 0.710021 0.506041 0.700959 0.510306
0 0.767591 0.459133 0.761727 0.457711 0.747868 0.459133 0.741471 0.465529 0.739339 0.476190 0.739872 0.496802 0.742537 0.506752 0.751066 0.513859 0.757463 0.513149 0.767591 0.508173 0.770789 0.502488 0.777186 0.476901 0.777186 0.471215 0.773454 0.464108