0 0.197101 0.973913 0.193237 0.972174 0.181643 0.970435 0.160386 0.970870 0.151691 0.972609 0.139130 0.978261 0.138164 0.986522 0.140097 0.988261 0.149758 0.992174 0.166184 0.994348 0.189372 0.993478 0.196135 0.992174 0.200000 0.987826
0 0.960386 0.462609 0.961353 0.467391 0.971981 0.470870 0.981643 0.472609 0.986473 0.474783 1.000000 0.475652 1.000000 0.457391 0.984541 0.458696 0.972947 0.461304
0 0.099517 0.971304 0.092754 0.974783 0.089855 0.981304 0.090821 0.986522 0.100483 0.993478 0.114010 0.996522 0.130435 0.996522 0.134300 0.995652 0.140097 0.991304 0.136232 0.983043 0.136232 0.978261 0.128502 0.973478 0.121739 0.971739 0.114010 0.970870
0 0.211594 0.997391 0.207729 0.995217 0.197101 0.993478 0.168116 0.994348 0.157488 0.996957 0.156522 1.000000 0.211594 1.000000
0 0.211594 0.997391 0.211594 1.000000 0.277295 1.000000 0.276329 0.996087 0.272464 0.992609 0.261836 0.988261 0.251208 0.986522 0.240580 0.986522 0.229952 0.988261 0.215459 0.993913
0 0.355556 0.983913 0.342995 0.978261 0.325604 0.978261 0.312077 0.980435 0.287923 0.987391 0.284058 0.993913 0.286957 1.000000 0.355556 1.000000 0.355556 0.998261 0.361353 0.995217 0.361353 0.992174
0 0.415459 0.997826 0.415459 1.000000 0.485024 1.000000 0.485024 0.997826 0.456039 0.992174 0.441546 0.992174 0.427053 0.993913
0 0.464734 0.971739 0.459903 0.974348 0.456039 0.980000 0.457005 0.986522 0.463768 0.991739 0.472464 0.994348 0.481159 0.995652 0.491787 0.995652 0.507246 0.990435 0.510145 0.987391 0.510145 0.978261 0.504348 0.973478 0.496618 0.970000 0.479227 0.969565
0 0.542995 0.996957 0.542995 1.000000 0.603865 1.000000 0.603865 0.997391 0.600000 0.993913 0.586473 0.993043 0.571981 0.990000 0.551691 0.991739 0.545894 0.993913
0 0.563285 0.973043 0.557488 0.977391 0.557488 0.980000 0.562319 0.987391 0.567150 0.989565 0.590338 0.992174 0.604831 0.992609 0.616425 0.990435 0.624155 0.986522 0.628019 0.978261 0.628019 0.973478 0.626087 0.971304 0.617391 0.968696 0.606763 0.967391 0.585507 0.967826 0.574879 0.969565
0 0.638647 0.974348 0.628986 0.978261 0.627053 0.981739 0.627053 0.987826 0.635749 0.994783 0.645411 0.996957 0.670531 0.997391 0.683092 0.994348 0.688889 0.990435 0.684058 0.974783 0.660870 0.972609
0 0.677295 0.997826 0.677295 1.000000 0.742029 1.000000 0.740097 0.993913 0.737198 0.992174 0.714010 0.989565 0.700483 0.990000 0.690821 0.991739
0 0.823188 0.993043 0.815459 0.986087 0.806763 0.982174 0.791304 0.981304 0.769082 0.986522 0.760386 0.991739 0.756522 1.000000 0.822222 1.000000
0 0.798068 0.958696 0.778744 0.955217 0.768116 0.954783 0.764251 0.955652 0.751691 0.964348 0.745894 0.970435 0.747826 0.980000 0.758454 0.982174 0.771014 0.982174 0.780676 0.981304 0.789372 0.979130 0.800000 0.974348 0.806763 0.967391 0.802899 0.961304
0 0.735266 0.966522 0.714976 0.963913 0.698551 0.965652 0.694686 0.966957 0.690821 0.970435 0.689855 0.975217 0.692754 0.983043 0.697585 0.986522 0.717874 0.987391 0.742029 0.982609 0.746860 0.978696 0.745894 0.974348 0.742029 0.970000
0 0.742029 0.946522 0.729469 0.942609 0.717874 0.941304 0.707246 0.941739 0.698551 0.943478 0.692754 0.946087 0.687923 0.952174 0.687923 0.958261 0.689855 0.960435 0.707246 0.962609 0.720773 0.961304 0.739130 0.955217 0.742029 0.951739
0 0.828986 0.973478 0.823188 0.978261 0.823188 0.983043 0.827053 0.986087 0.834783 0.988696 0.845411 0.990435 0.873430 0.990435 0.885990 0.986522 0.887923 0.982609 0.886957 0.977826 0.883092 0.971739 0.879227 0.969565 0.868599 0.968261 0.856039 0.968261 0.839614 0.970435
0 0.848309 0.946957 0.840580 0.945652 0.828986 0.946087 0.812560 0.948696 0.808696 0.950870 0.805797 0.957826 0.806763 0.962609 0.812560 0.968696 0.816425 0.969130 0.820290 0.971304 0.831884 0.971304 0.852174 0.968261 0.866667 0.963913 0.868599 0.961304 0.866667 0.954348 0.860870 0.950870 0.852174 0.949130
0 0.946860 0.976522 0.938164 0.983043 0.940097 0.991304 0.945894 1.000000 0.994203 1.000000 0.995169 0.995217 0.994493 0.991000 0.995459 0.985304 0.996135 0.982174 0.990338 0.978261 0.978744 0.975217 0.963285 0.974783
0 0.888889 0.966087 0.885990 0.970870 0.888889 0.973478 0.890821 0.980000 0.900483 0.986957 0.907246 0.988261 0.919807 0.987826 0.926570 0.986522 0.936232 0.982174 0.940097 0.979130 0.942029 0.973913 0.939130 0.970000 0.933333 0.966522 0.925604 0.964783 0.914010 0.963913 0.898551 0.963913
0 0.976812 0.945217 0.967150 0.946087 0.949758 0.950870 0.947826 0.963913 0.958454 0.970000 0.969082 0.972174 0.979710 0.972609 1.000000 0.969565 1.000000 0.947826
0 0.885990 0.954348 0.885990 0.955652 0.894686 0.958261 0.902415 0.962174 0.935266 0.965652 0.944928 0.963043 0.947826 0.950870 0.937198 0.946087 0.919807 0.945217 0.904348 0.948261 0.888889 0.952609
0 0.995169 0.919130 0.990338 0.923913 0.989372 0.936087 0.995169 0.940435 1.000000 0.940435 1.000000 0.919130
0 1.000000 0.896957 0.983575 0.896522 0.974879 0.897391 0.967150 0.900000 0.964251 0.903913 0.966184 0.916087 0.986473 0.925652 0.993237 0.923043 0.995169 0.919565 1.000000 0.919130
0 0.969082 0.918261 0.950725 0.917391 0.929469 0.921739 0.918841 0.927391 0.918841 0.932174 0.921739 0.935217 0.920773 0.940870 0.924638 0.943913 0.942995 0.946522 0.951691 0.945652 0.973913 0.940870 0.986473 0.935652 0.989372 0.932174 0.988406 0.927391 0.981643 0.922609
0 0.906280 0.927391 0.889855 0.925652 0.882126 0.926522 0.879227 0.928261 0.873430 0.935652 0.870531 0.944348 0.874396 0.948696 0.882126 0.952609 0.895652 0.950870 0.907246 0.947391 0.913043 0.944783 0.918841 0.940000 0.917874 0.933043
0 0.816425 0.926957 0.806763 0.934783 0.806763 0.936522 0.810628 0.940000 0.821256 0.943913 0.857971 0.945652 0.868599 0.943478 0.871498 0.940000 0.872464 0.926957 0.869565 0.924783 0.858937 0.922609 0.843478 0.922609 0.822222 0.925217
0 0.750725 0.927391 0.745894 0.930000 0.740097 0.936957 0.741063 0.943043 0.748792 0.950435 0.759420 0.953478 0.772947 0.953478 0.792271 0.948261 0.801932 0.942609 0.801932 0.937826 0.798068 0.933913 0.778744 0.927391 0.761353 0.926522
0 0.808696 0.897826 0.799034 0.899130 0.790338 0.902174 0.784541 0.909565 0.784541 0.916957 0.788406 0.920870 0.800966 0.926087 0.815459 0.926522 0.833816 0.923043 0.841546 0.919565 0.847343 0.913913 0.849275 0.907391 0.846377 0.904348 0.838647 0.901304 0.824155 0.898261
0 0.885990 0.892609 0.877295 0.893478 0.859903 0.898696 0.853140 0.904348 0.848309 0.911739 0.847343 0.916522 0.850242 0.919565 0.873430 0.924783 0.889855 0.922174 0.901449 0.916957 0.901449 0.903043 0.889855 0.893478
0 0.927536 0.893043 0.916908 0.894348 0.912077 0.896087 0.904348 0.903913 0.902415 0.909565 0.904348 0.917391 0.923671 0.921739 0.936232 0.920435 0.946860 0.917826 0.956522 0.913913 0.962319 0.908696 0.962319 0.903913 0.958454 0.900000 0.943961 0.894783
0 0.942995 0.869130 0.937198 0.872609 0.938164 0.889130 0.947826 0.894348 0.961353 0.897826 0.971014 0.897826 0.979710 0.896522 0.996135 0.890000 1.000000 0.890000 1.000000 0.879130 0.996135 0.879130 0.994203 0.876957 0.974879 0.869130 0.967150 0.867826
0 0.981643 0.853043 0.975845 0.856522 0.975845 0.865217 0.995169 0.874348 1.000000 0.874348 1.000000 0.852174
0 0.931401 0.842174 0.914976 0.850000 0.913043 0.853913 0.914010 0.861739 0.922705 0.866087 0.932367 0.868261 0.943961 0.868261 0.960386 0.866087 0.971014 0.861304 0.971981 0.858696 0.971014 0.853913 0.964251 0.847826 0.943961 0.842609
0 0.902415 0.869130 0.890821 0.870870 0.881159 0.874348 0.876329 0.879565 0.876329 0.882174 0.880193 0.887391 0.887923 0.891739 0.895652 0.893913 0.910145 0.895217 0.926570 0.892174 0.932367 0.890000 0.936232 0.886522 0.938164 0.880000 0.936232 0.876522 0.929469 0.872174 0.917874 0.869565
0 0.857005 0.876522 0.847343 0.876522 0.840580 0.877826 0.823188 0.884348 0.820290 0.887391 0.820290 0.893913 0.823188 0.896957 0.846377 0.902609 0.855072 0.901739 0.878261 0.892174 0.878261 0.886957 0.873430 0.880870
0 0.760386 0.874348 0.752657 0.879130 0.747826 0.884348 0.747826 0.890870 0.752657 0.894348 0.767150 0.897826 0.785507 0.900000 0.797101 0.899565 0.811594 0.896087 0.816425 0.891304 0.816425 0.886087 0.813527 0.882174 0.805797 0.878261 0.794203 0.874783 0.780676 0.873043 0.768116 0.873043
0 0.753623 0.899565 0.744928 0.902609 0.738164 0.908261 0.742029 0.917391 0.748792 0.921739 0.760386 0.925217 0.781643 0.926087 0.786473 0.923913 0.784541 0.911304 0.787440 0.905217 0.786473 0.900435 0.774879 0.898696
0 0.663768 0.932174 0.641546 0.939565 0.633816 0.947391 0.632850 0.954783 0.637681 0.958696 0.647343 0.961739 0.656039 0.963043 0.674396 0.963478 0.684058 0.961304 0.686957 0.959130 0.685024 0.953478 0.691787 0.942609 0.676329 0.932609
0 0.690821 0.916087 0.685024 0.919565 0.685024 0.929565 0.688889 0.933478 0.696618 0.937391 0.708213 0.939565 0.718841 0.939130 0.725604 0.937391 0.731401 0.934783 0.739130 0.928696 0.740097 0.923478 0.737198 0.920870 0.727536 0.916522 0.714976 0.913913 0.704348 0.913913
0 0.640580 0.907826 0.628986 0.908261 0.617391 0.910435 0.612560 0.912609 0.606763 0.919130 0.607729 0.925652 0.612560 0.933043 0.628986 0.940435 0.638647 0.940435 0.645411 0.937391 0.656039 0.934783 0.667633 0.927826 0.669565 0.922174 0.667633 0.914783 0.662802 0.912174
0 0.697585 0.887826 0.690821 0.892609 0.688889 0.896087 0.697585 0.909565 0.707246 0.912609 0.714010 0.912609 0.733333 0.909130 0.748792 0.900435 0.747826 0.895652 0.735266 0.890435 0.714010 0.887391
0 0.534300 0.905652 0.532367 0.906957 0.533333 0.912609 0.542995 0.919565 0.571981 0.924783 0.586473 0.924783 0.598068 0.920870 0.603865 0.909130 0.599034 0.904348 0.585507 0.901739 0.559420 0.900870
0 0.547826 0.923478 0.542995 0.926957 0.541063 0.936957 0.542995 0.939130 0.547826 0.940435 0.548792 0.943043 0.558454 0.950000 0.566184 0.951739 0.572947 0.951739 0.591304 0.947826 0.592271 0.943043 0.570048 0.928261 0.557488 0.923478
0 0.574879 0.958696 0.564251 0.957391 0.551691 0.957391 0.535266 0.962609 0.530435 0.965217 0.522705 0.966957 0.514976 0.973478 0.514976 0.975652 0.520773 0.980000 0.526570 0.982609 0.537198 0.983043 0.543961 0.980870 0.570048 0.968696 0.574879 0.963043
0 0.526570 0.937391 0.514976 0.936957 0.505314 0.937826 0.496618 0.940870 0.492754 0.944348 0.490821 0.950000 0.492754 0.959565 0.499517 0.967826 0.507246 0.971304 0.516908 0.970000 0.522705 0.966522 0.541063 0.960435 0.548792 0.956957 0.554589 0.952174 0.553623 0.947391 0.547826 0.943043 0.542995 0.940870
0 0.417391 0.958696 0.410628 0.963043 0.409662 0.969565 0.412560 0.974783 0.420290 0.977391 0.433816 0.977826 0.455072 0.975652 0.469565 0.968696 0.470531 0.966522 0.465700 0.963043 0.453140 0.958696 0.430918 0.956522
0 0.481159 0.935217 0.467633 0.931304 0.456039 0.931739 0.453140 0.933478 0.440580 0.935217 0.429952 0.940000 0.427053 0.943043 0.427053 0.948261 0.429952 0.952609 0.437681 0.956957 0.457005 0.958261 0.465700 0.957391 0.475362 0.954783 0.485990 0.947391 0.485990 0.939130
0 0.524638 0.916087 0.519807 0.915217 0.506280 0.915217 0.497585 0.918696 0.491787 0.923478 0.489855 0.927391 0.489855 0.933043 0.493720 0.936087 0.499517 0.937391 0.518841 0.936087 0.538164 0.928261 0.538164 0.921304
0 0.479227 0.903478 0.458937 0.902174 0.431884 0.906957 0.424155 0.910870 0.422222 0.913913 0.423188 0.919565 0.428986 0.924783 0.437681 0.928261 0.457005 0.928696 0.477295 0.924348 0.487923 0.918696 0.489855 0.912609 0.487923 0.907391
0 0.493720 0.884348 0.482126 0.888696 0.479227 0.892174 0.480193 0.896522 0.485990 0.903043 0.501449 0.908261 0.514976 0.909565 0.523671 0.908696 0.535266 0.901739 0.537198 0.896087 0.534300 0.890000 0.527536 0.885652 0.518841 0.883043 0.506280 0.882609
0 0.542995 0.880000 0.542029 0.886087 0.544928 0.888696 0.544928 0.893043 0.552657 0.897826 0.577778 0.899565 0.605797 0.896522 0.612560 0.892609 0.606763 0.881304 0.596135 0.874783 0.590338 0.873913 0.559420 0.874783 0.551691 0.876087
0 0.675362 0.875652 0.659903 0.875652 0.651208 0.876957 0.637681 0.883478 0.636715 0.890435 0.638647 0.893043 0.647343 0.897391 0.657005 0.899565 0.667633 0.899565 0.681159 0.896957 0.686957 0.893913 0.694686 0.885652 0.693720 0.880870 0.682126 0.876522
0 0.619324 0.853913 0.603865 0.856522 0.599034 0.860870 0.597101 0.864348 0.599034 0.873043 0.603865 0.876957 0.611594 0.880000 0.627053 0.880870 0.647343 0.874783 0.651208 0.870870 0.648309 0.862174 0.643478 0.857826 0.630918 0.854348
0 0.656039 0.850870 0.645411 0.856957 0.645411 0.858696 0.655072 0.870000 0.661836 0.872609 0.668599 0.873478 0.683092 0.873043 0.694686 0.870435 0.712077 0.862609 0.714976 0.858261 0.714010 0.856087 0.707246 0.853478 0.691787 0.850000 0.672464 0.849565 0.665314 0.850565
0 0.716908 0.863478 0.707246 0.865652 0.701449 0.868696 0.701449 0.878261 0.705314 0.882174 0.714976 0.886087 0.735266 0.888261 0.744928 0.885217 0.749758 0.882174 0.757488 0.872174 0.752657 0.869565 0.743961 0.867391
0 0.351691 0.946957 0.342995 0.950435 0.340097 0.956087 0.342995 0.961304 0.359420 0.970870 0.375845 0.970870 0.399034 0.963913 0.404831 0.958696 0.404831 0.954783 0.400966 0.952174 0.376812 0.946522 0.359420 0.946087
0 0.394203 0.917826 0.375845 0.921304 0.366184 0.927391 0.366184 0.932609 0.381643 0.945217 0.394203 0.948696 0.404831 0.949565 0.423188 0.943043 0.434783 0.935652 0.436715 0.931304 0.419324 0.919130 0.410628 0.917826
0 0.271498 0.956957 0.257005 0.959565 0.252174 0.961739 0.252174 0.966957 0.259903 0.980435 0.270531 0.985217 0.283092 0.987391 0.295652 0.984783 0.317874 0.976087 0.320773 0.970000 0.307246 0.960870 0.283092 0.957391
0 0.214493 0.962609 0.205797 0.965652 0.200966 0.970435 0.201932 0.979130 0.211594 0.982609 0.219324 0.983913 0.232850 0.984348 0.240580 0.983043 0.252174 0.978696 0.255072 0.975652 0.251208 0.966522 0.235749 0.962609 0.223188 0.961739
0 0.169082 0.947826 0.159420 0.950870 0.155556 0.954783 0.159420 0.962609 0.171014 0.967826 0.186473 0.970435 0.199034 0.970000 0.216425 0.959130 0.218357 0.954783 0.214493 0.951304 0.204831 0.946522 0.185507 0.946522
0 0.116908 0.950435 0.099517 0.959130 0.097585 0.961739 0.099517 0.966957 0.113043 0.970870 0.131401 0.972174 0.141063 0.971304 0.152657 0.968261 0.155556 0.964783 0.155556 0.961304 0.148792 0.952609 0.143961 0.950435 0.137198 0.949565
0 0.099517 0.925652 0.090821 0.930870 0.089855 0.934348 0.090821 0.940000 0.095652 0.943478 0.107246 0.947391 0.116908 0.949130 0.142995 0.947391 0.147826 0.943478 0.148792 0.936957 0.152657 0.933478 0.151691 0.927826 0.129469 0.923478 0.115942 0.923478
0 0.161353 0.922609 0.153623 0.927826 0.149758 0.936957 0.150725 0.941304 0.169082 0.946522 0.191304 0.946087 0.204831 0.944783 0.215459 0.936522 0.215459 0.929565 0.187440 0.920435 0.172947 0.920435
0 0.237681 0.931739 0.228019 0.933478 0.218357 0.939565 0.217391 0.947826 0.226087 0.956957 0.241546 0.960435 0.255072 0.959130 0.265700 0.956087 0.273430 0.951304 0.273430 0.946957 0.270531 0.943043 0.256039 0.935652
0 0.306280 0.937391 0.297585 0.938261 0.290821 0.941739 0.285990 0.946957 0.285024 0.952174 0.290821 0.957391 0.297585 0.959130 0.311111 0.959565 0.316908 0.958696 0.326570 0.955217 0.332367 0.948261 0.332367 0.944783 0.329469 0.941739 0.316908 0.937826
0 0.343961 0.914783 0.334300 0.914783 0.327536 0.916087 0.307246 0.923478 0.304348 0.926957 0.304348 0.930435 0.308213 0.934783 0.324638 0.937826 0.336232 0.937826 0.344928 0.936522 0.360386 0.931304 0.363285 0.927826 0.361353 0.922174 0.353623 0.920000
0 0.403865 0.893478 0.388406 0.890870 0.372947 0.890435 0.366184 0.891304 0.351691 0.895652 0.342995 0.899565 0.339130 0.903478 0.339130 0.909130 0.343961 0.913913 0.354589 0.918696 0.368116 0.921304 0.393237 0.916957 0.404831 0.911304 0.411594 0.904783 0.411594 0.900435
0 0.412560 0.875217 0.405797 0.883913 0.407729 0.890435 0.416425 0.898261 0.424155 0.901304 0.435749 0.903043 0.448309 0.901739 0.465700 0.897391 0.474396 0.893043 0.474396 0.888261 0.457005 0.880435 0.440580 0.875652 0.430918 0.874348
0 0.359420 0.862609 0.351691 0.869130 0.350725 0.884783 0.360386 0.888696 0.367150 0.889565 0.378744 0.889565 0.399034 0.885652 0.402899 0.881739 0.402899 0.876522 0.399034 0.873043 0.384541 0.867391 0.369082 0.863478
0 0.309179 0.867826 0.299517 0.867826 0.290821 0.869130 0.283092 0.872609 0.275362 0.880000 0.277295 0.891304 0.292754 0.899130 0.306280 0.899130 0.321739 0.896087 0.328502 0.893043 0.341063 0.882174 0.341063 0.876522 0.337198 0.873478 0.331401 0.871304 0.317874 0.870000
0 0.274396 0.909130 0.256039 0.912174 0.248309 0.920000 0.249275 0.927826 0.253140 0.932609 0.264734 0.938261 0.272464 0.939130 0.285024 0.936522 0.300483 0.928261 0.301449 0.924783 0.296618 0.914783 0.290821 0.911739 0.284058 0.910000
0 0.203865 0.908261 0.195169 0.912174 0.195169 0.920435 0.211594 0.927826 0.222222 0.928696 0.230918 0.926957 0.236715 0.923043 0.242512 0.916087 0.238647 0.912174 0.225121 0.907826
0 0.252174 0.887826 0.246377 0.887826 0.232077 0.884174 0.229952 0.895652 0.228019 0.899565 0.229952 0.906522 0.237681 0.910043 0.245411 0.912174 0.257005 0.910870 0.267633 0.908261 0.285990 0.900870 0.284058 0.896087 0.274396 0.892174
0 0.223188 0.884348 0.206763 0.883478 0.194203 0.885217 0.182609 0.890000 0.171014 0.893043 0.169082 0.895217 0.170048 0.900435 0.194203 0.906957 0.208696 0.907391 0.223188 0.905217 0.229952 0.893478 0.228019 0.887826
0 0.158454 0.896522 0.143961 0.903043 0.132367 0.904348 0.131401 0.909130 0.139130 0.917391 0.142995 0.919130 0.151691 0.920870 0.161353 0.921304 0.172947 0.917826 0.187440 0.915652 0.192271 0.913043 0.192271 0.907826 0.189372 0.906087 0.171014 0.900870 0.164251 0.896957
0 0.094686 0.900000 0.090821 0.902174 0.085990 0.910870 0.086957 0.916522 0.092754 0.921739 0.099517 0.923913 0.111111 0.923913 0.126570 0.922609 0.136232 0.920435 0.138164 0.915652 0.129469 0.904783 0.113043 0.902609 0.100483 0.899130
0 0.090821 0.879565 0.084058 0.883913 0.084058 0.886957 0.086957 0.892609 0.098551 0.899130 0.111111 0.902609 0.129469 0.903913 0.138164 0.903478 0.148792 0.900000 0.153623 0.892174 0.145894 0.883913 0.140097 0.880435 0.126570 0.876957 0.117874 0.876522 0.112077 0.877826
0 0.127536 0.857391 0.118841 0.856522 0.109179 0.853913 0.099517 0.854348 0.091787 0.856522 0.080193 0.862609 0.075362 0.869130 0.077295 0.873478 0.082126 0.876957 0.092754 0.878696 0.107246 0.876957 0.117874 0.874348 0.130435 0.866087 0.131401 0.860435
0 0.141063 0.868696 0.137198 0.872609 0.139130 0.876957 0.151691 0.887391 0.156522 0.889565 0.167150 0.890870 0.180676 0.889565 0.191304 0.884783 0.192271 0.880435 0.177778 0.873043 0.175845 0.868696 0.172947 0.867391 0.159420 0.865652
0 0.223188 0.849565 0.212560 0.849565 0.203865 0.851304 0.191304 0.856957 0.178744 0.868696 0.179710 0.873043 0.203865 0.878696 0.215459 0.878261 0.222222 0.876522 0.227053 0.866957 0.233816 0.861304 0.231884 0.856087
0 0.238647 0.860435 0.227053 0.865217 0.225121 0.867826 0.225121 0.876957 0.233816 0.881739 0.240483 0.885087 0.246377 0.884783 0.252174 0.884783 0.269565 0.880870 0.277295 0.877391 0.283092 0.868696 0.274396 0.864348 0.248309 0.860435
0 0.308213 0.846522 0.295652 0.850000 0.293720 0.854348 0.306280 0.865652 0.313043 0.869130 0.324638 0.870870 0.330435 0.870435 0.341063 0.865217 0.346860 0.856957 0.343961 0.854348 0.331401 0.849565 0.317874 0.846087
0 0.245411 0.830870 0.238647 0.833478 0.227053 0.840870 0.229952 0.848261 0.245411 0.858696 0.254106 0.860870 0.269565 0.860435 0.291787 0.853478 0.294686 0.850000 0.292754 0.845217 0.281159 0.837826 0.269565 0.833043 0.257971 0.830870
0 0.171014 0.833913 0.164251 0.832609 0.146860 0.832609 0.134300 0.834348 0.115942 0.838696 0.110145 0.841304 0.108213 0.844348 0.111111 0.853043 0.134300 0.859130 0.143961 0.859130 0.152657 0.857391 0.162319 0.853478 0.171981 0.846957 0.173913 0.840000
0 0.238647 0.810435 0.212560 0.809565 0.196135 0.812174 0.181643 0.820000 0.178744 0.823478 0.180676 0.832174 0.197101 0.840000 0.208696 0.841739 0.221256 0.841304 0.234783 0.836087 0.244444 0.830000 0.249275 0.823478 0.249275 0.818696 0.245411 0.813043
0 0.274396 0.818261 0.272464 0.821304 0.272464 0.830435 0.274396 0.833478 0.295652 0.847391 0.301449 0.847826 0.322705 0.843478 0.334300 0.838696 0.338164 0.833478 0.313043 0.821739 0.297585 0.817826 0.282126 0.817391
0 0.405797 0.822174 0.390338 0.822174 0.377778 0.823913 0.361353 0.830000 0.356522 0.833478 0.355556 0.839130 0.361353 0.843913 0.376812 0.848696 0.388406 0.850000 0.406763 0.846957 0.413527 0.843913 0.419324 0.835217 0.419324 0.830000 0.413527 0.824783
0 0.384541 0.856522 0.382609 0.865652 0.399034 0.871304 0.412560 0.872609 0.428019 0.871739 0.446377 0.868696 0.450242 0.866522 0.450242 0.863478 0.445411 0.857826 0.422222 0.848261 0.416425 0.847391 0.402899 0.847826 0.390338 0.852174
0 0.117874 0.811739 0.100483 0.814783 0.090821 0.819130 0.085024 0.823478 0.083092 0.830000 0.085990 0.833478 0.091787 0.836087 0.096618 0.836957 0.123671 0.836522 0.138164 0.833913 0.144928 0.830000 0.146860 0.825652 0.142029 0.821304 0.131401 0.816087
0 0.425121 0.833913 0.419324 0.836522 0.416425 0.840870 0.417391 0.843913 0.425121 0.849130 0.436715 0.854783 0.449275 0.859130 0.468599 0.858261 0.476329 0.853043 0.478261 0.846957 0.476329 0.842174 0.469565 0.836522 0.458937 0.832174 0.451208 0.830870 0.438647 0.831304
0 0.489855 0.839130 0.483092 0.842174 0.478261 0.851304 0.472464 0.857391 0.473430 0.866957 0.477295 0.870435 0.486957 0.873478 0.510145 0.873478 0.528502 0.869130 0.534300 0.866087 0.535266 0.853043 0.530435 0.848261 0.521739 0.843478 0.502415 0.839565
0 0.594203 0.849565 0.585507 0.847391 0.577778 0.846957 0.546860 0.850870 0.538164 0.853043 0.534300 0.856522 0.537198 0.864348 0.542995 0.868696 0.549758 0.871739 0.561353 0.873043 0.578744 0.870000 0.594203 0.863478 0.601932 0.853913
0 0.532367 0.829130 0.525604 0.832174 0.521739 0.837391 0.522705 0.842609 0.531401 0.846957 0.545894 0.849565 0.555556 0.849565 0.571981 0.845652 0.577778 0.839565 0.577778 0.832174 0.573913 0.829565 0.561353 0.827826 0.542029 0.827391
0 0.491787 0.805217 0.482126 0.805652 0.476329 0.807391 0.458937 0.818261 0.458937 0.822609 0.462802 0.830000 0.468599 0.832609 0.482126 0.834348 0.491787 0.834348 0.504348 0.832174 0.518841 0.826957 0.522705 0.823043 0.520773 0.816957 0.514010 0.812174 0.500483 0.806522
0 0.610628 0.820000 0.593237 0.823043 0.582609 0.829130 0.577778 0.834348 0.577778 0.839565 0.583575 0.845217 0.587440 0.846957 0.603865 0.850435 0.620290 0.849565 0.631884 0.845652 0.631884 0.829565 0.622222 0.820435
0 0.647343 0.822609 0.635749 0.827826 0.632850 0.830435 0.632850 0.843043 0.635749 0.846087 0.645411 0.850000 0.658937 0.850870 0.673430 0.848696 0.681159 0.846087 0.684058 0.842609 0.684058 0.836087 0.680193 0.831739 0.661836 0.823478 0.657971 0.822609
0 0.715942 0.824783 0.702415 0.826522 0.692754 0.830000 0.686957 0.835217 0.685990 0.842609 0.687923 0.846522 0.699517 0.851739 0.718841 0.853913 0.725604 0.852609 0.747826 0.841304 0.748792 0.836957 0.739130 0.830000 0.730435 0.826957
0 0.751691 0.840870 0.739130 0.845652 0.728502 0.852609 0.729469 0.857826 0.746860 0.866522 0.761353 0.871304 0.770048 0.871739 0.781643 0.870435 0.800000 0.861304 0.801932 0.858261 0.800000 0.853043 0.793237 0.848696 0.779710 0.843913 0.764251 0.841304
0 0.783575 0.819565 0.776812 0.820870 0.762319 0.827826 0.761353 0.834783 0.768116 0.840000 0.785507 0.845652 0.796135 0.847391 0.814493 0.843478 0.820290 0.838696 0.822222 0.830000 0.814493 0.822609 0.805797 0.819565
0 0.819324 0.855652 0.808696 0.857391 0.803865 0.859565 0.799034 0.864783 0.799034 0.869565 0.801932 0.873043 0.806763 0.875217 0.816425 0.877826 0.830918 0.879130 0.841546 0.874783 0.843478 0.868696 0.832850 0.856522 0.830918 0.855652
0 0.850242 0.849565 0.837681 0.857391 0.837681 0.862609 0.840580 0.866087 0.856039 0.873478 0.868599 0.874348 0.882126 0.872609 0.889855 0.869130 0.889952 0.866130 0.888889 0.857391 0.873430 0.850435 0.857971 0.848696
0 0.851208 0.828696 0.838647 0.827391 0.826087 0.830870 0.812560 0.846087 0.812560 0.850435 0.815459 0.853913 0.821256 0.854783 0.831884 0.854348 0.843478 0.852609 0.859903 0.846522 0.867633 0.836957 0.863768 0.833913
0 0.879227 0.850435 0.875362 0.850739 0.889275 0.856913 0.889855 0.860870 0.889855 0.869130 0.902415 0.867391 0.911111 0.861739 0.912077 0.852174 0.909179 0.850870
0 0.925604 0.832174 0.911111 0.827826 0.899517 0.828261 0.881159 0.831739 0.869565 0.835217 0.863768 0.846087 0.868599 0.847826 0.880193 0.849565 0.891787 0.850000 0.912077 0.848261 0.927536 0.842174 0.928502 0.836522
0 0.930435 0.830000 0.928502 0.834783 0.931401 0.838696 0.938164 0.841304 0.960386 0.846522 0.971014 0.846522 0.986473 0.843913 0.995169 0.837826 0.991304 0.830000 0.978744 0.823478 0.971981 0.821739 0.953623 0.821304 0.946860 0.822174 0.936232 0.826087
0 0.985507 0.806522 0.971981 0.810435 0.969082 0.813043 0.968116 0.818696 0.990338 0.829130 0.995169 0.830435 1.000000 0.830435 1.000000 0.806522
0 0.960386 0.800435 0.949758 0.799565 0.925604 0.801739 0.914010 0.805652 0.911111 0.807391 0.910145 0.810870 0.918841 0.816957 0.928502 0.820000 0.940097 0.821304 0.961353 0.820000 0.964251 0.818261 0.969082 0.810000 0.966184 0.804783
0 0.873430 0.803913 0.861836 0.806522 0.857005 0.810435 0.853140 0.817826 0.854106 0.822609 0.858937 0.826522 0.869565 0.829565 0.885024 0.830000 0.893720 0.829130 0.905314 0.826522 0.908213 0.823913 0.914976 0.822174 0.915942 0.818261 0.906280 0.809130 0.900483 0.806087 0.886957 0.803913
0 0.821256 0.799130 0.814493 0.800870 0.806763 0.805652 0.803865 0.810000 0.807729 0.818261 0.812560 0.821304 0.820290 0.823478 0.833816 0.823478 0.851208 0.819565 0.856039 0.812609 0.856039 0.806522 0.853140 0.803913 0.841546 0.799565
0 0.758454 0.787826 0.754589 0.789565 0.751691 0.793478 0.751691 0.796087 0.756522 0.802174 0.783575 0.813043 0.790338 0.813043 0.800000 0.811304 0.815459 0.799130 0.812560 0.794783 0.797101 0.789565 0.782609 0.786957 0.768116 0.786087
0 0.714976 0.803043 0.713043 0.805217 0.714976 0.819130 0.719807 0.822609 0.735266 0.828261 0.745894 0.830000 0.755556 0.830000 0.781643 0.818696 0.781643 0.813913 0.779710 0.812174 0.763285 0.806087 0.737198 0.800870
0 0.702415 0.801304 0.674396 0.803043 0.667633 0.804783 0.657971 0.810000 0.657971 0.814783 0.663768 0.820435 0.681159 0.826957 0.688889 0.827826 0.699517 0.826957 0.712077 0.821739 0.711111 0.805217 0.709179 0.802609
0 0.696618 0.778261 0.691787 0.780870 0.686957 0.786957 0.686957 0.791739 0.694686 0.797391 0.707246 0.801304 0.721739 0.802174 0.736232 0.800000 0.747826 0.795652 0.751691 0.791304 0.752657 0.786957 0.742029 0.781304 0.727536 0.778261 0.712077 0.776957
0 0.869565 0.779130 0.866667 0.782609 0.867633 0.790435 0.863768 0.795217 0.870531 0.800000 0.882126 0.803478 0.895652 0.804783 0.905314 0.804348 0.920773 0.800000 0.924638 0.794348 0.922705 0.789565 0.918841 0.787391 0.890821 0.779130 0.885024 0.778261
0 0.987440 0.779565 0.971014 0.776522 0.957488 0.777391 0.944928 0.784783 0.934300 0.789130 0.931401 0.792609 0.932367 0.797391 0.939130 0.799565 0.970048 0.800000 0.990338 0.796522 0.995169 0.793043 0.995169 0.786087
0 0.995169 0.792174 0.993237 0.795217 0.995169 0.806957 1.000000 0.806957 1.000000 0.792174
0 0.995169 0.764348 0.986473 0.768696 0.984541 0.776087 0.986473 0.779565 0.995169 0.784783 1.000000 0.784783 1.000000 0.764348
0 1.000000 0.744348 0.985507 0.744348 0.965217 0.747391 0.954589 0.750435 0.952657 0.756087 0.958454 0.760870 0.968116 0.765217 0.979710 0.766957 0.988406 0.766522 0.996135 0.763913 1.000000 0.763913
0 0.920773 0.761304 0.912077 0.763043 0.903382 0.767391 0.900483 0.770435 0.899517 0.775652 0.903382 0.781739 0.919807 0.787391 0.928502 0.788261 0.942029 0.785652 0.949758 0.782174 0.956522 0.776087 0.957488 0.770435 0.954589 0.766522 0.947826 0.763913 0.938164 0.762174
0 0.822222 0.770870 0.815459 0.773043 0.807729 0.779130 0.805797 0.782174 0.806763 0.790870 0.825121 0.797826 0.838647 0.799130 0.849275 0.798261 0.866667 0.791739 0.868599 0.786957 0.865700 0.782174 0.859903 0.777391 0.845411 0.772174 0.836715 0.770435
0 0.767150 0.758261 0.758454 0.761304 0.752657 0.765217 0.746860 0.771304 0.747826 0.773478 0.756522 0.780435 0.767150 0.784348 0.775845 0.786087 0.788406 0.786957 0.804831 0.781304 0.817391 0.771739 0.817391 0.767826 0.806763 0.761304 0.799034 0.759130 0.788406 0.757826
0 0.740097 0.752609 0.724638 0.751304 0.714976 0.753478 0.700483 0.753913 0.691787 0.756522 0.688889 0.760435 0.694686 0.768696 0.706280 0.775217 0.714010 0.776957 0.729469 0.777391 0.744928 0.772609 0.756522 0.759565 0.746860 0.754348
0 0.685024 0.762174 0.672464 0.761739 0.663768 0.762609 0.647343 0.769565 0.637681 0.780435 0.639614 0.786957 0.646377 0.790000 0.664734 0.793478 0.674396 0.793478 0.684058 0.790870 0.695652 0.771739 0.691787 0.764783
0 0.628986 0.791304 0.617391 0.794348 0.606763 0.798696 0.606763 0.803478 0.614493 0.810000 0.621256 0.813478 0.636715 0.815217 0.649275 0.814783 0.655072 0.813043 0.658937 0.808696 0.668599 0.803478 0.667633 0.797826 0.663768 0.794783 0.657005 0.792174 0.643478 0.790870
0 0.614493 0.810435 0.603865 0.803913 0.597101 0.803043 0.587440 0.803478 0.572947 0.806087 0.562319 0.809565 0.554589 0.813478 0.550725 0.819130 0.555556 0.821739 0.571981 0.823478 0.585507 0.823478 0.602899 0.821304 0.615459 0.818261 0.616425 0.813478
0 0.523671 0.786087 0.519807 0.787391 0.513043 0.793913 0.513043 0.800435 0.515942 0.806957 0.522705 0.813043 0.530435 0.816522 0.534300 0.817391 0.544928 0.817391 0.551691 0.816087 0.559420 0.810870 0.571014 0.806522 0.572947 0.802174 0.562319 0.794783 0.545894 0.788261 0.536232 0.786087
0 0.627053 0.783043 0.615459 0.781304 0.600966 0.780870 0.586473 0.783478 0.574879 0.790870 0.577778 0.799565 0.585507 0.801739 0.602899 0.800000 0.624155 0.790870 0.627053 0.788261
0 0.555556 0.763913 0.550725 0.765217 0.535266 0.775217 0.536232 0.782609 0.539130 0.785217 0.550725 0.789130 0.571014 0.790000 0.577778 0.788261 0.592271 0.779130 0.582609 0.769130 0.575845 0.765652 0.570048 0.763913
0 0.538164 0.751304 0.519807 0.750870 0.501449 0.754783 0.492754 0.763043 0.492754 0.767391 0.510145 0.775217 0.516908 0.776522 0.527536 0.776087 0.533333 0.774783 0.538164 0.772174 0.545894 0.760435 0.543961 0.753913
0 0.486957 0.779565 0.474396 0.778261 0.460870 0.778696 0.452174 0.780000 0.446377 0.782174 0.442512 0.786522 0.441546 0.793913 0.451208 0.804348 0.462802 0.806087 0.473430 0.806087 0.491787 0.802609 0.501449 0.798696 0.507246 0.792174 0.507246 0.787391 0.495652 0.781739
0 0.420290 0.787826 0.407729 0.787391 0.398068 0.788696 0.389372 0.791739 0.379710 0.798696 0.379710 0.809565 0.395169 0.814783 0.407729 0.815652 0.420290 0.814348 0.437681 0.810870 0.445411 0.806957 0.445411 0.802609 0.437681 0.794348 0.431884 0.790870
0 0.358454 0.788696 0.350725 0.787391 0.320773 0.793043 0.313043 0.798261 0.305314 0.806522 0.306280 0.810870 0.313043 0.814783 0.324638 0.817391 0.341063 0.818261 0.352657 0.816957 0.366184 0.812174 0.370048 0.807391 0.371014 0.801304 0.368116 0.796087
0 0.349758 0.765652 0.344928 0.764348 0.331401 0.764783 0.308213 0.770435 0.296618 0.774783 0.298551 0.785217 0.308213 0.790000 0.316908 0.790870 0.332367 0.790435 0.348792 0.787391 0.362319 0.782174 0.364251 0.780000 0.363285 0.775217
0 0.181643 0.781739 0.171981 0.795217 0.174879 0.797826 0.187440 0.802609 0.215459 0.805217 0.230918 0.805217 0.242512 0.803043 0.249275 0.799565 0.252174 0.796522 0.252174 0.790870 0.248309 0.787391 0.239614 0.783913 0.222222 0.779565 0.206763 0.777826 0.190338 0.778696
0 0.187440 0.803043 0.178744 0.801304 0.169082 0.800870 0.152657 0.803043 0.141063 0.806087 0.136232 0.810000 0.138164 0.818696 0.154589 0.823478 0.172947 0.822609 0.183575 0.818261 0.193237 0.811739
0 0.090821 0.781739 0.083092 0.786087 0.079227 0.790435 0.079227 0.796087 0.084058 0.803043 0.091787 0.805652 0.111111 0.806957 0.121739 0.806087 0.136232 0.802609 0.141063 0.798696 0.142029 0.793913 0.140097 0.790870 0.133333 0.786957 0.120773 0.782174 0.111111 0.780435 0.097585 0.780435
0 0.131401 0.774348 0.128502 0.776087 0.127536 0.780870 0.138164 0.789565 0.149758 0.794348 0.160386 0.796522 0.171014 0.796957 0.173913 0.795217 0.179710 0.783478 0.185507 0.779565 0.182609 0.775217 0.171981 0.771304 0.163285 0.770435 0.148792 0.770870
0 0.131401 0.749130 0.116908 0.748261 0.098551 0.749565 0.092754 0.750870 0.083092 0.755652 0.081159 0.758696 0.082126 0.767826 0.090821 0.772609 0.108213 0.775217 0.117874 0.775217 0.133333 0.773478 0.141063 0.771304 0.153043 0.759739
0 0.189372 0.740870 0.177778 0.740435 0.164251 0.741739 0.152657 0.746957 0.147826 0.751304 0.147826 0.756087 0.155556 0.760522 0.152657 0.767826 0.156522 0.769565 0.172947 0.770435 0.191304 0.768261 0.203865 0.764783 0.217391 0.758696 0.219324 0.753913 0.216425 0.751304 0.200000 0.743913
0 0.245411 0.754783 0.234783 0.756957 0.228019 0.760000 0.225121 0.763478 0.226087 0.770435 0.228986 0.773043 0.240580 0.776957 0.247343 0.777826 0.257971 0.777391 0.267633 0.775652 0.275362 0.772609 0.279227 0.768261 0.279227 0.763043 0.275362 0.759565 0.266667 0.756087 0.257971 0.754783
0 0.241546 0.720870 0.229952 0.721739 0.216425 0.724783 0.210628 0.727391 0.200966 0.735652 0.200000 0.741304 0.201932 0.743913 0.209662 0.747826 0.217391 0.750000 0.228019 0.751304 0.241546 0.751304 0.257971 0.746957 0.265700 0.740435 0.265700 0.733913 0.261836 0.729565 0.247343 0.721739
0 0.191304 0.712609 0.178744 0.710435 0.170048 0.710870 0.151691 0.716087 0.144928 0.720000 0.139130 0.727391 0.139130 0.736087 0.142029 0.737826 0.160386 0.741304 0.181643 0.740435 0.190338 0.739130 0.202899 0.733913 0.209662 0.728696 0.210628 0.723478 0.207729 0.720000
0 0.099517 0.719565 0.082126 0.727391 0.078261 0.731739 0.077295 0.738261 0.082126 0.744348 0.089855 0.747826 0.096618 0.749130 0.126570 0.747391 0.133333 0.746087 0.139130 0.743478 0.142029 0.740435 0.134300 0.728696 0.109179 0.720000
0 0.101449 0.697826 0.088889 0.706087 0.087923 0.709130 0.090821 0.713043 0.117874 0.721739 0.129469 0.722174 0.142029 0.720870 0.154589 0.713478 0.154589 0.708261 0.151691 0.704783 0.142995 0.701304 0.126570 0.697391 0.105314 0.696957
0 0.081159 0.679565 0.078261 0.682174 0.078261 0.688696 0.082126 0.693478 0.085990 0.695217 0.102415 0.697391 0.123671 0.696522 0.129469 0.694783 0.129469 0.686087 0.118841 0.681304 0.117874 0.679565 0.112657 0.676435 0.097391 0.675043
0 0.162319 0.660870 0.154589 0.660000 0.144928 0.660435 0.133333 0.662609 0.125604 0.666087 0.119807 0.670000 0.117874 0.673478 0.122705 0.681739 0.134300 0.685217 0.142029 0.686087 0.166184 0.685217 0.176812 0.681739 0.181643 0.678261 0.180676 0.670000 0.175845 0.666087
0 0.119807 0.642609 0.109179 0.641304 0.097585 0.641739 0.080193 0.644783 0.069565 0.651304 0.066667 0.657391 0.068599 0.661304 0.076329 0.666087 0.088889 0.669130 0.106280 0.669565 0.116908 0.668696 0.124638 0.665652 0.129469 0.660870 0.129469 0.654348 0.125604 0.646087
0 0.186473 0.640435 0.180676 0.638261 0.171981 0.637391 0.148792 0.637826 0.137198 0.639565 0.131401 0.642174 0.129469 0.650435 0.132367 0.655217 0.140097 0.657826 0.149758 0.658696 0.173913 0.659130 0.187440 0.657826 0.193237 0.654783 0.194203 0.649130
0 0.265700 0.631739 0.262802 0.630435 0.249275 0.629565 0.240580 0.627391 0.228019 0.626957 0.191304 0.633913 0.184541 0.639130 0.192271 0.646957 0.201932 0.652609 0.211594 0.654348 0.223188 0.653913 0.257005 0.643043 0.265700 0.636957
0 0.209662 0.680000 0.185507 0.680000 0.179710 0.680870 0.164251 0.687826 0.154589 0.695652 0.154589 0.701304 0.162319 0.706522 0.175845 0.710000 0.194203 0.712609 0.200000 0.712174 0.211594 0.708696 0.217391 0.703478 0.221256 0.688261 0.216425 0.681304
0 0.229952 0.687391 0.224155 0.688261 0.221256 0.690000 0.217391 0.696522 0.217391 0.703913 0.220290 0.709130 0.229952 0.714783 0.239614 0.718261 0.245411 0.716087 0.249952 0.709913 0.271787 0.703000 0.273430 0.696087 0.261836 0.690000 0.254106 0.688261
0 0.250242 0.710000 0.247343 0.713913 0.248309 0.720000 0.255072 0.725652 0.264734 0.729130 0.285024 0.729565 0.301449 0.727826 0.308213 0.726087 0.316908 0.720870 0.315942 0.712609 0.304348 0.706522 0.296618 0.704783 0.269469 0.703826 0.260773 0.706739
0 0.319807 0.688696 0.306280 0.693478 0.306280 0.698696 0.312077 0.709130 0.325604 0.715217 0.340097 0.715217 0.352657 0.713043 0.369082 0.705217 0.366184 0.697391 0.358454 0.692609 0.343961 0.689130 0.335266 0.687826
0 0.320773 0.728261 0.313043 0.731739 0.308213 0.736087 0.308213 0.740870 0.315942 0.746957 0.326570 0.750870 0.340097 0.753043 0.356522 0.753043 0.367150 0.751304 0.372947 0.748261 0.380676 0.740870 0.378744 0.736087 0.371014 0.733043 0.367150 0.730000 0.353623 0.725652 0.333333 0.726087
0 0.392271 0.702609 0.377778 0.703478 0.360386 0.708696 0.348792 0.715652 0.348792 0.721304 0.352657 0.724348 0.369082 0.730870 0.377778 0.733043 0.387440 0.733043 0.394203 0.731304 0.411594 0.724348 0.419324 0.717826 0.417391 0.713043 0.412560 0.711739 0.396135 0.703043
0 0.418357 0.723913 0.409662 0.725652 0.391304 0.732609 0.388406 0.735217 0.389372 0.740870 0.401932 0.746957 0.412560 0.750435 0.429952 0.753478 0.435749 0.753043 0.460870 0.744348 0.460870 0.739565 0.455072 0.732609 0.443478 0.727391 0.431884 0.724348
0 0.389372 0.752174 0.383575 0.755652 0.381643 0.766087 0.389372 0.773478 0.400000 0.777826 0.408696 0.779130 0.422222 0.778696 0.438647 0.773913 0.450242 0.767826 0.448309 0.763478 0.442512 0.758261 0.433816 0.753913 0.406763 0.750000
0 0.464734 0.744783 0.451208 0.747391 0.446377 0.749565 0.442512 0.753478 0.442512 0.756957 0.448309 0.763478 0.453140 0.766087 0.462802 0.767826 0.474396 0.767826 0.485990 0.766087 0.491787 0.763913 0.497585 0.760000 0.498551 0.754348 0.495652 0.750435 0.484058 0.746087 0.477295 0.744783
0 0.497585 0.723913 0.481159 0.732174 0.481159 0.736957 0.485990 0.740870 0.509179 0.750000 0.514976 0.750870 0.535266 0.750870 0.539130 0.750000 0.545894 0.739130 0.544928 0.736087 0.536232 0.730000 0.521739 0.723913 0.511111 0.722609
0 0.454976 0.708000 0.438647 0.713043 0.436715 0.715217 0.437681 0.724348 0.456039 0.733043 0.470531 0.733043 0.482126 0.730870 0.490821 0.726522 0.498551 0.720435 0.499517 0.715652 0.486570 0.708826 0.464831 0.705348
0 0.288889 0.667391 0.264734 0.674348 0.261836 0.678696 0.262802 0.688261 0.273430 0.693478 0.292754 0.694783 0.301449 0.693913 0.320773 0.688696 0.326570 0.686087 0.326570 0.680435 0.322705 0.676522 0.310145 0.670000 0.298551 0.667826
0 0.277295 0.645652 0.256039 0.644783 0.242512 0.647391 0.230918 0.650870 0.224155 0.654348 0.223188 0.662609 0.231884 0.668696 0.240580 0.672609 0.252174 0.674348 0.262802 0.673913 0.275362 0.670870 0.291787 0.664783 0.297585 0.658696 0.294686 0.650870
0 0.343961 0.637391 0.325604 0.636522 0.315942 0.638261 0.305314 0.643913 0.298551 0.650435 0.299517 0.656522 0.304348 0.661304 0.313043 0.664348 0.329469 0.665217 0.347826 0.663043 0.352657 0.661304 0.366184 0.650870 0.364251 0.646522
0 0.411594 0.652609 0.397101 0.647391 0.388406 0.645652 0.374879 0.646957 0.367150 0.650435 0.354589 0.660000 0.354589 0.671304 0.360386 0.673478 0.369082 0.673913 0.396135 0.672174 0.410628 0.666087 0.415459 0.662609 0.416425 0.657826
0 0.367150 0.673913 0.361353 0.675217 0.354589 0.679565 0.354589 0.688696 0.358454 0.692609 0.370048 0.698696 0.387440 0.699130 0.396135 0.697826 0.411594 0.686087 0.413527 0.682609 0.411594 0.679130 0.395169 0.673043
0 0.412560 0.686087 0.405797 0.689130 0.400000 0.694783 0.399034 0.702609 0.407729 0.708696 0.417391 0.712609 0.438647 0.712609 0.452174 0.708696 0.458937 0.703043 0.459903 0.699565 0.456039 0.693478 0.442512 0.686957 0.434783 0.686087
0 0.587440 0.759565 0.583575 0.763043 0.583575 0.767826 0.590338 0.775652 0.600000 0.780435 0.626087 0.781739 0.633816 0.780000 0.639614 0.776522 0.649275 0.766957 0.649275 0.763043 0.643478 0.760435 0.622222 0.755652 0.600966 0.756087
0 0.616425 0.740870 0.605797 0.736957 0.596135 0.735652 0.569082 0.736522 0.549758 0.740435 0.543961 0.743043 0.542995 0.749565 0.554589 0.760000 0.557488 0.761304 0.571014 0.762609 0.600966 0.756087 0.610628 0.753043 0.617391 0.747826 0.618357 0.743043
0 0.530435 0.705652 0.519807 0.709130 0.517874 0.711739 0.517874 0.715652 0.523671 0.722609 0.545894 0.734348 0.559420 0.736087 0.571981 0.734783 0.580676 0.725652 0.580676 0.715217 0.574879 0.709130 0.561353 0.703913 0.555556 0.703043 0.548792 0.703043
0 0.623188 0.713478 0.610628 0.713478 0.600000 0.714783 0.589372 0.717391 0.583575 0.720435 0.582609 0.726087 0.584541 0.727826 0.596135 0.733043 0.602899 0.734783 0.622222 0.733913 0.634783 0.728261 0.635749 0.724348 0.630918 0.716957
0 0.574879 0.696957 0.574879 0.708261 0.577778 0.711739 0.585507 0.713478 0.604831 0.713913 0.621256 0.712174 0.634783 0.709565 0.647343 0.705217 0.647343 0.700870 0.635749 0.696087 0.626087 0.694348 0.603865 0.692174 0.586473 0.692174 0.578744 0.693913
0 0.687923 0.710435 0.665700 0.707391 0.654106 0.707391 0.639614 0.709130 0.633816 0.712609 0.631884 0.717391 0.641546 0.728261 0.648309 0.731304 0.656039 0.732609 0.666667 0.731739 0.677295 0.729565 0.698551 0.720435 0.699517 0.716087
0 0.627053 0.737391 0.623188 0.739130 0.620290 0.743043 0.620290 0.749130 0.627053 0.753913 0.648309 0.761304 0.662802 0.761739 0.674396 0.760000 0.687923 0.749565 0.685990 0.744348 0.680193 0.740000 0.668599 0.735652 0.658937 0.733913 0.646377 0.733913
0 0.698551 0.722174 0.688889 0.723913 0.680193 0.728261 0.679227 0.736522 0.686957 0.745217 0.693720 0.749565 0.707246 0.753478 0.717874 0.753043 0.730435 0.745217 0.731401 0.739565 0.728502 0.728261 0.716908 0.723043
0 0.716908 0.703478 0.712077 0.707391 0.712077 0.716957 0.715942 0.721739 0.725604 0.726087 0.736232 0.727391 0.751691 0.725652 0.762319 0.723043 0.769082 0.720000 0.771981 0.717391 0.769082 0.713043 0.754589 0.706957 0.726570 0.701739
0 0.738164 0.727826 0.731401 0.731304 0.733333 0.746522 0.739130 0.750000 0.760386 0.755652 0.770048 0.755217 0.779710 0.747391 0.786473 0.736957 0.783575 0.732174 0.775845 0.728261 0.762319 0.726087
0 0.784541 0.740870 0.781643 0.745652 0.782609 0.752174 0.785507 0.756522 0.793237 0.758696 0.806763 0.759565 0.825121 0.757391 0.836715 0.754783 0.847343 0.748696 0.846377 0.746522 0.838647 0.741739 0.817391 0.736957 0.800000 0.736522 0.788406 0.738696
0 0.779710 0.716087 0.776812 0.719565 0.776812 0.726087 0.785507 0.730870 0.799034 0.734348 0.823188 0.736087 0.832850 0.733043 0.836715 0.727391 0.836715 0.722609 0.830918 0.718261 0.822222 0.716087 0.796135 0.712609 0.786473 0.713478
0 0.873430 0.715652 0.862802 0.715217 0.853140 0.716522 0.841546 0.721739 0.837681 0.725217 0.833816 0.732174 0.834783 0.738696 0.848309 0.746957 0.858937 0.747391 0.876329 0.745217 0.887923 0.740870 0.900483 0.732174 0.902415 0.728261 0.898551 0.723043 0.884058 0.717826
0 0.901449 0.735217 0.891014 0.739957 0.892271 0.746783 0.904348 0.753478 0.917874 0.756957 0.938164 0.757826 0.945894 0.756522 0.962319 0.745652 0.962319 0.740000 0.959420 0.737826 0.942029 0.732174 0.924638 0.731739
0 0.924638 0.704348 0.913043 0.708696 0.909179 0.713478 0.902415 0.716087 0.900483 0.719565 0.903382 0.728696 0.908213 0.731304 0.916908 0.732174 0.943961 0.730870 0.951691 0.726957 0.952657 0.723043 0.946860 0.712609 0.941063 0.707826 0.936232 0.705652
0 1.000000 0.696087 0.995169 0.696087 0.988406 0.694348 0.966184 0.694783 0.951691 0.697391 0.942029 0.701739 0.940097 0.703913 0.942029 0.708696 0.952657 0.718261 0.958454 0.720870 0.971014 0.720870 0.996135 0.713913 1.000000 0.713913
0 0.888889 0.686087 0.874396 0.688261 0.858937 0.693478 0.857005 0.696087 0.857971 0.701739 0.861836 0.706957 0.877295 0.715217 0.889855 0.718261 0.900483 0.718261 0.903382 0.715217 0.909179 0.713478 0.912077 0.710000 0.921739 0.705217 0.921739 0.700000 0.910145 0.690870 0.903382 0.687391
0 0.961353 0.679130 0.951691 0.676957 0.934300 0.677391 0.920773 0.680000 0.908599 0.686261 0.910145 0.690870 0.924638 0.700000 0.934300 0.700870 0.942995 0.700000 0.963285 0.691739 0.966184 0.688261 0.966184 0.681304
0 0.994203 0.667826 0.979710 0.673043 0.973913 0.678261 0.972947 0.684348 0.977778 0.689130 0.986473 0.693043 0.995169 0.695217 1.000000 0.695217 1.000000 0.667826
0 0.965217 0.650435 0.954686 0.655522 0.956522 0.663478 0.959420 0.666957 0.969082 0.669565 0.983575 0.669565 1.000000 0.667826 1.000000 0.649565 0.986473 0.647826 0.974879 0.647826
0 0.940097 0.653478 0.923671 0.653043 0.909179 0.655217 0.894686 0.660870 0.895652 0.669565 0.905314 0.676087 0.915942 0.677826 0.926570 0.678261 0.946860 0.675217 0.956522 0.670000 0.956522 0.666522 0.949758 0.657391 0.944928 0.654348
0 0.851208 0.659565 0.843478 0.661304 0.833816 0.665217 0.828019 0.669565 0.828986 0.674783 0.834783 0.679565 0.842512 0.682609 0.854106 0.685217 0.863768 0.686087 0.874396 0.685217 0.882126 0.683478 0.891787 0.677826 0.893720 0.668696 0.890821 0.663043 0.886957 0.661304 0.866667 0.659130
0 0.830918 0.687391 0.795169 0.692609 0.784541 0.700870 0.788406 0.705217 0.796135 0.710000 0.821256 0.714783 0.832850 0.714783 0.843478 0.713478 0.849275 0.711304 0.855072 0.705652 0.855072 0.699130 0.851208 0.693478 0.845411 0.690870
0 0.749758 0.676087 0.735266 0.678696 0.728502 0.681739 0.723671 0.686087 0.722705 0.691304 0.729469 0.698696 0.738164 0.702609 0.750725 0.705217 0.756522 0.705217 0.774879 0.702174 0.784541 0.697826 0.787440 0.693913 0.788406 0.685652 0.780676 0.680870 0.764251 0.676522
0 0.714010 0.689130 0.702415 0.687391 0.694686 0.687391 0.668599 0.690000 0.657005 0.693478 0.654106 0.696957 0.655072 0.701304 0.663768 0.705652 0.682126 0.709130 0.692754 0.709565 0.707246 0.708261 0.714976 0.705217 0.717874 0.701304 0.716908 0.693043
0 0.527536 0.685217 0.527536 0.689565 0.533333 0.695217 0.542029 0.699130 0.558454 0.702174 0.570048 0.701304 0.584541 0.690435 0.581643 0.686087 0.564251 0.680870 0.542029 0.680000
0 0.517874 0.686957 0.504348 0.686522 0.491787 0.688261 0.482126 0.692174 0.475362 0.696957 0.478261 0.703913 0.497585 0.710435 0.514976 0.710000 0.525604 0.706957 0.530435 0.704348 0.531401 0.696957 0.529469 0.693478 0.524638 0.689565
0 0.508213 0.660435 0.502415 0.661739 0.496618 0.665652 0.496618 0.673913 0.499517 0.679130 0.507246 0.683043 0.515942 0.683913 0.527536 0.683478 0.542995 0.677826 0.548792 0.674348 0.552657 0.669130 0.544928 0.664348 0.532367 0.660870 0.522705 0.660000
0 0.491787 0.673043 0.482126 0.672609 0.461836 0.676957 0.449275 0.681739 0.446377 0.684348 0.447343 0.688261 0.460870 0.694783 0.474396 0.695652 0.488889 0.688696 0.496618 0.681739 0.496618 0.676957
0 0.443478 0.656522 0.433816 0.656522 0.427053 0.657826 0.415459 0.665217 0.414493 0.670000 0.410628 0.673478 0.411594 0.676522 0.418357 0.680870 0.427053 0.682609 0.440580 0.682609 0.448309 0.681304 0.457005 0.676957 0.459903 0.665652 0.453140 0.659565
0 0.472464 0.639565 0.460870 0.641304 0.451208 0.645217 0.448309 0.648696 0.448309 0.652609 0.451208 0.657826 0.460870 0.665217 0.472464 0.668696 0.483092 0.668696 0.492754 0.667391 0.500483 0.662609 0.511111 0.658696 0.512077 0.649565 0.508213 0.645652 0.497585 0.640870 0.488889 0.639565
0 0.573913 0.659565 0.562319 0.664783 0.559420 0.668696 0.561353 0.674348 0.566184 0.679565 0.577778 0.684348 0.582609 0.685217 0.596135 0.684783 0.614493 0.679130 0.621256 0.674783 0.624155 0.670870 0.623188 0.664348 0.619324 0.661739 0.599034 0.658696 0.580676 0.658696
0 0.576812 0.638261 0.571014 0.637391 0.552657 0.637826 0.538164 0.640435 0.529469 0.643913 0.526570 0.646087 0.525604 0.651304 0.528502 0.656522 0.535266 0.660435 0.552657 0.663043 0.566184 0.660435 0.576812 0.656522 0.581643 0.651739 0.581643 0.641304
0 0.612560 0.633043 0.602899 0.634783 0.590338 0.638696 0.582609 0.644783 0.582609 0.650870 0.589372 0.656087 0.594203 0.657826 0.614493 0.660870 0.624155 0.661304 0.635749 0.657391 0.638647 0.641739 0.634783 0.638696 0.625121 0.634783
0 0.646377 0.662609 0.634783 0.665652 0.628019 0.670435 0.624155 0.677391 0.625121 0.685652 0.636715 0.690435 0.657971 0.691739 0.665700 0.690435 0.675362 0.686957 0.680193 0.682609 0.680193 0.678261 0.669565 0.666087 0.658937 0.662609
0 0.686957 0.631304 0.672464 0.630000 0.660870 0.632609 0.642512 0.641739 0.638647 0.645217 0.636715 0.650435 0.639614 0.657826 0.648309 0.659565 0.667633 0.659565 0.701449 0.651304 0.708213 0.646522 0.707246 0.642174
0 0.688889 0.654348 0.680193 0.657391 0.676329 0.664348 0.678261 0.674348 0.685990 0.681739 0.690821 0.683913 0.708213 0.687826 0.715942 0.687391 0.734300 0.676957 0.734300 0.669565 0.729469 0.658261 0.717874 0.653478 0.699517 0.653043
0 0.730435 0.657391 0.733333 0.667391 0.737198 0.671304 0.745894 0.673913 0.764251 0.674783 0.775845 0.672174 0.796135 0.670000 0.800000 0.668261 0.802899 0.663043 0.802899 0.657826 0.798068 0.655217 0.786473 0.652174 0.779710 0.651304 0.750725 0.651304 0.737198 0.653478
0 0.822222 0.668261 0.812560 0.667391 0.799034 0.670000 0.786473 0.670870 0.782609 0.672609 0.780676 0.676087 0.781643 0.681739 0.790338 0.686522 0.803865 0.689565 0.814493 0.689565 0.826087 0.687826 0.831884 0.685652 0.835749 0.680870
0 0.821256 0.633913 0.811594 0.637826 0.802899 0.648696 0.801932 0.654348 0.807729 0.661304 0.813527 0.662609 0.830918 0.663478 0.840580 0.662174 0.856039 0.657391 0.857971 0.655652 0.854106 0.642174 0.847343 0.637391 0.830918 0.634348
0 0.906280 0.633043 0.890821 0.630870 0.882126 0.631739 0.869565 0.635217 0.861836 0.640000 0.857971 0.644348 0.858937 0.650435 0.862802 0.655652 0.865700 0.656957 0.872464 0.657826 0.884058 0.657391 0.896618 0.654783 0.902415 0.652174 0.910145 0.646522 0.912077 0.640000 0.910145 0.634783
0 0.935266 0.628696 0.921739 0.632609 0.917874 0.634783 0.913043 0.641304 0.913043 0.646957 0.917874 0.650000 0.924638 0.651739 0.941063 0.653043 0.956522 0.652174 0.963285 0.650435 0.970048 0.646522 0.969082 0.640435 0.965217 0.636957 0.950725 0.630000 0.944928 0.628261
0 1.000000 0.605217 0.980676 0.603478 0.973913 0.603913 0.966184 0.606087 0.956522 0.610870 0.948792 0.617826 0.945894 0.625652 0.949758 0.629130 0.958454 0.632609 0.967150 0.634348 0.980676 0.635217 0.988406 0.634348 0.996135 0.631304 1.000000 0.631304
0 0.938164 0.608696 0.924928 0.606957 0.913043 0.607826 0.906280 0.609565 0.885990 0.619130 0.884058 0.624348 0.894686 0.630870 0.908213 0.633043 0.917874 0.633043 0.928502 0.630870 0.941063 0.625652 0.945894 0.619565 0.946860 0.615217
0 0.866667 0.617826 0.857005 0.614783 0.839614 0.616957 0.810531 0.624522 0.813140 0.631609 0.826087 0.634348 0.847343 0.636522 0.868599 0.634783 0.877295 0.632174 0.878261 0.630000 0.873430 0.623043
0 0.789372 0.620870 0.777778 0.620435 0.766184 0.623478 0.757488 0.627391 0.742995 0.637391 0.743961 0.643478 0.754589 0.648696 0.769082 0.651304 0.788406 0.650870 0.798068 0.648261 0.806763 0.642609 0.811594 0.636087 0.810628 0.630435 0.803865 0.625652
0 0.703382 0.616957 0.688889 0.623043 0.686957 0.626087 0.687923 0.631304 0.708213 0.642609 0.724638 0.643478 0.739130 0.642609 0.743961 0.636087 0.749758 0.631739 0.750725 0.626957 0.746860 0.623043 0.739130 0.618261 0.731401 0.615652 0.715942 0.614783
0 0.629952 0.600870 0.624155 0.602609 0.620290 0.607391 0.613527 0.611739 0.612560 0.619130 0.621256 0.628696 0.628019 0.631739 0.635749 0.633478 0.652174 0.633478 0.679227 0.626522 0.685024 0.622609 0.685024 0.618261 0.677295 0.611739 0.653140 0.603043 0.642512 0.600870
0 0.690821 0.586087 0.677101 0.593304 0.673430 0.604348 0.679227 0.610435 0.686957 0.612174 0.700483 0.612174 0.710145 0.609130 0.715942 0.604348 0.717874 0.594348 0.715942 0.591739 0.700483 0.586957
0 0.721739 0.597826 0.720773 0.603043 0.726570 0.612609 0.751691 0.623913 0.762319 0.623913 0.776812 0.620000 0.784541 0.616522 0.787440 0.610435 0.783575 0.606522 0.761353 0.597826 0.740097 0.596087 0.728502 0.596087
0 0.754589 0.569130 0.747826 0.571304 0.742995 0.575217 0.742995 0.586522 0.748792 0.593913 0.753623 0.596522 0.761353 0.597826 0.771014 0.601739 0.779710 0.602609 0.797101 0.596087 0.802899 0.592174 0.802899 0.579565 0.800966 0.576087 0.793237 0.570870 0.787440 0.568696 0.770048 0.567826
0 0.803865 0.596957 0.793237 0.601304 0.788406 0.605652 0.787440 0.610000 0.789372 0.615217 0.792271 0.617391 0.801932 0.620000 0.812560 0.621739 0.821256 0.621304 0.833816 0.618261 0.838647 0.615652 0.841546 0.607826 0.839614 0.603478 0.835749 0.601304 0.822222 0.600435 0.813527 0.597826
0 0.827053 0.571304 0.820290 0.572609 0.810628 0.576522 0.804831 0.582609 0.804831 0.590000 0.812560 0.598261 0.816425 0.600000 0.839614 0.601304 0.848309 0.599565 0.863768 0.593043 0.868599 0.588261 0.862802 0.577826 0.855072 0.573913 0.845411 0.571739
0 0.872464 0.592174 0.864734 0.593043 0.848309 0.599130 0.843478 0.604348 0.845411 0.608261 0.855072 0.613913 0.872464 0.619130 0.879227 0.619130 0.888889 0.617391 0.897585 0.611739 0.902415 0.606087 0.902415 0.602174 0.900483 0.599130 0.887923 0.593478
0 0.882126 0.566957 0.867633 0.576522 0.866667 0.580435 0.869565 0.586087 0.891787 0.594348 0.901449 0.596522 0.910145 0.596957 0.930435 0.587826 0.933333 0.583913 0.932367 0.576522 0.916908 0.569565 0.892754 0.566957
0 0.924638 0.590435 0.914010 0.595217 0.911014 0.601087 0.918164 0.606348 0.937198 0.608261 0.942995 0.610870 0.954589 0.610870 0.960386 0.607826 0.962319 0.604348 0.956522 0.597391 0.943961 0.590435 0.934300 0.588696
0 0.947826 0.568696 0.933333 0.576087 0.937198 0.586957 0.952657 0.594783 0.959420 0.596522 0.969082 0.597391 0.988406 0.596522 0.994203 0.593043 0.996618 0.591000 0.997681 0.588478 0.997971 0.583043 0.995169 0.579130 0.994203 0.576087 0.982609 0.570000 0.971981 0.567391 0.958454 0.566522
0 0.902415 0.542174 0.890821 0.542609 0.881159 0.544783 0.873430 0.549565 0.870531 0.555652 0.871498 0.559565 0.883092 0.565217 0.890821 0.566087 0.906280 0.565217 0.917874 0.562174 0.921739 0.559565 0.921739 0.550870 0.915942 0.546957
0 0.554589 0.616087 0.536232 0.612174 0.524638 0.611739 0.514010 0.613043 0.488889 0.619130 0.484058 0.622609 0.483092 0.626957 0.489855 0.633043 0.502415 0.639130 0.506280 0.640000 0.524638 0.639565 0.545894 0.633478 0.555556 0.627391 0.558454 0.623913 0.558454 0.618696
0 0.419324 0.622609 0.409662 0.622609 0.400000 0.624348 0.388406 0.630000 0.383575 0.634348 0.383575 0.639565 0.389372 0.645217 0.400000 0.648696 0.412560 0.650870 0.423188 0.650000 0.436715 0.646957 0.445411 0.643478 0.448309 0.634783 0.445411 0.630870 0.429952 0.624783
0 0.447343 0.605652 0.433816 0.611304 0.428986 0.614783 0.427053 0.618696 0.428019 0.623478 0.434783 0.626957 0.450242 0.631739 0.460870 0.632174 0.469565 0.631304 0.483092 0.626087 0.487923 0.620000 0.486957 0.615217 0.466667 0.606957 0.458937 0.605217
0 0.439614 0.577826 0.431884 0.578261 0.421256 0.581739 0.406763 0.582609 0.395169 0.587826 0.396135 0.592174 0.403865 0.598261 0.408696 0.600435 0.429952 0.604348 0.444444 0.604348 0.454106 0.603043 0.460870 0.600435 0.463768 0.596957 0.464734 0.586522 0.461836 0.583043
0 0.366184 0.586957 0.348792 0.591739 0.343961 0.594783 0.342995 0.600870 0.344928 0.606522 0.351691 0.610435 0.369082 0.615652 0.379710 0.615217 0.387440 0.613913 0.400966 0.608696 0.404831 0.602609 0.400000 0.596957 0.389372 0.590000 0.379710 0.587391
0 0.341063 0.609130 0.335266 0.610435 0.324638 0.616522 0.320773 0.622174 0.320773 0.627391 0.331401 0.636087 0.343961 0.637391 0.361353 0.633913 0.369082 0.630870 0.374879 0.626957 0.375845 0.622174 0.371981 0.617826 0.363285 0.613913 0.345894 0.609130
0 0.861836 0.747391 0.848696 0.748391 0.834783 0.756522 0.831884 0.763913 0.836715 0.769565 0.842512 0.771739 0.857971 0.775217 0.868599 0.775217 0.877295 0.774348 0.887923 0.771739 0.896618 0.766957 0.897585 0.762174 0.894686 0.757826 0.879227 0.749565 0.867633 0.747391
0 0.290821 0.596087 0.278261 0.602174 0.278261 0.608261 0.282126 0.611739 0.290821 0.616087 0.302415 0.619130 0.311111 0.619565 0.322705 0.617391 0.331401 0.612174 0.335266 0.607826 0.334300 0.603043 0.323671 0.597391 0.315942 0.595652 0.298551 0.595217
0 0.229952 0.597391 0.221256 0.600435 0.219324 0.602609 0.220290 0.607826 0.224155 0.612174 0.246377 0.623913 0.257005 0.624348 0.264734 0.621739 0.270531 0.617391 0.276329 0.610870 0.277295 0.603043 0.268599 0.598261 0.262802 0.596957 0.236715 0.596522
0 0.228019 0.615217 0.216425 0.611739 0.205797 0.611304 0.174879 0.616087 0.171981 0.620000 0.175845 0.627391 0.187440 0.632609 0.196135 0.633043 0.213527 0.630000 0.225121 0.626522 0.231884 0.622609 0.232850 0.618696
0 0.119807 0.611304 0.117874 0.615652 0.134300 0.630000 0.151691 0.630870 0.162319 0.629565 0.171981 0.626957 0.171981 0.620435 0.159420 0.610870 0.152657 0.607826 0.147826 0.606957 0.133333 0.606957
0 0.108213 0.613043 0.101449 0.612174 0.090821 0.612609 0.074396 0.616087 0.069565 0.619130 0.067633 0.627391 0.079227 0.638261 0.082126 0.643913 0.100483 0.641739 0.126570 0.641304 0.132367 0.636522 0.133333 0.630000 0.126570 0.621739 0.120773 0.617391
0 0.172947 0.583043 0.166184 0.583913 0.156522 0.589565 0.150725 0.598261 0.150725 0.606087 0.154589 0.609130 0.169082 0.615217 0.179710 0.615217 0.195169 0.613043 0.205797 0.609565 0.213527 0.603478 0.216425 0.595652 0.212560 0.591304 0.199034 0.585652 0.188406 0.583478
0 0.133333 0.556522 0.116908 0.560870 0.105314 0.568696 0.099517 0.577826 0.104348 0.584348 0.113043 0.587826 0.141063 0.589565 0.150725 0.588261 0.157488 0.585652 0.158454 0.579565 0.154589 0.574783 0.153623 0.566957 0.143961 0.559565
0 0.169082 0.555652 0.155556 0.566957 0.155556 0.573478 0.160386 0.581304 0.167150 0.583043 0.180676 0.583043 0.194203 0.584348 0.206763 0.583478 0.215459 0.577826 0.215459 0.571739 0.207729 0.562609 0.190338 0.555217 0.175845 0.554783
0 0.085024 0.528696 0.077295 0.531739 0.071498 0.537391 0.070531 0.544348 0.075362 0.550435 0.079227 0.552609 0.094686 0.554783 0.112077 0.554783 0.123671 0.552609 0.127536 0.550000 0.131401 0.542609 0.128502 0.536957 0.114976 0.530870 0.103382 0.528261 0.090821 0.527391
0 0.125604 0.495652 0.104251 0.501435 0.100097 0.510043 0.102415 0.517826 0.106280 0.522609 0.115942 0.526522 0.126570 0.528261 0.142995 0.528261 0.162319 0.522609 0.165217 0.518696 0.165217 0.513043 0.157488 0.505652 0.143961 0.499130 0.135266 0.496522
0 0.154589 0.476087 0.147826 0.477826 0.142029 0.481304 0.140097 0.484783 0.142029 0.491304 0.151691 0.502174 0.166184 0.507391 0.178744 0.509565 0.190338 0.504783 0.199034 0.498696 0.199034 0.493478 0.201932 0.488696 0.200966 0.482609 0.192271 0.477391 0.183575 0.475652 0.164251 0.475217
0 0.178744 0.522609 0.168116 0.523043 0.151691 0.526087 0.139130 0.530870 0.133333 0.536957 0.135266 0.541739 0.139130 0.544348 0.150725 0.548261 0.169082 0.551304 0.188406 0.550000 0.198068 0.537391 0.197101 0.532609 0.190338 0.525217
0 0.201932 0.536957 0.195169 0.541739 0.191304 0.547826 0.192271 0.553913 0.196135 0.557391 0.201932 0.560000 0.210628 0.561739 0.231884 0.562174 0.249275 0.559565 0.254106 0.556957 0.256039 0.551304 0.241546 0.540435 0.230918 0.535652 0.223188 0.534348 0.212560 0.534348
0 0.245411 0.561739 0.229952 0.568261 0.225121 0.572174 0.220290 0.581304 0.221256 0.589130 0.224155 0.592609 0.228986 0.594783 0.238647 0.596087 0.265700 0.596087 0.275362 0.593913 0.281159 0.589565 0.282126 0.583478 0.279227 0.578261 0.260870 0.566522 0.249275 0.561739
0 0.278261 0.554348 0.264734 0.560000 0.261836 0.563913 0.264734 0.569565 0.274396 0.572609 0.283092 0.576957 0.287923 0.577826 0.302415 0.578261 0.318841 0.574783 0.324638 0.568696 0.324638 0.562174 0.321739 0.556087 0.317874 0.554783 0.297585 0.553043
0 0.256039 0.530870 0.247343 0.536522 0.246377 0.538696 0.247343 0.543043 0.252174 0.545652 0.256039 0.550435 0.273430 0.555652 0.290821 0.553043 0.294686 0.550000 0.291787 0.541304 0.285990 0.535652 0.274396 0.530000
0 0.272464 0.503913 0.264734 0.505652 0.243478 0.521304 0.244444 0.526522 0.248309 0.529130 0.253140 0.530000 0.273430 0.529565 0.284058 0.532174 0.291787 0.530435 0.293720 0.527391 0.302415 0.522609 0.302415 0.520435 0.295652 0.514348 0.280193 0.506087
0 0.200966 0.509565 0.192271 0.513043 0.191304 0.518696 0.195169 0.525217 0.201932 0.530870 0.210628 0.533913 0.221256 0.533913 0.230918 0.532609 0.234783 0.530000 0.236715 0.525652 0.235749 0.520435 0.230918 0.515217 0.220290 0.509565 0.214493 0.508696
0 0.205797 0.480870 0.202899 0.482174 0.200000 0.495652 0.205797 0.501739 0.218357 0.507391 0.231884 0.510435 0.250242 0.510870 0.257005 0.509565 0.269565 0.502174 0.270531 0.493043 0.268599 0.490870 0.243478 0.480870 0.232850 0.479565 0.213527 0.479565
0 0.343961 0.559565 0.331401 0.560435 0.326570 0.564783 0.327536 0.581304 0.329469 0.585652 0.333333 0.587391 0.345894 0.587391 0.362319 0.584783 0.371981 0.580435 0.375845 0.575652 0.375845 0.570870 0.371981 0.566522 0.363285 0.563043
0 0.298551 0.525652 0.293720 0.527826 0.289855 0.532609 0.289855 0.538261 0.292754 0.543913 0.299517 0.549130 0.314976 0.551739 0.339130 0.551304 0.345894 0.549565 0.351691 0.545217 0.351691 0.543478 0.361353 0.541304 0.361353 0.539130 0.355556 0.535652 0.354589 0.533043 0.342029 0.526957 0.321739 0.524348 0.306280 0.524348
0 0.282126 0.488261 0.275362 0.491739 0.271498 0.498261 0.273430 0.501739 0.292754 0.510000 0.306280 0.510870 0.325604 0.510000 0.329469 0.508261 0.331401 0.504783 0.327536 0.497826 0.317874 0.491304 0.301449 0.485652 0.289855 0.486087
0 0.300483 0.466957 0.285024 0.466522 0.270531 0.468261 0.257005 0.471304 0.249275 0.474783 0.248309 0.480435 0.250242 0.483043 0.271498 0.491739 0.274396 0.492174 0.285024 0.486957 0.290821 0.485652 0.304348 0.484783 0.308213 0.480870 0.313043 0.478696 0.311111 0.473913
0 0.310145 0.480870 0.304348 0.486522 0.322705 0.494348 0.328502 0.499130 0.333333 0.506522 0.352657 0.506087 0.356522 0.502174 0.355556 0.494348 0.362319 0.486522 0.358454 0.483043 0.346860 0.477826 0.337198 0.476957 0.324638 0.477826
0 0.406763 0.471739 0.388406 0.469565 0.360386 0.471739 0.354589 0.474348 0.349758 0.478696 0.360386 0.484783 0.370048 0.485217 0.377778 0.483478 0.397101 0.483478 0.406763 0.480870 0.408696 0.477391
0 0.371014 0.484348 0.358454 0.490435 0.356522 0.493913 0.358454 0.501739 0.374879 0.508696 0.394203 0.510870 0.404831 0.510870 0.410628 0.505652 0.413527 0.499130 0.412560 0.494348 0.407729 0.488261 0.400966 0.485217 0.391304 0.483913 0.376812 0.483478
0 0.345894 0.513478 0.342029 0.516522 0.342029 0.524348 0.354589 0.532174 0.364251 0.536087 0.372947 0.537826 0.396135 0.537826 0.405797 0.530000 0.405797 0.524783 0.398068 0.516957 0.397101 0.513478 0.382609 0.509565 0.371014 0.508261 0.360386 0.509565
0 0.402899 0.541304 0.397101 0.538696 0.388406 0.537826 0.376812 0.538261 0.370048 0.539565 0.347826 0.547391 0.342995 0.556087 0.344928 0.558696 0.365217 0.563478 0.378744 0.564348 0.389372 0.562609 0.400966 0.558696 0.410628 0.556957 0.412560 0.552609
0 0.410628 0.556957 0.400000 0.558696 0.391304 0.562174 0.388406 0.564348 0.387440 0.568696 0.394203 0.576522 0.404831 0.581739 0.414493 0.582609 0.422222 0.581739 0.433816 0.575217 0.434783 0.563913 0.423188 0.558261
0 0.455072 0.532609 0.441546 0.531304 0.431884 0.531739 0.421256 0.533913 0.411594 0.537391 0.406763 0.540870 0.406763 0.545217 0.412560 0.553478 0.417391 0.556087 0.427053 0.557391 0.443478 0.556957 0.445411 0.549130 0.458937 0.541739 0.463768 0.541304 0.462802 0.536522
0 0.419324 0.470435 0.410628 0.473478 0.409662 0.476087 0.411594 0.486087 0.416425 0.495652 0.421256 0.498696 0.426087 0.499565 0.448309 0.499565 0.454106 0.497826 0.457971 0.493913 0.445411 0.475217 0.433816 0.470435
0 0.413527 0.504783 0.402899 0.513043 0.402899 0.517826 0.407729 0.520435 0.409662 0.525652 0.429952 0.531304 0.457005 0.530870 0.460870 0.526522 0.459903 0.521739 0.453140 0.516087 0.445411 0.512174 0.443478 0.508696 0.433816 0.504783 0.421256 0.502609
0 0.471498 0.470435 0.464734 0.472174 0.454106 0.478261 0.455072 0.486957 0.462802 0.494783 0.473430 0.496957 0.491787 0.498261 0.504348 0.496522 0.526087 0.489652 0.532657 0.483609 0.527150 0.478304 0.519807 0.472174 0.503382 0.469565 0.480193 0.469565
0 0.452174 0.499130 0.449275 0.502174 0.448309 0.509565 0.457005 0.516522 0.473430 0.518696 0.483092 0.518261 0.497585 0.516087 0.504348 0.513043 0.506280 0.510870 0.505314 0.505217 0.497585 0.500435 0.465700 0.496522 0.457005 0.497391
0 0.504348 0.516522 0.490821 0.516957 0.479227 0.519130 0.472464 0.523043 0.469565 0.527391 0.471498 0.539130 0.480193 0.541304 0.490821 0.547391 0.499517 0.548261 0.522705 0.543913 0.532367 0.538261 0.536232 0.533913 0.531401 0.524783 0.525604 0.520435 0.518841 0.518261
0 0.463768 0.540870 0.456039 0.542174 0.445411 0.548261 0.443478 0.554348 0.448309 0.559565 0.459903 0.563913 0.471498 0.566522 0.483092 0.566087 0.498551 0.563043 0.501449 0.560870 0.501449 0.558261 0.495652 0.550435 0.481159 0.541739 0.474396 0.540435
0 0.959420 0.541304 0.950725 0.540870 0.941063 0.542174 0.924638 0.549565 0.921739 0.560870 0.924638 0.563913 0.934300 0.567391 0.942995 0.568696 0.954589 0.567391 0.964251 0.564783 0.969082 0.560435 0.971981 0.554348 0.971981 0.547391 0.969082 0.544783
0 0.958454 0.520000 0.950725 0.524348 0.950725 0.533478 0.953623 0.538696 0.976812 0.544783 1.000000 0.543913 1.000000 0.518261 0.974879 0.517391
0 0.915942 0.514348 0.907246 0.516522 0.896618 0.521739 0.891787 0.528261 0.891787 0.533043 0.894686 0.538696 0.899517 0.541304 0.927536 0.546087 0.934300 0.544783 0.950725 0.537391 0.948792 0.523913 0.945894 0.520000 0.938164 0.516087 0.928502 0.514348
0 0.861836 0.520000 0.848309 0.522609 0.836715 0.526522 0.833816 0.533478 0.834783 0.536957 0.844444 0.544348 0.859903 0.550435 0.867633 0.551304 0.880193 0.545217 0.889855 0.542609 0.890821 0.536957 0.886957 0.528696 0.882126 0.523913 0.873430 0.520870
0 0.994203 0.548261 0.981643 0.550000 0.975845 0.552609 0.972850 0.556870 0.975652 0.564217 0.980676 0.568696 0.995169 0.577391 1.000000 0.577391 1.000000 0.548261
0 1.000000 0.496522 0.986473 0.494348 0.977778 0.494783 0.958454 0.498261 0.952657 0.507391 0.952657 0.514348 0.957488 0.519130 0.962319 0.519565 0.976812 0.517391 1.000000 0.518696
0 0.908213 0.491739 0.903382 0.493913 0.903382 0.498261 0.911111 0.508696 0.916908 0.511739 0.924638 0.513478 0.936232 0.514348 0.942029 0.513043 0.952657 0.506957 0.954589 0.497826 0.947826 0.495217 0.920773 0.491739
0 0.864734 0.490870 0.858937 0.493478 0.852174 0.501304 0.852174 0.506087 0.858937 0.515652 0.869565 0.520000 0.883092 0.521304 0.911111 0.513913 0.913043 0.509565 0.910145 0.507826 0.902415 0.496087 0.898551 0.493913 0.887923 0.491304
0 0.810628 0.545652 0.803865 0.548696 0.802899 0.553043 0.806763 0.559565 0.814493 0.565652 0.827053 0.570435 0.849275 0.570870 0.861836 0.564348 0.865700 0.560870 0.865700 0.556087 0.860870 0.551739 0.847343 0.546087 0.830918 0.543043 0.821256 0.543043
0 0.787440 0.544348 0.770531 0.542130 0.750725 0.546522 0.742029 0.549130 0.734203 0.551913 0.729372 0.555174 0.729469 0.558478 0.731304 0.563130 0.739130 0.564783 0.743865 0.566783 0.751691 0.569130 0.766184 0.568261 0.774203 0.567174 0.781836 0.567435 0.786473 0.567391 0.796135 0.566087 0.798068 0.565217 0.799034 0.551739
0 0.806763 0.519565 0.793237 0.520000 0.782609 0.521739 0.774879 0.524783 0.770048 0.529130 0.773913 0.539565 0.776812 0.541304 0.788406 0.543913 0.795169 0.547391 0.804831 0.547391 0.824155 0.542174 0.831884 0.536087 0.831884 0.529130 0.828019 0.525652 0.818357 0.521739
0 0.749758 0.522609 0.735266 0.522609 0.725604 0.523913 0.715942 0.527826 0.710145 0.532609 0.709179 0.538261 0.714010 0.544348 0.721739 0.547826 0.733333 0.550000 0.771981 0.541304 0.771981 0.536522 0.767150 0.528696 0.758454 0.524783
0 0.701449 0.546522 0.690821 0.547826 0.679227 0.553043 0.673430 0.561304 0.673430 0.569130 0.678261 0.576522 0.682126 0.579130 0.690821 0.581304 0.716908 0.579565 0.727536 0.576957 0.732367 0.572609 0.731401 0.564348 0.725604 0.554783 0.718841 0.551304
0 0.676329 0.526957 0.657005 0.527826 0.646377 0.530435 0.638647 0.533913 0.636715 0.536522 0.639614 0.544783 0.662802 0.552174 0.683092 0.550000 0.695652 0.546522 0.700483 0.542609 0.699517 0.536957 0.695652 0.533478 0.684058 0.528261
0 0.653140 0.548696 0.637681 0.544783 0.622222 0.544783 0.607729 0.550000 0.597101 0.559130 0.598068 0.570870 0.595169 0.575217 0.597101 0.578261 0.606763 0.578696 0.617391 0.576522 0.634783 0.575217 0.650242 0.570435 0.659903 0.562174 0.661836 0.558261 0.660870 0.552174
0 0.655072 0.570435 0.644444 0.573043 0.631884 0.578261 0.624155 0.585217 0.624155 0.590870 0.629952 0.594783 0.639614 0.596957 0.652174 0.597826 0.670531 0.597391 0.674396 0.596522 0.686957 0.587826 0.687923 0.583043 0.669565 0.571304 0.666667 0.570435
0 0.566184 0.570000 0.557488 0.573478 0.548792 0.580435 0.547826 0.585217 0.551691 0.590000 0.568116 0.596087 0.575845 0.596957 0.605797 0.596087 0.609662 0.593478 0.609662 0.583913 0.606763 0.580000 0.599034 0.579130 0.595169 0.577391 0.594203 0.572174 0.590338 0.570435 0.579710 0.568696
0 0.524638 0.554348 0.504348 0.562609 0.499517 0.569130 0.501449 0.577391 0.506280 0.580870 0.521739 0.584783 0.543961 0.584348 0.551691 0.577391 0.553623 0.571739 0.546860 0.564783 0.528502 0.554783
0 0.604831 0.548696 0.595169 0.544783 0.584541 0.542174 0.552657 0.543043 0.538164 0.546957 0.536232 0.548696 0.536232 0.556957 0.542995 0.563043 0.551691 0.566522 0.566184 0.566957 0.579710 0.565652 0.597101 0.558261 0.603865 0.553043
0 0.527536 0.546087 0.514010 0.545652 0.498551 0.548696 0.501449 0.560870 0.504348 0.562174 0.512850 0.558609 0.526280 0.553957 0.533527 0.555435 0.534300 0.548696
0 0.539130 0.521739 0.536232 0.524348 0.538164 0.536957 0.549758 0.542174 0.582609 0.541739 0.587440 0.540870 0.602899 0.533478 0.600966 0.529565 0.593237 0.523913 0.578744 0.519130 0.561353 0.517391 0.545894 0.519130
0 0.531401 0.492609 0.513043 0.494783 0.507246 0.497826 0.505314 0.502609 0.510145 0.511739 0.515942 0.516522 0.525604 0.520435 0.535266 0.522609 0.559420 0.515217 0.563285 0.504783 0.558454 0.497826 0.542995 0.493478
0 0.535266 0.473913 0.532367 0.476957 0.532367 0.482174 0.536232 0.489130 0.542029 0.492609 0.563285 0.496957 0.570048 0.496522 0.586473 0.492174 0.600966 0.490435 0.605797 0.482174 0.596135 0.476522 0.595169 0.473913 0.590338 0.470435 0.579710 0.469130 0.558454 0.469130 0.545894 0.470435
0 0.593237 0.491739 0.580676 0.493478 0.567150 0.498261 0.565217 0.509130 0.568116 0.513913 0.573913 0.517826 0.587440 0.521304 0.598068 0.522174 0.609662 0.520870 0.624155 0.516522 0.631884 0.510870 0.632850 0.505652 0.613527 0.495217 0.601932 0.492174
0 0.597101 0.474348 0.600966 0.478261 0.612560 0.484348 0.622222 0.484348 0.630918 0.482174 0.657005 0.479130 0.658068 0.471478 0.655169 0.466478 0.639710 0.463565 0.620580 0.465522 0.602899 0.470870
0 0.671498 0.483913 0.659903 0.481304 0.646377 0.480000 0.617391 0.484783 0.615459 0.487391 0.615459 0.494348 0.623188 0.501304 0.635749 0.504348 0.649275 0.504348 0.670531 0.499565 0.677295 0.493913 0.677295 0.488696
0 0.681159 0.466522 0.668599 0.470000 0.664734 0.474348 0.663768 0.479130 0.674396 0.485217 0.681159 0.497391 0.688889 0.500870 0.700483 0.502609 0.715942 0.496087 0.719807 0.490435 0.715942 0.474348 0.708213 0.469130 0.693720 0.466522
0 0.673430 0.499565 0.650242 0.504348 0.644444 0.506957 0.638647 0.513478 0.639614 0.517826 0.656039 0.524783 0.664734 0.526087 0.683092 0.526522 0.691787 0.524348 0.698551 0.519565 0.696618 0.507826 0.694686 0.504348 0.683092 0.500000
0 0.708213 0.498696 0.700483 0.503913 0.697585 0.509130 0.699517 0.516522 0.703382 0.520870 0.716908 0.524348 0.751691 0.521739 0.759420 0.517391 0.763285 0.509130 0.755556 0.503043 0.749758 0.500870 0.717874 0.497826
0 0.734300 0.466087 0.724638 0.469565 0.720773 0.473478 0.719807 0.486522 0.721739 0.490435 0.730435 0.496522 0.739130 0.499565 0.749758 0.500000 0.764251 0.495652 0.771014 0.491304 0.782609 0.487391 0.782609 0.483043 0.778744 0.477391 0.768116 0.470435 0.751691 0.466087
0 0.820290 0.497826 0.805797 0.501739 0.800966 0.504348 0.799034 0.507826 0.800000 0.512174 0.811594 0.519565 0.829952 0.524348 0.839614 0.524783 0.849275 0.522174 0.853140 0.518696 0.854106 0.513478 0.851208 0.505652 0.839614 0.499565 0.830918 0.497826
0 0.774879 0.490000 0.768116 0.493913 0.769082 0.510000 0.777778 0.514783 0.788406 0.514783 0.793237 0.513478 0.798068 0.509565 0.794203 0.503478 0.794203 0.493913 0.787440 0.489130
0 0.801932 0.466087 0.791304 0.469565 0.783575 0.474348 0.782609 0.479130 0.786473 0.485652 0.790338 0.488696 0.810628 0.496957 0.830918 0.496957 0.843478 0.491304 0.845411 0.485652 0.838647 0.482174 0.833816 0.476087 0.826087 0.470435 0.813527 0.466087
0 0.829952 0.460870 0.829952 0.463913 0.835749 0.470435 0.835749 0.477391 0.841546 0.482174 0.864734 0.489565 0.872464 0.490870 0.883092 0.490435 0.896618 0.483478 0.901449 0.479130 0.901449 0.473913 0.895652 0.469130 0.885990 0.464348 0.874396 0.461304 0.864734 0.460435 0.844444 0.462174
0 0.919807 0.462609 0.902415 0.466522 0.900483 0.483913 0.902415 0.486522 0.911111 0.490870 0.927536 0.491739 0.934300 0.490000 0.940097 0.486522 0.944928 0.471739 0.942995 0.466522 0.939130 0.463913 0.931401 0.462609
0 0.993237 0.476087 0.971014 0.471739 0.949758 0.473043 0.945894 0.474783 0.937198 0.490000 0.939130 0.492609 0.952657 0.496522 0.959420 0.496957 0.974879 0.495217 0.983575 0.493043 0.990338 0.489130 0.995169 0.483478 0.995169 0.477826
0 0.481739 0.578478 0.489179 0.578435 0.496232 0.580696 0.506280 0.583087 0.514976 0.583478 0.523671 0.586957 0.529469 0.591304 0.534300 0.598696 0.534300 0.604348 0.530435 0.608696 0.525604 0.610435 0.510145 0.613043 0.487923 0.613478 0.473430 0.608696 0.466667 0.600870 0.466667 0.591304 0.471498 0.587826 0.475749 0.582391
0 0.434783 0.564783 0.434783 0.575652 0.442512 0.578696 0.457005 0.581739 0.465700 0.582609 0.475362 0.581304 0.482126 0.578696 0.489855 0.577391 0.495652 0.572609 0.496618 0.567391 0.494686 0.564783 0.482319 0.566478 0.469372 0.566696 0.447343 0.560000