0 0.244444 0.588500 0.228986 0.592500 0.218357 0.599000 0.218357 0.609500 0.222222 0.613000 0.238647 0.620000 0.259903 0.620000 0.268599 0.615500 0.267633 0.611000 0.270531 0.605500 0.268599 0.594500 0.262802 0.591000
0 0.195169 0.015000 0.192271 0.014500 0.182609 0.017000 0.161353 0.017500 0.147826 0.021500 0.142995 0.031500 0.142995 0.037000 0.146860 0.042500 0.151691 0.045000 0.164251 0.047500 0.179710 0.048000 0.193237 0.046000 0.200966 0.042000 0.203865 0.024000
0 0.133333 0.008000 0.134300 0.014500 0.144928 0.019000 0.183575 0.016000 0.195169 0.013500 0.198068 0.011000 0.198068 0.005500 0.194203 0.000000 0.139130 0.000000
0 0.131401 0.014500 0.114976 0.013500 0.096618 0.017000 0.091787 0.019500 0.085990 0.027000 0.085024 0.036000 0.086957 0.039000 0.097585 0.046500 0.101449 0.047500 0.120773 0.046500 0.128502 0.044500 0.138164 0.039500 0.140097 0.037500 0.142995 0.021000
0 0.117874 0.047000 0.108213 0.047500 0.098551 0.049500 0.088889 0.056000 0.085990 0.060500 0.085990 0.065000 0.097585 0.071000 0.119807 0.072500 0.127536 0.071000 0.135266 0.066000 0.127536 0.051500
0 0.139130 0.045500 0.129469 0.049500 0.127536 0.052000 0.128502 0.056500 0.134300 0.064000 0.134300 0.069000 0.146860 0.072500 0.156522 0.072500 0.175845 0.067500 0.185507 0.059500 0.183575 0.052000 0.178744 0.050000 0.163285 0.048500 0.148792 0.045000
0 0.298551 0.583000 0.285990 0.588000 0.283092 0.599000 0.285990 0.605000 0.291787 0.610500 0.299517 0.613000 0.307246 0.613500 0.316908 0.612000 0.336232 0.602500 0.343961 0.591500 0.330435 0.589000 0.316908 0.584500
0 0.370048 0.590000 0.346860 0.592000 0.339130 0.598500 0.338164 0.604500 0.340097 0.610500 0.343961 0.615500 0.351691 0.620500 0.368116 0.620500 0.381643 0.617000 0.400000 0.608000 0.403865 0.604000 0.399034 0.598500 0.389372 0.596500 0.381643 0.593000
0 0.366184 0.715000 0.360386 0.714000 0.341063 0.715000 0.331401 0.718000 0.321739 0.725000 0.321739 0.736500 0.329469 0.746000 0.336232 0.750500 0.344928 0.749000 0.356522 0.750000 0.367150 0.749000 0.378744 0.743500 0.381643 0.740500 0.381643 0.725000 0.374879 0.718500
0 0.416425 0.647000 0.414493 0.652500 0.415459 0.662000 0.419324 0.667000 0.424155 0.669000 0.435749 0.669500 0.444444 0.668500 0.458937 0.665000 0.477295 0.662500 0.483092 0.659000 0.482126 0.654000 0.465700 0.644500 0.439614 0.639500 0.428019 0.640000 0.420290 0.643000
0 0.191304 0.644500 0.179710 0.651000 0.174879 0.657000 0.175845 0.663500 0.186473 0.669500 0.204831 0.670500 0.219324 0.668500 0.232850 0.662500 0.235749 0.659500 0.236715 0.654000 0.232850 0.650000 0.222222 0.644500 0.217391 0.643500 0.197101 0.643500
0 0.382609 0.617500 0.372947 0.618500 0.366184 0.620500 0.351691 0.621000 0.345894 0.624500 0.343961 0.628000 0.345894 0.639000 0.350725 0.643500 0.360386 0.647500 0.367150 0.648500 0.379710 0.648000 0.387440 0.645000 0.392271 0.640500 0.394203 0.636500 0.393237 0.626000
0 0.234783 0.000000 0.220290 0.000000 0.220290 0.001500 0.211594 0.007500 0.204831 0.019000 0.206763 0.027500 0.210628 0.030000 0.221256 0.031500 0.230918 0.030500 0.240580 0.024500 0.252174 0.014000 0.254106 0.010500 0.252174 0.006000 0.235749 0.002000
0 0.283092 0.006500 0.298551 0.020500 0.308213 0.022500 0.314010 0.021500 0.319807 0.016500 0.337198 0.008000 0.342029 0.004000 0.342995 0.000000 0.283092 0.000000
0 0.382609 0.000000 0.382609 0.002500 0.387440 0.007500 0.399034 0.012500 0.412560 0.013500 0.428019 0.009000 0.430918 0.006500 0.431884 0.000000
0 0.443478 0.000000 0.443478 0.002500 0.448309 0.008000 0.457971 0.010000 0.467633 0.010000 0.481159 0.008000 0.500483 0.002000 0.500483 0.000000
0 0.499517 0.000000 0.494686 0.007000 0.500483 0.013500 0.510145 0.018000 0.520773 0.021000 0.527536 0.021500 0.531401 0.020500 0.539130 0.015000 0.543961 0.007000 0.544928 0.000000
0 0.804831 0.586500 0.797101 0.590500 0.793237 0.594500 0.792271 0.601500 0.796135 0.607500 0.814493 0.616500 0.821256 0.617500 0.837681 0.616500 0.845411 0.613000 0.852174 0.603500 0.852174 0.598500 0.846377 0.591500 0.840580 0.587000 0.833816 0.585000 0.817391 0.585000
0 0.846377 0.562500 0.841546 0.566000 0.838647 0.574500 0.839614 0.584500 0.846377 0.590000 0.864734 0.590500 0.875362 0.589000 0.895652 0.588500 0.905314 0.585000 0.906280 0.579000 0.903382 0.573000 0.890821 0.566000 0.867633 0.560000 0.857005 0.560000
0 0.784541 0.552500 0.778744 0.559000 0.778744 0.573500 0.784541 0.581000 0.798068 0.586000 0.807729 0.586000 0.826087 0.582500 0.837681 0.576500 0.839614 0.568000 0.835749 0.563500 0.821256 0.554500 0.814493 0.553000 0.793237 0.551000
0 0.563285 0.012500 0.570048 0.016000 0.581643 0.018000 0.601932 0.017000 0.610628 0.014500 0.627053 0.007000 0.629952 0.000000 0.570048 0.000000 0.570048 0.002500 0.563285 0.009000
0 0.653140 0.000000 0.654106 0.008000 0.664734 0.014500 0.691787 0.019000 0.701449 0.019000 0.708213 0.017000 0.714976 0.013500 0.719807 0.007000 0.719807 0.000000
0 0.803865 0.000000 0.806763 0.007000 0.811594 0.010500 0.818357 0.012000 0.827053 0.011500 0.844444 0.002000 0.844444 0.000000
0 0.853140 0.000000 0.852174 0.002000 0.836715 0.005500 0.829952 0.009500 0.828986 0.014500 0.830918 0.018000 0.836715 0.023500 0.853140 0.030000 0.868599 0.031000 0.878261 0.029500 0.895652 0.022000 0.900483 0.015000 0.901449 0.003500 0.896618 0.001500 0.896618 0.000000
0 0.903382 0.000000 0.904348 0.016000 0.908213 0.021500 0.912077 0.022500 0.921739 0.022500 0.940097 0.018500 0.948792 0.015500 0.956522 0.010500 0.958454 0.006500 0.956522 0.000000
0 0.945894 0.017000 0.941063 0.023000 0.939130 0.032000 0.942029 0.038000 0.951691 0.044000 0.957488 0.046000 0.985507 0.042500 0.995169 0.038000 1.000000 0.037500 1.000000 0.019500 0.967150 0.013000 0.956522 0.013000
0 0.983575 0.043000 0.960386 0.046500 0.953623 0.051500 0.951691 0.056500 0.954589 0.064500 0.959420 0.070500 0.973913 0.077500 0.982609 0.077500 0.996135 0.073000 1.000000 0.073000 1.000000 0.046000
0 0.996135 0.073000 0.985507 0.079500 0.982609 0.083500 0.981643 0.090000 0.982609 0.093000 0.987440 0.097000 0.995169 0.099000 1.000000 0.099000 1.000000 0.073000
0 0.989372 0.123500 0.979710 0.123500 0.969082 0.129500 0.960386 0.138000 0.957488 0.147000 0.959420 0.151000 0.965217 0.153500 0.982609 0.155000 1.000000 0.152500 1.000000 0.126500 0.997101 0.126500
0 0.995169 0.152500 0.981643 0.156500 0.974879 0.164000 0.973913 0.171500 0.977778 0.175500 0.996135 0.180500 1.000000 0.180500 1.000000 0.152500
0 0.955556 0.177000 0.950725 0.179000 0.943961 0.185000 0.942995 0.190000 0.946860 0.198500 0.950725 0.200500 0.971981 0.205500 0.981643 0.206000 0.988406 0.205000 0.995169 0.200000 1.000000 0.199000 1.000000 0.181500 0.974879 0.175000
0 0.996135 0.199000 0.990338 0.205500 0.989372 0.214000 0.992271 0.220500 0.995169 0.222500 1.000000 0.222500 1.000000 0.199000
0 0.984541 0.220000 0.967150 0.229000 0.962319 0.234000 0.960386 0.240000 0.961353 0.246500 0.968116 0.254000 0.974879 0.256500 0.985507 0.258000 1.000000 0.258000 1.000000 0.223500 0.997101 0.223500 0.989372 0.220000
0 0.980676 0.269500 0.971014 0.272000 0.966184 0.275500 0.963285 0.282000 0.964251 0.290500 0.971014 0.304500 0.980676 0.309500 0.989372 0.310000 0.997101 0.306000 1.000000 0.306000 1.000000 0.271000 0.991304 0.269500
0 0.996135 0.305500 0.989372 0.310500 0.988406 0.322000 0.992271 0.328000 0.996135 0.330000 1.000000 0.330000 1.000000 0.305500
0 0.987440 0.322000 0.979710 0.321000 0.956522 0.327000 0.945894 0.332500 0.943961 0.338000 0.965217 0.342500 0.991304 0.339500 0.995169 0.333500
0 1.000000 0.342000 0.988406 0.341500 0.972947 0.343000 0.957488 0.352000 0.956522 0.358500 0.961353 0.368500 0.966184 0.371500 0.971981 0.372500 0.987440 0.372500 1.000000 0.371000
0 0.996135 0.376000 0.988406 0.378500 0.980676 0.383500 0.976812 0.388500 0.976812 0.393500 0.980676 0.399500 0.987440 0.403000 1.000000 0.404500 1.000000 0.376000
0 0.989372 0.409500 0.973913 0.410000 0.966184 0.412000 0.961353 0.415000 0.955556 0.422000 0.954589 0.428500 0.956522 0.432500 0.961353 0.437000 0.974879 0.442000 0.981643 0.442000 0.988406 0.440000 1.000000 0.439000 1.000000 0.413000 0.997101 0.413000
0 0.996135 0.461000 0.990338 0.470000 0.990338 0.482500 1.000000 0.483500 1.000000 0.461000
0 0.971981 0.456500 0.964251 0.456000 0.958454 0.457000 0.952657 0.464000 0.937198 0.472500 0.935266 0.478000 0.936232 0.482500 0.944928 0.488000 0.950725 0.489000 0.972947 0.488500 0.987440 0.483000 0.991304 0.476000 0.990338 0.469500 0.980676 0.460500
0 0.992271 0.483500 0.976812 0.488500 0.972947 0.492000 0.971981 0.499000 0.974879 0.504000 0.980676 0.507500 0.991304 0.511000 1.000000 0.512000 1.000000 0.483500
0 0.996135 0.530000 0.990338 0.536500 0.988406 0.553000 0.994203 0.557500 1.000000 0.557500 1.000000 0.530000
0 0.972947 0.506000 0.959420 0.507500 0.944928 0.514500 0.942995 0.518000 0.947826 0.524500 0.958454 0.530000 0.970048 0.538500 0.974879 0.539000 0.985507 0.537000 0.996135 0.527500 1.000000 0.527000 1.000000 0.513500 0.997101 0.513500 0.981643 0.507500
0 0.983575 0.576000 0.976812 0.578000 0.971981 0.583500 0.971981 0.596000 0.973913 0.600000 0.979710 0.605500 1.000000 0.608000 1.000000 0.576500
0 0.980676 0.606000 0.965217 0.615500 0.963285 0.624500 0.984541 0.636500 0.991304 0.638000 1.000000 0.638000 1.000000 0.607500
0 0.995169 0.668000 0.983575 0.671000 0.971981 0.677000 0.969082 0.686000 0.980676 0.701500 0.995169 0.704500 1.000000 0.704500 1.000000 0.668000
0 0.980676 0.701000 0.977778 0.704000 0.980676 0.712500 0.989372 0.721000 0.996135 0.725000 1.000000 0.725000 1.000000 0.703500
0 0.411594 0.015500 0.409662 0.017500 0.411594 0.028500 0.417391 0.034000 0.428986 0.038000 0.443478 0.038500 0.457005 0.036000 0.465700 0.032000 0.473430 0.024500 0.473430 0.021000 0.469565 0.015000 0.450242 0.010000 0.428019 0.009500
0 0.333333 0.010000 0.330435 0.012500 0.331401 0.022500 0.336232 0.026000 0.350725 0.032000 0.365217 0.035500 0.381643 0.035500 0.396135 0.033000 0.399034 0.030500 0.398068 0.016500 0.392271 0.010000 0.384541 0.004500 0.375845 0.001500 0.375845 0.000000 0.354589 0.000000 0.353623 0.002000 0.343961 0.004500
0 0.313043 0.023000 0.302415 0.025500 0.295652 0.029500 0.291787 0.037000 0.292754 0.044000 0.296618 0.050000 0.322705 0.055000 0.342029 0.050000 0.348792 0.047000 0.353623 0.041500 0.354589 0.036000 0.351691 0.032500 0.338164 0.027000 0.330435 0.025000
0 0.275362 0.007500 0.266667 0.008500 0.252174 0.013500 0.242512 0.023000 0.241546 0.030000 0.258937 0.037000 0.278261 0.038500 0.289855 0.036000 0.298551 0.025000 0.297585 0.021500 0.287923 0.010500 0.284058 0.008500
0 0.207729 0.032000 0.205797 0.033000 0.204831 0.040000 0.196135 0.048500 0.198068 0.053500 0.208696 0.059500 0.217391 0.061500 0.236715 0.062000 0.255072 0.055000 0.261836 0.049000 0.261836 0.044500 0.257971 0.039000 0.247343 0.034000
0 0.219324 0.062000 0.215459 0.062500 0.205797 0.067500 0.201932 0.072000 0.202899 0.078000 0.211594 0.088500 0.223188 0.093000 0.231884 0.093500 0.251208 0.084000 0.257971 0.077000 0.257005 0.067000 0.254106 0.064000
0 0.291787 0.051000 0.277295 0.054000 0.263768 0.060000 0.258937 0.069500 0.264734 0.077500 0.268599 0.079500 0.275362 0.079500 0.280193 0.085000 0.287923 0.087000 0.298551 0.087000 0.310145 0.084500 0.323671 0.077500 0.327536 0.072500 0.325604 0.060500 0.323671 0.057500 0.318841 0.055000 0.304348 0.051500
0 0.375845 0.053500 0.364251 0.054500 0.343961 0.053000 0.335266 0.055000 0.326570 0.060000 0.326570 0.067500 0.331401 0.074500 0.337198 0.077000 0.345894 0.078500 0.369082 0.073000 0.378744 0.069500 0.387440 0.065000 0.387440 0.061000 0.382609 0.056500
0 0.411594 0.038500 0.382609 0.044500 0.375845 0.048500 0.375845 0.052500 0.382609 0.056500 0.389372 0.064000 0.397101 0.068000 0.408696 0.070500 0.419324 0.070500 0.429952 0.066500 0.434783 0.061000 0.436715 0.047500 0.428019 0.039500 0.424155 0.038500
0 0.451208 0.052500 0.442512 0.059000 0.442512 0.063000 0.447343 0.067000 0.453140 0.068500 0.466667 0.075500 0.485024 0.075000 0.493720 0.072500 0.497585 0.068000 0.485024 0.056000 0.478261 0.052000 0.469565 0.050500 0.460870 0.050500
0 0.493720 0.031000 0.487923 0.032500 0.482126 0.037000 0.480193 0.040500 0.481159 0.052000 0.487923 0.058500 0.495652 0.061000 0.507246 0.060500 0.526570 0.056000 0.540097 0.049000 0.542029 0.044000 0.539130 0.039500 0.532367 0.037000 0.505314 0.031000
0 0.556522 0.012000 0.544928 0.016500 0.539130 0.021500 0.536232 0.028500 0.538164 0.033000 0.542029 0.036000 0.554589 0.039500 0.564251 0.041000 0.579710 0.040500 0.584541 0.039000 0.588406 0.035000 0.587440 0.028500 0.579710 0.018000 0.565217 0.012500
0 0.620290 0.011000 0.607729 0.015500 0.600966 0.020000 0.601932 0.032000 0.609662 0.039500 0.617391 0.044000 0.633816 0.045000 0.643478 0.043000 0.658937 0.036500 0.663768 0.030500 0.663768 0.025000 0.660870 0.021000 0.649275 0.015500 0.632850 0.011500
0 0.679227 0.039500 0.669565 0.038000 0.659903 0.038000 0.653140 0.039500 0.644444 0.043500 0.634783 0.058000 0.634783 0.065500 0.643478 0.072500 0.656039 0.074000 0.671498 0.071000 0.688889 0.063000 0.697585 0.057000 0.700483 0.053500 0.699517 0.047000 0.692754 0.043500
0 0.556522 0.045000 0.543961 0.047500 0.530435 0.054000 0.525604 0.059000 0.526570 0.064500 0.531401 0.069000 0.539130 0.072500 0.559420 0.076500 0.571014 0.076500 0.578744 0.073500 0.582609 0.069000 0.585507 0.053500 0.584541 0.048500 0.579710 0.046000 0.571014 0.044500
0 0.600000 0.061000 0.583575 0.067000 0.577778 0.077500 0.582609 0.082500 0.590338 0.085500 0.618357 0.087500 0.628986 0.083000 0.630918 0.080500 0.628019 0.071000 0.623188 0.065000 0.616425 0.061500 0.611594 0.060500
0 0.489855 0.075500 0.487923 0.080500 0.488889 0.089500 0.493720 0.093500 0.503382 0.095500 0.518841 0.095000 0.526570 0.092500 0.544928 0.090000 0.554589 0.086000 0.554589 0.079500 0.546860 0.075500 0.529469 0.070500 0.503382 0.069500 0.497585 0.070500
0 0.418357 0.073000 0.409662 0.082500 0.409662 0.088500 0.412560 0.092000 0.421256 0.094500 0.439614 0.096000 0.454106 0.096000 0.467633 0.094500 0.471498 0.093000 0.472464 0.091500 0.465700 0.076000 0.455072 0.069000 0.444444 0.066500 0.435749 0.067000 0.428019 0.068500
0 0.348792 0.078000 0.342995 0.081000 0.330435 0.091500 0.333333 0.096500 0.350725 0.105500 0.365217 0.107500 0.390338 0.106500 0.398068 0.102000 0.404831 0.094500 0.404831 0.084000 0.400000 0.078500 0.392271 0.075500 0.379710 0.074000 0.367150 0.074000
0 0.435749 0.097000 0.413527 0.093000 0.409662 0.093500 0.402899 0.097000 0.389372 0.110500 0.389372 0.116500 0.393237 0.120000 0.399034 0.121000 0.424155 0.120500 0.435749 0.118500 0.443478 0.115000 0.443478 0.105500 0.440580 0.100500
0 0.333333 0.109500 0.325604 0.114000 0.316908 0.122000 0.316908 0.127000 0.321739 0.132000 0.342029 0.137000 0.356522 0.137000 0.374879 0.135000 0.380676 0.129500 0.382609 0.119000 0.373913 0.112000 0.366184 0.108500 0.352657 0.106000 0.342995 0.106500
0 0.303382 0.092500 0.297585 0.090000 0.277295 0.085500 0.261836 0.084000 0.249275 0.085000 0.235749 0.092000 0.235749 0.105000 0.241546 0.111000 0.253140 0.114000 0.264734 0.114000 0.276329 0.112500 0.292754 0.107000 0.304348 0.100000 0.306280 0.095000
0 0.178744 0.067000 0.160386 0.073000 0.153623 0.078000 0.149758 0.086000 0.149758 0.092500 0.152657 0.096500 0.157488 0.098500 0.177778 0.101500 0.191304 0.101500 0.199034 0.100000 0.204831 0.096500 0.207729 0.088500 0.206763 0.083500 0.199034 0.071500 0.187440 0.067000
0 0.108213 0.074500 0.101449 0.078000 0.098551 0.083000 0.099517 0.088500 0.102415 0.091000 0.115942 0.096500 0.141063 0.097000 0.146860 0.095500 0.150725 0.085500 0.149758 0.077000 0.142995 0.073500 0.133333 0.072000
0 0.142995 0.101500 0.126570 0.098000 0.115942 0.097500 0.103382 0.099500 0.091787 0.105500 0.085990 0.110000 0.085024 0.117000 0.090821 0.127000 0.095652 0.130500 0.106280 0.131500 0.130435 0.128000 0.143961 0.121500 0.148792 0.115500 0.148792 0.109000
0 0.162319 0.100000 0.150725 0.103500 0.149758 0.119500 0.152657 0.123000 0.151691 0.127500 0.160386 0.129500 0.166184 0.129500 0.173913 0.128000 0.178744 0.123000 0.179710 0.106000 0.175845 0.102500
0 0.199034 0.103000 0.188406 0.107000 0.182609 0.115000 0.183575 0.122000 0.189372 0.131500 0.206763 0.137500 0.223188 0.137000 0.240580 0.131000 0.250242 0.126000 0.255072 0.121500 0.255072 0.116000 0.243478 0.112500 0.238647 0.110000 0.236715 0.106000 0.229952 0.103000 0.220290 0.102000
0 0.314010 0.107000 0.308213 0.106000 0.297585 0.106500 0.275362 0.113500 0.260870 0.115500 0.258937 0.123500 0.275362 0.134500 0.282126 0.136500 0.292754 0.137000 0.309179 0.131500 0.319807 0.116500 0.318841 0.110500
0 0.396135 0.121500 0.390338 0.122000 0.384541 0.124500 0.377778 0.133500 0.377778 0.139500 0.382609 0.147000 0.387440 0.149500 0.398068 0.151500 0.420290 0.146500 0.423188 0.142500 0.423188 0.134000 0.419324 0.128500 0.413527 0.125000
0 0.441546 0.116000 0.428986 0.121500 0.426087 0.126000 0.427053 0.132500 0.449275 0.144000 0.466667 0.143500 0.474396 0.141500 0.485024 0.135000 0.483092 0.128500 0.477295 0.124000 0.458937 0.116000
0 0.463768 0.098000 0.458937 0.100500 0.455072 0.106000 0.456039 0.112000 0.458937 0.115000 0.481159 0.124000 0.492754 0.126500 0.498551 0.126500 0.506280 0.122000 0.513043 0.112000 0.504348 0.099000 0.500483 0.097000 0.488889 0.096000 0.473430 0.096500
0 0.569082 0.089500 0.566184 0.088000 0.556522 0.088000 0.525604 0.092500 0.517874 0.096500 0.509179 0.097000 0.506280 0.100500 0.511111 0.108000 0.519807 0.108500 0.531401 0.104500 0.534300 0.104500 0.546860 0.109500 0.557488 0.109500 0.566184 0.106500 0.571014 0.096000
0 0.582609 0.089000 0.574879 0.093000 0.569082 0.099000 0.568116 0.107500 0.571014 0.112000 0.582609 0.118500 0.592271 0.120500 0.609662 0.120000 0.621256 0.118000 0.631884 0.112500 0.635749 0.108000 0.634783 0.101000 0.629952 0.092000 0.618357 0.088500 0.592271 0.087000
0 0.632850 0.076000 0.633816 0.084500 0.631884 0.094500 0.634783 0.101000 0.638647 0.104500 0.648309 0.106500 0.662802 0.105000 0.677295 0.100500 0.684058 0.092500 0.683092 0.087500 0.680193 0.085000 0.663768 0.077000 0.650242 0.075000 0.637681 0.075000
0 0.712077 0.062000 0.706280 0.062000 0.685024 0.066500 0.670531 0.073000 0.671498 0.078500 0.678261 0.083500 0.689855 0.089500 0.707246 0.093000 0.725604 0.090000 0.734300 0.085000 0.738164 0.081000 0.737198 0.076500 0.729469 0.067000
0 0.708213 0.025500 0.701449 0.029000 0.696618 0.036500 0.702415 0.045000 0.704348 0.052000 0.712077 0.057500 0.716908 0.059000 0.733333 0.058500 0.742029 0.056000 0.753623 0.049000 0.753623 0.040000 0.744928 0.035000 0.731401 0.031500 0.718841 0.026000
0 0.755556 0.005000 0.746860 0.007000 0.739130 0.012500 0.738164 0.025000 0.742995 0.031500 0.750725 0.035500 0.763285 0.036500 0.787440 0.031500 0.801932 0.022000 0.802899 0.016500 0.790338 0.009500 0.780676 0.006500 0.769082 0.005000
0 0.800966 0.022500 0.793237 0.028500 0.788406 0.037000 0.790338 0.046500 0.798068 0.051500 0.803865 0.052500 0.829952 0.052000 0.847343 0.049000 0.853140 0.046500 0.856039 0.041500 0.855072 0.039000 0.844444 0.034000 0.838647 0.027500 0.832850 0.024500 0.815459 0.021000
0 0.903382 0.023000 0.892754 0.027000 0.888889 0.031500 0.888889 0.041500 0.903382 0.048000 0.920773 0.051000 0.925604 0.049000 0.940097 0.037500 0.937198 0.027500 0.929469 0.023000
0 0.875362 0.043500 0.867633 0.045500 0.861836 0.049500 0.858937 0.055500 0.858937 0.069000 0.863768 0.075000 0.872464 0.080500 0.878261 0.082500 0.885024 0.082500 0.901449 0.079000 0.909179 0.074500 0.918841 0.064500 0.920773 0.055500 0.915942 0.050500 0.893720 0.044000
0 0.948792 0.070500 0.928502 0.069500 0.915942 0.071000 0.901449 0.079500 0.904348 0.087500 0.920773 0.097000 0.925604 0.098000 0.936232 0.097000 0.943961 0.094500 0.951691 0.089000 0.956522 0.083500 0.956522 0.075000
0 0.950725 0.093500 0.940097 0.098000 0.930435 0.107500 0.929469 0.115500 0.931401 0.119000 0.938164 0.123500 0.950725 0.126500 0.972947 0.124500 0.982609 0.122000 0.988406 0.117500 0.987440 0.109000 0.974879 0.097500 0.962319 0.094000
0 0.919807 0.129500 0.908213 0.133500 0.902415 0.137000 0.900483 0.143000 0.907246 0.152000 0.914976 0.156000 0.928502 0.157000 0.938164 0.155500 0.956522 0.147500 0.958454 0.141500 0.956522 0.138500 0.949758 0.135000 0.936232 0.130500
0 0.941063 0.156500 0.934300 0.156000 0.920773 0.158000 0.912077 0.157500 0.901449 0.162500 0.899517 0.170500 0.906280 0.179500 0.913043 0.183500 0.919807 0.185000 0.936232 0.185000 0.941063 0.184000 0.949758 0.178500 0.955556 0.166500 0.955556 0.162000
0 0.906280 0.183500 0.897585 0.184000 0.890821 0.186500 0.882126 0.192500 0.878261 0.199000 0.878261 0.210000 0.880193 0.213500 0.888889 0.219500 0.896618 0.221000 0.911111 0.220500 0.926570 0.218000 0.933333 0.214000 0.938164 0.206000 0.934300 0.197000 0.928502 0.191500 0.917874 0.186500
0 0.958454 0.202000 0.945894 0.202000 0.940097 0.205000 0.934300 0.214000 0.930435 0.216500 0.930435 0.228500 0.936232 0.231500 0.944928 0.232000 0.961353 0.229500 0.975845 0.225500 0.980676 0.222500 0.980676 0.216000 0.973913 0.208000
0 0.923671 0.227000 0.914010 0.224000 0.903382 0.222500 0.887923 0.222500 0.876329 0.226000 0.871498 0.228500 0.866667 0.236000 0.867633 0.241500 0.874396 0.250000 0.881159 0.253000 0.892754 0.253000 0.914010 0.243500 0.928502 0.239500 0.932367 0.236500 0.932367 0.234000
0 0.927536 0.243500 0.917874 0.247500 0.915942 0.251000 0.915942 0.260000 0.920773 0.270000 0.926570 0.276000 0.949758 0.276000 0.961353 0.272500 0.969082 0.268500 0.972947 0.264500 0.972947 0.259000 0.966184 0.253500 0.958454 0.250000 0.945894 0.246500
0 0.830918 0.244000 0.822222 0.243000 0.800966 0.244000 0.791304 0.246500 0.779710 0.251500 0.779710 0.256500 0.784541 0.261500 0.785507 0.267500 0.800000 0.274000 0.804831 0.275000 0.825121 0.274500 0.840580 0.268000 0.845411 0.263500 0.849275 0.257500 0.847343 0.251500 0.840580 0.247000
0 0.792271 0.222000 0.780676 0.221500 0.764251 0.224000 0.756522 0.226000 0.752657 0.229000 0.752657 0.240500 0.763285 0.246500 0.775845 0.251000 0.783575 0.250500 0.801932 0.242500 0.804831 0.234500 0.803865 0.229000 0.800000 0.225000
0 0.820290 0.212500 0.813527 0.216000 0.813527 0.223000 0.819324 0.228500 0.835749 0.236500 0.844444 0.239000 0.853140 0.238500 0.866667 0.233000 0.872464 0.225500 0.872464 0.220500 0.868599 0.216500 0.858937 0.214000 0.832850 0.211000
0 0.809662 0.173000 0.806763 0.178000 0.812560 0.190000 0.820290 0.196500 0.828986 0.200500 0.848309 0.200000 0.854106 0.198500 0.866667 0.191500 0.871498 0.186000 0.872464 0.181500 0.867633 0.175500 0.859903 0.172000 0.828986 0.170500
0 0.893720 0.147500 0.884058 0.146000 0.873430 0.146000 0.864734 0.148000 0.856039 0.152500 0.853140 0.156000 0.853140 0.163500 0.857005 0.168000 0.862802 0.171000 0.877295 0.171000 0.891787 0.166500 0.903382 0.159500 0.903382 0.154000
0 0.918841 0.112000 0.905314 0.108000 0.887923 0.108000 0.859903 0.114000 0.854106 0.118500 0.853140 0.124500 0.856039 0.130000 0.862802 0.136500 0.873430 0.140500 0.892754 0.139500 0.902415 0.136500 0.913043 0.131000 0.919807 0.123500 0.922705 0.114500
0 0.884058 0.084000 0.866667 0.083500 0.849275 0.088500 0.839614 0.095000 0.838647 0.100500 0.841546 0.104000 0.858937 0.110500 0.868599 0.111000 0.880193 0.109500 0.885024 0.107000 0.892754 0.096500 0.890821 0.086000
0 0.824155 0.056500 0.814493 0.058000 0.809662 0.060500 0.803865 0.068500 0.809662 0.080500 0.819324 0.084000 0.829952 0.084500 0.837681 0.083500 0.854106 0.069000 0.855072 0.064000 0.845411 0.059000 0.830918 0.056500
0 0.739130 0.061500 0.733333 0.067000 0.733333 0.071000 0.740097 0.077500 0.752657 0.081000 0.771981 0.083000 0.782609 0.083000 0.792271 0.080000 0.793237 0.073000 0.787440 0.061000 0.779710 0.056000 0.771981 0.054000 0.759420 0.054000 0.750725 0.056000
0 0.743961 0.084000 0.739130 0.087500 0.739130 0.097000 0.746860 0.108000 0.759420 0.112000 0.771014 0.112500 0.780676 0.110500 0.786473 0.107000 0.793237 0.098000 0.793237 0.090000 0.784541 0.085500 0.773913 0.083000 0.753623 0.082000
0 0.805797 0.081500 0.798068 0.083500 0.795169 0.088000 0.794203 0.096500 0.787440 0.108000 0.793237 0.112000 0.801932 0.114000 0.828019 0.112500 0.835749 0.109500 0.838647 0.105500 0.835749 0.095000 0.829952 0.089500 0.822222 0.085500
0 0.835749 0.112500 0.806763 0.114500 0.800000 0.117000 0.795169 0.121000 0.794203 0.129000 0.797101 0.134000 0.800966 0.137500 0.811594 0.142000 0.831884 0.143000 0.842512 0.138000 0.848309 0.133000 0.851208 0.128500 0.850242 0.119000 0.845411 0.115000
0 0.771981 0.113000 0.757488 0.113000 0.739130 0.115000 0.725604 0.122000 0.723671 0.125000 0.724638 0.135500 0.728502 0.139000 0.740097 0.145000 0.746860 0.147000 0.754589 0.148000 0.769082 0.147000 0.784541 0.135000 0.786473 0.131000 0.785507 0.123500 0.781643 0.118000
0 0.725604 0.092000 0.710145 0.093500 0.693720 0.103500 0.692754 0.107500 0.695652 0.112500 0.702415 0.117500 0.707246 0.119000 0.717874 0.119500 0.728502 0.118000 0.739130 0.114000 0.742029 0.106000 0.741063 0.100000 0.737198 0.095000
0 0.638647 0.110000 0.629952 0.115000 0.627053 0.118000 0.627053 0.122000 0.633816 0.128500 0.641546 0.133000 0.648309 0.135500 0.667633 0.137500 0.678261 0.137500 0.689855 0.133500 0.695652 0.127000 0.695652 0.115000 0.687923 0.108500 0.668599 0.105500
0 0.561353 0.121000 0.558454 0.122500 0.563285 0.134500 0.576812 0.143000 0.592271 0.148500 0.610628 0.149500 0.626087 0.141000 0.629952 0.134500 0.629952 0.127000 0.622222 0.122000 0.618357 0.121000 0.592271 0.121000 0.580676 0.118500
0 0.510145 0.121500 0.503382 0.124000 0.495652 0.134500 0.496618 0.141500 0.505314 0.149500 0.518841 0.153000 0.537198 0.154000 0.542995 0.153000 0.561353 0.145500 0.571014 0.143000 0.569082 0.138500 0.562319 0.134500 0.561353 0.130000 0.554589 0.125500 0.532367 0.121000
0 0.571014 0.152500 0.558454 0.156500 0.554589 0.161000 0.553623 0.167000 0.560386 0.178500 0.571981 0.182500 0.582609 0.182500 0.592271 0.180000 0.600000 0.175000 0.603865 0.170000 0.604831 0.165000 0.602899 0.161000 0.595169 0.155000 0.583575 0.152500
0 0.658937 0.137000 0.646377 0.137000 0.639614 0.140500 0.624155 0.143500 0.613527 0.150000 0.612560 0.157000 0.616425 0.162500 0.625121 0.168000 0.638647 0.172000 0.651208 0.172500 0.657005 0.171500 0.663768 0.168000 0.673430 0.160000 0.675362 0.148000 0.671498 0.139500 0.668599 0.138000
0 0.678261 0.155500 0.676329 0.162500 0.688889 0.176500 0.693720 0.179500 0.705314 0.181500 0.716908 0.181500 0.728502 0.176000 0.736232 0.168000 0.736232 0.161500 0.728502 0.156000 0.710145 0.153000 0.686957 0.154000
0 0.789372 0.147000 0.782609 0.152500 0.782609 0.159500 0.784541 0.162000 0.806763 0.172000 0.821256 0.172000 0.828019 0.170500 0.837681 0.164000 0.838647 0.158000 0.834783 0.154500 0.822222 0.149000 0.807729 0.145000 0.797101 0.145000
0 0.767150 0.165000 0.748792 0.177000 0.747826 0.183500 0.750725 0.188500 0.761353 0.193500 0.790338 0.197500 0.800000 0.196500 0.803865 0.192500 0.804831 0.176000 0.801932 0.170500 0.786473 0.163500 0.776812 0.163500
0 0.759420 0.194000 0.745894 0.199000 0.735266 0.208500 0.735266 0.212500 0.740097 0.221500 0.744928 0.223000 0.764251 0.224000 0.777778 0.222500 0.782609 0.220500 0.789372 0.212500 0.789372 0.205000 0.785507 0.200000 0.779710 0.196500 0.771014 0.194500
0 0.692754 0.180500 0.685024 0.184500 0.682126 0.190500 0.682126 0.194000 0.685990 0.197000 0.690821 0.206000 0.701449 0.212500 0.706280 0.213500 0.715942 0.213000 0.732367 0.209000 0.741063 0.204500 0.745894 0.198500 0.742995 0.191000 0.728502 0.184500
0 0.632850 0.194000 0.624155 0.200500 0.623188 0.209000 0.628019 0.213500 0.639614 0.220000 0.646377 0.222000 0.657005 0.223000 0.675362 0.220000 0.683092 0.217000 0.688889 0.204000 0.685990 0.197500 0.681159 0.194500 0.672464 0.192000 0.660870 0.190500 0.645411 0.190500
0 0.720773 0.215000 0.707246 0.214000 0.693720 0.215500 0.680193 0.218500 0.674396 0.221500 0.675362 0.234000 0.678261 0.237500 0.684058 0.240500 0.691787 0.242000 0.703382 0.242000 0.718841 0.237000 0.728502 0.226000 0.728502 0.220500
0 0.720773 0.237500 0.709179 0.240500 0.703382 0.245000 0.701449 0.258000 0.705314 0.263500 0.711111 0.267500 0.720773 0.270500 0.731401 0.270500 0.755556 0.263000 0.762319 0.256500 0.764251 0.249000 0.760386 0.244500 0.749758 0.240000 0.740097 0.238000
0 0.632850 0.225000 0.621256 0.228000 0.611594 0.233500 0.607729 0.239000 0.608696 0.245000 0.612560 0.250000 0.624155 0.257500 0.632850 0.259000 0.639614 0.263000 0.649275 0.263500 0.662802 0.257000 0.670531 0.248500 0.669565 0.236000 0.665700 0.231000 0.657971 0.226500 0.650242 0.225000
0 0.556522 0.243000 0.546860 0.242500 0.538164 0.244000 0.533333 0.246000 0.528502 0.251500 0.529469 0.267500 0.533333 0.276000 0.536232 0.277000 0.542029 0.277000 0.557488 0.274000 0.580676 0.261000 0.581643 0.254500 0.578744 0.250500 0.567150 0.245500
0 0.513043 0.215000 0.505314 0.223500 0.505314 0.229000 0.509179 0.232500 0.517874 0.236500 0.542995 0.240000 0.556522 0.239000 0.568116 0.236000 0.569082 0.230000 0.567150 0.226500 0.557488 0.218500 0.550725 0.215000 0.534300 0.210500 0.525604 0.210500
0 0.604831 0.191000 0.594203 0.190000 0.573913 0.192500 0.561353 0.199000 0.555556 0.205500 0.554589 0.214500 0.560386 0.221500 0.568116 0.225500 0.577778 0.227500 0.591304 0.227500 0.600966 0.226000 0.612560 0.221000 0.622222 0.214000 0.623188 0.207500 0.621256 0.203000 0.615459 0.196500
0 0.499517 0.188000 0.496618 0.189500 0.494686 0.193500 0.495652 0.197500 0.502415 0.206000 0.517874 0.211500 0.529469 0.209500 0.542029 0.200500 0.542029 0.190500 0.519807 0.190000 0.504348 0.187500
0 0.499517 0.161000 0.487923 0.171500 0.490821 0.181000 0.497585 0.187000 0.514010 0.190000 0.542029 0.190500 0.549758 0.186000 0.555556 0.178000 0.555556 0.173500 0.549758 0.166000 0.529469 0.159000 0.508213 0.159000
0 0.496618 0.146000 0.482126 0.143500 0.467633 0.143500 0.452174 0.146500 0.447343 0.149500 0.443478 0.155000 0.444444 0.163500 0.452174 0.172500 0.458937 0.175500 0.467633 0.176000 0.475362 0.175000 0.486957 0.171500 0.504348 0.157000 0.503382 0.149500
0 0.396135 0.152500 0.389372 0.156000 0.385507 0.160500 0.386473 0.166500 0.392271 0.171500 0.399034 0.175000 0.414493 0.178500 0.433816 0.179000 0.440580 0.178000 0.447343 0.172000 0.443478 0.153500 0.440580 0.150500 0.428986 0.147500 0.419324 0.147500 0.405797 0.149500
0 0.463768 0.186000 0.457971 0.187500 0.452174 0.193000 0.442512 0.198000 0.440580 0.203000 0.441546 0.210500 0.445411 0.215000 0.457005 0.220500 0.485024 0.221000 0.498551 0.214500 0.501449 0.209500 0.500483 0.203000 0.493720 0.192000 0.489855 0.190000 0.475362 0.186000
0 0.410628 0.184000 0.398068 0.185500 0.379710 0.193500 0.375845 0.206500 0.378744 0.210500 0.386473 0.215000 0.399034 0.218000 0.414493 0.219000 0.427053 0.217000 0.433816 0.213000 0.437681 0.207000 0.437681 0.197000 0.432850 0.190500 0.425121 0.186000
0 0.360386 0.198500 0.342995 0.208500 0.338164 0.220000 0.339130 0.229000 0.341063 0.230500 0.350725 0.232500 0.361353 0.232500 0.374879 0.230000 0.384541 0.225500 0.386473 0.221500 0.383575 0.213500 0.375845 0.209000 0.370048 0.202000
0 0.329469 0.199000 0.317874 0.198500 0.299517 0.200000 0.283092 0.208000 0.279227 0.214000 0.279227 0.222000 0.283092 0.227000 0.294686 0.232500 0.310145 0.235000 0.317874 0.235000 0.335266 0.230500 0.341063 0.210000 0.334300 0.201000
0 0.320773 0.170000 0.310145 0.174000 0.300483 0.182500 0.300483 0.195000 0.304348 0.198000 0.338164 0.199000 0.344928 0.197500 0.350725 0.194000 0.352657 0.190000 0.350725 0.184000 0.346860 0.179500 0.335266 0.171500 0.330435 0.170000
0 0.323671 0.133500 0.310145 0.133500 0.298551 0.135000 0.289855 0.138500 0.286957 0.142500 0.286957 0.148500 0.293720 0.158500 0.306280 0.163500 0.315942 0.163500 0.323671 0.162000 0.335266 0.157500 0.342029 0.152500 0.342995 0.146000 0.340097 0.140000 0.334300 0.135500
0 0.270531 0.134500 0.260870 0.128500 0.253140 0.127000 0.242512 0.131500 0.228986 0.135000 0.222222 0.140500 0.223188 0.146500 0.229952 0.148500 0.235749 0.148500 0.262802 0.145500 0.269565 0.141000
0 0.269565 0.145500 0.237681 0.149500 0.226087 0.154000 0.241546 0.170000 0.259903 0.175500 0.277295 0.175000 0.285990 0.170500 0.289855 0.166500 0.289855 0.153000 0.285024 0.149500
0 0.194203 0.158000 0.189372 0.162500 0.189372 0.167000 0.200966 0.176000 0.212560 0.177500 0.225121 0.177000 0.233816 0.175500 0.242512 0.170000 0.240580 0.166000 0.229952 0.156500 0.226087 0.155000 0.200966 0.155000
0 0.171014 0.132500 0.162319 0.135500 0.158454 0.139500 0.157488 0.147500 0.160386 0.154500 0.168116 0.160500 0.171981 0.166500 0.179710 0.167500 0.185507 0.166000 0.190338 0.160000 0.204831 0.153500 0.207729 0.149000 0.207729 0.142000 0.202899 0.137000 0.187440 0.132500
0 0.153623 0.138000 0.144928 0.130000 0.133333 0.127500 0.101449 0.132000 0.094686 0.131500 0.091787 0.134000 0.094686 0.142000 0.126570 0.140000 0.137198 0.142500 0.145894 0.148500 0.148792 0.148000 0.153623 0.143500
0 0.093720 0.144000 0.088889 0.152000 0.098551 0.164500 0.114010 0.168000 0.131401 0.168000 0.142995 0.166000 0.149758 0.163000 0.152657 0.159500 0.151691 0.154500 0.145894 0.150500 0.143961 0.145500 0.136232 0.141000 0.129469 0.139500 0.114010 0.139500 0.100483 0.141000
0 0.169082 0.161500 0.164251 0.158500 0.154589 0.156500 0.148792 0.162500 0.143961 0.165000 0.125604 0.168000 0.109179 0.167000 0.094686 0.162500 0.091787 0.171500 0.095652 0.175500 0.112077 0.181500 0.134300 0.185500 0.148792 0.186500 0.158454 0.184000 0.168116 0.177000 0.171014 0.171000
0 0.179710 0.186000 0.169082 0.185500 0.159420 0.189000 0.150725 0.207500 0.150725 0.210000 0.155556 0.213000 0.165217 0.213500 0.177778 0.211500 0.190338 0.203000 0.191304 0.196000 0.187440 0.189500
0 0.200000 0.179000 0.193237 0.182500 0.189372 0.188000 0.189372 0.192500 0.194203 0.200500 0.202899 0.205500 0.213527 0.209000 0.225121 0.209500 0.233816 0.207500 0.243478 0.203000 0.248309 0.198000 0.248309 0.183500 0.242512 0.180500 0.235749 0.179000 0.212560 0.178000
0 0.257005 0.177500 0.251208 0.182000 0.249275 0.198500 0.253140 0.204000 0.265700 0.206500 0.277295 0.206000 0.288889 0.204000 0.296618 0.201000 0.300483 0.197500 0.299517 0.189500 0.296618 0.186500 0.277295 0.176500 0.260870 0.176500
0 0.109179 0.182500 0.098551 0.185500 0.089855 0.190500 0.085024 0.196500 0.085024 0.206000 0.095652 0.217500 0.101449 0.219000 0.117874 0.219000 0.136232 0.215000 0.146860 0.210500 0.152657 0.205000 0.153623 0.196500 0.149758 0.191500 0.142995 0.187500 0.118841 0.183000
0 0.143961 0.218000 0.141063 0.216500 0.120773 0.219000 0.100483 0.219500 0.096618 0.222000 0.096618 0.229000 0.105314 0.233000 0.134300 0.234000 0.142029 0.229000 0.144928 0.221500
0 0.157488 0.215000 0.149758 0.218000 0.144928 0.224500 0.145894 0.233000 0.152657 0.241500 0.157488 0.245500 0.162319 0.247000 0.186473 0.247000 0.194203 0.245500 0.200000 0.242000 0.208696 0.232500 0.207729 0.227000 0.203865 0.221500 0.197101 0.218000 0.178744 0.214500 0.166184 0.214000
0 0.228986 0.230500 0.211594 0.234000 0.205797 0.237000 0.199034 0.243500 0.198068 0.249500 0.208696 0.261000 0.242512 0.263500 0.252174 0.261500 0.262802 0.254500 0.266667 0.246500 0.265700 0.239500 0.261836 0.235000 0.253140 0.231500 0.247343 0.230500
0 0.101449 0.234500 0.094686 0.237500 0.087923 0.243500 0.086957 0.251000 0.102415 0.267500 0.113043 0.268000 0.136232 0.261500 0.142995 0.257500 0.147826 0.251500 0.146860 0.243500 0.142995 0.239500 0.132367 0.235500
0 0.147826 0.250500 0.146860 0.254000 0.142029 0.258000 0.143961 0.263500 0.155556 0.265500 0.171014 0.273000 0.176812 0.274000 0.184541 0.273500 0.200000 0.264000 0.201932 0.257000 0.194203 0.251000 0.177778 0.248000 0.167150 0.247500 0.158454 0.248000
0 0.275362 0.250500 0.267633 0.259000 0.268599 0.265000 0.272464 0.268500 0.284058 0.272000 0.294686 0.273500 0.315942 0.273000 0.320773 0.272000 0.326570 0.268500 0.324638 0.262500 0.317874 0.259500 0.303382 0.248000 0.290821 0.246500 0.283092 0.247500
0 0.361353 0.234000 0.336232 0.231500 0.321739 0.234000 0.313043 0.237000 0.307246 0.242500 0.307246 0.249000 0.319807 0.259500 0.327536 0.261500 0.343961 0.261000 0.356522 0.257500 0.366184 0.253000 0.374879 0.245000 0.374879 0.241500
0 0.142995 0.264000 0.126570 0.264500 0.117874 0.268000 0.115942 0.271000 0.114010 0.285000 0.116908 0.294000 0.120773 0.297000 0.130435 0.300500 0.143961 0.299500 0.161353 0.294500 0.169082 0.289500 0.172947 0.284000 0.172947 0.277000 0.169082 0.273000 0.163285 0.269500
0 0.182609 0.302000 0.174879 0.297500 0.166184 0.295500 0.160386 0.295500 0.142995 0.300000 0.130435 0.301500 0.116908 0.307500 0.114976 0.310500 0.115942 0.313500 0.121739 0.317000 0.154589 0.324500 0.164251 0.324500 0.171981 0.322000 0.179710 0.316000 0.183575 0.310000
0 0.165217 0.329000 0.159420 0.326000 0.133333 0.320000 0.123671 0.320000 0.110145 0.322000 0.104348 0.325000 0.100483 0.329500 0.099517 0.338000 0.101449 0.343000 0.108213 0.346000 0.135266 0.346000 0.156522 0.340500 0.166184 0.334500
0 0.141063 0.349500 0.132367 0.351500 0.117874 0.352500 0.101449 0.357000 0.096618 0.361000 0.095652 0.365500 0.099517 0.370000 0.116908 0.377500 0.124638 0.377000 0.134300 0.372000 0.149758 0.358000 0.148792 0.353000
0 0.077295 0.000000 0.080193 0.007000 0.092754 0.014500 0.099517 0.015500 0.113043 0.014000 0.127536 0.010500 0.133333 0.007500 0.139130 0.002000 0.139130 0.000000
0 0.142995 0.366000 0.135266 0.373000 0.135266 0.377000 0.140097 0.383500 0.146860 0.386500 0.157488 0.389000 0.179710 0.389000 0.187440 0.381000 0.186473 0.371500 0.179710 0.366000 0.166184 0.363500 0.152657 0.364000
0 0.158454 0.390500 0.140097 0.387500 0.131401 0.387500 0.115942 0.390000 0.106280 0.393000 0.097585 0.398000 0.094686 0.402500 0.095652 0.409000 0.101449 0.416000 0.114976 0.421000 0.133333 0.420000 0.143961 0.417000 0.157488 0.406500 0.158454 0.399000 0.161353 0.395000 0.161353 0.392000
0 0.136232 0.422000 0.114976 0.422000 0.096618 0.426000 0.091787 0.428500 0.086957 0.435000 0.086957 0.444000 0.093720 0.447500 0.107246 0.451000 0.115942 0.450500 0.142995 0.445500 0.146860 0.438500 0.141063 0.426000
0 0.151691 0.448000 0.139130 0.446500 0.121739 0.449500 0.114976 0.452000 0.108213 0.462000 0.108213 0.467000 0.111111 0.472000 0.132367 0.474500 0.156522 0.473500 0.166184 0.469500 0.169082 0.464500 0.168116 0.460000
0 0.119807 0.472500 0.114976 0.473000 0.104348 0.482000 0.099517 0.491500 0.101449 0.498500 0.108213 0.506000 0.116908 0.508500 0.132367 0.506500 0.154589 0.499000 0.159420 0.491000 0.159420 0.486500 0.150725 0.479500
0 0.152657 0.478000 0.154589 0.482500 0.162319 0.488000 0.179710 0.496000 0.202899 0.496500 0.214493 0.492000 0.217391 0.487500 0.215459 0.479000 0.208696 0.468500 0.201932 0.465500 0.187440 0.466000 0.167150 0.471500
0 0.142995 0.505500 0.143961 0.514000 0.151691 0.521500 0.160386 0.525000 0.171981 0.527000 0.193237 0.527500 0.200966 0.525500 0.203865 0.523500 0.211594 0.510500 0.211594 0.505000 0.202899 0.499500 0.180676 0.497000 0.170048 0.497000 0.157488 0.499500
0 0.261836 0.478000 0.246377 0.481000 0.223188 0.483000 0.211594 0.495000 0.210628 0.502000 0.218357 0.505000 0.243478 0.507000 0.253140 0.506500 0.261836 0.503500 0.269565 0.503000 0.274396 0.499500 0.274396 0.493500 0.266667 0.481500
0 0.257971 0.505000 0.255072 0.508500 0.256039 0.514500 0.264734 0.521000 0.270531 0.528000 0.277295 0.531000 0.285024 0.532500 0.295652 0.532000 0.314010 0.522000 0.314976 0.516000 0.310145 0.511500 0.270531 0.505000
0 0.339130 0.479500 0.330435 0.476000 0.320773 0.475500 0.310145 0.479500 0.285990 0.482500 0.280193 0.488500 0.275362 0.501500 0.278261 0.506000 0.314010 0.511000 0.329469 0.510000 0.342029 0.501000 0.344928 0.495000 0.344928 0.486500
0 0.380676 0.470500 0.371981 0.472000 0.361353 0.476500 0.351691 0.485500 0.351691 0.492500 0.355556 0.498500 0.359420 0.501000 0.381643 0.507000 0.392271 0.507000 0.402899 0.505000 0.411594 0.500500 0.416425 0.495000 0.416425 0.484500 0.414493 0.480000 0.408696 0.475500 0.397101 0.471500
0 0.351691 0.501500 0.340097 0.508000 0.340097 0.517500 0.343961 0.523000 0.355556 0.530000 0.370048 0.531000 0.384541 0.525500 0.395169 0.519500 0.398068 0.513500 0.391304 0.511500 0.385507 0.507500 0.360386 0.501000
0 0.445411 0.477000 0.431884 0.477000 0.421256 0.481500 0.417391 0.485500 0.417391 0.494500 0.412560 0.502000 0.419324 0.510000 0.427053 0.514500 0.429952 0.514500 0.439614 0.510500 0.458937 0.505500 0.463768 0.503500 0.469565 0.498500 0.469565 0.490000 0.456039 0.484000
0 0.462802 0.506500 0.451208 0.508000 0.434783 0.513000 0.429952 0.521000 0.429952 0.530000 0.432850 0.536000 0.437681 0.540500 0.449275 0.544000 0.466667 0.546000 0.481159 0.543500 0.492754 0.538000 0.501449 0.531000 0.503382 0.525000 0.496618 0.515000 0.485990 0.509500 0.477295 0.507500
0 0.534300 0.475000 0.526570 0.475500 0.515942 0.479000 0.508213 0.484000 0.485990 0.493000 0.481159 0.498000 0.481159 0.502000 0.484058 0.506500 0.487923 0.508500 0.503382 0.512000 0.519807 0.512000 0.534300 0.506500 0.539130 0.501000 0.538164 0.484500
0 0.554589 0.478000 0.547826 0.479500 0.540097 0.485500 0.539130 0.491000 0.542029 0.498000 0.556522 0.509000 0.562319 0.511000 0.571981 0.512000 0.581643 0.510000 0.590338 0.505000 0.600000 0.494500 0.600000 0.487000 0.595169 0.482500 0.583575 0.478000
0 0.607729 0.486000 0.608696 0.490500 0.613527 0.495000 0.633816 0.508000 0.647343 0.510500 0.655072 0.510500 0.664734 0.507500 0.669565 0.502000 0.671498 0.495000 0.670531 0.488000 0.665700 0.484000 0.657005 0.482500 0.639614 0.483500 0.622222 0.482000 0.612560 0.483500
0 0.609662 0.448500 0.598068 0.448000 0.588406 0.449500 0.578744 0.453500 0.572947 0.459000 0.571981 0.467500 0.573913 0.471500 0.581643 0.476000 0.587440 0.477500 0.603865 0.478000 0.612560 0.477000 0.620290 0.475000 0.625121 0.471500 0.627053 0.467000 0.626087 0.458000 0.621256 0.453500
0 0.561353 0.436500 0.540097 0.436000 0.533333 0.437500 0.527536 0.440500 0.518841 0.450000 0.520773 0.460000 0.525604 0.465500 0.534300 0.469000 0.543961 0.469500 0.568116 0.465500 0.577778 0.453500 0.583575 0.449000 0.582609 0.442500
0 0.460870 0.431500 0.454106 0.435000 0.455072 0.443500 0.459903 0.448500 0.474396 0.456000 0.485024 0.458500 0.497585 0.458500 0.508213 0.456500 0.514976 0.453500 0.525604 0.441000 0.522705 0.434500 0.514976 0.430000 0.501449 0.426500 0.482126 0.426500
0 0.454106 0.442500 0.450242 0.442000 0.439614 0.444500 0.424155 0.450500 0.410628 0.458000 0.410628 0.463500 0.413527 0.467000 0.428019 0.474500 0.436715 0.474500 0.446377 0.472000 0.470531 0.457000 0.471498 0.455000 0.458937 0.448500
0 0.398068 0.440000 0.389372 0.439500 0.372947 0.447500 0.366184 0.453000 0.363285 0.457500 0.363285 0.463000 0.367150 0.467500 0.374879 0.470500 0.399034 0.471000 0.406763 0.469500 0.410628 0.467500 0.409662 0.451000 0.405797 0.444500
0 0.263768 0.458500 0.259903 0.462500 0.259903 0.467500 0.262802 0.472500 0.269565 0.477000 0.284058 0.480500 0.293720 0.481000 0.312077 0.479000 0.321739 0.474500 0.324638 0.466500 0.320773 0.461000 0.302415 0.458500 0.285024 0.452500 0.272464 0.454500
0 0.243478 0.449000 0.235749 0.449000 0.228019 0.452000 0.214493 0.462500 0.211594 0.466500 0.212560 0.474500 0.218357 0.479500 0.226087 0.481500 0.248309 0.480500 0.259903 0.475000 0.257971 0.458500 0.254106 0.453500 0.249275 0.450500
0 0.203865 0.431500 0.192271 0.432500 0.175845 0.436500 0.160386 0.442500 0.158454 0.451000 0.162319 0.455500 0.173913 0.462000 0.184541 0.464500 0.203865 0.464500 0.212560 0.462000 0.220290 0.457000 0.225121 0.451500 0.225121 0.447000 0.219324 0.436500 0.213527 0.433500
0 0.194203 0.424500 0.185507 0.423000 0.167150 0.416500 0.152657 0.417000 0.143961 0.421000 0.142029 0.424000 0.142029 0.430500 0.144928 0.435500 0.149758 0.439000 0.154589 0.440000 0.169082 0.439000 0.182609 0.435500 0.187440 0.432500 0.193237 0.431000 0.196135 0.428000
0 0.175845 0.392000 0.159420 0.399500 0.160386 0.407500 0.168116 0.415500 0.178744 0.420500 0.199034 0.424500 0.209662 0.423500 0.218357 0.421000 0.228019 0.413500 0.231884 0.406500 0.231884 0.402000 0.228986 0.398000 0.221256 0.394000 0.213527 0.392000 0.195169 0.390500 0.185507 0.390500
0 0.214493 0.356000 0.202899 0.358500 0.189372 0.364000 0.187440 0.371000 0.190338 0.384500 0.197101 0.389000 0.205797 0.391000 0.216425 0.391500 0.230918 0.387500 0.247343 0.380500 0.253140 0.374000 0.255072 0.368500 0.252174 0.365000 0.241546 0.360500
0 0.185507 0.331500 0.174879 0.332500 0.164251 0.338000 0.151691 0.353500 0.151691 0.357500 0.155556 0.360000 0.175845 0.363500 0.184541 0.363500 0.200000 0.360000 0.209662 0.355500 0.211594 0.353500 0.210628 0.348500 0.201932 0.338000 0.195169 0.334000
0 0.224155 0.296000 0.214493 0.295500 0.204831 0.296500 0.196135 0.299000 0.188406 0.305000 0.185507 0.312500 0.186473 0.318500 0.196135 0.325500 0.208696 0.329500 0.217391 0.329500 0.230918 0.327000 0.244444 0.322500 0.250242 0.317000 0.248309 0.306000 0.245411 0.303000 0.238647 0.299500
0 0.206763 0.262500 0.200000 0.264500 0.187440 0.272000 0.183575 0.278000 0.186473 0.282500 0.192271 0.286000 0.206763 0.290500 0.226087 0.291000 0.242512 0.287000 0.248309 0.283500 0.246377 0.270500 0.243478 0.267000 0.239614 0.265000 0.226087 0.262500
0 0.257971 0.266500 0.250242 0.268000 0.246377 0.270500 0.248309 0.280500 0.246377 0.288000 0.256039 0.292500 0.266667 0.293000 0.291787 0.286000 0.300483 0.278500 0.301449 0.275000 0.285990 0.272500 0.264734 0.266500
0 0.345894 0.274000 0.320773 0.273500 0.304348 0.278000 0.296618 0.282000 0.291787 0.287000 0.294686 0.295000 0.300483 0.300500 0.313043 0.306000 0.320773 0.307500 0.328502 0.307000 0.344928 0.301500 0.355556 0.283500 0.352657 0.277000
0 0.393237 0.273500 0.382609 0.277000 0.370048 0.285500 0.368116 0.288500 0.369082 0.296000 0.383575 0.303000 0.393237 0.304000 0.414493 0.303500 0.419324 0.301500 0.420290 0.299000 0.432850 0.291000 0.431884 0.286500 0.425121 0.279000 0.415459 0.274500 0.408696 0.273000
0 0.512077 0.254000 0.503382 0.254500 0.498551 0.256500 0.480193 0.260000 0.459903 0.275000 0.457005 0.278500 0.457005 0.283000 0.470531 0.290000 0.486957 0.291500 0.496618 0.291000 0.506280 0.288500 0.515942 0.283500 0.519807 0.279500 0.523671 0.267500
0 0.485990 0.301500 0.477295 0.306000 0.467633 0.318000 0.477295 0.327000 0.485990 0.330500 0.501449 0.333000 0.519807 0.333000 0.532367 0.331500 0.535266 0.329500 0.536232 0.316000 0.533333 0.310000 0.528502 0.306000 0.515942 0.300500 0.507246 0.299000 0.495652 0.299000
0 0.456039 0.285500 0.442512 0.287000 0.434783 0.289500 0.421256 0.297500 0.418357 0.305000 0.425121 0.312000 0.443478 0.317500 0.458937 0.319000 0.468599 0.315500 0.475362 0.307000 0.475362 0.298000 0.470531 0.290500 0.463768 0.287000
0 0.373913 0.306000 0.371014 0.310500 0.371981 0.320000 0.376812 0.326500 0.381643 0.329000 0.389372 0.330000 0.398068 0.329500 0.418357 0.324500 0.423188 0.320500 0.424155 0.313000 0.419324 0.307500 0.414493 0.305000 0.380676 0.303500
0 0.427053 0.314500 0.421256 0.324000 0.418357 0.325500 0.411594 0.326000 0.400000 0.329000 0.398068 0.331500 0.399034 0.334000 0.408696 0.339000 0.419324 0.341000 0.412560 0.345500 0.415459 0.347500 0.419324 0.348500 0.435749 0.348500 0.446377 0.346000 0.458937 0.339500 0.464734 0.333500 0.465700 0.326000 0.459903 0.320500 0.445411 0.318000 0.435749 0.315000
0 0.362319 0.333500 0.356522 0.337000 0.357488 0.342500 0.371014 0.352500 0.378744 0.356000 0.389372 0.358000 0.401932 0.355500 0.408696 0.350000 0.409662 0.340500 0.397101 0.332000 0.390338 0.330500 0.380676 0.330500
0 0.419324 0.349500 0.411594 0.351500 0.403865 0.356500 0.401932 0.360500 0.402899 0.369000 0.405797 0.372000 0.413527 0.375000 0.433816 0.375500 0.443478 0.373000 0.452174 0.367500 0.455072 0.362500 0.454106 0.358500 0.446377 0.354000
0 0.361353 0.357500 0.350725 0.360500 0.342029 0.365500 0.340097 0.369000 0.341063 0.379500 0.343961 0.383500 0.358454 0.389500 0.371981 0.389500 0.383575 0.387000 0.399034 0.379000 0.399034 0.368000 0.396135 0.364500 0.385507 0.359500 0.377778 0.358000
0 0.361353 0.349000 0.342029 0.336000 0.331401 0.334500 0.320773 0.334500 0.297585 0.348000 0.292754 0.357000 0.293720 0.362000 0.309179 0.364500 0.328502 0.364500 0.342995 0.362500 0.357488 0.357500 0.361353 0.352500
0 0.314010 0.317000 0.284058 0.317500 0.263768 0.323500 0.258937 0.327500 0.257971 0.331500 0.260870 0.339000 0.268599 0.344000 0.284058 0.347000 0.294686 0.347000 0.306280 0.342500 0.317874 0.331000 0.316908 0.319500
0 0.345894 0.303000 0.339130 0.303500 0.328502 0.307500 0.314010 0.307500 0.312077 0.309500 0.312077 0.315000 0.315942 0.318500 0.320773 0.329500 0.326570 0.333000 0.332367 0.334500 0.343961 0.334500 0.355556 0.331500 0.362319 0.328500 0.367150 0.323500 0.365217 0.315500 0.355556 0.307500
0 0.246377 0.324000 0.237681 0.324500 0.224155 0.329000 0.211594 0.331000 0.206763 0.333500 0.204831 0.336500 0.205797 0.342500 0.213527 0.352000 0.218357 0.355000 0.236715 0.358500 0.245411 0.358000 0.256039 0.354500 0.259903 0.345500 0.257971 0.331000 0.256039 0.328500
0 0.291787 0.348000 0.269565 0.344500 0.259903 0.347000 0.255072 0.354500 0.247343 0.359500 0.248309 0.362500 0.257005 0.368500 0.270531 0.370000 0.280193 0.367500 0.287923 0.363500 0.293720 0.354500 0.294686 0.349500
0 0.271498 0.370500 0.270531 0.380500 0.285024 0.387000 0.291787 0.393000 0.304348 0.396500 0.313043 0.396500 0.327536 0.394000 0.333333 0.391000 0.340097 0.381500 0.340097 0.373000 0.338164 0.370000 0.333333 0.367500 0.320773 0.365500 0.297585 0.364000 0.285990 0.365500
0 0.272464 0.381000 0.264734 0.380500 0.246377 0.382000 0.236715 0.385000 0.225121 0.391000 0.224155 0.393000 0.229952 0.398000 0.233816 0.406500 0.238647 0.409000 0.246377 0.411000 0.263768 0.410500 0.275362 0.406000 0.286957 0.397500 0.289855 0.393500 0.287923 0.389000
0 0.285990 0.398000 0.270531 0.408000 0.272464 0.419000 0.285024 0.428500 0.292754 0.429000 0.303382 0.426500 0.327536 0.423500 0.335266 0.417500 0.335266 0.414000 0.323671 0.407500 0.320773 0.403500 0.312077 0.399500 0.303382 0.397500 0.291787 0.397000
0 0.265700 0.622000 0.238647 0.622000 0.228019 0.624500 0.218357 0.630000 0.217391 0.636500 0.219324 0.642000 0.237681 0.653500 0.247343 0.653500 0.260870 0.650500 0.265700 0.645000 0.276329 0.639000 0.277295 0.629500 0.273430 0.625000
0 0.380676 0.393000 0.362319 0.390000 0.351691 0.390000 0.337198 0.392000 0.324638 0.398500 0.323671 0.406500 0.339130 0.415000 0.353623 0.415500 0.378744 0.405500 0.383575 0.398000
0 0.400966 0.379500 0.383575 0.388000 0.382609 0.393500 0.384541 0.397500 0.397101 0.405500 0.403865 0.408000 0.411594 0.409500 0.426087 0.409000 0.433816 0.406000 0.441546 0.393500 0.439614 0.385500 0.428986 0.379500 0.415459 0.378500
0 0.492754 0.353000 0.478261 0.353000 0.470531 0.355000 0.465700 0.358500 0.461836 0.364500 0.461836 0.375500 0.464734 0.380000 0.471498 0.384500 0.479227 0.386000 0.488889 0.385500 0.500483 0.383000 0.520773 0.372500 0.520773 0.367500 0.514010 0.361000 0.501449 0.355000
0 0.586473 0.356000 0.569082 0.355500 0.565217 0.356500 0.556522 0.364500 0.551691 0.373000 0.551691 0.381500 0.553623 0.384500 0.562319 0.388000 0.580676 0.386500 0.594203 0.382500 0.606763 0.377000 0.609662 0.370000 0.608696 0.367000
0 0.557488 0.329000 0.549758 0.332500 0.544928 0.338000 0.543961 0.343500 0.548792 0.350000 0.554589 0.353000 0.563285 0.355000 0.585507 0.355000 0.594203 0.352500 0.599034 0.349500 0.600966 0.344500 0.600966 0.337500 0.596135 0.332000 0.580676 0.326500 0.568116 0.327000
0 0.554589 0.294500 0.547826 0.296500 0.541063 0.301500 0.537198 0.307500 0.539130 0.316000 0.543961 0.321000 0.552657 0.324500 0.558454 0.325500 0.577778 0.325000 0.590338 0.318500 0.587440 0.305000 0.582609 0.299500 0.575845 0.295500 0.566184 0.293500
0 0.590338 0.263000 0.576812 0.266000 0.560386 0.274000 0.557488 0.281000 0.560386 0.286000 0.570048 0.293000 0.581643 0.296000 0.599034 0.297000 0.610628 0.294500 0.620290 0.288500 0.622222 0.283000 0.615459 0.270500 0.611594 0.267000 0.603865 0.263500
0 0.622222 0.296500 0.606763 0.296500 0.600000 0.298000 0.592271 0.301500 0.588406 0.306000 0.592271 0.319000 0.608696 0.329000 0.617391 0.328500 0.625121 0.325000 0.638647 0.308000 0.638647 0.304000 0.635749 0.300500 0.630918 0.298000
0 0.655072 0.302000 0.645411 0.306000 0.637681 0.317000 0.636715 0.327000 0.638647 0.333000 0.641546 0.335000 0.654106 0.338000 0.662802 0.338000 0.676329 0.336000 0.685024 0.332500 0.687923 0.324500 0.684058 0.315000 0.678261 0.309000 0.663768 0.303500
0 0.654106 0.338000 0.632850 0.333000 0.617391 0.333500 0.605797 0.338000 0.600966 0.344500 0.600966 0.351000 0.605797 0.357500 0.605797 0.362000 0.609662 0.365500 0.615459 0.366500 0.625121 0.366000 0.644444 0.361500 0.655072 0.354500 0.659903 0.349000 0.660870 0.345500 0.658937 0.341500
0 0.648309 0.373500 0.644444 0.377500 0.644444 0.396000 0.649275 0.402000 0.655072 0.405000 0.661836 0.406000 0.678261 0.405000 0.690821 0.402000 0.700483 0.395500 0.699517 0.389000 0.692754 0.382500 0.670531 0.374000 0.664734 0.373000
0 0.609662 0.375500 0.575845 0.388500 0.572947 0.393000 0.583575 0.400500 0.601932 0.404500 0.617391 0.405000 0.625121 0.403500 0.634783 0.398000 0.636715 0.386500 0.633816 0.380500 0.628019 0.376500 0.624155 0.375500
0 0.571014 0.401500 0.557488 0.404500 0.552657 0.407500 0.549758 0.411500 0.549758 0.421000 0.556522 0.427500 0.567150 0.433500 0.574879 0.435000 0.586473 0.435000 0.594203 0.433000 0.607729 0.425000 0.612560 0.416500 0.612560 0.407500 0.609662 0.405500 0.587440 0.401500
0 0.649275 0.409000 0.638647 0.408500 0.632850 0.409500 0.614493 0.416500 0.610628 0.420000 0.607729 0.427500 0.608696 0.435000 0.626087 0.444000 0.632850 0.444000 0.635749 0.442000 0.644444 0.440500 0.658937 0.439500 0.667633 0.432000 0.668599 0.424500 0.666667 0.419500 0.661836 0.415000
0 0.644444 0.440500 0.634783 0.442500 0.627053 0.448500 0.625121 0.456000 0.629952 0.466500 0.647343 0.473500 0.657971 0.473500 0.668599 0.470500 0.674396 0.467000 0.681159 0.459000 0.682126 0.451000 0.678261 0.446000 0.663768 0.440500
0 0.721739 0.435500 0.705314 0.439000 0.700483 0.441500 0.695652 0.449000 0.696618 0.457000 0.700483 0.462000 0.708213 0.467000 0.723671 0.468500 0.737198 0.468000 0.746860 0.465500 0.751691 0.462500 0.755556 0.455500 0.754589 0.450000 0.747826 0.441500 0.742029 0.438500 0.732367 0.436000
0 0.682126 0.404500 0.678261 0.406500 0.670531 0.417500 0.671498 0.425000 0.677295 0.432500 0.683092 0.436000 0.692754 0.439000 0.709179 0.438500 0.723671 0.435000 0.731401 0.429000 0.732367 0.422000 0.720773 0.410500 0.706280 0.405000 0.693720 0.404000
0 0.738164 0.395500 0.726570 0.400500 0.723671 0.403500 0.723671 0.413000 0.734300 0.420500 0.762319 0.422000 0.769082 0.420000 0.777778 0.414500 0.778744 0.407500 0.776812 0.404000 0.771981 0.400000 0.765217 0.397500 0.754589 0.397000 0.746860 0.395000
0 0.759420 0.365000 0.750725 0.366500 0.735266 0.374000 0.723671 0.376500 0.719807 0.379500 0.719807 0.381500 0.742029 0.393500 0.756522 0.397000 0.770048 0.397000 0.780676 0.394000 0.787440 0.388500 0.788406 0.376000 0.781643 0.369000 0.776812 0.366500 0.770048 0.365000
0 0.741063 0.354000 0.734300 0.352000 0.727536 0.352000 0.715942 0.355500 0.704348 0.356000 0.700483 0.358000 0.696618 0.362000 0.695652 0.367000 0.701449 0.374500 0.706280 0.377000 0.714976 0.378500 0.736232 0.374000 0.749758 0.367000 0.750725 0.364000 0.747826 0.358000
0 0.716908 0.319500 0.707246 0.320500 0.691787 0.326000 0.683092 0.334000 0.683092 0.338500 0.689855 0.346000 0.697585 0.351500 0.705314 0.354500 0.715942 0.354500 0.729469 0.350500 0.733333 0.347000 0.735266 0.339500 0.734300 0.332500 0.726570 0.323000
0 0.674396 0.286500 0.661836 0.294500 0.662802 0.297000 0.676329 0.301500 0.683092 0.308500 0.692754 0.314000 0.707246 0.315500 0.716908 0.314500 0.735266 0.303000 0.737198 0.294500 0.733333 0.289500 0.725604 0.285500 0.714010 0.283000 0.689855 0.283000
0 0.758454 0.264500 0.734300 0.272500 0.731401 0.278500 0.732367 0.282500 0.744928 0.294000 0.752657 0.298000 0.760386 0.299500 0.777778 0.300000 0.787440 0.297000 0.793237 0.290500 0.798068 0.279500 0.797101 0.275000 0.781643 0.266500 0.769082 0.264000
0 0.849275 0.279000 0.819324 0.275500 0.802899 0.276500 0.798068 0.279000 0.793237 0.286000 0.797101 0.298500 0.807729 0.300000 0.819324 0.297000 0.826087 0.293500 0.839614 0.291000 0.848309 0.287000 0.851208 0.284000
0 0.879227 0.254000 0.866667 0.257500 0.859903 0.261500 0.854106 0.270000 0.854106 0.278500 0.859903 0.283500 0.871498 0.286500 0.875362 0.289000 0.879227 0.290000 0.889855 0.290000 0.898551 0.288500 0.914010 0.279500 0.917874 0.272500 0.917874 0.266500 0.914010 0.261500 0.906280 0.257000 0.890821 0.254000
0 0.914010 0.280000 0.901449 0.287000 0.901449 0.292500 0.905314 0.300000 0.916908 0.307000 0.928502 0.308000 0.942995 0.311000 0.952657 0.310000 0.965217 0.303000 0.966184 0.298500 0.962319 0.283500 0.951691 0.277500 0.926570 0.277000
0 0.935266 0.309500 0.922705 0.307500 0.912077 0.307500 0.903382 0.309500 0.897585 0.312500 0.894686 0.317500 0.893720 0.328500 0.896618 0.332500 0.905314 0.338000 0.914010 0.338000 0.927536 0.335500 0.938164 0.330500 0.943961 0.322500 0.944928 0.317500 0.942995 0.313000
0 0.904348 0.343000 0.896618 0.349500 0.895652 0.353500 0.899517 0.359000 0.906280 0.362500 0.919807 0.365500 0.935266 0.367000 0.957488 0.365500 0.958454 0.360500 0.954589 0.351000 0.947826 0.344000 0.939130 0.338500 0.929469 0.336500 0.923671 0.336500 0.910145 0.340000
0 0.904348 0.363500 0.892754 0.380500 0.893720 0.385000 0.897585 0.389000 0.906280 0.391000 0.913043 0.388500 0.937198 0.385500 0.946860 0.382000 0.947826 0.375500 0.938164 0.368000
0 0.958454 0.385000 0.947826 0.384500 0.937198 0.385500 0.923671 0.388000 0.917874 0.392000 0.916908 0.402000 0.918841 0.408500 0.924638 0.414000 0.936232 0.418000 0.950725 0.418000 0.959420 0.415500 0.972947 0.408500 0.976812 0.397000 0.974879 0.391500 0.971014 0.388000
0 0.923671 0.422000 0.909179 0.431500 0.911111 0.436000 0.921739 0.440500 0.929469 0.441000 0.948792 0.445000 0.955556 0.444500 0.961353 0.439000 0.953623 0.427000 0.947826 0.422500 0.939130 0.420000 0.933333 0.420000
0 0.949758 0.445500 0.925604 0.441500 0.911111 0.446000 0.901449 0.453500 0.903382 0.464500 0.913043 0.471000 0.917874 0.472000 0.936232 0.471000 0.953623 0.463500 0.957488 0.458500 0.957488 0.453500 0.954589 0.448000
0 0.948792 0.493000 0.932367 0.490500 0.914010 0.494000 0.905314 0.503000 0.905314 0.510000 0.912077 0.514500 0.917874 0.515500 0.939130 0.515000 0.949758 0.512500 0.957488 0.507000 0.958454 0.501500 0.955556 0.497000
0 0.859903 0.481500 0.857005 0.490500 0.858937 0.494500 0.862802 0.497000 0.881159 0.504000 0.893720 0.504000 0.905314 0.501000 0.911111 0.494500 0.910145 0.483500 0.905314 0.478000 0.898551 0.476000 0.886957 0.476000
0 0.823188 0.461000 0.808696 0.467500 0.800966 0.474500 0.800966 0.480000 0.805797 0.485000 0.812560 0.488500 0.824155 0.491500 0.854106 0.491500 0.857005 0.490000 0.859903 0.480500 0.859903 0.473500 0.856039 0.468000 0.842512 0.460500 0.828019 0.460000
0 0.754589 0.488000 0.750725 0.494500 0.752657 0.504500 0.757488 0.507500 0.779710 0.508000 0.795169 0.506500 0.806763 0.503000 0.811594 0.498500 0.809662 0.493000 0.795169 0.485500 0.780676 0.483500 0.765217 0.483000
0 0.701449 0.499000 0.692754 0.503500 0.686957 0.509000 0.686957 0.515000 0.691787 0.522000 0.714976 0.529500 0.725604 0.530000 0.736232 0.529000 0.746860 0.522500 0.749758 0.517000 0.749758 0.509000 0.742995 0.501500 0.735266 0.497500 0.725604 0.495500 0.716908 0.496000
0 0.728502 0.470500 0.706280 0.468500 0.688889 0.470500 0.682126 0.474000 0.679227 0.478000 0.680193 0.484000 0.700483 0.497500 0.710145 0.497500 0.719807 0.495500 0.732367 0.487500 0.737198 0.482000 0.738164 0.477500 0.736232 0.474500
0 0.855072 0.492500 0.843478 0.492000 0.839614 0.493000 0.828986 0.499500 0.817391 0.509500 0.815459 0.512500 0.816425 0.520500 0.821256 0.524000 0.831884 0.527500 0.845411 0.528000 0.860870 0.525000 0.877295 0.517000 0.880193 0.514000 0.878261 0.504000
0 0.877295 0.425500 0.853140 0.420500 0.836715 0.420500 0.820290 0.424500 0.813527 0.428500 0.810628 0.434500 0.810628 0.439500 0.818357 0.448000 0.827053 0.452000 0.840580 0.452500 0.862802 0.446500 0.873430 0.440500 0.875362 0.435500 0.880193 0.431500 0.881159 0.427500
0 0.867633 0.444500 0.848309 0.453000 0.845411 0.457000 0.845411 0.461000 0.852174 0.466500 0.861836 0.471000 0.873430 0.473000 0.883092 0.473000 0.888889 0.471500 0.900483 0.464500 0.898551 0.453000 0.893720 0.450000 0.876329 0.444000
0 0.913043 0.406000 0.897585 0.408000 0.881159 0.412500 0.874396 0.413000 0.868599 0.415500 0.873430 0.422500 0.888889 0.430500 0.902415 0.431000 0.913043 0.428000 0.921739 0.418000 0.921739 0.412000
0 0.839614 0.392500 0.837681 0.398000 0.838647 0.405500 0.847343 0.410000 0.858937 0.413000 0.866667 0.414000 0.906280 0.407000 0.911111 0.404500 0.910145 0.400500 0.886957 0.392000 0.860870 0.386500 0.848309 0.387000
0 0.784541 0.399500 0.781643 0.402000 0.781643 0.405500 0.786473 0.409500 0.789372 0.415000 0.818357 0.422000 0.828986 0.421500 0.834783 0.419000 0.836715 0.416000 0.835749 0.403000 0.830918 0.397000 0.826087 0.396000 0.798068 0.396000
0 0.780676 0.415500 0.774879 0.416500 0.754589 0.425500 0.750725 0.430500 0.750725 0.436500 0.757488 0.441500 0.766184 0.444000 0.783575 0.446500 0.793237 0.446000 0.802899 0.443500 0.809662 0.439500 0.810628 0.426500 0.805797 0.421500 0.799034 0.418000 0.791304 0.416000
0 0.837681 0.365500 0.832850 0.364500 0.808696 0.365000 0.799034 0.366500 0.795169 0.368500 0.789372 0.377500 0.789372 0.385500 0.800000 0.394500 0.807729 0.396000 0.828986 0.395000 0.837681 0.392500 0.850242 0.385000 0.850242 0.379000 0.842512 0.369000
0 0.891787 0.355000 0.859903 0.356000 0.846377 0.362000 0.843478 0.367000 0.847343 0.374500 0.861836 0.383500 0.865700 0.384500 0.881159 0.384000 0.892754 0.380000 0.902415 0.364500 0.897585 0.357500
0 0.872464 0.326000 0.854106 0.331500 0.853140 0.336500 0.859903 0.344500 0.866667 0.349000 0.875362 0.353000 0.883092 0.354000 0.892754 0.350500 0.899517 0.345000 0.901449 0.340000 0.890821 0.327500
0 0.789372 0.348500 0.790338 0.354000 0.798068 0.361000 0.804831 0.363000 0.815459 0.363500 0.832850 0.363000 0.844444 0.361000 0.863768 0.350000 0.858937 0.344000 0.847343 0.338500 0.815459 0.334500 0.806763 0.334500 0.798068 0.337500 0.792271 0.342000
0 0.813527 0.317000 0.812560 0.330000 0.825121 0.335000 0.832850 0.336500 0.844444 0.335500 0.856039 0.330500 0.864734 0.328500 0.873430 0.323500 0.873430 0.319000 0.869565 0.316500 0.854106 0.314500 0.836715 0.310500 0.827053 0.310500 0.819324 0.312000
0 0.819324 0.298500 0.821256 0.303000 0.827053 0.307500 0.843478 0.312000 0.854106 0.313500 0.868599 0.313500 0.879227 0.308500 0.882126 0.302500 0.879227 0.293500 0.871498 0.287500 0.860870 0.285000 0.852174 0.286000 0.841546 0.291000 0.826087 0.294500
0 0.788406 0.299500 0.770048 0.303000 0.762319 0.308000 0.761353 0.312500 0.766184 0.324500 0.779710 0.334000 0.782609 0.338000 0.792271 0.339500 0.809662 0.329500 0.814493 0.312000 0.809662 0.305000 0.801932 0.301000 0.795169 0.299500
0 0.744928 0.300000 0.738164 0.302000 0.723671 0.310000 0.718841 0.314000 0.718841 0.319000 0.732367 0.326500 0.745894 0.331500 0.753623 0.331500 0.760386 0.329000 0.763285 0.326000 0.762319 0.315000 0.758454 0.307000 0.753623 0.302000
0 0.762319 0.329000 0.747826 0.332000 0.736232 0.337000 0.734300 0.343000 0.735266 0.350500 0.738164 0.353000 0.748792 0.356500 0.770048 0.356000 0.779710 0.354000 0.788406 0.350000 0.788406 0.343000 0.770048 0.330500
0 0.383575 0.406000 0.372947 0.407500 0.356522 0.414500 0.342995 0.417000 0.341063 0.423500 0.344928 0.431000 0.350725 0.435000 0.369082 0.438500 0.378744 0.438500 0.393237 0.432500 0.396135 0.425000 0.395169 0.415500 0.391304 0.410000
0 0.330435 0.424500 0.317874 0.424500 0.300483 0.427000 0.285024 0.430500 0.279227 0.435000 0.278261 0.440000 0.282126 0.447500 0.288889 0.453500 0.303382 0.459000 0.312077 0.460000 0.321739 0.459000 0.328502 0.455500 0.338164 0.446500 0.342029 0.440500 0.342995 0.434500 0.340097 0.429500
0 0.238647 0.416500 0.225121 0.422000 0.221256 0.426500 0.222222 0.440000 0.226087 0.445500 0.230918 0.448000 0.261836 0.448500 0.271498 0.446500 0.276329 0.443500 0.278261 0.435500 0.281159 0.432500 0.281159 0.427000 0.275362 0.421000 0.271498 0.419000 0.255072 0.415500
0 0.428019 0.410500 0.417391 0.410000 0.409662 0.411000 0.398068 0.420000 0.395169 0.427500 0.395169 0.436000 0.398068 0.439500 0.404831 0.442000 0.417391 0.441500 0.428986 0.439500 0.443478 0.434500 0.452174 0.428500 0.453140 0.423500 0.437681 0.413500
0 0.442512 0.393500 0.436715 0.403000 0.436715 0.409000 0.441546 0.414500 0.452174 0.421500 0.459903 0.423000 0.473430 0.423000 0.492754 0.418000 0.496618 0.416000 0.503382 0.415000 0.508213 0.412500 0.504348 0.405000 0.496618 0.399500 0.482126 0.393000 0.471498 0.390500 0.457005 0.390000
0 0.514010 0.377500 0.505314 0.381500 0.501449 0.385000 0.497585 0.396000 0.500483 0.401000 0.507246 0.405000 0.517874 0.407000 0.539130 0.407500 0.544928 0.406500 0.557488 0.400500 0.557488 0.388500 0.546860 0.382500 0.535266 0.378000 0.519807 0.376500
0 0.510145 0.407500 0.507246 0.413000 0.503382 0.415500 0.495652 0.417000 0.494686 0.420000 0.508213 0.428000 0.525604 0.433500 0.539130 0.431000 0.545894 0.424500 0.548792 0.417000 0.548792 0.412000 0.545894 0.409000 0.542029 0.407500
0 0.944928 0.685000 0.928502 0.687000 0.915942 0.693000 0.911111 0.699500 0.911111 0.705500 0.918841 0.715000 0.927536 0.719500 0.939130 0.722000 0.952657 0.722000 0.969082 0.711000 0.972947 0.703500 0.972947 0.696000 0.963285 0.687000 0.951691 0.685000
0 0.887923 0.698000 0.878261 0.699500 0.871498 0.703500 0.868599 0.707500 0.868599 0.715000 0.876329 0.733500 0.885024 0.736500 0.897585 0.736500 0.903382 0.734000 0.908213 0.725500 0.909179 0.705000 0.908213 0.702000 0.904348 0.699500 0.897585 0.698000
0 0.874396 0.687000 0.860870 0.685000 0.840580 0.686000 0.823188 0.691500 0.819324 0.695500 0.820290 0.704000 0.838647 0.714500 0.844444 0.715500 0.853140 0.715000 0.866667 0.709500 0.874396 0.701500 0.873430 0.697500 0.877295 0.691500 0.877295 0.688500
0 0.805797 0.705500 0.793237 0.708500 0.784541 0.713000 0.780676 0.717000 0.779710 0.725500 0.791304 0.736500 0.803865 0.740500 0.811594 0.740500 0.829952 0.735500 0.836715 0.730500 0.839614 0.725000 0.839614 0.716500 0.836715 0.713000 0.823188 0.706500
0 0.770048 0.691000 0.762319 0.691500 0.759420 0.696500 0.739130 0.703500 0.729469 0.709500 0.722705 0.716000 0.722705 0.724500 0.728502 0.730000 0.738164 0.733500 0.743961 0.734500 0.762319 0.733500 0.773913 0.728500 0.777778 0.724500 0.782609 0.713000 0.781643 0.704000 0.777778 0.696000
0 0.725604 0.671500 0.713043 0.671500 0.707246 0.673000 0.702415 0.676000 0.691787 0.688500 0.691787 0.696500 0.701449 0.709000 0.707246 0.711500 0.719807 0.709000 0.739130 0.700500 0.744928 0.697000 0.749758 0.690000 0.749758 0.681500 0.744928 0.677000 0.736232 0.673500
0 0.679227 0.693500 0.668599 0.691500 0.653140 0.691000 0.642512 0.693000 0.634783 0.697000 0.628019 0.707000 0.628019 0.713000 0.633816 0.722000 0.637681 0.724500 0.649275 0.726000 0.662802 0.724000 0.685024 0.713500 0.689855 0.706500 0.689855 0.700500 0.685024 0.696000
0 0.702415 0.712500 0.692754 0.712500 0.681159 0.714500 0.667633 0.721500 0.656039 0.724500 0.653140 0.727000 0.661836 0.735500 0.672464 0.740500 0.684058 0.744000 0.694686 0.744000 0.700483 0.742500 0.709179 0.738000 0.714976 0.727500 0.714010 0.719500 0.711111 0.715500
0 0.586473 0.700000 0.575845 0.700000 0.569082 0.701500 0.557488 0.708000 0.550725 0.716500 0.551691 0.723500 0.562319 0.729000 0.589372 0.729000 0.599034 0.726500 0.605797 0.722500 0.605797 0.716500 0.599034 0.705000
0 0.510145 0.660500 0.503382 0.662000 0.489855 0.670000 0.486957 0.673500 0.485024 0.681500 0.487923 0.685500 0.502415 0.693500 0.510145 0.695000 0.526570 0.695000 0.538164 0.692500 0.544928 0.688500 0.547826 0.682000 0.546860 0.673500 0.542029 0.668000 0.533333 0.663000 0.518841 0.660000
0 0.418357 0.671500 0.411594 0.673500 0.400000 0.685500 0.400000 0.692500 0.402899 0.699500 0.407729 0.706000 0.414493 0.709500 0.422222 0.711000 0.438647 0.710500 0.451208 0.707500 0.461836 0.701500 0.464734 0.695500 0.462802 0.688500 0.455072 0.681000 0.444444 0.675000 0.436715 0.673000
0 0.350725 0.685000 0.339130 0.687500 0.322705 0.697000 0.322705 0.701500 0.332367 0.707500 0.344928 0.710500 0.353623 0.711000 0.367150 0.708000 0.375845 0.707500 0.379710 0.705500 0.381643 0.696000 0.376812 0.690500 0.371981 0.688000 0.363285 0.686000
0 0.335266 0.666500 0.334300 0.673500 0.340097 0.678500 0.349758 0.683500 0.374879 0.688500 0.385507 0.688500 0.394203 0.684000 0.399034 0.678000 0.400000 0.670500 0.396135 0.666000 0.389372 0.662500 0.377778 0.660000 0.357488 0.659000 0.343961 0.662000
0 0.314976 0.665000 0.304348 0.665500 0.293720 0.669500 0.289855 0.673000 0.288889 0.685000 0.290821 0.688000 0.298551 0.693500 0.305314 0.694500 0.314010 0.693000 0.321739 0.682000 0.321739 0.670500
0 0.314976 0.695000 0.289855 0.691500 0.270531 0.696500 0.257005 0.709500 0.257005 0.717500 0.263768 0.725500 0.275362 0.729000 0.287923 0.729500 0.303382 0.726000 0.313043 0.721500 0.320773 0.713500 0.322705 0.707000 0.321739 0.699000
0 0.289855 0.673000 0.268599 0.669000 0.257971 0.668500 0.243478 0.669000 0.234783 0.670500 0.226087 0.675000 0.222222 0.681000 0.222222 0.687000 0.225121 0.693500 0.230918 0.698500 0.235749 0.700000 0.246377 0.700500 0.264734 0.695500 0.285990 0.684000 0.289855 0.678000
0 0.312077 0.640500 0.296618 0.638500 0.282126 0.638500 0.276329 0.639500 0.270531 0.642500 0.264734 0.648500 0.264734 0.658500 0.270531 0.667500 0.274396 0.670000 0.281159 0.671500 0.290821 0.671000 0.310145 0.664500 0.326570 0.653000 0.327536 0.649000 0.325604 0.646500 0.318841 0.642500
0 0.170048 0.665500 0.157488 0.669500 0.152657 0.676500 0.153623 0.680500 0.158454 0.684500 0.162319 0.691000 0.175845 0.697500 0.183575 0.699000 0.194203 0.698500 0.206763 0.694000 0.217391 0.687000 0.222222 0.679000 0.221256 0.672000 0.216425 0.669000 0.209662 0.670000 0.187440 0.669500 0.179710 0.665000
0 0.129469 0.671500 0.123671 0.671500 0.118841 0.673500 0.107246 0.685500 0.107246 0.698000 0.116908 0.704500 0.142029 0.702500 0.152657 0.699000 0.159420 0.694000 0.159420 0.685500 0.152657 0.679000
0 0.146860 0.623500 0.138164 0.625500 0.128502 0.630500 0.125604 0.633500 0.123671 0.639500 0.126570 0.647000 0.133333 0.654000 0.140097 0.658000 0.149758 0.660000 0.171981 0.659000 0.181643 0.650500 0.182609 0.645000 0.178744 0.643000 0.155556 0.641500 0.148792 0.638500 0.148792 0.635000 0.157488 0.627000 0.158454 0.623000
0 0.200966 0.609000 0.195169 0.607500 0.183575 0.607500 0.177778 0.608500 0.170048 0.613500 0.159420 0.623500 0.157488 0.628000 0.148792 0.634500 0.149758 0.639500 0.152657 0.641500 0.164251 0.642500 0.193237 0.641500 0.213527 0.631500 0.215459 0.628000 0.214493 0.619500
0 0.155556 0.589000 0.145894 0.588000 0.131401 0.588500 0.116908 0.592500 0.108213 0.597500 0.101449 0.605000 0.101449 0.612500 0.104348 0.616000 0.111111 0.619500 0.123671 0.622500 0.140097 0.623000 0.148792 0.622000 0.157488 0.617500 0.164251 0.610500 0.167150 0.603000
0 0.126570 0.540000 0.107246 0.549000 0.107246 0.558500 0.110145 0.563500 0.114976 0.567000 0.125604 0.568500 0.141063 0.568500 0.148792 0.566500 0.161353 0.558500 0.163285 0.554500 0.161353 0.547500 0.150725 0.542000 0.137198 0.540000
0 0.176812 0.570000 0.169082 0.574000 0.159420 0.583000 0.158454 0.590000 0.162319 0.595000 0.180676 0.605500 0.188406 0.606500 0.197101 0.606000 0.205797 0.604000 0.214493 0.600000 0.216425 0.597000 0.224155 0.592500 0.223188 0.588500 0.217391 0.585500 0.208696 0.585500 0.201932 0.582000 0.195169 0.573500 0.191304 0.571500
0 0.211594 0.552500 0.205797 0.553500 0.195169 0.561000 0.193237 0.572500 0.200966 0.582000 0.205797 0.584500 0.218357 0.585000 0.232850 0.580000 0.241546 0.575000 0.244444 0.564500 0.224155 0.553500
0 0.170048 0.528500 0.163285 0.530000 0.157488 0.535000 0.157488 0.542500 0.164251 0.554000 0.167150 0.556500 0.176812 0.559500 0.191304 0.561000 0.210628 0.550500 0.213527 0.539000 0.212560 0.534000 0.204831 0.530000
0 0.228019 0.507000 0.221256 0.508000 0.211594 0.512500 0.206763 0.521500 0.206763 0.527500 0.209662 0.531500 0.216425 0.535500 0.223188 0.537000 0.234783 0.537000 0.257005 0.532000 0.263768 0.528000 0.264734 0.524000 0.259903 0.517500 0.242512 0.508000
0 0.132367 0.508500 0.124638 0.508000 0.114976 0.509500 0.100483 0.515500 0.097585 0.521000 0.098551 0.534500 0.101449 0.537000 0.124638 0.538000 0.133333 0.535500 0.142029 0.530000 0.145894 0.525500 0.145894 0.520000
0 0.266667 0.530500 0.260870 0.530000 0.257005 0.532000 0.238647 0.536500 0.224155 0.538500 0.221256 0.540500 0.219324 0.545000 0.222222 0.552500 0.239614 0.561500 0.245411 0.562500 0.251208 0.561500 0.259903 0.557500 0.263768 0.554000 0.262802 0.545000 0.268599 0.534000
0 0.270531 0.532000 0.266667 0.536000 0.263768 0.545500 0.265700 0.556000 0.285990 0.563500 0.296618 0.563500 0.309179 0.561500 0.320773 0.556000 0.324638 0.550000 0.322705 0.544500 0.299517 0.533500 0.279227 0.531500
0 0.327536 0.517500 0.318841 0.519000 0.314976 0.521000 0.305314 0.529500 0.304348 0.534000 0.307246 0.537000 0.326570 0.546500 0.339130 0.547500 0.343961 0.546500 0.351691 0.542000 0.354589 0.538000 0.353623 0.531500 0.339130 0.519000
0 0.390338 0.539000 0.376812 0.534500 0.366184 0.534500 0.358454 0.537000 0.340097 0.550500 0.338164 0.554500 0.339130 0.561000 0.346860 0.562000 0.372947 0.558000 0.386473 0.553500 0.396135 0.548500 0.396135 0.544000
0 0.403865 0.517500 0.386473 0.525500 0.385507 0.532000 0.387440 0.537000 0.401932 0.546500 0.411594 0.547500 0.428019 0.546500 0.433816 0.542500 0.428019 0.522500 0.424155 0.520000 0.414493 0.518000
0 0.435749 0.543000 0.428986 0.547500 0.426087 0.552000 0.426087 0.561500 0.434783 0.572000 0.458937 0.571500 0.470531 0.569000 0.478261 0.565000 0.481159 0.561000 0.481159 0.555500 0.470531 0.546500 0.450242 0.544500 0.443478 0.542500
0 0.538164 0.512500 0.527536 0.517500 0.521739 0.524500 0.521739 0.532000 0.525604 0.538000 0.532367 0.541500 0.533333 0.543500 0.538164 0.545000 0.548792 0.544000 0.552657 0.545000 0.565217 0.545000 0.572947 0.544000 0.579710 0.540000 0.585507 0.533500 0.586473 0.528500 0.581643 0.521000 0.571981 0.515000 0.565217 0.513000 0.553623 0.511500
0 0.586473 0.508500 0.584541 0.510500 0.585507 0.526000 0.597101 0.537500 0.616425 0.542000 0.625121 0.542000 0.640580 0.537000 0.654106 0.526500 0.654106 0.520500 0.645411 0.512500 0.628986 0.509000 0.616425 0.509000 0.612560 0.508000
0 0.714976 0.531000 0.708213 0.527500 0.693720 0.523000 0.685990 0.523000 0.677295 0.525000 0.664734 0.530500 0.657005 0.537500 0.654106 0.544500 0.655072 0.549000 0.673430 0.549500 0.691787 0.552000 0.700483 0.552000 0.708213 0.550500 0.719807 0.541500
0 0.724638 0.540000 0.709179 0.550500 0.708213 0.558500 0.710145 0.561000 0.718841 0.566000 0.737198 0.570500 0.746860 0.571000 0.767150 0.569500 0.775845 0.561500 0.775845 0.556000 0.768116 0.549000 0.759420 0.544000 0.745894 0.539000 0.734300 0.538000
0 0.800000 0.507000 0.760386 0.507500 0.754589 0.509000 0.750725 0.513000 0.750725 0.522500 0.756522 0.529000 0.764251 0.533500 0.772947 0.535500 0.787440 0.535000 0.800966 0.530000 0.809662 0.525000 0.814493 0.519500 0.814493 0.513500
0 0.790338 0.534500 0.787440 0.539500 0.787440 0.546000 0.792271 0.550000 0.813527 0.552000 0.824155 0.554500 0.831884 0.554500 0.839614 0.552000 0.842512 0.549000 0.841546 0.540000 0.826087 0.531500 0.814493 0.529500 0.803865 0.529500 0.798068 0.530500
0 0.906280 0.512500 0.893720 0.512500 0.882126 0.515000 0.867633 0.521500 0.864734 0.524500 0.864734 0.533000 0.868599 0.538500 0.874396 0.542500 0.886957 0.546500 0.897585 0.546500 0.912077 0.542000 0.915942 0.538000 0.920773 0.526000 0.919807 0.521500 0.914010 0.516000
0 0.920773 0.528000 0.914976 0.540000 0.915942 0.543000 0.942995 0.553500 0.962319 0.553500 0.966184 0.552500 0.970048 0.549000 0.970048 0.540500 0.964251 0.533000 0.950725 0.525500 0.943961 0.524000 0.932367 0.525000
0 0.894686 0.547000 0.889855 0.550000 0.886957 0.556000 0.887923 0.563500 0.890821 0.566500 0.904348 0.573000 0.922705 0.573000 0.930435 0.571500 0.942995 0.564000 0.943961 0.557000 0.942029 0.554000 0.934300 0.550000 0.914976 0.544000
0 0.918841 0.581000 0.912077 0.582000 0.905314 0.587000 0.897585 0.590000 0.894686 0.595000 0.894686 0.604000 0.899517 0.610000 0.906280 0.613000 0.913043 0.614500 0.929469 0.615000 0.941063 0.613000 0.950725 0.608500 0.956522 0.604000 0.957488 0.598000 0.952657 0.590000 0.942995 0.584500 0.930435 0.581500
0 0.950725 0.621000 0.932367 0.622000 0.927536 0.623000 0.925604 0.625000 0.924638 0.630000 0.918841 0.637500 0.917874 0.643500 0.922705 0.650000 0.931401 0.654000 0.945894 0.654000 0.965217 0.651000 0.982609 0.639500 0.980676 0.634500 0.960386 0.623000
0 0.982609 0.651000 0.966184 0.653000 0.955556 0.652000 0.931401 0.655000 0.927536 0.656500 0.932367 0.667500 0.937198 0.672000 0.946860 0.677000 0.959420 0.678500 0.968116 0.676500 0.976812 0.672500 0.987440 0.663000 0.989372 0.658500 0.987440 0.653500
0 0.875362 0.612500 0.865700 0.616500 0.861836 0.620500 0.860870 0.627500 0.864734 0.634500 0.870531 0.640500 0.880193 0.645000 0.887923 0.646500 0.904348 0.645500 0.916908 0.640000 0.920773 0.635500 0.928502 0.620000 0.927536 0.616000 0.925604 0.615000 0.913043 0.615000 0.896618 0.612000
0 0.885024 0.662500 0.878261 0.665000 0.873430 0.670000 0.871498 0.678000 0.880193 0.686000 0.896618 0.693500 0.913043 0.694000 0.925604 0.688000 0.929469 0.684000 0.929469 0.670000 0.924638 0.665500 0.913043 0.661500 0.904348 0.661000
0 0.867633 0.648500 0.858937 0.647500 0.841546 0.649500 0.828986 0.653000 0.821256 0.657000 0.816425 0.661500 0.815459 0.669000 0.817391 0.672500 0.826087 0.680000 0.838647 0.685000 0.847343 0.685500 0.856039 0.684000 0.870531 0.674000 0.878261 0.665500 0.878261 0.657500
0 0.761353 0.653000 0.741063 0.662000 0.739130 0.664500 0.741063 0.673000 0.747826 0.679000 0.756522 0.683000 0.768116 0.685000 0.776812 0.684500 0.790338 0.679500 0.796135 0.674000 0.796135 0.668000 0.793237 0.661500 0.790338 0.658500 0.779710 0.654000
0 0.722705 0.633500 0.715942 0.635500 0.711111 0.639000 0.708213 0.644500 0.708213 0.653500 0.714976 0.663000 0.719807 0.665000 0.728502 0.665000 0.739130 0.663500 0.756522 0.656500 0.765217 0.646500 0.766184 0.642500 0.756522 0.637000 0.744928 0.636500 0.731401 0.633500
0 0.726570 0.606500 0.721739 0.608500 0.719807 0.613000 0.721739 0.622000 0.728502 0.632500 0.742995 0.636500 0.754589 0.636500 0.758454 0.635500 0.767150 0.631000 0.774879 0.623000 0.775845 0.618000 0.773913 0.613500 0.766184 0.609000 0.750725 0.605500 0.738164 0.605000
0 0.691787 0.583000 0.682126 0.585500 0.671498 0.586500 0.664734 0.589000 0.660870 0.592000 0.660870 0.596000 0.667633 0.604500 0.675362 0.610000 0.691787 0.615500 0.701449 0.615500 0.714010 0.612000 0.718841 0.609000 0.722705 0.595500 0.719807 0.590000 0.713043 0.586000 0.701449 0.583500
0 0.667633 0.551500 0.658937 0.553500 0.653140 0.556500 0.648309 0.563500 0.649275 0.567500 0.654106 0.573500 0.671498 0.584000 0.683092 0.584500 0.693720 0.579500 0.701449 0.571000 0.706280 0.562000 0.706280 0.557000 0.701449 0.553000
0 0.594203 0.539500 0.576812 0.545000 0.568116 0.550000 0.565217 0.553500 0.567150 0.561000 0.571981 0.565000 0.589372 0.570500 0.599034 0.571500 0.617391 0.570500 0.627053 0.566500 0.629952 0.561500 0.629952 0.556000 0.625121 0.548000 0.619324 0.542500 0.604831 0.539500
0 0.509179 0.547000 0.500483 0.553000 0.500483 0.557500 0.507246 0.570500 0.512077 0.574000 0.518841 0.576000 0.528502 0.576000 0.539130 0.574000 0.553623 0.566500 0.558454 0.561000 0.557488 0.555500 0.540097 0.547000 0.529469 0.546000
0 0.548792 0.568500 0.541063 0.572500 0.539130 0.575000 0.542995 0.587500 0.565217 0.597500 0.573913 0.598000 0.587440 0.596000 0.592271 0.592500 0.593237 0.583500 0.584541 0.572500 0.577778 0.569000 0.569082 0.567000 0.555556 0.567000
0 0.642512 0.574000 0.622222 0.574000 0.614493 0.575000 0.604831 0.580000 0.606763 0.584000 0.604831 0.587500 0.599034 0.591500 0.599034 0.596000 0.612560 0.605500 0.619324 0.608500 0.633816 0.608500 0.641546 0.606500 0.648309 0.603000 0.658937 0.591500 0.657005 0.581000 0.650242 0.576000
0 0.586473 0.596000 0.567150 0.601000 0.565217 0.613500 0.567150 0.617500 0.577778 0.627000 0.582609 0.628000 0.597101 0.628000 0.613527 0.619500 0.616425 0.616000 0.616425 0.609000 0.602899 0.598500 0.596135 0.596500
0 0.692754 0.615000 0.678261 0.612000 0.663768 0.611000 0.638647 0.615000 0.628019 0.619500 0.624155 0.623000 0.623188 0.632000 0.627053 0.636500 0.639614 0.643000 0.649275 0.643500 0.657971 0.641500 0.677295 0.631000 0.685990 0.622000 0.691787 0.619000
0 0.643478 0.654000 0.631884 0.661000 0.631884 0.669000 0.640580 0.674000 0.652174 0.678000 0.676329 0.683500 0.685990 0.684000 0.687923 0.682500 0.686957 0.678500 0.682126 0.674000 0.676329 0.662000 0.671498 0.657000 0.665700 0.654000 0.657971 0.652500
0 0.495652 0.623000 0.481159 0.625500 0.475362 0.628500 0.470531 0.637000 0.469565 0.644000 0.472464 0.648000 0.491787 0.657000 0.498551 0.658500 0.512077 0.657500 0.526570 0.650500 0.535266 0.639000 0.535266 0.632500 0.530435 0.627500 0.517874 0.626000 0.509179 0.623500
0 0.542029 0.587000 0.528502 0.587500 0.517874 0.590500 0.506280 0.600000 0.499517 0.609000 0.501449 0.619000 0.512077 0.624000 0.533333 0.627500 0.551691 0.624000 0.560386 0.618500 0.564251 0.612500 0.564251 0.598500
0 0.463768 0.572000 0.455072 0.574500 0.446377 0.581500 0.444444 0.584500 0.444444 0.592500 0.448309 0.597000 0.454106 0.599500 0.465700 0.602000 0.471498 0.604500 0.482126 0.604500 0.491787 0.601500 0.498551 0.597000 0.500483 0.592000 0.499517 0.584000 0.479227 0.573500
0 0.488889 0.605500 0.476329 0.605000 0.461836 0.610000 0.451208 0.624000 0.442512 0.630500 0.444444 0.633000 0.451208 0.633000 0.473430 0.628500 0.497585 0.621000 0.497585 0.612000
0 0.427053 0.596500 0.404831 0.604000 0.398068 0.610500 0.399034 0.615000 0.406763 0.621500 0.417391 0.626000 0.426087 0.627500 0.440580 0.627500 0.449275 0.625500 0.455072 0.620500 0.457971 0.615000 0.457005 0.603500 0.454106 0.600500 0.444444 0.597000
0 0.421256 0.566500 0.400966 0.567000 0.380676 0.570000 0.370048 0.580500 0.370048 0.588500 0.384541 0.595000 0.404831 0.600500 0.413527 0.600000 0.437681 0.591500 0.441546 0.588500 0.441546 0.580000 0.439614 0.577000 0.432850 0.571500
0 0.425121 0.552000 0.413527 0.548000 0.402899 0.548500 0.390338 0.551000 0.376812 0.557000 0.372947 0.562500 0.372947 0.568500 0.385507 0.569000 0.419324 0.565000 0.426087 0.560500
0 0.310145 0.563500 0.304348 0.569000 0.303382 0.576500 0.312077 0.583500 0.324638 0.587500 0.341063 0.590000 0.360386 0.589000 0.367150 0.587000 0.372947 0.574000 0.367150 0.561000 0.359420 0.560500 0.342029 0.562000 0.337198 0.559000 0.328502 0.557500 0.320773 0.558500
0 0.260870 0.558500 0.248309 0.564500 0.241546 0.576500 0.247343 0.587000 0.257971 0.590500 0.269565 0.591000 0.289855 0.587000 0.297585 0.583500 0.300483 0.580500 0.300483 0.571500 0.291787 0.564500 0.273430 0.560500 0.269565 0.558500