0 0.613539 0.575693 0.600213 0.561478 0.595416 0.562189 0.586887 0.567875 0.578891 0.579957 0.575693 0.590618 0.574094 0.601990 0.577292 0.611230 0.578891 0.613362 0.586301 0.609240 0.595416 0.602701 0.608209 0.601279 0.609808 0.599858 0.614072 0.583511
0 0.308635 0.304193 0.300107 0.311301 0.295842 0.319829 0.295309 0.328358 0.296908 0.337598 0.301173 0.345416 0.305970 0.348969 0.312900 0.351812 0.322495 0.350391 0.328891 0.345416 0.333156 0.338308 0.334755 0.333333 0.334222 0.321962 0.327292 0.309168 0.318763 0.303483 0.313966 0.302772
0 0.332409 0.342004 0.330490 0.346837 0.328891 0.349680 0.327292 0.358920 0.327292 0.367448 0.332090 0.378109 0.344350 0.388770 0.349680 0.389481 0.357676 0.384506 0.360874 0.379531 0.363006 0.370291 0.363006 0.359630 0.360341 0.351102 0.354478 0.345416 0.342751 0.340441 0.334915 0.339872
0 0.460021 0.311301 0.453625 0.310590 0.447228 0.313433 0.442964 0.318408 0.436567 0.331201 0.434968 0.338308 0.434968 0.350391 0.438166 0.357498 0.442964 0.363184 0.454158 0.364606 0.458955 0.362473 0.470682 0.346837 0.468550 0.323383 0.465352 0.316986
0 0.477079 0.378820 0.473881 0.387349 0.473348 0.403696 0.474947 0.409382 0.479211 0.414357 0.489339 0.417200 0.505864 0.417200 0.516525 0.402985 0.516525 0.397299 0.512793 0.387349 0.508529 0.380952 0.502665 0.375977 0.494670 0.373134 0.487207 0.373134
0 0.548507 0.336887 0.541045 0.343284 0.537846 0.350391 0.536780 0.355366 0.537846 0.366738 0.539979 0.372424 0.543710 0.377399 0.551173 0.383795 0.557569 0.384506 0.562900 0.383085 0.566631 0.380242 0.570896 0.372424 0.569296 0.350391 0.563966 0.342573 0.559701 0.339019 0.553838 0.336176
0 0.595416 0.314854 0.584755 0.303483 0.574627 0.302772 0.569296 0.304193 0.563433 0.309168 0.559701 0.314854 0.558635 0.325515 0.560235 0.334044 0.563966 0.340441 0.568230 0.346269 0.571962 0.344136 0.575959 0.339872 0.580864 0.337385 0.595949 0.332623 0.597015 0.320540
0 0.578678 0.338095 0.571429 0.348259 0.570362 0.351102 0.571429 0.370291 0.574627 0.377399 0.581023 0.383795 0.594883 0.383795 0.599680 0.379531 0.601812 0.370291 0.608742 0.352523 0.608209 0.346127 0.605544 0.340441 0.595949 0.334044
0 0.631130 0.348969 0.622068 0.346127 0.613006 0.350391 0.609275 0.353945 0.602345 0.371002 0.600746 0.382374 0.602345 0.387349 0.609275 0.397299 0.615139 0.401564 0.619403 0.401564 0.630064 0.395878 0.633262 0.391613 0.634328 0.385217 0.634328 0.366738 0.632729 0.351812
0 0.655117 0.324805 0.650320 0.324805 0.642857 0.330490 0.636994 0.340441 0.633795 0.351102 0.634861 0.366738 0.637527 0.371002 0.646588 0.378109 0.651919 0.378109 0.656343 0.375338 0.662580 0.372424 0.665245 0.366027 0.664712 0.344705 0.662580 0.332623
0 0.681770 0.307747 0.675906 0.307747 0.670576 0.311301 0.666311 0.318408 0.663646 0.328358 0.663646 0.334755 0.665778 0.343284 0.677505 0.361763 0.684968 0.350391 0.697761 0.343284 0.702026 0.331912 0.700959 0.324805 0.696695 0.316986 0.690299 0.311301
0 0.690299 0.293532 0.690299 0.298507 0.692964 0.304193 0.695096 0.314144 0.703625 0.329069 0.713220 0.331912 0.719083 0.329069 0.722814 0.323383 0.724947 0.317697 0.727079 0.303483 0.726546 0.294243 0.723348 0.288557 0.720149 0.286425 0.700959 0.285004 0.697228 0.286425 0.694563 0.290689
0 0.742537 0.283582 0.739872 0.286425 0.739339 0.295665 0.741471 0.300640 0.745736 0.319829 0.757996 0.330490 0.763859 0.341862 0.765991 0.343284 0.769190 0.342573 0.774520 0.333333 0.780917 0.326226 0.782516 0.321962 0.782516 0.313433 0.780384 0.307036 0.772921 0.297086 0.763326 0.288557 0.756930 0.285714
0 0.651386 0.379531 0.643923 0.393035 0.642857 0.398010 0.643390 0.403696 0.650320 0.412225 0.660981 0.420043 0.671642 0.422886 0.680171 0.420753 0.686567 0.398721 0.686034 0.393035 0.684328 0.387918 0.681237 0.383795 0.674840 0.377399 0.666844 0.373845 0.662047 0.373845 0.654584 0.376688
0 0.630064 0.395167 0.618337 0.402274 0.615139 0.406539 0.613006 0.416489 0.613006 0.427150 0.617271 0.442075 0.619936 0.446340 0.631663 0.449183 0.640725 0.443497 0.647122 0.433547 0.649787 0.425729 0.649787 0.415778 0.640192 0.400142
0 0.598081 0.385928 0.583156 0.387349 0.578358 0.393035 0.576759 0.398721 0.576226 0.410803 0.577292 0.420043 0.581557 0.429993 0.587420 0.434968 0.593284 0.434968 0.605544 0.429993 0.609808 0.425729 0.612473 0.415068 0.610341 0.400853 0.603945 0.390903
0 0.574627 0.397299 0.569296 0.387349 0.565565 0.384506 0.552772 0.385928 0.533049 0.393035 0.531450 0.404407 0.533582 0.415068 0.536780 0.422175 0.541578 0.425729 0.547441 0.425729 0.561834 0.422175 0.567697 0.417910 0.570896 0.413646 0.574627 0.404407
0 0.787846 0.283582 0.784115 0.288557 0.780917 0.299929 0.780384 0.304904 0.783582 0.316276 0.791045 0.324805 0.798507 0.329780 0.804371 0.330490 0.807036 0.329069 0.813433 0.320540 0.817697 0.312011 0.818230 0.302772 0.817164 0.298507 0.813966 0.292111 0.804904 0.283582 0.799041 0.282161
0 0.775053 0.333333 0.771322 0.340441 0.770789 0.346837 0.773454 0.356787 0.778252 0.367448 0.786247 0.373134 0.790512 0.373134 0.799041 0.370291 0.803305 0.366027 0.805970 0.356787 0.805970 0.351102 0.802772 0.340441 0.796908 0.331201 0.791045 0.327647 0.783049 0.326226
0 0.736674 0.366027 0.733475 0.363895 0.727612 0.363895 0.718017 0.367448 0.712687 0.376688 0.711087 0.382374 0.710554 0.388770 0.712154 0.395167 0.716418 0.399431 0.721215 0.399431 0.725746 0.396731 0.743070 0.388770 0.744136 0.382374 0.742537 0.375267
0 0.660981 0.422175 0.658849 0.428571 0.658316 0.437811 0.655650 0.448472 0.655650 0.452736 0.658849 0.461265 0.662047 0.466240 0.667910 0.466240 0.683369 0.460554 0.689765 0.445629 0.689765 0.441365 0.687100 0.434968 0.681237 0.426439 0.678038 0.424307
0 0.642324 0.442075 0.631130 0.452026 0.627399 0.465529 0.627399 0.474058 0.630597 0.488984 0.634328 0.495380 0.641258 0.498223 0.649787 0.498223 0.652452 0.496802 0.657249 0.488984 0.660448 0.474769 0.660448 0.466240 0.656183 0.455579 0.647655 0.444918
0 0.608742 0.431414 0.600213 0.432125 0.589019 0.436389 0.584755 0.442786 0.583156 0.448472 0.583689 0.455579 0.587953 0.465529 0.594883 0.474058 0.602345 0.478323 0.613006 0.475480 0.617271 0.468372 0.618870 0.461265 0.618337 0.449183 0.615672 0.437811 0.613006 0.433547
0 0.546375 0.426439 0.536780 0.439943 0.534648 0.454158 0.535181 0.460554 0.538380 0.466951 0.541578 0.469794 0.561834 0.474769 0.564499 0.471926 0.567164 0.464108 0.574094 0.452026 0.572495 0.439943 0.565565 0.428571 0.560768 0.425018 0.554371 0.424307
0 0.817697 0.316276 0.811834 0.323383 0.808102 0.334044 0.807036 0.346837 0.807569 0.356077 0.809168 0.361763 0.812367 0.366027 0.817697 0.369581 0.822495 0.368870 0.831023 0.364606 0.839552 0.363895 0.844350 0.352523 0.844883 0.341151 0.832623 0.318408 0.826759 0.315565
0 0.845949 0.285714 0.837953 0.289268 0.834222 0.295665 0.832623 0.302061 0.832623 0.315565 0.836354 0.326226 0.845416 0.339730 0.850213 0.341151 0.859808 0.334044 0.863006 0.328358 0.865672 0.297086 0.864606 0.293532 0.859808 0.287846
0 0.904584 0.267946 0.900320 0.270789 0.897122 0.277896 0.896588 0.292822 0.897655 0.299929 0.900853 0.307747 0.906183 0.309879 0.915778 0.317697 0.920576 0.318408 0.924307 0.315565 0.928571 0.308458 0.930704 0.294954 0.930171 0.287846 0.928038 0.282161 0.921642 0.272921 0.912580 0.267946
0 0.948827 0.270789 0.944030 0.270789 0.939232 0.274343 0.932303 0.288557 0.929104 0.310590 0.931237 0.321251 0.934435 0.325515 0.949893 0.324805 0.960554 0.318408 0.961620 0.316276 0.962154 0.308458 0.959488 0.288557 0.955224 0.277186
0 0.997335 0.271500 0.993603 0.274343 0.986141 0.285714 0.983475 0.294954 0.983475 0.302061 0.984542 0.305615 0.995736 0.312722 0.997868 0.316276 1.000000 0.316276 1.000000 0.271500
0 0.986674 0.307036 0.982409 0.306326 0.972281 0.309879 0.967484 0.316986 0.966951 0.328358 0.969083 0.343284 0.971215 0.350391 0.974414 0.355366 0.977079 0.356787 0.987740 0.356077 0.992537 0.353234 0.997335 0.347548 0.998401 0.343994 1.000000 0.333902 1.000000 0.324449 0.998401 0.317697 0.995203 0.312722
0 0.948294 0.325515 0.942964 0.324805 0.933902 0.327647 0.925906 0.341862 0.924307 0.350391 0.924840 0.362473 0.926439 0.367448 0.931770 0.372424 0.939765 0.373845 0.954691 0.368870 0.959488 0.362473 0.959488 0.354229 0.957356 0.348969 0.955224 0.336176 0.953092 0.331201
0 0.900320 0.309879 0.893390 0.316986 0.888060 0.330490 0.886994 0.339730 0.889126 0.346837 0.893390 0.353234 0.900320 0.357498 0.906716 0.357498 0.913646 0.354655 0.921642 0.347548 0.923241 0.343284 0.923241 0.330490 0.921109 0.324094 0.914712 0.316276 0.905650 0.309879
0 0.923241 0.393746 0.913113 0.400142 0.909915 0.404407 0.906716 0.412935 0.906183 0.420043 0.907783 0.429993 0.912047 0.437811 0.923241 0.446340 0.928038 0.447050 0.942964 0.429993 0.943497 0.421464 0.941898 0.413646 0.936034 0.401564 0.930171 0.394456
0 0.969083 0.410092 0.964819 0.417910 0.962687 0.427150 0.962687 0.435679 0.967484 0.449893 0.970682 0.454869 0.975480 0.457001 0.987207 0.457001 0.993603 0.453447 0.998401 0.446340 1.000000 0.446340 1.000000 0.421464 0.998401 0.421464 0.989339 0.410803 0.974947 0.407960
0 0.884328 0.388060 0.880597 0.393035 0.878465 0.401564 0.875800 0.426439 0.878465 0.434968 0.884328 0.445629 0.893390 0.447050 0.897122 0.445629 0.906183 0.436389 0.906716 0.427150 0.905650 0.418621 0.902452 0.406539 0.897655 0.398721 0.889126 0.388060
0 0.867271 0.387349 0.861940 0.385217 0.857143 0.385928 0.842217 0.413646 0.840085 0.421464 0.840085 0.426439 0.842751 0.436389 0.844883 0.439943 0.850213 0.442075 0.867804 0.431414 0.873134 0.424307 0.876333 0.411514 0.876333 0.400853 0.872068 0.391613
0 0.789979 0.374556 0.786780 0.378109 0.785714 0.381663 0.786247 0.396588 0.800107 0.415068 0.802239 0.422886 0.807036 0.424307 0.809595 0.420114 0.814499 0.412225 0.816098 0.407960 0.816098 0.387349 0.815032 0.379531 0.812367 0.375267 0.804904 0.371002 0.797441 0.371713
0 0.781983 0.401564 0.777719 0.405828 0.766525 0.412225 0.763859 0.421464 0.763859 0.432125 0.765458 0.439232 0.775053 0.452026 0.787846 0.453447 0.797441 0.445629 0.800640 0.432125 0.800640 0.420753 0.798507 0.412935 0.793177 0.405828 0.787313 0.401564
0 0.815032 0.412935 0.808102 0.423596 0.807036 0.429282 0.808102 0.444208 0.810768 0.451315 0.819296 0.461976 0.835821 0.460554 0.841151 0.452026 0.842751 0.445629 0.842217 0.434968 0.839019 0.424307 0.834222 0.417200 0.823561 0.410803 0.818230 0.410803
0 0.873134 0.431414 0.868870 0.431414 0.855011 0.439232 0.851812 0.442786 0.849680 0.449183 0.849147 0.461265 0.850213 0.466951 0.855011 0.477612 0.859275 0.481876 0.865672 0.481876 0.877399 0.476190 0.880597 0.473348 0.883795 0.466951 0.884861 0.461976 0.883795 0.449893 0.879531 0.439232
0 0.912047 0.438522 0.905650 0.439232 0.891791 0.449893 0.889659 0.457001 0.889659 0.467662 0.891791 0.473348 0.900320 0.483298 0.904051 0.485430 0.908316 0.484719 0.921109 0.474058 0.925906 0.461976 0.925906 0.454158 0.924307 0.449183 0.917910 0.442075
0 0.942964 0.432836 0.937633 0.436389 0.932303 0.442786 0.929104 0.452026 0.929104 0.460554 0.933369 0.472637 0.938166 0.478323 0.944563 0.482587 0.953625 0.482587 0.962687 0.474058 0.969083 0.461265 0.970149 0.455579 0.962154 0.439232 0.949893 0.433547
0 0.981876 0.485430 0.977079 0.491827 0.975480 0.498934 0.977079 0.513859 0.978678 0.518124 0.986141 0.528785 0.989339 0.530206 0.994670 0.529495 0.998401 0.525231 1.000000 0.525231 1.000000 0.488273 0.988806 0.484719
0 0.955757 0.488273 0.946695 0.488273 0.938699 0.490405 0.934435 0.494670 0.931770 0.512438 0.932836 0.523810 0.935501 0.528785 0.946695 0.540156 0.952559 0.538024 0.956823 0.532338 0.961620 0.528785 0.969616 0.518124 0.971215 0.513149 0.970682 0.506752 0.960554 0.491116
0 0.924840 0.474769 0.919510 0.475480 0.905650 0.488273 0.902452 0.493248 0.899787 0.501066 0.898188 0.512438 0.899787 0.519545 0.901386 0.522388 0.911514 0.530917 0.916844 0.531628 0.924307 0.526652 0.928571 0.521677 0.931237 0.513149 0.933369 0.491827 0.930704 0.481876
0 0.817697 0.468372 0.815565 0.476901 0.815032 0.486851 0.817164 0.492537 0.823028 0.500355 0.826226 0.502488 0.833156 0.502488 0.842751 0.506041 0.847015 0.503909 0.850746 0.499645 0.854478 0.488273 0.855011 0.481166 0.849680 0.467662 0.845949 0.464819 0.837953 0.462687 0.825160 0.461976 0.821962 0.463397
0 0.816098 0.460554 0.808102 0.446340 0.801173 0.445629 0.785714 0.456290 0.777719 0.466240 0.776652 0.471926 0.785181 0.477612 0.794243 0.486141 0.808102 0.484719 0.812367 0.481166 0.815032 0.476190
0 0.755330 0.434968 0.749467 0.437100 0.745203 0.443497 0.742537 0.471926 0.748401 0.481876 0.757996 0.484719 0.766258 0.480100 0.771322 0.474769 0.775586 0.466951 0.776119 0.460554 0.773454 0.451315 0.763859 0.437811
0 0.744670 0.389481 0.724893 0.397797 0.719616 0.400142 0.716418 0.407960 0.716418 0.420753 0.716951 0.433547 0.727612 0.439232 0.735608 0.444208 0.740832 0.445274 0.746802 0.439232 0.750533 0.434968 0.752665 0.429282 0.752132 0.410092 0.747335 0.394456
0 0.708422 0.395878 0.694563 0.397299 0.688166 0.400142 0.685501 0.405117 0.681770 0.418621 0.682303 0.425729 0.692964 0.442075 0.697228 0.444918 0.702026 0.445629 0.705757 0.444208 0.715352 0.430704 0.715352 0.402985 0.712154 0.398010
0 0.712154 0.437100 0.706823 0.445629 0.712687 0.471926 0.714819 0.474769 0.728145 0.483298 0.732942 0.481876 0.738273 0.474058 0.740938 0.466951 0.741471 0.459844 0.738273 0.449183 0.733475 0.443497 0.725480 0.437811 0.718550 0.435679
0 0.664179 0.468372 0.659915 0.477612 0.658316 0.486141 0.659915 0.496091 0.663646 0.503198 0.671642 0.508884 0.682836 0.508884 0.690299 0.506752 0.693497 0.502488 0.695629 0.494670 0.695629 0.484719 0.692964 0.476190 0.688166 0.467662 0.682836 0.463397 0.675373 0.463397
0 0.707356 0.476190 0.700426 0.481166 0.697761 0.486141 0.695096 0.502488 0.700959 0.513859 0.707889 0.519545 0.716951 0.520256 0.725480 0.515991 0.731876 0.508173 0.733475 0.503909 0.732409 0.491827 0.729211 0.485430 0.716951 0.476190 0.713220 0.474769
0 0.734542 0.503909 0.728145 0.518124 0.728145 0.522388 0.730810 0.530206 0.735608 0.537313 0.742537 0.542999 0.746802 0.544421 0.755864 0.543710 0.762793 0.538024 0.764392 0.528785 0.763859 0.524520 0.756397 0.504620 0.753731 0.500355 0.746802 0.498223
0 0.786247 0.479033 0.774520 0.474769 0.765672 0.480810 0.759062 0.485430 0.756397 0.496091 0.756397 0.503909 0.761194 0.518124 0.763859 0.522388 0.766525 0.523810 0.775053 0.523810 0.779851 0.520256 0.784648 0.512438 0.790512 0.493248 0.790512 0.486141
0 0.795309 0.486851 0.793177 0.488984 0.789979 0.496802 0.787846 0.507463 0.788380 0.513859 0.794243 0.530917 0.799041 0.535892 0.802772 0.538024 0.811834 0.537313 0.816098 0.532338 0.818763 0.519545 0.822495 0.509595 0.822495 0.502488 0.816098 0.491827 0.807569 0.486141
0 0.488806 0.439943 0.484542 0.439232 0.472281 0.444208 0.466418 0.448472 0.462687 0.453447 0.458955 0.466240 0.458955 0.474058 0.461087 0.481876 0.466951 0.488984 0.474947 0.491827 0.484009 0.489694 0.493070 0.476190 0.495736 0.466951 0.495736 0.460554 0.490405 0.442075
0 0.525586 0.476901 0.517058 0.471926 0.509595 0.471926 0.492537 0.479033 0.488806 0.495380 0.488806 0.501066 0.490405 0.506041 0.493603 0.510306 0.500000 0.513149 0.513859 0.508884 0.523454 0.508884 0.527186 0.503198 0.529318 0.494670 0.528785 0.485430
0 0.542111 0.471215 0.536247 0.475480 0.531983 0.481166 0.530917 0.484009 0.530917 0.495380 0.535181 0.515991 0.538380 0.523810 0.543710 0.530206 0.549041 0.530917 0.554371 0.527363 0.560235 0.518124 0.560235 0.479744 0.558635 0.476190 0.553305 0.472637
0 0.583156 0.472637 0.578891 0.471926 0.566631 0.476190 0.561834 0.481876 0.561301 0.503909 0.562367 0.508884 0.566098 0.515281 0.571429 0.519545 0.582623 0.520256 0.585821 0.518834 0.588486 0.513859 0.589019 0.503909 0.593817 0.485430 0.589019 0.476190
0 0.613539 0.479033 0.603412 0.479033 0.592751 0.491116 0.592217 0.518834 0.594350 0.524520 0.599147 0.530206 0.603412 0.529495 0.612473 0.523810 0.619936 0.523099 0.623667 0.517413 0.623667 0.498223 0.619403 0.486141
0 0.625267 0.507463 0.624200 0.514570 0.625267 0.526652 0.630064 0.535892 0.633795 0.538735 0.636994 0.538735 0.646588 0.533049 0.658316 0.534471 0.662047 0.529495 0.663646 0.524520 0.664179 0.506752 0.658849 0.501066 0.633795 0.498934 0.629531 0.501777
0 0.646055 0.533760 0.641791 0.535892 0.634328 0.545842 0.631716 0.555792 0.635928 0.570718 0.639339 0.574200 0.646055 0.579247 0.649787 0.581379 0.654584 0.580668 0.663113 0.570718 0.664872 0.556503 0.663113 0.542289 0.656183 0.535892 0.651386 0.533760
0 0.619403 0.524520 0.610874 0.525231 0.601279 0.531628 0.598614 0.534471 0.596482 0.542289 0.596482 0.550817 0.598614 0.558635 0.615139 0.575693 0.619403 0.574982 0.626333 0.570718 0.630064 0.562189 0.630437 0.559133 0.631023 0.555792 0.631663 0.552807 0.631183 0.548401 0.631130 0.542999 0.629478 0.536887 0.625800 0.530917
0 0.575693 0.523099 0.571429 0.528074 0.568763 0.533760 0.568230 0.540867 0.570362 0.557925 0.576759 0.565743 0.582090 0.567164 0.587420 0.566453 0.597175 0.557285 0.595416 0.533049 0.592751 0.528074 0.584222 0.523099
0 0.563966 0.531628 0.560768 0.530206 0.552239 0.530206 0.545842 0.532338 0.535181 0.538024 0.529318 0.545131 0.525586 0.553660 0.525586 0.558635 0.527186 0.564321 0.533582 0.574982 0.539979 0.577825 0.549574 0.577114 0.559168 0.571429 0.566098 0.562900 0.568230 0.557214 0.567697 0.539446
0 0.496269 0.514570 0.492537 0.522388 0.490938 0.533049 0.491471 0.536603 0.494670 0.541578 0.506397 0.552239 0.516525 0.555792 0.522921 0.554371 0.530917 0.542999 0.532516 0.537313 0.531983 0.528785 0.528785 0.518834 0.523454 0.511016 0.511194 0.510306 0.502665 0.513859
0 0.427505 0.511727 0.423774 0.518124 0.420576 0.533049 0.421642 0.539446 0.438699 0.560057 0.442964 0.562900 0.453092 0.561478 0.458955 0.550107 0.458955 0.540867 0.454158 0.523810 0.448827 0.516702 0.439765 0.509595 0.431237 0.509595
0 0.493070 0.542999 0.482942 0.536603 0.477612 0.537313 0.466418 0.542999 0.460554 0.549396 0.458955 0.556503 0.456823 0.559346 0.458955 0.570718 0.462687 0.577114 0.469616 0.581379 0.485075 0.581379 0.491471 0.577825 0.494670 0.572850 0.497335 0.560057 0.496269 0.549396
0 0.524520 0.583511 0.521855 0.584932 0.517591 0.590618 0.509595 0.605544 0.508529 0.609097 0.509062 0.621891 0.517058 0.632552 0.533049 0.633262 0.539979 0.628287 0.542644 0.624023 0.544776 0.612651 0.544776 0.604833 0.542111 0.597015 0.533049 0.584222
0 0.537846 0.580668 0.539979 0.591329 0.545309 0.602701 0.548507 0.606254 0.568230 0.607676 0.571962 0.603412 0.574627 0.592751 0.574094 0.585643 0.566631 0.575693 0.559168 0.572850 0.548507 0.577825 0.541045 0.578536
0 0.431770 0.616205 0.424307 0.626155 0.421642 0.633262 0.421642 0.643213 0.424307 0.649609 0.431237 0.657427 0.442964 0.662402 0.452559 0.662402 0.455757 0.663824 0.459488 0.658849 0.461087 0.643923 0.461087 0.632552 0.458955 0.625444 0.453625 0.616915 0.447761 0.613362 0.437100 0.613362
0 0.372601 0.652452 0.371002 0.658138 0.372068 0.673774 0.375800 0.681592 0.381130 0.687989 0.387527 0.690832 0.396588 0.689410 0.405117 0.683724 0.408316 0.679460 0.409915 0.675195 0.409915 0.663113 0.406183 0.653873 0.400853 0.648898 0.392857 0.646055 0.380064 0.646055
0 0.403518 0.693674 0.394456 0.702203 0.390192 0.715707 0.391258 0.725657 0.393923 0.732765 0.400320 0.740583 0.406716 0.743426 0.414712 0.742715 0.421642 0.738451 0.426439 0.732054 0.428571 0.725657 0.428571 0.714996 0.424307 0.705757 0.417377 0.698650 0.409915 0.693674
0 0.421109 0.745558 0.415778 0.751244 0.413113 0.758351 0.412580 0.769012 0.415245 0.778962 0.420576 0.786070 0.431237 0.791045 0.440832 0.791045 0.446695 0.786780 0.452559 0.778252 0.455224 0.769012 0.454158 0.757640 0.447761 0.746979 0.438166 0.742004 0.428038 0.742004
0 0.371535 0.768301 0.368870 0.774698 0.368870 0.785359 0.372601 0.796731 0.380597 0.806681 0.385394 0.807392 0.391791 0.803838 0.401386 0.802416 0.406716 0.796020 0.408849 0.788913 0.407783 0.772566 0.400320 0.762615 0.391791 0.758351 0.384861 0.758351 0.376333 0.762615
0 0.507996 0.625444 0.499467 0.621891 0.493070 0.622601 0.489872 0.624733 0.483475 0.634684 0.478145 0.646055 0.476546 0.653163 0.478145 0.667377 0.482942 0.673774 0.495203 0.676617 0.498934 0.673774 0.506397 0.662402 0.517591 0.651031 0.517058 0.636816
0 0.517591 0.658138 0.513859 0.658849 0.505330 0.665245 0.497868 0.674485 0.496802 0.678038 0.498401 0.700071 0.505330 0.711443 0.521855 0.710732 0.528785 0.707889 0.530384 0.703625 0.530917 0.695096 0.526652 0.682303 0.525586 0.673774 0.523454 0.669510 0.522388 0.663113
0 0.471748 0.679460 0.466418 0.687278 0.464819 0.697939 0.465885 0.711443 0.469083 0.717129 0.474414 0.721393 0.483475 0.723525 0.493603 0.722104 0.500533 0.716418 0.502665 0.710732 0.496269 0.693674 0.495736 0.679460 0.487740 0.675906 0.481876 0.675906
0 0.553838 0.648188 0.550107 0.646055 0.536780 0.645345 0.531983 0.648188 0.527719 0.653163 0.523987 0.664534 0.528785 0.685856 0.533049 0.695096 0.537846 0.695096 0.544776 0.690121 0.549574 0.688699 0.559168 0.679460 0.562367 0.670931 0.562900 0.661692 0.559701 0.654584
0 0.585288 0.643213 0.575693 0.646766 0.569296 0.653163 0.567697 0.656716 0.566631 0.665245 0.570362 0.675906 0.582090 0.690832 0.589019 0.692253 0.594350 0.690121 0.600746 0.682303 0.602878 0.663824 0.600213 0.652452 0.592217 0.643213
0 0.606610 0.640370 0.602878 0.647477 0.603945 0.660981 0.602878 0.680881 0.604478 0.685146 0.609808 0.692253 0.615672 0.695807 0.619403 0.695807 0.628465 0.690832 0.631130 0.685856 0.635394 0.670220 0.634861 0.656716 0.632196 0.647477 0.627399 0.642502 0.619403 0.639659
0 0.630064 0.571429 0.623134 0.573561 0.616205 0.579247 0.613006 0.590618 0.612473 0.598436 0.613539 0.603412 0.620469 0.614783 0.631663 0.619758 0.640725 0.616205 0.647655 0.606965 0.649254 0.599147 0.649254 0.591329 0.646588 0.582090 0.640725 0.574982 0.635928 0.572139
0 0.650320 0.596304 0.649787 0.601990 0.650853 0.606254 0.656716 0.612651 0.682836 0.606965 0.682836 0.600569 0.679104 0.580668 0.676972 0.575693 0.671642 0.572139 0.664712 0.572139 0.662580 0.573561 0.656716 0.581379
0 0.678678 0.608387 0.667751 0.610874 0.658316 0.613362 0.656183 0.621891 0.665778 0.643213 0.672175 0.651741 0.690299 0.646055 0.693497 0.642502 0.695629 0.634684 0.695629 0.625444 0.692431 0.616915 0.685501 0.609808
0 0.634328 0.623312 0.632196 0.629709 0.631663 0.643213 0.637527 0.668799 0.643390 0.671642 0.652452 0.671642 0.657783 0.670220 0.662047 0.666667 0.667910 0.657427 0.668443 0.648188 0.657249 0.626155 0.653518 0.622601 0.638060 0.621891
0 0.670576 0.515991 0.665778 0.522388 0.662580 0.533049 0.663646 0.539446 0.676972 0.558635 0.680704 0.560768 0.689232 0.560057 0.692964 0.555082 0.695096 0.547264 0.695096 0.533760 0.691365 0.522388 0.688166 0.518124 0.682303 0.514570 0.674307 0.513859
0 0.704691 0.520967 0.700426 0.525942 0.697761 0.533049 0.697228 0.555792 0.699360 0.561478 0.705224 0.568586 0.708422 0.570718 0.713753 0.570718 0.720149 0.567164 0.724947 0.561478 0.728145 0.551528 0.728145 0.542999 0.723881 0.533760 0.716418 0.523099 0.711087 0.520967
0 0.679104 0.570718 0.678038 0.578536 0.683902 0.604833 0.687100 0.606965 0.700426 0.606965 0.703092 0.605544 0.710021 0.589908 0.710021 0.579957 0.707889 0.572139 0.703092 0.566453 0.698294 0.565032 0.686567 0.565743
0 0.710554 0.594883 0.706290 0.601279 0.704691 0.607676 0.706823 0.616915 0.714286 0.634684 0.720149 0.641791 0.723348 0.642502 0.728678 0.641080 0.732409 0.638237 0.737740 0.628287 0.738806 0.614072 0.737740 0.601990 0.731876 0.594883 0.728678 0.593461 0.714819 0.593461
0 0.726546 0.557925 0.726546 0.566453 0.731876 0.577825 0.734009 0.579957 0.763326 0.570718 0.767058 0.567164 0.768124 0.563611 0.768124 0.557925 0.766525 0.552950 0.758529 0.545842 0.738273 0.545842 0.732942 0.547264 0.728678 0.550817
0 0.785714 0.533049 0.778252 0.537313 0.774520 0.542289 0.771855 0.548685 0.770256 0.562189 0.773454 0.571429 0.779851 0.578536 0.784115 0.580668 0.792644 0.580668 0.795842 0.579247 0.799041 0.574982 0.803305 0.565743 0.803305 0.548685 0.800640 0.540867 0.794776 0.533760
0 0.777719 0.581379 0.774520 0.574982 0.770256 0.571429 0.758529 0.571429 0.745203 0.574982 0.736674 0.579957 0.734009 0.584222 0.732409 0.592040 0.735075 0.597726 0.740938 0.602701 0.759062 0.604833 0.768124 0.604122 0.773454 0.600569 0.776652 0.596304 0.778252 0.591329
0 0.740938 0.604122 0.739339 0.633973 0.743603 0.643923 0.747868 0.646766 0.757463 0.646766 0.760661 0.645345 0.764392 0.638948 0.764925 0.634684 0.764392 0.622601 0.760661 0.607676 0.755864 0.603412
0 0.781983 0.590618 0.779318 0.592040 0.774520 0.599858 0.769723 0.602701 0.766525 0.606965 0.764925 0.611940 0.765458 0.620469 0.768657 0.628998 0.774520 0.634684 0.784648 0.638948 0.791045 0.638237 0.794776 0.636105 0.801706 0.627576 0.805437 0.617626 0.805437 0.611230 0.803305 0.604122 0.796375 0.594172 0.787313 0.590618
0 0.818230 0.560768 0.812367 0.560768 0.805970 0.563611 0.800640 0.574982 0.800640 0.597015 0.805970 0.610519 0.809168 0.614072 0.827825 0.609808 0.830490 0.607676 0.833689 0.593461 0.833156 0.582090 0.825693 0.567164
0 0.840618 0.506752 0.834755 0.503909 0.825693 0.503909 0.824094 0.506041 0.818230 0.523099 0.815032 0.538735 0.815565 0.555082 0.817164 0.557925 0.822495 0.558635 0.827292 0.555792 0.843284 0.534471 0.845949 0.528785 0.846482 0.516702 0.844350 0.511016
0 0.827825 0.557925 0.828891 0.570718 0.832090 0.577114 0.837420 0.583511 0.843817 0.584222 0.857676 0.578536 0.865139 0.571429 0.868337 0.560768 0.868337 0.552950 0.866738 0.547974 0.861940 0.542999 0.853412 0.540156 0.840618 0.540156 0.830490 0.550107
0 0.851279 0.522388 0.846482 0.533049 0.848081 0.539446 0.857676 0.541578 0.862473 0.544421 0.867804 0.550817 0.869403 0.556503 0.873134 0.557214 0.877399 0.552239 0.879531 0.545131 0.879531 0.525231 0.876866 0.518834 0.868870 0.515281 0.864606 0.515281
0 0.884328 0.519545 0.880064 0.529495 0.880597 0.542999 0.884328 0.552950 0.887527 0.557214 0.896055 0.562900 0.900853 0.563611 0.907249 0.560057 0.913113 0.550107 0.914179 0.534471 0.904051 0.526652 0.896055 0.518124 0.888593 0.517413
0 0.931237 0.530206 0.914712 0.550817 0.912047 0.559346 0.912580 0.564321 0.916311 0.572139 0.927505 0.583511 0.931237 0.585643 0.943497 0.584932 0.950426 0.575693 0.950959 0.570007 0.947761 0.550817 0.944563 0.540156 0.936567 0.530206
0 0.966951 0.527363 0.957356 0.532338 0.950959 0.540867 0.948827 0.547974 0.949360 0.559346 0.952026 0.569296 0.955757 0.573561 0.962154 0.576404 0.968017 0.575693 0.980277 0.569296 0.985075 0.560768 0.986674 0.550107 0.986141 0.542999 0.983475 0.537313 0.974947 0.530206
0 0.997868 0.524520 0.991471 0.530917 0.988806 0.540867 0.988273 0.550817 0.990938 0.561478 0.996802 0.568586 1.000000 0.569296 1.000000 0.524520
0 0.990938 0.571429 0.981343 0.570007 0.964819 0.577114 0.962154 0.579957 0.960021 0.586354 0.960021 0.599858 0.962154 0.606254 0.966418 0.612651 0.973881 0.617626 0.984542 0.619048 0.991471 0.616205 0.995736 0.611230 0.997868 0.602701 0.998774 0.598152 0.998134 0.590689 0.997868 0.584222 0.996802 0.577825
0 0.903518 0.567875 0.899787 0.571429 0.893390 0.591329 0.892857 0.603412 0.894456 0.607676 0.900853 0.614783 0.904051 0.616205 0.918977 0.615494 0.922175 0.613362 0.928038 0.604122 0.927505 0.585643 0.919510 0.575693 0.913646 0.570718
0 0.876333 0.557925 0.872601 0.560057 0.865139 0.574982 0.865672 0.585643 0.875267 0.604122 0.878465 0.605544 0.886994 0.605544 0.890192 0.602701 0.896055 0.583511 0.897122 0.569296 0.893923 0.562900 0.885928 0.557925
0 0.839552 0.587065 0.835821 0.596304 0.835288 0.607676 0.842751 0.626155 0.847548 0.630419 0.853412 0.632552 0.857676 0.632552 0.864072 0.629709 0.872601 0.607676 0.872601 0.601990 0.869936 0.594172 0.865672 0.588486 0.850213 0.584932
0 0.872601 0.609097 0.870469 0.611940 0.865672 0.626155 0.868870 0.640370 0.881130 0.651031 0.885928 0.651741 0.892324 0.649609 0.897655 0.640370 0.897655 0.624733 0.895522 0.615494 0.892857 0.610519 0.886994 0.606254 0.877932 0.606254
0 0.950959 0.606965 0.946695 0.606254 0.940299 0.608387 0.927505 0.609097 0.922175 0.616205 0.922175 0.632552 0.925906 0.643923 0.932836 0.648898 0.940299 0.649609 0.950959 0.644634 0.955224 0.638948 0.957889 0.630419 0.957889 0.624023 0.956290 0.616205
0 0.984009 0.627576 0.981343 0.630419 0.978678 0.637527 0.978678 0.644634 0.980277 0.650320 0.989872 0.665245 1.000000 0.666667 1.000000 0.627576 0.994136 0.625444
0 1.000000 0.672068 0.989872 0.667377 0.975480 0.673774 0.970149 0.678749 0.968017 0.684435 0.968017 0.690121 0.972814 0.704335 0.982942 0.712154 0.994136 0.707178 0.998401 0.700782 1.000000 0.688344
0 0.955224 0.648188 0.950426 0.646766 0.940832 0.651741 0.935501 0.656716 0.931237 0.664534 0.930171 0.670931 0.931237 0.685146 0.936034 0.692253 0.940299 0.695807 0.950426 0.695807 0.959488 0.688699 0.964286 0.680171 0.965352 0.675195 0.964819 0.663113 0.961087 0.653873
0 0.911514 0.645345 0.904051 0.645345 0.899254 0.647477 0.894989 0.653163 0.892324 0.661692 0.891258 0.673774 0.892324 0.684435 0.895522 0.690832 0.900320 0.696517 0.903518 0.697939 0.910981 0.696517 0.922175 0.681592 0.923774 0.675195 0.924840 0.663113 0.922175 0.653163 0.917910 0.648188
0 0.866738 0.641080 0.857676 0.643213 0.849147 0.654584 0.846482 0.664534 0.846482 0.673774 0.850213 0.680881 0.857143 0.684435 0.865139 0.684435 0.873134 0.680881 0.877399 0.675906 0.878998 0.670931 0.877932 0.653163 0.869403 0.642502
0 0.805970 0.617626 0.803838 0.622601 0.803305 0.631130 0.804904 0.636105 0.809701 0.642502 0.825160 0.648898 0.834222 0.648898 0.839019 0.643923 0.841151 0.635394 0.841684 0.626866 0.839019 0.616915 0.835821 0.611940 0.832090 0.609808 0.825693 0.609808 0.808635 0.614783
0 0.796375 0.646766 0.793177 0.654584 0.793177 0.669510 0.805437 0.687989 0.813433 0.691542 0.819829 0.690832 0.827825 0.682303 0.830490 0.675906 0.831557 0.663113 0.829957 0.656006 0.826226 0.650320 0.820896 0.646766 0.812367 0.643923 0.802239 0.643923
0 0.846482 0.685146 0.839019 0.683724 0.829957 0.684435 0.826226 0.685856 0.823561 0.689410 0.821962 0.696517 0.821962 0.716418 0.824627 0.724947 0.828891 0.729922 0.833156 0.732054 0.844350 0.729922 0.855544 0.717129 0.857143 0.711443 0.856077 0.696517 0.852345 0.690121
0 0.857676 0.711443 0.858742 0.715707 0.861940 0.718550 0.872601 0.723525 0.877399 0.724236 0.889126 0.716418 0.894989 0.707889 0.897655 0.699360 0.895522 0.692964 0.891258 0.687989 0.874733 0.685146 0.864606 0.685856 0.859808 0.688699 0.858209 0.692253
0 0.856610 0.718550 0.849680 0.724236 0.844883 0.731343 0.844883 0.747690 0.850213 0.758351 0.856077 0.765458 0.859275 0.766880 0.866738 0.766169 0.869936 0.764037 0.878465 0.751955 0.882729 0.742715 0.882729 0.736318 0.877932 0.727790 0.866738 0.720682
0 0.902985 0.700782 0.897122 0.705757 0.891791 0.717129 0.891258 0.722104 0.893390 0.732054 0.900320 0.745558 0.902985 0.748401 0.911514 0.753376 0.916844 0.753376 0.920043 0.748401 0.924840 0.732054 0.923774 0.714286 0.921642 0.709311 0.916311 0.703625 0.908316 0.700071
0 0.947228 0.709311 0.942964 0.715707 0.942431 0.727790 0.945096 0.739872 0.947761 0.744847 0.958422 0.748401 0.970149 0.747690 0.976546 0.742004 0.979744 0.734186 0.980277 0.726368 0.979211 0.720682 0.974947 0.712154 0.968550 0.707178 0.961620 0.705046 0.953092 0.705757
0 1.000000 0.709311 0.990938 0.709311 0.984542 0.712864 0.982409 0.715707 0.981343 0.730633 0.979744 0.737740 0.977079 0.742004 0.977079 0.747690 0.985608 0.758351 0.989872 0.759773 1.000000 0.758351
0 0.938166 0.746979 0.933902 0.751244 0.929638 0.761194 0.928571 0.769723 0.930171 0.778962 0.937100 0.789623 0.942964 0.795309 0.948827 0.796731 0.955757 0.794598 0.961620 0.788202 0.964819 0.779673 0.964819 0.765458 0.963753 0.760483 0.961087 0.755508 0.947761 0.746269 0.942431 0.745558
0 0.974947 0.769012 0.970149 0.775409 0.968017 0.783227 0.968550 0.796020 0.973881 0.807392 0.976546 0.810235 0.981343 0.812367 0.988273 0.812367 0.998401 0.798863 1.000000 0.798863 1.000000 0.774769 0.986141 0.768301
0 0.997868 0.799574 0.990938 0.809524 0.989872 0.815210 0.992537 0.831557 0.997868 0.839375 1.000000 0.839375 1.000000 0.799574
0 0.971215 0.813077 0.966418 0.811656 0.957356 0.818763 0.953092 0.825160 0.947761 0.840796 0.947761 0.852168 0.949360 0.857143 0.954691 0.864961 0.971215 0.866382 0.976013 0.862829 0.981876 0.846482 0.980810 0.832267 0.976546 0.818763
0 0.913113 0.756930 0.904051 0.758351 0.892857 0.768301 0.889126 0.778252 0.889659 0.786780 0.893390 0.794598 0.904584 0.803127 0.913113 0.803127 0.918977 0.799574 0.922175 0.796020 0.925373 0.788202 0.925906 0.777541 0.923774 0.766880 0.921642 0.762615
0 0.819296 0.746269 0.814499 0.764748 0.816098 0.771144 0.820896 0.779673 0.831023 0.785359 0.837420 0.786780 0.845949 0.786780 0.856077 0.779673 0.856610 0.772566 0.855011 0.766169 0.843284 0.748401 0.832090 0.742004 0.824094 0.742004
0 0.794243 0.715707 0.789446 0.718550 0.785181 0.724947 0.781983 0.741294 0.782516 0.744847 0.787846 0.759062 0.789979 0.761905 0.807036 0.764037 0.813539 0.762615 0.815565 0.754797 0.817164 0.748401 0.818230 0.737029 0.813433 0.726368 0.807569 0.719972 0.799041 0.715707
0 0.767591 0.636105 0.764392 0.642502 0.764392 0.649609 0.773454 0.670220 0.778252 0.671642 0.788913 0.669510 0.791578 0.662402 0.794243 0.643213 0.792111 0.640370 0.783582 0.639659 0.771855 0.633973
0 0.757463 0.656006 0.747335 0.656006 0.744136 0.657427 0.738806 0.663824 0.736141 0.670220 0.735075 0.690121 0.737207 0.696517 0.744136 0.702914 0.747868 0.704335 0.760128 0.700782 0.764925 0.695807 0.769723 0.674485 0.769190 0.668799 0.765458 0.660981
0 0.708422 0.653163 0.705224 0.649609 0.696695 0.646055 0.683902 0.648188 0.678998 0.650036 0.674307 0.653163 0.671109 0.656716 0.670043 0.660270 0.670043 0.673774 0.671642 0.680171 0.678571 0.690832 0.682836 0.691542 0.686034 0.690121 0.696162 0.678038 0.705757 0.670931 0.708955 0.661692
0 0.643923 0.679460 0.641258 0.685146 0.639126 0.696517 0.641791 0.706468 0.646055 0.710732 0.663113 0.718550 0.674307 0.712864 0.678038 0.707889 0.678038 0.694385 0.671642 0.683724 0.658316 0.673063 0.649254 0.673774
0 0.633795 0.693674 0.626866 0.692253 0.621002 0.695096 0.608209 0.709311 0.605011 0.717129 0.604478 0.722104 0.606077 0.729922 0.609275 0.734186 0.614606 0.738451 0.627399 0.737740 0.632729 0.731343 0.640725 0.711443 0.641258 0.707178 0.640192 0.702203
0 0.564499 0.679460 0.551173 0.687989 0.548507 0.693674 0.547974 0.705046 0.550107 0.716418 0.554371 0.726368 0.560768 0.732054 0.566098 0.732765 0.576759 0.728500 0.582623 0.722814 0.585821 0.715707 0.586354 0.703625 0.584222 0.694385 0.571429 0.680881
0 0.641258 0.711443 0.638060 0.717129 0.635394 0.725657 0.629531 0.737029 0.628998 0.742715 0.634328 0.749112 0.645522 0.755508 0.649787 0.755508 0.658902 0.748614 0.661727 0.742502 0.660448 0.733475 0.660448 0.725657 0.658316 0.719972 0.652985 0.714996 0.642857 0.710732
0 0.665245 0.718550 0.660981 0.725657 0.660981 0.735608 0.664179 0.747690 0.669510 0.753376 0.679638 0.758351 0.686567 0.758351 0.690832 0.756219 0.695629 0.751244 0.697761 0.744136 0.697761 0.731343 0.687633 0.717129 0.682303 0.712154 0.679638 0.712154
0 0.709488 0.673774 0.700959 0.675195 0.694563 0.680881 0.687100 0.693674 0.685501 0.700071 0.684968 0.708600 0.687100 0.717129 0.694030 0.726368 0.697228 0.728500 0.705757 0.727790 0.708955 0.725657 0.714286 0.712864 0.721748 0.700071 0.721748 0.692964 0.719616 0.683724 0.714819 0.677328
0 0.736674 0.699360 0.722814 0.701493 0.716418 0.709311 0.713753 0.714996 0.711620 0.727079 0.717484 0.741294 0.720682 0.744847 0.723881 0.746269 0.734009 0.744847 0.744670 0.731343 0.744670 0.709311 0.741471 0.702914
0 0.749467 0.707178 0.745736 0.718550 0.745736 0.737740 0.748934 0.742715 0.757463 0.748401 0.763859 0.749112 0.771855 0.747690 0.778785 0.742004 0.782516 0.731343 0.782516 0.719261 0.780917 0.712864 0.775586 0.705757 0.767591 0.700782 0.761727 0.700782
0 0.690832 0.757640 0.690832 0.772566 0.693497 0.780384 0.698294 0.786780 0.705224 0.788913 0.708955 0.791756 0.713220 0.791756 0.725480 0.783227 0.727612 0.779673 0.729211 0.773276 0.728678 0.761905 0.724947 0.754797 0.719616 0.751244 0.711087 0.749112 0.698827 0.749822
0 0.674840 0.761905 0.666844 0.761194 0.662047 0.762615 0.656716 0.766169 0.654584 0.769723 0.651386 0.782516 0.650853 0.791045 0.655650 0.800995 0.661514 0.807392 0.684435 0.800284 0.688699 0.792466 0.688699 0.783227 0.686034 0.775409 0.678038 0.764037
0 0.529851 0.708600 0.518124 0.712154 0.512793 0.712154 0.509062 0.715707 0.509062 0.738451 0.511727 0.748401 0.515458 0.753376 0.525053 0.757640 0.533582 0.756219 0.540512 0.750533 0.544776 0.744136 0.547441 0.734897 0.547441 0.724947 0.543710 0.717129 0.537313 0.711443
0 0.554904 0.751955 0.549041 0.749112 0.541045 0.750533 0.533049 0.761905 0.529318 0.772566 0.529318 0.781805 0.533049 0.789623 0.536780 0.792466 0.549041 0.791756 0.553305 0.787491 0.553305 0.772566 0.555970 0.759773
0 0.557569 0.754087 0.555970 0.756930 0.554371 0.768301 0.554211 0.773276 0.553838 0.784506 0.553945 0.787846 0.556503 0.790334 0.561301 0.796731 0.567697 0.801706 0.576759 0.800995 0.584222 0.796020 0.587953 0.790334 0.589019 0.786070 0.589552 0.773987 0.588486 0.768301 0.579957 0.756930 0.571962 0.751955 0.567697 0.750533
0 0.536247 0.793888 0.530384 0.800284 0.528785 0.804549 0.529318 0.815210 0.533582 0.831557 0.538913 0.837953 0.543710 0.837953 0.554904 0.833689 0.564499 0.819474 0.566098 0.810945 0.565565 0.801706 0.554158 0.791613 0.542644 0.793177
0 0.514392 0.801706 0.507463 0.800995 0.500533 0.804549 0.496269 0.809524 0.491471 0.820185 0.490938 0.832978 0.492537 0.842217 0.498934 0.849325 0.502132 0.850746 0.510661 0.850036 0.517591 0.843639 0.521855 0.836532 0.523987 0.826581 0.521855 0.810235 0.517591 0.803838
0 0.598081 0.785359 0.592751 0.793177 0.592217 0.801706 0.595416 0.816631 0.601279 0.826581 0.609275 0.830846 0.615672 0.830846 0.619403 0.828714 0.627932 0.818763 0.631130 0.806681 0.631130 0.800995 0.628998 0.793888 0.626866 0.791045 0.613539 0.783937 0.601812 0.783937
0 0.574094 0.820185 0.569829 0.825871 0.567164 0.832978 0.566098 0.842217 0.568230 0.847903 0.576226 0.857143 0.583689 0.861407 0.588486 0.862829 0.595416 0.862118 0.599680 0.856432 0.601279 0.851457 0.601812 0.842928 0.600213 0.830846 0.593284 0.820185 0.589019 0.818053 0.579424 0.818053
0 0.569296 0.851457 0.563966 0.840796 0.559168 0.836532 0.552239 0.835110 0.541045 0.839375 0.529851 0.849325 0.525586 0.855011 0.523454 0.862829 0.523454 0.869936 0.525053 0.873490 0.532516 0.879176 0.557569 0.879176 0.564499 0.874911 0.568230 0.870647 0.569829 0.863539
0 0.685501 0.800995 0.676439 0.802416 0.663646 0.809524 0.660981 0.818763 0.660448 0.828003 0.662047 0.834399 0.665778 0.840085 0.673774 0.846482 0.680704 0.847193 0.686034 0.844350 0.692964 0.836532 0.697228 0.826581 0.697761 0.818053 0.696162 0.812367 0.690832 0.804549
0 0.724414 0.783937 0.714819 0.790334 0.709488 0.798152 0.707889 0.805970 0.712154 0.815210 0.719616 0.825160 0.723348 0.828003 0.730277 0.828003 0.735608 0.825160 0.740405 0.820185 0.743603 0.810235 0.743603 0.799574 0.740938 0.792466 0.734009 0.784648
0 0.768124 0.757640 0.759595 0.754797 0.750533 0.755508 0.747868 0.756930 0.739872 0.770434 0.740938 0.791045 0.748934 0.800995 0.753198 0.801706 0.759062 0.799574 0.771855 0.784648 0.773987 0.778962 0.774520 0.768301 0.771855 0.761905
0 0.789979 0.764037 0.780917 0.777541 0.779318 0.786070 0.779851 0.794598 0.784115 0.802416 0.790512 0.806681 0.798507 0.808813 0.804904 0.807392 0.812367 0.800284 0.815565 0.793888 0.817164 0.782516 0.816631 0.775409 0.812900 0.769723 0.807569 0.764392
0 0.767591 0.820185 0.769723 0.832267 0.774520 0.842217 0.793710 0.859275 0.799041 0.857143 0.803305 0.850746 0.808102 0.837242 0.808102 0.828003 0.804371 0.820185 0.795842 0.813077 0.783049 0.812367 0.778785 0.813788 0.773987 0.818053
0 0.835821 0.791756 0.829424 0.791045 0.821962 0.793888 0.812367 0.804549 0.811301 0.810235 0.811834 0.821606 0.818230 0.831557 0.821962 0.834399 0.827292 0.835821 0.838486 0.831557 0.843817 0.825871 0.845949 0.820896 0.845949 0.803127 0.842217 0.796731
0 0.868870 0.781805 0.864072 0.783937 0.857676 0.792466 0.855011 0.799574 0.854478 0.810945 0.857143 0.820896 0.862473 0.828003 0.867804 0.830846 0.877399 0.829424 0.886461 0.815210 0.888593 0.805259 0.888593 0.798152 0.885928 0.790334 0.877932 0.783227
0 0.921642 0.809524 0.928038 0.837953 0.938699 0.847903 0.943497 0.845771 0.947228 0.840085 0.950426 0.828003 0.950426 0.818763 0.947761 0.810945 0.940299 0.804549 0.932303 0.804549
0 0.994670 0.842928 0.984009 0.845771 0.979744 0.857854 0.979744 0.869936 0.982409 0.884861 0.986141 0.893390 0.992004 0.896944 0.995203 0.896944 1.000000 0.894101 1.000000 0.844350
0 0.971215 0.871357 0.963753 0.867093 0.954158 0.868515 0.948294 0.872779 0.938699 0.885572 0.935501 0.897655 0.935501 0.904051 0.938166 0.906183 0.955224 0.904051 0.963220 0.904762 0.969083 0.901208 0.973348 0.894101 0.974414 0.883440
0 0.923241 0.840796 0.914179 0.850036 0.912047 0.856432 0.912047 0.862118 0.914712 0.877754 0.917910 0.882729 0.923241 0.886994 0.929104 0.888415 0.932836 0.886283 0.940299 0.874911 0.942431 0.860697 0.940299 0.852878 0.933902 0.845771 0.927505 0.840796
0 0.891258 0.810945 0.886461 0.818763 0.884328 0.825160 0.886994 0.841507 0.890192 0.846482 0.900320 0.851457 0.908849 0.852168 0.913646 0.849325 0.923774 0.837242 0.925373 0.832267 0.924840 0.825160 0.922175 0.816631 0.918443 0.810945 0.908316 0.807392 0.896588 0.808102
0 0.863539 0.832267 0.855544 0.832267 0.849147 0.834399 0.843284 0.840796 0.841151 0.846482 0.841684 0.863539 0.843284 0.867804 0.853412 0.880597 0.858209 0.879886 0.866205 0.874911 0.873134 0.867093 0.874733 0.862829 0.875800 0.850746 0.869936 0.837242
0 0.884328 0.845771 0.875267 0.865672 0.876333 0.874911 0.885394 0.890547 0.890192 0.894101 0.897122 0.892679 0.908849 0.884861 0.911514 0.879176 0.911514 0.872779 0.909382 0.861407 0.906183 0.855721 0.900320 0.852168 0.894403 0.848969 0.889126 0.845771
0 0.918443 0.887704 0.911514 0.886283 0.905650 0.888415 0.902292 0.890050 0.898721 0.892253 0.894456 0.895522 0.890192 0.903340 0.889659 0.910448 0.892324 0.919687 0.900320 0.931059 0.904051 0.933902 0.912580 0.931770 0.916311 0.928927 0.921642 0.921109 0.924307 0.914001 0.924840 0.897655 0.922708 0.892679
0 0.963753 0.906183 0.961087 0.904762 0.942964 0.905473 0.937100 0.907605 0.933902 0.911869 0.931237 0.920398 0.930704 0.929638 0.931770 0.937456 0.936567 0.946695 0.942431 0.948827 0.952026 0.947406 0.960554 0.942431 0.964819 0.937456 0.966418 0.928927 0.966418 0.911869
0 0.992537 0.898365 0.987740 0.895522 0.981876 0.896233 0.973348 0.901208 0.969616 0.906183 0.966951 0.917555 0.966418 0.936034 0.967484 0.937456 0.974947 0.938166 0.980277 0.936745 0.988273 0.931770 0.990405 0.928927 0.994670 0.918977 0.996802 0.909026 0.995203 0.901919
0 0.994136 0.938877 0.976013 0.938877 0.966951 0.944563 0.960021 0.955224 0.958955 0.968017 0.961087 0.975835 0.965885 0.982942 0.974947 0.987207 0.982409 0.981521 0.994670 0.959488 0.997335 0.950959 0.996269 0.943852
0 1.000000 0.961620 0.996802 0.961620 0.993603 0.963753 0.983475 0.980810 0.982942 0.991471 0.985075 1.000000 1.000000 1.000000
0 0.951493 0.995736 0.951493 1.000000 0.984542 1.000000 0.984009 0.995025 0.980277 0.990050 0.966951 0.984364 0.962154 0.984364 0.957356 0.986496 0.953092 0.991471
0 0.953625 0.967306 0.950426 0.963753 0.944030 0.960910 0.934435 0.960910 0.931237 0.963042 0.923774 0.972281 0.920576 0.978678 0.919510 0.983653 0.920043 1.000000 0.946695 1.000000 0.947228 0.996446 0.955757 0.982942 0.955757 0.973703
0 0.918443 0.932480 0.913113 0.932480 0.902985 0.936745 0.900320 0.941009 0.897655 0.950249 0.897655 0.960199 0.899787 0.966596 0.904051 0.974414 0.908316 0.977257 0.918977 0.975835 0.931770 0.961620 0.932303 0.954513 0.931237 0.949538 0.925906 0.939588 0.922175 0.934613
0 0.900320 0.969439 0.894456 0.963753 0.883795 0.965174 0.879531 0.970860 0.872601 0.987207 0.872068 0.994314 0.873134 1.000000 0.904584 1.000000 0.904584 0.987207
0 0.871535 0.920398 0.864606 0.931059 0.864606 0.941009 0.880597 0.962331 0.893923 0.960910 0.896588 0.956645 0.898721 0.941009 0.897122 0.928927 0.888060 0.916844 0.880064 0.916134
0 0.859275 0.946695 0.853412 0.949538 0.843284 0.958067 0.842217 0.965174 0.842751 0.972281 0.844883 0.982232 0.848614 0.987207 0.856077 0.993603 0.865139 0.995025 0.869936 0.992182 0.873667 0.980810 0.873667 0.960199 0.866738 0.947406
0 0.837953 0.958778 0.829424 0.954513 0.823561 0.954513 0.817697 0.957356 0.811301 0.965174 0.809168 0.971571 0.807036 0.990050 0.809701 1.000000 0.828358 0.999502 0.833689 0.997868 0.843284 0.982232 0.842751 0.970860 0.840085 0.961620
0 0.846482 0.909026 0.841151 0.909026 0.832090 0.914001 0.824094 0.923952 0.822495 0.928927 0.823028 0.935323 0.825160 0.941720 0.833156 0.953802 0.837953 0.956645 0.842751 0.956645 0.850746 0.951670 0.856077 0.945274 0.858209 0.938166 0.858209 0.926084 0.856077 0.919687 0.850746 0.911869
0 0.808635 0.896233 0.800640 0.899076 0.791045 0.905473 0.786780 0.912580 0.786247 0.923952 0.788380 0.932480 0.795309 0.945984 0.800640 0.953092 0.803838 0.955224 0.811301 0.956645 0.816631 0.953802 0.819829 0.946695 0.821429 0.907605 0.818763 0.901208 0.815032 0.896944
0 0.873134 0.878465 0.864072 0.878465 0.856610 0.882729 0.852345 0.887704 0.849680 0.894812 0.848614 0.904051 0.850213 0.909026 0.860341 0.922530 0.865139 0.923241 0.871002 0.919687 0.880597 0.911158 0.884328 0.904762 0.884328 0.896944 0.881130 0.887704 0.875800 0.879886
0 0.840085 0.866382 0.831557 0.867093 0.817697 0.876333 0.812900 0.884861 0.812367 0.889126 0.813966 0.895522 0.826226 0.911869 0.831557 0.912580 0.842751 0.907605 0.845949 0.904051 0.848614 0.897655 0.849147 0.885572 0.848081 0.880597 0.844350 0.871357
0 0.757996 0.851457 0.755330 0.856432 0.756930 0.869225 0.764392 0.883440 0.769723 0.889126 0.772388 0.890547 0.781450 0.889837 0.786247 0.886283 0.791045 0.879176 0.793177 0.870647 0.792644 0.859986 0.780384 0.846482 0.776119 0.844350 0.770256 0.844350 0.764392 0.846482
0 0.783582 0.956645 0.771855 0.970860 0.771322 0.977967 0.773454 0.985075 0.780384 0.997868 0.784595 0.999716 0.797921 0.999574 0.801706 0.997868 0.804904 0.995025 0.807036 0.989339 0.808102 0.978678 0.807569 0.966596 0.803305 0.959488 0.795309 0.954513 0.788913 0.954513
0 0.779851 0.997157 0.774147 0.986425 0.767058 0.983653 0.763859 0.985075 0.752665 0.997157 0.752665 1.000000 0.779851 1.000000
0 0.765832 0.968443 0.760768 0.962402 0.753038 0.956077 0.748987 0.952594 0.744136 0.954513 0.735235 0.962687 0.726812 0.969296 0.730277 1.000000 0.752665 1.000000 0.752665 0.997868 0.756397 0.992893 0.767537 0.980313 0.767111 0.973134
0 0.725160 0.968088 0.717484 0.962331 0.708955 0.963753 0.704691 0.967306 0.692431 0.986496 0.692964 0.992182 0.695522 0.998010 0.696002 0.999858 0.729531 1.000000 0.727719 0.979389
0 0.741471 0.923952 0.730810 0.923241 0.715885 0.925373 0.711620 0.928216 0.706823 0.934613 0.706290 0.942431 0.711087 0.951670 0.722281 0.964463 0.727612 0.967306 0.733635 0.963611 0.744670 0.953802 0.746269 0.949538 0.746269 0.930348
0 0.758529 0.917555 0.754264 0.921109 0.748401 0.930348 0.747335 0.934613 0.747868 0.948827 0.767591 0.965174 0.772921 0.965174 0.779851 0.960910 0.784115 0.954513 0.784115 0.945984 0.779318 0.922530 0.773454 0.916134
0 0.740405 0.870647 0.732409 0.874911 0.726546 0.881308 0.724414 0.886994 0.723881 0.896944 0.725480 0.903340 0.729744 0.909737 0.737740 0.916134 0.744670 0.918266 0.751599 0.915423 0.760128 0.904762 0.761727 0.899787 0.762260 0.890547 0.760128 0.882729 0.754264 0.874200 0.747335 0.870647
0 0.678038 0.872779 0.677505 0.878465 0.683369 0.891258 0.687100 0.896944 0.696695 0.904762 0.700426 0.906183 0.710021 0.906183 0.713753 0.904051 0.718550 0.896944 0.720149 0.889126 0.720149 0.877043 0.715352 0.867093 0.710554 0.863539 0.700426 0.861407
0 0.664179 0.887704 0.657783 0.893390 0.654051 0.899787 0.654051 0.919687 0.658849 0.928927 0.664179 0.934613 0.672175 0.938166 0.680704 0.937456 0.687100 0.931059 0.690299 0.923241 0.690832 0.910448 0.688699 0.899787 0.683902 0.894101 0.679957 0.891258 0.674840 0.887704
0 0.618870 0.846482 0.617804 0.852168 0.620469 0.862118 0.632196 0.876333 0.637527 0.879886 0.648721 0.881308 0.655650 0.878465 0.663646 0.867804 0.664712 0.864250 0.664712 0.852168 0.661514 0.845771 0.657783 0.843639 0.634861 0.840085 0.623134 0.842928
0 0.633262 0.877043 0.631130 0.875622 0.617804 0.875622 0.600213 0.883440 0.596482 0.891258 0.596482 0.899787 0.600746 0.910448 0.607676 0.918977 0.613539 0.921819 0.618337 0.921819 0.624733 0.918266 0.630064 0.911158 0.632729 0.904051 0.635928 0.886283 0.635928 0.882018
0 0.626866 0.942431 0.623134 0.939588 0.613539 0.940299 0.597015 0.950249 0.589552 0.960910 0.589019 0.970860 0.591684 0.981521 0.596482 0.987918 0.602345 0.992182 0.607676 0.992893 0.615139 0.988628 0.619403 0.982942 0.626866 0.966596 0.628465 0.955935
0 0.697761 0.941009 0.690832 0.937456 0.682836 0.936745 0.676972 0.939588 0.671642 0.948827 0.666844 0.966596 0.670043 0.981521 0.673774 0.990760 0.689765 0.988628 0.704158 0.967306 0.705757 0.957356 0.704691 0.950249
0 0.639126 0.960199 0.634328 0.966596 0.626866 0.986496 0.631130 1.000000 0.664179 1.000000 0.667910 0.988628 0.667910 0.979389 0.664179 0.965174 0.660981 0.960910 0.656716 0.958778 0.643390 0.958067
0 0.693177 0.993746 0.689979 0.991400 0.682569 0.991329 0.676333 0.992040 0.671482 0.994030 0.666205 0.999645 0.694936 1.000000
0 0.518124 0.898365 0.517591 0.905473 0.519190 0.909026 0.535181 0.918266 0.548507 0.921109 0.554904 0.918977 0.559168 0.915423 0.561834 0.910448 0.563433 0.903340 0.562900 0.892679 0.561301 0.886994 0.556503 0.880597 0.549574 0.878465 0.539979 0.878465 0.530917 0.881308 0.525053 0.886994 0.523987 0.890547
0 0.561834 0.913291 0.554904 0.918977 0.545842 0.933902 0.544776 0.937456 0.544776 0.946695 0.552239 0.954513 0.568763 0.961620 0.577825 0.956645 0.579957 0.953092 0.581557 0.943852 0.581557 0.928927 0.580490 0.923952 0.571962 0.914001
0 0.493603 0.882729 0.489872 0.882729 0.485608 0.886283 0.475480 0.898365 0.466951 0.913291 0.466418 0.920398 0.468017 0.924662 0.471748 0.930348 0.477612 0.935323 0.486141 0.936745 0.494136 0.933902 0.499467 0.928927 0.506930 0.916844 0.507463 0.908316 0.506397 0.901919 0.500000 0.889126
0 0.516525 0.910448 0.509062 0.914001 0.502665 0.925373 0.497868 0.931059 0.494670 0.938166 0.494670 0.945984 0.512793 0.959488 0.522921 0.961620 0.526652 0.960199 0.535181 0.951670 0.537313 0.944563 0.537313 0.933191 0.534115 0.922530 0.530384 0.916844 0.525053 0.912580
0 0.545309 0.951670 0.537313 0.952381 0.529318 0.957356 0.518657 0.971571 0.515991 0.979389 0.516525 0.990050 0.518657 0.993603 0.523987 0.997157 0.526439 1.000000 0.546215 1.000000 0.547974 0.997868 0.552239 0.992893 0.554371 0.979389 0.553305 0.965174
0 0.434968 0.894812 0.428571 0.903340 0.427505 0.908316 0.428571 0.918266 0.435501 0.936034 0.441898 0.947406 0.450959 0.950959 0.454158 0.949538 0.459488 0.943141 0.462687 0.933902 0.464819 0.921109 0.464819 0.908316 0.463220 0.901208 0.459488 0.895522 0.455224 0.892679 0.445096 0.891969
0 0.436034 0.796731 0.432303 0.800284 0.429104 0.810235 0.427505 0.823028 0.428038 0.833689 0.431237 0.846482 0.439232 0.854300 0.443497 0.855011 0.457356 0.841507 0.461620 0.835110 0.464819 0.825871 0.465352 0.814499 0.464286 0.808813 0.459488 0.801706 0.448294 0.796731
0 0.422708 0.820896 0.418977 0.813788 0.410448 0.804549 0.405650 0.803127 0.390192 0.804549 0.383795 0.808102 0.380597 0.811656 0.378465 0.818763 0.377932 0.836532 0.380597 0.841507 0.392324 0.845771 0.402452 0.845060 0.415245 0.841507 0.420043 0.837953 0.422175 0.834399
0 0.377399 0.851457 0.372601 0.860697 0.372601 0.873490 0.377399 0.883440 0.383795 0.890547 0.390725 0.892679 0.400853 0.891258 0.406716 0.886283 0.412580 0.877754 0.414179 0.869936 0.414179 0.861407 0.412580 0.855721 0.409382 0.851457 0.400853 0.847193 0.392324 0.847193 0.389659 0.845771 0.384861 0.846482
0 0.358209 0.887704 0.352878 0.894101 0.351279 0.906894 0.348081 0.912580 0.350213 0.924662 0.356077 0.931059 0.361940 0.933902 0.371535 0.933902 0.378465 0.930348 0.383262 0.924662 0.385928 0.916134 0.385928 0.901919 0.383795 0.895522 0.375800 0.886994 0.361407 0.886283
0 0.202559 0.939588 0.196695 0.948117 0.195629 0.956645 0.197228 0.963753 0.203625 0.970860 0.219616 0.979389 0.224947 0.980100 0.231343 0.975124 0.236674 0.966596 0.237740 0.949538 0.234542 0.941009 0.229744 0.936034 0.226546 0.934613 0.213220 0.934613
0 0.117271 0.790334 0.113006 0.798152 0.113006 0.813077 0.116205 0.822317 0.123667 0.832978 0.132196 0.837242 0.140725 0.836532 0.146588 0.833689 0.151386 0.827292 0.154584 0.820896 0.155650 0.815210 0.154584 0.797441 0.152452 0.791756 0.143923 0.788913 0.136994 0.783227 0.125800 0.783937
0 0.162580 0.648188 0.156183 0.657427 0.155650 0.665245 0.159915 0.690121 0.163646 0.698650 0.169510 0.705757 0.174307 0.706468 0.185501 0.697939 0.189765 0.690832 0.194030 0.675906 0.194030 0.661692 0.189765 0.653873 0.180704 0.647477 0.170043 0.646766
0 0.473881 0.731343 0.470149 0.736318 0.469083 0.749822 0.472814 0.764748 0.478145 0.772566 0.484009 0.774698 0.492004 0.773987 0.500533 0.766880 0.509062 0.753376 0.510128 0.747690 0.509595 0.742715 0.507996 0.738451 0.501599 0.731343 0.492004 0.729211 0.479211 0.729211
0 0.486141 0.329069 0.482409 0.334755 0.481343 0.347548 0.482409 0.353945 0.488806 0.364606 0.494670 0.368870 0.503731 0.370291 0.511194 0.368870 0.517591 0.363184 0.521322 0.351812 0.521322 0.346127 0.517058 0.332623 0.513859 0.328358 0.505864 0.322672 0.496962 0.322601
0 0.607143 0.301350 0.602878 0.309168 0.601812 0.325515 0.602878 0.332623 0.605917 0.340299 0.608742 0.343994 0.612900 0.349041 0.623134 0.345416 0.630704 0.347690 0.633369 0.347619 0.636461 0.336176 0.636994 0.321962 0.635394 0.313433 0.631130 0.304193 0.625267 0.299218 0.619403 0.297797 0.611407 0.298507
0 0.748081 0.322601 0.746802 0.322672 0.736674 0.326226 0.735075 0.330490 0.733049 0.337456 0.731876 0.346127 0.731876 0.354655 0.734542 0.362473 0.739872 0.369581 0.743603 0.371713 0.747868 0.371713 0.753731 0.365316 0.759595 0.361763 0.763326 0.357498 0.764392 0.353945 0.763806 0.342786 0.757676 0.330704 0.749467 0.323383
0 0.697761 0.344705 0.692004 0.346624 0.685128 0.350746 0.681770 0.355366 0.680171 0.361052 0.679638 0.375267 0.680704 0.381663 0.688166 0.393746 0.691898 0.395878 0.704691 0.394456 0.707889 0.389481 0.715885 0.368159 0.715352 0.361763 0.710021 0.353945 0.703625 0.350391
0 0.763326 0.360341 0.757836 0.363113 0.753678 0.366596 0.747335 0.374556 0.746269 0.383085 0.752665 0.399431 0.756397 0.405117 0.762793 0.408671 0.767591 0.409382 0.778252 0.403696 0.783049 0.398721 0.784115 0.381663 0.780917 0.373419 0.773081 0.363042
0 0.534115 0.434257 0.529851 0.431414 0.495736 0.434257 0.490938 0.437811 0.491418 0.443923 0.495203 0.459133 0.499467 0.465529 0.511727 0.470505 0.523454 0.470505 0.528785 0.466951 0.533049 0.461265 0.535714 0.444208 0.535714 0.439232
0 0.881663 0.282161 0.872601 0.283582 0.868870 0.289268 0.865139 0.299218 0.864072 0.323383 0.863753 0.333404 0.865192 0.337953 0.869403 0.341151 0.874733 0.343284 0.881663 0.341862 0.885394 0.336887 0.891791 0.317697 0.897122 0.307747 0.897122 0.299218 0.893390 0.289268 0.885928 0.283582
0 0.993603 0.356077 0.989339 0.355366 0.977079 0.357498 0.970203 0.364321 0.967484 0.378109 0.967484 0.395167 0.969616 0.402985 0.972281 0.406539 0.987207 0.410092 0.993070 0.406539 0.996802 0.400853 0.997868 0.394456 1.000000 0.370576 0.998881 0.362687
0 0.846642 0.348259 0.844243 0.358351 0.846748 0.368159 0.852878 0.376688 0.858209 0.384506 0.868870 0.388060 0.872068 0.387349 0.880597 0.382374 0.885928 0.374556 0.886994 0.370291 0.886461 0.359630 0.883795 0.353945 0.876866 0.346837 0.864606 0.339375 0.855011 0.339019 0.849147 0.343284
0 0.918977 0.353234 0.913646 0.355366 0.907249 0.358209 0.898721 0.358209 0.893923 0.363895 0.891791 0.370291 0.891791 0.385928 0.892857 0.390192 0.897122 0.398010 0.904051 0.405117 0.908316 0.405117 0.925906 0.390903 0.931023 0.380952 0.931077 0.373561 0.925373 0.368159 0.920682 0.354584
0 0.935501 0.377399 0.930704 0.385928 0.930704 0.389481 0.932836 0.395167 0.939819 0.406539 0.943550 0.416915 0.944616 0.426155 0.946588 0.432480 0.953465 0.433404 0.959968 0.432623 0.962154 0.425018 0.966631 0.412011 0.969030 0.404193 0.965352 0.382374 0.959488 0.374556 0.955224 0.371713
0 0.830490 0.365174 0.819296 0.371713 0.817697 0.375267 0.816631 0.383085 0.817697 0.402985 0.820896 0.409382 0.833156 0.414357 0.839019 0.413646 0.844350 0.409382 0.851279 0.396588 0.854478 0.382374 0.850746 0.375267 0.842217 0.366027
0 0.899254 0.484719 0.895522 0.479033 0.891258 0.475480 0.882729 0.474769 0.857676 0.485643 0.854851 0.490476 0.858742 0.503198 0.865139 0.513149 0.883795 0.518124 0.892857 0.515281 0.897122 0.510306 0.899787 0.500355
0 0.466418 0.491116 0.462687 0.493959 0.456823 0.503198 0.455224 0.507463 0.454158 0.523099 0.460554 0.535181 0.469083 0.538735 0.474947 0.538024 0.481343 0.534471 0.486141 0.528785 0.488060 0.525231 0.489339 0.519545 0.489339 0.508884 0.486674 0.501066 0.481876 0.495380 0.474414 0.491827
0 0.503731 0.552239 0.501599 0.552950 0.498401 0.557925 0.494670 0.574982 0.488433 0.580597 0.491258 0.586070 0.494670 0.589979 0.499414 0.597441 0.501599 0.605544 0.506397 0.607676 0.520256 0.586354 0.524520 0.582800 0.526546 0.578394 0.526119 0.569794 0.522388 0.557925
0 0.487207 0.582800 0.474947 0.582800 0.465352 0.592040 0.463220 0.596304 0.461620 0.604833 0.462154 0.621180 0.464819 0.626866 0.474414 0.629709 0.480810 0.629709 0.489339 0.624733 0.495736 0.619048 0.498934 0.614072 0.499840 0.601137 0.496802 0.593461
0 0.546375 0.611230 0.543710 0.628998 0.544776 0.633973 0.550640 0.644634 0.557143 0.650817 0.562367 0.655295 0.565032 0.656006 0.568550 0.653873 0.574307 0.646908 0.581023 0.643213 0.583156 0.636816 0.581557 0.626155 0.578358 0.616915 0.569296 0.610519 0.560235 0.607676 0.550107 0.607676
0 0.607676 0.602701 0.601279 0.601990 0.593070 0.604833 0.586887 0.609097 0.583156 0.616915 0.582623 0.624023 0.584222 0.633262 0.587420 0.638237 0.594350 0.643923 0.599680 0.645345 0.606077 0.638948 0.615672 0.638237 0.619403 0.631841 0.619936 0.621180 0.617271 0.611230 0.613539 0.606254
0 0.771322 0.676617 0.769190 0.680881 0.767591 0.689410 0.769190 0.700071 0.781450 0.710021 0.787846 0.710021 0.796375 0.705757 0.799574 0.702203 0.802772 0.695096 0.802239 0.687278 0.800693 0.682374 0.798507 0.679460 0.794243 0.673063 0.788913 0.670931 0.779318 0.670931 0.775053 0.672353
0 0.567697 0.734186 0.566631 0.742004 0.568230 0.747690 0.576226 0.753092 0.589552 0.767591 0.598614 0.773987 0.604478 0.773987 0.608209 0.769723 0.610341 0.763326 0.612473 0.754087 0.614072 0.746269 0.611940 0.738451 0.607143 0.733475 0.594083 0.726297 0.578891 0.728500
0 0.615405 0.741649 0.613273 0.751102 0.609648 0.767733 0.608742 0.773987 0.613006 0.781095 0.619403 0.785359 0.635928 0.788913 0.647655 0.788202 0.650320 0.785359 0.652985 0.773276 0.652985 0.766880 0.649254 0.758351 0.628465 0.745558 0.619243 0.740299
0 0.634808 0.790903 0.632196 0.804549 0.628465 0.820896 0.631663 0.828714 0.639126 0.837953 0.648188 0.842217 0.657249 0.841507 0.662047 0.836532 0.660448 0.826581 0.662047 0.815920 0.661514 0.810235 0.650320 0.794598 0.644296 0.790121
0 0.570842 0.996517 0.563859 0.993532 0.552932 0.994598 0.549733 0.996660 0.547015 1.000000 0.573028 1.000000
0 0.507516 0.998365 0.506397 1.000000 0.525586 1.000000 0.523401 0.997512 0.518124 0.992893 0.512793 0.993603