0 0.955556 0.582609 0.947826 0.583913 0.939130 0.588261 0.936232 0.590870 0.936232 0.600000 0.943961 0.605652 0.950725 0.613478 0.963285 0.613913 0.985507 0.609130 0.996135 0.603913 1.000000 0.603913 1.000000 0.588696 0.996135 0.588696 0.990338 0.586087 0.973913 0.583043
0 0.110145 0.983478 0.098551 0.979565 0.092754 0.978696 0.087923 0.979130 0.083092 0.982609 0.072464 0.986522 0.054106 0.988696 0.049275 0.990435 0.047343 1.000000 0.113043 1.000000 0.115942 0.993478
0 0.054106 0.959130 0.047343 0.961304 0.040580 0.965652 0.034783 0.971739 0.033816 0.975217 0.034783 0.978696 0.040580 0.984783 0.049275 0.987826 0.057971 0.988261 0.071498 0.986957 0.083092 0.982609 0.089855 0.976957 0.089855 0.970000 0.085024 0.965217 0.078261 0.962609 0.062802 0.959565
0 0.101449 0.961304 0.098551 0.966087 0.092754 0.967826 0.089855 0.970435 0.090821 0.974348 0.096618 0.978696 0.114010 0.982609 0.127536 0.982609 0.143961 0.980870 0.148792 0.979130 0.144928 0.970000 0.138164 0.966522 0.117874 0.959565
0 0.146860 0.988696 0.135266 0.986087 0.122705 0.987826 0.116908 0.991739 0.113043 1.000000 0.154589 1.000000 0.154589 0.997826 0.149758 0.994348
0 0.201932 0.986087 0.189372 0.982174 0.168116 0.982609 0.159420 0.983913 0.153623 0.986087 0.148792 0.990000 0.148792 0.994783 0.152657 0.997826 0.152657 1.000000 0.197101 1.000000 0.197101 0.998261 0.202899 0.993913 0.203865 0.990000
0 0.259903 0.982174 0.250242 0.978261 0.236715 0.977826 0.221256 0.979130 0.213527 0.982174 0.207729 0.986522 0.206763 0.991739 0.211594 1.000000 0.260870 1.000000 0.260870 0.998261 0.265700 0.996087 0.267633 0.989565
0 0.268599 0.990435 0.265700 1.000000 0.338164 1.000000 0.338164 0.993043 0.335266 0.990000 0.328502 0.986957 0.315942 0.984348 0.300483 0.983043 0.285990 0.983478 0.279227 0.984783
0 0.194203 0.953043 0.184541 0.952609 0.173913 0.954348 0.153623 0.963043 0.148792 0.966522 0.146860 0.970435 0.147826 0.975217 0.151691 0.978696 0.172947 0.981304 0.191304 0.981304 0.201932 0.977826 0.204831 0.975217 0.205797 0.968696
0 0.121739 0.943043 0.114010 0.950435 0.114976 0.955217 0.118841 0.958261 0.134300 0.964783 0.142995 0.963043 0.152657 0.962609 0.165217 0.952609 0.162319 0.946957 0.150725 0.942609 0.129469 0.941739
0 0.056039 0.935217 0.047343 0.939565 0.044444 0.942609 0.043478 0.947391 0.049275 0.955652 0.058937 0.959130 0.082126 0.961739 0.093720 0.959565 0.104348 0.955217 0.103382 0.943043 0.083092 0.935652 0.067633 0.934348
0 0.123671 0.910000 0.109179 0.910435 0.102415 0.912609 0.094686 0.920000 0.090821 0.926522 0.089855 0.936087 0.107246 0.943478 0.117874 0.943043 0.127536 0.940870 0.142995 0.933043 0.151691 0.924783 0.149758 0.919130 0.134300 0.912174
0 0.055072 0.893913 0.047343 0.896522 0.044444 0.900870 0.043478 0.913478 0.046377 0.919130 0.049275 0.921739 0.057005 0.924783 0.076329 0.924783 0.087923 0.922174 0.097585 0.917391 0.103382 0.912609 0.102415 0.907391 0.097585 0.903043 0.091787 0.900870 0.078261 0.898261 0.065700 0.893913
0 0.126570 0.874783 0.117874 0.876087 0.108213 0.876087 0.100483 0.878261 0.089855 0.884783 0.084058 0.893043 0.088889 0.898696 0.104348 0.903913 0.127536 0.905217 0.135266 0.903043 0.142029 0.897826 0.142995 0.884348 0.141063 0.880435
0 0.092754 0.852174 0.072464 0.856522 0.045411 0.869130 0.043478 0.874783 0.047343 0.880000 0.054106 0.883043 0.064734 0.885652 0.087923 0.883913 0.103382 0.875217 0.109179 0.865652 0.108213 0.862174 0.103382 0.857826
0 0.170048 0.893913 0.157488 0.895217 0.143961 0.899130 0.139130 0.901304 0.134300 0.906522 0.135266 0.912174 0.142029 0.914783 0.160386 0.918261 0.171014 0.917391 0.173913 0.916087 0.182609 0.905217 0.181643 0.898261 0.176812 0.894783
0 0.152657 0.926957 0.151691 0.936957 0.158454 0.943478 0.169082 0.949130 0.176812 0.951739 0.188406 0.951304 0.196135 0.949130 0.207729 0.943043 0.212560 0.935217 0.200000 0.931304 0.173913 0.926522 0.158454 0.926087
0 0.203865 0.895652 0.189372 0.901739 0.183575 0.906087 0.176812 0.914348 0.175845 0.918261 0.177778 0.922174 0.185507 0.926957 0.195169 0.929130 0.213527 0.930870 0.223188 0.930000 0.229952 0.928261 0.237681 0.923913 0.238647 0.920000 0.230918 0.910000 0.227053 0.900870 0.213527 0.895652
0 0.159420 0.863043 0.152657 0.863478 0.148792 0.865217 0.138164 0.877391 0.144928 0.883913 0.147826 0.890870 0.154589 0.893043 0.165217 0.893478 0.188406 0.889565 0.198068 0.884783 0.201932 0.880435 0.194203 0.870870 0.188406 0.866522
0 0.282126 0.896087 0.274396 0.894783 0.254106 0.895217 0.233816 0.900435 0.230918 0.903478 0.231884 0.909130 0.238647 0.918261 0.243478 0.921304 0.255072 0.923043 0.266667 0.923043 0.277295 0.920870 0.284058 0.917391 0.285990 0.910000 0.291787 0.905652 0.291787 0.902174
0 0.239614 0.927391 0.233816 0.931739 0.231884 0.935652 0.240580 0.943913 0.254106 0.949130 0.263768 0.951304 0.274396 0.950870 0.279227 0.946522 0.283092 0.945217 0.287923 0.939565 0.285990 0.931304 0.282126 0.929565 0.262802 0.926522 0.255072 0.926087
0 0.215459 0.942174 0.205797 0.945217 0.198068 0.950870 0.200000 0.959130 0.208696 0.965652 0.219324 0.966957 0.230918 0.966957 0.241546 0.964783 0.251208 0.960000 0.257005 0.955217 0.256039 0.953043 0.239614 0.943478 0.230918 0.942174
0 0.271498 0.952609 0.251208 0.958261 0.242512 0.965652 0.245411 0.976087 0.264734 0.981739 0.284058 0.980435 0.291787 0.978696 0.300483 0.974783 0.302415 0.971304 0.300483 0.962609 0.283092 0.953478
0 0.319807 0.930000 0.304348 0.931304 0.290821 0.938696 0.286957 0.944348 0.286957 0.951739 0.288889 0.953043 0.316908 0.960435 0.331401 0.959130 0.346860 0.955652 0.352657 0.952609 0.356522 0.947391 0.355556 0.940435 0.352657 0.937826 0.333333 0.931304
0 0.343961 0.956957 0.319807 0.960870 0.308213 0.966522 0.305314 0.973478 0.305314 0.978696 0.308213 0.980435 0.317874 0.983043 0.332367 0.985217 0.343961 0.984783 0.352657 0.983043 0.359420 0.975217 0.359420 0.970435 0.356522 0.966522
0 0.366184 0.946957 0.360386 0.948696 0.351691 0.955652 0.351691 0.963043 0.362319 0.970870 0.369082 0.973913 0.380676 0.974783 0.386473 0.973913 0.393237 0.971304 0.400966 0.966522 0.404831 0.961739 0.404831 0.954783 0.397101 0.949565 0.389372 0.947391 0.382609 0.946522
0 0.402899 0.935217 0.393237 0.939130 0.395169 0.945652 0.402899 0.950000 0.409662 0.957391 0.414493 0.959130 0.422222 0.959565 0.432850 0.956522 0.451208 0.947391 0.452174 0.942174 0.450242 0.939130 0.440580 0.935217 0.411594 0.934348
0 0.359420 0.910000 0.344928 0.914783 0.341063 0.919130 0.334300 0.922174 0.332367 0.927391 0.334300 0.930000 0.348792 0.933913 0.360386 0.938696 0.381643 0.939130 0.396135 0.936957 0.400966 0.934348 0.401932 0.924348 0.399034 0.920870 0.389372 0.915217 0.378744 0.911304 0.370048 0.909565
0 0.334300 0.898696 0.325604 0.896957 0.311111 0.896957 0.305314 0.897826 0.294686 0.901739 0.285024 0.910870 0.285990 0.917391 0.293720 0.922174 0.298551 0.923043 0.317874 0.922609 0.330435 0.920000 0.340097 0.916087 0.346860 0.911304 0.347826 0.906087 0.345894 0.903913
0 0.257971 0.879565 0.246377 0.877826 0.238647 0.879130 0.228986 0.882609 0.221256 0.887826 0.219324 0.891739 0.219324 0.896522 0.222222 0.898696 0.230918 0.900000 0.240580 0.897391 0.256039 0.894783 0.266667 0.894348 0.269565 0.893043 0.265700 0.886522 0.261836 0.884348 0.260870 0.880870
0 0.257005 0.858261 0.240580 0.855652 0.210628 0.856957 0.195169 0.864783 0.194203 0.867826 0.195169 0.872174 0.200000 0.874348 0.203865 0.879565 0.209662 0.881739 0.223188 0.882609 0.229952 0.881304 0.233816 0.878696 0.249275 0.875217 0.258937 0.870000 0.260870 0.861304
0 0.169082 0.838261 0.149758 0.843913 0.145894 0.848696 0.145894 0.854348 0.148792 0.857826 0.159420 0.861739 0.177778 0.864783 0.187440 0.864783 0.200966 0.858696 0.201932 0.848261 0.196135 0.843043
0 0.103382 0.836522 0.096618 0.843913 0.097585 0.850435 0.103382 0.856957 0.114976 0.859565 0.128502 0.859130 0.139130 0.857391 0.141063 0.854783 0.139130 0.841304 0.132367 0.837826 0.124638 0.835652 0.108213 0.835217
0 0.071498 0.827391 0.056039 0.831304 0.047343 0.835652 0.044444 0.841304 0.044444 0.846957 0.047343 0.850435 0.057005 0.851304 0.066667 0.853913 0.075362 0.854348 0.083092 0.853478 0.092754 0.846957 0.098551 0.837391 0.091787 0.829130
0 0.054106 0.811304 0.051208 0.814783 0.055072 0.821304 0.063768 0.824783 0.072464 0.826522 0.100483 0.829130 0.109179 0.827826 0.116908 0.822609 0.114010 0.818261 0.101449 0.813478 0.096618 0.808696 0.085024 0.803478 0.080193 0.803478 0.063768 0.806522
0 0.098551 0.796087 0.090821 0.799565 0.088889 0.802609 0.090821 0.805217 0.109179 0.814783 0.116908 0.817391 0.126570 0.817826 0.135266 0.814783 0.142029 0.806957 0.142029 0.802174 0.138164 0.798696 0.120773 0.794783
0 0.146860 0.809130 0.134300 0.815652 0.127536 0.822174 0.125604 0.830870 0.129469 0.835217 0.134300 0.837826 0.150725 0.839565 0.178744 0.837391 0.182609 0.835652 0.186473 0.830435 0.185507 0.821304 0.175845 0.812609 0.168116 0.809565 0.162319 0.808696
0 0.201932 0.824783 0.192271 0.829565 0.188406 0.838696 0.203865 0.845217 0.213527 0.844348 0.221256 0.846087 0.231884 0.845652 0.245411 0.841739 0.252174 0.838261 0.250242 0.833913 0.244444 0.832174 0.239614 0.827391 0.232850 0.824783 0.223188 0.823043 0.214493 0.823043
0 0.229952 0.794783 0.215459 0.794783 0.189372 0.806522 0.185507 0.811739 0.185507 0.818261 0.187440 0.819565 0.194203 0.820870 0.230918 0.819130 0.248309 0.810870 0.249275 0.806522 0.244444 0.801739
0 0.245411 0.818696 0.238647 0.822609 0.238647 0.826522 0.247343 0.831739 0.259903 0.835217 0.267633 0.836087 0.273430 0.838261 0.284058 0.839130 0.291787 0.835217 0.292754 0.833478 0.286957 0.827826 0.285990 0.820000 0.283092 0.816522 0.275362 0.813913 0.266667 0.813913
0 0.265700 0.835652 0.257005 0.836522 0.256039 0.838261 0.237681 0.845652 0.238647 0.850435 0.249275 0.855217 0.262802 0.857826 0.275362 0.855217 0.285024 0.850000 0.286957 0.846957 0.283092 0.840870
0 0.264734 0.877391 0.264734 0.881304 0.273430 0.887826 0.289855 0.892609 0.301449 0.892174 0.306280 0.890435 0.317874 0.888696 0.327536 0.884783 0.327536 0.879565 0.321739 0.875217 0.313043 0.871739 0.300483 0.868696 0.283092 0.867391 0.275362 0.868696
0 0.318841 0.837826 0.307246 0.838261 0.300483 0.840435 0.287923 0.847391 0.283092 0.853043 0.285024 0.865217 0.307246 0.869565 0.317874 0.868696 0.340097 0.860435 0.346860 0.854783 0.345894 0.849565 0.341063 0.844348 0.331401 0.839565
0 0.304348 0.813478 0.289855 0.821304 0.289855 0.827391 0.292754 0.830435 0.308213 0.834783 0.335266 0.835217 0.338164 0.834348 0.343961 0.829565 0.340097 0.821739 0.335266 0.817391 0.322705 0.813478 0.309179 0.812609
0 0.342995 0.805652 0.334300 0.808696 0.333333 0.814348 0.340097 0.819130 0.350725 0.830870 0.362319 0.831739 0.388406 0.822609 0.388406 0.816087 0.386473 0.814348 0.374879 0.810435 0.355556 0.806087
0 0.367150 0.831739 0.350725 0.836957 0.344928 0.844348 0.345894 0.849565 0.349758 0.854348 0.358454 0.857826 0.387440 0.860435 0.400966 0.856087 0.405797 0.850870 0.406763 0.845652 0.387440 0.832609 0.380676 0.831304
0 0.362319 0.860870 0.353623 0.860870 0.334300 0.863043 0.325604 0.866522 0.322705 0.869130 0.322705 0.873913 0.334300 0.884348 0.343961 0.884783 0.361353 0.881304 0.370048 0.877391 0.375845 0.873043 0.376812 0.868696 0.373913 0.865217
0 0.358454 0.882174 0.342995 0.886087 0.334300 0.890435 0.334300 0.896957 0.338164 0.898261 0.342995 0.902609 0.362319 0.906957 0.370048 0.907391 0.377778 0.905217 0.387440 0.899565 0.390338 0.896522 0.389372 0.889130 0.382609 0.883043 0.378744 0.882174
0 0.390338 0.880870 0.388406 0.884783 0.392271 0.886957 0.398068 0.896522 0.402899 0.900435 0.408696 0.902174 0.421256 0.904348 0.430918 0.904348 0.450242 0.896957 0.453140 0.892174 0.448309 0.884348 0.431884 0.880435 0.404831 0.880000
0 0.396135 0.859565 0.389372 0.863913 0.387440 0.867826 0.388406 0.874783 0.392271 0.878696 0.424155 0.879130 0.430918 0.878261 0.434783 0.868696 0.428986 0.863913 0.413527 0.858261
0 0.457971 0.836087 0.446377 0.836087 0.435749 0.837826 0.421256 0.843478 0.415459 0.848261 0.413527 0.857391 0.435749 0.865652 0.440580 0.865652 0.444444 0.863913 0.457005 0.861739 0.469565 0.856522 0.471498 0.852609 0.466667 0.840870 0.463768 0.838261
0 0.447343 0.864348 0.436715 0.869565 0.434783 0.873043 0.436715 0.878261 0.441546 0.880870 0.457971 0.886087 0.464734 0.886957 0.477295 0.886087 0.487923 0.877826 0.487923 0.873913 0.484058 0.869130 0.485024 0.864783 0.477295 0.863478
0 0.481159 0.889565 0.473430 0.890870 0.457971 0.900435 0.458937 0.904348 0.462802 0.908261 0.483092 0.917391 0.492754 0.918696 0.500483 0.917391 0.505314 0.911304 0.519807 0.904783 0.521739 0.901304 0.520773 0.896522 0.510145 0.891739
0 0.561353 0.906957 0.552657 0.903043 0.534300 0.901739 0.505314 0.912174 0.502415 0.916522 0.514976 0.920870 0.535266 0.921304 0.559420 0.912174
0 0.413527 0.909130 0.406763 0.913043 0.408696 0.923913 0.414493 0.929565 0.424155 0.932609 0.436715 0.933478 0.449275 0.933043 0.459903 0.928696 0.471498 0.920435 0.471498 0.915652 0.466667 0.911739 0.457971 0.908261 0.439614 0.905652
0 0.410628 0.978261 0.404831 0.976087 0.393237 0.975217 0.379710 0.975652 0.367150 0.978261 0.358454 0.982609 0.353623 0.987826 0.354589 0.995217 0.360386 0.998261 0.360386 1.000000 0.405797 1.000000 0.414493 0.986522 0.414493 0.981739
0 0.421256 0.963913 0.414493 0.966957 0.410628 0.973913 0.418357 0.982609 0.420290 0.987391 0.428986 0.990000 0.448309 0.989565 0.456039 0.987826 0.471498 0.979565 0.470531 0.973043 0.442512 0.965652
0 0.464734 0.943478 0.454106 0.946957 0.442512 0.955652 0.446377 0.962174 0.453140 0.966957 0.473430 0.971304 0.484058 0.971304 0.501449 0.966957 0.504348 0.963913 0.504348 0.958261 0.500483 0.951304 0.493720 0.947391 0.475362 0.942609
0 0.480193 0.921739 0.475362 0.925217 0.467633 0.927391 0.461836 0.930870 0.464734 0.937391 0.473430 0.941304 0.499517 0.949130 0.510145 0.949130 0.524638 0.945652 0.535266 0.936957 0.536232 0.926957 0.534300 0.924783 0.526570 0.922609 0.502415 0.920435 0.488889 0.920435
0 0.413527 0.997391 0.413527 1.000000 0.468599 1.000000 0.468599 0.997826 0.463768 0.994348 0.450242 0.990870 0.428986 0.990870 0.419324 0.993478
0 0.473430 0.983043 0.469565 0.986087 0.469565 0.990870 0.475072 0.998913 0.485024 0.998261 0.485024 1.000000 0.510145 1.000000 0.510145 0.998261 0.515942 0.993478 0.509179 0.985217 0.500483 0.981739 0.493720 0.980870 0.482126 0.980870
0 0.518841 0.993478 0.517874 1.000000 0.556522 1.000000 0.556522 0.997391 0.549758 0.993913 0.536232 0.991304 0.524638 0.991739
0 0.492754 0.970870 0.489855 0.978696 0.501449 0.979565 0.514010 0.986522 0.525604 0.990435 0.553623 0.993478 0.567150 0.990435 0.575845 0.984348 0.577778 0.973478 0.572947 0.969130 0.568116 0.967826 0.552657 0.966522 0.534300 0.966522 0.522705 0.967391 0.514976 0.969130 0.498551 0.969565
0 0.556522 0.997391 0.556522 1.000000 0.624155 1.000000 0.622222 0.996957 0.612560 0.994783 0.604831 0.994348 0.589372 0.990435 0.567150 0.991304 0.562319 0.992609
0 0.612560 0.961739 0.598068 0.965652 0.588406 0.969565 0.583575 0.974783 0.582609 0.982609 0.584541 0.986957 0.591304 0.990435 0.615459 0.992174 0.622222 0.991739 0.634783 0.988261 0.639614 0.984783 0.640580 0.977826 0.630918 0.967391 0.622222 0.963913
0 0.696618 0.991739 0.687923 0.985217 0.683092 0.983913 0.672464 0.983478 0.660870 0.985217 0.646377 0.989130 0.628019 0.997826 0.628019 1.000000 0.695652 1.000000
0 0.728309 0.998609 0.717295 0.996130 0.709758 0.995609 0.698841 0.996348 0.696135 0.997739 0.695266 1.000000 0.732077 1.000000
0 0.726570 0.973478 0.702415 0.982174 0.701449 0.987826 0.703382 0.991304 0.708213 0.995217 0.729469 0.998261 0.733720 0.998826 0.742802 0.998826 0.745894 0.998261 0.753623 0.995652 0.758454 0.990435 0.755556 0.978696 0.753623 0.976522 0.745894 0.973478
0 0.776812 0.966087 0.763285 0.968696 0.754589 0.974348 0.759420 0.988261 0.764251 0.990435 0.780676 0.993043 0.788406 0.992174 0.801932 0.986957 0.805797 0.981739 0.806763 0.973913 0.796135 0.968261 0.790338 0.966957
0 0.835749 0.965652 0.827053 0.966957 0.808696 0.974348 0.803865 0.982609 0.806763 0.986522 0.822222 0.992609 0.829952 0.994348 0.847343 0.993913 0.855072 0.990435 0.857005 0.988261 0.857005 0.972609 0.854106 0.969130 0.850242 0.967391
0 0.875362 0.997826 0.875362 1.000000 0.910145 1.000000 0.910145 0.997826 0.906280 0.995652 0.895652 0.994348 0.886957 0.994783
0 0.907246 0.993913 0.908213 1.000000 0.963285 1.000000 0.962319 0.990435 0.950725 0.985217 0.925604 0.985217 0.915942 0.987826
0 1.000000 0.983478 0.993237 0.983478 0.982609 0.985217 0.968116 0.990000 0.966184 0.995652 0.969082 1.000000 1.000000 1.000000
0 1.000000 0.957826 0.992271 0.957826 0.978744 0.960000 0.968116 0.965217 0.960386 0.973478 0.960386 0.975217 0.966184 0.978696 0.986473 0.983913 1.000000 0.982609
0 0.904348 0.959565 0.897585 0.963043 0.893720 0.968696 0.894686 0.973478 0.899517 0.977391 0.909179 0.980870 0.923671 0.983913 0.942029 0.984348 0.952657 0.983043 0.958454 0.979130 0.959420 0.970435 0.957488 0.965652 0.951691 0.960870 0.943961 0.957391 0.935266 0.955652 0.925604 0.955652
0 0.948792 0.938696 0.942029 0.940435 0.934300 0.944348 0.930435 0.949565 0.931401 0.953478 0.954589 0.961739 0.960386 0.963043 0.971014 0.962609 0.979710 0.959565 0.983575 0.952174 0.982609 0.942174 0.974879 0.939565 0.961353 0.938261
0 0.995169 0.942174 0.990338 0.949565 0.990338 0.955652 0.994203 0.958261 1.000000 0.958261 1.000000 0.942174
0 0.968116 0.913478 0.962319 0.914783 0.951691 0.920435 0.942995 0.927391 0.942995 0.932174 0.952657 0.936957 0.978744 0.939130 0.996135 0.932609 1.000000 0.932609 1.000000 0.916522 0.996135 0.916522 0.987440 0.914348
0 0.924638 0.903043 0.912077 0.905217 0.900483 0.910000 0.896618 0.913478 0.894686 0.920000 0.920773 0.929565 0.928502 0.930870 0.937198 0.930870 0.941063 0.929565 0.942995 0.926522 0.958454 0.916522 0.960386 0.911739 0.937198 0.903043
0 0.940097 0.895652 0.937198 0.901304 0.940097 0.904348 0.947826 0.907391 0.968116 0.912174 0.987440 0.912174 0.995169 0.898261 0.995169 0.895652 0.987440 0.889565 0.975845 0.886957 0.968116 0.886957 0.949758 0.891304
0 0.886957 0.920870 0.881159 0.921739 0.876329 0.923913 0.870531 0.931304 0.869565 0.936957 0.873430 0.940870 0.892754 0.945217 0.909179 0.942609 0.918841 0.939130 0.921739 0.936087 0.921739 0.930435 0.916908 0.927391 0.902415 0.922174 0.894686 0.920870
0 0.843478 0.944348 0.831884 0.950870 0.831884 0.955652 0.836715 0.962174 0.860870 0.969565 0.876329 0.970870 0.890821 0.968696 0.897585 0.962609 0.899517 0.957826 0.898551 0.950870 0.894686 0.946522 0.886957 0.943478 0.875362 0.941304 0.856039 0.941739
0 0.813527 0.941304 0.800966 0.943043 0.788406 0.946957 0.782609 0.950000 0.775845 0.957826 0.775845 0.961739 0.778744 0.964348 0.803865 0.969130 0.816425 0.967826 0.822222 0.965217 0.826087 0.959130 0.826087 0.951739 0.822222 0.946957
0 0.749758 0.937826 0.725604 0.940870 0.716908 0.944783 0.714010 0.948261 0.715942 0.953478 0.730435 0.963478 0.743961 0.967826 0.752657 0.968261 0.762319 0.966522 0.771014 0.959565 0.770048 0.955217 0.772947 0.953043 0.772947 0.949565 0.767150 0.942174 0.760386 0.939130
0 0.665700 0.957826 0.663768 0.958696 0.664734 0.967391 0.675362 0.974783 0.685024 0.978696 0.700483 0.980870 0.709179 0.979130 0.719807 0.974783 0.722705 0.969565 0.727536 0.966957 0.728502 0.962609 0.716908 0.956522 0.703382 0.954783 0.682126 0.954783 0.677295 0.956522
0 0.594203 0.940435 0.575845 0.943478 0.565217 0.949130 0.563285 0.954348 0.572947 0.959565 0.591304 0.964348 0.597101 0.964783 0.604831 0.963913 0.610628 0.960435 0.616425 0.952174 0.616425 0.946957 0.614493 0.944348 0.604831 0.940870
0 0.692754 0.933913 0.683092 0.929565 0.674396 0.927826 0.660870 0.929130 0.653140 0.932174 0.639614 0.940870 0.632850 0.950870 0.635749 0.955217 0.657971 0.957826 0.665700 0.957391 0.687923 0.953043 0.698551 0.947826 0.699517 0.946087 0.698551 0.938696
0 0.617391 0.916957 0.612560 0.917826 0.600966 0.923913 0.597101 0.930435 0.597101 0.936522 0.600000 0.939565 0.613527 0.943478 0.622222 0.944348 0.633816 0.942609 0.640580 0.940435 0.651208 0.932174 0.651208 0.929130 0.645411 0.923043 0.637681 0.919565 0.629952 0.917391
0 0.591304 0.906087 0.577778 0.906522 0.567150 0.909565 0.554589 0.915652 0.546860 0.921739 0.546860 0.928261 0.563285 0.933478 0.577778 0.935217 0.590338 0.933913 0.597101 0.929565 0.602899 0.921304 0.602899 0.915652 0.599034 0.909565
0 0.621256 0.893043 0.612560 0.895652 0.595169 0.903913 0.597101 0.908261 0.612560 0.914783 0.628986 0.916522 0.637681 0.918696 0.648309 0.918696 0.655072 0.916087 0.661836 0.909565 0.659903 0.897826 0.648309 0.891304 0.636715 0.890870
0 0.551691 0.878696 0.542995 0.880870 0.539130 0.883043 0.530435 0.897391 0.536232 0.899565 0.548792 0.900870 0.560386 0.903913 0.571981 0.903913 0.579710 0.901739 0.585507 0.897826 0.586473 0.895217 0.583575 0.888261 0.577778 0.883043 0.569082 0.879130 0.561353 0.877826
0 0.525604 0.863043 0.518841 0.861739 0.508213 0.862609 0.495652 0.865217 0.492754 0.866957 0.491787 0.873478 0.485990 0.882609 0.485990 0.886087 0.489855 0.888261 0.501449 0.889565 0.516908 0.889565 0.525604 0.888696 0.535266 0.885652 0.539130 0.878261 0.538164 0.872174 0.532367 0.866522
0 0.691787 0.900000 0.681159 0.900000 0.669565 0.903043 0.663768 0.906957 0.661836 0.910435 0.661836 0.916087 0.665700 0.919130 0.667633 0.923913 0.671498 0.926522 0.681159 0.928261 0.693720 0.926087 0.709179 0.917391 0.713043 0.913043 0.713043 0.906522 0.709179 0.904783 0.701449 0.903913
0 0.733333 0.914348 0.724638 0.913913 0.712077 0.916957 0.705314 0.920000 0.697585 0.928261 0.696618 0.932174 0.699517 0.936957 0.715942 0.941304 0.726570 0.940435 0.742995 0.936522 0.753623 0.927391 0.754589 0.923478
0 0.813527 0.918696 0.805797 0.917391 0.795169 0.917391 0.776812 0.919565 0.763285 0.926522 0.758454 0.931304 0.759420 0.933043 0.768116 0.935652 0.774879 0.940000 0.786473 0.943478 0.796135 0.943478 0.805797 0.941739 0.813527 0.939130 0.822222 0.932174 0.823188 0.923043
0 0.866667 0.919565 0.853140 0.918261 0.837681 0.918261 0.828986 0.920000 0.826087 0.921739 0.822222 0.930435 0.823188 0.935652 0.827053 0.939130 0.838647 0.943043 0.848309 0.942609 0.868599 0.933043 0.871498 0.923043
0 0.787440 0.898261 0.770048 0.898261 0.751691 0.900000 0.738164 0.902609 0.730435 0.907391 0.731401 0.912174 0.751691 0.922609 0.763285 0.922609 0.767150 0.921739 0.784541 0.914348 0.792271 0.905652 0.791304 0.900435
0 0.798068 0.893043 0.792271 0.896522 0.795169 0.905652 0.806763 0.913913 0.821256 0.918696 0.832850 0.918261 0.842512 0.916522 0.852174 0.911304 0.858937 0.904348 0.857005 0.894348 0.849275 0.891304 0.803865 0.891304
0 0.892754 0.887391 0.870531 0.887826 0.864734 0.889130 0.859903 0.891739 0.860870 0.908261 0.865700 0.912609 0.872464 0.915217 0.884058 0.915217 0.888889 0.913913 0.913043 0.902609 0.914010 0.896522 0.911111 0.893913 0.901449 0.889565
0 0.890821 0.874348 0.887923 0.876522 0.890821 0.884348 0.912077 0.894348 0.916908 0.897826 0.926570 0.897391 0.939130 0.893478 0.945894 0.890000 0.948792 0.885652 0.948792 0.880435 0.943961 0.876522 0.936232 0.873913 0.924638 0.872174 0.914010 0.872174
0 0.995169 0.871304 0.974879 0.879565 0.971981 0.885217 0.985507 0.889130 0.995169 0.895217 1.000000 0.895217 1.000000 0.871304
0 0.995169 0.846522 0.994203 0.852609 0.989372 0.858261 0.995169 0.867826 1.000000 0.867826 1.000000 0.846522
0 0.971981 0.833913 0.960386 0.834348 0.937198 0.844348 0.933333 0.849130 0.935266 0.857391 0.958454 0.862609 0.973913 0.861739 0.991304 0.857391 0.996135 0.853913 1.000000 0.853913 1.000000 0.848696 0.995169 0.848261 0.983575 0.836522
0 0.919807 0.848261 0.902415 0.849565 0.882126 0.856957 0.880193 0.865652 0.884058 0.867826 0.896618 0.870870 0.908213 0.872174 0.919807 0.871739 0.928502 0.869565 0.933333 0.865652 0.932367 0.856957 0.928502 0.851739
0 0.846377 0.840000 0.829952 0.844348 0.827053 0.848261 0.827053 0.856957 0.834783 0.860435 0.865700 0.866957 0.878261 0.861739 0.882126 0.855217 0.882126 0.850000 0.865700 0.845217 0.856039 0.840000
0 0.857971 0.866957 0.849275 0.865217 0.838647 0.865217 0.826087 0.868261 0.818357 0.871739 0.809662 0.877826 0.807729 0.881304 0.809662 0.888261 0.820290 0.890870 0.833816 0.891739 0.857005 0.890870 0.868599 0.885217 0.870531 0.879565 0.868599 0.874348
0 0.742995 0.874348 0.738164 0.876957 0.738164 0.881304 0.742029 0.885217 0.754589 0.892609 0.768116 0.896957 0.788406 0.897391 0.801932 0.888696 0.803865 0.880000 0.800000 0.876522 0.794203 0.874783 0.783575 0.873913 0.771014 0.874783 0.756522 0.873913
0 0.700483 0.880870 0.693720 0.882609 0.685990 0.886522 0.682126 0.892174 0.683092 0.897391 0.685024 0.898696 0.706280 0.903478 0.714976 0.907391 0.726570 0.907826 0.733333 0.905217 0.740097 0.900000 0.742029 0.894783 0.742029 0.887391 0.740097 0.885217 0.732367 0.881739 0.724638 0.880000 0.711111 0.879565
0 0.732367 0.865217 0.730435 0.873913 0.734300 0.876087 0.751691 0.873478 0.760386 0.875217 0.782609 0.874348 0.794203 0.876087 0.799034 0.874348 0.800000 0.866957 0.797101 0.862609 0.771014 0.853913 0.758454 0.853478 0.749758 0.854783
0 0.794203 0.834783 0.781643 0.836522 0.774879 0.839130 0.768116 0.847391 0.768116 0.851304 0.771981 0.853913 0.797101 0.862174 0.805797 0.863043 0.817391 0.860435 0.825121 0.856957 0.827053 0.850000 0.826087 0.843043 0.824155 0.840870 0.817391 0.838261 0.804831 0.835217
0 0.681159 0.865652 0.664734 0.864348 0.634783 0.871739 0.628019 0.876522 0.627053 0.883043 0.628986 0.885217 0.636715 0.888261 0.645411 0.890000 0.657005 0.890000 0.677295 0.884348 0.687923 0.879130 0.691787 0.875217 0.691787 0.872609
0 0.724638 0.853478 0.717874 0.852174 0.704348 0.852174 0.690821 0.856087 0.682126 0.861304 0.682126 0.865652 0.696618 0.874348 0.711111 0.874783 0.717874 0.873478 0.725604 0.869130 0.732367 0.860870 0.730435 0.856957
0 0.605797 0.864783 0.585507 0.866087 0.577778 0.868696 0.571014 0.873043 0.571014 0.877391 0.573913 0.880435 0.584541 0.887391 0.586473 0.890435 0.594203 0.892609 0.613527 0.889565 0.621256 0.884783 0.627053 0.878696 0.628019 0.871739 0.626087 0.869565 0.620290 0.867391
0 0.561353 0.847391 0.550725 0.847826 0.539130 0.850000 0.530435 0.856087 0.528502 0.859565 0.529469 0.864783 0.538164 0.872174 0.545894 0.875217 0.557488 0.875217 0.566184 0.873913 0.576812 0.869130 0.583575 0.864348 0.583575 0.859130 0.578744 0.853913 0.571981 0.850435
0 0.589372 0.840870 0.581643 0.846087 0.579710 0.853913 0.583575 0.856957 0.586473 0.862609 0.615459 0.864783 0.629952 0.862174 0.633816 0.859130 0.633816 0.853913 0.623188 0.844783 0.605797 0.839130 0.595169 0.839565
0 0.684058 0.844783 0.672464 0.841304 0.651208 0.839565 0.638647 0.840000 0.628986 0.842609 0.625121 0.844783 0.625121 0.846522 0.632850 0.853043 0.633816 0.857826 0.627053 0.865652 0.639614 0.869130 0.647343 0.868261 0.667633 0.863043 0.679227 0.858261 0.682126 0.855652 0.685990 0.846957
0 0.694686 0.837391 0.692754 0.846087 0.697585 0.849565 0.707246 0.850870 0.718841 0.850870 0.740097 0.853478 0.744928 0.853478 0.749758 0.850000 0.748792 0.846087 0.741063 0.840870 0.736232 0.835217 0.727536 0.832174 0.715942 0.831304 0.706280 0.833043
0 0.501449 0.839130 0.490821 0.839130 0.482126 0.840435 0.473430 0.846087 0.475362 0.857826 0.490821 0.864783 0.509179 0.862609 0.516908 0.860435 0.529469 0.850000 0.526570 0.845652 0.521739 0.843478
0 0.508213 0.827826 0.500483 0.834783 0.512077 0.840435 0.521739 0.842609 0.535266 0.847826 0.544928 0.848261 0.562319 0.846087 0.561353 0.834783 0.552657 0.826087 0.543961 0.823913 0.534300 0.823043 0.517874 0.825217
0 0.576812 0.813478 0.570048 0.814783 0.558454 0.820435 0.556522 0.827391 0.565217 0.836087 0.569082 0.837826 0.575845 0.838261 0.578744 0.840870 0.587440 0.841304 0.591304 0.839130 0.598068 0.838261 0.604831 0.835217 0.613527 0.826522 0.614493 0.820870 0.612560 0.818261 0.603865 0.814783 0.590338 0.813478
0 0.644444 0.815217 0.629952 0.816087 0.617391 0.820435 0.614493 0.826087 0.605797 0.833478 0.605797 0.837826 0.621256 0.843043 0.632850 0.841304 0.641546 0.836957 0.647343 0.827391 0.653140 0.822609
0 0.684058 0.814783 0.674396 0.815217 0.668599 0.816522 0.658937 0.820435 0.652174 0.826087 0.650242 0.830435 0.658937 0.838261 0.671498 0.840000 0.685024 0.840000 0.691787 0.838696 0.699517 0.834348 0.702415 0.830435 0.702415 0.825652 0.689855 0.816957
0 0.786473 0.812609 0.770048 0.810000 0.755556 0.811304 0.745894 0.816087 0.736232 0.824348 0.734300 0.830435 0.751691 0.835652 0.762319 0.835652 0.780676 0.831304 0.788406 0.826957 0.791304 0.817826
0 0.832850 0.811739 0.821256 0.812609 0.812560 0.814783 0.800000 0.822174 0.794203 0.828696 0.795169 0.831739 0.799034 0.834348 0.815459 0.837826 0.829952 0.843043 0.842512 0.840870 0.854106 0.836522 0.858937 0.826087 0.858937 0.821739 0.852174 0.816087 0.845411 0.813478
0 0.867633 0.821739 0.861836 0.823478 0.857971 0.827391 0.855072 0.833913 0.857005 0.838261 0.864734 0.843478 0.870531 0.843913 0.882126 0.847826 0.891787 0.847826 0.896618 0.845652 0.891787 0.821739 0.885990 0.820435
0 0.894686 0.818261 0.895652 0.834348 0.903382 0.841304 0.912077 0.844348 0.922705 0.845652 0.934300 0.844783 0.942995 0.842174 0.958454 0.833913 0.956522 0.826957 0.939130 0.819565 0.930435 0.817391 0.920773 0.816087 0.907246 0.816087
0 0.970048 0.811304 0.953623 0.816957 0.947826 0.822609 0.957488 0.826957 0.961353 0.832174 0.987440 0.835217 0.994203 0.832609 1.000000 0.832174 1.000000 0.813043 0.980676 0.810870
0 0.918841 0.770870 0.909179 0.771739 0.900483 0.774783 0.888889 0.786087 0.888889 0.791304 0.900483 0.796087 0.908213 0.797391 0.917874 0.794783 0.930435 0.793043 0.937198 0.787826 0.935266 0.777826 0.925604 0.772174
0 0.942995 0.749565 0.936232 0.751739 0.926570 0.758261 0.923671 0.763478 0.924638 0.767826 0.928502 0.772609 0.937198 0.778696 0.942029 0.780870 0.953623 0.780870 0.973913 0.776957 0.982609 0.772609 0.988406 0.767391 0.980676 0.759565 0.966184 0.751739 0.954589 0.750000
0 0.995169 0.743043 0.991304 0.746522 0.986473 0.748261 0.984541 0.756957 0.989565 0.764217 0.995169 0.766087 1.000000 0.766087 1.000000 0.743043
0 0.889855 0.793478 0.877295 0.792174 0.859903 0.792609 0.845411 0.795652 0.840580 0.803043 0.840580 0.808696 0.844444 0.812174 0.859903 0.820000 0.867633 0.820435 0.876329 0.819130 0.887923 0.812174 0.894686 0.806087 0.897585 0.800870 0.897585 0.797826
0 0.883092 0.768261 0.862802 0.768261 0.841546 0.773913 0.837681 0.787391 0.843478 0.791304 0.859903 0.792609 0.874396 0.792174 0.885024 0.790435 0.890821 0.783913 0.892754 0.775217 0.889855 0.771304
0 0.888889 0.744348 0.870531 0.748696 0.867633 0.756957 0.870531 0.760435 0.888889 0.770435 0.900483 0.772609 0.913043 0.770435 0.919807 0.766522 0.924638 0.761304 0.924638 0.755217 0.909179 0.745217
0 0.837681 0.743043 0.819324 0.751304 0.815459 0.755217 0.814493 0.760000 0.816425 0.762174 0.828019 0.766087 0.834783 0.771304 0.841546 0.772174 0.849275 0.771739 0.860870 0.768261 0.868599 0.763913 0.869565 0.759565 0.857971 0.747826 0.848309 0.743913
0 0.782609 0.762174 0.772947 0.769130 0.773913 0.775652 0.784541 0.778696 0.794203 0.783913 0.813527 0.783478 0.821256 0.780000 0.828019 0.774783 0.829952 0.771304 0.827053 0.767826 0.813527 0.762609 0.794203 0.760435
0 0.813527 0.784348 0.801932 0.784348 0.793237 0.786087 0.789372 0.793913 0.781643 0.802609 0.784541 0.808261 0.796135 0.816957 0.804831 0.817391 0.814493 0.813478 0.828986 0.810870 0.839614 0.802609 0.841546 0.794783 0.836715 0.790435 0.827053 0.786957
0 0.769082 0.778261 0.760386 0.779565 0.753623 0.784348 0.752657 0.787826 0.758454 0.801739 0.761353 0.803913 0.766184 0.804783 0.778744 0.803478 0.782609 0.801739 0.789372 0.792609 0.790338 0.785652 0.788406 0.783043 0.782609 0.779565
0 0.715942 0.801304 0.711111 0.802174 0.698551 0.807826 0.696618 0.814783 0.698551 0.817826 0.705314 0.820870 0.715942 0.823043 0.726570 0.823913 0.743961 0.818696 0.751691 0.810870 0.750725 0.807391 0.743961 0.803043 0.735266 0.801304
0 0.735266 0.773478 0.719807 0.774783 0.708213 0.778261 0.701449 0.786522 0.703382 0.790435 0.707826 0.794000 0.714010 0.796522 0.725604 0.798696 0.743961 0.797826 0.748792 0.794783 0.750725 0.791304 0.749758 0.779130 0.743961 0.775217
0 0.656039 0.785652 0.651208 0.786957 0.649275 0.791739 0.655072 0.796087 0.659903 0.805652 0.662802 0.808261 0.672464 0.812174 0.683092 0.813043 0.707246 0.803043 0.707246 0.798261 0.696618 0.793478 0.666667 0.785217
0 0.642512 0.789130 0.612560 0.788696 0.597101 0.796522 0.595169 0.803478 0.598068 0.811304 0.601932 0.813913 0.609662 0.815652 0.612560 0.817391 0.623188 0.817826 0.637681 0.815217 0.647343 0.812609 0.655072 0.808261 0.657005 0.803478 0.655072 0.798261 0.645411 0.790000
0 0.628019 0.761739 0.621256 0.763043 0.612560 0.767391 0.610628 0.770870 0.612560 0.780000 0.617391 0.785217 0.623188 0.787391 0.648309 0.787826 0.659903 0.783043 0.662802 0.776087 0.662802 0.766957 0.648309 0.761739
0 0.604831 0.772174 0.595169 0.774348 0.588406 0.777391 0.560386 0.782609 0.562319 0.786957 0.573913 0.790435 0.586473 0.796522 0.596135 0.796087 0.609662 0.789565 0.611594 0.780435
0 0.548792 0.788696 0.538164 0.790435 0.533333 0.792609 0.528502 0.798261 0.527536 0.807826 0.529469 0.811304 0.534300 0.814348 0.545894 0.816957 0.557488 0.817391 0.582609 0.811739 0.589372 0.806957 0.589372 0.803478 0.584541 0.797826 0.576812 0.793478 0.560386 0.789130
0 0.492754 0.805652 0.480193 0.805217 0.468599 0.806522 0.457005 0.810870 0.453140 0.814348 0.451208 0.823478 0.454106 0.830000 0.464734 0.836522 0.484058 0.836957 0.493720 0.835217 0.501449 0.832174 0.515942 0.823043 0.517874 0.817826 0.514010 0.813043 0.508213 0.810000
0 0.526570 0.779565 0.497585 0.780435 0.486957 0.781739 0.480193 0.784783 0.476329 0.789130 0.476329 0.795652 0.485024 0.802174 0.508213 0.809130 0.516908 0.807826 0.524638 0.804348 0.530435 0.793043 0.535266 0.789565 0.535266 0.784783
0 0.395169 0.820435 0.392271 0.824348 0.392271 0.830870 0.400000 0.836087 0.414493 0.837826 0.428986 0.837826 0.440580 0.836087 0.450242 0.832174 0.450242 0.822609 0.442512 0.817391 0.431884 0.814348 0.423188 0.813043 0.412560 0.813043
0 0.429952 0.789130 0.421256 0.790870 0.418357 0.793478 0.416425 0.797826 0.418357 0.806957 0.423188 0.811304 0.440580 0.814783 0.450242 0.812609 0.470531 0.803478 0.472464 0.796957 0.470531 0.794348 0.459903 0.790435
0 0.375845 0.783913 0.364251 0.787391 0.359420 0.790435 0.356522 0.796087 0.356522 0.803913 0.361353 0.806957 0.384541 0.813043 0.397101 0.813913 0.408696 0.810000 0.412560 0.806087 0.413527 0.801739 0.407729 0.790870 0.388406 0.783913
0 0.314010 0.773913 0.308213 0.776087 0.305314 0.779565 0.309179 0.791739 0.316908 0.797391 0.321739 0.799130 0.337198 0.800000 0.348792 0.798261 0.359420 0.789565 0.368116 0.785652 0.369082 0.782609 0.358454 0.776087 0.345894 0.773478 0.319807 0.773043
0 0.386473 0.767826 0.371981 0.774783 0.370048 0.779130 0.371981 0.782174 0.375845 0.783478 0.388406 0.783913 0.403865 0.790000 0.411594 0.790870 0.418357 0.790000 0.424155 0.787391 0.424155 0.782609 0.419324 0.773043 0.405797 0.767826 0.400000 0.766957
0 0.448309 0.763043 0.434783 0.766087 0.424155 0.771739 0.421256 0.775217 0.422222 0.780870 0.426087 0.785217 0.435749 0.788261 0.446377 0.789565 0.464734 0.789565 0.469565 0.788696 0.481159 0.782174 0.482126 0.775217 0.473430 0.766957 0.466667 0.763913 0.458937 0.762609
0 0.517874 0.757391 0.509179 0.756522 0.497585 0.757391 0.485990 0.763478 0.481159 0.772174 0.483092 0.775217 0.489855 0.778696 0.494686 0.779565 0.513043 0.779565 0.521739 0.778696 0.530435 0.775652 0.531401 0.769565 0.528502 0.763043 0.524638 0.759565
0 0.250242 0.792174 0.247343 0.797826 0.249275 0.803043 0.257005 0.806957 0.267633 0.808261 0.291787 0.807826 0.301449 0.805652 0.314976 0.799130 0.313043 0.794783 0.301449 0.790000 0.286957 0.786957 0.276329 0.786087 0.265700 0.786957 0.256039 0.789130
0 0.229952 0.763043 0.219324 0.765217 0.203865 0.771739 0.200000 0.775217 0.200966 0.786957 0.212560 0.791304 0.233816 0.793913 0.239614 0.793478 0.257005 0.785652 0.261836 0.779130 0.257005 0.771739 0.239614 0.763913
0 0.168116 0.786522 0.150725 0.792609 0.143961 0.799130 0.155556 0.803478 0.172947 0.805217 0.185507 0.805217 0.196135 0.802174 0.204831 0.794783 0.200000 0.790870 0.194203 0.788696 0.184541 0.786957
0 0.125604 0.768696 0.116908 0.769565 0.112077 0.771304 0.106280 0.775217 0.102415 0.784348 0.104348 0.787826 0.114010 0.792174 0.126570 0.793913 0.151691 0.790435 0.156522 0.787391 0.157488 0.781739 0.152657 0.777391 0.142029 0.772174 0.135266 0.770000
0 0.085990 0.786087 0.065700 0.782609 0.056039 0.783043 0.047343 0.793043 0.043478 0.803043 0.043478 0.808261 0.047343 0.811304 0.056039 0.810435 0.061836 0.806087 0.084058 0.802609 0.087923 0.800870 0.096618 0.790870
0 0.064734 0.760000 0.047343 0.767826 0.045411 0.770870 0.047343 0.776522 0.057971 0.780435 0.072464 0.783043 0.091787 0.784783 0.100483 0.782609 0.111111 0.767826 0.104348 0.762609 0.089855 0.758696 0.075362 0.758696
0 0.143961 0.737391 0.124638 0.737391 0.099517 0.742174 0.090821 0.747826 0.089855 0.752174 0.093720 0.756957 0.106280 0.761739 0.126570 0.764783 0.135266 0.762609 0.150725 0.752174 0.150725 0.743043
0 0.099517 0.706957 0.092754 0.710000 0.082126 0.717826 0.074396 0.727826 0.075362 0.732609 0.082126 0.736957 0.098551 0.739565 0.117874 0.738696 0.124638 0.736957 0.127536 0.734783 0.126570 0.726087 0.121739 0.721739 0.117874 0.713913 0.109179 0.709565
0 0.142995 0.762174 0.141063 0.764348 0.144928 0.770870 0.151691 0.775652 0.165217 0.781739 0.166184 0.783478 0.178744 0.785217 0.186473 0.784348 0.192271 0.782174 0.200966 0.771739 0.200000 0.765217 0.194203 0.761739 0.183575 0.759565 0.159420 0.759565 0.155556 0.760870
0 0.161353 0.739130 0.151691 0.747826 0.151691 0.752174 0.164251 0.758696 0.188406 0.760000 0.195169 0.761739 0.204831 0.762609 0.218357 0.758261 0.224155 0.752174 0.223188 0.746957 0.216425 0.740000 0.206763 0.734783 0.198068 0.733478 0.183575 0.733913
0 0.248309 0.716087 0.237681 0.716087 0.228986 0.720000 0.212560 0.720870 0.203865 0.723043 0.200966 0.726957 0.202899 0.733478 0.215459 0.737391 0.230918 0.740000 0.230918 0.738696 0.239614 0.735652 0.249275 0.726957 0.251208 0.719565
0 0.247343 0.730870 0.232850 0.738261 0.228019 0.742609 0.226087 0.756522 0.228986 0.760870 0.231884 0.762174 0.255072 0.766522 0.265700 0.766522 0.275362 0.763478 0.284058 0.762174 0.290821 0.756957 0.286957 0.744348 0.276329 0.736087 0.257005 0.731304
0 0.317874 0.762174 0.313043 0.761304 0.288889 0.761739 0.269565 0.764348 0.262802 0.766957 0.260870 0.770000 0.262802 0.775652 0.279227 0.784783 0.289855 0.786522 0.301449 0.786087 0.304348 0.784783 0.307246 0.776522 0.326570 0.767826
0 0.369082 0.746522 0.346860 0.750435 0.337198 0.754783 0.332367 0.760000 0.336232 0.765217 0.360386 0.772609 0.370048 0.773913 0.382609 0.770000 0.388406 0.766522 0.392271 0.758261 0.387440 0.748696
0 0.305314 0.731304 0.297585 0.733478 0.291787 0.737826 0.287923 0.743913 0.288889 0.748696 0.293720 0.756957 0.302415 0.759565 0.313043 0.759565 0.321739 0.758261 0.342995 0.752174 0.346860 0.749130 0.346860 0.746957 0.328502 0.733913 0.319807 0.731739
0 0.379710 0.720435 0.368116 0.720000 0.356522 0.722609 0.336232 0.732174 0.338164 0.740435 0.352657 0.746087 0.361353 0.746522 0.371981 0.744783 0.381643 0.738261 0.384541 0.724348 0.382609 0.721304
0 0.443478 0.738261 0.420290 0.737391 0.400966 0.739565 0.390338 0.743043 0.388406 0.746087 0.390338 0.752609 0.395169 0.758261 0.400966 0.760870 0.417391 0.761739 0.428019 0.757826 0.434783 0.753913 0.445411 0.743913 0.446377 0.739565
0 0.480193 0.743478 0.470531 0.741739 0.447343 0.742609 0.433816 0.753478 0.422222 0.759565 0.424155 0.763043 0.428986 0.764348 0.460870 0.763043 0.472464 0.765217 0.483092 0.763478 0.489855 0.759565 0.491787 0.754783 0.489855 0.750870
0 0.551691 0.755217 0.529469 0.759565 0.529469 0.765217 0.534300 0.775217 0.553623 0.779565 0.561353 0.777826 0.565217 0.775652 0.567150 0.763478 0.563285 0.756522
0 0.597101 0.750870 0.586473 0.750000 0.576812 0.751304 0.569082 0.755652 0.566184 0.765217 0.566184 0.775652 0.576812 0.779565 0.604831 0.770870 0.613527 0.763913 0.609662 0.756087
0 0.514976 0.729130 0.500483 0.731304 0.491787 0.734348 0.484058 0.740000 0.483092 0.744348 0.497585 0.756087 0.513043 0.756522 0.527536 0.758696 0.539130 0.756087 0.546860 0.750870 0.549758 0.746087 0.550725 0.735652 0.546860 0.733043 0.520773 0.729130
0 0.608696 0.728261 0.597101 0.725652 0.586473 0.724783 0.565217 0.726522 0.556522 0.730000 0.552657 0.734783 0.554589 0.744348 0.556522 0.746522 0.569082 0.752174 0.584541 0.750000 0.596135 0.750435 0.600966 0.749130 0.608696 0.740435 0.615459 0.736522 0.616425 0.732174
0 0.629952 0.731739 0.622222 0.733913 0.604831 0.743913 0.602899 0.748261 0.606763 0.752174 0.615459 0.756522 0.636715 0.759565 0.648309 0.759130 0.651208 0.756087 0.653140 0.743478 0.648309 0.735217 0.640580 0.731739
0 0.664734 0.736522 0.658937 0.740000 0.657005 0.746522 0.657005 0.758696 0.659903 0.761739 0.665700 0.763478 0.678261 0.763913 0.702415 0.760435 0.713043 0.756087 0.711111 0.751739 0.705314 0.747391 0.688889 0.738696 0.675362 0.736522
0 0.714976 0.763913 0.703382 0.761739 0.697585 0.761739 0.679227 0.764348 0.671498 0.766522 0.665700 0.771739 0.663768 0.778261 0.665700 0.780870 0.673430 0.785217 0.683092 0.785652 0.696618 0.783913 0.714976 0.775217 0.718841 0.770870 0.718841 0.766522
0 0.750725 0.747826 0.733333 0.751739 0.724638 0.755217 0.720773 0.759565 0.720773 0.763913 0.730435 0.769565 0.751691 0.775217 0.761353 0.774783 0.776812 0.763913 0.777778 0.757391 0.770048 0.750870 0.761353 0.748261
0 0.819324 0.730870 0.804831 0.729565 0.786473 0.729565 0.771981 0.733913 0.768116 0.740435 0.775845 0.752174 0.780676 0.756522 0.785507 0.758261 0.797101 0.758261 0.813527 0.755652 0.828019 0.745652 0.828019 0.738696 0.823188 0.732609
0 0.707246 0.721739 0.695652 0.728261 0.692754 0.739130 0.708213 0.748261 0.713043 0.752609 0.717874 0.753913 0.737198 0.750000 0.746860 0.746957 0.752657 0.741304 0.753623 0.735652 0.750725 0.732174 0.738164 0.726087 0.717874 0.721739
0 0.795169 0.708696 0.777778 0.706957 0.758454 0.706957 0.747826 0.708696 0.743961 0.710435 0.739130 0.714348 0.738164 0.722609 0.742995 0.727391 0.749758 0.730000 0.751691 0.733043 0.762319 0.734348 0.772947 0.730870 0.780676 0.730000 0.793237 0.724348 0.798068 0.720870 0.799034 0.714348 0.798068 0.710435
0 0.861836 0.719130 0.851208 0.721304 0.836715 0.726522 0.834783 0.728261 0.835749 0.732609 0.843478 0.740000 0.850242 0.743478 0.859903 0.746522 0.870531 0.746957 0.878261 0.745652 0.883092 0.742609 0.884058 0.740000 0.880193 0.729565 0.881159 0.724348 0.877295 0.721304 0.867633 0.719130
0 0.837681 0.700435 0.831884 0.699565 0.817391 0.700000 0.801932 0.710000 0.800000 0.715652 0.801932 0.720000 0.800966 0.724783 0.806763 0.729565 0.818357 0.730000 0.837681 0.725652 0.851208 0.721739 0.859903 0.716957 0.860870 0.712609 0.857005 0.706957 0.852174 0.704348
0 0.878261 0.696957 0.863768 0.701739 0.860870 0.704783 0.862802 0.713043 0.868599 0.715652 0.879227 0.718261 0.892754 0.718261 0.900483 0.715652 0.909179 0.709565 0.910145 0.701304 0.902415 0.700000 0.893720 0.696957
0 0.890821 0.720870 0.888889 0.723478 0.882126 0.726087 0.882126 0.733913 0.887923 0.740870 0.893720 0.743043 0.910145 0.743478 0.928502 0.737391 0.934300 0.731739 0.929469 0.729565 0.906280 0.726957 0.899517 0.722609
0 0.943961 0.700000 0.938164 0.699130 0.925604 0.699565 0.914976 0.703478 0.912077 0.711304 0.900483 0.716522 0.901449 0.721739 0.908213 0.726522 0.924638 0.728696 0.934300 0.726957 0.944928 0.727391 0.956522 0.724783 0.963285 0.721739 0.967150 0.716957 0.966184 0.710870 0.958454 0.704783
0 0.959420 0.723913 0.940097 0.730435 0.935266 0.733478 0.931401 0.739130 0.933333 0.746087 0.935266 0.747391 0.959420 0.750000 0.981643 0.749130 0.987440 0.747391 0.994203 0.740000 0.976812 0.731739 0.969082 0.726087
0 0.994203 0.716957 0.976812 0.720435 0.972947 0.724783 0.981643 0.732609 0.995169 0.738696 1.000000 0.738696 1.000000 0.716957
0 0.995169 0.695652 0.991304 0.696957 0.988406 0.700000 0.975845 0.705217 0.975845 0.709130 0.984541 0.710870 0.994203 0.715652 1.000000 0.715652 1.000000 0.695652
0 0.960386 0.676522 0.951691 0.677391 0.943961 0.680435 0.936232 0.691739 0.936232 0.697391 0.958454 0.704348 0.968116 0.704348 0.973913 0.703478 0.996135 0.694348 1.000000 0.694348 1.000000 0.685652 0.996135 0.685652 0.976812 0.679565
0 0.982609 0.662174 0.972947 0.665217 0.968116 0.674348 0.971981 0.677826 0.977778 0.680000 0.995169 0.683478 1.000000 0.683478 1.000000 0.660870
0 0.945894 0.648696 0.923671 0.650435 0.916908 0.653043 0.914010 0.656087 0.915942 0.668696 0.941063 0.679130 0.956522 0.676087 0.966184 0.672174 0.973913 0.663043 0.972947 0.657826 0.968116 0.653913 0.959420 0.650435
0 0.907246 0.670435 0.890821 0.673478 0.882126 0.678696 0.880193 0.685652 0.889855 0.693913 0.908213 0.698261 0.914976 0.698261 0.927536 0.695652 0.935266 0.690870 0.939130 0.679565 0.938164 0.677826 0.925604 0.672174 0.917874 0.670435
0 0.828986 0.675652 0.821256 0.678696 0.815459 0.685217 0.815459 0.692609 0.818357 0.696957 0.821256 0.698261 0.835749 0.699130 0.846377 0.701739 0.857005 0.702174 0.874396 0.697391 0.879227 0.693043 0.873430 0.686087 0.872464 0.680435 0.863768 0.677391 0.848309 0.674783
0 0.784541 0.676087 0.773913 0.677391 0.762319 0.681739 0.751691 0.689565 0.750725 0.695652 0.761353 0.701304 0.768116 0.701739 0.787440 0.705652 0.796135 0.705217 0.806763 0.700870 0.812560 0.695652 0.813527 0.688696 0.803865 0.679565 0.798068 0.677391
0 0.730435 0.695652 0.721739 0.695652 0.708213 0.698261 0.698551 0.704348 0.697585 0.710000 0.709179 0.716087 0.715942 0.717826 0.729469 0.716957 0.731401 0.714348 0.744928 0.706087 0.743961 0.700435 0.737198 0.696957
0 0.691787 0.710000 0.682126 0.711739 0.674396 0.716957 0.670531 0.722609 0.670531 0.726522 0.673430 0.729130 0.695652 0.726957 0.706280 0.721304 0.706280 0.715652
0 0.666667 0.691739 0.645411 0.692609 0.637681 0.695652 0.632850 0.700870 0.632850 0.705217 0.641546 0.714783 0.645411 0.716522 0.655072 0.718261 0.667633 0.717826 0.673430 0.716522 0.683092 0.711739 0.686957 0.707391 0.693720 0.705217 0.693720 0.700870 0.685024 0.699565 0.675362 0.693913
0 0.612560 0.705217 0.603865 0.706522 0.591304 0.710870 0.590338 0.717826 0.597101 0.724783 0.623188 0.731304 0.639614 0.726957 0.643478 0.721739 0.642512 0.716522 0.630918 0.705652
0 0.550725 0.703043 0.544928 0.707391 0.543961 0.710000 0.545894 0.713913 0.553623 0.720870 0.563285 0.725652 0.579710 0.724783 0.584541 0.722609 0.590338 0.716957 0.589372 0.711304 0.578744 0.704783 0.571014 0.701739 0.559420 0.701304
0 0.542995 0.708696 0.539130 0.710870 0.525604 0.714348 0.523671 0.716087 0.522705 0.725652 0.529469 0.728696 0.545894 0.730435 0.555556 0.728261 0.557488 0.723478 0.547826 0.715217 0.545894 0.710000
0 0.438647 0.723478 0.432850 0.731304 0.433816 0.736087 0.444444 0.737826 0.450242 0.741739 0.456039 0.742609 0.478261 0.741739 0.488889 0.736957 0.492754 0.732174 0.482126 0.731304 0.464734 0.726087 0.449275 0.723043
0 0.444444 0.716957 0.446377 0.720870 0.455072 0.724348 0.472464 0.728261 0.486957 0.730000 0.500483 0.730435 0.512077 0.729130 0.517874 0.726522 0.520773 0.722609 0.519807 0.714783 0.513043 0.712609 0.501449 0.711304 0.477295 0.711304
0 0.415459 0.712609 0.402899 0.712174 0.392271 0.715652 0.385507 0.724348 0.384541 0.736957 0.386473 0.738261 0.395169 0.739565 0.414493 0.736957 0.430918 0.731739 0.434783 0.724783 0.432850 0.719565 0.422222 0.714348
0 0.449275 0.691304 0.439614 0.692174 0.424155 0.700870 0.421256 0.710870 0.423188 0.714348 0.429952 0.717391 0.443478 0.716522 0.468599 0.712609 0.473430 0.710870 0.475362 0.704348 0.472464 0.699565 0.465700 0.696087
0 0.308213 0.702174 0.299517 0.708261 0.297585 0.711739 0.299517 0.723913 0.309179 0.729565 0.315942 0.730435 0.335266 0.729565 0.350725 0.724783 0.354589 0.721304 0.352657 0.716522 0.336232 0.706087 0.326570 0.702609
0 0.395169 0.690000 0.383575 0.690000 0.371014 0.691304 0.356522 0.694783 0.345894 0.699130 0.344928 0.701739 0.350725 0.706957 0.359420 0.711304 0.368116 0.713913 0.379710 0.715652 0.388406 0.715652 0.403865 0.710870 0.408696 0.704783 0.409662 0.696957 0.405797 0.692174
0 0.299517 0.678696 0.288889 0.678261 0.273430 0.680000 0.256039 0.686522 0.253140 0.690000 0.252174 0.694783 0.254106 0.697826 0.271498 0.705217 0.280193 0.707391 0.292754 0.707826 0.299517 0.706522 0.309179 0.698261 0.312077 0.693478 0.312077 0.688696 0.306280 0.681304
0 0.361353 0.671304 0.343961 0.670435 0.334300 0.671304 0.324638 0.673913 0.314010 0.681304 0.314976 0.689565 0.324638 0.693478 0.334300 0.694783 0.352657 0.694783 0.361353 0.693478 0.371014 0.690000 0.375845 0.686087 0.373913 0.677391
0 0.394203 0.662174 0.386473 0.663478 0.381643 0.666087 0.378744 0.681739 0.383575 0.688261 0.405797 0.690435 0.414493 0.688696 0.423188 0.684783 0.431884 0.678261 0.431884 0.673478 0.425121 0.668261 0.413527 0.663478
0 0.535266 0.684348 0.516908 0.683478 0.499517 0.685217 0.497585 0.687391 0.485024 0.693043 0.482126 0.696087 0.484058 0.701304 0.491787 0.706087 0.516908 0.711739 0.535266 0.710000 0.538164 0.708696 0.545894 0.701739 0.545894 0.692609 0.543961 0.687391 0.540097 0.685217
0 0.441546 0.672609 0.437681 0.676522 0.437681 0.679130 0.443478 0.686957 0.448309 0.689565 0.471498 0.693478 0.483092 0.692609 0.493720 0.686522 0.502415 0.678696 0.500483 0.672609 0.483092 0.668696 0.464734 0.668696 0.456039 0.671304 0.447343 0.671304
0 0.612560 0.688261 0.596135 0.686087 0.580676 0.686957 0.566184 0.690870 0.562319 0.693043 0.562319 0.699565 0.576812 0.704348 0.586473 0.709565 0.596135 0.708696 0.611594 0.703913 0.618357 0.697391 0.617391 0.690870
0 0.628019 0.660000 0.618357 0.661739 0.611594 0.666087 0.604831 0.678261 0.604831 0.683043 0.606763 0.685217 0.614493 0.688261 0.627053 0.690870 0.639614 0.691739 0.648309 0.690000 0.662802 0.684348 0.667633 0.678261 0.667633 0.673913 0.659903 0.667391 0.640580 0.660000
0 0.576812 0.663478 0.567150 0.668696 0.563285 0.673043 0.553623 0.677391 0.552657 0.681739 0.560386 0.684348 0.573913 0.686087 0.590338 0.686087 0.600966 0.681739 0.598068 0.670000 0.587440 0.665652
0 0.508213 0.656957 0.505314 0.661304 0.501449 0.662174 0.501449 0.670435 0.508213 0.678696 0.516908 0.681739 0.539130 0.682174 0.547826 0.679565 0.559420 0.673913 0.561353 0.669565 0.559420 0.668696 0.557488 0.661739 0.552657 0.659565 0.541063 0.657391 0.525604 0.656522
0 0.687923 0.666087 0.670531 0.675652 0.665700 0.684783 0.666667 0.690000 0.681159 0.695217 0.693720 0.695217 0.708213 0.692609 0.718841 0.692609 0.726570 0.690870 0.730435 0.686957 0.729469 0.680435 0.717874 0.673043 0.703382 0.667391 0.695652 0.665652
0 0.770048 0.660435 0.761353 0.658696 0.751691 0.658261 0.738164 0.660000 0.725604 0.663043 0.721739 0.669565 0.722705 0.673043 0.727536 0.678261 0.741063 0.683043 0.752657 0.683043 0.767150 0.677391 0.772947 0.670870 0.772947 0.661739
0 0.803865 0.650870 0.796135 0.652174 0.782609 0.658261 0.779710 0.660870 0.779710 0.667391 0.784541 0.674348 0.797101 0.676522 0.803865 0.679130 0.816425 0.678261 0.828986 0.673043 0.833816 0.664783 0.828019 0.656087 0.817391 0.652609
0 0.844444 0.636522 0.836715 0.636522 0.816425 0.640435 0.811594 0.642174 0.807729 0.645652 0.809662 0.650000 0.828986 0.657391 0.832850 0.665217 0.838647 0.667391 0.849275 0.666087 0.856039 0.663043 0.867633 0.652174 0.869565 0.647391 0.867633 0.642174 0.857005 0.637826
0 0.908213 0.651739 0.901449 0.650435 0.889855 0.650435 0.871498 0.655652 0.857971 0.661739 0.852174 0.666522 0.851208 0.671304 0.853140 0.673478 0.874396 0.679130 0.883092 0.677826 0.897585 0.671304 0.911111 0.669130 0.914010 0.666087 0.914010 0.661304 0.911111 0.653913
0 0.172947 0.681304 0.167150 0.688696 0.167150 0.693478 0.169082 0.695652 0.180676 0.699565 0.194203 0.702609 0.215459 0.703478 0.232850 0.700435 0.236715 0.698696 0.238647 0.690870 0.235749 0.684783 0.230918 0.680870 0.220290 0.676957 0.205797 0.674348 0.198068 0.674348 0.184541 0.676957
0 0.168116 0.666522 0.161353 0.665217 0.143961 0.664348 0.132367 0.664783 0.119807 0.666957 0.114976 0.669130 0.114010 0.681739 0.128502 0.693478 0.133333 0.695217 0.144928 0.695217 0.154589 0.693478 0.172947 0.682174 0.175845 0.678696 0.176812 0.672174 0.173913 0.668696
0 0.100483 0.680435 0.082126 0.680870 0.071498 0.683913 0.064734 0.687391 0.064734 0.698696 0.071498 0.702609 0.073430 0.707391 0.080193 0.709130 0.094686 0.707391 0.123671 0.691304 0.124638 0.688696 0.115942 0.683478
0 0.060870 0.651739 0.057971 0.653913 0.053140 0.663913 0.056039 0.672174 0.064734 0.676957 0.075362 0.678261 0.093720 0.677826 0.102415 0.674783 0.108213 0.670435 0.109179 0.664783 0.106280 0.660000 0.098551 0.654783 0.091787 0.652609 0.068599 0.651304
0 0.139130 0.640000 0.121739 0.639565 0.107246 0.640870 0.098551 0.644348 0.093720 0.649130 0.093720 0.651739 0.096618 0.654348 0.105314 0.658696 0.110145 0.663913 0.114976 0.665652 0.136232 0.663913 0.142029 0.661304 0.143961 0.653913 0.149758 0.650000 0.151691 0.646087 0.148792 0.643478
0 0.143961 0.653913 0.145894 0.655652 0.163285 0.661304 0.169082 0.666087 0.172947 0.666522 0.177778 0.669130 0.182609 0.669565 0.197101 0.668261 0.205797 0.663913 0.209662 0.658696 0.208696 0.653913 0.197101 0.648696 0.191304 0.648261 0.178744 0.648696 0.171014 0.647391 0.154589 0.649565
0 0.265700 0.659130 0.256039 0.659130 0.231884 0.665652 0.224155 0.669565 0.222222 0.672174 0.223188 0.675217 0.231884 0.678696 0.246377 0.681304 0.257971 0.681304 0.274396 0.678261 0.279227 0.674348 0.277295 0.664783 0.275362 0.662174
0 0.334300 0.651739 0.326570 0.649565 0.316908 0.650000 0.295652 0.660435 0.289855 0.669130 0.291787 0.673043 0.310145 0.673913 0.321739 0.671739 0.336232 0.666522 0.341063 0.662609 0.341063 0.657391
0 0.272464 0.630435 0.261836 0.635217 0.256039 0.644783 0.256039 0.649130 0.260870 0.652174 0.273430 0.656087 0.286957 0.657391 0.300483 0.656522 0.309179 0.653913 0.317874 0.646957 0.318841 0.637826 0.311111 0.634348 0.297585 0.630870
0 0.190338 0.622174 0.187440 0.623913 0.187440 0.627826 0.199034 0.638696 0.200000 0.642174 0.207729 0.646957 0.216425 0.650000 0.228986 0.651304 0.238647 0.650000 0.245411 0.647826 0.251208 0.644348 0.258937 0.635652 0.258937 0.633478 0.254106 0.629130 0.249275 0.626957 0.223188 0.621739 0.197101 0.621304
0 0.139130 0.633478 0.140097 0.638696 0.161353 0.647391 0.188406 0.647391 0.199034 0.643043 0.197101 0.636522 0.193237 0.632174 0.187440 0.629130 0.160386 0.628696 0.150725 0.630000
0 0.085024 0.619130 0.081159 0.622609 0.082126 0.629565 0.091787 0.635217 0.112077 0.639565 0.132367 0.639565 0.137198 0.638696 0.137198 0.634783 0.142029 0.631304 0.142029 0.626957 0.138164 0.622174 0.130435 0.618261 0.118841 0.615217 0.108213 0.614783 0.098551 0.615652
0 0.046377 0.599130 0.047343 0.612174 0.056039 0.619130 0.064734 0.620000 0.083092 0.619130 0.108213 0.613913 0.117874 0.614348 0.123671 0.611739 0.125604 0.608696 0.123671 0.599565 0.117874 0.596087 0.110145 0.594348 0.090821 0.594348 0.082126 0.596522 0.074396 0.596957 0.064734 0.590870 0.056039 0.592609
0 0.053140 0.571304 0.052174 0.576522 0.056039 0.582174 0.064734 0.588261 0.080193 0.593913 0.102415 0.593043 0.117874 0.583913 0.119807 0.580870 0.118841 0.575652 0.103382 0.567826 0.089855 0.566087 0.082126 0.566087
0 0.161353 0.583043 0.134300 0.583478 0.122705 0.587391 0.119807 0.590870 0.120773 0.596087 0.132367 0.604783 0.149758 0.608696 0.154589 0.608261 0.173913 0.601304 0.174879 0.595217 0.178744 0.593043 0.178744 0.588696
0 0.178744 0.604348 0.169082 0.603913 0.156522 0.607826 0.149758 0.611739 0.145894 0.618696 0.145894 0.623913 0.151691 0.629130 0.184541 0.628696 0.187440 0.627826 0.188406 0.623478 0.200966 0.620000 0.200000 0.616522 0.191304 0.610000
0 0.215459 0.586522 0.198068 0.586522 0.188406 0.587826 0.184541 0.589565 0.179710 0.595217 0.180676 0.603913 0.195169 0.610435 0.203865 0.612609 0.211594 0.609130 0.222222 0.607391 0.230918 0.603478 0.231884 0.601739 0.230918 0.591739
0 0.258937 0.597391 0.248309 0.597391 0.243478 0.598696 0.223188 0.608696 0.219324 0.613478 0.220290 0.619565 0.225121 0.621739 0.247343 0.626087 0.258937 0.625217 0.266667 0.623043 0.275362 0.612609 0.270531 0.603913 0.264734 0.599565
0 0.308213 0.581739 0.291787 0.580435 0.282126 0.581304 0.275362 0.583043 0.267633 0.587391 0.264734 0.591304 0.264734 0.598261 0.273430 0.606957 0.278261 0.609130 0.290821 0.609130 0.327536 0.601304 0.331401 0.596957 0.331401 0.591304 0.321739 0.585652
0 0.327536 0.602609 0.311111 0.603913 0.294686 0.607826 0.285024 0.611304 0.275362 0.618696 0.274396 0.623043 0.280193 0.627826 0.304348 0.631739 0.316908 0.635217 0.326570 0.634348 0.336232 0.630000 0.342995 0.623478 0.344928 0.617826 0.339130 0.606957 0.335266 0.604348
0 0.350725 0.635217 0.340097 0.638696 0.337198 0.643478 0.347826 0.654348 0.360386 0.661304 0.370048 0.661304 0.389372 0.655217 0.398068 0.647391 0.397101 0.643043 0.388406 0.639130 0.368116 0.637826
0 0.347826 0.613043 0.344928 0.615217 0.345894 0.623043 0.354589 0.632609 0.360386 0.635217 0.369082 0.636957 0.376812 0.636957 0.384541 0.638261 0.396135 0.637826 0.401932 0.634783 0.411594 0.626087 0.413527 0.619130 0.409662 0.616087 0.396135 0.612609 0.375845 0.609130 0.367150 0.609130
0 0.439614 0.622174 0.425121 0.621304 0.413527 0.623913 0.398068 0.638261 0.398068 0.643478 0.401932 0.646087 0.399034 0.651304 0.401932 0.652609 0.413527 0.653478 0.430918 0.646957 0.449275 0.646087 0.454106 0.643913 0.460870 0.634348 0.454106 0.627391
0 0.377778 0.596957 0.373913 0.599565 0.373913 0.605217 0.380676 0.609565 0.412560 0.615652 0.422222 0.614348 0.428019 0.606957 0.428986 0.599130 0.427053 0.596522 0.419324 0.592174 0.403865 0.591304
0 0.493720 0.603043 0.469565 0.598261 0.454106 0.599130 0.445411 0.600870 0.440580 0.603478 0.436715 0.609565 0.435749 0.617391 0.437681 0.620435 0.446377 0.623913 0.455072 0.626087 0.465700 0.625217 0.468599 0.623043 0.483092 0.620000 0.496618 0.618696 0.501449 0.616087 0.502415 0.609565
0 0.469565 0.623478 0.463768 0.630000 0.464734 0.635217 0.472464 0.637391 0.482126 0.637391 0.509179 0.640000 0.517874 0.637826 0.522705 0.635217 0.521739 0.630000 0.515942 0.623043 0.510145 0.620435 0.501449 0.619130 0.487923 0.619130 0.473430 0.621739
0 0.480193 0.638261 0.468599 0.640870 0.464734 0.646087 0.464734 0.650870 0.481159 0.666087 0.492754 0.668261 0.497585 0.666522 0.501449 0.658696 0.510145 0.654348 0.511111 0.645217 0.509179 0.642174 0.503382 0.639565
0 0.419324 0.651304 0.416425 0.653913 0.415459 0.663043 0.431884 0.671304 0.436715 0.672174 0.449275 0.671304 0.478261 0.666522 0.473430 0.657391 0.466667 0.652174 0.458937 0.649130 0.445411 0.646522 0.434783 0.646522 0.425121 0.648696
0 0.465700 0.575217 0.446377 0.573913 0.428019 0.576087 0.419324 0.578261 0.408696 0.583913 0.407729 0.588261 0.421256 0.592174 0.437681 0.600000 0.447343 0.599565 0.456039 0.597391 0.463768 0.596957 0.474396 0.590000 0.476329 0.586957 0.476329 0.582609 0.470531 0.577391
0 0.418357 0.568696 0.390338 0.562609 0.377778 0.563913 0.357488 0.576087 0.354589 0.580000 0.355556 0.584348 0.360386 0.586957 0.368116 0.587826 0.402899 0.584348 0.419324 0.576522 0.420290 0.571739
0 0.271498 0.552174 0.270531 0.562174 0.280193 0.567391 0.289855 0.570435 0.306280 0.573478 0.323671 0.573913 0.327536 0.573478 0.335266 0.569565 0.335266 0.555652 0.326570 0.550870 0.281159 0.550000
0 0.221256 0.561739 0.218357 0.568696 0.232850 0.581739 0.244444 0.584783 0.257005 0.585217 0.266667 0.580870 0.271498 0.575652 0.270531 0.568696 0.265700 0.564348 0.257005 0.561304 0.245411 0.560000 0.229952 0.560000
0 0.168116 0.574783 0.168116 0.580870 0.176812 0.584348 0.186473 0.586087 0.202899 0.584783 0.222222 0.585217 0.230918 0.580870 0.237681 0.580435 0.230918 0.579130 0.222222 0.574783 0.216425 0.573478 0.213527 0.568261 0.209662 0.566522 0.198068 0.563913 0.184541 0.563913 0.178744 0.565217 0.173913 0.567391
0 0.139130 0.556522 0.116908 0.562609 0.114976 0.568696 0.118841 0.572609 0.135266 0.580435 0.152657 0.581739 0.164251 0.577826 0.171981 0.570870 0.180097 0.555261 0.162319 0.556522
0 0.081159 0.544348 0.076329 0.548261 0.077295 0.557391 0.080193 0.562609 0.085024 0.565217 0.098551 0.566522 0.110145 0.566087 0.121739 0.559565 0.134300 0.556087 0.135266 0.552174 0.132367 0.549565 0.121739 0.545652 0.102415 0.543478
0 0.225121 0.544783 0.202899 0.543913 0.185507 0.546522 0.182609 0.548696 0.181643 0.554348 0.183575 0.560435 0.205797 0.563913 0.213527 0.563043 0.217391 0.560870 0.233816 0.556957 0.233816 0.552174 0.228986 0.546522
0 0.194203 0.540870 0.179710 0.534783 0.164251 0.532609 0.152657 0.533478 0.138164 0.540435 0.138164 0.553043 0.141063 0.554348 0.161353 0.554348 0.177778 0.553043 0.179710 0.549130 0.187440 0.544783 0.196135 0.545217
0 0.099517 0.518696 0.091787 0.521304 0.087923 0.525217 0.086957 0.536957 0.092754 0.541304 0.098551 0.543043 0.126570 0.545652 0.139130 0.540000 0.140097 0.523043 0.136232 0.520870 0.119807 0.517391
0 0.151691 0.504783 0.148792 0.507826 0.138164 0.513043 0.139130 0.518696 0.160386 0.530000 0.187440 0.534783 0.200000 0.529565 0.206763 0.520435 0.204831 0.512609 0.198068 0.507826 0.186473 0.503913 0.174879 0.503478
0 0.129469 0.488696 0.115942 0.489130 0.102415 0.497826 0.097585 0.505652 0.097585 0.513913 0.099517 0.515217 0.127536 0.515217 0.135266 0.514348 0.152657 0.502174 0.142995 0.493913
0 0.178744 0.475217 0.160386 0.478261 0.149758 0.486522 0.148792 0.494348 0.150725 0.497826 0.159420 0.502609 0.172947 0.502609 0.186473 0.500435 0.197101 0.500435 0.203865 0.498261 0.202899 0.491304 0.197101 0.482174
0 0.226087 0.503478 0.221256 0.505652 0.215459 0.513043 0.215459 0.518261 0.220290 0.523913 0.237681 0.529130 0.260870 0.529565 0.267633 0.528696 0.275362 0.523043 0.277295 0.518261 0.276329 0.513043 0.271498 0.507391 0.257971 0.502174 0.237681 0.501739
0 0.229952 0.534348 0.228019 0.539565 0.228986 0.545217 0.240580 0.550870 0.265700 0.553043 0.283092 0.548696 0.292754 0.543043 0.290821 0.536957 0.283092 0.533478 0.266667 0.530435 0.238647 0.530000
0 0.300483 0.529130 0.294686 0.536087 0.294686 0.540435 0.297585 0.543913 0.334300 0.551739 0.361353 0.549130 0.367150 0.546522 0.369082 0.543478 0.368116 0.537826 0.359420 0.531304 0.351691 0.527826 0.327536 0.522609 0.316908 0.522609 0.311111 0.523913
0 0.392271 0.537826 0.388406 0.540000 0.386473 0.549565 0.395169 0.560870 0.405797 0.562609 0.416425 0.560870 0.431884 0.560000 0.439614 0.555652 0.440580 0.551739 0.430918 0.542174 0.413527 0.536087 0.401932 0.536087
0 0.362319 0.499565 0.354589 0.501304 0.345894 0.505652 0.343961 0.518261 0.348792 0.523478 0.358454 0.527391 0.371981 0.530870 0.377778 0.534783 0.385507 0.534348 0.397101 0.529130 0.405797 0.522174 0.408696 0.515652 0.408696 0.509565 0.404831 0.506087 0.389372 0.500435 0.378744 0.499130
0 0.307246 0.490435 0.285024 0.494348 0.276329 0.500000 0.274396 0.507826 0.275362 0.510000 0.279227 0.511739 0.307246 0.518696 0.317874 0.519565 0.325604 0.517826 0.331401 0.513913 0.336232 0.506522 0.332367 0.493913 0.328502 0.491304
0 0.214493 0.468696 0.205797 0.474783 0.203865 0.483913 0.208696 0.490435 0.221256 0.493478 0.248309 0.495217 0.257005 0.491304 0.260870 0.486522 0.257005 0.474348 0.239614 0.466087
0 0.169082 0.439130 0.152657 0.439130 0.142995 0.440870 0.134300 0.450000 0.132367 0.454348 0.133333 0.462609 0.144928 0.468696 0.150725 0.470000 0.171014 0.467826 0.178744 0.463913 0.182609 0.459565 0.180676 0.450870
0 0.195169 0.451304 0.193237 0.454783 0.194203 0.459565 0.202899 0.463478 0.218357 0.464783 0.248309 0.464783 0.254106 0.460000 0.253140 0.454783 0.244444 0.446957 0.239614 0.445217 0.224155 0.443913 0.212560 0.444348 0.204831 0.446087
0 0.259903 0.400000 0.238647 0.406087 0.229952 0.411304 0.228986 0.417391 0.229952 0.419130 0.240580 0.423913 0.256039 0.429130 0.274396 0.430000 0.284058 0.427391 0.290821 0.421739 0.295652 0.414348 0.295652 0.409130 0.291787 0.403913 0.283092 0.401304 0.275362 0.400000
0 0.261836 0.430435 0.247343 0.436957 0.242512 0.443913 0.253140 0.452609 0.257005 0.459565 0.263768 0.461739 0.285024 0.459565 0.292754 0.456522 0.297585 0.442174 0.293720 0.438696 0.270531 0.430870
0 0.272464 0.462174 0.263768 0.466522 0.258937 0.471304 0.258937 0.475652 0.261836 0.478261 0.282126 0.483913 0.292754 0.483913 0.306280 0.486522 0.316908 0.485217 0.321739 0.482609 0.315942 0.472174 0.308213 0.467826 0.304348 0.463043 0.291787 0.459130
0 0.324638 0.449130 0.311111 0.452174 0.307246 0.455217 0.306280 0.463043 0.309179 0.467391 0.321739 0.477391 0.341063 0.483043 0.349758 0.482609 0.353623 0.481304 0.360386 0.470000 0.362319 0.463043 0.360386 0.456522 0.356522 0.453478 0.347826 0.450435
0 0.343961 0.427391 0.336232 0.426522 0.316908 0.426957 0.305314 0.430000 0.297585 0.438696 0.300483 0.447826 0.308213 0.453043 0.324638 0.450000 0.341063 0.451304 0.349758 0.450000 0.355556 0.443913 0.356522 0.438261 0.348792 0.429565
0 0.345894 0.400000 0.336232 0.397826 0.325604 0.397826 0.315942 0.400000 0.310145 0.403043 0.298551 0.413478 0.299517 0.422174 0.304348 0.425652 0.307246 0.426522 0.315942 0.425652 0.343961 0.426522 0.361353 0.418696 0.365217 0.416087 0.364251 0.409565 0.357488 0.404783
0 0.376812 0.413478 0.366184 0.415652 0.360386 0.418261 0.350725 0.426087 0.351691 0.431304 0.359420 0.436522 0.375845 0.440870 0.387440 0.441739 0.405797 0.434348 0.406763 0.419130 0.396135 0.414348
0 0.403865 0.380870 0.395169 0.385217 0.392271 0.389565 0.391304 0.400870 0.395169 0.405652 0.412560 0.410870 0.431884 0.411304 0.439614 0.410435 0.449275 0.406522 0.454106 0.397391 0.452174 0.388261 0.445411 0.384348 0.423188 0.379565 0.410628 0.379565
0 0.420290 0.411739 0.412560 0.413043 0.407729 0.418696 0.408696 0.431739 0.414493 0.435652 0.427053 0.438261 0.432850 0.438261 0.444444 0.436087 0.452174 0.431739 0.452174 0.420000 0.439614 0.413478 0.431884 0.411739
0 0.403865 0.436957 0.389372 0.443043 0.383575 0.446957 0.381643 0.459130 0.392271 0.463913 0.406763 0.464348 0.421256 0.468261 0.430918 0.467391 0.440580 0.459130 0.438647 0.450435 0.430918 0.443478 0.419324 0.437391 0.414493 0.436522
0 0.404831 0.465217 0.394203 0.465217 0.386473 0.467826 0.372947 0.478261 0.371014 0.482174 0.373913 0.489565 0.379710 0.491739 0.394203 0.494348 0.405797 0.493478 0.416425 0.489130 0.422222 0.485217 0.427053 0.479130 0.427053 0.473913 0.423188 0.469130 0.418357 0.467391
0 0.526570 0.382609 0.507246 0.383043 0.495652 0.384783 0.483092 0.387826 0.477295 0.390435 0.473430 0.393913 0.473430 0.398696 0.488889 0.406957 0.504348 0.410435 0.510145 0.410435 0.519807 0.407826 0.524638 0.400435 0.531401 0.396522 0.535266 0.391304 0.535266 0.386957
0 0.481159 0.410435 0.471498 0.412174 0.455072 0.419565 0.455072 0.429130 0.457971 0.432174 0.470531 0.437391 0.484058 0.440000 0.499517 0.440000 0.509179 0.437826 0.518841 0.433478 0.522705 0.428696 0.522705 0.423913 0.518841 0.420435 0.511111 0.417826 0.509179 0.415652 0.501449 0.413478 0.500483 0.411739 0.491787 0.412174 0.488889 0.410870
0 0.489855 0.453043 0.471498 0.452609 0.465700 0.453913 0.453140 0.460000 0.450242 0.463478 0.451208 0.472174 0.455072 0.476087 0.464734 0.479565 0.475362 0.479130 0.486957 0.476087 0.499517 0.466087 0.500483 0.458696 0.495652 0.454783
0 0.470531 0.494348 0.465700 0.492609 0.455072 0.492609 0.445411 0.495217 0.430918 0.497391 0.425121 0.505217 0.427053 0.510000 0.446377 0.512609 0.454106 0.512174 0.464734 0.510000 0.470531 0.507391 0.474396 0.503478 0.474396 0.497391
0 0.410628 0.524348 0.408696 0.528261 0.409662 0.531304 0.431884 0.541739 0.455072 0.545217 0.471498 0.544348 0.479227 0.541304 0.485024 0.532174 0.480193 0.525217 0.470531 0.518696 0.457971 0.516957 0.444444 0.516522 0.428019 0.519565
0 0.552657 0.393478 0.535266 0.395217 0.524638 0.400435 0.520773 0.407826 0.521739 0.417826 0.524638 0.420870 0.534300 0.423913 0.555556 0.423043 0.569082 0.421304 0.576812 0.416522 0.579710 0.412609 0.580676 0.407826 0.577778 0.401304 0.563285 0.395652
0 0.595169 0.389130 0.586473 0.391739 0.578744 0.400000 0.582609 0.403913 0.582609 0.414348 0.586473 0.418696 0.604831 0.419130 0.611594 0.417391 0.630918 0.407391 0.631884 0.400000 0.626087 0.396087 0.614493 0.391739 0.604831 0.389130
0 0.684058 0.387391 0.670531 0.387391 0.657005 0.389565 0.647343 0.393043 0.645411 0.396087 0.647343 0.404783 0.653913 0.409870 0.658937 0.413043 0.673430 0.416957 0.682126 0.416522 0.692754 0.411739 0.700483 0.410000 0.706280 0.404783 0.706280 0.399565 0.700483 0.392609 0.692754 0.388696
0 0.648309 0.407826 0.630918 0.407826 0.617391 0.415652 0.603865 0.421304 0.600966 0.426087 0.600966 0.431304 0.604831 0.434348 0.611594 0.435652 0.644444 0.435217 0.650242 0.434348 0.655072 0.432174 0.661836 0.424783 0.660870 0.415652
0 0.539130 0.425217 0.534300 0.426957 0.531401 0.430870 0.531401 0.438261 0.536232 0.443478 0.553623 0.448261 0.561353 0.449130 0.585507 0.441304 0.590338 0.436087 0.591304 0.430870 0.582609 0.426087 0.570048 0.424348
0 0.525604 0.446087 0.516908 0.448261 0.506280 0.455217 0.503382 0.466957 0.500483 0.470870 0.508213 0.474348 0.523671 0.473913 0.537198 0.475652 0.542995 0.474783 0.549758 0.471304 0.553623 0.470870 0.560386 0.463043 0.560386 0.457826 0.554589 0.453043 0.546860 0.450870 0.537198 0.446087
0 0.587440 0.442609 0.572947 0.445217 0.562319 0.451304 0.564251 0.462609 0.570048 0.467826 0.575845 0.469565 0.588406 0.469130 0.603865 0.465652 0.610628 0.462609 0.615459 0.456522 0.615459 0.453043 0.612560 0.449565 0.597101 0.443913
0 0.604831 0.472174 0.594203 0.470000 0.584541 0.469565 0.559420 0.470435 0.552657 0.471304 0.546860 0.473913 0.543961 0.477826 0.543961 0.483043 0.556522 0.495652 0.563285 0.497391 0.571014 0.497826 0.583575 0.496087 0.597101 0.489565 0.605797 0.481739 0.607729 0.478261
0 0.504348 0.475217 0.485990 0.483478 0.483092 0.488261 0.484058 0.496087 0.488889 0.498696 0.503382 0.499565 0.513043 0.501739 0.526570 0.508261 0.537198 0.508261 0.544928 0.505652 0.548792 0.502174 0.549758 0.490435 0.547826 0.487826 0.531401 0.475652 0.523671 0.474348
0 0.488889 0.499130 0.480193 0.503913 0.477295 0.508261 0.473430 0.510000 0.471498 0.517826 0.482126 0.523043 0.486957 0.523913 0.499517 0.523913 0.517874 0.521304 0.521739 0.519130 0.523671 0.514783 0.523671 0.506522 0.521739 0.504348 0.510145 0.500000 0.493720 0.498696
0 0.517874 0.523913 0.508213 0.524348 0.500483 0.526957 0.494686 0.531739 0.486957 0.534783 0.482126 0.539130 0.482126 0.545652 0.485990 0.549130 0.493720 0.553478 0.506280 0.556087 0.513043 0.555652 0.525604 0.552609 0.534300 0.544783 0.532367 0.536957 0.526570 0.530000 0.522705 0.528696
0 0.550725 0.513043 0.541063 0.514783 0.532367 0.517826 0.528502 0.520870 0.526570 0.526522 0.531401 0.532609 0.540097 0.538261 0.552657 0.540870 0.561353 0.541304 0.572947 0.538261 0.578744 0.535217 0.583575 0.530435 0.583575 0.521304 0.570048 0.515217 0.561353 0.513478
0 0.560386 0.501304 0.554589 0.508696 0.555556 0.511304 0.573913 0.515652 0.596135 0.525652 0.604831 0.526087 0.606763 0.525217 0.605797 0.521304 0.611594 0.517826 0.611594 0.510870 0.607729 0.505217 0.599034 0.498696 0.587440 0.496522 0.577778 0.496957
0 0.625121 0.477391 0.611594 0.481739 0.604831 0.485652 0.601932 0.491304 0.601932 0.497391 0.612560 0.503913 0.639614 0.503913 0.657005 0.498261 0.659903 0.494783 0.659903 0.489130 0.654106 0.482174 0.639614 0.478261
0 0.649275 0.437391 0.638647 0.438696 0.628986 0.443043 0.621256 0.451304 0.620290 0.456957 0.628986 0.463478 0.636715 0.466957 0.647343 0.469130 0.657005 0.469130 0.674396 0.466087 0.684058 0.459130 0.684058 0.451739 0.674396 0.441304 0.662802 0.437826
0 0.700483 0.412174 0.690821 0.413043 0.689855 0.414783 0.682126 0.418696 0.669565 0.430435 0.667633 0.436087 0.682126 0.443913 0.690821 0.443478 0.700483 0.440870 0.712077 0.432609 0.713043 0.426522 0.711111 0.420870
0 0.727536 0.391304 0.716908 0.395652 0.710145 0.403478 0.707246 0.413043 0.712077 0.418261 0.716908 0.420000 0.738164 0.421304 0.754589 0.420435 0.771981 0.416087 0.775845 0.412609 0.774879 0.406522 0.767150 0.399565 0.752657 0.393478 0.744928 0.391739 0.736232 0.390870
0 0.820290 0.395217 0.793237 0.396522 0.784541 0.399565 0.774879 0.407826 0.775845 0.411304 0.785507 0.417826 0.802899 0.425652 0.809662 0.424348 0.835749 0.412609 0.842512 0.406957 0.843478 0.404348 0.839614 0.400435
0 0.872464 0.384348 0.873430 0.391304 0.883092 0.397391 0.908213 0.399130 0.926570 0.402609 0.938164 0.396522 0.938164 0.384783 0.934300 0.380435 0.925604 0.376957 0.918841 0.376087 0.893720 0.376957 0.883092 0.379565
0 0.884058 0.400000 0.871498 0.411304 0.871498 0.416522 0.877295 0.424348 0.881159 0.425652 0.921739 0.425217 0.925604 0.424348 0.935266 0.420000 0.937198 0.417826 0.937198 0.411304 0.931401 0.406957 0.921739 0.402609 0.910145 0.399565 0.889855 0.398696
0 1.000000 0.403478 0.985507 0.403043 0.950725 0.406957 0.940097 0.412609 0.938164 0.415652 0.939130 0.419565 0.960386 0.425652 0.971981 0.425217 0.988406 0.426522 1.000000 0.425217
0 0.865700 0.411739 0.851208 0.411304 0.832850 0.414348 0.822222 0.419565 0.819324 0.425217 0.819324 0.430435 0.829952 0.435652 0.832850 0.441304 0.837681 0.443478 0.857005 0.443043 0.874396 0.429565 0.875362 0.423478 0.871498 0.414783
0 0.741063 0.421739 0.735266 0.422609 0.728502 0.427391 0.724638 0.433913 0.725604 0.441304 0.729469 0.443913 0.742995 0.448696 0.752657 0.448261 0.771981 0.443478 0.783575 0.438696 0.788406 0.435217 0.780676 0.429565 0.758454 0.422609
0 0.802899 0.430000 0.796135 0.431304 0.777778 0.439565 0.780676 0.447826 0.783575 0.450000 0.792271 0.452174 0.802899 0.453478 0.813527 0.453478 0.827053 0.447391 0.831884 0.443478 0.832850 0.439565 0.828986 0.435652 0.818357 0.431304
0 0.881159 0.426957 0.875362 0.429130 0.870531 0.434783 0.877295 0.443043 0.893720 0.447391 0.908213 0.455652 0.929469 0.450870 0.938164 0.445217 0.941063 0.439565 0.941063 0.434348 0.937198 0.430435 0.932367 0.428261 0.919807 0.425652 0.898551 0.425217
0 0.959420 0.426087 0.951691 0.428261 0.944928 0.432174 0.938164 0.443043 0.938164 0.447826 0.960386 0.459130 0.969082 0.460000 0.980676 0.459565 0.990338 0.456522 0.995169 0.451304 1.000000 0.450870 1.000000 0.432609 0.996135 0.432609 0.991304 0.428696 0.979710 0.426087
0 0.995169 0.450870 0.989372 0.455652 0.989372 0.464783 0.994203 0.470870 1.000000 0.471304 1.000000 0.450870
0 0.943961 0.451739 0.932367 0.451739 0.922705 0.453043 0.914010 0.456087 0.905314 0.462174 0.903382 0.464783 0.903382 0.471739 0.906280 0.473913 0.916908 0.477391 0.935266 0.477391 0.943961 0.476087 0.955556 0.470000 0.956522 0.459130 0.952657 0.455652
0 0.875362 0.445217 0.858937 0.446522 0.847343 0.449130 0.838647 0.453043 0.835749 0.458261 0.836715 0.460435 0.841546 0.463043 0.858937 0.466522 0.864734 0.471739 0.870531 0.472174 0.884058 0.470870 0.892754 0.466957 0.902415 0.455652 0.899517 0.450870 0.891787 0.446957
0 0.805797 0.454348 0.797101 0.453478 0.776812 0.454348 0.768116 0.458261 0.761353 0.463478 0.760386 0.474348 0.762319 0.476087 0.786473 0.483478 0.796135 0.483043 0.807729 0.476957 0.813527 0.471739 0.815459 0.460870 0.813527 0.457826
0 0.716908 0.445652 0.711111 0.446957 0.696618 0.453478 0.692754 0.458261 0.693720 0.462609 0.710145 0.464783 0.721739 0.468696 0.727536 0.476087 0.733333 0.476957 0.742029 0.476522 0.745894 0.475217 0.752657 0.467391 0.750725 0.458696 0.743961 0.451304 0.734300 0.446087 0.727536 0.444783
0 0.693720 0.464783 0.676329 0.468261 0.666667 0.472609 0.660870 0.478261 0.660870 0.484783 0.663768 0.487826 0.672464 0.491304 0.683092 0.490870 0.709179 0.492174 0.717874 0.489565 0.723671 0.485217 0.723671 0.472609 0.718841 0.467826 0.713043 0.465652
0 0.829952 0.463478 0.817391 0.468261 0.811594 0.474348 0.812560 0.478261 0.821256 0.483478 0.831884 0.484783 0.839614 0.487391 0.848309 0.487391 0.855072 0.483913 0.860870 0.478261 0.859903 0.470435 0.857005 0.467391 0.838647 0.463913
0 0.868599 0.474783 0.861836 0.484348 0.861836 0.494783 0.871498 0.500000 0.880193 0.501739 0.899517 0.500870 0.914010 0.496957 0.923671 0.495652 0.930435 0.493043 0.931401 0.487391 0.929469 0.484348 0.904348 0.475217 0.885990 0.472174 0.880193 0.472174
0 0.812560 0.485652 0.802899 0.488696 0.792271 0.493913 0.784541 0.501739 0.785507 0.506522 0.804831 0.506957 0.828019 0.510870 0.837681 0.510435 0.846377 0.506522 0.839614 0.490870 0.830918 0.486087 0.824155 0.485217
0 0.679227 0.492609 0.669565 0.497391 0.671498 0.504783 0.687923 0.512609 0.698551 0.514783 0.709179 0.514348 0.720773 0.506957 0.725604 0.498261 0.723671 0.496087 0.717874 0.493478 0.696618 0.492174
0 0.742995 0.497826 0.729469 0.501739 0.727536 0.505217 0.728502 0.513478 0.738164 0.518261 0.761353 0.523043 0.766184 0.521739 0.770048 0.517391 0.771981 0.508261 0.771014 0.500870 0.766184 0.497826 0.762319 0.497391
0 0.801932 0.507391 0.784541 0.508261 0.775845 0.512174 0.771981 0.516522 0.771981 0.524783 0.776812 0.530000 0.781643 0.532609 0.794203 0.536087 0.798068 0.535652 0.807729 0.530435 0.822222 0.527391 0.833816 0.518696 0.833816 0.513478 0.817391 0.509130
0 0.874396 0.500870 0.864734 0.501739 0.853140 0.504783 0.844734 0.507957 0.836039 0.512217 0.834396 0.522217 0.835942 0.526174 0.847246 0.528565 0.885990 0.526522 0.892754 0.525652 0.895652 0.523913 0.896618 0.515217 0.894686 0.511739
0 0.914976 0.497826 0.904348 0.500435 0.900483 0.503043 0.897585 0.512609 0.899517 0.522609 0.904348 0.525652 0.927536 0.529565 0.936232 0.527391 0.952657 0.520435 0.957488 0.514348 0.956522 0.509130 0.952657 0.504783 0.943961 0.500435 0.925604 0.497826
0 0.647343 0.504348 0.631884 0.510000 0.628019 0.514348 0.628019 0.520870 0.633816 0.525217 0.644444 0.530000 0.655072 0.533043 0.666667 0.533913 0.674396 0.532174 0.684058 0.522174 0.684058 0.513478 0.670531 0.505652 0.658937 0.503913
0 0.478261 0.546957 0.462802 0.545652 0.451208 0.546522 0.446377 0.547826 0.436715 0.559565 0.439614 0.567826 0.445411 0.570435 0.464734 0.570435 0.481159 0.564783 0.487923 0.558261 0.488889 0.554783 0.486957 0.551304
0 0.490821 0.577391 0.481159 0.583478 0.474396 0.591304 0.474396 0.596087 0.480193 0.600000 0.499517 0.603478 0.518841 0.602174 0.524638 0.600000 0.527536 0.595217 0.527536 0.590435 0.522705 0.583478 0.513043 0.579130 0.501449 0.576087
0 0.488889 0.559565 0.484058 0.563478 0.487923 0.571304 0.494686 0.574348 0.507246 0.576957 0.525604 0.583043 0.535266 0.581304 0.543961 0.576522 0.547826 0.572609 0.545894 0.560000 0.536232 0.556522 0.528502 0.555652 0.514976 0.556522 0.508213 0.558696 0.497585 0.557826
0 0.600966 0.556522 0.596135 0.554783 0.589372 0.554348 0.570048 0.550000 0.560386 0.550435 0.551691 0.552174 0.546860 0.559565 0.546860 0.568696 0.550725 0.571304 0.571014 0.571739 0.589372 0.569565 0.598068 0.564348 0.600966 0.560870
0 0.596135 0.527826 0.582609 0.532174 0.576812 0.538261 0.568116 0.540870 0.568116 0.545652 0.585507 0.553043 0.606763 0.557391 0.624155 0.557391 0.629952 0.553913 0.636715 0.545217 0.636715 0.536087 0.632850 0.531739 0.626087 0.528261 0.616425 0.526957
0 0.695652 0.520870 0.689855 0.522609 0.682126 0.527826 0.680193 0.531304 0.682126 0.538261 0.688889 0.541739 0.702415 0.544348 0.716908 0.543478 0.724638 0.540870 0.734300 0.533478 0.736232 0.528261 0.732367 0.525217 0.717874 0.521304 0.710145 0.520435
0 0.751691 0.529565 0.738164 0.531739 0.732367 0.534783 0.726570 0.540000 0.724638 0.545652 0.736232 0.551304 0.742995 0.556957 0.751691 0.558261 0.762319 0.558261 0.772947 0.554348 0.788406 0.550870 0.794203 0.545652 0.795169 0.540435 0.792271 0.537391 0.785507 0.534348 0.765217 0.530000
0 0.656039 0.538696 0.648309 0.540870 0.636715 0.546522 0.632850 0.555217 0.633816 0.560435 0.640580 0.565652 0.652174 0.569565 0.681159 0.569565 0.684058 0.567391 0.685990 0.550870 0.683092 0.544348 0.678261 0.540870 0.670531 0.538696
0 0.705314 0.547391 0.697585 0.548261 0.687923 0.551739 0.685024 0.560435 0.685024 0.568696 0.704348 0.577826 0.709179 0.578696 0.726570 0.573478 0.732367 0.570000 0.738164 0.563478 0.739130 0.555652 0.733333 0.551304 0.728502 0.549565 0.717874 0.547826
0 0.975845 0.526957 0.960386 0.527391 0.952657 0.529130 0.945894 0.532174 0.938164 0.540000 0.939130 0.544348 0.946860 0.549130 0.949758 0.553043 0.954589 0.554783 0.963285 0.555217 0.975845 0.553913 0.991304 0.544783 0.993237 0.539565 0.988406 0.536522 0.987440 0.529130
0 0.995169 0.522174 0.989372 0.529130 0.990338 0.537391 0.994203 0.542174 1.000000 0.542609 1.000000 0.522174
0 0.918841 0.530000 0.901449 0.526087 0.870531 0.527391 0.856039 0.529130 0.852174 0.531739 0.852174 0.536087 0.857005 0.546087 0.872464 0.550435 0.885024 0.550000 0.899517 0.546522 0.912077 0.540000 0.920773 0.533478
0 0.820290 0.528696 0.812560 0.530000 0.804831 0.533478 0.801932 0.536522 0.801932 0.543043 0.805797 0.549130 0.811594 0.552609 0.821256 0.553913 0.831884 0.553478 0.836715 0.552609 0.845411 0.548696 0.848309 0.545217 0.848309 0.540435 0.840580 0.531739 0.830918 0.529565
0 0.775845 0.553478 0.768116 0.556087 0.766184 0.558696 0.769082 0.568261 0.786473 0.574783 0.793237 0.576087 0.805797 0.574783 0.823188 0.563478 0.824155 0.559565 0.820290 0.556087 0.812560 0.553478 0.798068 0.551739 0.789372 0.551739
0 0.834783 0.554348 0.828019 0.562174 0.828019 0.565217 0.830918 0.566522 0.858937 0.570870 0.872464 0.574783 0.881159 0.573913 0.887923 0.571304 0.891787 0.568261 0.892754 0.564348 0.876329 0.553043 0.869565 0.550435 0.860870 0.549130 0.851208 0.549130 0.844444 0.550435
0 0.939130 0.546087 0.935266 0.545217 0.922705 0.545217 0.899517 0.546522 0.879227 0.552174 0.883092 0.556957 0.898551 0.567826 0.907246 0.568696 0.915942 0.567826 0.939130 0.568261 0.943961 0.566522 0.947826 0.555217 0.943961 0.549130
0 0.995169 0.544783 0.985507 0.548696 0.983575 0.551739 0.983575 0.560435 0.992271 0.572609 1.000000 0.573043 1.000000 0.544783
0 0.971981 0.556087 0.953623 0.557826 0.947826 0.560870 0.942029 0.568696 0.945894 0.579130 0.949758 0.581739 0.974879 0.581739 0.985507 0.576087 0.988406 0.572609 0.985507 0.564348 0.980676 0.559130
0 0.914010 0.568261 0.902415 0.570870 0.900483 0.576522 0.907246 0.580870 0.908213 0.583478 0.920773 0.593478 0.921739 0.596087 0.928502 0.596957 0.932367 0.595652 0.941063 0.587391 0.943961 0.582609 0.943961 0.573913 0.942029 0.571304 0.936232 0.569130 0.930435 0.568261
0 0.892754 0.575217 0.881159 0.574783 0.873430 0.576087 0.856039 0.591739 0.857971 0.597391 0.864734 0.602609 0.877295 0.603043 0.897585 0.601739 0.912077 0.599130 0.916908 0.596087 0.915942 0.591739 0.902415 0.578696
0 0.826087 0.567826 0.822222 0.569565 0.820290 0.573478 0.830918 0.587826 0.841546 0.590870 0.857005 0.590000 0.863768 0.586522 0.867633 0.582609 0.870531 0.575652 0.856039 0.570000 0.830918 0.566957
0 0.813527 0.575652 0.802899 0.576087 0.785507 0.582174 0.775845 0.593913 0.775845 0.596957 0.780676 0.600000 0.794203 0.602174 0.803865 0.602174 0.810628 0.600870 0.820290 0.596522 0.824155 0.593478 0.827053 0.586087 0.822222 0.578696
0 0.771014 0.570000 0.749758 0.570870 0.742029 0.572174 0.731401 0.579565 0.730435 0.585652 0.732367 0.588261 0.752657 0.597391 0.762319 0.597826 0.770048 0.596522 0.774879 0.593913 0.782609 0.585217 0.785507 0.576087 0.779710 0.571739
0 0.663768 0.570870 0.656039 0.572609 0.652174 0.574783 0.648309 0.588261 0.652174 0.591739 0.666667 0.596957 0.683092 0.598261 0.688889 0.592609 0.699517 0.586522 0.701449 0.584348 0.700483 0.579565 0.697585 0.576522 0.686957 0.573043 0.675362 0.570870
0 0.603865 0.559130 0.592271 0.571739 0.592271 0.578261 0.597101 0.585217 0.603865 0.588696 0.634783 0.588696 0.639614 0.587826 0.644444 0.585652 0.649275 0.580435 0.650242 0.576087 0.646377 0.570000 0.626087 0.559130 0.618357 0.558261
0 0.543961 0.577391 0.536232 0.582609 0.533333 0.592174 0.534300 0.596957 0.579710 0.598261 0.588406 0.596087 0.596135 0.592609 0.599034 0.587391 0.595169 0.582609 0.586860 0.572348 0.561353 0.575217 0.551691 0.575652
0 0.533333 0.599565 0.528502 0.603043 0.528502 0.614348 0.534300 0.622609 0.539130 0.624783 0.570048 0.627826 0.578744 0.624783 0.595169 0.615217 0.597101 0.610870 0.590338 0.603913 0.576812 0.600000 0.564251 0.598261 0.542995 0.598261
0 0.542029 0.626522 0.528502 0.632174 0.521739 0.636522 0.514976 0.645217 0.514010 0.651739 0.515942 0.653913 0.519807 0.654783 0.562319 0.656957 0.570048 0.655217 0.575845 0.651304 0.579710 0.642609 0.576812 0.634348 0.563285 0.628261 0.554589 0.626522
0 0.594203 0.595217 0.594203 0.602174 0.602899 0.612609 0.608696 0.614348 0.631884 0.616957 0.637681 0.616087 0.657005 0.607826 0.676329 0.608261 0.679227 0.607391 0.676329 0.604783 0.668599 0.601739 0.663768 0.595652 0.648309 0.590000 0.640580 0.588696 0.606763 0.589130 0.597101 0.592174
0 0.595169 0.637826 0.585507 0.640000 0.577778 0.646087 0.575845 0.655217 0.576812 0.657826 0.585507 0.664348 0.593237 0.666522 0.604831 0.665652 0.625121 0.658696 0.630918 0.654348 0.631884 0.646087 0.624155 0.641739 0.606763 0.638261
0 0.588406 0.619130 0.580676 0.625652 0.580676 0.633043 0.585507 0.636522 0.605797 0.637391 0.628986 0.641304 0.641546 0.640435 0.646377 0.638696 0.647343 0.634348 0.639614 0.625217 0.633816 0.620435 0.627053 0.617391 0.614493 0.614783 0.602899 0.614783 0.595169 0.616087
0 0.655072 0.608261 0.644444 0.612609 0.639614 0.616522 0.638647 0.623913 0.641546 0.627826 0.650242 0.633043 0.660870 0.635652 0.683092 0.636957 0.690821 0.631739 0.695652 0.626087 0.695652 0.618261 0.692754 0.613043 0.687923 0.609565 0.676329 0.607391
0 0.653140 0.636957 0.647343 0.639565 0.640580 0.646522 0.634203 0.652174 0.633816 0.658261 0.643478 0.660435 0.656039 0.665217 0.663768 0.666957 0.668599 0.666957 0.683092 0.664783 0.691787 0.661739 0.694686 0.647826 0.692754 0.645217 0.680193 0.638696 0.665700 0.636087
0 0.711111 0.637391 0.702415 0.640000 0.695652 0.644783 0.692754 0.658696 0.698551 0.663913 0.719807 0.664348 0.743961 0.658261 0.746860 0.654348 0.739130 0.649130 0.734300 0.640435 0.724638 0.637826
0 0.778744 0.629565 0.763285 0.630435 0.742995 0.636087 0.737198 0.638696 0.737198 0.645652 0.742029 0.651304 0.753623 0.656087 0.767150 0.658261 0.779710 0.657391 0.795169 0.650870 0.798068 0.648696 0.801932 0.640435 0.800000 0.635652 0.787440 0.630870
0 0.702415 0.617391 0.697585 0.620000 0.696618 0.623478 0.711111 0.636087 0.723671 0.637826 0.735266 0.637826 0.748792 0.632609 0.755556 0.625217 0.754589 0.620435 0.748792 0.616522 0.736232 0.614348 0.724638 0.614348
0 0.728502 0.588696 0.699517 0.589565 0.688889 0.593043 0.685024 0.598261 0.685990 0.604348 0.691787 0.610870 0.697585 0.613913 0.707246 0.615652 0.736232 0.613043 0.749758 0.606957 0.752657 0.604348 0.751691 0.598696 0.738164 0.591304
0 0.772947 0.599565 0.760386 0.600435 0.756522 0.601739 0.750725 0.610870 0.750725 0.615652 0.754589 0.620000 0.762319 0.624348 0.769082 0.625652 0.777778 0.625217 0.786473 0.622609 0.807729 0.613043 0.806763 0.606957 0.802899 0.604348
0 0.857005 0.597826 0.840580 0.594783 0.828986 0.594348 0.824155 0.595652 0.808696 0.604348 0.807729 0.607826 0.811594 0.613043 0.817391 0.615652 0.825121 0.616957 0.832850 0.616957 0.854106 0.609565 0.861836 0.603478
0 0.783575 0.623478 0.781643 0.626522 0.783575 0.629130 0.808696 0.639130 0.813527 0.639565 0.830918 0.637391 0.841546 0.633043 0.842512 0.629565 0.836715 0.621739 0.829952 0.618696 0.818357 0.616087 0.803865 0.615652
0 0.865700 0.610000 0.855072 0.610000 0.847343 0.612174 0.842512 0.614783 0.838647 0.619565 0.838647 0.623913 0.844444 0.633913 0.846377 0.635217 0.854106 0.636522 0.878261 0.633913 0.883092 0.631739 0.886957 0.627826 0.887923 0.623043 0.881159 0.615217 0.872464 0.611304
0 0.916908 0.597826 0.904348 0.600870 0.895652 0.604783 0.888889 0.609565 0.884058 0.616957 0.885990 0.620435 0.893720 0.624348 0.917874 0.628261 0.926570 0.628261 0.942029 0.622174 0.946860 0.616087 0.947826 0.611304 0.943961 0.606087 0.936232 0.600870 0.928502 0.598261
0 0.890821 0.627826 0.879227 0.634348 0.865894 0.635783 0.873140 0.647609 0.893720 0.649565 0.906280 0.650435 0.922705 0.648696 0.930435 0.645217 0.932367 0.643043 0.931401 0.638696 0.923671 0.630435 0.915942 0.628261 0.901449 0.626522
0 0.958454 0.620435 0.942029 0.622609 0.934300 0.625217 0.928502 0.630000 0.929469 0.635217 0.935266 0.643043 0.945894 0.648261 0.959420 0.650435 0.964251 0.648696 0.965217 0.641739 0.968116 0.637391 0.979710 0.634783 0.979710 0.630000 0.975845 0.626522 0.975845 0.623043 0.971014 0.620870
0 1.000000 0.609130 0.995169 0.609130 0.984541 0.614348 0.975845 0.622609 0.976812 0.627826 0.985507 0.632609 1.000000 0.632174
0 1.000000 0.634348 0.981643 0.633913 0.972947 0.635217 0.967150 0.637826 0.965217 0.640870 0.965217 0.650870 0.977778 0.663043 0.986473 0.661304 1.000000 0.660435
0 0.959420 0.780000 0.951691 0.782174 0.943961 0.786957 0.942029 0.790000 0.943961 0.794348 0.954589 0.796957 0.956522 0.799565 0.970048 0.807826 0.988406 0.808696 0.996135 0.806087 1.000000 0.806087 1.000000 0.782000 0.988599 0.778609
0 0.924638 0.794348 0.912850 0.797478 0.908213 0.800000 0.903382 0.806087 0.904348 0.812174 0.909179 0.814783 0.925604 0.816087 0.942995 0.815217 0.958454 0.810435 0.961353 0.802609 0.957488 0.801304 0.956522 0.798696 0.952657 0.796522 0.939130 0.794783
0 0.995169 0.767391 0.991304 0.770870 0.989372 0.779565 0.995169 0.781739 1.000000 0.781739 1.000000 0.767391