0 0.734300 0.933913 0.723671 0.933478 0.713043 0.935217 0.705314 0.939130 0.692754 0.950870 0.689855 0.963043 0.699517 0.966957 0.726570 0.965217 0.748792 0.960000 0.757488 0.955217 0.758454 0.950000 0.754589 0.946522 0.751691 0.940000 0.745894 0.936957
0 0.635749 0.937826 0.621256 0.944348 0.619324 0.946522 0.624155 0.960870 0.638647 0.965652 0.652174 0.965652 0.674396 0.961739 0.678261 0.959565 0.679227 0.950435 0.674396 0.946522 0.665700 0.941739 0.657005 0.939130 0.642512 0.936957
0 0.567150 0.943913 0.562319 0.946522 0.560386 0.950000 0.561353 0.954783 0.566184 0.960870 0.584541 0.967826 0.598068 0.969130 0.612560 0.973478 0.623188 0.973913 0.628019 0.969565 0.622222 0.962174 0.621256 0.951304 0.615459 0.943913 0.605797 0.940000 0.596135 0.938261 0.586473 0.939130
0 0.623188 0.910000 0.615459 0.914348 0.612560 0.919130 0.613527 0.930435 0.616425 0.934783 0.621256 0.937391 0.628019 0.938261 0.636715 0.937391 0.652174 0.938696 0.660870 0.938261 0.675362 0.927826 0.675362 0.919565 0.671498 0.913913 0.662802 0.910870 0.649275 0.908696 0.628986 0.908696
0 0.712077 0.909130 0.693720 0.909130 0.680193 0.911739 0.676329 0.914783 0.678261 0.928261 0.685990 0.934783 0.699517 0.938696 0.709179 0.936957 0.729469 0.928261 0.729469 0.915652 0.719807 0.910435
0 0.751691 0.906522 0.739130 0.910870 0.734686 0.912739 0.732367 0.915652 0.731401 0.926087 0.742029 0.933478 0.746860 0.935217 0.756522 0.936522 0.770048 0.936522 0.787440 0.932174 0.791304 0.928261 0.790338 0.920000 0.778744 0.912174 0.759420 0.906522
0 0.825121 0.907391 0.811594 0.908696 0.800966 0.911739 0.793237 0.918261 0.794203 0.926087 0.799034 0.931304 0.803865 0.933913 0.820290 0.937826 0.830918 0.936087 0.834783 0.933913 0.840580 0.924348 0.848309 0.916957 0.846377 0.912174 0.840580 0.909565
0 0.902415 0.923478 0.896618 0.917826 0.886957 0.912609 0.875362 0.910000 0.863768 0.910000 0.853140 0.913043 0.845411 0.917391 0.836715 0.926957 0.835749 0.931739 0.839614 0.933043 0.852174 0.934348 0.883092 0.933478 0.894686 0.930435 0.901449 0.927391
0 1.000000 0.916087 0.980676 0.913043 0.969082 0.913043 0.943961 0.915652 0.931401 0.925217 0.931401 0.928261 0.941063 0.936957 0.944928 0.938696 0.956522 0.940435 0.977778 0.940435 0.996135 0.936522 1.000000 0.936522
0 0.925604 0.896087 0.915942 0.896957 0.895652 0.902609 0.891787 0.907391 0.891787 0.912609 0.893720 0.916087 0.899517 0.919565 0.926570 0.926087 0.935266 0.922609 0.942995 0.916522 0.947826 0.914783 0.949758 0.913043 0.949758 0.908261 0.942995 0.901304 0.934300 0.897391
0 1.000000 0.888696 0.982609 0.888261 0.971981 0.890870 0.959420 0.900000 0.959420 0.906522 0.968116 0.911304 0.975845 0.912609 0.989372 0.912609 0.995169 0.910870 1.000000 0.910870
0 0.995169 0.868261 0.991304 0.879130 0.993237 0.881739 0.999614 0.884217 1.000000 0.863957
0 0.955556 0.863043 0.949758 0.863913 0.936232 0.870870 0.931401 0.875217 0.931401 0.877826 0.938164 0.884783 0.942995 0.887391 0.957488 0.890435 0.966184 0.890435 0.971014 0.889565 0.988406 0.880870 0.991304 0.877826 0.992271 0.871739 0.986473 0.868261 0.972947 0.863478
0 0.922705 0.875217 0.910145 0.874783 0.904348 0.875652 0.895652 0.879130 0.888889 0.884783 0.889855 0.895217 0.891787 0.896957 0.898551 0.898696 0.909179 0.899130 0.918841 0.896957 0.935266 0.895652 0.939130 0.892609 0.939130 0.887826 0.930435 0.878261
0 0.838647 0.874348 0.824155 0.880870 0.820290 0.883913 0.819324 0.889130 0.823188 0.893478 0.831884 0.898261 0.848309 0.903043 0.854106 0.903913 0.876329 0.903913 0.883092 0.903043 0.885990 0.901739 0.888889 0.897391 0.888889 0.890870 0.882126 0.883043 0.875362 0.879130 0.860870 0.874783 0.850242 0.873478
0 0.786473 0.879130 0.771981 0.884348 0.768116 0.887826 0.765217 0.898696 0.768116 0.903478 0.777778 0.911304 0.789372 0.912609 0.821256 0.906522 0.825121 0.904783 0.828019 0.901304 0.828019 0.896522 0.824155 0.895217 0.819324 0.890000 0.804831 0.883043 0.798068 0.882609
0 0.698551 0.886957 0.695652 0.890870 0.695652 0.901739 0.702415 0.905652 0.715942 0.909130 0.735266 0.910870 0.761353 0.903913 0.763285 0.901739 0.763285 0.892609 0.752657 0.888261 0.736232 0.883913 0.719807 0.882174 0.708213 0.882609
0 0.676329 0.886522 0.662802 0.887391 0.646377 0.898261 0.646377 0.902174 0.649275 0.905652 0.660870 0.910000 0.673430 0.911739 0.691787 0.908261 0.694686 0.903913 0.693720 0.893043 0.685990 0.887391
0 0.585507 0.891739 0.572947 0.893043 0.563285 0.895652 0.556522 0.899565 0.554589 0.904783 0.559420 0.911304 0.569082 0.916957 0.579710 0.918696 0.590338 0.919130 0.609662 0.916087 0.619324 0.912174 0.630918 0.905217 0.631884 0.899565 0.628986 0.898261 0.615459 0.897391 0.603865 0.893043
0 0.571014 0.917391 0.552657 0.919130 0.543961 0.927391 0.542995 0.939130 0.558454 0.944348 0.562319 0.944348 0.584541 0.939565 0.601932 0.932174 0.601932 0.927826 0.597101 0.924348 0.587440 0.920435
0 0.555556 0.949565 0.546860 0.946957 0.525604 0.948261 0.508213 0.953478 0.502415 0.958696 0.502415 0.964348 0.504348 0.966087 0.509179 0.967826 0.535266 0.968261 0.550725 0.966957 0.562319 0.963043 0.562319 0.958261
0 0.463768 0.938696 0.445411 0.943913 0.447343 0.955217 0.454106 0.963478 0.464734 0.969130 0.484058 0.971304 0.495652 0.967391 0.500483 0.963043 0.499517 0.953478 0.491787 0.943043 0.480193 0.939130
0 0.394203 0.935217 0.388406 0.938696 0.386473 0.946522 0.391304 0.951304 0.406763 0.953478 0.412560 0.955217 0.420290 0.955652 0.430918 0.954783 0.439614 0.951739 0.442512 0.939130 0.436715 0.934783 0.412560 0.931304
0 0.433816 0.897391 0.428986 0.897391 0.421256 0.899565 0.411594 0.900435 0.398068 0.904783 0.397101 0.908696 0.392271 0.912609 0.388406 0.920435 0.392271 0.925652 0.405797 0.930000 0.417391 0.931304 0.432850 0.931304 0.438647 0.930435 0.450242 0.926522 0.456039 0.921739 0.457971 0.917826 0.457005 0.908261 0.454106 0.905652
0 0.372947 0.897826 0.357488 0.897826 0.349758 0.899130 0.342995 0.902609 0.340097 0.906522 0.340097 0.913043 0.344928 0.920435 0.354589 0.926087 0.360386 0.926957 0.370048 0.926522 0.382609 0.922174 0.394203 0.909130 0.393237 0.904783 0.390338 0.902174 0.384541 0.900000
0 0.491787 0.925217 0.482126 0.929565 0.482126 0.933478 0.487923 0.939565 0.505314 0.947391 0.514010 0.948696 0.520773 0.948261 0.530435 0.944348 0.538164 0.939130 0.539130 0.930435 0.527536 0.925217 0.518841 0.923478 0.503382 0.923478
0 0.483092 0.902174 0.480193 0.904348 0.479227 0.912609 0.482126 0.916087 0.490821 0.919565 0.504348 0.921739 0.515942 0.921739 0.533333 0.919130 0.541063 0.916522 0.542995 0.913478 0.541063 0.908696 0.533333 0.903478 0.523671 0.899565 0.509179 0.896957 0.498551 0.896957
0 0.509179 0.883913 0.502415 0.889565 0.501449 0.893043 0.504348 0.896522 0.538164 0.902609 0.545894 0.902609 0.554589 0.900435 0.558454 0.896957 0.557488 0.891304 0.545894 0.881739 0.537198 0.880000 0.524638 0.879565
0 0.446377 0.876087 0.437681 0.881739 0.434783 0.887391 0.435749 0.896087 0.441546 0.900870 0.454106 0.904783 0.460870 0.905652 0.475362 0.904783 0.493720 0.896522 0.495652 0.888261 0.485990 0.882609 0.467633 0.876522 0.460870 0.875652
0 0.420290 0.874348 0.408696 0.873478 0.391304 0.873913 0.378744 0.875217 0.366184 0.881739 0.363285 0.886087 0.369082 0.893478 0.377778 0.898261 0.396135 0.902174 0.418357 0.899565 0.428019 0.896087 0.430918 0.893043 0.431884 0.880000 0.428986 0.877391
0 0.299517 0.863043 0.294686 0.867826 0.294686 0.876087 0.299517 0.881304 0.308213 0.884783 0.325604 0.886522 0.346860 0.885652 0.361353 0.883478 0.367150 0.880870 0.369082 0.876522 0.373913 0.873913 0.373913 0.871739 0.366184 0.865217 0.355556 0.860000 0.336232 0.857391 0.317874 0.857826 0.306280 0.859565
0 0.204831 0.868261 0.202899 0.875217 0.204831 0.880870 0.221256 0.885652 0.243478 0.885652 0.257005 0.883913 0.276329 0.877826 0.281159 0.873478 0.279227 0.871304 0.264734 0.865652 0.249275 0.861739 0.237681 0.860435 0.228986 0.860435 0.215459 0.863043 0.206763 0.866087
0 0.207729 0.853043 0.188406 0.848696 0.175845 0.849130 0.168116 0.852174 0.158454 0.864783 0.160386 0.876957 0.187440 0.874348 0.202899 0.871304 0.211594 0.864348 0.214493 0.858696
0 0.225121 0.836522 0.217391 0.839130 0.211594 0.845217 0.212560 0.850000 0.218357 0.855217 0.223188 0.857391 0.237681 0.859565 0.246377 0.859565 0.259903 0.856957 0.270531 0.853478 0.275362 0.849130 0.273430 0.844783 0.268599 0.840870 0.256039 0.837391 0.239614 0.835217
0 0.226087 0.817826 0.206763 0.814783 0.192271 0.814783 0.184541 0.816087 0.172947 0.823478 0.171014 0.831304 0.181643 0.840000 0.184541 0.840870 0.195169 0.840870 0.211594 0.839565 0.231884 0.831739 0.232850 0.821739
0 0.263768 0.814348 0.252174 0.816087 0.240580 0.820870 0.236715 0.823478 0.234783 0.830435 0.239614 0.833913 0.262802 0.839130 0.276329 0.840435 0.282126 0.838696 0.297585 0.830000 0.301449 0.826087 0.297585 0.821304 0.283092 0.815652 0.275362 0.814348
0 0.299517 0.828696 0.293720 0.830000 0.283092 0.835652 0.279227 0.843043 0.282126 0.847391 0.290821 0.852174 0.299517 0.853913 0.309179 0.853913 0.326570 0.850000 0.329469 0.843043 0.336232 0.836957 0.325604 0.830000 0.312077 0.828696
0 0.324638 0.849130 0.334300 0.856087 0.357488 0.858261 0.377778 0.855652 0.391304 0.849565 0.381643 0.841304 0.361353 0.836957 0.339130 0.837826 0.331401 0.842174
0 0.374879 0.858696 0.371014 0.863913 0.371981 0.866957 0.382609 0.870870 0.394203 0.873043 0.422222 0.873478 0.430918 0.872609 0.440580 0.868261 0.441546 0.864348 0.436715 0.856522 0.430918 0.850870 0.423188 0.848696 0.408696 0.848261 0.395169 0.850000 0.383575 0.853478
0 0.465700 0.857826 0.459903 0.860435 0.456039 0.864783 0.456039 0.870000 0.459903 0.873478 0.466667 0.876087 0.483092 0.880000 0.507246 0.882174 0.519807 0.880435 0.528502 0.877391 0.530435 0.865217 0.526570 0.860435 0.518841 0.856522 0.510145 0.854348 0.480193 0.855217
0 0.579710 0.868696 0.567150 0.868696 0.553623 0.870000 0.545894 0.873043 0.545894 0.880870 0.555556 0.888261 0.565217 0.890870 0.576812 0.890870 0.587440 0.889130 0.595169 0.885652 0.600000 0.880870 0.600000 0.876522 0.593237 0.871739
0 0.543961 0.843478 0.538164 0.846087 0.534300 0.851739 0.535266 0.861739 0.538164 0.865217 0.550725 0.868696 0.564251 0.868696 0.584541 0.866957 0.593237 0.863043 0.598068 0.857826 0.599034 0.852609 0.594203 0.847826 0.584541 0.843478 0.568116 0.841304 0.555556 0.841304
0 0.438647 0.836522 0.428986 0.840870 0.428986 0.846522 0.434783 0.853478 0.443478 0.857826 0.450242 0.858696 0.461836 0.858261 0.476329 0.853913 0.483092 0.850435 0.483092 0.845652 0.479227 0.840870 0.474396 0.838696 0.451208 0.835652
0 0.527536 0.822174 0.519807 0.821304 0.505314 0.821739 0.485024 0.833043 0.484058 0.845652 0.488889 0.853478 0.500483 0.853478 0.507246 0.852174 0.527536 0.851304 0.533333 0.849565 0.544928 0.841739 0.548792 0.837391 0.543961 0.829130
0 0.612560 0.876957 0.604831 0.883913 0.602899 0.888261 0.604831 0.892174 0.614493 0.896522 0.619324 0.897391 0.632850 0.897826 0.647343 0.895652 0.657005 0.889565 0.657971 0.884348 0.654106 0.883913 0.649275 0.880435 0.639614 0.876522
0 0.636715 0.848696 0.630918 0.847391 0.621256 0.848261 0.600966 0.856957 0.597101 0.862174 0.597101 0.867826 0.603865 0.874783 0.623188 0.876522 0.635749 0.874348 0.643478 0.870435 0.649275 0.865217 0.649275 0.856957 0.643478 0.851739
0 0.676329 0.860435 0.660870 0.863043 0.651208 0.866957 0.646377 0.871739 0.646377 0.876957 0.658937 0.883913 0.664734 0.885217 0.685024 0.885652 0.700483 0.882174 0.714010 0.875217 0.715942 0.871739 0.713043 0.868261 0.698551 0.862609 0.685024 0.860435
0 0.740097 0.855652 0.723671 0.860000 0.723671 0.868696 0.731401 0.877826 0.748792 0.887391 0.761353 0.890870 0.767150 0.887826 0.771981 0.882174 0.781643 0.876957 0.781643 0.864348 0.776812 0.860000 0.767150 0.856087 0.752657 0.855217
0 0.847343 0.864783 0.823188 0.858696 0.794203 0.860870 0.780676 0.864783 0.781643 0.873478 0.784541 0.876087 0.795169 0.880870 0.803865 0.882609 0.813527 0.883043 0.821256 0.881739 0.842512 0.872609
0 0.859903 0.864783 0.859903 0.870000 0.870531 0.874348 0.884058 0.875652 0.897585 0.875652 0.918841 0.873043 0.923671 0.871739 0.927536 0.867391 0.923671 0.856522 0.918841 0.854348 0.909179 0.853043 0.891787 0.853043 0.882126 0.854348 0.866667 0.860000
0 0.933333 0.839565 0.923671 0.848261 0.923671 0.852174 0.928502 0.858261 0.943961 0.861739 0.961353 0.862174 0.978744 0.859565 0.984541 0.857391 0.984541 0.852609 0.981643 0.848261 0.970048 0.841304 0.955556 0.837826 0.944928 0.836957
0 0.995169 0.836957 0.983575 0.842174 0.980676 0.846522 0.986473 0.856087 0.995169 0.859565 1.000000 0.859565 1.000000 0.836957
0 1.000000 0.810870 0.980676 0.812609 0.971981 0.816087 0.966184 0.826522 0.968116 0.830870 0.977778 0.837391 0.987440 0.837826 1.000000 0.836957
0 0.883092 0.826522 0.879227 0.827826 0.873430 0.834783 0.871498 0.842174 0.874396 0.846087 0.883092 0.850000 0.905314 0.852174 0.917874 0.851739 0.922705 0.849130 0.932367 0.838696 0.930435 0.833913 0.917874 0.827391 0.899517 0.824348
0 0.828019 0.846522 0.825121 0.848696 0.828019 0.853043 0.836715 0.855652 0.850242 0.862174 0.855072 0.863043 0.862802 0.861739 0.867633 0.856087 0.874396 0.855217 0.877295 0.852609 0.878261 0.849565 0.867633 0.844783
0 0.829952 0.822609 0.821256 0.826957 0.813527 0.833478 0.813527 0.838261 0.821256 0.844783 0.826087 0.845652 0.848309 0.845652 0.866667 0.843043 0.871498 0.839565 0.873430 0.834348 0.870531 0.828261 0.860870 0.824348 0.848309 0.821304 0.838647 0.821304
0 0.804831 0.837391 0.788406 0.839130 0.777778 0.842174 0.774879 0.853043 0.778744 0.856522 0.785507 0.859130 0.795169 0.860000 0.806763 0.859565 0.822222 0.856957 0.824155 0.853043 0.818357 0.843913 0.814493 0.840870
0 0.774879 0.841304 0.769082 0.835652 0.761353 0.832609 0.751691 0.832174 0.729469 0.836522 0.714976 0.843043 0.712077 0.845217 0.712077 0.849565 0.716908 0.851304 0.735266 0.853043 0.742029 0.854783 0.764251 0.855217 0.772947 0.851304
0 0.673430 0.831304 0.661836 0.841739 0.662802 0.848261 0.667633 0.854348 0.673430 0.858261 0.681159 0.860435 0.701449 0.860870 0.713043 0.858261 0.720773 0.855217 0.722705 0.853043 0.712077 0.848696 0.713043 0.841304 0.704348 0.834783 0.696618 0.832174
0 0.646377 0.812609 0.640580 0.813913 0.628019 0.820870 0.625121 0.830000 0.628019 0.833913 0.638647 0.839565 0.657971 0.841304 0.664734 0.839130 0.670531 0.833478 0.675362 0.831304 0.683092 0.830000 0.691787 0.830000 0.694686 0.828261 0.694686 0.825217 0.691787 0.821739 0.686957 0.819565 0.666667 0.813478 0.657005 0.812174
0 0.614493 0.830435 0.603865 0.830435 0.586473 0.836957 0.586473 0.842174 0.597101 0.849565 0.603865 0.852174 0.612560 0.851304 0.621256 0.848261 0.635749 0.846087 0.633816 0.843478 0.636039 0.842261 0.629952 0.838261 0.628019 0.833913
0 0.555556 0.813478 0.544928 0.818261 0.543961 0.827391 0.551691 0.835652 0.558454 0.838261 0.569082 0.839130 0.579710 0.838696 0.601932 0.829130 0.604831 0.826522 0.605797 0.821739 0.596135 0.815652 0.583575 0.812609 0.568116 0.811739
0 0.710145 0.810000 0.697585 0.813043 0.691787 0.817826 0.696618 0.827391 0.703382 0.831739 0.712077 0.834783 0.727536 0.836087 0.736232 0.835217 0.753623 0.831304 0.758454 0.827391 0.758454 0.820870 0.751691 0.814783 0.745894 0.812174 0.731401 0.809565
0 0.796135 0.810000 0.786473 0.810870 0.773913 0.814348 0.768116 0.817391 0.762319 0.823913 0.762319 0.830870 0.764251 0.833043 0.773913 0.836087 0.786473 0.837826 0.796135 0.837391 0.810628 0.834783 0.821256 0.826522 0.823188 0.823043 0.818357 0.816522 0.808696 0.812609
0 0.933333 0.800870 0.918841 0.806087 0.914976 0.809565 0.914976 0.820435 0.920773 0.828261 0.932367 0.833043 0.943961 0.834783 0.963285 0.826087 0.971981 0.813478 0.965217 0.806087 0.958454 0.802609 0.948792 0.801304
0 0.889855 0.799565 0.881159 0.799565 0.869565 0.802609 0.853140 0.811739 0.852174 0.819130 0.854106 0.822609 0.872464 0.827391 0.897585 0.823478 0.908213 0.818696 0.911111 0.816087 0.910145 0.808696 0.905314 0.805217
0 0.801932 0.792609 0.799034 0.794348 0.800966 0.799565 0.815459 0.812609 0.828019 0.816957 0.840580 0.816957 0.854106 0.810435 0.862802 0.804348 0.862802 0.800000 0.858937 0.796522 0.847343 0.793043 0.830918 0.790870 0.810628 0.790870
0 0.778744 0.786087 0.756329 0.786130 0.749179 0.787174 0.748213 0.789217 0.751691 0.791739 0.751981 0.791217 0.752464 0.792609 0.754106 0.794000 0.757295 0.794609 0.758841 0.798957 0.751691 0.802609 0.746860 0.807826 0.749758 0.811739 0.760386 0.816522 0.770048 0.814783 0.776232 0.813478 0.790338 0.810435 0.799034 0.806957 0.800000 0.798696 0.797101 0.794348 0.788406 0.788261
0 0.686957 0.790870 0.685024 0.795217 0.687923 0.804348 0.704348 0.809130 0.735266 0.808696 0.742995 0.806522 0.758454 0.799130 0.756522 0.795217 0.748792 0.790000 0.735266 0.785217 0.726570 0.784348 0.704348 0.785217 0.694686 0.787391
0 0.630918 0.786957 0.620290 0.794348 0.621256 0.804348 0.630918 0.808696 0.640580 0.811304 0.667633 0.811304 0.677295 0.809130 0.681159 0.806957 0.685024 0.800435 0.684058 0.796087 0.679227 0.790870 0.669565 0.787391 0.657005 0.784783 0.647343 0.784783
0 0.569082 0.786957 0.557488 0.792609 0.557488 0.798696 0.560386 0.801739 0.570048 0.806522 0.587440 0.811739 0.597101 0.812174 0.603865 0.810870 0.610628 0.807826 0.616425 0.802609 0.616425 0.795217 0.610628 0.790435 0.596135 0.786087 0.584541 0.785652
0 0.495652 0.789565 0.486957 0.794348 0.483092 0.802174 0.484058 0.807391 0.491787 0.812609 0.502415 0.815652 0.516908 0.817826 0.531401 0.818261 0.543961 0.816522 0.557488 0.809565 0.558454 0.801739 0.555556 0.797391 0.550725 0.795217 0.518841 0.788696 0.504348 0.788261
0 0.423188 0.814348 0.421256 0.817826 0.422222 0.822609 0.429952 0.827826 0.441546 0.831739 0.464734 0.836087 0.474396 0.835217 0.485990 0.830000 0.493720 0.822609 0.491787 0.818696 0.483092 0.817826 0.469565 0.813043 0.455072 0.812174 0.448309 0.810000 0.438647 0.809565
0 0.471498 0.784783 0.461836 0.784783 0.444444 0.787826 0.439614 0.790000 0.434783 0.794783 0.433816 0.800000 0.436715 0.805652 0.442512 0.809565 0.455072 0.812609 0.465700 0.812609 0.482126 0.806522 0.485990 0.790435
0 0.383575 0.824348 0.376812 0.828261 0.372947 0.833478 0.374879 0.837826 0.378744 0.839565 0.387440 0.841304 0.395169 0.844348 0.403865 0.845652 0.417391 0.845217 0.427053 0.843043 0.434783 0.835652 0.434783 0.831739 0.429952 0.827391 0.416425 0.820870 0.401932 0.820435
0 0.371981 0.805217 0.361353 0.805652 0.346860 0.808261 0.337198 0.811739 0.327536 0.817826 0.327536 0.823043 0.334300 0.827826 0.341063 0.830870 0.354589 0.833913 0.361353 0.834348 0.369082 0.832174 0.378744 0.826522 0.394203 0.820870 0.400000 0.816087 0.400000 0.813043 0.397101 0.810435
0 0.394203 0.780000 0.388406 0.781304 0.378744 0.786957 0.375845 0.793043 0.376812 0.803913 0.381643 0.806957 0.394203 0.809130 0.406763 0.809565 0.418357 0.808696 0.424155 0.807391 0.431884 0.803478 0.434783 0.790435 0.427053 0.784783 0.418357 0.781304 0.409662 0.780000
0 0.420290 0.766957 0.415459 0.771304 0.416425 0.775652 0.421256 0.781304 0.428986 0.785217 0.440580 0.787826 0.448309 0.787391 0.469565 0.783043 0.470531 0.779130 0.465700 0.766087 0.448309 0.762609 0.432850 0.762609 0.428019 0.763478
0 0.473430 0.756522 0.467633 0.767826 0.469565 0.775652 0.474396 0.782174 0.481159 0.784348 0.489855 0.785217 0.500483 0.785217 0.516908 0.782609 0.525604 0.776957 0.525604 0.770870 0.511111 0.759565 0.500483 0.756522 0.481159 0.755217
0 0.342995 0.778696 0.329469 0.780870 0.317874 0.785217 0.313043 0.790000 0.313043 0.794783 0.315942 0.796957 0.322705 0.798696 0.338164 0.805652 0.343961 0.806957 0.352657 0.806957 0.368116 0.804783 0.372947 0.803043 0.375845 0.790435 0.372947 0.786957 0.367150 0.783913 0.353623 0.780000
0 0.319807 0.796957 0.309179 0.797826 0.295652 0.801304 0.287923 0.802174 0.280193 0.806087 0.280193 0.811304 0.293720 0.818696 0.299517 0.820000 0.316908 0.818696 0.325604 0.816522 0.330435 0.813478 0.333333 0.802609
0 0.282126 0.775217 0.261836 0.778696 0.256039 0.781304 0.250242 0.786957 0.249275 0.792174 0.256039 0.798696 0.259903 0.800000 0.284058 0.802174 0.309179 0.796087 0.311111 0.786957 0.299517 0.778696
0 0.230918 0.786087 0.221256 0.786957 0.217391 0.789130 0.207729 0.790870 0.201932 0.794783 0.196135 0.804348 0.196135 0.806957 0.200000 0.810870 0.204831 0.813043 0.221256 0.816087 0.228986 0.816522 0.244444 0.814783 0.257005 0.810000 0.257971 0.800435 0.256039 0.798261 0.247343 0.794783 0.246377 0.789565 0.241546 0.786957
0 0.191304 0.790435 0.187440 0.789565 0.173913 0.790000 0.150725 0.794348 0.134300 0.800870 0.132367 0.804783 0.134300 0.809130 0.147826 0.814783 0.160386 0.816522 0.176812 0.815652 0.188406 0.813043 0.197101 0.807391 0.195169 0.794348
0 0.170048 0.759565 0.161353 0.757826 0.141063 0.759130 0.134300 0.762174 0.127536 0.770870 0.127536 0.776522 0.133333 0.783043 0.130435 0.787391 0.137198 0.787826 0.171981 0.783478 0.188406 0.778261 0.190338 0.774783 0.187440 0.768696 0.183575 0.765652
0 0.204831 0.752174 0.195169 0.756087 0.192271 0.760000 0.190338 0.769565 0.193237 0.778261 0.202899 0.782174 0.220290 0.784348 0.233816 0.783913 0.242512 0.782174 0.255072 0.775652 0.258937 0.770435 0.257971 0.763043 0.253140 0.757826 0.247343 0.755217 0.231884 0.752174
0 0.214493 0.733043 0.195169 0.731739 0.185507 0.733913 0.169082 0.742174 0.166184 0.745217 0.160386 0.747391 0.158454 0.751304 0.169082 0.758696 0.176812 0.760435 0.190338 0.759565 0.203865 0.752174 0.213527 0.750435 0.222222 0.740870 0.220290 0.736087
0 0.161353 0.725652 0.143961 0.727826 0.138164 0.730870 0.125604 0.733913 0.122705 0.736087 0.125604 0.746087 0.134300 0.749565 0.144928 0.751739 0.152657 0.752174 0.157488 0.750435 0.163285 0.744348 0.171981 0.740870 0.178744 0.733043 0.174879 0.728261
0 0.160386 0.713043 0.157488 0.716087 0.157488 0.721304 0.162319 0.725217 0.184541 0.730870 0.204831 0.730000 0.208696 0.728261 0.211594 0.722609 0.209662 0.717826 0.205797 0.715217 0.179710 0.710000 0.169082 0.710000
0 0.256039 0.704783 0.246377 0.703913 0.230918 0.705217 0.216425 0.710000 0.209662 0.716087 0.211594 0.723913 0.215459 0.727391 0.233816 0.730870 0.242512 0.730870 0.266667 0.727826 0.272464 0.720870 0.271498 0.712609
0 0.266667 0.729130 0.255072 0.729130 0.236715 0.732174 0.228019 0.735652 0.224155 0.739565 0.225121 0.744348 0.232850 0.749565 0.245411 0.754783 0.256039 0.756957 0.273430 0.755217 0.287923 0.748696 0.286957 0.744348 0.280193 0.736087 0.275362 0.732174
0 0.281159 0.712174 0.270531 0.723478 0.269565 0.728696 0.275362 0.731739 0.288889 0.745652 0.298551 0.746957 0.314976 0.745652 0.330435 0.742174 0.342029 0.736087 0.345894 0.732609 0.341063 0.725652 0.311111 0.712609 0.303382 0.711304
0 0.330435 0.751739 0.315942 0.747391 0.305314 0.746957 0.291787 0.748261 0.269565 0.758261 0.262802 0.766522 0.265700 0.771739 0.277295 0.774348 0.300483 0.776087 0.300483 0.766522 0.298551 0.763913 0.317874 0.757391 0.330435 0.756087
0 0.300483 0.763478 0.300483 0.776087 0.308213 0.778696 0.360386 0.778696 0.369082 0.775652 0.371981 0.771739 0.369082 0.769130 0.365217 0.759565 0.361353 0.757391 0.354589 0.756087 0.342995 0.755217 0.324638 0.756087 0.312077 0.758261
0 0.414493 0.752174 0.401932 0.752174 0.383575 0.754348 0.370048 0.759130 0.369082 0.765652 0.383575 0.774348 0.398068 0.776522 0.408696 0.775652 0.413527 0.773913 0.428986 0.760000 0.427053 0.756087
0 0.402899 0.744783 0.394203 0.737826 0.383575 0.732174 0.374879 0.730435 0.367150 0.730435 0.344928 0.734348 0.334300 0.740435 0.330435 0.744348 0.329469 0.748261 0.334300 0.754348 0.370048 0.757826 0.387440 0.753043 0.400000 0.751739 0.403865 0.749130
0 0.439614 0.729565 0.409662 0.737391 0.404831 0.742609 0.407729 0.750435 0.429952 0.756522 0.443478 0.752174 0.444444 0.735652
0 0.588406 0.751739 0.561353 0.746522 0.533333 0.750870 0.522705 0.754783 0.516908 0.759565 0.521739 0.767826 0.532367 0.773913 0.542029 0.776087 0.556522 0.776522 0.571981 0.774348 0.582609 0.770000 0.592271 0.763913 0.592271 0.755217
0 0.537198 0.727391 0.516908 0.726957 0.497585 0.732174 0.493720 0.740870 0.499517 0.747391 0.507246 0.750435 0.515942 0.752174 0.534300 0.750870 0.557488 0.743913 0.560386 0.740000 0.556522 0.735217 0.542995 0.728696
0 0.463768 0.708261 0.454106 0.710435 0.446377 0.715652 0.443478 0.723913 0.446377 0.732609 0.451208 0.737391 0.460870 0.740435 0.485990 0.740435 0.490821 0.736522 0.490821 0.732609 0.494686 0.728261 0.491787 0.716087 0.487923 0.712174 0.474396 0.708261
0 0.429952 0.706957 0.423188 0.705652 0.403865 0.706087 0.397101 0.707391 0.383575 0.713478 0.377778 0.720000 0.376812 0.728261 0.395169 0.736522 0.419324 0.735217 0.432850 0.731304 0.437681 0.728696 0.441836 0.722565 0.443478 0.719130 0.444444 0.715217 0.436715 0.709565
0 0.327536 0.702609 0.322705 0.704348 0.319807 0.708696 0.320773 0.713478 0.324638 0.717391 0.344928 0.727826 0.350725 0.729130 0.362319 0.727826 0.371014 0.723913 0.376812 0.718261 0.377778 0.712174 0.373913 0.707826 0.360386 0.703043 0.343961 0.702174
0 0.273430 0.693043 0.268599 0.700000 0.269565 0.705217 0.273430 0.709565 0.301449 0.710000 0.310145 0.708261 0.314976 0.706087 0.316908 0.700000 0.302415 0.693043 0.291787 0.690870 0.281159 0.691304
0 0.244444 0.677391 0.238647 0.678261 0.230918 0.681304 0.224155 0.687391 0.221256 0.694783 0.229952 0.701739 0.251208 0.703043 0.263768 0.700435 0.273430 0.693043 0.281159 0.690000 0.279227 0.685652 0.271498 0.681304 0.257005 0.677826
0 0.195169 0.692609 0.175845 0.700435 0.171981 0.706087 0.173913 0.708696 0.183575 0.711304 0.205797 0.713043 0.212560 0.711739 0.226087 0.705217 0.225121 0.701304 0.219324 0.696522 0.213527 0.693913 0.205797 0.692609
0 0.499517 0.700870 0.494686 0.703913 0.491787 0.710870 0.492754 0.716957 0.495652 0.720435 0.502415 0.723478 0.518841 0.726087 0.537198 0.725652 0.552657 0.717391 0.550725 0.708261 0.542995 0.701739 0.535266 0.700435 0.518841 0.700000
0 0.569082 0.724348 0.566184 0.727391 0.566184 0.734783 0.573913 0.740870 0.588406 0.743043 0.601932 0.742174 0.608696 0.740000 0.610628 0.730435 0.605797 0.725217 0.600000 0.722174 0.585507 0.720870
0 0.555556 0.694783 0.547826 0.697391 0.544928 0.701304 0.551691 0.705652 0.556522 0.716957 0.560386 0.718261 0.578744 0.717826 0.586473 0.713043 0.586473 0.705652 0.593237 0.701304 0.590338 0.696957 0.572947 0.694348
0 0.588406 0.705217 0.588406 0.710000 0.599034 0.718261 0.608696 0.721739 0.622222 0.722174 0.633816 0.720000 0.637681 0.718261 0.638647 0.711739 0.631884 0.706522 0.607729 0.703043 0.594203 0.703043
0 0.594203 0.764348 0.573913 0.774783 0.575845 0.779565 0.585507 0.783913 0.602899 0.786957 0.614493 0.786957 0.630918 0.780000 0.632850 0.775652 0.630918 0.767696 0.619324 0.765870 0.611594 0.763913 0.603865 0.763478
0 0.653140 0.742609 0.638647 0.742174 0.617391 0.751739 0.613527 0.760435 0.616425 0.763043 0.622222 0.765217 0.648309 0.765217 0.661836 0.762609 0.668599 0.760000 0.668599 0.755217 0.664734 0.747826
0 0.645411 0.767391 0.641546 0.770000 0.643478 0.776522 0.651208 0.782609 0.681159 0.790000 0.689855 0.788696 0.696618 0.786087 0.705314 0.775652 0.704348 0.769130 0.700483 0.766522 0.684058 0.763913 0.663768 0.763913
0 0.699517 0.736957 0.685024 0.738696 0.666667 0.747826 0.666667 0.753043 0.670531 0.758696 0.678261 0.762609 0.685990 0.764348 0.701449 0.765652 0.709179 0.763913 0.715942 0.758261 0.734300 0.756087 0.734300 0.750870 0.716908 0.740870
0 0.714976 0.757826 0.711111 0.760000 0.706280 0.766522 0.706280 0.771739 0.713043 0.779130 0.723671 0.783478 0.741063 0.785652 0.758454 0.783913 0.770048 0.777826 0.772947 0.773478 0.771014 0.768261 0.763285 0.763043 0.752657 0.758696 0.736232 0.756087 0.722705 0.756522
0 0.824155 0.765217 0.811594 0.764348 0.794203 0.765652 0.777778 0.770870 0.771981 0.776522 0.771981 0.780000 0.776812 0.783913 0.799034 0.789565 0.815459 0.789565 0.822222 0.788261 0.833816 0.780000
0 0.995169 0.780435 0.988406 0.783043 0.978744 0.791304 0.975845 0.799130 0.977778 0.803043 0.982609 0.804783 0.986473 0.809565 1.000000 0.810435 1.000000 0.780435
0 0.934300 0.779130 0.922705 0.787391 0.921739 0.792609 0.923671 0.797391 0.932367 0.800000 0.959420 0.802174 0.971981 0.800870 0.975845 0.798261 0.977778 0.791739 0.974879 0.787391 0.960386 0.780000 0.952657 0.778261 0.942029 0.777391
0 0.887923 0.774783 0.869565 0.781304 0.866667 0.785217 0.867633 0.789565 0.883092 0.797391 0.894686 0.800000 0.899517 0.802609 0.910145 0.801739 0.918841 0.798696 0.917874 0.790870 0.920773 0.786522 0.914010 0.779565 0.908213 0.776522 0.900483 0.774783
0 0.835749 0.759565 0.828019 0.763478 0.827053 0.769130 0.835749 0.777391 0.841546 0.780000 0.865700 0.781304 0.882126 0.775217 0.885024 0.772174 0.884058 0.764783 0.875362 0.758696 0.870531 0.757826 0.845411 0.757826
0 0.926570 0.754783 0.900483 0.757391 0.892754 0.760000 0.889855 0.762609 0.889855 0.765217 0.895652 0.772609 0.915942 0.777391 0.924638 0.776522 0.930435 0.774783 0.941063 0.760000 0.936232 0.756957
0 1.000000 0.756087 0.985507 0.755217 0.945894 0.759565 0.940097 0.763043 0.939130 0.766087 0.943961 0.775217 0.955556 0.778261 0.969082 0.779130 0.981643 0.778696 1.000000 0.775652
0 0.978744 0.729130 0.969082 0.728696 0.959420 0.729565 0.945894 0.733478 0.939130 0.743478 0.941063 0.748696 0.944928 0.752174 0.962319 0.754783 0.971981 0.755217 0.987440 0.753478 0.996135 0.750870 1.000000 0.750870 1.000000 0.734783 0.996135 0.734783 0.987440 0.730870
0 0.880193 0.734783 0.877295 0.736522 0.877295 0.742174 0.880193 0.748261 0.885024 0.751739 0.899517 0.756522 0.910145 0.756522 0.917874 0.754348 0.928502 0.746957 0.932367 0.741304 0.931401 0.735217 0.926570 0.733478 0.894686 0.732609
0 0.826087 0.734348 0.820290 0.737391 0.818357 0.740435 0.818357 0.745217 0.822222 0.749565 0.828019 0.752174 0.848309 0.757391 0.861836 0.757826 0.872464 0.756522 0.879227 0.751739 0.875362 0.744783 0.875362 0.739565 0.871498 0.735652 0.867633 0.733913 0.850242 0.731739
0 0.797681 0.725435 0.791498 0.728609 0.781643 0.731304 0.777778 0.740000 0.764251 0.747826 0.763285 0.754783 0.765217 0.757391 0.771014 0.760435 0.786473 0.765217 0.804831 0.765217 0.818357 0.763043 0.825121 0.756957 0.825121 0.751739 0.817391 0.744783 0.818357 0.738261 0.815459 0.733913 0.804831 0.725652 0.802029 0.724913
0 0.726570 0.720870 0.721739 0.724783 0.719807 0.734783 0.727536 0.744783 0.732367 0.747391 0.739130 0.748696 0.751691 0.749565 0.762319 0.748696 0.773913 0.740870 0.775845 0.737826 0.774879 0.730435 0.769082 0.722609 0.753623 0.718261 0.742995 0.718261 0.735266 0.720435
0 0.691787 0.707391 0.680193 0.707391 0.669565 0.709130 0.651208 0.716957 0.648309 0.720435 0.647343 0.732609 0.651208 0.734348 0.671498 0.738696 0.683092 0.738696 0.691787 0.736957 0.707246 0.736087 0.714976 0.733478 0.717874 0.730870 0.719807 0.721739 0.716908 0.717826 0.704348 0.710000
0 0.765217 0.702609 0.753623 0.699130 0.726570 0.698696 0.708213 0.702609 0.705314 0.704783 0.705314 0.709565 0.719807 0.718696 0.723671 0.719565 0.736232 0.719130 0.765217 0.706957 0.767150 0.705217
0 0.785507 0.705217 0.771014 0.706522 0.761353 0.708696 0.756522 0.711304 0.756522 0.714783 0.758454 0.717391 0.785507 0.729565 0.788406 0.729565 0.800000 0.724348 0.804831 0.711739 0.799034 0.706522
0 0.864734 0.705217 0.851208 0.703478 0.829952 0.703478 0.809662 0.710870 0.801932 0.716522 0.801932 0.721304 0.806763 0.726957 0.815459 0.731304 0.826087 0.733478 0.832850 0.733478 0.853140 0.730870 0.857971 0.728696 0.863768 0.722609 0.872464 0.717391 0.874396 0.713478 0.871498 0.708261
0 0.917874 0.708696 0.902415 0.707826 0.882126 0.710435 0.876329 0.712174 0.862802 0.724348 0.871498 0.731739 0.878261 0.733478 0.885024 0.733478 0.897585 0.731739 0.902415 0.730000 0.908213 0.721739 0.920773 0.713043
0 0.951691 0.708261 0.947826 0.707391 0.933333 0.707391 0.921739 0.711739 0.914010 0.716957 0.909179 0.724348 0.904348 0.727826 0.904348 0.730000 0.907246 0.731739 0.933333 0.734348 0.942995 0.733913 0.967150 0.726957 0.971014 0.720435 0.964251 0.714348
0 0.995169 0.705652 0.982609 0.713043 0.975845 0.720870 0.979710 0.726522 0.994203 0.730435 1.000000 0.730435 1.000000 0.705652
0 0.942995 0.687826 0.940097 0.690435 0.945894 0.700870 0.952657 0.707826 0.961353 0.712174 0.968116 0.713913 0.978744 0.713478 0.996135 0.705217 0.998551 0.702522 0.998551 0.699043 0.996135 0.695217 0.987440 0.690435 0.953623 0.686957
0 0.995169 0.677391 0.987440 0.680870 0.982609 0.686522 0.983575 0.689565 0.995169 0.694348 1.000000 0.694348 1.000000 0.677391
0 0.995169 0.655652 0.990338 0.662174 0.987440 0.674783 0.993237 0.676522 1.000000 0.676522 1.000000 0.655652
0 0.938164 0.655217 0.924638 0.666522 0.923671 0.670435 0.927536 0.674783 0.945894 0.681304 0.968116 0.683043 0.981643 0.682174 0.987440 0.676957 0.988406 0.667826 0.978744 0.660000 0.959420 0.653913 0.950725 0.653478
0 0.900483 0.680435 0.891787 0.685652 0.891787 0.690435 0.901449 0.697826 0.930435 0.700000 0.939130 0.700000 0.943961 0.698696 0.941063 0.689130 0.945894 0.686522 0.944928 0.681304 0.935266 0.678261 0.927536 0.677391 0.911111 0.678261
0 0.844444 0.684348 0.833816 0.689565 0.832850 0.696087 0.835749 0.701739 0.861836 0.704348 0.873430 0.710000 0.885024 0.709130 0.895652 0.706087 0.900483 0.701304 0.899517 0.695217 0.884058 0.684783 0.875362 0.682609 0.859903 0.682609
0 0.771014 0.693043 0.772947 0.697826 0.781643 0.700870 0.812560 0.704348 0.822222 0.704348 0.829952 0.701739 0.829952 0.689130 0.827053 0.685217 0.822222 0.682609 0.807729 0.682174 0.800966 0.683043 0.782609 0.687391
0 0.837681 0.661739 0.830918 0.658696 0.820290 0.658696 0.812560 0.660000 0.803865 0.660000 0.789372 0.663043 0.785507 0.665217 0.776812 0.677826 0.779710 0.679130 0.802899 0.681739 0.820290 0.680435 0.833816 0.677826 0.839614 0.675652 0.842512 0.672174 0.842512 0.666522
0 0.865700 0.656087 0.847343 0.657826 0.842512 0.678261 0.848309 0.681304 0.854106 0.682609 0.882126 0.680870 0.887923 0.677826 0.888889 0.673043 0.879227 0.661739 0.874396 0.657826
0 0.917874 0.651304 0.912077 0.654348 0.886957 0.660870 0.883092 0.663913 0.883092 0.666957 0.890821 0.675217 0.907246 0.678696 0.915942 0.677826 0.921739 0.675652 0.924638 0.665217 0.932367 0.658261 0.927536 0.653043
0 0.864734 0.637391 0.847343 0.645652 0.844444 0.650435 0.845411 0.656522 0.847343 0.658696 0.854106 0.656957 0.869565 0.656957 0.883092 0.663043 0.892754 0.659130 0.902415 0.656957 0.903382 0.652174 0.895652 0.646522 0.883092 0.640870
0 0.914976 0.622174 0.902415 0.624783 0.894686 0.631304 0.892754 0.634348 0.893720 0.641739 0.897585 0.645652 0.904348 0.648696 0.925604 0.650435 0.935266 0.652174 0.949758 0.648696 0.957488 0.644348 0.961353 0.638696 0.959420 0.631304 0.956522 0.627826 0.943961 0.623478 0.932367 0.621739
0 0.746860 0.671739 0.742029 0.671739 0.719807 0.677391 0.713043 0.680870 0.710145 0.685217 0.712077 0.690000 0.717874 0.693478 0.734300 0.697826 0.742995 0.698696 0.752657 0.697826 0.762319 0.693478 0.769082 0.681739 0.766184 0.675217
0 0.687923 0.679565 0.673430 0.678696 0.665700 0.680435 0.660870 0.683043 0.652174 0.701739 0.656039 0.706087 0.663768 0.710000 0.681159 0.706957 0.692754 0.706087 0.711111 0.698261 0.714010 0.693043 0.708213 0.687391 0.701449 0.683478
0 0.621256 0.676522 0.610628 0.678696 0.604831 0.681739 0.597101 0.689130 0.596135 0.696087 0.598068 0.698261 0.609662 0.703043 0.620290 0.704783 0.630918 0.705217 0.641546 0.703478 0.649275 0.700000 0.657005 0.684783 0.651208 0.681304 0.642512 0.678696 0.630918 0.676522
0 0.661836 0.653478 0.644444 0.654783 0.627053 0.658696 0.612560 0.668696 0.612560 0.671739 0.626087 0.676087 0.656039 0.681304 0.675362 0.678261 0.684058 0.678261 0.692754 0.673478 0.693720 0.670870 0.687923 0.660000 0.679227 0.655652
0 0.748792 0.648696 0.735266 0.646957 0.724638 0.647826 0.708213 0.650435 0.695652 0.655217 0.690821 0.660870 0.691787 0.665652 0.696618 0.670435 0.704348 0.673913 0.714976 0.676087 0.719807 0.676087 0.746860 0.670870 0.751691 0.668696 0.759420 0.662174 0.757488 0.658696 0.759420 0.653478
0 0.799034 0.638261 0.786473 0.638261 0.774879 0.641304 0.768116 0.644783 0.763285 0.650000 0.763285 0.655217 0.763188 0.658696 0.763092 0.662391 0.787440 0.663913 0.804831 0.660000 0.814493 0.659565 0.824155 0.656522 0.824155 0.650435 0.819324 0.646087 0.803865 0.639130
0 0.824155 0.619565 0.812560 0.621739 0.806763 0.624348 0.800966 0.630870 0.801932 0.636957 0.806763 0.640870 0.815459 0.644783 0.823188 0.646522 0.829952 0.650435 0.839614 0.650435 0.855072 0.640000 0.857971 0.634348 0.852174 0.626087 0.844444 0.621304 0.830918 0.619130
0 0.877295 0.612609 0.857005 0.616087 0.852174 0.619130 0.850242 0.623913 0.857971 0.633043 0.868599 0.637391 0.883092 0.639565 0.891787 0.635217 0.899517 0.626957 0.899517 0.623043 0.890821 0.616087 0.883092 0.612609
0 0.942995 0.608696 0.937198 0.614348 0.937198 0.620000 0.942029 0.622609 0.959420 0.627391 0.972947 0.627391 0.987440 0.623478 0.990338 0.618261 0.987440 0.610435 0.971981 0.606087 0.959420 0.605652
0 0.995169 0.617826 0.989372 0.620000 0.986473 0.625652 0.995169 0.635652 1.000000 0.635652 1.000000 0.617826
0 0.742995 0.618696 0.733333 0.622174 0.727536 0.626957 0.726570 0.635652 0.731401 0.645652 0.739130 0.646957 0.750725 0.646957 0.771014 0.643043 0.784541 0.637391 0.786473 0.634348 0.784541 0.630435 0.771014 0.623043 0.760386 0.620000
0 0.672464 0.624348 0.666667 0.626087 0.662802 0.630000 0.659903 0.636957 0.661836 0.642609 0.672464 0.648696 0.689855 0.651739 0.700483 0.651739 0.715942 0.646957 0.721739 0.643478 0.725604 0.639565 0.722705 0.633913 0.714010 0.627826 0.702415 0.623913 0.689855 0.622609
0 0.660870 0.642174 0.656039 0.640870 0.645411 0.640435 0.628986 0.642609 0.618357 0.650000 0.621256 0.656522 0.630918 0.656957 0.659903 0.651739 0.662802 0.650435 0.663768 0.647391
0 0.605797 0.670000 0.581643 0.666957 0.576812 0.666957 0.569082 0.669130 0.566184 0.673478 0.566184 0.682609 0.577778 0.691739 0.586473 0.687826 0.599034 0.684783 0.610628 0.678696 0.611594 0.673043
0 0.577778 0.643478 0.568116 0.648261 0.565217 0.659130 0.569082 0.664348 0.576812 0.666522 0.585507 0.666522 0.600966 0.668696 0.611594 0.668261 0.620290 0.663043 0.620290 0.658261 0.614493 0.650435 0.601932 0.643913 0.596135 0.642609 0.586473 0.641739
0 0.601932 0.622609 0.599034 0.628261 0.600000 0.634348 0.610628 0.640000 0.621256 0.641739 0.652174 0.639130 0.657971 0.636087 0.658937 0.630435 0.657005 0.627826 0.644444 0.618696 0.628986 0.617391 0.621256 0.615652 0.612560 0.617826
0 0.679227 0.598261 0.656039 0.598696 0.648696 0.603826 0.647343 0.607826 0.644444 0.616522 0.656039 0.623913 0.666667 0.623913 0.682126 0.621304 0.690821 0.615652 0.691787 0.610435 0.687923 0.607391 0.687923 0.602609 0.684058 0.599565
0 0.594203 0.594348 0.591304 0.595652 0.591304 0.600435 0.600966 0.606522 0.603865 0.611304 0.607729 0.613478 0.611594 0.614348 0.622222 0.613913 0.630918 0.616087 0.641546 0.613043 0.651208 0.600000 0.641546 0.593478 0.634783 0.592174 0.611594 0.591304 0.605797 0.593043
0 0.569082 0.600000 0.554589 0.602174 0.542995 0.606522 0.537198 0.611304 0.537198 0.618261 0.542995 0.625217 0.551691 0.630000 0.567150 0.632174 0.577778 0.636087 0.587440 0.637391 0.597101 0.635217 0.598068 0.625652 0.605797 0.619130 0.605797 0.614783 0.600000 0.607826 0.591304 0.603043 0.578744 0.600435
0 0.533333 0.580000 0.520773 0.582609 0.508213 0.589565 0.508213 0.595652 0.522705 0.602174 0.532367 0.604348 0.543961 0.605217 0.554589 0.602609 0.560386 0.600000 0.562319 0.599522 0.568502 0.598348 0.570048 0.595217 0.571981 0.591304 0.566184 0.587391 0.554589 0.582609 0.544928 0.580435
0 0.585507 0.560870 0.571014 0.566957 0.567150 0.570000 0.564251 0.575217 0.567150 0.585217 0.573913 0.589130 0.586473 0.591739 0.605797 0.592174 0.620290 0.590000 0.626087 0.584348 0.620290 0.571739 0.603865 0.561304 0.597101 0.560435
0 0.700483 0.570435 0.684058 0.565652 0.670531 0.566087 0.638647 0.570000 0.631884 0.572174 0.628019 0.575217 0.626087 0.579565 0.628019 0.584348 0.635749 0.590000 0.642512 0.592609 0.656039 0.594783 0.665700 0.594348 0.679227 0.590435 0.687923 0.581304 0.700483 0.576522 0.702415 0.573478
0 0.708213 0.550870 0.700483 0.552174 0.687923 0.556522 0.686957 0.558261 0.681159 0.560435 0.679227 0.564783 0.695652 0.567826 0.704348 0.572174 0.710145 0.572609 0.729469 0.568261 0.730435 0.559565 0.727536 0.555652 0.720773 0.552609
0 0.704348 0.578696 0.689855 0.581739 0.685990 0.585217 0.682126 0.586522 0.681159 0.592174 0.695652 0.601304 0.702415 0.602609 0.709179 0.602609 0.717874 0.600870 0.725604 0.596087 0.729469 0.587391 0.717874 0.580000
0 0.708213 0.605652 0.699517 0.608261 0.696618 0.610870 0.696618 0.615652 0.709179 0.623478 0.716908 0.626087 0.726570 0.626087 0.730435 0.622609 0.739130 0.618696 0.741063 0.615652 0.739130 0.611739 0.726570 0.606087
0 0.741063 0.584783 0.733333 0.589565 0.726570 0.598261 0.726570 0.600870 0.731401 0.606957 0.741063 0.610000 0.749758 0.610870 0.770048 0.609130 0.778744 0.603478 0.780676 0.600435 0.771014 0.588261 0.743961 0.584348
0 0.802899 0.599130 0.795169 0.598696 0.783575 0.600870 0.773913 0.606957 0.772947 0.617826 0.777778 0.622609 0.786473 0.623478 0.799034 0.623043 0.818357 0.619565 0.824155 0.616522 0.824155 0.611304 0.821256 0.607826
0 0.847343 0.584348 0.833816 0.586087 0.826087 0.589130 0.819324 0.595217 0.818357 0.601304 0.823188 0.607826 0.831884 0.613478 0.841546 0.615652 0.852174 0.616087 0.858937 0.615217 0.870531 0.611304 0.873430 0.596522 0.871498 0.591304 0.865700 0.586957 0.856039 0.584783
0 0.890821 0.584783 0.882126 0.586522 0.874396 0.591304 0.875362 0.607826 0.878261 0.610435 0.891787 0.616087 0.896618 0.616957 0.910145 0.616522 0.916908 0.614783 0.925604 0.610000 0.926570 0.606522 0.922705 0.595652 0.910145 0.586957 0.901449 0.584783
0 0.967150 0.591739 0.949758 0.591739 0.930435 0.594348 0.921739 0.598696 0.921739 0.601304 0.925604 0.605652 0.934300 0.608261 0.943961 0.607826 0.971014 0.595652
0 0.995169 0.585217 0.977778 0.593478 0.974879 0.601304 0.984541 0.607826 0.993237 0.610000 1.000000 0.610000 1.000000 0.585217
0 0.907246 0.576087 0.910145 0.585217 0.925604 0.594348 0.963285 0.590435 0.974879 0.586087 0.976812 0.583913 0.976812 0.579130 0.973913 0.576087 0.960386 0.570435 0.930435 0.570000 0.915942 0.572609
0 0.993237 0.559130 0.984541 0.560435 0.975845 0.564783 0.973913 0.569565 0.981643 0.576522 0.995169 0.582609 1.000000 0.582609 1.000000 0.559130
0 0.927536 0.552174 0.920773 0.556957 0.925604 0.562609 0.935266 0.568696 0.942995 0.569565 0.959420 0.569130 0.973913 0.564348 0.974879 0.556522 0.971014 0.553478 0.960386 0.549565 0.947826 0.548696
0 1.000000 0.530870 0.977778 0.532174 0.963285 0.538696 0.956522 0.544348 0.958454 0.548261 0.969082 0.551304 0.980676 0.558696 1.000000 0.557826
0 0.893720 0.544783 0.886957 0.547391 0.884058 0.552609 0.885024 0.554783 0.909179 0.571739 0.914010 0.568696 0.912077 0.564348 0.917874 0.558261 0.919807 0.548261 0.909179 0.544783
0 0.851208 0.555652 0.845411 0.559130 0.838647 0.571739 0.838647 0.575652 0.843478 0.580870 0.850242 0.583478 0.863768 0.585217 0.882126 0.584348 0.895652 0.581739 0.902415 0.576957 0.903382 0.571739 0.899517 0.566087 0.892754 0.561304 0.884058 0.557826 0.874396 0.557826 0.865700 0.555217 0.856039 0.554783
0 0.822222 0.580870 0.803865 0.581739 0.781643 0.584348 0.775845 0.587826 0.777778 0.593478 0.781643 0.597391 0.787440 0.599130 0.796135 0.596522 0.804831 0.596522 0.824155 0.588261 0.824155 0.582609
0 0.839614 0.555652 0.829952 0.554783 0.813527 0.556087 0.801932 0.558696 0.791304 0.562609 0.788406 0.566087 0.789372 0.571304 0.803865 0.580000 0.823188 0.580000 0.833816 0.578261 0.836715 0.576522 0.841546 0.564783 0.841546 0.556957
0 0.742029 0.564348 0.735266 0.567826 0.734300 0.573478 0.739130 0.580435 0.742995 0.583043 0.749758 0.584783 0.771014 0.586522 0.788406 0.581304 0.790338 0.571739 0.784541 0.566522 0.776812 0.564348 0.755556 0.562609
0 0.769082 0.536957 0.756522 0.540870 0.745894 0.552174 0.746860 0.556087 0.750725 0.559565 0.757488 0.561739 0.787440 0.564348 0.810628 0.556522 0.810628 0.548696 0.804831 0.542174 0.799034 0.539565 0.787440 0.536957
0 0.577778 0.543478 0.554589 0.543478 0.541063 0.549565 0.540097 0.556957 0.542995 0.561304 0.551691 0.566522 0.559420 0.568261 0.569082 0.567391 0.580676 0.560870 0.597101 0.554783 0.598068 0.551739 0.596135 0.549130 0.584541 0.544783
0 0.602899 0.550870 0.600966 0.552609 0.601932 0.556957 0.619324 0.569565 0.623188 0.570435 0.635749 0.570000 0.648309 0.568261 0.659903 0.564783 0.659903 0.560000 0.651208 0.555217 0.647343 0.550435 0.642512 0.547826 0.634783 0.546522 0.613527 0.546087
0 0.657971 0.539565 0.654106 0.540870 0.649275 0.548261 0.654106 0.554783 0.664734 0.559130 0.674396 0.559565 0.683092 0.557826 0.694686 0.552609 0.693720 0.548261 0.683092 0.541739 0.667633 0.539130
0 0.612560 0.516957 0.604831 0.521304 0.594203 0.523913 0.591304 0.525652 0.590338 0.533478 0.592271 0.537391 0.601932 0.542174 0.614493 0.545217 0.634783 0.545217 0.639614 0.543913 0.642512 0.540435 0.650242 0.536957 0.654106 0.533478 0.655072 0.529130 0.652174 0.524783 0.639614 0.519565 0.624155 0.516522
0 0.682126 0.510870 0.672464 0.513043 0.657971 0.520870 0.655072 0.524783 0.660870 0.535652 0.664734 0.537391 0.673430 0.538696 0.683092 0.539130 0.694686 0.537391 0.702415 0.531304 0.713043 0.530000 0.716908 0.528261 0.717874 0.525217 0.711111 0.517391 0.700483 0.512174
0 0.705314 0.531739 0.697585 0.536087 0.697585 0.542609 0.704348 0.548696 0.733333 0.555217 0.743961 0.553043 0.755556 0.541304 0.745894 0.532609 0.741063 0.530435 0.729469 0.528696 0.723671 0.528696
0 0.798068 0.513478 0.786473 0.513043 0.780676 0.516957 0.760386 0.521739 0.755556 0.525217 0.753623 0.529565 0.762319 0.534348 0.768116 0.535652 0.778744 0.536087 0.800000 0.529565 0.808696 0.525652 0.806763 0.517826
0 0.815459 0.525217 0.806763 0.531739 0.804831 0.535652 0.804831 0.541739 0.809662 0.546957 0.816425 0.550000 0.828986 0.552609 0.849275 0.553478 0.856039 0.552174 0.861836 0.549130 0.869565 0.541304 0.868599 0.536087 0.864734 0.532609 0.854106 0.528696 0.831884 0.524348
0 0.752657 0.500435 0.734300 0.502609 0.727536 0.504783 0.717874 0.516522 0.721739 0.523478 0.730435 0.526957 0.742029 0.529565 0.751691 0.528696 0.760386 0.521739 0.769082 0.517391 0.769082 0.512174 0.765217 0.505652 0.759420 0.502174
0 0.705314 0.485652 0.700483 0.483478 0.691787 0.481739 0.681159 0.482174 0.672464 0.483478 0.653140 0.489130 0.645411 0.494783 0.645411 0.498261 0.640580 0.506522 0.645411 0.508261 0.673430 0.511739 0.697585 0.509565 0.713043 0.502174 0.714976 0.498696 0.714010 0.493913
0 0.603865 0.477826 0.590338 0.483043 0.587440 0.485652 0.587440 0.491304 0.593237 0.497826 0.598068 0.501304 0.612560 0.506522 0.625121 0.506957 0.631884 0.506087 0.639614 0.503478 0.644444 0.499565 0.646377 0.493043 0.650242 0.490435 0.648309 0.486087 0.643478 0.482174 0.630918 0.477391 0.616425 0.476957
0 0.714010 0.474348 0.708213 0.477826 0.706280 0.482609 0.720773 0.494348 0.725604 0.496522 0.753623 0.497391 0.767150 0.490435 0.765217 0.481739 0.758454 0.475217 0.743961 0.471304 0.726570 0.471739
0 0.763285 0.493043 0.764251 0.502609 0.780676 0.510435 0.787440 0.512174 0.795169 0.512609 0.809662 0.516522 0.814493 0.516522 0.825121 0.512609 0.827053 0.504783 0.824155 0.500435 0.797101 0.494348 0.776812 0.493043 0.771014 0.491304 0.767150 0.491304
0 0.875362 0.517826 0.865700 0.521304 0.869565 0.536957 0.871498 0.539130 0.882126 0.543913 0.891787 0.544348 0.896618 0.542609 0.903382 0.537391 0.902415 0.529130 0.885024 0.518261
0 0.914976 0.515217 0.902415 0.524348 0.902415 0.530000 0.906280 0.536087 0.914976 0.540435 0.934300 0.544783 0.952657 0.543913 0.964251 0.537826 0.968116 0.533478 0.966184 0.524783 0.961353 0.520000 0.942995 0.513913 0.930435 0.513478
0 0.995169 0.504783 0.985507 0.514348 0.988406 0.517826 0.995169 0.520435 1.000000 0.520435 1.000000 0.504783
0 0.995169 0.474348 0.973913 0.478261 0.968116 0.481739 0.969082 0.490870 0.966184 0.498261 0.979710 0.503043 1.000000 0.504348 1.000000 0.474348
0 0.859903 0.493913 0.844444 0.493913 0.838647 0.495217 0.830918 0.499565 0.828019 0.503478 0.828019 0.511304 0.831884 0.514783 0.838647 0.517391 0.848309 0.517391 0.857971 0.513478 0.859903 0.510000 0.869565 0.502609 0.865700 0.497391
0 0.891787 0.493913 0.888889 0.502174 0.900483 0.513478 0.917874 0.514348 0.933333 0.512609 0.943961 0.506087 0.944928 0.499565 0.937198 0.496087 0.936232 0.493913 0.926570 0.490000 0.908213 0.489565
0 0.918841 0.472174 0.910145 0.477391 0.908213 0.482609 0.911111 0.487826 0.935266 0.491739 0.949758 0.498261 0.960386 0.496957 0.963285 0.495217 0.964251 0.490435 0.969082 0.486087 0.955556 0.474348 0.949758 0.471739 0.939130 0.470000
0 0.947826 0.456522 0.943961 0.462609 0.944928 0.467826 0.947826 0.470870 0.960386 0.477391 0.969082 0.478696 0.974879 0.478261 0.992271 0.474783 0.996135 0.473043 1.000000 0.473043 1.000000 0.457826 0.996135 0.457826 0.986473 0.454348 0.971014 0.453043 0.959420 0.453043
0 0.995169 0.430435 0.991304 0.431304 0.986473 0.435217 0.986473 0.438261 0.981643 0.443913 0.986473 0.453478 0.995169 0.456087 1.000000 0.456087 1.000000 0.430435
0 0.961353 0.429130 0.951691 0.430000 0.947826 0.431304 0.944928 0.434783 0.938164 0.452174 0.942995 0.455652 0.960386 0.451739 0.969082 0.447391 0.974879 0.442609 0.974879 0.438261 0.978647 0.434565 0.971981 0.431304
0 0.899517 0.431739 0.889855 0.439130 0.889855 0.447391 0.907246 0.451304 0.935266 0.451739 0.940097 0.447826 0.938164 0.443043 0.942029 0.439565 0.936232 0.434783 0.926570 0.430435 0.906280 0.430435
0 0.878261 0.453043 0.870531 0.462174 0.871498 0.467391 0.877295 0.470000 0.886957 0.471739 0.899517 0.475652 0.910145 0.475217 0.936232 0.468696 0.938164 0.466957 0.936232 0.462609 0.923671 0.453043 0.916908 0.451739 0.905314 0.451304 0.892754 0.448261
0 0.856039 0.469565 0.844444 0.473913 0.839614 0.479130 0.839614 0.483478 0.844444 0.491739 0.863768 0.494783 0.870531 0.498261 0.870531 0.502174 0.874396 0.503043 0.884058 0.500000 0.891787 0.492609 0.896618 0.490435 0.901449 0.486087 0.901449 0.481304 0.897585 0.476087 0.888889 0.472174 0.874396 0.469565
0 0.786473 0.475217 0.780676 0.478261 0.779710 0.483913 0.781643 0.486957 0.793237 0.493043 0.814493 0.497826 0.822222 0.498261 0.834783 0.494348 0.841546 0.490435 0.834783 0.481304 0.827053 0.478261 0.797101 0.473913
0 0.811594 0.450870 0.802899 0.454348 0.800966 0.465217 0.804831 0.470435 0.818357 0.476522 0.829952 0.478261 0.838647 0.477391 0.844444 0.473478 0.859903 0.466522 0.857971 0.457826 0.851208 0.454348 0.839614 0.450870 0.832850 0.450000
0 0.834783 0.428696 0.826087 0.437826 0.826087 0.444783 0.830918 0.448696 0.854106 0.454348 0.874396 0.453478 0.885990 0.449130 0.887923 0.446522 0.887923 0.440000 0.885024 0.435217 0.880193 0.431739 0.874396 0.429130 0.859903 0.426957 0.844444 0.426957
0 0.803865 0.428696 0.785507 0.429565 0.770048 0.433913 0.764251 0.439130 0.766184 0.443913 0.777778 0.445217 0.787440 0.450435 0.795169 0.452609 0.818357 0.449130 0.823188 0.445652 0.822222 0.440000 0.814493 0.431739 0.809662 0.429565
0 0.760386 0.446522 0.751691 0.449130 0.741063 0.454348 0.735266 0.465217 0.735266 0.468696 0.738164 0.470435 0.746860 0.471304 0.757488 0.473913 0.771981 0.474348 0.783575 0.472609 0.793237 0.469130 0.796135 0.466522 0.797101 0.460870 0.793237 0.454783 0.787440 0.450435 0.779710 0.447826
0 0.715942 0.461304 0.691787 0.457826 0.678261 0.461304 0.670531 0.466087 0.666667 0.470435 0.665700 0.475217 0.669565 0.479565 0.674396 0.481739 0.702415 0.481304 0.710145 0.476087 0.722705 0.470870 0.722705 0.466087
0 0.689855 0.430000 0.685990 0.431739 0.685990 0.434348 0.677295 0.443478 0.690821 0.453913 0.700483 0.454348 0.717874 0.457391 0.734300 0.456087 0.744928 0.452609 0.754589 0.445217 0.752657 0.436957 0.743961 0.430435 0.731401 0.427391 0.719807 0.426522 0.704348 0.426957
0 0.668599 0.442174 0.657971 0.442174 0.638647 0.444783 0.632850 0.448696 0.630918 0.452609 0.631884 0.460000 0.636715 0.465652 0.645411 0.469130 0.665700 0.469130 0.674396 0.463913 0.677295 0.460435 0.686957 0.455652 0.686957 0.452609 0.683092 0.448696
0 0.587440 0.455652 0.578744 0.462609 0.581643 0.474783 0.594203 0.477391 0.629952 0.476522 0.636715 0.471304 0.636715 0.466087 0.627053 0.455217 0.617391 0.452609 0.606763 0.452174 0.597101 0.453043
0 0.620290 0.427391 0.612560 0.428261 0.600966 0.431739 0.598068 0.434783 0.597101 0.445217 0.598068 0.447826 0.604831 0.450435 0.623188 0.452609 0.630918 0.451304 0.631884 0.448261 0.637681 0.444783 0.647343 0.443043 0.649275 0.438261 0.648309 0.435652 0.641546 0.430870 0.629952 0.428261
0 0.534300 0.435217 0.525604 0.439565 0.523671 0.442174 0.523671 0.446087 0.527536 0.450870 0.556522 0.461304 0.561353 0.461739 0.578744 0.460435 0.593237 0.450000 0.594203 0.445217 0.592271 0.441739 0.579710 0.436957 0.571014 0.435217 0.550725 0.433043 0.542029 0.433043
0 0.510145 0.443478 0.504348 0.446087 0.496618 0.454783 0.496618 0.459565 0.501449 0.464783 0.508213 0.467826 0.515942 0.468696 0.527536 0.467826 0.552657 0.468696 0.557488 0.466957 0.558454 0.462609 0.527536 0.450000 0.523671 0.443478 0.518841 0.442174
0 0.523671 0.468696 0.515942 0.473478 0.513043 0.486522 0.541063 0.486957 0.550725 0.488696 0.560386 0.492174 0.570048 0.492174 0.575845 0.486522 0.575845 0.482609 0.564251 0.474348 0.545894 0.468696
0 0.516908 0.486087 0.509179 0.489565 0.511111 0.501739 0.515942 0.506087 0.529469 0.513913 0.541063 0.515652 0.554589 0.514783 0.571981 0.506087 0.572947 0.500870 0.570048 0.496522 0.550725 0.487391 0.538164 0.486087
0 0.526570 0.523478 0.515942 0.523478 0.504348 0.525217 0.492754 0.530870 0.487923 0.536522 0.488889 0.543913 0.495652 0.547826 0.499517 0.552609 0.507246 0.555217 0.528502 0.553043 0.537198 0.550435 0.555556 0.540870 0.556522 0.536957 0.547826 0.529565 0.536232 0.525217
0 0.502415 0.501739 0.490821 0.501304 0.479227 0.503478 0.464734 0.510870 0.458937 0.517391 0.459903 0.521739 0.468599 0.526087 0.481159 0.528261 0.486957 0.528261 0.493623 0.528522 0.500483 0.526087 0.508792 0.524087 0.515942 0.521739 0.517874 0.516957 0.515942 0.516087 0.514976 0.510435
0 0.492754 0.475217 0.482126 0.474783 0.469565 0.476522 0.457971 0.482609 0.452174 0.487826 0.451208 0.491739 0.453140 0.495217 0.458937 0.498261 0.473430 0.502174 0.485024 0.502174 0.491787 0.500435 0.503382 0.500000 0.507246 0.498696 0.508213 0.493913 0.506280 0.489565 0.509179 0.486087 0.509179 0.481739 0.498551 0.476522
0 0.390338 0.497826 0.386473 0.501739 0.390338 0.506087 0.399034 0.512174 0.408696 0.515217 0.430918 0.517391 0.444444 0.516087 0.450242 0.513913 0.453140 0.499565 0.445411 0.495217 0.430918 0.492609 0.417391 0.492174 0.400000 0.493478
0 0.372947 0.494348 0.377778 0.498261 0.387440 0.498261 0.404831 0.493478 0.422222 0.492609 0.440580 0.494348 0.443478 0.493478 0.444444 0.489130 0.437681 0.484348 0.417391 0.478261 0.406763 0.476522 0.395169 0.476522 0.380676 0.480870 0.376812 0.484348
0 0.476329 0.449565 0.468599 0.449565 0.456039 0.451304 0.441546 0.462609 0.443478 0.466957 0.447343 0.470000 0.456039 0.473913 0.464734 0.476087 0.491787 0.473913 0.501449 0.470870 0.503382 0.468261 0.494686 0.457391 0.482126 0.450870
0 0.448309 0.437826 0.442512 0.436957 0.436715 0.437391 0.405797 0.450870 0.403865 0.456522 0.411594 0.461739 0.428986 0.464348 0.440580 0.463913 0.445411 0.462174 0.447343 0.458696 0.458937 0.450435 0.459903 0.447826 0.457971 0.443043
0 0.400000 0.455217 0.385507 0.454783 0.360386 0.456957 0.350725 0.460000 0.348792 0.462609 0.350725 0.467391 0.360386 0.475217 0.369082 0.478696 0.379710 0.480000 0.395169 0.476522 0.403865 0.471739 0.408696 0.461739 0.403865 0.456522
0 0.333333 0.482609 0.323671 0.484348 0.313043 0.488261 0.308213 0.493913 0.308213 0.499130 0.312077 0.502174 0.326570 0.505217 0.338164 0.506087 0.361353 0.501739 0.368116 0.498261 0.369082 0.493913 0.365217 0.489565 0.354589 0.483913
0 0.371014 0.500870 0.361353 0.501304 0.349758 0.504348 0.342029 0.507391 0.340097 0.509565 0.339130 0.514783 0.342029 0.519130 0.358454 0.525652 0.365217 0.525652 0.379710 0.521304 0.387440 0.516522 0.396135 0.514348 0.395169 0.510435 0.388406 0.505652
0 0.367150 0.525217 0.366184 0.529565 0.378744 0.537391 0.398068 0.539130 0.413527 0.543043 0.419324 0.540870 0.423188 0.537391 0.426087 0.530870 0.430918 0.526087 0.429952 0.521304 0.423188 0.518261 0.413527 0.516522 0.400966 0.516522 0.387440 0.518696 0.373913 0.523913
0 0.431884 0.525217 0.426087 0.529565 0.422222 0.536957 0.424155 0.541304 0.428986 0.545217 0.438647 0.549130 0.446377 0.550870 0.457005 0.550870 0.460870 0.545652 0.465700 0.544348 0.470531 0.540435 0.472464 0.536522 0.459903 0.529130 0.442512 0.525217
0 0.417391 0.552174 0.412560 0.555652 0.409662 0.560870 0.412560 0.572174 0.418357 0.576087 0.432850 0.577391 0.455072 0.576957 0.476329 0.568696 0.479227 0.564348 0.474396 0.560435 0.457005 0.553043 0.434783 0.550870
0 0.377778 0.537391 0.366184 0.540000 0.358454 0.544783 0.356522 0.549565 0.359420 0.554348 0.364251 0.557826 0.372947 0.561304 0.397101 0.562609 0.405797 0.559565 0.413527 0.553043 0.410628 0.544783 0.407729 0.542174 0.399034 0.539130 0.391304 0.537826
0 0.389372 0.562609 0.371014 0.562609 0.362319 0.567391 0.352657 0.578696 0.352657 0.580870 0.356522 0.584348 0.368116 0.585652 0.385507 0.585217 0.396135 0.583478 0.405797 0.580000 0.408696 0.577391 0.407729 0.572609 0.400966 0.567391
0 0.488889 0.689565 0.489855 0.694783 0.499517 0.698261 0.508213 0.699130 0.530435 0.699130 0.552657 0.693478 0.547826 0.690435 0.530435 0.685217 0.517874 0.679565 0.506280 0.679565 0.497585 0.681304
0 0.561353 0.659565 0.551691 0.660000 0.537198 0.663478 0.512077 0.666522 0.511111 0.671304 0.514010 0.678261 0.530435 0.684348 0.542995 0.686957 0.555556 0.686957 0.564251 0.684783 0.566184 0.682609 0.567150 0.665652
0 0.556522 0.641739 0.545894 0.639130 0.534300 0.639130 0.524638 0.641304 0.517874 0.646087 0.505314 0.660870 0.505314 0.663478 0.508213 0.665652 0.526570 0.665217 0.561353 0.657826 0.565217 0.653913 0.565217 0.648696 0.560386 0.643478
0 0.522705 0.634783 0.525604 0.640000 0.547826 0.640000 0.554589 0.641739 0.562319 0.645652 0.569082 0.646957 0.579710 0.641739 0.580676 0.638696 0.572947 0.633913 0.544928 0.628696 0.535266 0.630435
0 0.514976 0.608696 0.502415 0.610435 0.489855 0.613913 0.485024 0.619565 0.486957 0.623913 0.497585 0.631304 0.505314 0.633478 0.517874 0.634348 0.528502 0.632174 0.539130 0.626957 0.540097 0.622174 0.531401 0.612174 0.522705 0.609130
0 0.481159 0.635217 0.473430 0.636957 0.468599 0.640870 0.468599 0.648696 0.482126 0.657391 0.498551 0.660870 0.503382 0.660870 0.511111 0.656522 0.523671 0.641304 0.514010 0.636957 0.502415 0.634783 0.489855 0.634348
0 0.458937 0.658696 0.453140 0.660435 0.450242 0.663043 0.449275 0.671304 0.452174 0.676087 0.465700 0.683043 0.474396 0.685652 0.484058 0.686957 0.509179 0.677826 0.510145 0.673043 0.507246 0.668261 0.500483 0.662174 0.491787 0.659565 0.476329 0.658261
0 0.418357 0.686087 0.415459 0.688261 0.415459 0.698696 0.419324 0.703478 0.424155 0.705217 0.438647 0.707826 0.458937 0.708261 0.473430 0.706522 0.479227 0.703043 0.485024 0.692609 0.478261 0.686522 0.466667 0.683913 0.451208 0.683043 0.430918 0.683478
0 0.358454 0.692174 0.359420 0.698696 0.365217 0.702609 0.378744 0.707391 0.387440 0.707826 0.410628 0.705217 0.415459 0.702609 0.415459 0.696522 0.408696 0.692174 0.407729 0.689130 0.396135 0.685652 0.377778 0.684783 0.369082 0.686087
0 0.408696 0.661739 0.400000 0.662609 0.390338 0.666522 0.387440 0.672174 0.387440 0.679130 0.390338 0.683043 0.394203 0.684783 0.413527 0.687826 0.427053 0.683913 0.443478 0.681739 0.451208 0.677826 0.451208 0.672609 0.444444 0.668261 0.438647 0.667391 0.428986 0.663913
0 0.305314 0.688696 0.306280 0.693478 0.323671 0.700000 0.335266 0.701739 0.354589 0.701739 0.357488 0.700870 0.356522 0.693043 0.363285 0.685652 0.358454 0.682609 0.346860 0.680870 0.325604 0.681739 0.312077 0.684783
0 0.282126 0.673478 0.273430 0.677826 0.274396 0.681739 0.283092 0.686087 0.290821 0.688261 0.298551 0.689130 0.304348 0.688261 0.315942 0.681739 0.317874 0.678696 0.313043 0.673913 0.302415 0.672174
0 0.353623 0.660000 0.340097 0.665217 0.333333 0.671304 0.333333 0.675652 0.342995 0.680000 0.351691 0.680435 0.359420 0.682174 0.373913 0.681739 0.383575 0.678261 0.386473 0.670870 0.384541 0.665217 0.376812 0.660870 0.371014 0.659565
0 0.402899 0.649565 0.401932 0.655217 0.403865 0.657826 0.418357 0.662609 0.430918 0.663043 0.447343 0.660000 0.452174 0.658261 0.456039 0.654783 0.451208 0.650000 0.423188 0.647826 0.413527 0.645217
0 0.422222 0.626957 0.411594 0.635652 0.412560 0.644348 0.422222 0.646522 0.457971 0.647826 0.461836 0.646957 0.466667 0.644348 0.470531 0.636087 0.466667 0.630870 0.454106 0.626522 0.440580 0.624783 0.431884 0.624783
0 0.393237 0.601739 0.379710 0.605652 0.373913 0.610000 0.371981 0.616087 0.377778 0.621739 0.385507 0.626087 0.402899 0.630870 0.413527 0.630870 0.418357 0.629565 0.422222 0.626522 0.434783 0.623913 0.439614 0.620435 0.441546 0.616522 0.439614 0.606957 0.436715 0.603478 0.430918 0.601739 0.404831 0.600870
0 0.368116 0.627391 0.356522 0.629565 0.347826 0.633043 0.340097 0.640000 0.337198 0.646957 0.342995 0.650870 0.344928 0.655217 0.351691 0.658261 0.373913 0.658696 0.378744 0.659565 0.397101 0.654348 0.406763 0.645652 0.407729 0.640000 0.404831 0.635652 0.392271 0.629130 0.382609 0.627391
0 0.281159 0.645217 0.270531 0.653913 0.272464 0.663043 0.275362 0.666522 0.284058 0.669565 0.307246 0.672174 0.318841 0.672174 0.331401 0.669130 0.339130 0.662174 0.339130 0.650000 0.337198 0.648696 0.322705 0.643913 0.311111 0.642609 0.295652 0.643043
0 0.238647 0.646522 0.237681 0.648261 0.231884 0.650870 0.221256 0.653478 0.215459 0.659565 0.216425 0.666087 0.226087 0.672609 0.237681 0.676087 0.264734 0.675217 0.272464 0.666957 0.268599 0.661739 0.268599 0.657826 0.261836 0.653913 0.254106 0.652609 0.250242 0.650870 0.248309 0.647391
0 0.171981 0.662609 0.165217 0.667391 0.164251 0.673478 0.166184 0.677826 0.172947 0.683478 0.182609 0.688261 0.194203 0.690435 0.213527 0.690870 0.216425 0.690000 0.227053 0.682174 0.228019 0.676522 0.210628 0.662609 0.197101 0.659130 0.186473 0.659565
0 0.132367 0.673043 0.129469 0.676087 0.129469 0.681304 0.124638 0.685217 0.123671 0.690000 0.125604 0.693913 0.146860 0.702609 0.157488 0.703913 0.169082 0.703478 0.178744 0.697391 0.177778 0.688696 0.166184 0.679565 0.151691 0.673043 0.144928 0.671739
0 0.174879 0.646087 0.151691 0.642609 0.142995 0.643913 0.134300 0.646957 0.132367 0.655217 0.132367 0.666957 0.134300 0.670435 0.152657 0.669565 0.160386 0.667826 0.174879 0.661739 0.177778 0.658261 0.175845 0.653478 0.178744 0.650870
0 0.230918 0.644348 0.222222 0.641739 0.195169 0.642609 0.185507 0.646087 0.186473 0.653478 0.195169 0.656957 0.211594 0.656957 0.228986 0.650000 0.232850 0.646957
0 0.207729 0.626957 0.197101 0.623478 0.183575 0.622174 0.177778 0.623043 0.176812 0.626522 0.169082 0.630870 0.158454 0.630870 0.155556 0.629565 0.143575 0.626739 0.137198 0.626522 0.136232 0.628696 0.142995 0.637391 0.147826 0.639565 0.168116 0.643913 0.181643 0.645217 0.186473 0.644783 0.200000 0.640435 0.205797 0.634783
0 0.144928 0.597391 0.134300 0.603478 0.134300 0.620435 0.141063 0.626522 0.147826 0.626957 0.158454 0.630435 0.167150 0.631304 0.173913 0.628261 0.177778 0.621739 0.177778 0.614783 0.172947 0.607826 0.171981 0.600870 0.161353 0.597391
0 0.194203 0.594348 0.174879 0.600435 0.172947 0.602609 0.173913 0.610435 0.181643 0.618261 0.190338 0.621739 0.203865 0.624783 0.214493 0.624783 0.232850 0.618696 0.234783 0.614348 0.213527 0.596522 0.204831 0.593913
0 0.239614 0.617391 0.220290 0.623478 0.216425 0.626522 0.211594 0.634783 0.222222 0.640870 0.231884 0.643913 0.250242 0.645217 0.264734 0.644783 0.275362 0.642174 0.279227 0.638696 0.278261 0.632609 0.271498 0.624348 0.257005 0.617826
0 0.282126 0.610000 0.273430 0.614783 0.270531 0.619130 0.271498 0.623478 0.277295 0.630000 0.289855 0.636522 0.299517 0.639565 0.309179 0.640000 0.325604 0.644348 0.335266 0.644348 0.339130 0.635652 0.350725 0.630870 0.351691 0.629130 0.350725 0.623043 0.343961 0.616522 0.326570 0.608261 0.316908 0.606522 0.302415 0.606522
0 0.386473 0.590435 0.372947 0.587391 0.361353 0.586087 0.351691 0.586522 0.343382 0.588696 0.334300 0.591304 0.325604 0.594348 0.319807 0.599130 0.325604 0.606522 0.342995 0.615217 0.364251 0.615217 0.370048 0.613043 0.372947 0.608696 0.389372 0.600870 0.389372 0.591739
0 0.323671 0.568261 0.311111 0.570000 0.299517 0.573478 0.290821 0.580000 0.290821 0.585652 0.299517 0.589565 0.315942 0.592174 0.327536 0.592609 0.349758 0.586087 0.350725 0.579565 0.345894 0.573913 0.338164 0.570000
0 0.264734 0.589130 0.261836 0.594348 0.262802 0.603478 0.270531 0.607391 0.283092 0.609130 0.310145 0.604348 0.317874 0.604348 0.317874 0.601739 0.310145 0.597391 0.308213 0.594783 0.291787 0.586957 0.286957 0.586087 0.273430 0.586087
0 0.230918 0.583478 0.221256 0.586087 0.210628 0.591304 0.210628 0.594783 0.212560 0.596522 0.217391 0.597391 0.221256 0.603913 0.242512 0.615652 0.248309 0.616522 0.251208 0.615652 0.255072 0.610870 0.261836 0.606522 0.262802 0.602174 0.260870 0.596522 0.264734 0.591304 0.252174 0.583913
0 0.206763 0.583913 0.192271 0.578261 0.175845 0.576522 0.143961 0.578261 0.135266 0.583478 0.136232 0.588261 0.146860 0.596087 0.162319 0.596957 0.171014 0.599130 0.178744 0.598261 0.182609 0.596087 0.198068 0.593043 0.206763 0.588261
0 0.178744 0.549565 0.168116 0.548261 0.150725 0.550870 0.134300 0.559130 0.132367 0.561304 0.132367 0.569565 0.134300 0.572609 0.142029 0.575652 0.154589 0.576087 0.180773 0.573087 0.191304 0.564783 0.191304 0.556522 0.187440 0.553043
0 0.208696 0.556957 0.199034 0.563913 0.198068 0.572609 0.201932 0.578261 0.209662 0.581304 0.220290 0.583043 0.257005 0.583043 0.264734 0.578261 0.266667 0.573913 0.264734 0.567826 0.257005 0.556957 0.239614 0.551739 0.222222 0.553043
0 0.261836 0.555217 0.262802 0.563913 0.268599 0.570870 0.274396 0.573043 0.287923 0.575217 0.296618 0.574783 0.314976 0.569130 0.335266 0.567391 0.343961 0.563913 0.345894 0.561739 0.345894 0.556957 0.343961 0.555217 0.333333 0.552174 0.318841 0.550870 0.311111 0.549130 0.281159 0.549130 0.267633 0.551739
0 0.305314 0.525217 0.299517 0.527391 0.291787 0.536957 0.293720 0.541304 0.299517 0.546087 0.308213 0.548261 0.343961 0.549565 0.354589 0.545217 0.356522 0.538261 0.353623 0.533478 0.339130 0.522609 0.336232 0.521739 0.324638 0.521739
0 0.238647 0.517391 0.228986 0.519130 0.219324 0.523043 0.214493 0.528696 0.214493 0.534783 0.218357 0.540870 0.224155 0.545217 0.238647 0.550435 0.247343 0.552609 0.265700 0.550870 0.279227 0.546522 0.284058 0.540870 0.285024 0.533043 0.283092 0.528696 0.269565 0.520870 0.256039 0.517826
0 0.116908 0.529130 0.113043 0.535652 0.114010 0.540435 0.124638 0.546087 0.145894 0.549565 0.154589 0.549565 0.171981 0.546957 0.175845 0.542174 0.176812 0.535217 0.173913 0.530435 0.163285 0.525652 0.142029 0.523478 0.127536 0.525217
0 0.141063 0.506522 0.139130 0.516957 0.142995 0.521739 0.147826 0.523478 0.156522 0.524348 0.169082 0.527391 0.187440 0.527391 0.200000 0.525217 0.213527 0.521304 0.220290 0.514348 0.218357 0.509565 0.213527 0.507391 0.195169 0.503478 0.171014 0.500000 0.160386 0.500000 0.152657 0.501304
0 0.218357 0.482174 0.219324 0.486087 0.216425 0.495652 0.217391 0.498696 0.222222 0.502174 0.230918 0.505652 0.249275 0.507826 0.256039 0.510000 0.264734 0.509565 0.276329 0.506087 0.283092 0.500435 0.284058 0.496957 0.282126 0.494348 0.272464 0.489565 0.243478 0.481739
0 0.167150 0.480435 0.162319 0.485652 0.161353 0.490870 0.169082 0.499130 0.181063 0.501000 0.192271 0.501304 0.206763 0.500435 0.210628 0.498696 0.212560 0.493043 0.215459 0.490870 0.214493 0.485652 0.204348 0.480087 0.179710 0.479130
0 0.170048 0.456087 0.160386 0.461739 0.155556 0.467391 0.154589 0.471739 0.159420 0.476957 0.168116 0.479565 0.178744 0.478696 0.194203 0.480000 0.211594 0.480000 0.215459 0.479130 0.220290 0.476087 0.220290 0.470435 0.208696 0.460435 0.197101 0.456522 0.189372 0.455217 0.177778 0.454783
0 0.239614 0.471304 0.236715 0.474783 0.241546 0.479565 0.260870 0.486087 0.273430 0.489130 0.282126 0.489565 0.292754 0.489130 0.298551 0.486957 0.302415 0.481739 0.302415 0.474348 0.297585 0.467826 0.291787 0.465217 0.284058 0.463913 0.262802 0.463913 0.256039 0.465217
0 0.221256 0.446957 0.212560 0.450000 0.207729 0.459130 0.214493 0.466087 0.221256 0.470000 0.228019 0.471739 0.239614 0.471739 0.249275 0.468696 0.267633 0.459565 0.267633 0.451739 0.265700 0.450000 0.256039 0.448261 0.247343 0.448261 0.235749 0.446522
0 0.282126 0.439130 0.273430 0.442174 0.269565 0.446957 0.269565 0.451739 0.272464 0.456522 0.279227 0.460870 0.296618 0.466087 0.309179 0.466522 0.314976 0.465217 0.327536 0.459565 0.329469 0.454348 0.326570 0.449565 0.320773 0.445217 0.309179 0.440435 0.295652 0.438261
0 0.256039 0.997826 0.244444 0.993043 0.227053 0.991739 0.206763 0.993913 0.195169 0.997826 0.195169 1.000000 0.256039 1.000000
0 0.161353 0.963043 0.156522 0.965217 0.148792 0.966522 0.141063 0.971304 0.138164 0.976087 0.141063 0.985652 0.151691 0.990435 0.160386 0.991739 0.179710 0.991739 0.188406 0.990435 0.205797 0.979565 0.206763 0.973478 0.204831 0.970000 0.184541 0.966957 0.170048 0.962609
0 0.160386 0.946522 0.159420 0.951739 0.173913 0.963043 0.189372 0.966957 0.199034 0.967826 0.213527 0.966522 0.218357 0.963913 0.226087 0.955652 0.226087 0.950435 0.213527 0.944348 0.199034 0.940870 0.191304 0.940435 0.181643 0.941304
0 0.200966 0.911739 0.177778 0.908261 0.169082 0.909565 0.156522 0.916087 0.149758 0.927391 0.149758 0.941739 0.151691 0.943478 0.171014 0.943043 0.181643 0.940000 0.187440 0.939565 0.196135 0.937391 0.213527 0.928696 0.216425 0.925217 0.216425 0.919565 0.213527 0.916957
0 0.256039 0.936957 0.238647 0.942174 0.229952 0.950000 0.230918 0.960000 0.234783 0.963478 0.251208 0.967391 0.275362 0.968261 0.296618 0.961304 0.300483 0.956087 0.299517 0.950435 0.294686 0.943478 0.283092 0.937391 0.274396 0.936522
0 0.310145 0.903043 0.280193 0.903913 0.267633 0.908261 0.255072 0.917391 0.253140 0.924783 0.256039 0.928261 0.271498 0.933043 0.282126 0.934783 0.292754 0.934348 0.314010 0.928261 0.316908 0.925217 0.326570 0.920435 0.326570 0.913913 0.317874 0.906087
0 0.373913 0.931739 0.362319 0.927826 0.342995 0.928261 0.326570 0.930870 0.311111 0.936957 0.306280 0.943478 0.311111 0.946957 0.323671 0.951739 0.345894 0.953478 0.364251 0.952609 0.372947 0.949565 0.375845 0.946087 0.377778 0.935217
0 0.353623 0.993913 0.336232 0.989565 0.308213 0.990435 0.293720 0.997826 0.293720 1.000000 0.360097 0.999348
0 0.337198 0.960435 0.315942 0.960000 0.299517 0.961739 0.288889 0.963913 0.278261 0.967826 0.273430 0.973478 0.274396 0.978261 0.286957 0.986087 0.298551 0.989130 0.311111 0.989130 0.319807 0.988957 0.325604 0.986957 0.336232 0.983913 0.342029 0.969130 0.342029 0.964348
0 0.359420 0.987826 0.358454 0.994783 0.362319 1.000000 0.420290 1.000000 0.420290 0.990000 0.414493 0.984783 0.409662 0.983478 0.399034 0.982609 0.379710 0.983043 0.362319 0.986087
0 0.362319 0.955652 0.358454 0.956522 0.347826 0.963478 0.345894 0.970870 0.341063 0.978261 0.342029 0.982609 0.343961 0.983478 0.360386 0.985652 0.379710 0.982609 0.382609 0.980870 0.379710 0.972609 0.379710 0.962609 0.370048 0.956087
0 0.476329 0.978261 0.466667 0.976522 0.456039 0.976957 0.435749 0.983043 0.423188 0.989565 0.425121 0.994348 0.439614 0.997826 0.445990 0.999565 0.465024 0.998870 0.475362 0.998043 0.482126 0.996957 0.486957 0.994783 0.488889 0.991739 0.484058 0.983913
0 0.381643 0.962174 0.380676 0.973913 0.383575 0.976957 0.389372 0.979130 0.419324 0.982609 0.432850 0.983043 0.439614 0.982174 0.455072 0.976522 0.460870 0.970870 0.450242 0.961739 0.439614 0.959565 0.417391 0.957826 0.393237 0.957826 0.387440 0.959130
0 0.493720 0.973043 0.486957 0.977391 0.485024 0.983913 0.495652 0.993913 0.500483 0.996522 0.508213 0.998261 0.508213 1.000000 0.536232 1.000000 0.537198 0.997391 0.543961 0.995652 0.552657 0.990435 0.552657 0.986087 0.548792 0.982174 0.545894 0.974783 0.534300 0.970000 0.526570 0.969130 0.511111 0.969565
0 0.542995 0.998826 0.538164 1.000000 0.584541 1.000000 0.580290 0.999130 0.574976 0.998000 0.557585 0.997696 0.550531 0.998348
0 0.603865 0.997826 0.603865 1.000000 0.643478 1.000000 0.643478 0.997826 0.636715 0.993043 0.630918 0.990435 0.621256 0.990000
0 0.550725 0.977826 0.550725 0.983043 0.556522 0.988261 0.569082 0.992609 0.596135 0.994783 0.611594 0.993478 0.619324 0.989565 0.621256 0.986522 0.620290 0.977826 0.616425 0.974783 0.604831 0.970870 0.577778 0.969565 0.563285 0.972174
0 0.649758 0.999348 0.647343 1.000000 0.693720 1.000000 0.687246 0.997696 0.680386 0.996304 0.665121 0.996435 0.656039 0.997826
0 0.674396 0.969130 0.665700 0.970000 0.639614 0.976522 0.633816 0.978696 0.632850 0.983043 0.664734 0.996087 0.677295 0.995652 0.694686 0.992174 0.697585 0.990435 0.700483 0.983478 0.698551 0.978261 0.691787 0.972609 0.685024 0.970435
0 0.692754 0.996957 0.692754 1.000000 0.761353 1.000000 0.761353 0.997826 0.748792 0.994348 0.717874 0.991304 0.703382 0.993043
0 0.749758 0.960435 0.730435 0.964348 0.720773 0.968696 0.710145 0.976522 0.709179 0.982609 0.714010 0.986957 0.723671 0.990870 0.741063 0.993478 0.752657 0.993913 0.762319 0.991304 0.771014 0.987391 0.771981 0.981739 0.761353 0.962609 0.754589 0.960435
0 0.770048 0.997826 0.770048 1.000000 0.838647 1.000000 0.838647 0.997391 0.834783 0.993913 0.816425 0.989130 0.802899 0.989130 0.783575 0.991304 0.776812 0.993478
0 0.838647 0.997826 0.838647 1.000000 0.887923 1.000000 0.886957 0.997391 0.868599 0.994348 0.850242 0.994783
0 0.813527 0.960435 0.800966 0.960000 0.788406 0.960870 0.781643 0.962174 0.772947 0.966522 0.770048 0.972609 0.771981 0.980000 0.775845 0.983913 0.784541 0.986957 0.788406 0.990000 0.799034 0.990000 0.817391 0.987826 0.830918 0.983478 0.832850 0.969130 0.828986 0.965652 0.821256 0.962174
0 0.949758 0.990000 0.947343 0.988174 0.943961 0.986087 0.936232 0.982783 0.926570 0.981739 0.915942 0.982174 0.901449 0.985652 0.897585 0.987826 0.891787 0.993913 0.891787 1.000000 0.934300 1.000000 0.935072 1.000000 0.936618 1.000000 0.938164 1.000000 0.947536 1.000000 0.947343 0.998609 0.948792 0.994783
0 0.946860 0.997826 0.946860 1.000000 0.995169 1.000000 0.994203 0.996957 0.987440 0.994348 0.958454 0.994348 0.951691 0.995217
0 0.995169 0.974348 0.985507 0.980000 0.982609 0.986957 0.991304 0.993478 0.995169 0.995217 1.000000 0.995217 1.000000 0.974348
0 0.941063 0.950435 0.933333 0.952609 0.923671 0.958696 0.920773 0.974783 0.925604 0.980000 0.935266 0.982609 0.943961 0.983478 0.963285 0.983043 0.973913 0.980870 0.989372 0.975652 0.991304 0.973478 0.991304 0.966522 0.976812 0.956522 0.952657 0.951304
0 0.995169 0.937391 0.981643 0.941739 0.973913 0.946087 0.972947 0.948261 0.974879 0.955217 0.995169 0.966957 1.000000 0.966957 1.000000 0.937391
0 0.910145 0.929565 0.899517 0.929565 0.892754 0.931304 0.882126 0.937391 0.878261 0.943043 0.883092 0.959130 0.890821 0.961739 0.909179 0.960435 0.924638 0.956087 0.936232 0.950000 0.942029 0.943913 0.939130 0.937826 0.925604 0.932609
0 0.860870 0.937826 0.850242 0.936087 0.837681 0.936087 0.829952 0.937391 0.819324 0.942174 0.812560 0.949130 0.812560 0.954348 0.821256 0.959130 0.829952 0.960870 0.842512 0.960870 0.857005 0.959130 0.869565 0.955217 0.873430 0.951304 0.872464 0.943043
0 0.761353 0.939130 0.755556 0.942174 0.754589 0.944348 0.756522 0.947391 0.769082 0.956087 0.785507 0.960000 0.801932 0.959130 0.810628 0.956957 0.812560 0.955652 0.815459 0.942609 0.809662 0.936957 0.796135 0.934348 0.785507 0.934348 0.776812 0.935217