0 0.710145 0.378261 0.687923 0.378696 0.680193 0.383043 0.673430 0.393043 0.673430 0.396957 0.678261 0.403478 0.685024 0.406522 0.694686 0.406957 0.715942 0.400870 0.722705 0.395652 0.725604 0.389565 0.724638 0.385217 0.718841 0.380435
0 0.836715 0.631739 0.831884 0.634348 0.828019 0.641739 0.828019 0.645217 0.832850 0.652174 0.855072 0.656957 0.869565 0.654783 0.885024 0.646522 0.884058 0.638261 0.876329 0.634348 0.841546 0.631304
0 0.908213 0.619130 0.900483 0.622609 0.896618 0.627391 0.889855 0.631304 0.889855 0.642174 0.894686 0.645217 0.900483 0.646522 0.918841 0.647391 0.932367 0.645217 0.939130 0.642174 0.942029 0.639130 0.942029 0.633913 0.929469 0.625217 0.918841 0.620435
0 0.942995 0.611304 0.936232 0.614783 0.932367 0.620870 0.943961 0.633913 0.948792 0.636522 0.958454 0.639130 0.967150 0.639130 0.978744 0.637391 0.988406 0.632609 0.987440 0.625217 0.982609 0.621739 0.972947 0.618696 0.963285 0.613913 0.952657 0.610870
0 0.995169 0.633913 0.993237 0.640870 0.995169 0.650870 1.000000 0.650870 1.000000 0.633913
0 0.973913 0.604348 0.965217 0.600870 0.952657 0.598696 0.929469 0.600870 0.919807 0.605217 0.915942 0.608696 0.914976 0.617391 0.916908 0.619130 0.924638 0.621304 0.929469 0.620870 0.937198 0.613913 0.942029 0.611739 0.948792 0.610870 0.962319 0.613043 0.968116 0.614130 0.972947 0.617391 0.978744 0.619130 0.983575 0.615217
0 0.827053 0.615217 0.825121 0.617826 0.827053 0.623478 0.836715 0.628696 0.851208 0.631304 0.871498 0.632609 0.880193 0.632174 0.889855 0.630000 0.895652 0.626087 0.896618 0.619565 0.891787 0.609130 0.884058 0.606957 0.859903 0.606522 0.847343 0.607826 0.837681 0.610435
0 0.995169 0.589130 0.983575 0.591739 0.978744 0.594348 0.975845 0.597826 0.974879 0.603913 0.979710 0.611304 0.985507 0.615652 0.995169 0.618696 1.000000 0.618696 1.000000 0.589130
0 0.950725 0.566957 0.936232 0.570000 0.925604 0.575217 0.920773 0.580000 0.921739 0.583913 0.925604 0.587391 0.935266 0.592174 0.950725 0.596087 0.961353 0.596087 0.973913 0.591739 0.982609 0.584348 0.983575 0.578261 0.979710 0.572174 0.973913 0.569565 0.966184 0.567826
0 0.916908 0.582174 0.909179 0.581304 0.899517 0.581739 0.889855 0.586087 0.878261 0.599130 0.878261 0.603913 0.882126 0.605652 0.888889 0.606522 0.906280 0.606522 0.921739 0.602174 0.927536 0.596957 0.928502 0.591304
0 0.874396 0.573043 0.865700 0.572174 0.856039 0.572609 0.838647 0.575217 0.828986 0.578696 0.820290 0.583913 0.821256 0.590870 0.824155 0.595217 0.833816 0.600000 0.841546 0.601739 0.848309 0.604783 0.857971 0.605217 0.869565 0.603478 0.875362 0.601304 0.879227 0.597391 0.885024 0.583043 0.882126 0.576522
0 0.994203 0.560870 0.985507 0.563043 0.981643 0.567391 0.981643 0.572174 0.995169 0.587826 1.000000 0.587826 1.000000 0.560870
0 0.899517 0.546957 0.889855 0.550000 0.882126 0.559130 0.882126 0.563913 0.885990 0.569130 0.890821 0.572174 0.897585 0.573478 0.923671 0.573043 0.939130 0.566957 0.943961 0.566522 0.947826 0.564783 0.945894 0.560870 0.939130 0.558261 0.935266 0.554783 0.926570 0.550435 0.918841 0.548696
0 0.849275 0.544783 0.839614 0.545652 0.829952 0.549130 0.826087 0.552609 0.826087 0.559130 0.823188 0.564783 0.827053 0.569565 0.837681 0.573478 0.850242 0.572609 0.855072 0.571304 0.869565 0.571304 0.874396 0.569565 0.876329 0.566957 0.876329 0.560435 0.871498 0.554783 0.863768 0.550000
0 0.911111 0.525217 0.907246 0.523478 0.897585 0.521739 0.890821 0.521739 0.886957 0.523043 0.869565 0.525217 0.847343 0.533043 0.848309 0.536522 0.858937 0.542609 0.871498 0.545217 0.889855 0.546957 0.902415 0.545652 0.909179 0.543043 0.913043 0.537391
0 0.934300 0.527826 0.922705 0.535217 0.922705 0.546087 0.924638 0.548261 0.939130 0.555217 0.952657 0.558696 0.962319 0.555217 0.967150 0.551304 0.968116 0.536957 0.963285 0.532174 0.957488 0.529130 0.945894 0.527391
0 0.994203 0.529565 0.986473 0.530870 0.974879 0.536087 0.971014 0.540435 0.971014 0.550435 0.972947 0.553043 0.986473 0.559130 1.000000 0.560435 1.000000 0.529565
0 0.986473 0.505217 0.977778 0.509565 0.975845 0.514783 0.977778 0.518261 0.989372 0.524783 0.994203 0.529130 1.000000 0.529565 1.000000 0.506522
0 0.830918 0.483478 0.820290 0.488261 0.815459 0.493913 0.815459 0.498696 0.820290 0.503913 0.828019 0.506522 0.843478 0.507826 0.848309 0.510000 0.856039 0.511304 0.876329 0.511739 0.880193 0.510870 0.882126 0.509130 0.876329 0.504783 0.874396 0.500870 0.871498 0.500000 0.867633 0.494348 0.857005 0.486522 0.849275 0.483043 0.844444 0.482174 0.836715 0.482174
0 0.743961 0.459130 0.726570 0.463043 0.715942 0.466957 0.711111 0.470000 0.708213 0.475217 0.708213 0.483478 0.711111 0.486087 0.716908 0.488696 0.728502 0.490870 0.736232 0.491304 0.745894 0.490435 0.758454 0.484783 0.764251 0.483478 0.771014 0.479565 0.771981 0.470000 0.770048 0.466957 0.755556 0.461739
0 0.995169 0.490435 0.978744 0.494783 0.973913 0.496957 0.972947 0.499565 0.973913 0.502174 0.992271 0.506087 1.000000 0.506522 1.000000 0.490435
0 1.000000 0.467391 0.991304 0.468261 0.982609 0.474348 0.981643 0.486522 0.986473 0.490870 1.000000 0.490435
0 1.000000 0.435652 0.976812 0.436522 0.969082 0.440000 0.960386 0.446522 0.960386 0.463913 0.970048 0.466522 0.989372 0.467391 1.000000 0.466087
0 0.935266 0.437391 0.911111 0.438696 0.902415 0.443478 0.901449 0.450435 0.904348 0.456087 0.915942 0.463913 0.927536 0.465217 0.940097 0.463913 0.947826 0.460000 0.952657 0.459130 0.955556 0.450000 0.954589 0.445217 0.945894 0.440000
0 0.883092 0.440435 0.873430 0.439130 0.857005 0.443043 0.847343 0.447826 0.835749 0.461739 0.837681 0.470435 0.843478 0.473913 0.847343 0.474783 0.864734 0.474348 0.873430 0.476522 0.883092 0.476087 0.896618 0.468696 0.903382 0.460000 0.901449 0.451304 0.897585 0.446957
0 0.603865 0.430000 0.597101 0.432174 0.594203 0.434783 0.592271 0.441739 0.594203 0.447391 0.600000 0.455217 0.611594 0.459565 0.624155 0.459130 0.651208 0.448696 0.654106 0.444348 0.654106 0.438696 0.634783 0.430870
0 0.658937 0.406087 0.645411 0.407826 0.638647 0.410870 0.635749 0.413913 0.638647 0.429130 0.648309 0.435652 0.656039 0.437826 0.665700 0.436522 0.677295 0.433043 0.685990 0.428261 0.690821 0.421304 0.690821 0.415217 0.685990 0.410435 0.676329 0.407826
0 0.717874 0.434783 0.682126 0.434783 0.666667 0.436957 0.657005 0.441304 0.654106 0.445652 0.654106 0.450000 0.660870 0.456087 0.669565 0.460435 0.680193 0.462609 0.691787 0.462174 0.710145 0.456522 0.716908 0.451739
0 0.778744 0.430435 0.767150 0.428696 0.742995 0.429565 0.736232 0.431304 0.721739 0.437826 0.716908 0.443043 0.719807 0.451304 0.733333 0.458261 0.763285 0.459130 0.777778 0.456957 0.787440 0.453043 0.791304 0.448261 0.790338 0.438696 0.787440 0.434348
0 0.709179 0.403478 0.696618 0.408696 0.693720 0.411739 0.692754 0.417391 0.695652 0.424348 0.702415 0.427826 0.717874 0.433043 0.727536 0.433043 0.741063 0.428261 0.755845 0.425783 0.753623 0.421304 0.753623 0.411739 0.742995 0.406522 0.725604 0.404783 0.717874 0.403043
0 0.786473 0.402609 0.778744 0.403913 0.767150 0.408696 0.760386 0.415217 0.760386 0.420000 0.769082 0.425652 0.774493 0.427696 0.792271 0.432174 0.805797 0.434348 0.813527 0.431739 0.814493 0.430000 0.813527 0.411304 0.804831 0.403913
0 0.740097 0.366957 0.729469 0.368696 0.726570 0.372609 0.718841 0.376522 0.725604 0.384348 0.727536 0.393043 0.729469 0.395217 0.739130 0.399130 0.748792 0.400870 0.759420 0.400870 0.768116 0.399130 0.778744 0.395217 0.783575 0.388696 0.783575 0.383913 0.779710 0.379565 0.765217 0.372174 0.749758 0.367391
0 0.746860 0.350000 0.741063 0.356957 0.742029 0.366087 0.756522 0.369130 0.768116 0.373043 0.777778 0.378261 0.787440 0.378261 0.797101 0.373913 0.800000 0.369565 0.798068 0.363913 0.789372 0.357391 0.771014 0.350435
0 0.823188 0.371304 0.807729 0.372174 0.795169 0.376957 0.786473 0.386957 0.785507 0.398261 0.788406 0.400870 0.801932 0.402609 0.822222 0.401739 0.838647 0.396522 0.848309 0.389130 0.848309 0.384783 0.839614 0.376522 0.831884 0.373043
0 0.897585 0.415217 0.890821 0.420435 0.890821 0.428696 0.894686 0.432609 0.908213 0.437826 0.923671 0.437826 0.936232 0.436522 0.942995 0.432174 0.942995 0.426957 0.938164 0.421739 0.929469 0.416087 0.914976 0.413913 0.906280 0.413913
0 0.995169 0.414783 0.975845 0.423913 0.973913 0.428261 0.977778 0.433043 0.986473 0.433043 0.995169 0.435217 1.000000 0.435217 1.000000 0.414783
0 0.948792 0.396957 0.942995 0.397826 0.934300 0.402174 0.930435 0.408261 0.931401 0.416522 0.937198 0.422174 0.945894 0.426957 0.951691 0.427826 0.963285 0.427391 0.973913 0.424783 0.988406 0.417826 0.994203 0.412609 0.995169 0.407826 0.987440 0.401739 0.978744 0.399130 0.964251 0.396957
0 0.950725 0.372174 0.935266 0.376957 0.931401 0.379565 0.930435 0.384783 0.934300 0.391304 0.947826 0.396522 0.970048 0.396957 0.978744 0.392609 0.985507 0.381739 0.983575 0.376522 0.971014 0.371739
0 0.926570 0.352609 0.917874 0.353478 0.909179 0.357391 0.903382 0.365217 0.902415 0.373478 0.904348 0.378261 0.908213 0.380870 0.916908 0.381739 0.926570 0.381304 0.940097 0.374783 0.951691 0.372174 0.955556 0.369565 0.954589 0.363043 0.949758 0.359130 0.939130 0.354783
0 0.970048 0.341304 0.962319 0.352609 0.968116 0.365652 0.974879 0.371304 0.992271 0.377391 1.000000 0.377391 1.000000 0.340000
0 0.996329 0.847609 0.992271 0.850870 0.994686 0.856217 1.000000 0.857826 1.000000 0.846522
0 0.679227 0.956957 0.677295 0.958261 0.678261 0.963913 0.688792 0.966130 0.697778 0.964739 0.698551 0.960870 0.682802 0.956783
0 0.227053 0.998435 0.221643 0.997565 0.209662 0.995696 0.191498 0.996174 0.182609 0.997826 0.180483 0.998522 0.174879 1.000000 0.228019 0.999913
0 0.208696 0.845217 0.210628 0.849565 0.221256 0.852609 0.230918 0.851739 0.236715 0.846522 0.235749 0.844348 0.231884 0.843043 0.219324 0.843043
0 0.818357 0.338261 0.812560 0.339130 0.803865 0.345652 0.800966 0.351304 0.800966 0.359130 0.813527 0.368261 0.825121 0.369565 0.833816 0.368696 0.858937 0.363478 0.865700 0.358696 0.865700 0.353478 0.853140 0.345652 0.829952 0.339130
0 0.855072 0.364783 0.842512 0.369130 0.840580 0.372609 0.841546 0.376522 0.853140 0.387826 0.860870 0.390870 0.873430 0.393478 0.883092 0.392174 0.888889 0.389565 0.896618 0.383043 0.897585 0.377826 0.894686 0.373043 0.888889 0.368696 0.880193 0.366087 0.866667 0.364348
0 0.195169 0.982174 0.178744 0.975652 0.168116 0.975652 0.161353 0.977391 0.151691 0.983043 0.146860 0.991739 0.142995 0.993913 0.142995 1.000000 0.174300 0.999739 0.179903 0.998565 0.186860 0.996435 0.199034 0.990000 0.199034 0.985652
0 0.241546 0.972609 0.228986 0.973913 0.217391 0.978696 0.206763 0.985652 0.208696 0.991739 0.220290 0.996957 0.226667 0.998000 0.231208 0.998304 0.238937 0.998565 0.242512 0.997826 0.248309 0.997826 0.255072 0.995652 0.257971 0.991739 0.257971 0.987826 0.253140 0.978261
0 0.257971 0.995217 0.257971 1.000000 0.324638 1.000000 0.324638 0.997391 0.317874 0.993913 0.270531 0.991304 0.260870 0.992609
0 0.273430 0.978261 0.270531 0.982174 0.270531 0.986957 0.273430 0.990000 0.314976 0.993043 0.326570 0.992174 0.330435 0.990435 0.330435 0.986087 0.332560 0.982609 0.328502 0.978261 0.322705 0.973913 0.310145 0.970435 0.289855 0.971739 0.283092 0.973478
0 0.392271 0.982174 0.379710 0.978696 0.367150 0.978696 0.350725 0.981304 0.337198 0.989565 0.339130 0.994348 0.345894 0.998261 0.345894 1.000000 0.386473 1.000000 0.396135 0.986522
0 0.438647 0.982174 0.429952 0.980000 0.419324 0.979565 0.410628 0.980435 0.398068 0.985217 0.395169 0.991304 0.401932 1.000000 0.434783 1.000000 0.434783 0.998261 0.439614 0.996522 0.443478 0.991304 0.443478 0.985652
0 0.440580 0.997826 0.440580 1.000000 0.486957 1.000000 0.485990 0.993913 0.480193 0.990435 0.474396 0.988261 0.458937 0.985652 0.451208 0.987391
0 0.517874 0.967391 0.498551 0.970435 0.490821 0.973043 0.487923 0.977826 0.481159 0.982174 0.484058 0.991304 0.507246 0.996522 0.518841 0.994783 0.525604 0.990435 0.527536 0.973478 0.523671 0.969130
0 0.446377 0.954348 0.436715 0.957826 0.429952 0.963478 0.428019 0.970870 0.430918 0.976087 0.439614 0.980435 0.454106 0.983913 0.474396 0.981739 0.482126 0.979565 0.485990 0.976522 0.485990 0.970000 0.480193 0.963043 0.466667 0.956957 0.457005 0.954783
0 0.396135 0.948261 0.384541 0.950435 0.380676 0.953478 0.380676 0.958696 0.385507 0.965652 0.398068 0.972609 0.403865 0.973913 0.418357 0.973043 0.426087 0.970000 0.433816 0.959565 0.432850 0.955217 0.422222 0.949565 0.405797 0.947826
0 0.370048 0.953478 0.361353 0.952174 0.351691 0.952609 0.342995 0.954348 0.332367 0.959130 0.323671 0.965652 0.322705 0.970870 0.326570 0.973913 0.342995 0.977826 0.369082 0.976957 0.376812 0.974348 0.382609 0.967826 0.382609 0.961739 0.380676 0.958696
0 0.308213 0.937826 0.299517 0.942174 0.299517 0.949565 0.304348 0.952174 0.308213 0.956957 0.316908 0.958696 0.326570 0.958696 0.344928 0.952609 0.346860 0.946087 0.343961 0.943478 0.335266 0.940000 0.326570 0.938261
0 0.283092 0.945217 0.272464 0.946522 0.259903 0.950000 0.247343 0.958696 0.247343 0.963478 0.260870 0.971304 0.283092 0.972609 0.292754 0.970870 0.302415 0.967391 0.306280 0.963043 0.307246 0.958261 0.302415 0.952174
0 0.249275 0.942609 0.232850 0.937826 0.203865 0.938696 0.193237 0.943043 0.186473 0.948261 0.184541 0.955217 0.187440 0.958696 0.196135 0.963043 0.203865 0.965217 0.221256 0.965652 0.230918 0.963913 0.244444 0.958696 0.252174 0.951739 0.254106 0.946522
0 0.125604 0.943478 0.118841 0.946957 0.114976 0.950870 0.113043 0.960435 0.115942 0.963913 0.124638 0.967826 0.132367 0.969130 0.152657 0.969565 0.168116 0.966957 0.174879 0.959565 0.182609 0.956087 0.181643 0.947391 0.173913 0.944783 0.155556 0.942174 0.141063 0.942174
0 0.160386 0.912174 0.149758 0.914783 0.140097 0.919130 0.137198 0.923478 0.137198 0.928696 0.142995 0.933043 0.151691 0.936957 0.165217 0.938696 0.175845 0.942174 0.188406 0.943043 0.200000 0.938696 0.201932 0.936087 0.208502 0.931609 0.203092 0.923739 0.197101 0.919565 0.192271 0.916087 0.180676 0.912174 0.171014 0.911304
0 0.123671 0.889130 0.115942 0.891739 0.111111 0.898261 0.111111 0.901304 0.116908 0.907826 0.119807 0.920478 0.130531 0.919391 0.143961 0.916304 0.161353 0.908696 0.167150 0.903913 0.169082 0.900000 0.165217 0.893913 0.160386 0.890870 0.154589 0.889565 0.140097 0.888261
0 0.136232 0.876087 0.137198 0.879565 0.144928 0.884783 0.166184 0.891304 0.175845 0.892609 0.188406 0.892609 0.195169 0.890870 0.200966 0.887391 0.203865 0.881304 0.202899 0.876522 0.191304 0.871304 0.173913 0.869565 0.150725 0.869565
0 0.135266 0.847391 0.125604 0.847826 0.116908 0.851304 0.111111 0.861304 0.112077 0.869130 0.116908 0.873478 0.125604 0.876957 0.136232 0.874783 0.145894 0.869130 0.154589 0.867826 0.159420 0.865652 0.164251 0.859130 0.164251 0.856522 0.160386 0.853043 0.150725 0.849565
0 0.173913 0.853043 0.171981 0.856522 0.172947 0.861304 0.177778 0.864348 0.188406 0.867826 0.200000 0.868261 0.213527 0.866957 0.222222 0.863043 0.223188 0.853478 0.203865 0.847826 0.186473 0.848696
0 0.221256 0.872609 0.208696 0.878696 0.203865 0.883478 0.203865 0.885652 0.212560 0.892609 0.219324 0.894783 0.234783 0.896957 0.248309 0.897391 0.258937 0.895217 0.267633 0.889130 0.263768 0.880435 0.253140 0.875217 0.240580 0.872174 0.231401 0.870348
0 0.203865 0.897391 0.195169 0.899565 0.188406 0.903913 0.188406 0.908261 0.191304 0.912609 0.208696 0.920000 0.218357 0.920870 0.230918 0.920435 0.248309 0.910870 0.248309 0.902174 0.240580 0.897826 0.230918 0.896087 0.219324 0.895652
0 0.275266 0.917087 0.256039 0.917609 0.241546 0.923043 0.235749 0.926957 0.234783 0.931739 0.238647 0.937826 0.249275 0.940870 0.256039 0.944348 0.266667 0.944348 0.279227 0.940435 0.285990 0.936087 0.286957 0.931739 0.293720 0.927826 0.286957 0.921304
0 0.262802 0.896522 0.253140 0.900870 0.251208 0.903043 0.254106 0.912174 0.266667 0.916087 0.300483 0.918696 0.304348 0.916957 0.304348 0.915652 0.292754 0.903913 0.289855 0.897826 0.279227 0.895217 0.268599 0.895217
0 0.298551 0.891739 0.295652 0.892609 0.291787 0.898261 0.288889 0.899565 0.289855 0.903913 0.308213 0.914783 0.316908 0.914348 0.335266 0.900000 0.329469 0.896522 0.315942 0.894348 0.309179 0.891304
0 0.299517 0.923478 0.298551 0.932609 0.302415 0.935652 0.335266 0.936087 0.339130 0.934783 0.342029 0.932174 0.342029 0.926087 0.337198 0.922174 0.318841 0.920435 0.307246 0.920435
0 0.360386 0.919565 0.348889 0.923261 0.344251 0.925000 0.343961 0.927522 0.340097 0.934348 0.337198 0.935217 0.351691 0.946522 0.360386 0.949130 0.378744 0.949565 0.395169 0.947391 0.399034 0.945217 0.401932 0.940435 0.400966 0.935217 0.397101 0.931304 0.389372 0.929130 0.378744 0.922174 0.371981 0.919565
0 0.361353 0.898261 0.342995 0.900000 0.328502 0.907826 0.327536 0.912174 0.334300 0.918261 0.342995 0.921304 0.354589 0.921304 0.361353 0.919130 0.371981 0.917826 0.379710 0.912174 0.379710 0.908261 0.371981 0.903043
0 0.430918 0.910000 0.422222 0.908696 0.410628 0.909130 0.394976 0.910217 0.388696 0.912304 0.383575 0.915652 0.382415 0.921870 0.386957 0.926522 0.393237 0.927391 0.402899 0.929130 0.411884 0.931174 0.420290 0.930000 0.432850 0.929130 0.438647 0.926087 0.442512 0.920435 0.439614 0.914783
0 0.378744 0.880435 0.371981 0.882609 0.369082 0.885217 0.367150 0.889565 0.368116 0.896522 0.371981 0.900435 0.384541 0.907391 0.394203 0.908696 0.404831 0.908696 0.415459 0.906087 0.429952 0.896522 0.428986 0.892609 0.423188 0.888261 0.407729 0.881739 0.396135 0.879565
0 0.447343 0.890435 0.441546 0.892174 0.432850 0.897391 0.431884 0.908696 0.442512 0.913043 0.465700 0.914348 0.474396 0.912609 0.481159 0.908696 0.483092 0.900435 0.475362 0.895217 0.464734 0.890435
0 0.465700 0.917826 0.456039 0.918261 0.447343 0.921739 0.444444 0.925217 0.438647 0.927826 0.434783 0.931304 0.434783 0.936522 0.437681 0.940000 0.457005 0.941739 0.474396 0.939565 0.477295 0.935652 0.477295 0.927391 0.474396 0.921739
0 0.495652 0.910870 0.481159 0.913478 0.476329 0.921739 0.482126 0.931304 0.482126 0.939565 0.502415 0.941304 0.508213 0.940000 0.530435 0.930000 0.533333 0.927826 0.535266 0.922609 0.530435 0.916087 0.524638 0.913913 0.515942 0.912174
0 0.447343 0.947391 0.447343 0.952174 0.466667 0.956522 0.482126 0.963043 0.491787 0.962609 0.498551 0.960000 0.505314 0.951304 0.505314 0.946087 0.502415 0.943043 0.498551 0.941739 0.485990 0.940435 0.472464 0.940435 0.460870 0.942174
0 0.533333 0.940000 0.508213 0.946957 0.504348 0.956087 0.518841 0.965217 0.527536 0.966522 0.545894 0.966522 0.553623 0.963478 0.558454 0.956957 0.558454 0.953913 0.548792 0.943043 0.542029 0.940435
0 0.540097 0.967826 0.536232 0.968696 0.531401 0.974348 0.527536 0.987826 0.534300 0.996957 0.546860 0.997826 0.548019 0.997565 0.550242 0.997826 0.553623 0.997826 0.567150 0.996087 0.578744 0.991304 0.580676 0.985652 0.573913 0.980435 0.561353 0.973913 0.552657 0.971739 0.546860 0.968261
0 0.624155 0.978261 0.614493 0.976087 0.603865 0.976522 0.586473 0.981304 0.579710 0.992609 0.579710 0.995217 0.584541 0.998261 0.584541 1.000000 0.617295 1.000000 0.625121 0.998261 0.631884 0.996522 0.637681 0.990435 0.636715 0.986087 0.631884 0.981739
0 0.700483 0.967826 0.677295 0.967826 0.662802 0.972609 0.656039 0.977391 0.658937 0.984348 0.671498 0.992609 0.682126 0.995652 0.691787 0.995217 0.701449 0.992609 0.711111 0.987826 0.714976 0.983043 0.715942 0.974348 0.709179 0.969565
0 0.586473 0.949130 0.569082 0.950870 0.562319 0.953913 0.556522 0.958261 0.555556 0.967391 0.569082 0.975217 0.588406 0.977826 0.607729 0.974783 0.616425 0.967391 0.617391 0.962609 0.613527 0.957391 0.605797 0.953478
0 0.682126 0.997826 0.682126 1.000000 0.720773 1.000000 0.720773 0.997826 0.710145 0.995217 0.701449 0.994348 0.686957 0.995217
0 0.741063 0.997826 0.741063 1.000000 0.781643 1.000000 0.777005 0.998348 0.764251 0.994783 0.750725 0.994783 0.744928 0.995652
0 0.777778 0.975652 0.760386 0.984348 0.761353 0.993913 0.767150 0.996522 0.774879 0.997826 0.780676 0.999652 0.808116 0.999652 0.812560 0.998261 0.820290 0.996087 0.824155 0.991739 0.824155 0.984783 0.819324 0.978261 0.811594 0.974783 0.804831 0.973478 0.791304 0.973478
0 0.907246 0.981304 0.903382 0.979565 0.893720 0.977826 0.881159 0.976957 0.856039 0.980435 0.850242 0.982174 0.843478 0.988261 0.843478 0.995652 0.846377 1.000000 0.897585 1.000000 0.897585 0.998261 0.906280 0.990435
0 0.931498 0.992261 0.935266 1.000000 0.985990 1.000000 0.989372 0.998261 0.995169 0.994348 0.992271 0.988261 0.983575 0.984348 0.971014 0.981739 0.955556 0.981304 0.936522 0.983696
0 0.994203 0.958696 0.984541 0.960870 0.977778 0.964348 0.973913 0.969565 0.973913 0.975652 0.978744 0.981304 0.994203 0.986957 1.000000 0.986957 1.000000 0.958696
0 0.995169 0.941304 0.988406 0.947826 0.995169 0.959130 1.000000 0.959130 1.000000 0.941304
0 0.995169 0.913478 0.985507 0.925217 0.985507 0.929130 0.991304 0.935217 0.995169 0.937391 1.000000 0.937391 1.000000 0.913478
0 0.994203 0.881739 0.984541 0.885652 0.979710 0.893478 0.986473 0.903043 0.995169 0.909130 1.000000 0.909130 1.000000 0.881739
0 0.978744 0.894783 0.960386 0.888696 0.944928 0.886957 0.934300 0.888696 0.925604 0.891739 0.918841 0.896087 0.921739 0.900435 0.921739 0.909565 0.925604 0.913478 0.956522 0.913043 0.973913 0.908261 0.982609 0.901739
0 0.952657 0.914348 0.928502 0.915217 0.919807 0.919130 0.915942 0.922609 0.914976 0.927826 0.919807 0.935652 0.924638 0.940000 0.932367 0.942609 0.943961 0.943043 0.960386 0.939565 0.975845 0.931739 0.979710 0.927826 0.978744 0.923478 0.975845 0.921304
0 0.899517 0.916957 0.869565 0.916957 0.859903 0.920435 0.857005 0.923478 0.856039 0.930435 0.861836 0.941304 0.870531 0.945652 0.882126 0.948261 0.890821 0.946522 0.898551 0.943478 0.908213 0.934783 0.911111 0.928696 0.910145 0.922609 0.908213 0.920000
0 0.823188 0.953043 0.816425 0.959130 0.816425 0.963478 0.822222 0.969565 0.829952 0.971739 0.844444 0.972174 0.855072 0.970870 0.865700 0.966957 0.868599 0.963913 0.869565 0.958696 0.862802 0.953043 0.857005 0.951739 0.833816 0.951739
0 0.834783 0.922174 0.825121 0.922609 0.813527 0.925217 0.802899 0.931739 0.803865 0.937391 0.813527 0.947826 0.820290 0.950435 0.829952 0.951304 0.843478 0.949565 0.853140 0.944783 0.858937 0.939565 0.857005 0.932174 0.852174 0.926087 0.845411 0.923478
0 0.800000 0.934783 0.797101 0.933478 0.779710 0.933478 0.748792 0.938261 0.735266 0.942609 0.732367 0.947391 0.740097 0.953478 0.747826 0.955652 0.768116 0.957826 0.787440 0.957391 0.797101 0.953913 0.802899 0.946957 0.802899 0.940870
0 0.734300 0.953913 0.724638 0.962609 0.725604 0.974783 0.734300 0.980435 0.739130 0.981739 0.754589 0.982174 0.760386 0.981304 0.778744 0.974783 0.780676 0.969565 0.779710 0.964348 0.770048 0.959130 0.757488 0.955652
0 0.694686 0.938696 0.682126 0.942174 0.678261 0.947826 0.681159 0.955217 0.687923 0.957826 0.700483 0.960435 0.723671 0.951304 0.728502 0.946522 0.725604 0.943043 0.719807 0.941304 0.702415 0.938696
0 0.642512 0.940435 0.635749 0.941304 0.622222 0.946087 0.617391 0.949565 0.614493 0.955652 0.618357 0.961304 0.632850 0.968696 0.639614 0.970435 0.650242 0.970870 0.663768 0.968696 0.674396 0.963478 0.678261 0.956522 0.678261 0.950000 0.675362 0.946087 0.663768 0.941304
0 0.632850 0.926957 0.618357 0.923478 0.601932 0.923043 0.595169 0.924783 0.586473 0.930435 0.582609 0.940870 0.586473 0.947391 0.595169 0.949130 0.605797 0.948696 0.620290 0.946087 0.627053 0.943478 0.629952 0.940870 0.637681 0.938261 0.639614 0.936087 0.639614 0.930435
0 0.607729 0.911739 0.597101 0.909130 0.586473 0.909130 0.571981 0.910870 0.550725 0.910000 0.543961 0.911739 0.536232 0.915652 0.535266 0.920435 0.539130 0.927826 0.544928 0.932609 0.550725 0.934348 0.564251 0.934348 0.581643 0.930870 0.601932 0.920870 0.607729 0.916522
0 0.607729 0.888696 0.601932 0.887391 0.584541 0.886957 0.571981 0.888261 0.560386 0.891739 0.548792 0.896957 0.547826 0.904348 0.551691 0.907391 0.560386 0.910435 0.571014 0.910870 0.587440 0.908696 0.601932 0.904783 0.605797 0.903043 0.608696 0.899130 0.609662 0.890870
0 0.486957 0.885652 0.483092 0.889130 0.483092 0.897391 0.499517 0.909565 0.516908 0.911739 0.526570 0.910870 0.535266 0.908261 0.544928 0.901739 0.545894 0.899130 0.544928 0.896087 0.529469 0.887826 0.517874 0.884348 0.505314 0.884348 0.497778 0.883304 0.489855 0.884783
0 0.648309 0.893913 0.631884 0.895652 0.620290 0.900000 0.616425 0.903478 0.615459 0.913043 0.625121 0.917826 0.637681 0.920870 0.651208 0.920870 0.657971 0.919565 0.663768 0.916957 0.667633 0.913043 0.667633 0.903913 0.665700 0.900870 0.659903 0.896087
0 0.680193 0.910870 0.671498 0.914783 0.669565 0.917391 0.671498 0.928261 0.676329 0.932609 0.682126 0.935217 0.690821 0.936522 0.703382 0.936087 0.715942 0.933913 0.722705 0.930435 0.728502 0.923913 0.728502 0.918261 0.725604 0.915652 0.718841 0.912174 0.708213 0.909565 0.689855 0.909130
0 0.761353 0.906522 0.751691 0.906957 0.742995 0.910000 0.733333 0.918261 0.730435 0.923478 0.731401 0.928261 0.742029 0.933913 0.751691 0.934783 0.769082 0.934348 0.776812 0.932609 0.781643 0.929130 0.782609 0.923043 0.778744 0.912174 0.771981 0.908696
0 0.840580 0.889565 0.818357 0.891739 0.814493 0.896087 0.815459 0.908261 0.821256 0.913913 0.829952 0.916957 0.851208 0.915217 0.870531 0.908696 0.872464 0.905217 0.872464 0.899565 0.870531 0.897391 0.859903 0.893478
0 0.885024 0.889565 0.879227 0.891739 0.875362 0.896522 0.874396 0.909130 0.880193 0.913913 0.890821 0.915217 0.899517 0.914783 0.917874 0.908696 0.919807 0.904783 0.917874 0.897826 0.909179 0.893478 0.893720 0.889565
0 0.797101 0.878261 0.785507 0.878261 0.772947 0.880000 0.753623 0.886957 0.746860 0.888261 0.742995 0.890870 0.742995 0.893478 0.760386 0.899565 0.778744 0.903478 0.786473 0.904348 0.796135 0.903478 0.812560 0.896957 0.813527 0.895217 0.810628 0.884783 0.805797 0.880870
0 0.706280 0.870000 0.690821 0.873478 0.682126 0.883478 0.682126 0.888261 0.686957 0.892609 0.696618 0.896522 0.718841 0.897826 0.741063 0.893043 0.743961 0.887391 0.742995 0.880435 0.737198 0.875652 0.727536 0.872174 0.717874 0.870000
0 0.882126 0.864348 0.876329 0.863478 0.856039 0.863913 0.838647 0.867826 0.826087 0.876522 0.826087 0.880870 0.844444 0.888261 0.855072 0.890435 0.870531 0.890435 0.883092 0.888696 0.888889 0.884783 0.890821 0.881304 0.890821 0.873913 0.887923 0.868261
0 0.943961 0.872609 0.926570 0.870000 0.904348 0.870870 0.898551 0.874783 0.894686 0.881304 0.894686 0.885652 0.897585 0.889565 0.905314 0.892174 0.917874 0.893043 0.940097 0.887391 0.944928 0.885217 0.948792 0.880870 0.948792 0.876087
0 0.960386 0.857826 0.955556 0.860000 0.950725 0.866522 0.949758 0.873913 0.951691 0.877826 0.959420 0.878696 0.970048 0.880522 0.982609 0.880435 1.000000 0.880870 1.000000 0.858261 0.979710 0.856522 0.967150 0.856522
0 0.978744 0.824348 0.969082 0.823913 0.959420 0.825217 0.947826 0.828261 0.938164 0.833478 0.936232 0.837826 0.938164 0.846522 0.942995 0.850870 0.948792 0.853043 0.960386 0.854783 0.968116 0.854783 1.000000 0.845348 0.998551 0.836652 0.995169 0.831739 0.987440 0.826087
0 0.902415 0.839130 0.891787 0.841304 0.876329 0.848696 0.875362 0.858261 0.880193 0.862609 0.889855 0.866522 0.905314 0.869130 0.918841 0.869130 0.926570 0.867826 0.939130 0.862174 0.942029 0.853043 0.935266 0.846087 0.917874 0.839565
0 0.842512 0.836522 0.827053 0.837826 0.817391 0.843043 0.810628 0.850870 0.811594 0.856522 0.815459 0.861739 0.828986 0.865652 0.837681 0.866522 0.854106 0.863478 0.864734 0.858261 0.869565 0.854348 0.868599 0.850000 0.858937 0.841739 0.848309 0.837391
0 0.747826 0.849130 0.731401 0.855652 0.725604 0.860870 0.727536 0.865217 0.751691 0.874348 0.760386 0.875652 0.771981 0.875652 0.778744 0.874348 0.785507 0.870435 0.789372 0.866087 0.790338 0.857391 0.787440 0.853478 0.778744 0.849130 0.771014 0.847826 0.759420 0.847826
0 0.621256 0.867826 0.614493 0.872174 0.610628 0.876957 0.612560 0.885652 0.616425 0.889565 0.621256 0.891739 0.629952 0.893478 0.640580 0.892609 0.646377 0.891304 0.661836 0.883913 0.665700 0.880435 0.665700 0.876087 0.659903 0.871739 0.654106 0.870000 0.639614 0.867826
0 0.646377 0.839565 0.638647 0.842609 0.633816 0.848696 0.633816 0.859130 0.637681 0.863913 0.645411 0.868261 0.654106 0.869565 0.674396 0.868261 0.681159 0.866957 0.689855 0.863478 0.696618 0.857826 0.695652 0.853478 0.687923 0.848261 0.675362 0.843043 0.659903 0.839565
0 0.558454 0.859130 0.553623 0.861739 0.551691 0.866087 0.553623 0.869565 0.562319 0.873913 0.586473 0.878261 0.596135 0.878261 0.613527 0.872609 0.618357 0.864348 0.613527 0.858696 0.608696 0.857391 0.590338 0.855217 0.579710 0.855217 0.568116 0.856522
0 0.668599 0.818261 0.657005 0.822609 0.650725 0.823826 0.647343 0.826957 0.647343 0.831739 0.657971 0.837391 0.671498 0.842174 0.685024 0.845217 0.700483 0.846087 0.709179 0.843478 0.714976 0.839130 0.718841 0.833043 0.718841 0.824783 0.702415 0.818261 0.692754 0.816522
0 0.727536 0.821739 0.723671 0.824783 0.723671 0.827391 0.728502 0.834348 0.734300 0.839130 0.744928 0.843478 0.753623 0.845217 0.770048 0.846522 0.784541 0.844348 0.794203 0.839565 0.800000 0.832174 0.800000 0.826522 0.794203 0.822174 0.786473 0.819130 0.769082 0.816087 0.758454 0.816087
0 0.877295 0.809565 0.863768 0.809565 0.858937 0.810870 0.853140 0.813913 0.844444 0.823043 0.843478 0.827826 0.846377 0.833913 0.851208 0.837826 0.856039 0.839565 0.870531 0.840000 0.885024 0.838261 0.893720 0.836087 0.902415 0.832174 0.909179 0.826522 0.910145 0.821304 0.907246 0.817826 0.890821 0.811304
0 0.943961 0.794783 0.928502 0.793043 0.915942 0.793043 0.898551 0.798261 0.894686 0.802174 0.894686 0.811304 0.908213 0.817826 0.917874 0.817391 0.926570 0.815652 0.942995 0.806957 0.944928 0.803043
0 1.000000 0.794783 0.989372 0.795652 0.980676 0.798696 0.978744 0.803913 0.980676 0.810870 0.974879 0.817391 0.976812 0.819130 1.000000 0.819130
0 0.836715 0.805652 0.830918 0.804783 0.810628 0.804783 0.801932 0.806957 0.793237 0.810870 0.791304 0.815652 0.794203 0.820870 0.812560 0.830435 0.823188 0.829565 0.836715 0.826522 0.848309 0.819565 0.850242 0.814348 0.842512 0.807826
0 0.757488 0.794783 0.756522 0.799130 0.768116 0.806957 0.784541 0.808696 0.796135 0.808261 0.800000 0.806957 0.802899 0.803043 0.802899 0.799130 0.806763 0.797391 0.807729 0.794783 0.797101 0.790000 0.788406 0.788696 0.780676 0.789130 0.770048 0.790870
0 0.743961 0.793043 0.737198 0.792174 0.725604 0.792609 0.709179 0.796522 0.697585 0.797391 0.689855 0.803043 0.688889 0.807391 0.691787 0.813043 0.697585 0.815652 0.717874 0.820435 0.727536 0.820435 0.735266 0.819130 0.743961 0.813913 0.749758 0.806957 0.750725 0.798261
0 0.639614 0.802174 0.621256 0.801304 0.609662 0.806522 0.604638 0.814739 0.604251 0.820043 0.604251 0.823957 0.605797 0.826522 0.612560 0.829565 0.622222 0.829130 0.647343 0.823913 0.658937 0.816957 0.659903 0.813913 0.657005 0.809130 0.652174 0.806087
0 0.560386 0.805217 0.549758 0.813043 0.548792 0.819130 0.550725 0.824783 0.558454 0.830000 0.569082 0.834348 0.580676 0.834348 0.597101 0.830435 0.601932 0.826087 0.599034 0.810000 0.592271 0.807826 0.573913 0.805652 0.570048 0.804348
0 0.501449 0.822609 0.494686 0.824783 0.490821 0.829565 0.492754 0.840435 0.508213 0.852174 0.523671 0.854348 0.535266 0.853043 0.547826 0.847826 0.554589 0.841304 0.555556 0.833913 0.551691 0.828261 0.545894 0.824783 0.535266 0.822174 0.513043 0.821304
0 0.508213 0.853478 0.485024 0.860870 0.480193 0.866957 0.482126 0.873043 0.489855 0.878261 0.502415 0.881739 0.523671 0.883913 0.535266 0.883043 0.539130 0.880870 0.541063 0.876957 0.542029 0.868696 0.540097 0.864348 0.535266 0.860435 0.525604 0.856087 0.518841 0.854348
0 0.440580 0.837826 0.434783 0.843478 0.435749 0.850000 0.443478 0.855652 0.464734 0.862609 0.479227 0.860000 0.487923 0.855652 0.491304 0.852870 0.497198 0.847304 0.488889 0.839565 0.481159 0.836957 0.470531 0.835652 0.457005 0.835652
0 0.449275 0.858696 0.441546 0.860000 0.425121 0.868696 0.419324 0.876087 0.420290 0.880435 0.425121 0.884783 0.437681 0.889130 0.452174 0.889130 0.465700 0.886522 0.474396 0.881739 0.475362 0.879565 0.474396 0.873043 0.466667 0.864348 0.457005 0.860000
0 0.377778 0.856087 0.369082 0.859565 0.368116 0.862174 0.377778 0.873043 0.386473 0.876522 0.396135 0.876522 0.410628 0.873478 0.419324 0.870000 0.419324 0.861304 0.411594 0.857391 0.387440 0.855217
0 0.393237 0.833478 0.386473 0.837391 0.385507 0.846957 0.388406 0.851304 0.393237 0.853478 0.403865 0.854783 0.422222 0.853043 0.430918 0.850000 0.430918 0.844348 0.414493 0.833478 0.405797 0.832174
0 0.332367 0.833913 0.332367 0.838696 0.355556 0.849565 0.359420 0.850435 0.373913 0.850435 0.383575 0.847826 0.383575 0.836522 0.381643 0.833913 0.371981 0.829565 0.361353 0.828696 0.352657 0.829130
0 0.342995 0.850435 0.326570 0.860000 0.325604 0.865217 0.342995 0.872609 0.350725 0.874348 0.361353 0.874348 0.366184 0.869130 0.361353 0.856087 0.354589 0.851304
0 0.333333 0.875652 0.322705 0.879565 0.316329 0.881261 0.316908 0.884348 0.318841 0.888696 0.325604 0.893478 0.332367 0.894348 0.342029 0.897391 0.352657 0.897391 0.362319 0.892609 0.365217 0.885217 0.364251 0.880435 0.361353 0.878261 0.353623 0.876087 0.346860 0.875217
0 0.271498 0.871304 0.263768 0.876087 0.263768 0.877826 0.268599 0.883913 0.274396 0.887391 0.289855 0.890000 0.301449 0.890000 0.311111 0.887391 0.315942 0.879130 0.314010 0.872609 0.301449 0.870435 0.283092 0.869565
0 0.240580 0.847826 0.228019 0.853043 0.225121 0.857391 0.225121 0.862174 0.232850 0.865217 0.238647 0.871304 0.248309 0.872609 0.254106 0.870870 0.266667 0.863478 0.270531 0.858696 0.270531 0.854348 0.266667 0.851304 0.258937 0.848696
0 0.320773 0.841304 0.301449 0.841739 0.286957 0.847826 0.272464 0.860870 0.284058 0.866522 0.299517 0.869130 0.309179 0.869130 0.321739 0.863913 0.328502 0.857826 0.330435 0.853043 0.325604 0.843913
0 0.256039 0.824348 0.241546 0.830870 0.237681 0.834783 0.236715 0.840870 0.240580 0.845652 0.244444 0.846957 0.268599 0.848261 0.283092 0.847391 0.293720 0.844783 0.301449 0.840000 0.301449 0.833043 0.299517 0.830870 0.274396 0.823913 0.262802 0.823478
0 0.186473 0.816957 0.178744 0.821739 0.175845 0.827391 0.176812 0.833478 0.182609 0.839565 0.192271 0.842609 0.201932 0.843913 0.218357 0.843043 0.229952 0.840435 0.233816 0.838696 0.240580 0.830870 0.238647 0.825652 0.232850 0.820870 0.207729 0.815217 0.194203 0.815217
0 0.151691 0.824783 0.144928 0.827826 0.134300 0.837826 0.134300 0.842174 0.136232 0.844783 0.141063 0.846957 0.150725 0.848696 0.163285 0.848696 0.172947 0.846957 0.175845 0.845217 0.177778 0.841304 0.175845 0.829565 0.166184 0.826087
0 0.138164 0.815652 0.115942 0.813478 0.099517 0.814348 0.087923 0.817826 0.085024 0.820870 0.085024 0.827826 0.091787 0.836522 0.098551 0.839565 0.108213 0.841304 0.120773 0.841304 0.130435 0.840000 0.135266 0.837826 0.147826 0.826522 0.146860 0.820435
0 0.125604 0.793913 0.114976 0.802174 0.116908 0.807826 0.125604 0.811739 0.133333 0.813043 0.142029 0.812174 0.152657 0.812609 0.161353 0.811304 0.160386 0.806957 0.152657 0.800435 0.135266 0.794783
0 0.187440 0.781304 0.165217 0.784783 0.158454 0.787826 0.154589 0.791304 0.153623 0.799130 0.160386 0.805217 0.168116 0.808261 0.184541 0.808261 0.199034 0.805652 0.205797 0.803043 0.211594 0.797826 0.212560 0.790870 0.210628 0.789130 0.199034 0.783913
0 0.257005 0.786087 0.245411 0.785217 0.228019 0.790435 0.214493 0.803913 0.212560 0.814783 0.228986 0.818261 0.248309 0.817391 0.271498 0.807826 0.280193 0.801739 0.280193 0.794783 0.269565 0.789565
0 0.289855 0.800435 0.278261 0.803043 0.274396 0.806087 0.270531 0.813478 0.270531 0.821739 0.277295 0.825217 0.290821 0.828696 0.302415 0.828696 0.312077 0.825217 0.313043 0.821739 0.324638 0.810435 0.325604 0.806522 0.319807 0.802174 0.315942 0.801304
0 0.353623 0.808696 0.342029 0.806957 0.327536 0.808696 0.322705 0.810870 0.313043 0.822174 0.313043 0.826957 0.321739 0.831739 0.335266 0.832174 0.347826 0.829565 0.353623 0.826957 0.361353 0.818696 0.358454 0.811739
0 0.385507 0.800000 0.369082 0.803913 0.364251 0.806087 0.360386 0.810435 0.361353 0.814783 0.364251 0.818696 0.380676 0.827826 0.387440 0.829130 0.397101 0.829130 0.405797 0.826087 0.417391 0.817391 0.422222 0.812174 0.424155 0.806522 0.421256 0.803478 0.414493 0.801739 0.404831 0.800435
0 0.437681 0.799130 0.428019 0.802174 0.428019 0.805652 0.423188 0.809565 0.423188 0.814348 0.426087 0.823043 0.429952 0.826522 0.441546 0.827826 0.457005 0.826522 0.464734 0.824348 0.468599 0.822174 0.469565 0.817826 0.465700 0.814348 0.449275 0.806957 0.445411 0.801304 0.440580 0.799130
0 0.330435 0.790000 0.331401 0.798696 0.350725 0.804348 0.371981 0.802609 0.393237 0.795217 0.394203 0.790870 0.388406 0.788261 0.370048 0.786087 0.355556 0.783043 0.342995 0.783043 0.333333 0.786522
0 0.273430 0.780870 0.272464 0.787826 0.283092 0.795217 0.299517 0.799565 0.319807 0.800000 0.323671 0.799130 0.326570 0.791304 0.329469 0.788696 0.329469 0.783478 0.326570 0.780870 0.312077 0.777826 0.282126 0.778261
0 0.177778 0.763043 0.174879 0.767826 0.180676 0.776087 0.188406 0.780870 0.199034 0.783478 0.210628 0.788261 0.223188 0.789565 0.230918 0.788261 0.243478 0.783913 0.247343 0.779565 0.247343 0.774783 0.242512 0.770435 0.233816 0.766957 0.204831 0.760000 0.189372 0.760435
0 0.134300 0.760000 0.117874 0.763913 0.108213 0.767826 0.102415 0.773043 0.102415 0.779565 0.106280 0.782609 0.122705 0.789130 0.152657 0.789130 0.161353 0.785652 0.167150 0.775652 0.166184 0.771739 0.161353 0.765217 0.154589 0.761739
0 0.523671 0.804348 0.509179 0.799130 0.499517 0.800000 0.469565 0.806957 0.465700 0.810000 0.467633 0.814783 0.473430 0.817391 0.489855 0.820000 0.507246 0.819565 0.520773 0.815652 0.526570 0.811739
0 0.494686 0.782174 0.485990 0.780435 0.479227 0.780435 0.472464 0.781739 0.463768 0.786087 0.453140 0.794348 0.452174 0.799130 0.457971 0.803478 0.464734 0.805217 0.475362 0.805217 0.484058 0.803043 0.492271 0.800478 0.495652 0.799565 0.504348 0.798696 0.508213 0.794783 0.504348 0.791304 0.503382 0.786957
0 0.418357 0.774783 0.408696 0.779130 0.405797 0.781739 0.405797 0.788696 0.409662 0.790435 0.421256 0.792174 0.437681 0.796957 0.448309 0.796522 0.463768 0.784783 0.463768 0.781739 0.459903 0.777391 0.454106 0.775217 0.432850 0.773043
0 0.377778 0.756522 0.361353 0.760000 0.355556 0.762609 0.352657 0.766957 0.352657 0.772174 0.357488 0.777391 0.367150 0.782174 0.384541 0.785652 0.397101 0.785217 0.402899 0.783043 0.412560 0.776087 0.412560 0.768696 0.409662 0.763478 0.405797 0.760435 0.387440 0.756522
0 0.517874 0.782609 0.510145 0.786522 0.508213 0.789565 0.514010 0.799130 0.529469 0.806087 0.542029 0.807391 0.547826 0.806957 0.558454 0.803043 0.562319 0.799565 0.558454 0.790435 0.540097 0.782174 0.528502 0.781739
0 0.300483 0.754348 0.289855 0.755652 0.278261 0.759565 0.256039 0.764783 0.248309 0.770870 0.250242 0.774348 0.264734 0.779130 0.274396 0.777391 0.291787 0.767826 0.300483 0.758261
0 0.354589 0.751304 0.331401 0.748696 0.312077 0.751739 0.307246 0.754348 0.298551 0.763478 0.299517 0.767826 0.305314 0.771739 0.310145 0.773478 0.324638 0.775652 0.332367 0.775652 0.339130 0.773913 0.346860 0.770000 0.353623 0.763478 0.356522 0.757391
0 0.237681 0.738696 0.222222 0.741304 0.214493 0.744348 0.210628 0.748261 0.209662 0.752174 0.210628 0.757391 0.213527 0.760000 0.225121 0.764348 0.240580 0.765652 0.256039 0.763913 0.273430 0.760000 0.278261 0.755652 0.273430 0.753478 0.265700 0.745217 0.259903 0.742609
0 0.201932 0.751304 0.197101 0.750435 0.186473 0.750870 0.174879 0.750000 0.160386 0.752174 0.155556 0.756087 0.155556 0.760000 0.169082 0.770435 0.174879 0.763913 0.179710 0.761304 0.191304 0.760000 0.207729 0.756087
0 0.125604 0.731739 0.116908 0.736087 0.114976 0.739130 0.115942 0.752609 0.118841 0.756087 0.124638 0.757826 0.134300 0.757826 0.152657 0.753913 0.161353 0.749565 0.164251 0.745217 0.163285 0.740000 0.157488 0.736087 0.150725 0.733913
0 0.180676 0.721739 0.165217 0.727826 0.163285 0.735217 0.165217 0.740435 0.172947 0.746087 0.184541 0.749565 0.199034 0.749130 0.207729 0.747391 0.220290 0.740435 0.222222 0.736957 0.221256 0.732174 0.210628 0.725217 0.197101 0.721739
0 0.130435 0.697391 0.121739 0.700435 0.116908 0.705217 0.115942 0.710870 0.119807 0.720870 0.127536 0.724783 0.153623 0.724783 0.159420 0.723043 0.162319 0.720435 0.173913 0.717391 0.173913 0.711739 0.152657 0.699565 0.143961 0.696957
0 0.186473 0.706087 0.175845 0.712609 0.181643 0.717826 0.189372 0.720870 0.196135 0.721304 0.212560 0.725652 0.222222 0.723478 0.225121 0.716522 0.222222 0.707826 0.218357 0.704783 0.203865 0.703478
0 0.285024 0.716957 0.276329 0.715217 0.264734 0.714783 0.234783 0.717391 0.225121 0.720435 0.226087 0.729565 0.242512 0.736522 0.263768 0.736522 0.281159 0.729565 0.285990 0.725652 0.288889 0.719565
0 0.265700 0.740000 0.266667 0.745217 0.279227 0.750435 0.288889 0.751739 0.316908 0.750000 0.324638 0.747826 0.328502 0.744348 0.314976 0.733913 0.302415 0.729565 0.289855 0.729565 0.282126 0.730870
0 0.361353 0.719565 0.345894 0.720435 0.332367 0.723913 0.325604 0.726522 0.322705 0.732174 0.322705 0.736522 0.326570 0.740435 0.340097 0.745217 0.354589 0.746957 0.362319 0.746957 0.375845 0.744783 0.381643 0.741304 0.384541 0.737391 0.382609 0.733043 0.383575 0.727826 0.380676 0.724348 0.371981 0.720870
0 0.335266 0.692609 0.324638 0.692174 0.313043 0.694348 0.297585 0.703478 0.292754 0.708261 0.289855 0.716087 0.297585 0.721304 0.315942 0.723913 0.326570 0.723913 0.352657 0.718696 0.358454 0.716087 0.363285 0.709130 0.362319 0.704783 0.350725 0.697826
0 0.247343 0.686522 0.231884 0.692174 0.225121 0.697391 0.222222 0.703478 0.225121 0.711739 0.229952 0.713913 0.236715 0.714783 0.275362 0.713913 0.279227 0.711739 0.279227 0.704783 0.273430 0.693478 0.264734 0.688261
0 0.422222 0.732609 0.411594 0.733913 0.391304 0.739130 0.383575 0.742174 0.377778 0.747391 0.379710 0.751739 0.382609 0.753478 0.402899 0.758261 0.412560 0.757826 0.417391 0.756522 0.423188 0.748261 0.426087 0.738261 0.425121 0.734348
0 0.438647 0.740000 0.421256 0.753913 0.419324 0.761739 0.423188 0.767826 0.428986 0.771739 0.442512 0.773913 0.457005 0.773913 0.463768 0.772174 0.469565 0.767826 0.473430 0.761739 0.472464 0.755652 0.465700 0.748261 0.455072 0.743478
0 0.482126 0.750000 0.477295 0.751739 0.475362 0.755217 0.477295 0.768261 0.482126 0.774783 0.498551 0.777826 0.517874 0.776522 0.520773 0.775217 0.522705 0.766957 0.520773 0.761304 0.508213 0.753043 0.503382 0.751739
0 0.576812 0.757826 0.551691 0.757826 0.538164 0.762174 0.532367 0.766087 0.531401 0.772174 0.536232 0.779130 0.541063 0.782174 0.551691 0.785217 0.571981 0.783043 0.589372 0.777391 0.592271 0.772174 0.592271 0.766522 0.589372 0.763478
0 0.553623 0.731304 0.530435 0.735652 0.516908 0.736087 0.506280 0.740000 0.508213 0.750000 0.522705 0.756957 0.534300 0.759130 0.545894 0.758696 0.550725 0.756522 0.556522 0.745217 0.555556 0.739130 0.557488 0.736087 0.556522 0.732609
0 0.456039 0.727826 0.442512 0.733478 0.439614 0.736087 0.440580 0.739130 0.457971 0.744348 0.465700 0.747826 0.467633 0.750000 0.474396 0.751739 0.491787 0.746522 0.501449 0.740435 0.501449 0.736087 0.487923 0.729565 0.468599 0.727391
0 0.368116 0.707391 0.364251 0.711739 0.363285 0.716957 0.368116 0.719565 0.375845 0.720870 0.391304 0.729565 0.401932 0.731304 0.415459 0.731304 0.427053 0.729130 0.436715 0.720870 0.435749 0.713043 0.428986 0.707391 0.413527 0.704783 0.393237 0.705217 0.379710 0.707826
0 0.480193 0.698696 0.470531 0.698696 0.457971 0.700870 0.450242 0.705217 0.443478 0.712609 0.439614 0.720870 0.461836 0.726522 0.479227 0.726957 0.484058 0.725217 0.486957 0.721739 0.487923 0.707826 0.484058 0.700435
0 0.495652 0.705652 0.487923 0.711304 0.486957 0.719130 0.492754 0.728261 0.503382 0.732609 0.506280 0.736522 0.509179 0.736957 0.529469 0.734348 0.542995 0.730870 0.546860 0.729130 0.550725 0.724348 0.547826 0.716957 0.542029 0.712609 0.526570 0.706957 0.502415 0.704783
0 0.583575 0.730000 0.568116 0.730435 0.559420 0.734348 0.558454 0.750000 0.563285 0.755652 0.566184 0.756522 0.578744 0.757391 0.594203 0.753478 0.602899 0.750435 0.612560 0.744348 0.613527 0.739565 0.610628 0.736957 0.596135 0.731739
0 0.622222 0.742609 0.615459 0.743478 0.604831 0.747826 0.600000 0.752174 0.593237 0.763043 0.595169 0.769130 0.599034 0.771739 0.603865 0.772609 0.618357 0.772609 0.639614 0.769130 0.646377 0.764348 0.647343 0.756522 0.645411 0.753478 0.634783 0.746957
0 0.602899 0.778261 0.595169 0.777826 0.583575 0.779565 0.573913 0.782609 0.566184 0.786957 0.563285 0.790435 0.564251 0.798696 0.568116 0.801304 0.579710 0.804348 0.588406 0.805217 0.603865 0.804783 0.615459 0.802609 0.625121 0.799130 0.626087 0.793043 0.622222 0.785652 0.617391 0.782174
0 0.639614 0.770870 0.628019 0.774348 0.623188 0.779565 0.623188 0.787391 0.628019 0.793913 0.635749 0.798261 0.644444 0.800000 0.666667 0.800000 0.673430 0.798696 0.686957 0.791304 0.687923 0.786522 0.679227 0.778261 0.667633 0.773478 0.654106 0.770870
0 0.717874 0.768261 0.706280 0.767826 0.696618 0.770000 0.691787 0.772174 0.687923 0.776087 0.687923 0.783043 0.699517 0.796522 0.708213 0.796087 0.720773 0.793478 0.733333 0.787391 0.737198 0.778696 0.734300 0.775652
0 0.770048 0.769565 0.758454 0.770000 0.742029 0.779130 0.738164 0.784348 0.738164 0.787391 0.750725 0.791739 0.763285 0.791304 0.778744 0.785652 0.780676 0.780435 0.779710 0.775652
0 0.789372 0.767391 0.784541 0.775217 0.784541 0.780000 0.787440 0.784348 0.793237 0.788261 0.802899 0.790000 0.824155 0.789130 0.843478 0.784348 0.844444 0.781739 0.841546 0.777391 0.837681 0.774348 0.824155 0.768261 0.809662 0.765217 0.798068 0.765217
0 0.851208 0.778696 0.845411 0.782174 0.847343 0.791304 0.859903 0.799565 0.864734 0.801304 0.875362 0.801739 0.883092 0.799130 0.894686 0.792174 0.899517 0.787391 0.898551 0.785217 0.894686 0.783043 0.874396 0.778696 0.865700 0.777826
0 0.862802 0.749565 0.848309 0.753043 0.834783 0.759565 0.833816 0.771739 0.847343 0.776522 0.874396 0.776957 0.883092 0.774783 0.887923 0.772174 0.891787 0.767826 0.890821 0.763913 0.880193 0.752174 0.874396 0.750000
0 0.704348 0.747826 0.700483 0.752174 0.702415 0.760000 0.707246 0.764783 0.712077 0.766957 0.720773 0.768696 0.733333 0.774348 0.743961 0.774348 0.751691 0.772174 0.761353 0.764348 0.763285 0.760435 0.762319 0.755652 0.749758 0.750435 0.726570 0.745652 0.717874 0.745609 0.708213 0.746957
0 0.657005 0.744783 0.653140 0.746087 0.648309 0.751739 0.648309 0.756522 0.651208 0.760870 0.670531 0.771304 0.673430 0.774348 0.683092 0.775652 0.686957 0.773043 0.689855 0.767826 0.698551 0.761304 0.699517 0.755217 0.696618 0.750000 0.689855 0.746087 0.683092 0.744348
0 0.917874 0.770435 0.910145 0.773913 0.905314 0.778696 0.906280 0.783043 0.923671 0.791304 0.952657 0.794348 0.960386 0.793043 0.967150 0.790435 0.971981 0.786957 0.973913 0.783043 0.972947 0.773913 0.969082 0.770435 0.962319 0.768696 0.952657 0.767826 0.934300 0.767826
0 0.995169 0.766522 0.991304 0.770435 0.991304 0.782609 0.995169 0.788261 1.000000 0.788261 1.000000 0.766522
0 0.957488 0.743043 0.954589 0.747826 0.953623 0.760000 0.959420 0.765652 0.969082 0.769130 0.978744 0.768696 0.996135 0.764348 1.000000 0.764348 1.000000 0.752913 0.996135 0.750000 0.974879 0.743043
0 0.908213 0.735217 0.895652 0.739565 0.889855 0.743478 0.887923 0.752609 0.890821 0.755652 0.894686 0.757391 0.918841 0.762174 0.932367 0.763043 0.942995 0.762609 0.948792 0.759130 0.949758 0.755217 0.948406 0.752609 0.947826 0.747826 0.942029 0.740435 0.928502 0.734783 0.916908 0.733478
0 0.888889 0.732609 0.869565 0.728261 0.857005 0.728696 0.841546 0.733478 0.833816 0.740435 0.836715 0.743043 0.847343 0.747391 0.855072 0.748696 0.869565 0.748261 0.889855 0.742174 0.891787 0.736087
0 0.795169 0.738261 0.779710 0.748696 0.778744 0.752174 0.785507 0.759130 0.794203 0.761739 0.804831 0.762609 0.824155 0.762174 0.829952 0.760870 0.836715 0.757391 0.840580 0.752174 0.837681 0.745652 0.831884 0.740435 0.824155 0.737826 0.815459 0.736957
0 0.742029 0.723478 0.729469 0.727391 0.727536 0.730435 0.728502 0.737391 0.735266 0.744348 0.744928 0.748261 0.759420 0.750870 0.776812 0.749130 0.784541 0.745652 0.790338 0.740000 0.790338 0.732174 0.787440 0.727391 0.778744 0.723478 0.772947 0.722609 0.756522 0.722174
0 0.711111 0.719130 0.706280 0.719130 0.696618 0.721739 0.687923 0.722609 0.678261 0.725217 0.672464 0.728261 0.671498 0.733913 0.673430 0.740435 0.683092 0.744348 0.698551 0.747391 0.703382 0.746957 0.721739 0.741739 0.724638 0.738696 0.728502 0.723913 0.719807 0.720435
0 0.638647 0.713478 0.622222 0.716087 0.610628 0.721739 0.606763 0.725652 0.606763 0.733043 0.609662 0.736522 0.620290 0.742174 0.639614 0.746522 0.661836 0.744348 0.666667 0.741304 0.666667 0.736087 0.670531 0.732609 0.670531 0.727826 0.660870 0.723913 0.656039 0.716957 0.649275 0.714783
0 0.616425 0.703913 0.599034 0.700000 0.569082 0.700870 0.555556 0.703478 0.549758 0.706957 0.547826 0.711739 0.548792 0.717391 0.554589 0.723913 0.569082 0.729130 0.589372 0.729565 0.602899 0.726087 0.624155 0.713043 0.624155 0.708261
0 0.672464 0.685217 0.660870 0.682609 0.652174 0.682609 0.619324 0.686957 0.612560 0.689130 0.610628 0.694348 0.616425 0.699565 0.628019 0.705652 0.636715 0.707826 0.651208 0.707391 0.657005 0.705652 0.662802 0.701304 0.671498 0.690435
0 0.692754 0.696957 0.681159 0.696522 0.669565 0.698696 0.662802 0.700870 0.657005 0.704783 0.657971 0.716522 0.664734 0.724783 0.674396 0.725217 0.691787 0.721304 0.697585 0.718696 0.709179 0.716957 0.714010 0.713478 0.715942 0.708696 0.713043 0.704783
0 0.720773 0.706522 0.719807 0.710435 0.740097 0.722174 0.774879 0.721739 0.778744 0.720870 0.783575 0.713043 0.783575 0.708696 0.778744 0.704783 0.770048 0.700870 0.742029 0.699130 0.733333 0.700870
0 0.812560 0.703478 0.809662 0.704783 0.807729 0.712174 0.802899 0.719565 0.803865 0.727391 0.812560 0.733478 0.832850 0.734348 0.856039 0.727391 0.859903 0.721304 0.858937 0.715217 0.854106 0.711739 0.839614 0.706522 0.824155 0.703478
0 0.891787 0.706087 0.877295 0.712609 0.873430 0.719130 0.873430 0.725217 0.879227 0.728696 0.897585 0.733913 0.909179 0.733913 0.929469 0.727826 0.934300 0.720870 0.932367 0.716957 0.925604 0.711739 0.910145 0.706087
0 0.958454 0.712174 0.943961 0.714348 0.938164 0.716957 0.934300 0.723478 0.934300 0.731304 0.936232 0.736522 0.943961 0.740435 0.953623 0.741739 0.966184 0.741739 0.977778 0.739565 0.992271 0.732174 0.995169 0.729130 0.995169 0.723913 0.993237 0.720435 0.987440 0.716957 0.972947 0.713043
0 0.995169 0.689565 0.981643 0.694783 0.972947 0.700000 0.963285 0.709130 0.966184 0.711304 0.994203 0.718261 1.000000 0.718261 1.000000 0.689565
0 0.943961 0.679565 0.923671 0.680870 0.912077 0.685217 0.906280 0.690000 0.904348 0.693913 0.907246 0.701739 0.911111 0.705217 0.916908 0.706957 0.943961 0.707391 0.947826 0.706087 0.954686 0.704522 0.957488 0.697826 0.957488 0.689565 0.954589 0.685217 0.947826 0.683478
0 0.882126 0.684783 0.866667 0.683478 0.854106 0.683913 0.843478 0.686087 0.835749 0.690870 0.834783 0.697826 0.839614 0.704783 0.843478 0.707826 0.855072 0.711739 0.869565 0.711739 0.876329 0.710435 0.888889 0.705217 0.896618 0.700000 0.898551 0.697391 0.896618 0.691739 0.893720 0.689130
0 0.962319 0.670000 0.949758 0.665217 0.942029 0.664348 0.932367 0.664783 0.924638 0.667391 0.918841 0.673478 0.903382 0.681304 0.905314 0.685217 0.909179 0.685652 0.914976 0.682609 0.935266 0.678696 0.943961 0.679130 0.951691 0.684348 0.961353 0.681739 0.965217 0.678261 0.965217 0.673913
0 0.984541 0.659130 0.972947 0.661304 0.966184 0.664783 0.963285 0.669565 0.968116 0.677826 0.979710 0.682174 0.995169 0.685652 1.000000 0.685652 1.000000 0.658696
0 0.813527 0.686957 0.800000 0.688261 0.785507 0.697391 0.785507 0.705652 0.803865 0.710870 0.811594 0.703913 0.821256 0.702609 0.830918 0.703913 0.834783 0.702174 0.831884 0.695652 0.824155 0.690870
0 0.829952 0.654348 0.820290 0.658696 0.812560 0.664348 0.806763 0.670435 0.805797 0.674348 0.807729 0.678696 0.813527 0.683913 0.839614 0.686957 0.844444 0.684783 0.858937 0.681304 0.866667 0.677391 0.869565 0.673043 0.866667 0.665652 0.861836 0.663913 0.857971 0.660435 0.846377 0.656087
0 0.893720 0.647391 0.882126 0.650000 0.871498 0.654783 0.866667 0.661304 0.867633 0.666087 0.881159 0.673478 0.888889 0.675217 0.909179 0.675652 0.917874 0.673478 0.922705 0.667826 0.923671 0.657826 0.919807 0.652609 0.914976 0.649565 0.900483 0.646957
0 0.991304 0.646087 0.978744 0.640870 0.961353 0.640435 0.946860 0.641739 0.936232 0.645217 0.931401 0.648261 0.931401 0.654783 0.936232 0.662174 0.950725 0.664348 0.961353 0.663913 0.972947 0.660870 0.978744 0.657826 0.986473 0.656957 0.993237 0.651304
0 0.750725 0.673043 0.741063 0.677391 0.740097 0.682609 0.742995 0.691739 0.753623 0.696522 0.758454 0.697391 0.771014 0.696957 0.779710 0.694348 0.790338 0.688261 0.793237 0.680870 0.782609 0.676087 0.764251 0.672609
0 0.705314 0.669130 0.693720 0.672174 0.683092 0.676957 0.677295 0.681304 0.676329 0.685652 0.678261 0.688696 0.689855 0.696522 0.717874 0.703478 0.726570 0.701739 0.741063 0.693043 0.741063 0.677391 0.739130 0.673913 0.730435 0.670000 0.726570 0.669130
0 0.683092 0.650435 0.673430 0.650435 0.651208 0.653913 0.637681 0.659565 0.636715 0.666522 0.645411 0.674783 0.657971 0.680435 0.670531 0.680870 0.677295 0.680000 0.700483 0.667826 0.702415 0.657826
0 0.694686 0.642174 0.691787 0.644783 0.693720 0.650870 0.699517 0.654348 0.705314 0.655652 0.715942 0.660435 0.730435 0.660870 0.737198 0.659565 0.744928 0.656522 0.752657 0.651304 0.750725 0.646522 0.743961 0.642609 0.734300 0.640435 0.715942 0.639130
0 0.760386 0.643913 0.755556 0.646522 0.752657 0.653043 0.755556 0.663043 0.760386 0.668696 0.777778 0.674348 0.799034 0.670435 0.813527 0.663043 0.814493 0.655652 0.806763 0.649565 0.785507 0.644783
0 0.604831 0.670870 0.586473 0.670435 0.580676 0.672174 0.568116 0.673478 0.556522 0.677826 0.551691 0.683043 0.551691 0.686522 0.556522 0.692174 0.560386 0.693913 0.577778 0.698261 0.594203 0.698261 0.606763 0.693043 0.609662 0.689565 0.610628 0.677391
0 0.499517 0.676087 0.494686 0.681304 0.492754 0.697391 0.498551 0.702174 0.507246 0.703913 0.518841 0.703913 0.543961 0.701304 0.548792 0.697391 0.548792 0.688696 0.539130 0.680870 0.526570 0.675217
0 0.552657 0.645217 0.545894 0.650435 0.542995 0.655652 0.542995 0.662174 0.547826 0.666522 0.551691 0.668261 0.559420 0.668696 0.568116 0.671304 0.579710 0.670870 0.585507 0.669565 0.597101 0.662609 0.598068 0.657826 0.594203 0.654783 0.592271 0.650435 0.561353 0.644348
0 0.607729 0.635652 0.600966 0.636087 0.593237 0.638696 0.589372 0.642609 0.589372 0.646957 0.601932 0.658261 0.600000 0.666522 0.606763 0.670000 0.614493 0.670870 0.632850 0.663913 0.636715 0.658261 0.649275 0.651739 0.652174 0.646087 0.649275 0.642174 0.643478 0.638696 0.621256 0.636087
0 0.664734 0.618696 0.656039 0.622174 0.646377 0.630435 0.646377 0.639130 0.659903 0.645217 0.671498 0.646087 0.692754 0.641304 0.696618 0.638261 0.697585 0.634348 0.685990 0.623478 0.674396 0.618696
0 0.644444 0.614783 0.624155 0.612174 0.613527 0.613478 0.603865 0.618696 0.600000 0.622609 0.601932 0.631739 0.612560 0.634348 0.626087 0.634348 0.641546 0.632174 0.645411 0.627826 0.653140 0.623478 0.652174 0.619565
0 0.535266 0.624348 0.535266 0.626957 0.544928 0.632174 0.551691 0.637826 0.570048 0.643913 0.578744 0.644783 0.583575 0.643478 0.596135 0.634783 0.576812 0.625217 0.553623 0.623043
0 0.526570 0.651739 0.499517 0.653043 0.489855 0.657391 0.487923 0.660435 0.489855 0.666087 0.503382 0.672174 0.516908 0.673913 0.526570 0.673478 0.538164 0.666522 0.539130 0.659130 0.537198 0.655652
0 0.465700 0.663043 0.449275 0.665652 0.437681 0.668696 0.426087 0.677391 0.426087 0.685652 0.432850 0.693478 0.444444 0.696957 0.455072 0.698261 0.471498 0.698261 0.481159 0.696957 0.486957 0.694783 0.489855 0.690000 0.489855 0.678696 0.486957 0.673913 0.476329 0.666957
0 0.435749 0.627826 0.427053 0.630870 0.417391 0.640000 0.416425 0.647391 0.424155 0.655217 0.429952 0.657826 0.441546 0.659565 0.460870 0.659565 0.474396 0.657391 0.482126 0.650870 0.482126 0.646087 0.475362 0.633478 0.470531 0.630435 0.450242 0.627391
0 0.530435 0.626522 0.526570 0.625652 0.502415 0.626522 0.485024 0.630870 0.481159 0.634348 0.481159 0.639565 0.487923 0.648696 0.499517 0.651739 0.511111 0.651739 0.522705 0.650435 0.532367 0.647391 0.538164 0.642609 0.539130 0.632609 0.537198 0.630000
0 0.569082 0.600435 0.550725 0.606087 0.549758 0.617826 0.559420 0.622174 0.577778 0.624348 0.587440 0.624348 0.593237 0.622609 0.600000 0.616087 0.598068 0.607391 0.594203 0.603478 0.587440 0.600870 0.578744 0.600000
0 0.543961 0.597391 0.522705 0.594348 0.514010 0.594348 0.495652 0.597391 0.484058 0.601304 0.478261 0.606522 0.477295 0.612609 0.485024 0.620000 0.493720 0.624783 0.499517 0.626087 0.524638 0.625217 0.539130 0.620435 0.547826 0.612174 0.546860 0.599130
0 0.447343 0.586522 0.437681 0.587826 0.429952 0.591739 0.428019 0.596522 0.429952 0.602609 0.435749 0.607391 0.438647 0.615217 0.445411 0.619130 0.450242 0.619565 0.466667 0.615652 0.474396 0.610870 0.478261 0.604783 0.484058 0.600435 0.484058 0.595652 0.476329 0.591304 0.464734 0.589565 0.457971 0.587391
0 0.355556 0.681304 0.349758 0.686087 0.349758 0.694783 0.362319 0.702174 0.369082 0.704348 0.377778 0.705217 0.400000 0.703478 0.410628 0.694783 0.409662 0.688261 0.405797 0.683478 0.390338 0.678696 0.379710 0.677826 0.367150 0.678696
0 0.401932 0.653043 0.395169 0.653478 0.385507 0.657826 0.384541 0.663478 0.390338 0.676522 0.395169 0.678696 0.405797 0.680000 0.419324 0.677826 0.430918 0.670870 0.430918 0.664783 0.425121 0.659565 0.414493 0.654348
0 0.334300 0.655217 0.327536 0.656957 0.317874 0.662174 0.315942 0.664783 0.316908 0.670000 0.330435 0.678261 0.342029 0.680435 0.352657 0.680435 0.370048 0.675217 0.372947 0.670435 0.371981 0.665217 0.365217 0.661739 0.350725 0.659130 0.342995 0.656087
0 0.281159 0.665652 0.273430 0.672174 0.269565 0.678696 0.270531 0.686522 0.275362 0.693913 0.281159 0.697391 0.296618 0.697391 0.317874 0.692174 0.322705 0.685652 0.322705 0.677391 0.316908 0.672609 0.309179 0.672174 0.300483 0.669130
0 0.211594 0.650870 0.207729 0.652609 0.200000 0.664348 0.200000 0.670435 0.207729 0.679130 0.220290 0.684348 0.228986 0.685217 0.239614 0.685217 0.256039 0.681739 0.264734 0.677826 0.267633 0.673043 0.267633 0.669130 0.262802 0.664348 0.246377 0.656522 0.229952 0.653043
0 0.177778 0.667826 0.170048 0.670435 0.159420 0.672174 0.151691 0.675217 0.142029 0.685217 0.141063 0.689565 0.145894 0.693478 0.169082 0.698261 0.181643 0.698696 0.195169 0.696957 0.203865 0.693478 0.209662 0.687826 0.209662 0.680870 0.198068 0.673478 0.187440 0.668696
0 0.134300 0.650870 0.124638 0.653913 0.122705 0.656522 0.116908 0.659565 0.114010 0.671304 0.116908 0.674783 0.124638 0.677826 0.143961 0.678261 0.158454 0.671739 0.172947 0.669130 0.176812 0.666957 0.176812 0.663478 0.173913 0.657826 0.169082 0.655652 0.144928 0.650870
0 0.146860 0.638696 0.144928 0.647391 0.149758 0.650870 0.169082 0.651304 0.176812 0.652609 0.198068 0.651739 0.204831 0.650870 0.209662 0.647391 0.209662 0.644783 0.204831 0.641739 0.192271 0.638261 0.170048 0.634783 0.151691 0.635217
0 0.154589 0.618696 0.145894 0.616957 0.115942 0.618261 0.112077 0.619565 0.108213 0.622609 0.106280 0.634783 0.109179 0.640000 0.116908 0.642609 0.143961 0.640000 0.144928 0.636957 0.156522 0.633913 0.161353 0.628261 0.161353 0.622609
0 0.163285 0.622609 0.163285 0.627826 0.167150 0.634783 0.203865 0.639565 0.213527 0.637391 0.219324 0.626957 0.215459 0.618696 0.206763 0.617826 0.174879 0.618261 0.169082 0.619565
0 0.216425 0.630870 0.215459 0.640000 0.225121 0.647826 0.235749 0.652174 0.256039 0.656522 0.285990 0.653478 0.287923 0.649565 0.285024 0.638261 0.275362 0.630870 0.265700 0.626522 0.255072 0.624783 0.238647 0.624783
0 0.299517 0.607391 0.287923 0.609565 0.272464 0.616087 0.270531 0.618696 0.271498 0.624783 0.275362 0.627391 0.279227 0.633478 0.285024 0.636522 0.290821 0.637391 0.305314 0.643043 0.317874 0.643478 0.328502 0.630870 0.327536 0.623043 0.322705 0.619130 0.321739 0.613913 0.317874 0.608696 0.309179 0.606957
0 0.359420 0.628261 0.343961 0.635217 0.337198 0.642609 0.336232 0.647391 0.339130 0.653478 0.344928 0.656087 0.352657 0.658261 0.370048 0.660870 0.378744 0.659565 0.396135 0.653043 0.399034 0.649130 0.399034 0.644348 0.385507 0.634348 0.377778 0.630870 0.368116 0.628261
0 0.395169 0.614348 0.379710 0.619130 0.376812 0.624783 0.379710 0.630435 0.385507 0.634783 0.396135 0.640000 0.404831 0.641304 0.413527 0.640000 0.416425 0.635652 0.432850 0.627391 0.431884 0.622174 0.427053 0.618696 0.420290 0.616522
0 0.342995 0.603043 0.328502 0.607391 0.326570 0.617826 0.334300 0.627391 0.342995 0.629130 0.352657 0.629130 0.370048 0.623913 0.376812 0.619130 0.378744 0.614348 0.376812 0.610435 0.370048 0.606087 0.353623 0.603043
0 0.391304 0.585217 0.380676 0.588261 0.373913 0.592174 0.372947 0.601739 0.375845 0.607391 0.378744 0.610000 0.386473 0.613043 0.422222 0.614783 0.428986 0.611739 0.428986 0.604783 0.425121 0.593913 0.416425 0.589130 0.397101 0.584783
0 0.359420 0.574783 0.341063 0.578261 0.330435 0.582174 0.329469 0.590870 0.333333 0.595652 0.348792 0.601304 0.370048 0.604348 0.373913 0.592174 0.387440 0.586522 0.389372 0.582609 0.386473 0.578696 0.379710 0.575217
0 0.321739 0.580435 0.317874 0.579565 0.295652 0.580000 0.273430 0.581739 0.261836 0.586522 0.261836 0.591739 0.265700 0.594348 0.273430 0.596522 0.276329 0.599565 0.290821 0.605217 0.304348 0.605652 0.315942 0.604348 0.326570 0.600870 0.331401 0.596087 0.329469 0.583913
0 0.261836 0.593043 0.247343 0.592174 0.236715 0.596522 0.224155 0.605652 0.224155 0.611304 0.228986 0.613913 0.246377 0.614348 0.257971 0.613478 0.264734 0.612174 0.274396 0.607826 0.276329 0.602174
0 0.196135 0.593478 0.172947 0.594348 0.165217 0.598261 0.162319 0.607826 0.167150 0.612174 0.176812 0.616087 0.207729 0.615652 0.219324 0.611304 0.219324 0.606522 0.214493 0.599130
0 0.096618 0.585652 0.090821 0.588696 0.090821 0.600435 0.099517 0.609130 0.106280 0.612609 0.118841 0.616087 0.135266 0.616087 0.158454 0.607391 0.162319 0.599130 0.157488 0.592609 0.147826 0.587391 0.126570 0.583043 0.115942 0.583043
0 0.257005 0.570000 0.234783 0.565652 0.220290 0.565217 0.205797 0.566522 0.191304 0.570435 0.186473 0.572609 0.184541 0.579565 0.195169 0.591304 0.200966 0.593913 0.212560 0.596522 0.222222 0.596522 0.235749 0.593478 0.248309 0.586957 0.256039 0.585652 0.258937 0.583913 0.261836 0.573913
0 0.171014 0.555652 0.165217 0.555652 0.159420 0.556957 0.154589 0.562174 0.139130 0.570435 0.134300 0.571304 0.120773 0.571304 0.118841 0.572174 0.118841 0.576522 0.125604 0.581739 0.132367 0.584348 0.142029 0.585217 0.150725 0.587826 0.163285 0.587826 0.172947 0.586087 0.176812 0.584348 0.183575 0.573478 0.187440 0.572174 0.187440 0.565652 0.180676 0.560000
0 0.135266 0.540000 0.115942 0.543478 0.106280 0.548696 0.107246 0.556522 0.116908 0.568261 0.125604 0.570435 0.137198 0.570000 0.142029 0.568696 0.143961 0.564783 0.152657 0.562174 0.163285 0.553913 0.161353 0.546087 0.143961 0.540870
0 0.160386 0.533913 0.156522 0.536522 0.156522 0.541304 0.170048 0.553043 0.175845 0.556087 0.182609 0.557391 0.199034 0.556957 0.210628 0.552609 0.215459 0.549130 0.217391 0.545217 0.216425 0.536957 0.196135 0.531304 0.169082 0.531739
0 0.440580 0.572174 0.437681 0.574783 0.440580 0.579565 0.451208 0.585217 0.460870 0.587826 0.473430 0.590000 0.483092 0.590435 0.494686 0.585652 0.499517 0.579130 0.499517 0.573478 0.497585 0.570435 0.491787 0.567391 0.485024 0.566087 0.472464 0.566087 0.447343 0.569565
0 0.551691 0.561739 0.535266 0.568261 0.524638 0.576957 0.523671 0.584783 0.525604 0.588261 0.531401 0.592174 0.539130 0.594783 0.554589 0.596087 0.571014 0.596087 0.578744 0.593913 0.583575 0.590870 0.584541 0.580000 0.582609 0.573478 0.579710 0.570870 0.561353 0.562174
0 0.593237 0.579565 0.589372 0.583478 0.589372 0.597391 0.591304 0.599565 0.597101 0.601739 0.609662 0.603043 0.630918 0.601739 0.642512 0.594783 0.643478 0.591739 0.637681 0.587826 0.613527 0.577391 0.602899 0.577391
0 0.692754 0.591739 0.685024 0.591739 0.674396 0.593478 0.653140 0.593913 0.646377 0.595217 0.636715 0.599130 0.638647 0.606087 0.655072 0.615652 0.662802 0.616957 0.674396 0.616522 0.681159 0.614783 0.686957 0.611739 0.695652 0.603913 0.695652 0.594348
0 0.694686 0.612609 0.689855 0.617826 0.689855 0.623043 0.695652 0.625652 0.701256 0.637783 0.719614 0.634696 0.726570 0.631739 0.733333 0.627826 0.737198 0.623043 0.737198 0.618261 0.734300 0.614783 0.715942 0.610435 0.707246 0.610435
0 0.761353 0.606957 0.747826 0.608261 0.738164 0.614783 0.740097 0.623043 0.737198 0.627391 0.741063 0.632609 0.750725 0.635217 0.762319 0.635217 0.770048 0.631304 0.771014 0.626957 0.781643 0.623043 0.784541 0.620435 0.784541 0.615652 0.779710 0.610870
0 0.732367 0.584348 0.724638 0.584348 0.710145 0.587391 0.702415 0.591304 0.699517 0.598261 0.701449 0.603478 0.708213 0.608696 0.724638 0.611304 0.742029 0.609565 0.750725 0.605217 0.756522 0.600000 0.756522 0.588261 0.749758 0.586087
0 0.796135 0.575652 0.785507 0.575217 0.778744 0.576087 0.775845 0.579565 0.764251 0.585652 0.759420 0.596957 0.763285 0.603043 0.769082 0.606087 0.782609 0.606957 0.796135 0.605652 0.807729 0.601739 0.820290 0.595652 0.816425 0.583043 0.807729 0.578696
0 0.733333 0.561304 0.716908 0.570000 0.714976 0.572609 0.725604 0.582609 0.734300 0.584348 0.762319 0.586087 0.766184 0.584348 0.767150 0.579130 0.770048 0.576957 0.766184 0.571304 0.752657 0.564348 0.743961 0.561739
0 0.642512 0.569130 0.637681 0.574783 0.637681 0.584783 0.645411 0.590000 0.656039 0.592174 0.666667 0.592174 0.697585 0.590000 0.703382 0.588261 0.706280 0.583478 0.705314 0.576087 0.698551 0.570000 0.685024 0.563478 0.676329 0.561739 0.664734 0.561739 0.655072 0.563913
0 0.719807 0.540870 0.698551 0.540870 0.688889 0.544348 0.686957 0.553478 0.691787 0.564783 0.699517 0.572174 0.709179 0.572174 0.738164 0.556957 0.740097 0.553043 0.740097 0.548261 0.734300 0.544348
0 0.786473 0.540870 0.761353 0.546522 0.753623 0.552609 0.753623 0.554783 0.763285 0.568696 0.771981 0.573478 0.776812 0.574348 0.798068 0.574348 0.819324 0.565652 0.824155 0.560000 0.824155 0.553043 0.813527 0.543913 0.797101 0.540870
0 0.801932 0.619130 0.783575 0.623043 0.771981 0.629565 0.770048 0.635652 0.772947 0.640000 0.777778 0.642609 0.790338 0.643913 0.799034 0.646522 0.814493 0.646522 0.822222 0.644783 0.826087 0.642609 0.828986 0.638696 0.828986 0.630000 0.823188 0.623913 0.812560 0.620000
0 0.832850 0.603478 0.821256 0.598261 0.814493 0.599565 0.801932 0.605652 0.786473 0.607391 0.786473 0.611304 0.801932 0.616522 0.810628 0.617826 0.820290 0.617391 0.832850 0.610870
0 0.603865 0.547826 0.588406 0.553913 0.585507 0.556522 0.586473 0.564783 0.584541 0.568696 0.588406 0.572609 0.594203 0.573913 0.612560 0.573913 0.633816 0.571304 0.640580 0.566522 0.640580 0.561304 0.635749 0.555217 0.623188 0.550000 0.613527 0.547826
0 0.490821 0.543913 0.482126 0.548696 0.482126 0.556087 0.485024 0.557826 0.488889 0.564348 0.502415 0.570000 0.513043 0.570435 0.526570 0.568696 0.535266 0.564783 0.542029 0.556957 0.542029 0.552609 0.535266 0.549565 0.514010 0.543913
0 0.422222 0.546957 0.409662 0.547391 0.395169 0.549565 0.388406 0.552609 0.386473 0.556087 0.391304 0.568261 0.395169 0.572174 0.412560 0.574783 0.422222 0.574348 0.441546 0.570435 0.446377 0.568261 0.448309 0.564348 0.448309 0.559130 0.440580 0.551304 0.431884 0.548261
0 0.342995 0.550000 0.333333 0.556087 0.332367 0.560870 0.334300 0.564783 0.345894 0.570435 0.352657 0.572174 0.364251 0.573478 0.376812 0.572609 0.384541 0.568696 0.384541 0.555652 0.382609 0.553913 0.369082 0.550000
0 0.261836 0.554783 0.259903 0.558261 0.260870 0.569130 0.264734 0.573043 0.273430 0.577826 0.295652 0.578696 0.315942 0.576957 0.326570 0.571304 0.333333 0.564783 0.330435 0.560870 0.318841 0.556087 0.307246 0.555652 0.293720 0.552174 0.273430 0.551739
0 0.315942 0.525652 0.308213 0.527391 0.299517 0.534348 0.291787 0.543478 0.291787 0.549130 0.296618 0.552174 0.308213 0.554783 0.322705 0.555652 0.335266 0.553478 0.345894 0.548261 0.346860 0.539565 0.342995 0.533478 0.335266 0.528261 0.327536 0.526087
0 0.255072 0.525652 0.228019 0.532609 0.221256 0.537826 0.220290 0.545652 0.232850 0.549130 0.256039 0.553043 0.265700 0.553043 0.280193 0.549130 0.284058 0.545217 0.286957 0.536957 0.284058 0.532609 0.277295 0.528261 0.267633 0.525652
0 0.592271 0.532174 0.579710 0.530000 0.568116 0.530000 0.542995 0.532609 0.537198 0.534348 0.535266 0.540000 0.538164 0.546522 0.546860 0.554348 0.559420 0.558696 0.571014 0.557826 0.582609 0.555217 0.592271 0.550870 0.598068 0.546522 0.600000 0.542609 0.599034 0.536087
0 0.622222 0.517391 0.610628 0.520435 0.601932 0.525217 0.599034 0.532609 0.601932 0.537391 0.610628 0.545217 0.620290 0.548261 0.649275 0.546957 0.657005 0.545217 0.665700 0.538696 0.667633 0.535217 0.665700 0.526087 0.659903 0.521739 0.648309 0.517826 0.634783 0.516957
0 0.726570 0.512609 0.719807 0.511739 0.699517 0.512609 0.685990 0.516087 0.676329 0.520000 0.675362 0.529565 0.680193 0.534783 0.690821 0.540000 0.718841 0.539565 0.726570 0.540870 0.735266 0.538261 0.736232 0.533913 0.740097 0.530000 0.740097 0.522609 0.736232 0.517391
0 0.750725 0.516957 0.745894 0.521304 0.745894 0.527391 0.751691 0.536087 0.760386 0.541739 0.770048 0.542174 0.790338 0.538261 0.803865 0.533478 0.804831 0.525217 0.799034 0.521304 0.769082 0.516087 0.757488 0.515652
0 0.838647 0.508261 0.827053 0.508261 0.814493 0.509565 0.804831 0.513043 0.805797 0.522609 0.816425 0.533478 0.821256 0.535217 0.842512 0.533478 0.852174 0.529130 0.857971 0.524348 0.857005 0.516087
0 0.767150 0.485217 0.757488 0.487391 0.751691 0.490000 0.742029 0.497391 0.742029 0.509565 0.753623 0.513913 0.785507 0.513913 0.799034 0.510435 0.803865 0.506087 0.801932 0.499130 0.797101 0.493478 0.787440 0.488261 0.778744 0.485652
0 0.649275 0.493913 0.640580 0.497826 0.640580 0.506087 0.648309 0.515652 0.664734 0.519565 0.675362 0.519130 0.700483 0.510435 0.702415 0.505217 0.698551 0.501304 0.671498 0.493913 0.665700 0.493043
0 0.614493 0.485652 0.598068 0.485652 0.588406 0.486957 0.581643 0.488696 0.573913 0.493043 0.571014 0.497391 0.571014 0.506087 0.582609 0.517391 0.588406 0.520000 0.599034 0.520000 0.618357 0.515652 0.631884 0.507826 0.633816 0.501304 0.629952 0.493043 0.626087 0.490000
0 0.551691 0.504783 0.547826 0.509130 0.542995 0.511304 0.540097 0.515652 0.539130 0.522174 0.542029 0.526957 0.551691 0.531304 0.577778 0.529130 0.581643 0.525652 0.581643 0.520435 0.576812 0.513478 0.568116 0.507391 0.559420 0.505217
0 0.483092 0.516087 0.481159 0.517391 0.481159 0.522609 0.485024 0.528696 0.485024 0.533478 0.488889 0.537391 0.499517 0.541739 0.514010 0.542174 0.517874 0.541304 0.535266 0.533478 0.536232 0.525217 0.532367 0.523478 0.531401 0.521304 0.524638 0.517391 0.509179 0.515217 0.493720 0.514783
0 0.431884 0.515217 0.411594 0.515217 0.400000 0.518261 0.393237 0.521304 0.384541 0.529130 0.385507 0.540870 0.392271 0.543913 0.422222 0.545217 0.434783 0.543478 0.446377 0.538696 0.448309 0.536522 0.448309 0.529130 0.439614 0.518696
0 0.351691 0.509565 0.335266 0.515652 0.333333 0.523913 0.343961 0.530870 0.356522 0.533913 0.370048 0.535217 0.382609 0.529565 0.387440 0.517391 0.381643 0.513478 0.366184 0.509565
0 0.341063 0.500000 0.327536 0.498261 0.309179 0.499565 0.292754 0.509565 0.290821 0.513913 0.299517 0.517826 0.315942 0.521739 0.331401 0.520870 0.338164 0.513913 0.349758 0.510000 0.347826 0.503043
0 0.282126 0.482174 0.264734 0.482174 0.258937 0.483478 0.253140 0.487391 0.250242 0.496957 0.250242 0.502609 0.255072 0.508696 0.253140 0.521739 0.262802 0.524348 0.273430 0.523478 0.276329 0.518696 0.282126 0.514348 0.289855 0.512174 0.303382 0.501739 0.312077 0.497826 0.310145 0.489565 0.297585 0.484783
0 0.195169 0.501304 0.187440 0.503478 0.183575 0.506522 0.183575 0.518696 0.202899 0.530870 0.222222 0.534783 0.224155 0.533043 0.244444 0.526522 0.247343 0.522609 0.247343 0.513043 0.241546 0.509565 0.228019 0.505217 0.210628 0.502174
0 0.090821 0.516087 0.084058 0.521304 0.085990 0.529565 0.090821 0.534783 0.100483 0.538696 0.115942 0.541739 0.127536 0.540435 0.135266 0.538261 0.141063 0.533913 0.141063 0.529130 0.135266 0.523043 0.117874 0.516957 0.101449 0.515217
0 0.121739 0.509565 0.119807 0.514348 0.122705 0.517391 0.150725 0.529565 0.160386 0.530870 0.170048 0.529130 0.173913 0.523043 0.180676 0.518261 0.179710 0.513043 0.173913 0.508696 0.160386 0.505652 0.140097 0.505652
0 0.113043 0.482174 0.105314 0.486522 0.102415 0.490000 0.108213 0.497391 0.117874 0.501739 0.132367 0.505652 0.156522 0.503913 0.161353 0.501739 0.162319 0.493043 0.154589 0.484783 0.142995 0.480435 0.136232 0.479130
0 0.212560 0.480870 0.195169 0.486087 0.187440 0.490000 0.186473 0.494783 0.194203 0.498696 0.201932 0.500435 0.230918 0.504348 0.242512 0.499130 0.245411 0.494348 0.243478 0.489130 0.233816 0.483478
0 0.196135 0.455652 0.185507 0.455217 0.164251 0.457826 0.146860 0.462609 0.142029 0.464783 0.138164 0.470000 0.138164 0.476087 0.140097 0.478261 0.148792 0.480435 0.160386 0.485217 0.177778 0.487826 0.187440 0.487391 0.206763 0.481739 0.214493 0.476522 0.214493 0.467826 0.207729 0.459565
0 0.231884 0.458261 0.221256 0.466522 0.224155 0.474783 0.228019 0.478696 0.246377 0.483043 0.256039 0.482609 0.269565 0.480435 0.277295 0.474783 0.278261 0.470435 0.267633 0.465217 0.265700 0.461739 0.259903 0.458696 0.248309 0.456522 0.237681 0.456522
0 0.349758 0.462609 0.334300 0.461739 0.318841 0.470000 0.308213 0.472174 0.304348 0.477391 0.308213 0.483478 0.322705 0.487391 0.334300 0.487391 0.352657 0.483478 0.362319 0.479565 0.365217 0.475652 0.365217 0.470000 0.362319 0.467391
0 0.404831 0.469565 0.386473 0.470000 0.371981 0.473913 0.364251 0.478261 0.366184 0.494348 0.369082 0.497826 0.377778 0.499565 0.387440 0.499565 0.397101 0.497391 0.400966 0.494348 0.400966 0.490087 0.404831 0.486522 0.410531 0.482783 0.415749 0.481000 0.423188 0.478696 0.422802 0.476870 0.417391 0.474348
0 0.428019 0.477391 0.409662 0.483913 0.403865 0.487391 0.401932 0.490870 0.405797 0.497826 0.415459 0.503043 0.427053 0.505217 0.456039 0.504348 0.466667 0.502174 0.470531 0.498696 0.470531 0.490000 0.460870 0.480435 0.448309 0.476522 0.436715 0.476087
0 0.482126 0.486957 0.472464 0.490000 0.471498 0.499130 0.473430 0.501739 0.481159 0.507391 0.493720 0.511739 0.506280 0.513913 0.515942 0.513043 0.523671 0.508696 0.527536 0.503913 0.527536 0.494783 0.521739 0.489130 0.509179 0.486087
0 0.579710 0.468261 0.569082 0.467391 0.561353 0.469130 0.552657 0.475217 0.546763 0.479304 0.542995 0.482609 0.539130 0.486087 0.539130 0.489130 0.542995 0.493913 0.548792 0.496087 0.552657 0.496522 0.570048 0.492174 0.595169 0.478696 0.594203 0.473913
0 0.508213 0.464783 0.495652 0.469565 0.489855 0.474348 0.489855 0.478696 0.502415 0.484348 0.523671 0.486957 0.535266 0.486522 0.542029 0.482609 0.545894 0.474783 0.540097 0.466957 0.534300 0.464783 0.520773 0.463043
0 0.603865 0.463913 0.600966 0.465652 0.601932 0.474348 0.610628 0.481304 0.625121 0.487826 0.639614 0.490435 0.649275 0.490870 0.658937 0.489130 0.667633 0.484783 0.674396 0.478261 0.675362 0.469565 0.674396 0.467826 0.661836 0.462609 0.636715 0.460435 0.620290 0.460870
0 0.561353 0.436522 0.549758 0.437826 0.534300 0.447826 0.534300 0.460000 0.543961 0.463913 0.565217 0.464348 0.576812 0.463043 0.589372 0.460435 0.594203 0.456522 0.594203 0.451304 0.590338 0.446087 0.581643 0.441739
0 0.514976 0.439130 0.505314 0.438696 0.492754 0.440435 0.483092 0.442609 0.475362 0.446957 0.473430 0.452174 0.480580 0.457913 0.489855 0.463043 0.497585 0.466522 0.501449 0.466522 0.516908 0.462609 0.527536 0.462609 0.532367 0.459565 0.532367 0.449130 0.528502 0.443478 0.525604 0.441739
0 0.446377 0.450435 0.435749 0.452609 0.425121 0.458261 0.421256 0.462609 0.423188 0.470435 0.428986 0.475217 0.450242 0.476087 0.465700 0.478696 0.476329 0.474783 0.480193 0.470870 0.479227 0.462174 0.474396 0.455652 0.465700 0.450870 0.458937 0.450000
0 0.368116 0.438261 0.357488 0.442609 0.349758 0.451739 0.350725 0.456522 0.360386 0.463478 0.387440 0.466957 0.403865 0.465652 0.413527 0.463043 0.420290 0.459130 0.418357 0.450870 0.404831 0.442174 0.385507 0.437826 0.374879 0.437391
0 0.273430 0.440870 0.264734 0.446522 0.263768 0.453043 0.264734 0.457826 0.273430 0.466522 0.286957 0.471739 0.299517 0.473043 0.306280 0.472174 0.326570 0.465217 0.332367 0.459565 0.332367 0.454783 0.321739 0.449130 0.320773 0.447391 0.310145 0.443478 0.284058 0.440435
0 0.307246 0.425652 0.297585 0.428261 0.292754 0.430870 0.289855 0.434348 0.289855 0.439565 0.318841 0.446087 0.334300 0.455652 0.343961 0.453913 0.347826 0.451304 0.351691 0.444783 0.351691 0.434348 0.349758 0.431304 0.342029 0.427391 0.332367 0.425217
0 0.266667 0.428696 0.256039 0.428696 0.247343 0.430435 0.228986 0.439130 0.229952 0.446087 0.239614 0.451739 0.256039 0.456522 0.261836 0.455217 0.262802 0.447391 0.267633 0.442609 0.271498 0.440870 0.281159 0.439565 0.283092 0.436957 0.280193 0.431304
0 0.428019 0.425652 0.420290 0.430870 0.419324 0.442609 0.424155 0.447391 0.429952 0.450000 0.439614 0.450870 0.453140 0.448696 0.465700 0.449130 0.474396 0.446522 0.485990 0.439565 0.486957 0.434783 0.477295 0.428696 0.440580 0.423043
0 0.113043 0.434783 0.108213 0.436957 0.099517 0.446087 0.105314 0.456522 0.111111 0.461304 0.115942 0.463043 0.137198 0.463913 0.160386 0.456957 0.165217 0.451739 0.164251 0.447391 0.142029 0.437391 0.123671 0.434783
0 0.161353 0.422174 0.148792 0.427391 0.146860 0.430870 0.148792 0.439130 0.166184 0.447826 0.177778 0.451739 0.186473 0.453478 0.197101 0.453043 0.202899 0.450870 0.208696 0.443043 0.209662 0.431739 0.207729 0.427391 0.196135 0.421304 0.187440 0.420000
0 0.116908 0.403913 0.106280 0.407391 0.099517 0.416957 0.108213 0.430870 0.114976 0.433043 0.127536 0.433478 0.143961 0.430435 0.154589 0.423913 0.155556 0.411739 0.145894 0.407391 0.134300 0.404783
0 0.113043 0.376522 0.099517 0.381739 0.096618 0.387391 0.097585 0.393478 0.099517 0.395652 0.115942 0.401739 0.123671 0.403043 0.136232 0.403043 0.144928 0.400435 0.142029 0.393478 0.142995 0.388696 0.126570 0.376087
0 0.154589 0.384348 0.141063 0.392609 0.142029 0.396522 0.147826 0.398696 0.150725 0.401304 0.158454 0.404783 0.202899 0.411304 0.207729 0.410870 0.211594 0.408696 0.210628 0.400000 0.196135 0.387391 0.189372 0.384348 0.173913 0.382174 0.167150 0.382174
0 0.155556 0.407826 0.160386 0.413478 0.165217 0.415652 0.183575 0.419130 0.198068 0.418696 0.205797 0.412174 0.197101 0.409565 0.180676 0.408696 0.161353 0.405652
0 0.229952 0.406522 0.223188 0.409565 0.206763 0.413478 0.204831 0.414783 0.204831 0.419130 0.210628 0.425217 0.222222 0.429565 0.231884 0.430870 0.249275 0.428696 0.256039 0.426522 0.259903 0.423478 0.260870 0.417826 0.257005 0.414348
0 0.282126 0.397826 0.271498 0.407391 0.271498 0.410000 0.275362 0.413043 0.276329 0.420435 0.282126 0.423913 0.291787 0.426522 0.301449 0.426522 0.317874 0.424348 0.332367 0.423913 0.342029 0.420000 0.343961 0.417391 0.342029 0.411739 0.335266 0.406087 0.318841 0.399565 0.302415 0.396522 0.288889 0.396087
0 0.280193 0.384783 0.255072 0.383913 0.234783 0.387391 0.226087 0.393913 0.224155 0.401739 0.227053 0.404348 0.242512 0.410000 0.256039 0.413043 0.265700 0.410870 0.269565 0.408696 0.280193 0.396957 0.287923 0.393043 0.287923 0.388261
0 0.152657 0.357391 0.142029 0.362609 0.139130 0.368261 0.141063 0.372174 0.159420 0.381304 0.178744 0.381304 0.196135 0.383913 0.201932 0.378261 0.200966 0.369130 0.197101 0.361304 0.170048 0.355652
0 0.154589 0.341739 0.152657 0.346522 0.158454 0.350870 0.196135 0.360000 0.205797 0.360435 0.213527 0.358696 0.220290 0.353913 0.219324 0.349130 0.214493 0.344348 0.203865 0.341739 0.171981 0.339130 0.163285 0.339565
0 0.227053 0.326087 0.222222 0.322609 0.214493 0.320000 0.200966 0.320000 0.181643 0.321739 0.168116 0.326087 0.167150 0.331739 0.169082 0.335652 0.172947 0.338696 0.181643 0.340435 0.197101 0.340870 0.203865 0.342174 0.213527 0.341304 0.220290 0.335217 0.228019 0.330870
0 0.228986 0.332609 0.227053 0.334348 0.227053 0.339565 0.229952 0.345217 0.240580 0.349565 0.259903 0.351739 0.285024 0.351739 0.291787 0.350000 0.286957 0.342174 0.285990 0.333913 0.269565 0.326087 0.265700 0.325217 0.246377 0.325652
0 0.257005 0.353043 0.238647 0.352609 0.230242 0.352652 0.223188 0.356957 0.217585 0.359652 0.212560 0.363043 0.209662 0.367391 0.209662 0.378696 0.215459 0.385652 0.224155 0.386957 0.238647 0.386087 0.264734 0.381304 0.275362 0.376522 0.280193 0.370870 0.279227 0.364348 0.273430 0.359565
0 0.314976 0.327826 0.305314 0.329565 0.292754 0.333913 0.289855 0.336522 0.289855 0.344348 0.294686 0.349130 0.317874 0.359565 0.335266 0.364783 0.340097 0.362609 0.342029 0.360000 0.341063 0.353478 0.342029 0.350435 0.349758 0.342609 0.348792 0.336522 0.344928 0.332174 0.336232 0.328696 0.327536 0.327391
0 0.306280 0.359130 0.293720 0.360870 0.285990 0.365217 0.281159 0.373913 0.281159 0.382174 0.291787 0.390870 0.296618 0.393043 0.309179 0.394348 0.317874 0.393478 0.335266 0.387826 0.347826 0.376522 0.344928 0.370870 0.336232 0.366087 0.317874 0.360435
0 0.346860 0.380000 0.342995 0.380870 0.338164 0.384783 0.335266 0.390435 0.336232 0.396957 0.344928 0.403913 0.354589 0.406087 0.360386 0.408696 0.370048 0.408696 0.385507 0.404348 0.391304 0.398261 0.389372 0.390435 0.380676 0.383478 0.373913 0.380870 0.369082 0.380000
0 0.368116 0.338261 0.355556 0.340870 0.346860 0.346087 0.343961 0.349565 0.346860 0.361739 0.360386 0.368696 0.373913 0.370870 0.387440 0.370435 0.398068 0.365652 0.401932 0.361739 0.401932 0.350435 0.396135 0.345217 0.386473 0.340870 0.376812 0.338696
0 0.370048 0.409130 0.360386 0.414348 0.355556 0.419565 0.354589 0.426087 0.357488 0.429565 0.364251 0.432174 0.382609 0.435217 0.404831 0.434348 0.414493 0.432609 0.420290 0.428261 0.420290 0.418261 0.417391 0.414348 0.410628 0.410435 0.400000 0.406957 0.388406 0.405652
0 0.449275 0.328261 0.446377 0.328261 0.442512 0.331304 0.429952 0.336957 0.416425 0.352609 0.420290 0.357826 0.430918 0.360000 0.437681 0.362609 0.458937 0.360870 0.464734 0.358261 0.468599 0.353913 0.468599 0.346957 0.465700 0.340435 0.457005 0.332609
0 0.411594 0.364783 0.402899 0.369130 0.396135 0.380870 0.398068 0.388261 0.404831 0.393043 0.433816 0.393043 0.447343 0.388696 0.448309 0.384783 0.443478 0.382174 0.430918 0.366957 0.423188 0.364348
0 0.464734 0.391739 0.446377 0.395652 0.434783 0.400000 0.428986 0.404348 0.428019 0.413913 0.429952 0.416522 0.438647 0.421304 0.472464 0.426957 0.481159 0.426957 0.489855 0.423913 0.500483 0.416957 0.502415 0.413478 0.501449 0.405652 0.488889 0.395652 0.475362 0.392174
0 0.435749 0.365217 0.434783 0.370000 0.437681 0.372174 0.464734 0.384783 0.471498 0.385652 0.484058 0.385652 0.486957 0.384783 0.497585 0.373913 0.497585 0.372174 0.492754 0.368261 0.481159 0.364783 0.467633 0.363478 0.447343 0.363043
0 0.509179 0.335217 0.499517 0.334783 0.490821 0.336087 0.485990 0.338261 0.475362 0.350000 0.475362 0.354348 0.478261 0.358261 0.489855 0.363478 0.501449 0.363043 0.511111 0.360000 0.520773 0.346522 0.516908 0.338261
0 0.532367 0.343913 0.523671 0.345652 0.517874 0.349130 0.514010 0.356957 0.515942 0.367826 0.521739 0.371304 0.533333 0.373913 0.549758 0.374783 0.565217 0.370435 0.573913 0.369565 0.579710 0.366087 0.579710 0.360870 0.575845 0.356957 0.555556 0.346522 0.543961 0.343913
0 0.499517 0.380000 0.493720 0.384783 0.493720 0.389565 0.499517 0.399565 0.503382 0.400870 0.517874 0.401739 0.535266 0.398261 0.543961 0.392609 0.542995 0.384348 0.532367 0.380435
0 0.578744 0.371304 0.560386 0.373043 0.552657 0.376522 0.546860 0.381304 0.544928 0.384348 0.544928 0.393043 0.548792 0.397391 0.559420 0.400435 0.580676 0.398696 0.588116 0.398217 0.597101 0.396957 0.602899 0.393043 0.604831 0.388261 0.601932 0.386957 0.600966 0.384348 0.596135 0.380000
0 0.632850 0.336087 0.626087 0.338696 0.623188 0.341304 0.622222 0.346087 0.625121 0.350000 0.636715 0.353043 0.655072 0.360870 0.665700 0.360435 0.679227 0.354348 0.686957 0.343043 0.685024 0.338261 0.680193 0.336522 0.657971 0.333913 0.646377 0.333913
0 0.630918 0.351739 0.608696 0.353478 0.592271 0.360435 0.589372 0.363478 0.591304 0.369565 0.597101 0.373478 0.603865 0.375652 0.620290 0.378261 0.643478 0.375652 0.648309 0.373043 0.651208 0.368261 0.652174 0.360870 0.649275 0.358261 0.639614 0.353913
0 0.700483 0.354783 0.689855 0.354348 0.673430 0.356957 0.660870 0.363913 0.658937 0.367826 0.660870 0.373043 0.673430 0.379565 0.683092 0.379565 0.690821 0.377826 0.708213 0.377391 0.712077 0.375652 0.714010 0.370435 0.712077 0.363043 0.708213 0.358261
0 0.516908 0.412174 0.506280 0.414348 0.497585 0.419130 0.492754 0.423913 0.492754 0.431739 0.501449 0.437391 0.520773 0.439130 0.525604 0.440435 0.534300 0.440000 0.543961 0.438261 0.547826 0.436522 0.550725 0.431739 0.549758 0.427391 0.538164 0.415652 0.527536 0.413043
0 0.559420 0.403043 0.541063 0.410870 0.539130 0.416087 0.551691 0.427391 0.559420 0.431304 0.568116 0.433043 0.590338 0.433043 0.600966 0.429565 0.610628 0.420000 0.611594 0.412174 0.603865 0.407826 0.594203 0.405217 0.573913 0.403043
0 0.648309 0.378261 0.637681 0.377391 0.627053 0.378696 0.615459 0.382174 0.607729 0.387391 0.604831 0.393478 0.606763 0.408261 0.614493 0.411739 0.624155 0.412609 0.634783 0.412174 0.645411 0.407826 0.657005 0.404783 0.669565 0.398261 0.670531 0.391739 0.667633 0.388261