0 0.519807 0.717500 0.508213 0.717500 0.498551 0.719000 0.485024 0.725500 0.474396 0.736000 0.466667 0.739500 0.465700 0.744500 0.467633 0.747500 0.475362 0.752000 0.486957 0.754500 0.497585 0.752000 0.500483 0.746000 0.506280 0.742500 0.511111 0.737000 0.524638 0.728500 0.526570 0.725000 0.525604 0.721500
0 0.848309 0.008000 0.827053 0.016000 0.821256 0.021500 0.822222 0.029500 0.827053 0.032500 0.843478 0.036500 0.854106 0.036500 0.875362 0.028500 0.879227 0.025500 0.880193 0.020000 0.876329 0.014000 0.872464 0.011500 0.858937 0.008000
0 0.889855 0.026000 0.879227 0.026500 0.859903 0.034000 0.855072 0.039000 0.848309 0.051500 0.849275 0.055500 0.855072 0.059000 0.873430 0.063000 0.884058 0.062500 0.894686 0.059500 0.902415 0.053500 0.903382 0.039500
0 0.103382 0.063000 0.095652 0.066500 0.089855 0.071500 0.089855 0.080000 0.095652 0.085500 0.105314 0.089500 0.116908 0.091500 0.140097 0.091000 0.147826 0.089000 0.150725 0.086000 0.148792 0.079500 0.152657 0.073500 0.152657 0.066500 0.137198 0.062000 0.127536 0.061000
0 0.094686 0.035500 0.086957 0.045500 0.086957 0.053000 0.093720 0.060000 0.100483 0.062500 0.109179 0.062500 0.127536 0.060500 0.137198 0.057500 0.137198 0.052000 0.128502 0.040000 0.109179 0.037500 0.102415 0.034500
0 0.087923 0.012000 0.084058 0.016000 0.085024 0.023000 0.096618 0.032000 0.107246 0.037000 0.116908 0.039000 0.135266 0.039500 0.142029 0.039000 0.150725 0.035500 0.152657 0.033000 0.151691 0.022500 0.145894 0.015500 0.138164 0.011500 0.127536 0.009000 0.115942 0.008000
0 0.139130 0.000000 0.139130 0.008000 0.148792 0.015500 0.150725 0.019500 0.157488 0.023000 0.171981 0.024500 0.183575 0.021500 0.187440 0.013000 0.177778 0.005500 0.174879 0.000000
0 0.075362 0.000000 0.079227 0.006500 0.085990 0.010000 0.089855 0.010500 0.102415 0.010000 0.118841 0.006000 0.126570 0.002000 0.126570 0.000000
0 0.179710 0.000000 0.180676 0.004000 0.183575 0.006000 0.200000 0.010000 0.215459 0.010000 0.224155 0.007500 0.226087 0.000000
0 0.224155 0.006000 0.228019 0.011000 0.235749 0.015500 0.245411 0.018000 0.250242 0.018000 0.256039 0.015000 0.264734 0.014000 0.276329 0.010000 0.280193 0.005000 0.285990 0.002000 0.285990 0.000000 0.273430 0.000000 0.268019 0.000000 0.273237 0.000000 0.266667 0.000000 0.224155 0.000000
0 0.288889 0.000000 0.288889 0.001500 0.281159 0.005500 0.276329 0.012500 0.278261 0.024500 0.291787 0.033500 0.296618 0.034500 0.308213 0.034000 0.321739 0.030500 0.328502 0.026500 0.342995 0.014500 0.342995 0.009000 0.336232 0.004000 0.326570 0.001500 0.326570 0.000000
0 0.353623 0.000000 0.351691 0.017500 0.360386 0.022000 0.365217 0.023000 0.386473 0.022000 0.399034 0.018500 0.405797 0.013500 0.405797 0.008000 0.400000 0.004500 0.392271 0.002500 0.390338 0.000000
0 0.407729 0.008000 0.404831 0.018000 0.408696 0.022000 0.408696 0.025000 0.416425 0.033000 0.426087 0.037500 0.431884 0.038500 0.448309 0.037500 0.458937 0.034500 0.475362 0.026500 0.474396 0.020500 0.461836 0.014500 0.439614 0.007000 0.418357 0.004500 0.412560 0.005500
0 0.496618 0.016500 0.483092 0.022500 0.482126 0.034000 0.486957 0.038500 0.494686 0.042500 0.502415 0.044500 0.520773 0.046500 0.527536 0.044000 0.535266 0.035500 0.535266 0.026500 0.532367 0.021500 0.519807 0.015500 0.510145 0.015000
0 0.596135 0.005500 0.576812 0.003500 0.561353 0.005500 0.547826 0.009500 0.542995 0.015000 0.543961 0.026500 0.545894 0.029000 0.556522 0.034000 0.563285 0.035000 0.589372 0.035000 0.610628 0.029500 0.614493 0.026000 0.614493 0.021500 0.605797 0.010500
0 0.602899 0.006500 0.605797 0.009500 0.614493 0.012500 0.628986 0.012500 0.646377 0.008500 0.651208 0.006000 0.653140 0.000000 0.602899 0.000000
0 0.661836 0.006500 0.648309 0.009000 0.638647 0.014000 0.636715 0.016500 0.636715 0.024000 0.641546 0.029000 0.651208 0.033500 0.659903 0.035000 0.670531 0.035000 0.680193 0.033000 0.687923 0.029500 0.696618 0.020000 0.697585 0.016000 0.694686 0.012000 0.688889 0.009000 0.680193 0.007000
0 0.648309 0.044500 0.635749 0.044000 0.623188 0.045500 0.614493 0.049000 0.607729 0.056500 0.607729 0.061000 0.613527 0.073000 0.631884 0.082500 0.639614 0.082000 0.648309 0.077500 0.657005 0.075000 0.664734 0.070000 0.668599 0.064500 0.669565 0.055500 0.667633 0.052000 0.662802 0.048500
0 0.530435 0.045000 0.536232 0.053500 0.544928 0.059000 0.565217 0.063500 0.578744 0.064500 0.589372 0.063500 0.597101 0.061000 0.600966 0.057500 0.606763 0.046500 0.606763 0.044000 0.600000 0.039000 0.589372 0.036500 0.573913 0.035500 0.557488 0.035500 0.536232 0.041000
0 0.531401 0.054000 0.520773 0.051500 0.510145 0.051000 0.503382 0.052500 0.496618 0.056000 0.491787 0.062500 0.490821 0.072500 0.497585 0.078500 0.504348 0.079000 0.519807 0.077000 0.539130 0.068500 0.542029 0.064500 0.539130 0.057500
0 0.544928 0.061500 0.538164 0.071500 0.539130 0.079500 0.549758 0.085000 0.555556 0.090500 0.567150 0.095000 0.573913 0.095000 0.592271 0.090500 0.595169 0.088500 0.593237 0.083500 0.571014 0.067500 0.558454 0.062000 0.552657 0.061000
0 0.524638 0.078000 0.511111 0.078000 0.502415 0.079500 0.495652 0.083000 0.491787 0.088500 0.490821 0.097500 0.499517 0.114000 0.503382 0.116500 0.511111 0.118000 0.551691 0.100000 0.556522 0.091000 0.545894 0.083000
0 0.470531 0.070500 0.453140 0.071000 0.437681 0.075000 0.428986 0.080000 0.425121 0.084000 0.425121 0.088500 0.428019 0.093500 0.435749 0.099500 0.449275 0.102000 0.460870 0.102500 0.474396 0.100000 0.485024 0.095500 0.493720 0.080000 0.478261 0.072000
0 0.495652 0.044500 0.478261 0.038000 0.466667 0.036500 0.457005 0.037000 0.435749 0.041000 0.424155 0.046000 0.421256 0.048500 0.421256 0.057000 0.428986 0.064500 0.439614 0.068000 0.458937 0.068000 0.478261 0.063500 0.492754 0.057000 0.497585 0.050000
0 0.396135 0.055000 0.372947 0.061000 0.366184 0.068000 0.367150 0.072500 0.376812 0.083500 0.383575 0.087500 0.396135 0.091500 0.407729 0.091500 0.424155 0.084500 0.428986 0.079000 0.435749 0.075500 0.437681 0.070500 0.436715 0.068500 0.428986 0.065000 0.421256 0.057500 0.408696 0.055000
0 0.361353 0.059500 0.344928 0.052000 0.336232 0.051500 0.328502 0.053000 0.311111 0.059000 0.304348 0.063000 0.302415 0.067000 0.303382 0.071000 0.308213 0.075000 0.315942 0.077500 0.333333 0.078500 0.344928 0.077000 0.357488 0.073000 0.363285 0.069000 0.364251 0.063500
0 0.283092 0.045500 0.267633 0.045500 0.259903 0.047000 0.251208 0.051000 0.248309 0.055000 0.248309 0.065000 0.251208 0.072000 0.268599 0.081500 0.277295 0.081000 0.297585 0.072000 0.301449 0.068000 0.303382 0.062000 0.301449 0.052500 0.296618 0.049000
0 0.231884 0.019000 0.229952 0.022000 0.232850 0.027500 0.226087 0.036000 0.228019 0.042500 0.236715 0.047000 0.244444 0.048500 0.256039 0.048500 0.276329 0.043500 0.285990 0.037500 0.286957 0.032500 0.281159 0.028000 0.271498 0.024000 0.255072 0.020500 0.245411 0.020000 0.239614 0.018500
0 0.171014 0.027500 0.169082 0.030500 0.170048 0.034500 0.191304 0.042500 0.215459 0.043000 0.225121 0.040000 0.229952 0.024500 0.228019 0.020000 0.224155 0.017500 0.218357 0.016500 0.200000 0.017000 0.191304 0.019500 0.184541 0.023500
0 0.163285 0.031500 0.155556 0.031500 0.143961 0.038500 0.131401 0.040500 0.131401 0.045000 0.138164 0.054000 0.145894 0.058000 0.154589 0.059500 0.164251 0.059000 0.171014 0.056500 0.183575 0.054500 0.193237 0.049000 0.189372 0.043500
0 0.168116 0.058500 0.158454 0.063000 0.154589 0.066500 0.153623 0.072500 0.149758 0.078000 0.151691 0.083000 0.162319 0.085500 0.170048 0.089000 0.195169 0.087500 0.203865 0.086000 0.212560 0.081500 0.217391 0.071500 0.214493 0.068500 0.202899 0.065000 0.186473 0.057500 0.176812 0.057000
0 0.211594 0.043500 0.197101 0.047500 0.193237 0.052500 0.194203 0.057500 0.198068 0.061500 0.204831 0.065000 0.215459 0.068000 0.224155 0.068000 0.235749 0.064500 0.241546 0.058500 0.244444 0.052000 0.242512 0.049500 0.225121 0.043000
0 0.235749 0.071000 0.224155 0.074000 0.219324 0.077000 0.215459 0.083500 0.216425 0.089500 0.223188 0.099500 0.231884 0.104000 0.248309 0.105000 0.269565 0.099000 0.274396 0.096000 0.276329 0.090500 0.275362 0.088000 0.255072 0.074500 0.246377 0.072000
0 0.315942 0.077500 0.299517 0.078000 0.291787 0.081000 0.284058 0.090500 0.284058 0.096500 0.291787 0.102000 0.310145 0.104000 0.318841 0.102000 0.329469 0.096000 0.333333 0.091000 0.332367 0.084000 0.324638 0.079000
0 0.097585 0.104500 0.097585 0.112000 0.103382 0.115000 0.124638 0.117500 0.144928 0.116500 0.152657 0.115000 0.156522 0.112000 0.149758 0.096500 0.143961 0.093500 0.136232 0.092000 0.115942 0.093000 0.103382 0.099500
0 0.163285 0.091000 0.155556 0.096500 0.155556 0.104000 0.169082 0.112500 0.176812 0.114500 0.196135 0.116500 0.201932 0.114000 0.207729 0.108000 0.216425 0.106000 0.221256 0.100000 0.220290 0.095000 0.215459 0.091000 0.208696 0.088500 0.192271 0.087500
0 0.208696 0.108000 0.200000 0.115500 0.200966 0.124500 0.207729 0.129000 0.220290 0.132000 0.231884 0.132500 0.246377 0.128500 0.256039 0.123500 0.254106 0.114500 0.248309 0.109500 0.230918 0.106500 0.215459 0.106500
0 0.257005 0.103500 0.252174 0.106500 0.252174 0.111500 0.257005 0.123500 0.260870 0.127500 0.270531 0.132500 0.278261 0.134500 0.291787 0.134000 0.314010 0.124500 0.317874 0.120500 0.317874 0.114500 0.306280 0.105000 0.285024 0.101000 0.268599 0.101000
0 0.197101 0.118500 0.178744 0.115500 0.165217 0.116000 0.151691 0.118000 0.141063 0.123000 0.138164 0.126500 0.137198 0.131500 0.141063 0.137000 0.148792 0.141500 0.167150 0.144000 0.186473 0.143500 0.196135 0.141500 0.200000 0.139500 0.202899 0.135000 0.202899 0.130500
0 0.099517 0.117000 0.094686 0.119000 0.089855 0.126500 0.091787 0.135000 0.101449 0.143000 0.109179 0.145500 0.121739 0.146500 0.133333 0.145500 0.141063 0.139000 0.136232 0.131500 0.137198 0.125000 0.135266 0.122500 0.126570 0.117500 0.110145 0.116000
0 0.141063 0.145000 0.115942 0.147000 0.112077 0.149000 0.100483 0.162000 0.099517 0.169500 0.101449 0.172500 0.114976 0.179000 0.123671 0.180500 0.135266 0.181000 0.149758 0.179000 0.160386 0.174000 0.162319 0.170500 0.155556 0.151500 0.148792 0.147500
0 0.202899 0.144000 0.194203 0.143000 0.168116 0.144000 0.163285 0.145000 0.159420 0.147500 0.158454 0.154500 0.163285 0.168000 0.166184 0.171500 0.176812 0.176000 0.186473 0.176500 0.192271 0.175500 0.219324 0.161500 0.220290 0.158000 0.215459 0.154500 0.211594 0.147000
0 0.213527 0.146000 0.214493 0.152500 0.218357 0.156000 0.230918 0.162000 0.245411 0.165000 0.270531 0.165500 0.278261 0.163500 0.280193 0.158500 0.279227 0.150000 0.273430 0.142500 0.258937 0.136500 0.249275 0.135000 0.236715 0.135500 0.224155 0.139500
0 0.362319 0.138000 0.356522 0.130500 0.346860 0.125000 0.332367 0.124500 0.320773 0.125500 0.307246 0.128000 0.289855 0.134500 0.279227 0.147000 0.305314 0.156000 0.339130 0.154500 0.359420 0.148000 0.362319 0.144000
0 0.359420 0.088000 0.348792 0.090000 0.343961 0.092500 0.341063 0.095500 0.341063 0.101000 0.343961 0.106000 0.359420 0.116500 0.368116 0.118000 0.390338 0.112500 0.401932 0.105500 0.405797 0.099500 0.400000 0.095000 0.385507 0.090000
0 0.701449 0.019500 0.695652 0.021500 0.688889 0.029000 0.693720 0.041500 0.699517 0.047000 0.707246 0.049500 0.724638 0.048500 0.740097 0.043000 0.751691 0.035000 0.752657 0.032500 0.735266 0.023500 0.714976 0.019500
0 0.690821 0.053500 0.686957 0.055500 0.685024 0.060000 0.685024 0.067500 0.689855 0.073000 0.698551 0.078000 0.706280 0.080000 0.717874 0.080000 0.724638 0.078500 0.732367 0.074000 0.740097 0.065500 0.739130 0.060500 0.736232 0.058000 0.727536 0.054000 0.717874 0.052000 0.706280 0.051500
0 0.670531 0.071000 0.643478 0.080000 0.633816 0.091000 0.635749 0.100500 0.640580 0.103500 0.651208 0.106500 0.675362 0.107500 0.682126 0.106500 0.686957 0.104000 0.685990 0.095500 0.692754 0.083500 0.679227 0.073000
0 0.558454 0.121000 0.555556 0.127000 0.564251 0.136500 0.569082 0.138000 0.592271 0.141500 0.603865 0.141500 0.619324 0.138500 0.625121 0.135000 0.628986 0.119000 0.620290 0.114500 0.606763 0.112500 0.586473 0.113000 0.570048 0.116000
0 0.573913 0.101500 0.556522 0.100000 0.544928 0.102500 0.516908 0.115500 0.513043 0.119000 0.514010 0.124000 0.522705 0.128500 0.532367 0.131000 0.541063 0.129500 0.551691 0.125500 0.571981 0.114000 0.576812 0.106000 0.576812 0.103000
0 0.468599 0.116000 0.461836 0.119000 0.457005 0.125000 0.456039 0.132000 0.460870 0.139500 0.469565 0.143500 0.479227 0.145500 0.489855 0.146000 0.499517 0.144000 0.508213 0.140500 0.514010 0.135500 0.514976 0.126000 0.511111 0.122000 0.501449 0.116500 0.494686 0.115000
0 0.409662 0.109000 0.411594 0.119500 0.418357 0.124000 0.424155 0.125000 0.432850 0.125000 0.455072 0.122000 0.471498 0.113500 0.470531 0.110000 0.459903 0.103500 0.437681 0.100000 0.428986 0.100000 0.420290 0.101500 0.411594 0.106000
0 0.415459 0.146500 0.422222 0.160000 0.438647 0.168000 0.450242 0.171500 0.457971 0.172500 0.469565 0.170500 0.485024 0.162000 0.490821 0.155000 0.489855 0.151000 0.485024 0.147500 0.455072 0.141000 0.438647 0.141000
0 0.510145 0.151500 0.500483 0.158000 0.499517 0.163000 0.512077 0.178000 0.517874 0.181000 0.544928 0.179000 0.547826 0.176500 0.548792 0.171000 0.547826 0.165500 0.543961 0.160500 0.531401 0.153500 0.520773 0.151500
0 0.555556 0.139500 0.546860 0.143000 0.543961 0.146000 0.543961 0.152500 0.547826 0.159000 0.552657 0.163000 0.562319 0.166500 0.579710 0.167000 0.584541 0.166000 0.599034 0.159000 0.603865 0.147500 0.602899 0.144000 0.600000 0.142500 0.572947 0.138500
0 0.633816 0.146500 0.624155 0.146500 0.607729 0.150000 0.603865 0.152000 0.597101 0.161500 0.596135 0.170500 0.604831 0.178000 0.612560 0.179500 0.633816 0.178500 0.646377 0.175500 0.661836 0.167000 0.663768 0.162000 0.658937 0.156000 0.648309 0.150000
0 0.633816 0.121500 0.628019 0.126500 0.626087 0.135500 0.635749 0.145000 0.652174 0.148000 0.672464 0.147500 0.681159 0.145500 0.693720 0.139000 0.693720 0.135500 0.687923 0.129000 0.686957 0.122500 0.682126 0.120000 0.670531 0.118500 0.648309 0.118500
0 0.700483 0.109500 0.693720 0.113000 0.689855 0.119500 0.689855 0.129000 0.692754 0.133000 0.700483 0.136000 0.719807 0.136000 0.739130 0.132000 0.745894 0.128000 0.747826 0.123500 0.746860 0.118500 0.742995 0.115000 0.733333 0.110500 0.723671 0.108000 0.708213 0.108000
0 0.737198 0.140500 0.717874 0.138500 0.704348 0.138500 0.693720 0.140000 0.684058 0.144000 0.675362 0.150000 0.676329 0.157000 0.684058 0.165000 0.692754 0.168500 0.709179 0.169500 0.731401 0.162500 0.736232 0.160000 0.742029 0.152000 0.741063 0.143500
0 0.646377 0.177500 0.645411 0.183000 0.647343 0.189000 0.652174 0.195500 0.658937 0.197000 0.686957 0.197000 0.702415 0.195000 0.713043 0.191000 0.718841 0.186000 0.718841 0.176500 0.716908 0.173500 0.708213 0.170500 0.683092 0.166500 0.667633 0.166500 0.662802 0.167500 0.651208 0.173000
0 0.551691 0.167500 0.546860 0.182000 0.556522 0.191500 0.563285 0.195500 0.577778 0.198000 0.583575 0.197500 0.595169 0.194000 0.611594 0.185500 0.613527 0.181000 0.604831 0.178000 0.595169 0.170500 0.581643 0.167000 0.555556 0.166500
0 0.519807 0.182500 0.504348 0.193000 0.502415 0.197500 0.508213 0.203000 0.517874 0.206500 0.533333 0.209000 0.543961 0.209000 0.558454 0.207000 0.563285 0.203500 0.563285 0.197000 0.548792 0.184000 0.540097 0.181000 0.526570 0.181000
0 0.477295 0.169000 0.461836 0.172000 0.449275 0.177500 0.449275 0.187000 0.453140 0.192500 0.464734 0.197000 0.475362 0.199500 0.488889 0.199500 0.500483 0.196500 0.510145 0.187500 0.514010 0.181500 0.510145 0.177000 0.502415 0.172500 0.489855 0.169500
0 0.437681 0.173000 0.421256 0.171000 0.407729 0.172500 0.400966 0.177000 0.396135 0.184500 0.397101 0.191000 0.403865 0.199000 0.412560 0.202000 0.425121 0.200000 0.448309 0.193500 0.447343 0.177000
0 0.366184 0.162500 0.355556 0.168000 0.350725 0.173500 0.349758 0.178500 0.354589 0.187000 0.358454 0.189500 0.376812 0.190500 0.393237 0.185500 0.403865 0.174500 0.401932 0.169500 0.390338 0.164500 0.379710 0.162500
0 0.358454 0.158000 0.342995 0.155000 0.325604 0.155000 0.312077 0.156500 0.296618 0.162000 0.293720 0.165500 0.294686 0.173500 0.314010 0.183500 0.324638 0.183500 0.333333 0.182000 0.348792 0.177500 0.351691 0.172500 0.362319 0.162500
0 0.314976 0.185000 0.290821 0.172500 0.276329 0.172000 0.270531 0.173000 0.256039 0.178500 0.251208 0.183500 0.249275 0.190500 0.252174 0.197000 0.257005 0.200000 0.264734 0.201000 0.280193 0.201000 0.292754 0.199500 0.306280 0.195500 0.314976 0.190000
0 0.195169 0.174000 0.193237 0.182500 0.197101 0.185000 0.206763 0.187500 0.235749 0.189000 0.247343 0.188500 0.255072 0.178500 0.253140 0.173500 0.245411 0.166500 0.232850 0.162500 0.223188 0.162000 0.217391 0.163000
0 0.245411 0.190000 0.228986 0.188000 0.212560 0.187500 0.194203 0.190500 0.189372 0.193000 0.187440 0.196000 0.189372 0.203500 0.194203 0.208000 0.199034 0.210500 0.210628 0.212500 0.219324 0.212500 0.230918 0.209500 0.249275 0.198000 0.248309 0.192500
0 0.101449 0.185500 0.099517 0.193500 0.103382 0.199500 0.113043 0.204000 0.123671 0.205500 0.144928 0.206000 0.153623 0.204500 0.167150 0.190000 0.165217 0.185000 0.155556 0.181000 0.132367 0.181500 0.115942 0.179500 0.111111 0.180500
0 0.940097 0.000000 0.938164 0.005500 0.940097 0.009000 0.940097 0.022500 0.948792 0.028000 0.963285 0.032000 0.974879 0.032000 0.984541 0.029500 0.997101 0.023500 1.000000 0.023500 1.000000 0.010000 0.997101 0.010000 0.981643 0.002500 0.979710 0.000000
0 0.900483 0.000000 0.899517 0.002000 0.890821 0.003000 0.882126 0.006500 0.878261 0.009500 0.876329 0.014000 0.886957 0.023500 0.893720 0.027000 0.908213 0.029000 0.921739 0.028000 0.932367 0.023500 0.939130 0.015500 0.938164 0.009500 0.932367 0.005000 0.922705 0.001500 0.922705 0.000000
0 0.806763 0.032500 0.796135 0.035000 0.789372 0.039000 0.785507 0.044500 0.785507 0.053500 0.788406 0.058000 0.802899 0.064500 0.822222 0.064500 0.835749 0.061000 0.846377 0.054000 0.850242 0.045500 0.849275 0.042000 0.842512 0.037500 0.829952 0.034000 0.818357 0.032500
0 0.752657 0.035000 0.743961 0.039500 0.740097 0.043500 0.740097 0.049500 0.742995 0.055000 0.748792 0.059000 0.762319 0.064500 0.773913 0.065500 0.784541 0.064500 0.787440 0.061000 0.786473 0.043500 0.790338 0.036000 0.777778 0.033500
0 0.756522 0.008000 0.748792 0.016500 0.749758 0.024500 0.755556 0.028500 0.766184 0.031500 0.789372 0.034500 0.800000 0.033500 0.814493 0.029500 0.818357 0.022000 0.817391 0.018000 0.812560 0.013000 0.800966 0.007500 0.785507 0.003500 0.771981 0.003500 0.762319 0.005000
0 0.702415 0.008000 0.705314 0.012500 0.712077 0.016500 0.731401 0.022000 0.746860 0.017500 0.760386 0.005500 0.761353 0.000000 0.702415 0.000000
0 0.796135 0.000000 0.796135 0.002000 0.806763 0.007500 0.828986 0.011500 0.837681 0.011000 0.845411 0.006500 0.852174 0.006000 0.853140 0.000000
0 0.980676 0.031000 0.972947 0.033000 0.967150 0.036500 0.965217 0.040500 0.966184 0.049500 0.969082 0.055000 0.985507 0.062500 0.990338 0.063500 0.997101 0.060000 1.000000 0.060000 1.000000 0.031500
0 0.996135 0.060000 0.991304 0.067500 0.991304 0.076500 0.995169 0.080500 1.000000 0.081000 1.000000 0.060000
0 0.983575 0.061500 0.976812 0.058000 0.960386 0.054500 0.949758 0.055000 0.927536 0.061500 0.918841 0.068000 0.922705 0.074500 0.923671 0.084500 0.935266 0.087500 0.950725 0.087500 0.962319 0.085500 0.980676 0.080000 0.987440 0.076500 0.989372 0.073000 0.988406 0.066000
0 0.930435 0.027000 0.920773 0.028000 0.912077 0.031500 0.906280 0.037500 0.904348 0.044500 0.904348 0.053500 0.906280 0.055500 0.917874 0.059000 0.927536 0.060000 0.937198 0.058500 0.954589 0.053000 0.962319 0.048500 0.963285 0.046000 0.962319 0.038000 0.956522 0.033000 0.947826 0.030000
0 0.899517 0.064500 0.883092 0.065500 0.877295 0.069000 0.872464 0.086500 0.877295 0.093000 0.883092 0.095500 0.890821 0.095500 0.910145 0.090000 0.916908 0.086000 0.920773 0.081500 0.921739 0.075500 0.918841 0.071000 0.908213 0.066500
0 0.886957 0.095500 0.887923 0.099500 0.905314 0.106500 0.922705 0.108000 0.934300 0.110500 0.943961 0.109500 0.946860 0.107500 0.948792 0.094500 0.944928 0.090000 0.939130 0.088000 0.924638 0.087500 0.914010 0.089000
0 0.971981 0.087500 0.951691 0.093500 0.948792 0.108000 0.954589 0.113000 0.962319 0.116500 0.972947 0.118500 0.981643 0.118500 1.000000 0.115000 1.000000 0.090500 0.985507 0.087500
0 0.965217 0.120500 0.949758 0.122500 0.943961 0.125000 0.940097 0.130000 0.940097 0.135000 0.944928 0.146000 0.949758 0.150500 0.973913 0.160000 0.992271 0.149000 0.995169 0.143000 0.996135 0.130500 0.993237 0.126500 0.982609 0.121500
0 0.890821 0.110000 0.885990 0.114000 0.885990 0.116500 0.893720 0.130500 0.901449 0.135000 0.909179 0.137000 0.920773 0.137000 0.931401 0.134000 0.938164 0.130500 0.944928 0.123000 0.945894 0.118500 0.935266 0.111000 0.916908 0.107500 0.904348 0.107500
0 0.828986 0.118500 0.821256 0.126500 0.820290 0.131000 0.831884 0.136500 0.847343 0.139000 0.875362 0.139000 0.887923 0.135000 0.890821 0.131500 0.890821 0.126500 0.885990 0.117000 0.882126 0.114500 0.869565 0.112000 0.858937 0.112000
0 0.870531 0.096500 0.864734 0.093500 0.845411 0.088000 0.833816 0.087500 0.821256 0.088500 0.810628 0.092500 0.806763 0.096500 0.804831 0.104000 0.807729 0.110000 0.815459 0.115500 0.827053 0.117500 0.860870 0.111500 0.870531 0.108000 0.874396 0.104000
0 0.872464 0.065500 0.869565 0.063000 0.859903 0.060500 0.834783 0.062000 0.818357 0.065500 0.807729 0.076500 0.811594 0.080500 0.823188 0.085000 0.844444 0.086000 0.851208 0.088000 0.859903 0.087500 0.865700 0.086000 0.872464 0.081000 0.874396 0.074000
0 0.750725 0.065500 0.743961 0.069500 0.739130 0.078000 0.740097 0.083000 0.745894 0.091500 0.750725 0.094500 0.760386 0.097000 0.770048 0.097500 0.778744 0.096500 0.800000 0.088000 0.803865 0.084500 0.804831 0.079000 0.798068 0.072500 0.780676 0.066000 0.766184 0.065000
0 0.742995 0.087500 0.724638 0.082500 0.710145 0.082500 0.697585 0.085000 0.691787 0.088000 0.686957 0.094000 0.686957 0.101500 0.689855 0.104500 0.700483 0.108000 0.716908 0.107500 0.723671 0.106000 0.738164 0.100000 0.742995 0.096500
0 0.800000 0.102000 0.779710 0.097500 0.766184 0.098500 0.756522 0.104000 0.747826 0.115000 0.749758 0.127000 0.759420 0.129000 0.777778 0.129000 0.793237 0.125000 0.808696 0.115500 0.805797 0.106500
0 0.807729 0.129000 0.789372 0.128000 0.774879 0.131500 0.763285 0.138500 0.757488 0.146500 0.757488 0.153000 0.760386 0.154500 0.768116 0.155000 0.780676 0.158500 0.800000 0.158000 0.814493 0.154500 0.824155 0.149500 0.826087 0.145000 0.823188 0.138500 0.819324 0.135000
0 0.830918 0.168500 0.824155 0.167000 0.810628 0.168000 0.801932 0.170500 0.794203 0.175000 0.786473 0.184500 0.785507 0.190500 0.786473 0.193500 0.799034 0.198500 0.806763 0.199000 0.828986 0.195500 0.842512 0.190000 0.849275 0.181500 0.842512 0.175000
0 0.740097 0.160500 0.729469 0.163000 0.723671 0.166000 0.718841 0.173500 0.720773 0.191000 0.725604 0.195000 0.738164 0.198000 0.764251 0.193000 0.771014 0.190000 0.772947 0.187000 0.771014 0.179000 0.760386 0.168000 0.753623 0.164000
0 0.786473 0.194500 0.777778 0.192500 0.767150 0.192000 0.738164 0.199000 0.733333 0.204500 0.733333 0.216000 0.744928 0.221000 0.756522 0.223000 0.774879 0.222500 0.794203 0.219500 0.798068 0.215000 0.797101 0.205500 0.794203 0.200000
0 0.829952 0.196000 0.820290 0.196500 0.800966 0.202000 0.798068 0.205000 0.799034 0.212500 0.801932 0.216500 0.812560 0.222000 0.819324 0.223500 0.824155 0.223500 0.839614 0.220000 0.844444 0.217500 0.847343 0.213500 0.846377 0.208000 0.840580 0.200000
0 0.847343 0.184500 0.842512 0.192000 0.842512 0.199000 0.845411 0.203500 0.850242 0.206500 0.863768 0.208000 0.872464 0.207500 0.891787 0.201000 0.893720 0.197500 0.892754 0.191500 0.886957 0.187500 0.861836 0.182000 0.854106 0.182000
0 0.873430 0.159000 0.860870 0.162500 0.854106 0.166000 0.851208 0.169500 0.854106 0.177500 0.857005 0.180500 0.880193 0.186500 0.891787 0.187500 0.897585 0.186000 0.904348 0.181500 0.906280 0.175000 0.904348 0.165500 0.891787 0.159000
0 0.936232 0.178000 0.926570 0.177500 0.914010 0.179000 0.908213 0.180500 0.893720 0.189000 0.894686 0.201000 0.911111 0.209500 0.922705 0.210000 0.936232 0.208000 0.945894 0.204000 0.950725 0.199500 0.951691 0.188500 0.943961 0.181000
0 0.965217 0.167500 0.959420 0.170500 0.953623 0.176500 0.953623 0.186500 0.956522 0.192000 0.971981 0.196000 1.000000 0.196500 1.000000 0.165000 0.980676 0.164500
0 1.000000 0.212000 0.996135 0.212000 0.975845 0.206000 0.962319 0.206000 0.948792 0.208000 0.936232 0.211500 0.927536 0.216500 0.924638 0.220500 0.926570 0.225500 0.934300 0.233500 0.940097 0.236000 0.960386 0.237000 0.971014 0.235500 0.986473 0.231000 0.995169 0.222500 1.000000 0.221500
0 0.906280 0.216500 0.896618 0.216500 0.894686 0.228000 0.884058 0.238500 0.885024 0.242500 0.895652 0.247500 0.920773 0.243000 0.933333 0.237000 0.933333 0.232000 0.924638 0.223000 0.913043 0.218000
0 0.857971 0.208500 0.849275 0.212500 0.846377 0.216500 0.853140 0.229000 0.867633 0.241500 0.874396 0.241000 0.884058 0.238000 0.890821 0.234000 0.894686 0.229000 0.895652 0.216000 0.891787 0.212000 0.883092 0.209000
0 0.825121 0.223000 0.816425 0.227500 0.822222 0.235000 0.828986 0.240000 0.847343 0.249500 0.851208 0.250500 0.857005 0.250000 0.863768 0.245000 0.863768 0.240000 0.857005 0.232000 0.848309 0.226500 0.837681 0.223000
0 0.775845 0.222500 0.770048 0.225000 0.767150 0.228500 0.771014 0.242000 0.775845 0.247000 0.793237 0.249000 0.802899 0.246000 0.819324 0.236500 0.819324 0.232000 0.811594 0.225500 0.802899 0.222500 0.795169 0.221500
0 0.730435 0.217500 0.726570 0.222500 0.717874 0.228000 0.721739 0.249000 0.729469 0.252500 0.746860 0.253000 0.766184 0.247500 0.771014 0.244500 0.765217 0.228000 0.760386 0.224000 0.744928 0.221000 0.738164 0.217500
0 0.676329 0.220000 0.667633 0.223000 0.657005 0.229000 0.654106 0.232000 0.655072 0.237000 0.669565 0.250000 0.679227 0.254000 0.709179 0.254000 0.717874 0.247000 0.719807 0.241000 0.716908 0.233000 0.712077 0.227000 0.706280 0.224000 0.686957 0.219500
0 0.713043 0.193000 0.685990 0.198500 0.677295 0.205000 0.677295 0.211500 0.682126 0.216500 0.687923 0.219500 0.714010 0.225000 0.718841 0.225000 0.723671 0.223500 0.730435 0.216500 0.734300 0.199000 0.723671 0.194000
0 0.664734 0.200000 0.657005 0.198000 0.650242 0.198500 0.614493 0.211000 0.611594 0.217000 0.613527 0.221000 0.619324 0.225500 0.629952 0.228500 0.643478 0.229000 0.656039 0.227500 0.667633 0.221500 0.674396 0.216500 0.676329 0.211500 0.673430 0.204500
0 0.641546 0.184000 0.634783 0.182500 0.624155 0.183000 0.612560 0.186500 0.604831 0.190500 0.602899 0.192500 0.603865 0.200500 0.612560 0.208000 0.624155 0.208000 0.645411 0.201000 0.648309 0.197500 0.648309 0.191500 0.646377 0.187500
0 0.487923 0.207000 0.482126 0.211000 0.477295 0.220500 0.479227 0.225500 0.486957 0.230000 0.502415 0.236000 0.516908 0.238500 0.525604 0.238000 0.540097 0.232500 0.548792 0.223500 0.547826 0.216500 0.540097 0.211000 0.507246 0.205000 0.498551 0.205000
0 0.572947 0.199000 0.566184 0.203000 0.551691 0.215000 0.550725 0.221000 0.554589 0.226000 0.562319 0.229500 0.570048 0.231500 0.587440 0.232500 0.597101 0.230500 0.605797 0.225000 0.608696 0.221000 0.609662 0.208500 0.604831 0.203000 0.599034 0.200500 0.589372 0.198500
0 0.563285 0.233500 0.552657 0.239000 0.553623 0.249500 0.568116 0.259000 0.578744 0.261500 0.587440 0.261500 0.598068 0.257500 0.604831 0.251000 0.606763 0.246000 0.605797 0.237000 0.595169 0.232500 0.570048 0.232500
0 0.470531 0.198500 0.457005 0.194500 0.447343 0.194000 0.414493 0.204000 0.413527 0.213000 0.417391 0.217500 0.427053 0.224000 0.440580 0.225000 0.458937 0.224500 0.470531 0.222000 0.478261 0.212000 0.478261 0.203500
0 0.405797 0.201000 0.397101 0.201000 0.389372 0.204000 0.373913 0.217000 0.373913 0.226000 0.380676 0.230500 0.388406 0.232000 0.399034 0.232500 0.407729 0.231000 0.422222 0.225000 0.422222 0.220500 0.411594 0.211500 0.411594 0.204500
0 0.357488 0.212500 0.352657 0.210500 0.330435 0.207000 0.306280 0.209000 0.292754 0.212000 0.285990 0.216500 0.283092 0.221500 0.284058 0.227000 0.287923 0.231000 0.303382 0.237500 0.315942 0.238500 0.334300 0.235000 0.356522 0.225500 0.361353 0.219000 0.361353 0.216500
0 0.277295 0.203000 0.264734 0.201000 0.252174 0.200500 0.242512 0.202500 0.237681 0.205000 0.228019 0.213000 0.225121 0.220500 0.225121 0.225500 0.231884 0.231500 0.244444 0.234000 0.257005 0.233500 0.270531 0.230500 0.280193 0.226000 0.289855 0.211500 0.286957 0.207500
0 0.172947 0.206500 0.167150 0.210000 0.163285 0.218500 0.162319 0.225000 0.166184 0.229500 0.171014 0.231000 0.183575 0.231500 0.206763 0.229500 0.219324 0.224500 0.222222 0.221000 0.222222 0.215500 0.219324 0.213000 0.199034 0.210000 0.192271 0.205000 0.186473 0.203500
0 0.092754 0.209000 0.104348 0.218500 0.119807 0.222500 0.157488 0.223000 0.162319 0.221000 0.166184 0.213500 0.165217 0.209500 0.156522 0.207000 0.109179 0.205500
0 0.144928 0.224500 0.125604 0.222500 0.115942 0.223000 0.104348 0.229500 0.099517 0.234500 0.096618 0.241500 0.099517 0.248000 0.107246 0.253000 0.116908 0.255500 0.133333 0.255000 0.142995 0.253000 0.153623 0.248500 0.155556 0.240500 0.160386 0.235500 0.152657 0.228000
0 0.223188 0.236000 0.203865 0.231000 0.172947 0.232000 0.168116 0.233500 0.156522 0.241500 0.157488 0.251000 0.163285 0.255000 0.176812 0.258500 0.194203 0.259000 0.205797 0.257500 0.217391 0.253500 0.221256 0.250500 0.228019 0.241000
0 0.278261 0.233000 0.268599 0.231500 0.248309 0.234500 0.227053 0.242500 0.222222 0.248000 0.221256 0.252500 0.226087 0.259000 0.229952 0.261000 0.244444 0.265000 0.256039 0.265000 0.271498 0.261500 0.285024 0.256500 0.290821 0.252000 0.290821 0.247000 0.287923 0.241000
0 0.360386 0.228000 0.345894 0.230000 0.330435 0.236500 0.328502 0.240500 0.328502 0.248500 0.330435 0.251500 0.338164 0.257500 0.348792 0.261500 0.368116 0.260500 0.371981 0.259000 0.380676 0.240500 0.380676 0.235000 0.374879 0.232000
0 0.405797 0.234500 0.388406 0.235500 0.380676 0.239000 0.373913 0.257500 0.375845 0.261500 0.381643 0.265000 0.400000 0.264500 0.415459 0.262000 0.426087 0.257000 0.429952 0.253000 0.428019 0.248500 0.419324 0.244500 0.410628 0.236500
0 0.480193 0.232000 0.472464 0.225000 0.467633 0.223500 0.424155 0.225000 0.419324 0.226000 0.414493 0.229000 0.413527 0.236500 0.418357 0.242000 0.424155 0.244000 0.434783 0.245000 0.457005 0.244500 0.465700 0.243500 0.475362 0.240000 0.480193 0.237000
0 0.494686 0.235500 0.488889 0.236000 0.482126 0.238500 0.476329 0.247000 0.476329 0.252500 0.485990 0.264500 0.492754 0.266500 0.498551 0.266500 0.518841 0.256000 0.525604 0.250500 0.526570 0.247000 0.518841 0.239500
0 0.638647 0.229000 0.625121 0.230000 0.615459 0.233000 0.607729 0.238000 0.607729 0.258500 0.611594 0.262000 0.623188 0.265000 0.634783 0.265500 0.650242 0.263500 0.660870 0.260000 0.665700 0.256000 0.665700 0.250500 0.651208 0.234500 0.643478 0.230000
0 1.000000 0.241500 0.983575 0.239500 0.973913 0.239500 0.960386 0.241500 0.948792 0.247000 0.945894 0.257000 0.950725 0.266000 0.957488 0.271000 0.965217 0.272000 0.971981 0.271500 1.000000 0.266000
0 0.995169 0.266500 0.987440 0.270000 0.978744 0.279500 0.980676 0.283500 0.987440 0.288500 0.995169 0.291500 1.000000 0.291500 1.000000 0.266500
0 0.986473 0.291500 0.979710 0.293500 0.960386 0.306500 0.960386 0.313500 0.976812 0.322000 0.991304 0.322500 1.000000 0.321500 1.000000 0.292000
0 0.995169 0.322500 0.988406 0.329500 0.988406 0.334500 0.995169 0.340500 1.000000 0.341000 1.000000 0.322500
0 0.976812 0.334000 0.955556 0.335500 0.947826 0.337500 0.939130 0.342500 0.936232 0.347500 0.936232 0.354000 0.942029 0.359000 0.951691 0.363500 0.965217 0.365000 0.974879 0.364500 0.987440 0.358500 0.994203 0.350500 0.993237 0.344000 0.987440 0.337500
0 0.926570 0.308500 0.919807 0.310000 0.914976 0.313500 0.914976 0.326500 0.919807 0.334000 0.927536 0.337500 0.938164 0.339500 0.964251 0.332000 0.971981 0.326000 0.971981 0.322000 0.958454 0.313000
0 0.971981 0.274500 0.962319 0.274000 0.954589 0.277000 0.933333 0.280000 0.914976 0.286000 0.911111 0.290000 0.911111 0.295500 0.929469 0.307500 0.940097 0.309500 0.952657 0.309000 0.969082 0.301000 0.976812 0.293000 0.977778 0.286000 0.976812 0.279000
0 0.950725 0.267000 0.943961 0.259500 0.903382 0.263000 0.891787 0.267000 0.886957 0.271500 0.898551 0.278000 0.928502 0.281500 0.948792 0.277500 0.950725 0.275500
0 0.942029 0.245000 0.935266 0.242000 0.927536 0.241000 0.897585 0.248000 0.892754 0.251500 0.892754 0.256500 0.896618 0.260500 0.901449 0.262500 0.907246 0.263000 0.929469 0.261000 0.939130 0.259000 0.942995 0.256500 0.944928 0.252500 0.944928 0.247500
0 0.884058 0.246500 0.866667 0.246500 0.858937 0.250000 0.847343 0.262000 0.849275 0.268500 0.867633 0.271500 0.881159 0.269500 0.885990 0.267500 0.890821 0.263500 0.892754 0.259000 0.886957 0.247500
0 0.822222 0.237500 0.813527 0.240000 0.803865 0.245500 0.798068 0.251500 0.799034 0.256500 0.803865 0.262500 0.810628 0.265500 0.830918 0.265000 0.842512 0.262000 0.850242 0.256000 0.848309 0.249500 0.837681 0.243500
0 0.760386 0.249000 0.749758 0.253500 0.743961 0.259500 0.742029 0.268500 0.744928 0.273500 0.751691 0.276500 0.777778 0.277500 0.789372 0.275500 0.801932 0.267500 0.800000 0.259500 0.794203 0.257000 0.791304 0.252000 0.787440 0.249500 0.777778 0.248000
0 0.681159 0.255000 0.673430 0.257500 0.668599 0.261500 0.668599 0.268000 0.676329 0.276500 0.683092 0.280000 0.692754 0.282000 0.700483 0.281500 0.714010 0.275500 0.719807 0.268500 0.718841 0.260500 0.715942 0.257500 0.710145 0.255000
0 0.666667 0.269000 0.647343 0.268000 0.635749 0.272000 0.629952 0.281500 0.628986 0.288000 0.633816 0.294500 0.637681 0.296500 0.655072 0.296500 0.676329 0.292000 0.688889 0.287500 0.686957 0.282000 0.677295 0.277000
0 0.609662 0.261500 0.596135 0.262000 0.583575 0.264000 0.576812 0.267500 0.573913 0.273000 0.574879 0.280000 0.582609 0.287500 0.595169 0.294000 0.600000 0.295000 0.610628 0.294000 0.626087 0.288000 0.634783 0.272500 0.633816 0.268500 0.629952 0.266000 0.624155 0.265500
0 0.585507 0.291500 0.574879 0.280000 0.569082 0.277500 0.561353 0.277000 0.545894 0.279000 0.533333 0.282000 0.526570 0.285000 0.514976 0.295000 0.521739 0.299000 0.537198 0.304000 0.568116 0.304500 0.579710 0.302000 0.585507 0.299000
0 0.549758 0.249500 0.538164 0.249000 0.528502 0.251000 0.511111 0.260500 0.505314 0.266000 0.507246 0.275500 0.511111 0.278000 0.534300 0.282000 0.560386 0.276000 0.564251 0.274000 0.571014 0.266500 0.570048 0.261000 0.557488 0.252500
0 0.493720 0.268000 0.485990 0.267500 0.482126 0.268500 0.479227 0.273000 0.472464 0.276000 0.463768 0.276500 0.450242 0.275000 0.447343 0.277500 0.447343 0.284500 0.451208 0.291000 0.457005 0.295000 0.468599 0.299500 0.475362 0.300000 0.492754 0.296500 0.503382 0.292000 0.510145 0.287000 0.512077 0.284000 0.511111 0.280000 0.502415 0.271500
0 0.445411 0.246500 0.436715 0.249500 0.430918 0.253500 0.428986 0.256500 0.429952 0.265000 0.453140 0.275000 0.465700 0.276500 0.475362 0.275500 0.480193 0.272000 0.483092 0.263000 0.473430 0.249000 0.460870 0.245500
0 0.444444 0.271500 0.421256 0.262500 0.412560 0.262500 0.382609 0.266000 0.371014 0.271000 0.368116 0.274500 0.368116 0.283500 0.371981 0.289500 0.379710 0.294000 0.389372 0.296500 0.398068 0.296000 0.412560 0.293000 0.433816 0.286500 0.441546 0.282500 0.445411 0.276500
0 0.342995 0.263000 0.328502 0.260000 0.318841 0.260000 0.310145 0.261500 0.303382 0.265000 0.297585 0.271500 0.296618 0.279500 0.298551 0.283500 0.305314 0.287500 0.311111 0.288500 0.325604 0.287500 0.353623 0.278000 0.356522 0.276000 0.355556 0.271000 0.349758 0.266000
0 0.289855 0.261500 0.285024 0.259000 0.277295 0.259500 0.253140 0.266000 0.236715 0.275000 0.234783 0.278000 0.235749 0.283500 0.251208 0.289000 0.260870 0.290500 0.275362 0.290000 0.293720 0.283500 0.295652 0.281000 0.294686 0.269000
0 0.223188 0.263000 0.202899 0.263000 0.185507 0.269500 0.174879 0.271500 0.171014 0.274000 0.168116 0.278500 0.169082 0.288000 0.172947 0.292000 0.183575 0.296500 0.192271 0.298000 0.204831 0.297500 0.217391 0.294000 0.228019 0.288500 0.230918 0.284500 0.232850 0.271000 0.230918 0.266500
0 0.153623 0.251500 0.147826 0.251500 0.136232 0.254500 0.121739 0.256000 0.114976 0.259000 0.111111 0.267500 0.112077 0.273000 0.116908 0.280500 0.124638 0.284500 0.143961 0.284500 0.164251 0.281000 0.168116 0.278500 0.171014 0.273500 0.178744 0.268000 0.175845 0.260000
0 0.155556 0.285000 0.122705 0.285000 0.116908 0.286000 0.110145 0.290500 0.109179 0.297000 0.114010 0.307500 0.117874 0.311500 0.131401 0.316500 0.138164 0.317500 0.148792 0.317000 0.166184 0.310500 0.173913 0.299500 0.172947 0.292500 0.168116 0.288500
0 0.249275 0.305000 0.240580 0.302500 0.226087 0.300500 0.207729 0.302000 0.201932 0.305000 0.197101 0.311500 0.197101 0.321000 0.200966 0.326000 0.206763 0.328500 0.218357 0.329000 0.229952 0.327000 0.257005 0.317000 0.257971 0.313500
0 0.268599 0.292500 0.253140 0.302000 0.254106 0.307500 0.260870 0.313000 0.281159 0.320500 0.288889 0.322000 0.302415 0.322000 0.311111 0.320500 0.320773 0.314500 0.321739 0.301500 0.319807 0.298000 0.306280 0.292000 0.291787 0.289000 0.283092 0.289000
0 0.347826 0.288000 0.338164 0.289500 0.332367 0.292500 0.324638 0.301000 0.322705 0.307500 0.326570 0.314000 0.335266 0.319000 0.343961 0.321500 0.355556 0.322000 0.363285 0.321000 0.372947 0.317500 0.383575 0.315500 0.391304 0.312000 0.393237 0.300500 0.387440 0.296000 0.372947 0.291000
0 0.451208 0.293000 0.419324 0.291500 0.409662 0.294000 0.403865 0.297500 0.400000 0.304500 0.401932 0.314500 0.412560 0.323500 0.418357 0.325000 0.428019 0.324500 0.431884 0.319500 0.440580 0.314000 0.451208 0.311500 0.460870 0.312000 0.465700 0.309500 0.468599 0.303500 0.467633 0.300500 0.459903 0.296000
0 0.495652 0.296000 0.475362 0.300500 0.470531 0.306500 0.471498 0.312000 0.476329 0.317500 0.492754 0.327500 0.506280 0.328000 0.512077 0.326500 0.519807 0.320000 0.531401 0.314000 0.535266 0.310500 0.535266 0.305500 0.532367 0.303000 0.520773 0.299000
0 0.541063 0.312500 0.534300 0.313500 0.519807 0.320000 0.514976 0.324500 0.516908 0.334500 0.525604 0.341000 0.535266 0.344500 0.547826 0.345000 0.556522 0.342500 0.567150 0.341500 0.577778 0.333500 0.578744 0.326000 0.571981 0.318500 0.565217 0.315000 0.558454 0.313000
0 0.639614 0.316000 0.636715 0.322500 0.630918 0.326000 0.625121 0.332500 0.626087 0.341500 0.629952 0.347000 0.639614 0.353000 0.648309 0.355500 0.656039 0.356000 0.670531 0.352500 0.683092 0.346500 0.685024 0.342500 0.684058 0.333500 0.679227 0.326000 0.670531 0.321500 0.649275 0.316500
0 0.619324 0.331500 0.605797 0.329500 0.589372 0.330000 0.581643 0.331500 0.572947 0.336500 0.568116 0.341500 0.570048 0.353500 0.573913 0.357500 0.586473 0.363500 0.612560 0.361500 0.622222 0.357000 0.626087 0.351000 0.626087 0.344000 0.623188 0.334000
0 0.692754 0.289500 0.685024 0.289500 0.658937 0.296000 0.653140 0.300500 0.652174 0.303000 0.655072 0.309500 0.670531 0.317000 0.684058 0.318500 0.693720 0.318000 0.699517 0.316500 0.703382 0.313500 0.710145 0.301500
0 0.742029 0.275000 0.731401 0.273500 0.720773 0.275000 0.706280 0.279000 0.699517 0.282500 0.695652 0.287000 0.695652 0.291500 0.709179 0.301000 0.720773 0.300000 0.745894 0.289000 0.748792 0.281500 0.747826 0.279000
0 0.755556 0.279000 0.747826 0.289000 0.747826 0.294000 0.749758 0.297000 0.763285 0.304500 0.768116 0.306000 0.777778 0.306000 0.800966 0.299000 0.803865 0.295500 0.803865 0.290000 0.798068 0.283500 0.788406 0.277500 0.760386 0.277000
0 0.801932 0.269500 0.793237 0.275000 0.793237 0.280000 0.805797 0.289000 0.821256 0.294500 0.838647 0.292500 0.856039 0.276000 0.853140 0.272000 0.848309 0.269500 0.838647 0.267500 0.812560 0.267000
0 0.874396 0.271000 0.865700 0.273000 0.855072 0.278000 0.846377 0.286000 0.845411 0.292500 0.868599 0.304500 0.878261 0.306500 0.887923 0.306500 0.894686 0.305000 0.908213 0.298500 0.911111 0.294000 0.912077 0.283000 0.909179 0.280500 0.897585 0.278000 0.885024 0.272500
0 0.866667 0.316000 0.852174 0.322000 0.853140 0.326500 0.872464 0.335000 0.883092 0.336500 0.897585 0.331000 0.900483 0.321500 0.896618 0.318000 0.883092 0.314500
0 0.828986 0.294000 0.819324 0.300000 0.819324 0.306500 0.841546 0.320000 0.850242 0.321500 0.857971 0.320500 0.865700 0.317000 0.868599 0.313000 0.868599 0.309000 0.865700 0.305000 0.846377 0.294000 0.838647 0.293000
0 0.803865 0.299000 0.791304 0.301500 0.773913 0.307500 0.771014 0.310500 0.771981 0.322500 0.790338 0.332500 0.807729 0.335000 0.815459 0.333500 0.830918 0.325500 0.835749 0.317500 0.819324 0.307000 0.816425 0.302000 0.810628 0.299500
0 0.746860 0.298500 0.723671 0.299500 0.714010 0.302000 0.710145 0.304000 0.704348 0.311000 0.703382 0.315000 0.705314 0.317500 0.717874 0.323500 0.736232 0.328500 0.754589 0.327000 0.769082 0.319000 0.769082 0.314000 0.765217 0.306500 0.753623 0.299500
0 0.687923 0.319500 0.683092 0.322500 0.682126 0.329000 0.685024 0.335000 0.698551 0.349000 0.705314 0.351000 0.711111 0.351000 0.729469 0.346000 0.736232 0.342500 0.737198 0.333500 0.735266 0.330000 0.708213 0.320000 0.700483 0.319000
0 0.740097 0.331000 0.738164 0.333000 0.739130 0.341500 0.756522 0.345500 0.762319 0.348500 0.777778 0.350500 0.786473 0.349500 0.793237 0.346500 0.796135 0.343000 0.795169 0.336500 0.789372 0.332500 0.771014 0.326500 0.760386 0.326000 0.745894 0.328500
0 0.853140 0.327000 0.834783 0.326500 0.828019 0.327500 0.809662 0.337000 0.802899 0.343500 0.802899 0.347500 0.806763 0.353500 0.804831 0.356500 0.806763 0.361000 0.821256 0.361000 0.828019 0.364000 0.853140 0.362500 0.864734 0.356500 0.872464 0.347000 0.873430 0.340000 0.865700 0.333000
0 0.882126 0.337500 0.877295 0.342500 0.874396 0.350000 0.878261 0.356500 0.885990 0.361000 0.899517 0.362500 0.914976 0.362500 0.927536 0.358500 0.933333 0.353500 0.935266 0.344500 0.934300 0.341500 0.923671 0.336000 0.914976 0.333500 0.904348 0.333000
0 0.981643 0.365000 0.972947 0.366000 0.955556 0.364000 0.942995 0.368000 0.931401 0.375500 0.929469 0.381000 0.931401 0.388500 0.942995 0.393500 0.955556 0.396500 0.966184 0.395500 0.979710 0.391000 0.986473 0.385000 0.991304 0.377500 0.989372 0.371500
0 0.994203 0.381000 0.987440 0.383000 0.982609 0.388000 0.979710 0.397000 0.983575 0.404500 0.993237 0.408500 1.000000 0.409000 1.000000 0.381000
0 0.996135 0.352000 0.990338 0.360000 0.989372 0.370000 0.995169 0.379500 1.000000 0.380000 1.000000 0.352000
0 0.980676 0.405500 0.972947 0.411000 0.972947 0.418000 0.985507 0.428000 0.994203 0.431500 1.000000 0.431500 1.000000 0.408500 0.995169 0.408500 0.988406 0.405500
0 0.955556 0.415000 0.948792 0.417500 0.943961 0.422000 0.943961 0.439000 0.948792 0.445000 0.956522 0.449500 0.961353 0.450500 0.975845 0.450000 0.990338 0.445500 0.995169 0.439500 0.994203 0.434000 0.986473 0.428000 0.971981 0.423500 0.970048 0.420000 0.963285 0.416500
0 1.000000 0.452500 0.997101 0.452500 0.990338 0.447500 0.986473 0.447500 0.977778 0.449500 0.942995 0.453000 0.937198 0.458500 0.939130 0.464000 0.945894 0.469000 0.955556 0.472500 0.964251 0.473500 0.982609 0.473000 1.000000 0.469500
0 0.942995 0.439500 0.934300 0.439500 0.914976 0.445500 0.905314 0.446500 0.898551 0.451000 0.899517 0.456500 0.907246 0.463000 0.922705 0.464500 0.934300 0.461000 0.944928 0.444000
0 0.932367 0.463500 0.926570 0.463000 0.920773 0.464500 0.906280 0.463000 0.897585 0.463500 0.875362 0.468500 0.871498 0.470500 0.870531 0.475000 0.876329 0.484500 0.889855 0.486000 0.905314 0.485500 0.927536 0.475500 0.933333 0.468000
0 0.838647 0.442000 0.833816 0.447500 0.833816 0.456500 0.839614 0.463000 0.845411 0.466000 0.856039 0.467500 0.869565 0.467500 0.877295 0.465000 0.884058 0.464500 0.891787 0.460500 0.896618 0.455500 0.897585 0.446500 0.895652 0.444500 0.885990 0.441000 0.867633 0.439500 0.859903 0.437000 0.850242 0.437000
0 0.866667 0.419500 0.862802 0.425000 0.863768 0.431000 0.865700 0.433500 0.879227 0.439500 0.903382 0.445500 0.917874 0.445000 0.932367 0.439500 0.936232 0.429500 0.936232 0.423500 0.934300 0.421500 0.908213 0.417000 0.875362 0.417500
0 0.926570 0.389500 0.907246 0.396500 0.896618 0.398500 0.895652 0.409000 0.899517 0.413500 0.915942 0.418500 0.936232 0.421000 0.943961 0.419500 0.961353 0.408500 0.961353 0.402500 0.955556 0.397000 0.935266 0.390500
0 0.866667 0.362500 0.863768 0.364500 0.864734 0.377000 0.872464 0.386000 0.882126 0.392000 0.896618 0.397000 0.906280 0.396500 0.919807 0.392000 0.924638 0.389000 0.929469 0.379500 0.929469 0.374500 0.925604 0.370500 0.915942 0.366500 0.902415 0.363000 0.893720 0.362000
0 0.853140 0.365000 0.834783 0.364000 0.824155 0.365500 0.814493 0.369000 0.808696 0.374500 0.803865 0.385000 0.826087 0.394500 0.839614 0.395000 0.848309 0.394000 0.860870 0.391000 0.866667 0.387500 0.866667 0.379500 0.858937 0.369500
0 0.838647 0.396500 0.832850 0.401500 0.831884 0.409000 0.844444 0.414500 0.867633 0.417500 0.885990 0.417000 0.892754 0.415000 0.894686 0.412500 0.892754 0.398000 0.878261 0.390000 0.865700 0.389500
0 0.846377 0.415500 0.837681 0.412500 0.827053 0.411500 0.821256 0.412000 0.810628 0.415500 0.798068 0.416000 0.791304 0.419000 0.781643 0.428000 0.788406 0.440000 0.798068 0.445500 0.816425 0.446000 0.827053 0.445000 0.852174 0.435500 0.859903 0.423500 0.850242 0.420000
0 0.825121 0.445500 0.798068 0.446500 0.788406 0.448500 0.782609 0.453500 0.781643 0.465000 0.804831 0.480000 0.828986 0.476000 0.835749 0.471000 0.836715 0.461500 0.830918 0.447500
0 0.771014 0.442500 0.761353 0.442500 0.743961 0.445500 0.732367 0.449500 0.724638 0.455000 0.726570 0.462000 0.737198 0.464500 0.753623 0.470500 0.768116 0.466000 0.778744 0.465000 0.783575 0.451000 0.781643 0.447000
0 0.776812 0.429500 0.771014 0.427500 0.753623 0.425500 0.727536 0.431000 0.725604 0.435500 0.737198 0.445500 0.745894 0.445500 0.766184 0.441500 0.776812 0.436000
0 0.759420 0.400500 0.750725 0.403000 0.748792 0.409500 0.763285 0.425500 0.766184 0.427000 0.774879 0.427000 0.788406 0.422000 0.790338 0.420500 0.790338 0.415500 0.771014 0.401000
0 0.784541 0.389000 0.775845 0.396000 0.775845 0.401000 0.785507 0.411500 0.791304 0.414500 0.808696 0.415500 0.814493 0.414500 0.827053 0.409000 0.829952 0.406000 0.829952 0.402500 0.822222 0.394000 0.812560 0.389500 0.802899 0.387500 0.792271 0.387500
0 0.800966 0.348500 0.790338 0.348500 0.771014 0.351000 0.768116 0.352500 0.763285 0.362000 0.763285 0.369000 0.767150 0.376000 0.783575 0.386500 0.795169 0.386000 0.802899 0.382000 0.812560 0.370000 0.811594 0.365000 0.805797 0.362500 0.803865 0.358500 0.805797 0.350500
0 0.749758 0.343500 0.737198 0.343000 0.724638 0.347500 0.713043 0.354500 0.710145 0.357500 0.710145 0.363500 0.715942 0.368500 0.729469 0.371000 0.740097 0.370500 0.748792 0.368500 0.760386 0.362500 0.764251 0.358500 0.764251 0.351000 0.760386 0.347500
0 0.737198 0.370500 0.729469 0.374000 0.725604 0.379000 0.726570 0.388000 0.734300 0.396000 0.745894 0.401000 0.755556 0.401000 0.769082 0.398500 0.774879 0.395500 0.779710 0.390000 0.776812 0.383500 0.765217 0.374500 0.760386 0.372500 0.746860 0.369500
0 0.710145 0.374000 0.699517 0.376000 0.685990 0.380500 0.688889 0.387500 0.688889 0.395000 0.684058 0.399500 0.684058 0.402000 0.688889 0.405000 0.694686 0.406500 0.706280 0.406500 0.714976 0.405000 0.721739 0.402000 0.725604 0.397500 0.724638 0.380000 0.718841 0.376500
0 0.689855 0.348500 0.677295 0.349500 0.656039 0.356500 0.646377 0.361000 0.643478 0.366000 0.650242 0.372000 0.685024 0.379500 0.695652 0.377500 0.711111 0.372000 0.713043 0.367500 0.707246 0.357000 0.698551 0.350500
0 0.640580 0.377500 0.635749 0.381500 0.632850 0.388000 0.634783 0.394500 0.640580 0.398500 0.650242 0.403000 0.657971 0.404000 0.671498 0.404000 0.681159 0.402500 0.686957 0.398500 0.689855 0.394000 0.689855 0.388000 0.683092 0.379500 0.663768 0.374000 0.654106 0.374000
0 0.599034 0.363000 0.580676 0.370000 0.576812 0.372500 0.576812 0.376000 0.602899 0.383500 0.609662 0.387500 0.611594 0.392000 0.624155 0.392000 0.628986 0.390000 0.638647 0.378000 0.638647 0.372000 0.630918 0.365000 0.624155 0.362500 0.616425 0.361500
0 0.567150 0.353500 0.558454 0.351500 0.545894 0.351000 0.538164 0.352000 0.527536 0.357000 0.522705 0.361500 0.520773 0.369000 0.523671 0.373500 0.529469 0.377000 0.538164 0.379500 0.549758 0.379500 0.574879 0.373500 0.580676 0.369500 0.582609 0.364500 0.579710 0.361000
0 0.533333 0.345500 0.519807 0.338500 0.511111 0.338000 0.480193 0.343500 0.472464 0.346000 0.467633 0.349000 0.466667 0.355000 0.480193 0.365500 0.488889 0.367500 0.508213 0.368000 0.522705 0.361500 0.534300 0.352000
0 0.443478 0.312000 0.433816 0.317000 0.429952 0.321000 0.428019 0.325500 0.428986 0.330500 0.433816 0.335500 0.442512 0.339000 0.457971 0.343500 0.466667 0.343500 0.482126 0.335000 0.486957 0.327500 0.485990 0.323000 0.472464 0.315500 0.463768 0.313000 0.454106 0.311500
0 0.418357 0.339000 0.411594 0.342500 0.403865 0.349500 0.403865 0.357000 0.406763 0.362000 0.412560 0.364500 0.427053 0.367000 0.449275 0.366500 0.459903 0.363500 0.465700 0.358500 0.465700 0.347500 0.463768 0.344500 0.436715 0.337000 0.428019 0.337000
0 0.398068 0.342500 0.387440 0.343000 0.378744 0.345500 0.353623 0.358500 0.347826 0.364000 0.347826 0.367500 0.349758 0.370500 0.356522 0.374500 0.367150 0.377500 0.386473 0.378000 0.393237 0.376000 0.405797 0.369500 0.407729 0.364000 0.403865 0.359500 0.400966 0.345500
0 0.362319 0.327000 0.351691 0.326000 0.336232 0.327500 0.326570 0.330000 0.316908 0.334500 0.309179 0.341000 0.307246 0.345500 0.308213 0.351500 0.316908 0.358000 0.325604 0.360000 0.335266 0.360000 0.349758 0.358000 0.359420 0.355500 0.369082 0.350000 0.374879 0.345000 0.373913 0.337000
0 0.295652 0.351500 0.284058 0.349500 0.269565 0.349000 0.244444 0.358500 0.239614 0.365500 0.240580 0.369000 0.246377 0.374000 0.259903 0.378000 0.266667 0.378000 0.277295 0.376000 0.285024 0.373000 0.297585 0.365000 0.300483 0.357000 0.299517 0.353500
0 0.262802 0.319000 0.252174 0.319000 0.234783 0.325500 0.221256 0.337000 0.219324 0.340500 0.220290 0.348000 0.227053 0.352000 0.236715 0.354500 0.247343 0.355000 0.257971 0.353000 0.270531 0.347500 0.274396 0.340000 0.274396 0.329000 0.269565 0.322500
0 0.206763 0.347500 0.199034 0.349000 0.187440 0.361500 0.190338 0.366000 0.189372 0.377500 0.199034 0.382500 0.209662 0.384000 0.231884 0.381000 0.241546 0.378000 0.244444 0.376000 0.244444 0.372500 0.240580 0.369000 0.240580 0.360500 0.237681 0.358000 0.218357 0.349000
0 0.127536 0.355500 0.125604 0.359500 0.126570 0.369500 0.131401 0.375000 0.137198 0.378000 0.152657 0.383000 0.164251 0.383000 0.174879 0.381000 0.183575 0.377500 0.188406 0.373000 0.189372 0.367500 0.186473 0.363000 0.180676 0.359500 0.164251 0.355000 0.155556 0.354000 0.131401 0.354000
0 0.126570 0.340000 0.124638 0.343000 0.127536 0.351500 0.135266 0.354000 0.157488 0.354500 0.177778 0.359500 0.182609 0.359500 0.186473 0.358500 0.196135 0.350500 0.196135 0.340500 0.193237 0.337000 0.185507 0.333000 0.171981 0.330000 0.159420 0.329500 0.148792 0.331000 0.136232 0.335000
0 0.121739 0.377500 0.103382 0.382500 0.101449 0.387000 0.095652 0.392500 0.096618 0.397500 0.100483 0.402000 0.114010 0.410000 0.122705 0.412000 0.132367 0.412000 0.143961 0.409000 0.150725 0.405000 0.154589 0.400000 0.153623 0.387500 0.151691 0.385000 0.138164 0.379000 0.130435 0.377500
0 0.200000 0.383000 0.193237 0.381500 0.170048 0.382500 0.160386 0.384500 0.155556 0.390500 0.158454 0.400000 0.168116 0.404000 0.177778 0.405000 0.200966 0.400000 0.206763 0.395000 0.206763 0.389500 0.203865 0.385000
0 0.232850 0.389500 0.222222 0.389000 0.217391 0.390000 0.187440 0.405500 0.186473 0.412500 0.189372 0.415500 0.207729 0.422500 0.240580 0.412500 0.243478 0.410000 0.243478 0.407000 0.238647 0.401000 0.237681 0.392000
0 0.279227 0.380000 0.260870 0.380000 0.248309 0.384000 0.241546 0.388500 0.238647 0.394000 0.239614 0.402000 0.243478 0.406000 0.252174 0.409500 0.259903 0.411000 0.274396 0.410500 0.288889 0.407000 0.295652 0.402000 0.301449 0.392000 0.295652 0.386000 0.288889 0.382500
0 0.314010 0.359500 0.305314 0.362000 0.292754 0.369500 0.290821 0.376000 0.294686 0.383500 0.311111 0.391000 0.336232 0.391500 0.345894 0.384000 0.353623 0.380500 0.355556 0.375500 0.340097 0.362500
0 0.348792 0.383000 0.342029 0.388000 0.341063 0.393500 0.344928 0.398000 0.363285 0.409000 0.373913 0.411000 0.390338 0.411500 0.396135 0.410000 0.402899 0.401000 0.403865 0.396000 0.398068 0.392500 0.387440 0.379500 0.383575 0.378500 0.365217 0.378500
0 0.458937 0.373000 0.451208 0.371500 0.447343 0.368000 0.438647 0.366500 0.411594 0.369000 0.392271 0.377000 0.390338 0.380500 0.392271 0.385500 0.400000 0.393000 0.409662 0.397500 0.413527 0.398000 0.428986 0.396000 0.438647 0.393000 0.454106 0.385000
0 0.464734 0.370500 0.459903 0.378000 0.459903 0.385000 0.464734 0.390000 0.477295 0.395000 0.493720 0.395500 0.505314 0.394500 0.531401 0.381000 0.528502 0.377000 0.514976 0.370500 0.506280 0.368000 0.479227 0.366500
0 0.560386 0.382000 0.537198 0.381500 0.526570 0.383500 0.516908 0.389000 0.514976 0.391500 0.515942 0.395000 0.538164 0.404000 0.542029 0.404500 0.554589 0.402500 0.557488 0.401000 0.558454 0.391500 0.563285 0.385500
0 0.571014 0.376500 0.563285 0.380500 0.562319 0.384500 0.557488 0.390000 0.558454 0.403000 0.566184 0.407000 0.588406 0.407000 0.597101 0.404000 0.608696 0.397500 0.612560 0.393000 0.610628 0.388000 0.607729 0.385000 0.595169 0.380000 0.579710 0.377000
0 0.589372 0.407000 0.589372 0.411500 0.594203 0.419000 0.599034 0.421500 0.607729 0.423500 0.621256 0.423500 0.634783 0.421000 0.642512 0.417000 0.646377 0.409000 0.643478 0.404500 0.618357 0.398000 0.611594 0.397500 0.606763 0.398500
0 0.700483 0.411500 0.684058 0.403500 0.653140 0.403500 0.650242 0.404500 0.644444 0.415500 0.645411 0.421000 0.650242 0.424500 0.656039 0.426000 0.669565 0.427500 0.675362 0.427000 0.693720 0.422500 0.697585 0.420500
0 0.740097 0.404000 0.724638 0.403500 0.702415 0.412000 0.699517 0.416000 0.699517 0.424000 0.702415 0.427500 0.708213 0.430000 0.724638 0.431500 0.742995 0.428000 0.748792 0.424500 0.749758 0.412000 0.746860 0.407500
0 0.676329 0.435500 0.674396 0.440000 0.678261 0.442000 0.700483 0.442000 0.711111 0.445500 0.717874 0.449500 0.724638 0.449500 0.730435 0.447000 0.732367 0.443000 0.729469 0.439000 0.718841 0.433500 0.701449 0.429000 0.691787 0.429000 0.683092 0.431500
0 0.694686 0.441000 0.677295 0.441000 0.670531 0.442500 0.663768 0.445500 0.651208 0.454500 0.649275 0.463000 0.668599 0.474000 0.674396 0.475000 0.687923 0.474500 0.706280 0.468000 0.714976 0.462000 0.716908 0.457500 0.715942 0.449500 0.707246 0.443500
0 0.615459 0.425500 0.604831 0.431000 0.609662 0.440500 0.621256 0.448500 0.628986 0.451500 0.649275 0.454000 0.670531 0.441500 0.673430 0.436000 0.672464 0.429500 0.669565 0.428000 0.633816 0.422000
0 0.601932 0.431500 0.584541 0.428500 0.575845 0.430000 0.560386 0.435500 0.558454 0.437500 0.558454 0.443500 0.563285 0.452500 0.567150 0.455000 0.579710 0.456500 0.597101 0.452500 0.615459 0.451500 0.615459 0.447000
0 0.547826 0.404000 0.541063 0.407000 0.538164 0.411000 0.539130 0.418000 0.550725 0.430000 0.556522 0.433000 0.566184 0.433500 0.582609 0.428000 0.590338 0.424000 0.592271 0.421500 0.590338 0.412000 0.585507 0.408000 0.571981 0.407500 0.558454 0.403500
0 0.536232 0.404500 0.523671 0.398500 0.507246 0.395500 0.482126 0.396000 0.474396 0.397500 0.462802 0.402000 0.460870 0.405000 0.460870 0.415000 0.463768 0.421000 0.467633 0.423500 0.479227 0.426000 0.492754 0.426000 0.517874 0.422000 0.531401 0.416000 0.537198 0.409500
0 0.444444 0.394500 0.409662 0.398500 0.403865 0.401500 0.400966 0.405500 0.401932 0.414500 0.410628 0.424000 0.417391 0.427500 0.433816 0.431500 0.445411 0.430500 0.457005 0.420500 0.459903 0.400000 0.456039 0.396500
0 0.337198 0.423500 0.337198 0.428000 0.341063 0.431000 0.343961 0.437000 0.381643 0.446500 0.390338 0.446500 0.401932 0.443500 0.411594 0.433500 0.412560 0.427000 0.410628 0.423500 0.404831 0.418000 0.394203 0.415500 0.380676 0.414000 0.360386 0.414000
0 0.266667 0.427500 0.263768 0.432000 0.270531 0.440000 0.276329 0.443000 0.301449 0.443500 0.315942 0.447000 0.322705 0.447500 0.328502 0.445000 0.334300 0.436000 0.334300 0.429500 0.332367 0.426500 0.328502 0.425000 0.314010 0.423000 0.307246 0.420500 0.297585 0.419000 0.278261 0.421500
0 0.306280 0.392500 0.297585 0.399000 0.294686 0.405000 0.295652 0.411000 0.303382 0.419500 0.317874 0.423500 0.332367 0.423500 0.345894 0.420500 0.356522 0.414000 0.359420 0.408000 0.337198 0.393000 0.329469 0.391500 0.312077 0.391500
0 0.261836 0.415000 0.247343 0.413000 0.237681 0.413500 0.227053 0.415500 0.207729 0.423500 0.205797 0.428500 0.210628 0.435500 0.215459 0.438500 0.222222 0.440500 0.232850 0.441000 0.255072 0.433000 0.262802 0.429000 0.266667 0.425000 0.266667 0.419000
0 0.165217 0.405000 0.155556 0.408000 0.145894 0.415000 0.142029 0.419500 0.142995 0.429000 0.144928 0.431000 0.162319 0.436500 0.183575 0.437000 0.192271 0.435500 0.196135 0.433500 0.200000 0.428500 0.200000 0.422000 0.187440 0.414000 0.182609 0.407500 0.178744 0.405500
0 0.119807 0.435500 0.114010 0.444000 0.114010 0.455500 0.116908 0.459500 0.124638 0.463500 0.133333 0.463000 0.146860 0.459500 0.172947 0.456000 0.176812 0.443000 0.171014 0.438000 0.156522 0.435500 0.142995 0.431000 0.130435 0.431000
0 0.196135 0.436000 0.186473 0.438000 0.179710 0.444500 0.176812 0.450000 0.178744 0.464500 0.181643 0.468500 0.189372 0.471000 0.209662 0.472000 0.217391 0.470500 0.229952 0.463000 0.228019 0.446000 0.213527 0.437000 0.209662 0.436000
0 0.174879 0.458500 0.172947 0.457500 0.152657 0.458500 0.118841 0.466000 0.112077 0.470000 0.112077 0.475500 0.116908 0.480000 0.123671 0.483000 0.136232 0.484000 0.143961 0.483000 0.161353 0.477500 0.171981 0.470500 0.174879 0.464500
0 0.258937 0.434500 0.253140 0.434500 0.243478 0.437000 0.236715 0.440500 0.230918 0.448500 0.229952 0.455000 0.231884 0.460000 0.238647 0.464500 0.245411 0.466000 0.256039 0.466000 0.263768 0.464000 0.265700 0.455000 0.274396 0.447500 0.275362 0.443000 0.267633 0.437000
0 0.310145 0.445000 0.290821 0.443000 0.279227 0.444000 0.271498 0.447500 0.264734 0.455500 0.264734 0.465000 0.266667 0.468000 0.274396 0.473000 0.285024 0.474500 0.306280 0.473500 0.315942 0.468500 0.318841 0.464500 0.318841 0.449500
0 0.352657 0.439500 0.342995 0.439500 0.333333 0.442500 0.326570 0.450000 0.321739 0.452500 0.319807 0.468500 0.322705 0.472000 0.328502 0.475000 0.343961 0.476000 0.352657 0.475000 0.372947 0.466000 0.380676 0.460000 0.382609 0.450500 0.379710 0.447000
0 0.445411 0.442000 0.432850 0.439500 0.418357 0.439500 0.406763 0.442000 0.392271 0.447000 0.385507 0.450500 0.383575 0.454000 0.383575 0.459000 0.390338 0.466000 0.400966 0.470000 0.413527 0.470000 0.430918 0.465000 0.448309 0.455000 0.449275 0.446000
0 0.454106 0.425000 0.448309 0.430000 0.449275 0.440000 0.452174 0.445000 0.462802 0.449500 0.472464 0.449500 0.480193 0.448000 0.488889 0.444000 0.492754 0.440000 0.488889 0.430000 0.484058 0.427500 0.473430 0.425000
0 0.495652 0.426500 0.492754 0.430500 0.494686 0.438500 0.497585 0.440500 0.508213 0.443500 0.524638 0.446000 0.533333 0.445500 0.546860 0.439500 0.550725 0.436000 0.550725 0.431500 0.546860 0.427000 0.535266 0.423000 0.511111 0.423500
0 0.556522 0.438500 0.548792 0.437500 0.532367 0.445000 0.523671 0.445500 0.512077 0.443500 0.507246 0.445000 0.504348 0.451000 0.507246 0.458500 0.511111 0.463500 0.518841 0.468000 0.528502 0.468000 0.537198 0.466500 0.556522 0.459500 0.562319 0.456000 0.563285 0.451000
0 0.488889 0.446500 0.463768 0.450000 0.453140 0.454500 0.455072 0.466000 0.464734 0.476000 0.472464 0.479500 0.487923 0.479500 0.496618 0.478000 0.510145 0.471000 0.513043 0.467000 0.500483 0.451000
0 0.623188 0.454000 0.616425 0.452500 0.600000 0.452000 0.589372 0.453500 0.576812 0.457500 0.568116 0.466000 0.570048 0.474000 0.590338 0.481000 0.605797 0.480500 0.620290 0.476500 0.625121 0.474000 0.628986 0.469000 0.628986 0.458500
0 0.631884 0.456500 0.628986 0.459500 0.628019 0.469500 0.621256 0.475500 0.614493 0.478500 0.615459 0.482500 0.630918 0.485000 0.649275 0.485500 0.654106 0.483500 0.660870 0.475500 0.660870 0.470000 0.642512 0.460000
0 0.698551 0.470500 0.698551 0.475000 0.716908 0.481000 0.737198 0.485500 0.743961 0.484500 0.751691 0.475000 0.751691 0.470500 0.743961 0.466500 0.723671 0.463000 0.714010 0.463500
0 0.780676 0.466500 0.767150 0.466500 0.754589 0.472500 0.748792 0.478000 0.744928 0.485000 0.744928 0.494500 0.746860 0.498000 0.755556 0.498000 0.769082 0.493000 0.788406 0.489500 0.796135 0.485000 0.799034 0.479500 0.798068 0.476500
0 0.844444 0.468000 0.828986 0.476000 0.824155 0.482000 0.829952 0.491000 0.839614 0.496000 0.849275 0.497500 0.860870 0.497000 0.868599 0.495000 0.872464 0.492500 0.872464 0.479000 0.860870 0.468500 0.855072 0.467500
0 0.451208 0.467000 0.437681 0.465500 0.429952 0.466000 0.418357 0.468500 0.408696 0.473500 0.404831 0.478000 0.405797 0.487000 0.417391 0.494500 0.428019 0.497000 0.440580 0.496500 0.454106 0.491500 0.463768 0.485500 0.465700 0.479000 0.457005 0.470000
0 0.373913 0.466000 0.363285 0.470000 0.342995 0.482000 0.342995 0.488000 0.346860 0.493000 0.358454 0.499000 0.367150 0.500500 0.380676 0.500000 0.392271 0.494000 0.401932 0.483500 0.401932 0.475000 0.399034 0.471000 0.389372 0.467500
0 0.249275 0.474500 0.246377 0.481000 0.247343 0.487000 0.252174 0.493000 0.259903 0.496500 0.275362 0.496500 0.297585 0.493000 0.306280 0.490500 0.312077 0.486500 0.314010 0.483000 0.313043 0.477500 0.306280 0.474000 0.286957 0.474500 0.277295 0.473500 0.270531 0.470500 0.268599 0.468000 0.260870 0.467000
0 0.227053 0.472000 0.214493 0.472500 0.204831 0.476000 0.199034 0.481000 0.193237 0.490500 0.192271 0.499000 0.195169 0.504000 0.202899 0.510000 0.222222 0.510500 0.243478 0.506000 0.254106 0.498000 0.254106 0.494000 0.247343 0.487500 0.246377 0.478000 0.242512 0.475000
0 0.190338 0.476500 0.179710 0.475500 0.165217 0.476000 0.132367 0.486000 0.125604 0.490500 0.122705 0.498500 0.124638 0.502500 0.133333 0.508500 0.146860 0.511500 0.157488 0.512000 0.169082 0.510000 0.179710 0.505000 0.188406 0.499000 0.192271 0.491000 0.194203 0.479500
0 0.212560 0.714500 0.194203 0.715000 0.180676 0.718500 0.169082 0.725000 0.167150 0.728000 0.169082 0.737500 0.176812 0.746500 0.185507 0.751500 0.200000 0.754500 0.219324 0.747000 0.225121 0.740500 0.228019 0.720000 0.221256 0.716000
0 0.139130 0.697500 0.134300 0.700500 0.134300 0.710000 0.140097 0.721500 0.147826 0.726000 0.154589 0.727000 0.165217 0.726500 0.183575 0.717000 0.187440 0.710500 0.186473 0.707000 0.181643 0.704500 0.167150 0.704500 0.148792 0.697500
0 0.186473 0.676500 0.166184 0.676000 0.137198 0.681500 0.136232 0.687000 0.142995 0.696500 0.165217 0.703500 0.171014 0.704000 0.185507 0.702000 0.193237 0.697500 0.198068 0.690500 0.197101 0.681000
0 0.193237 0.640500 0.183575 0.639500 0.171014 0.642000 0.158454 0.643000 0.150725 0.646000 0.146860 0.649500 0.143961 0.655500 0.144928 0.660500 0.164251 0.673000 0.176812 0.673500 0.188406 0.671500 0.200966 0.662500 0.211594 0.650000 0.207729 0.646000 0.200966 0.642500
0 0.121739 0.630500 0.115942 0.632500 0.109179 0.638500 0.106280 0.645000 0.106280 0.653000 0.111111 0.658000 0.116908 0.661000 0.123671 0.663000 0.134300 0.663000 0.142029 0.658500 0.147826 0.643500 0.146860 0.638500 0.136232 0.631000
0 0.177778 0.605500 0.169082 0.605000 0.163285 0.606000 0.153623 0.611500 0.145894 0.613500 0.136232 0.619500 0.136232 0.628000 0.141063 0.634000 0.154589 0.640500 0.159420 0.641500 0.172947 0.641500 0.182609 0.639000 0.198068 0.631000 0.202899 0.625500 0.204831 0.617500 0.201932 0.614000 0.196135 0.610500
0 0.152657 0.593500 0.143961 0.592500 0.134300 0.593000 0.124638 0.595000 0.114010 0.600000 0.106280 0.607500 0.106280 0.612500 0.112077 0.617500 0.122705 0.620500 0.133333 0.620500 0.145894 0.614000 0.155556 0.611000 0.160386 0.607500 0.162319 0.603000
0 0.125604 0.562000 0.122705 0.567500 0.123671 0.578000 0.126570 0.583500 0.135266 0.590500 0.143961 0.592500 0.155556 0.592500 0.168116 0.588500 0.183575 0.586500 0.187440 0.585000 0.193237 0.579500 0.194203 0.572000 0.186473 0.561000 0.177778 0.559500 0.164251 0.564000 0.146860 0.563000 0.131401 0.558500
0 0.154589 0.527000 0.142995 0.529000 0.132367 0.537500 0.128502 0.542500 0.128502 0.551000 0.131401 0.557000 0.137198 0.560500 0.146860 0.563500 0.164251 0.564000 0.179710 0.559000 0.183575 0.555500 0.188406 0.537000 0.177778 0.530500
0 0.247343 0.537000 0.236715 0.534000 0.227053 0.533500 0.195169 0.539000 0.190338 0.541500 0.187440 0.546000 0.187440 0.554000 0.191304 0.558000 0.199034 0.562000 0.204831 0.563000 0.216425 0.563000 0.235749 0.559000
0 0.264734 0.538500 0.257005 0.539500 0.243478 0.545500 0.238647 0.552000 0.238647 0.559500 0.243478 0.566000 0.250242 0.569500 0.258937 0.572000 0.270531 0.573000 0.281159 0.570000 0.300483 0.561000 0.305314 0.557000 0.305314 0.552500 0.300483 0.547000 0.289855 0.542500 0.280193 0.540000
0 0.283092 0.525000 0.268599 0.532500 0.266667 0.537500 0.280193 0.539500 0.292754 0.543500 0.302415 0.548500 0.306280 0.553500 0.315942 0.553000 0.321739 0.551500 0.337198 0.541000 0.339130 0.534000 0.336232 0.530000 0.324638 0.524500 0.315942 0.522500 0.306280 0.522500 0.292754 0.525000
0 0.358454 0.533000 0.363285 0.544500 0.366184 0.547500 0.375845 0.551500 0.414493 0.557000 0.424155 0.552500 0.428986 0.548000 0.430918 0.543000 0.429952 0.537000 0.414493 0.528000 0.385507 0.526500 0.377778 0.527500 0.366184 0.532000
0 0.500483 0.522500 0.485990 0.522000 0.479227 0.523500 0.461836 0.534000 0.454106 0.537000 0.448309 0.548500 0.451208 0.553000 0.465700 0.557000 0.475362 0.557000 0.512077 0.547500 0.521739 0.541500 0.520773 0.537500 0.510145 0.532000
0 0.452174 0.554000 0.442512 0.554000 0.433816 0.555500 0.423188 0.561000 0.424155 0.581500 0.426087 0.584000 0.434783 0.587000 0.455072 0.585500 0.463768 0.581000 0.463768 0.572000 0.468599 0.565000 0.467633 0.560500 0.460870 0.556000
0 0.389372 0.556000 0.382609 0.557500 0.377778 0.568500 0.378744 0.578000 0.380676 0.580500 0.388406 0.584500 0.396135 0.586000 0.406763 0.585500 0.417391 0.582000 0.423188 0.576000 0.421256 0.562500 0.419324 0.560000 0.413527 0.557500
0 0.356522 0.545500 0.343961 0.544500 0.332367 0.546000 0.320773 0.553500 0.318841 0.558500 0.319807 0.568500 0.324638 0.573500 0.331401 0.577000 0.344928 0.577500 0.355556 0.576500 0.371014 0.573000 0.376812 0.569500 0.379710 0.556500
0 0.290821 0.566000 0.272464 0.573000 0.271498 0.578500 0.273430 0.582500 0.277295 0.586000 0.289855 0.591000 0.308213 0.590000 0.325604 0.581500 0.326570 0.576000 0.317874 0.569000 0.300483 0.566000
0 0.238647 0.560500 0.224155 0.562500 0.212560 0.567500 0.206763 0.573000 0.206763 0.580500 0.209662 0.584500 0.214493 0.587500 0.225121 0.590500 0.233816 0.590500 0.242512 0.588000 0.263768 0.576500 0.262802 0.572500 0.252174 0.570000 0.243478 0.565500
0 0.261836 0.583500 0.249275 0.585000 0.228986 0.594000 0.219324 0.606000 0.219324 0.612000 0.225121 0.616000 0.234783 0.617500 0.257005 0.617000 0.265700 0.615000 0.273430 0.611500 0.274396 0.607500 0.269565 0.600500 0.272464 0.591500
0 0.156522 0.594500 0.159420 0.600000 0.166184 0.602500 0.181643 0.604500 0.218357 0.604000 0.222222 0.602500 0.228019 0.596000 0.228019 0.592000 0.217391 0.589500 0.171014 0.588500 0.159420 0.591500
0 0.275362 0.594500 0.270531 0.598000 0.271498 0.604500 0.276329 0.611000 0.285990 0.616000 0.297585 0.620500 0.313043 0.624000 0.320773 0.624000 0.333333 0.619500 0.342995 0.610500 0.343961 0.603500 0.328502 0.596000 0.321739 0.591000 0.314010 0.589500 0.288889 0.591500
0 0.374879 0.574000 0.344928 0.577500 0.330435 0.584500 0.327536 0.587500 0.326570 0.592500 0.329469 0.596500 0.340097 0.602000 0.353623 0.604500 0.361353 0.604000 0.370048 0.600500 0.381643 0.584500
0 0.440580 0.591500 0.430918 0.587000 0.421256 0.585000 0.411594 0.584500 0.402899 0.586000 0.385507 0.586500 0.380676 0.589000 0.372947 0.600000 0.372947 0.608000 0.378744 0.611500 0.391304 0.614500 0.412560 0.615000 0.428986 0.614000 0.439614 0.608500 0.442512 0.604500 0.443478 0.595000
0 0.465700 0.582500 0.454106 0.587000 0.449275 0.592500 0.446377 0.601000 0.447343 0.606500 0.450242 0.608000 0.469565 0.610000 0.481159 0.609500 0.492754 0.599000 0.494686 0.591000 0.490821 0.587000
0 0.504348 0.552500 0.483092 0.558000 0.465700 0.570500 0.464734 0.578000 0.470531 0.582500 0.479227 0.585000 0.492754 0.585000 0.502415 0.579000
0 0.518841 0.545000 0.512077 0.549000 0.508213 0.559000 0.503382 0.564000 0.503382 0.568500 0.508213 0.574000 0.513043 0.576500 0.529469 0.577500 0.542029 0.574500 0.548792 0.571000 0.554589 0.564500 0.553623 0.558500 0.548792 0.553000 0.534300 0.545500
0 0.558454 0.530000 0.552657 0.531500 0.541063 0.540500 0.541063 0.545000 0.556522 0.555000 0.563285 0.557000 0.572947 0.556000 0.585507 0.547500 0.586473 0.537000 0.582609 0.532000 0.578744 0.530500
0 0.598068 0.517500 0.589372 0.520500 0.586473 0.524000 0.586473 0.545000 0.592271 0.552500 0.601932 0.557000 0.609662 0.557500 0.620290 0.554000 0.630918 0.546500 0.634783 0.537500 0.633816 0.528000 0.629952 0.521000 0.625121 0.519000 0.611594 0.517500
0 0.586473 0.548500 0.571981 0.556000 0.572947 0.563000 0.586473 0.572500 0.591304 0.574000 0.601932 0.574500 0.611594 0.578500 0.615459 0.577000 0.624155 0.564500 0.624155 0.559000 0.618357 0.554500 0.609662 0.557000 0.602899 0.556500
0 0.570048 0.559500 0.563285 0.559500 0.546860 0.572000 0.542029 0.578500 0.541063 0.588000 0.542995 0.591000 0.549758 0.595500 0.556522 0.597500 0.577778 0.596500 0.581643 0.595500 0.583575 0.593000 0.583575 0.584500 0.589372 0.575000
0 0.508213 0.578000 0.496618 0.587500 0.495652 0.596000 0.508213 0.602000 0.523671 0.603500 0.534300 0.602500 0.546860 0.596500 0.546860 0.595000 0.538164 0.588500 0.532367 0.580000 0.517874 0.577500
0 0.594203 0.574500 0.588406 0.577500 0.585507 0.581000 0.582609 0.597500 0.589372 0.610000 0.594203 0.612000 0.603865 0.613000 0.622222 0.608000 0.632850 0.602500 0.628986 0.592500 0.628019 0.579500 0.622222 0.578500 0.618357 0.580000 0.610628 0.580000 0.602899 0.575000
0 0.601932 0.615000 0.600000 0.612500 0.594203 0.611500 0.589372 0.609000 0.579710 0.596500 0.551691 0.598500 0.538164 0.610000 0.539130 0.614000 0.545894 0.615500 0.543961 0.616500 0.543961 0.619500 0.559420 0.623500 0.586473 0.622000 0.597101 0.619500
0 0.504348 0.600500 0.489855 0.605000 0.485990 0.607500 0.477295 0.624000 0.477295 0.631500 0.480193 0.635000 0.485990 0.637500 0.499517 0.639000 0.510145 0.638500 0.517874 0.635000 0.532367 0.618500 0.532367 0.609500 0.527536 0.604500 0.521739 0.603000 0.508213 0.602000
0 0.446377 0.608000 0.440580 0.609000 0.430918 0.614000 0.427053 0.617500 0.424155 0.624500 0.430918 0.632000 0.441546 0.637500 0.451208 0.640500 0.459903 0.640500 0.473430 0.638000 0.478261 0.635500 0.476329 0.625000 0.479227 0.619500 0.479227 0.613000 0.476329 0.610500 0.471498 0.609500
0 0.399034 0.623500 0.378744 0.634500 0.378744 0.643000 0.390338 0.651000 0.410628 0.657000 0.422222 0.657500 0.439614 0.655000 0.446377 0.643500 0.444444 0.638500 0.430918 0.633000 0.422222 0.624500 0.410628 0.622500
0 0.356522 0.605000 0.349758 0.606500 0.343961 0.610000 0.334300 0.619000 0.332367 0.624000 0.341063 0.633000 0.353623 0.636500 0.370048 0.637000 0.381643 0.633500 0.398068 0.623000 0.398068 0.618000 0.381643 0.613000 0.368116 0.605500
0 0.328502 0.634000 0.312077 0.646000 0.309179 0.652000 0.313043 0.658000 0.324638 0.668000 0.329469 0.670500 0.338164 0.671500 0.355556 0.663500 0.359420 0.659000 0.372947 0.652500 0.375845 0.650000 0.376812 0.645500 0.372947 0.640500 0.367150 0.637500 0.359420 0.637500 0.340097 0.634000
0 0.320773 0.625000 0.300483 0.621000 0.291787 0.621000 0.277295 0.627000 0.272464 0.631500 0.267633 0.642000 0.267633 0.646000 0.273430 0.651500 0.282126 0.653500 0.301449 0.651500 0.311111 0.647000 0.318841 0.641500 0.326570 0.633000 0.326570 0.630500
0 0.253140 0.619000 0.235749 0.619000 0.222222 0.623000 0.215459 0.630500 0.215459 0.643000 0.221256 0.648500 0.227053 0.649500 0.248309 0.648500 0.266667 0.642000 0.270531 0.635500 0.269565 0.631000 0.261836 0.621500
0 0.255072 0.649000 0.222222 0.650000 0.215459 0.651500 0.206763 0.657500 0.201932 0.663500 0.202899 0.669500 0.206763 0.674500 0.221256 0.680500 0.230918 0.681000 0.245411 0.678000 0.258937 0.670000 0.266667 0.658500 0.266667 0.654000
0 0.273430 0.683500 0.257971 0.679000 0.244444 0.678500 0.231884 0.681000 0.223188 0.680500 0.211594 0.684000 0.206763 0.689000 0.206763 0.696000 0.211594 0.704500 0.217391 0.709000 0.224155 0.711500 0.235749 0.712000 0.246377 0.710000 0.264734 0.703500 0.274396 0.698500 0.278261 0.692500 0.278261 0.687000
0 0.278261 0.709000 0.263768 0.707000 0.256039 0.707500 0.246377 0.710000 0.237681 0.714500 0.229952 0.721500 0.227053 0.730000 0.228019 0.740500 0.233816 0.744500 0.237681 0.745500 0.257971 0.746000 0.286957 0.734000 0.294686 0.727000 0.297585 0.720000 0.295652 0.716500
0 0.285024 0.736000 0.272464 0.739500 0.265700 0.743500 0.267633 0.756000 0.276329 0.765000 0.287923 0.771500 0.299517 0.772000 0.307246 0.769000 0.313043 0.762000 0.314010 0.751500 0.312077 0.744000 0.302415 0.737000
0 0.305314 0.721000 0.298551 0.724000 0.297585 0.729000 0.301449 0.732000 0.302415 0.736500 0.308213 0.741500 0.326570 0.749000 0.339130 0.749500 0.345894 0.748500 0.353623 0.744000 0.358454 0.738500 0.361353 0.732000 0.365217 0.728500 0.364251 0.724000 0.357488 0.721000 0.340097 0.717500 0.328502 0.717500 0.320773 0.720500
0 0.301449 0.688000 0.283092 0.693500 0.278261 0.698500 0.277295 0.705500 0.282126 0.710000 0.294686 0.715500 0.314010 0.720000 0.322705 0.720000 0.338164 0.709500 0.341063 0.702000 0.340097 0.699500 0.329469 0.689500 0.315942 0.687500
0 0.307246 0.653500 0.297585 0.652500 0.287923 0.654000 0.280193 0.657000 0.269565 0.666000 0.266667 0.670500 0.266667 0.678000 0.270531 0.681500 0.279227 0.685000 0.290821 0.685000 0.304348 0.682500 0.314010 0.678000 0.323671 0.670000 0.320773 0.664500
0 0.389372 0.651000 0.365217 0.656000 0.359420 0.659500 0.355556 0.666000 0.358454 0.672500 0.366184 0.678000 0.386473 0.686000 0.398068 0.687500 0.408696 0.682000 0.411594 0.671500 0.416425 0.666500 0.416425 0.662000 0.414493 0.658000
0 0.333333 0.675000 0.329469 0.677500 0.328502 0.685500 0.340097 0.699000 0.349758 0.704000 0.354589 0.705000 0.363285 0.705000 0.371014 0.703500 0.379710 0.698500 0.384541 0.693500 0.384541 0.685500 0.359420 0.675500 0.347826 0.674500
0 0.385507 0.694500 0.370048 0.705000 0.370048 0.709500 0.376812 0.718000 0.381643 0.720500 0.398068 0.723500 0.420290 0.723000 0.427053 0.719500 0.430918 0.714000 0.431884 0.704500 0.429952 0.701000 0.418357 0.694500 0.412560 0.693000 0.394203 0.693000
0 0.379710 0.721000 0.373913 0.723000 0.363285 0.730500 0.358454 0.740500 0.363285 0.746500 0.371014 0.751000 0.380676 0.753500 0.398068 0.754500 0.404831 0.752500 0.404831 0.748000 0.417391 0.742000 0.424155 0.728500 0.416425 0.724000 0.398068 0.723500 0.385507 0.721000
0 0.428019 0.731500 0.420290 0.735500 0.416425 0.746000 0.416425 0.752500 0.420290 0.756500 0.429952 0.760000 0.443478 0.760500 0.452174 0.759000 0.460870 0.755500 0.466667 0.749000 0.464734 0.742000 0.462802 0.740000 0.454106 0.737500 0.447343 0.733500 0.435749 0.731500
0 0.432850 0.715500 0.425121 0.721000 0.424155 0.725500 0.427053 0.730000 0.429952 0.731500 0.444444 0.733500 0.457005 0.739000 0.467633 0.739000 0.473430 0.736000 0.477295 0.731500 0.478261 0.727500 0.475362 0.724500 0.462802 0.721000 0.453140 0.713000 0.442512 0.713000
0 0.464734 0.694500 0.457971 0.696500 0.451208 0.701000 0.458937 0.719000 0.464734 0.722000 0.472464 0.723500 0.486957 0.722500 0.498551 0.717000 0.501449 0.713500 0.499517 0.697500 0.482126 0.694000
0 0.447343 0.662500 0.434783 0.663000 0.420290 0.666000 0.414493 0.669500 0.411594 0.673500 0.411594 0.679000 0.417391 0.693500 0.420290 0.696500 0.430918 0.701500 0.434783 0.705500 0.443478 0.703500 0.462802 0.694000 0.468599 0.686500 0.464734 0.677500 0.465700 0.668500 0.461836 0.666000
0 0.511111 0.640000 0.495652 0.639000 0.480193 0.636500 0.470531 0.639000 0.450242 0.641500 0.444444 0.646000 0.443478 0.654500 0.451208 0.662000 0.459903 0.665500 0.467633 0.666000 0.479227 0.660500 0.503382 0.656500 0.509179 0.653000 0.513043 0.646500
0 0.533333 0.621000 0.522705 0.631500 0.513043 0.638500 0.519807 0.647000 0.528502 0.649500 0.537198 0.650500 0.550725 0.650000 0.559420 0.647500 0.563285 0.644500 0.567150 0.635000 0.566184 0.630500 0.561353 0.625500 0.542029 0.620500
0 0.599034 0.620000 0.580676 0.623000 0.572947 0.634000 0.572947 0.643500 0.575845 0.648000 0.585507 0.653000 0.593237 0.655500 0.602899 0.656500 0.626087 0.648500 0.632850 0.643000 0.633816 0.636500 0.613527 0.623000 0.603865 0.620000
0 0.638647 0.605000 0.628986 0.607000 0.619324 0.611000 0.615459 0.615000 0.614493 0.623000 0.622222 0.629500 0.631884 0.634000 0.640580 0.635500 0.650242 0.635500 0.658937 0.632000 0.662802 0.627500 0.664734 0.609500 0.658937 0.606000
0 0.482126 0.659500 0.475362 0.661500 0.467633 0.667000 0.465700 0.673000 0.467633 0.682000 0.473430 0.688000 0.484058 0.693000 0.495652 0.695500 0.504348 0.696000 0.513043 0.691000 0.518841 0.685500 0.519807 0.673500 0.516908 0.665500 0.504348 0.659000 0.491787 0.658500
0 0.575845 0.648500 0.558454 0.647500 0.541063 0.651000 0.536232 0.653000 0.529469 0.661000 0.528502 0.670500 0.531401 0.676500 0.538164 0.682000 0.547826 0.683500 0.558454 0.683000 0.572947 0.679000 0.584541 0.673000 0.593237 0.662500 0.594203 0.658000
0 0.632850 0.647500 0.625121 0.649000 0.603865 0.657000 0.598068 0.661500 0.597101 0.674000 0.609662 0.681500 0.616425 0.683500 0.626087 0.683500 0.648309 0.679000 0.653140 0.676500 0.657971 0.671000 0.656039 0.665500 0.649275 0.658500 0.647343 0.652500 0.640580 0.649000
0 0.676329 0.641500 0.664734 0.643500 0.657971 0.646500 0.650242 0.653000 0.650242 0.659500 0.659903 0.671000 0.669565 0.675500 0.680193 0.676500 0.692754 0.674000 0.699517 0.671000 0.704348 0.666000 0.706280 0.657500 0.692754 0.645000 0.685024 0.642000
0 0.701449 0.601500 0.694686 0.600500 0.682126 0.601500 0.668599 0.608000 0.663768 0.617500 0.663768 0.627500 0.671498 0.632000 0.693720 0.633500 0.703382 0.630000 0.714010 0.623500 0.717874 0.619500 0.719807 0.610000 0.714010 0.606000
0 0.674396 0.570500 0.654106 0.569500 0.639614 0.572500 0.633816 0.575000 0.629952 0.580500 0.628986 0.591500 0.632850 0.598500 0.637681 0.602500 0.644444 0.604000 0.657005 0.604000 0.672464 0.599000 0.684058 0.592500 0.686957 0.579500
0 0.640580 0.536500 0.635749 0.539000 0.631884 0.546000 0.624155 0.552500 0.624155 0.557000 0.627053 0.561000 0.633816 0.563000 0.647343 0.564000 0.655072 0.568500 0.674396 0.569000 0.679227 0.565500 0.678261 0.548500 0.674396 0.544000 0.662802 0.538000 0.651208 0.536000
0 0.692754 0.543500 0.685024 0.545500 0.680193 0.548500 0.679227 0.557500 0.681159 0.565500 0.686957 0.570500 0.694686 0.574000 0.710145 0.574500 0.720773 0.573000 0.730435 0.569000 0.738164 0.563500 0.740097 0.558500 0.737198 0.553500 0.730435 0.547500 0.717874 0.543500
0 0.745894 0.528000 0.738164 0.531000 0.731401 0.537000 0.729469 0.545500 0.738164 0.554000 0.745894 0.559000 0.750725 0.560500 0.763285 0.560500 0.774879 0.556000 0.783575 0.549000 0.781643 0.536000 0.779710 0.533000 0.774879 0.530500
0 0.795169 0.542000 0.787440 0.546500 0.779710 0.555000 0.781643 0.565000 0.788406 0.569000 0.795169 0.570500 0.818357 0.570500 0.829952 0.566500 0.835749 0.563000 0.839614 0.558000 0.838647 0.553000 0.824155 0.542500
0 0.778744 0.567000 0.766184 0.566500 0.760386 0.567500 0.739130 0.578500 0.739130 0.588000 0.744928 0.593500 0.754589 0.598500 0.762319 0.599500 0.774879 0.597500 0.790338 0.585000 0.791304 0.578500 0.786473 0.569500
0 0.701449 0.575000 0.691787 0.579000 0.687923 0.582500 0.685990 0.587500 0.687923 0.592500 0.703382 0.602000 0.713043 0.606000 0.730435 0.609500 0.742029 0.606500 0.746860 0.604000 0.746860 0.595500 0.739130 0.587000 0.736232 0.576000 0.731401 0.572500 0.721739 0.572500
0 0.758454 0.601500 0.748792 0.606000 0.734300 0.610000 0.729469 0.614000 0.729469 0.620500 0.733333 0.627000 0.740097 0.631500 0.757488 0.637000 0.770048 0.638000 0.792271 0.631000 0.795169 0.625000 0.795169 0.619000 0.782609 0.611500 0.776812 0.604000 0.772947 0.602000
0 0.837681 0.585500 0.827053 0.583500 0.817391 0.583500 0.795169 0.586500 0.783575 0.591000 0.779710 0.595500 0.778744 0.601500 0.783575 0.611000 0.787440 0.614000 0.796135 0.616500 0.813527 0.617500 0.827053 0.615500 0.837681 0.612500 0.845411 0.608000 0.850242 0.600000 0.850242 0.595500
0 0.859903 0.557000 0.854106 0.556000 0.846377 0.556500 0.820290 0.571500 0.821256 0.576000 0.828019 0.582500 0.836715 0.584500 0.849275 0.584500 0.868599 0.580000 0.873430 0.577500 0.877295 0.569000 0.874396 0.563500
0 0.876329 0.559000 0.877295 0.571000 0.875362 0.576500 0.880193 0.579000 0.896618 0.581500 0.921739 0.582500 0.932367 0.578500 0.934300 0.576500 0.935266 0.564000 0.931401 0.560000 0.913043 0.558500 0.900483 0.555500 0.885990 0.556000
0 0.876329 0.523500 0.845411 0.527000 0.840580 0.530500 0.838647 0.535500 0.838647 0.542500 0.843478 0.552500 0.848309 0.555000 0.859903 0.556500 0.865700 0.558500 0.874396 0.558500 0.881159 0.556500 0.887923 0.551500 0.890821 0.545500 0.890821 0.534500 0.882126 0.528000 0.881159 0.525500
0 0.804831 0.512000 0.800000 0.514000 0.786473 0.525500 0.785507 0.531000 0.788406 0.536500 0.793237 0.540000 0.801932 0.541500 0.828019 0.541000 0.833816 0.539000 0.836715 0.535000 0.834783 0.524000 0.815459 0.511500
0 0.920773 0.529000 0.896618 0.536000 0.893720 0.539500 0.893720 0.549000 0.897585 0.553000 0.908213 0.557000 0.924638 0.559000 0.936232 0.559000 0.941063 0.557000 0.946860 0.552000 0.948792 0.546000 0.947826 0.538000 0.939130 0.531000
0 0.973913 0.524500 0.949758 0.536500 0.950725 0.549500 0.954589 0.550500 0.959420 0.550500 0.966184 0.548500 0.970048 0.549000 0.976812 0.553500 0.982609 0.555000 0.986473 0.553500 0.989372 0.545000 0.997101 0.540000 1.000000 0.540000 1.000000 0.534000 0.996135 0.534000 0.985507 0.528500 0.981643 0.524500
0 0.969082 0.549000 0.964251 0.549000 0.947826 0.553500 0.942029 0.557500 0.936232 0.565000 0.938164 0.577500 0.959420 0.583000 0.969082 0.583000 0.975845 0.581500 0.984541 0.577500 0.990338 0.572000 0.990338 0.565000 0.987440 0.559000
0 0.920773 0.585000 0.899517 0.594000 0.896618 0.599500 0.898551 0.603500 0.910145 0.610000 0.937198 0.618000 0.946860 0.618000 0.953623 0.615500 0.957488 0.607500 0.951691 0.591000 0.938164 0.584500 0.927536 0.584000
0 0.849275 0.584500 0.849275 0.591500 0.857005 0.597000 0.872464 0.601000 0.890821 0.601500 0.894686 0.599500 0.900483 0.592000 0.901449 0.587000 0.892754 0.581500 0.874396 0.577500
0 0.809662 0.619500 0.808696 0.627500 0.810628 0.632000 0.825121 0.641000 0.832850 0.642000 0.856039 0.641000 0.865700 0.635000 0.866667 0.630000 0.857971 0.618000 0.853140 0.615500 0.834783 0.614500
0 0.870531 0.602000 0.860870 0.607500 0.857971 0.613500 0.859903 0.620000 0.870531 0.632500 0.881159 0.635500 0.890821 0.635500 0.912077 0.631500 0.921739 0.625000 0.920773 0.617000 0.891787 0.602500 0.885024 0.601500
0 0.936232 0.579500 0.936232 0.584000 0.945894 0.587000 0.952657 0.593000 0.956522 0.602500 0.955556 0.615000 0.959420 0.615500 0.971981 0.614000 0.975845 0.612000 0.984541 0.596500 0.984541 0.593000 0.979710 0.586500 0.974879 0.584000 0.954589 0.582500 0.944928 0.579500
0 1.000000 0.590000 0.996135 0.590000 0.983575 0.598000 0.977778 0.606000 0.976812 0.616000 0.980676 0.621500 0.985507 0.622500 1.000000 0.623000
0 0.987440 0.623500 0.984541 0.625000 0.985507 0.635500 0.994203 0.644000 1.000000 0.645000 1.000000 0.623000
0 0.937198 0.619000 0.933333 0.621500 0.931401 0.625500 0.934300 0.632500 0.952657 0.641000 0.962319 0.648500 0.974879 0.648500 0.984541 0.640000 0.982609 0.629000 0.974879 0.617500 0.969082 0.615500 0.959420 0.615500
0 0.921739 0.628500 0.898551 0.634500 0.894686 0.637000 0.892754 0.641000 0.892754 0.647000 0.897585 0.650500 0.902415 0.662000 0.907246 0.664000 0.917874 0.665000 0.934300 0.664000 0.943961 0.658500 0.943961 0.644000 0.945894 0.638500 0.927536 0.629000
0 0.947826 0.640500 0.943961 0.646000 0.945894 0.657500 0.963285 0.667500 0.973913 0.668500 1.000000 0.664000 1.000000 0.645000 0.997101 0.645000 0.989372 0.640000 0.985507 0.640500 0.972947 0.648000 0.963285 0.647500 0.951691 0.640000
0 0.988406 0.669000 0.963285 0.669000 0.946860 0.672500 0.936232 0.680500 0.936232 0.686500 0.947826 0.694500 0.960386 0.697000 0.971014 0.697500 0.979710 0.696000 0.996135 0.689500 1.000000 0.689500 1.000000 0.673000 0.997101 0.673000
0 1.000000 0.690500 0.994203 0.690500 0.974879 0.698000 0.971014 0.701500 0.968116 0.707000 0.968116 0.713500 0.980676 0.720000 1.000000 0.720500
0 0.958454 0.717500 0.949758 0.724000 0.946860 0.730000 0.948792 0.736500 0.954589 0.740500 0.965217 0.745000 0.974879 0.746500 0.984541 0.746500 1.000000 0.743500 1.000000 0.720500 0.980676 0.719500 0.967150 0.715000
0 0.935266 0.694000 0.935266 0.703000 0.926570 0.712500 0.928502 0.717000 0.935266 0.720500 0.952657 0.720500 0.957488 0.719000 0.963285 0.714500 0.967150 0.706500 0.966184 0.701000 0.960386 0.697000 0.943961 0.694000
0 0.906280 0.685500 0.895652 0.685000 0.890821 0.686000 0.879227 0.694500 0.875362 0.700000 0.877295 0.719500 0.880193 0.721500 0.888889 0.723500 0.914976 0.718500 0.925604 0.713000 0.934300 0.706000 0.934300 0.698000 0.931401 0.694000 0.914976 0.687500
0 0.907246 0.665500 0.903382 0.667500 0.897585 0.675000 0.890821 0.677500 0.889855 0.683500 0.905314 0.685000 0.928502 0.691500 0.934300 0.689000 0.935266 0.681500 0.943961 0.674500 0.942995 0.669500 0.938164 0.666500 0.930435 0.664500
0 0.875362 0.643000 0.864734 0.649000 0.856039 0.662000 0.856039 0.670500 0.857971 0.673000 0.864734 0.676000 0.883092 0.679000 0.898551 0.674000 0.900483 0.671500 0.900483 0.661000 0.895652 0.649500 0.883092 0.643000
0 0.853140 0.642000 0.828986 0.642000 0.822222 0.644000 0.816425 0.648000 0.811594 0.662000 0.819324 0.668500 0.828019 0.672000 0.835749 0.671500 0.849275 0.666000 0.855072 0.662500 0.859903 0.657000 0.862802 0.647500 0.859903 0.644000
0 0.810628 0.633500 0.800000 0.632000 0.790338 0.632500 0.779710 0.635000 0.771014 0.639000 0.767150 0.645000 0.766184 0.653500 0.768116 0.658500 0.775845 0.663500 0.785507 0.663000 0.798068 0.660000 0.806763 0.660000 0.811594 0.658000 0.821256 0.642000 0.819324 0.638500
0 0.803865 0.660500 0.795169 0.660500 0.779710 0.664000 0.771981 0.669500 0.768116 0.677000 0.767150 0.682500 0.771981 0.687500 0.781643 0.692500 0.791304 0.694500 0.806763 0.694000 0.818357 0.691500 0.824155 0.688500 0.831884 0.678000 0.830918 0.673500
0 0.710145 0.659000 0.705314 0.668000 0.705314 0.672500 0.707246 0.674000 0.732367 0.678500 0.745894 0.682500 0.765217 0.682000 0.770048 0.670500 0.773913 0.666500 0.772947 0.662500 0.768116 0.659500 0.749758 0.655500 0.741063 0.656000 0.732367 0.659000 0.721739 0.659000 0.717874 0.658000
0 0.718841 0.625500 0.709179 0.627500 0.693720 0.634500 0.691787 0.643000 0.695652 0.648500 0.709179 0.656500 0.721739 0.659000 0.731401 0.659000 0.738164 0.657500 0.747826 0.651000 0.748792 0.638500 0.744928 0.634500 0.730435 0.626000
0 0.687923 0.676000 0.679227 0.681000 0.675362 0.687000 0.675362 0.693500 0.692754 0.704000 0.716908 0.704500 0.729469 0.701000 0.741063 0.687500 0.739130 0.681500 0.730435 0.678000 0.707246 0.674000 0.699517 0.673500
0 0.749758 0.683000 0.744928 0.684500 0.733333 0.698500 0.732367 0.702000 0.738164 0.710500 0.747826 0.714500 0.772947 0.713500 0.788406 0.702000 0.789372 0.696500 0.773913 0.688500 0.768116 0.684000
0 0.820290 0.693000 0.813527 0.693000 0.809662 0.695000 0.800000 0.696500 0.793237 0.699000 0.778744 0.709000 0.773913 0.716000 0.774879 0.721000 0.791304 0.728000 0.801932 0.728500 0.805797 0.727500 0.810628 0.723500 0.825121 0.719500 0.839614 0.710000 0.841546 0.706000 0.839614 0.702500
0 0.850242 0.672000 0.834783 0.677000 0.828986 0.682500 0.825121 0.690500 0.830918 0.697000 0.841546 0.702500 0.851208 0.704500 0.860870 0.704500 0.871498 0.701500 0.885990 0.684500 0.882126 0.679000 0.867633 0.676500 0.856039 0.672000
0 0.844444 0.705000 0.837681 0.712500 0.829952 0.716500 0.827053 0.721500 0.841546 0.729000 0.850242 0.737000 0.863768 0.737500 0.879227 0.735000 0.885990 0.729000 0.885990 0.724500 0.876329 0.718500 0.874396 0.709500 0.864734 0.705500
0 0.924638 0.721500 0.916908 0.720000 0.904348 0.721000 0.903382 0.728000 0.899517 0.729500 0.889855 0.729500 0.878261 0.736000 0.870531 0.747000 0.872464 0.750500 0.903382 0.753000 0.913043 0.752000 0.928502 0.747000 0.936232 0.741000 0.937198 0.732500
0 0.816425 0.722000 0.800966 0.731000 0.798068 0.742000 0.801932 0.747000 0.810628 0.752000 0.825121 0.753000 0.840580 0.748500 0.846377 0.741500 0.848309 0.736000 0.842512 0.729500 0.832850 0.724500 0.824155 0.722000
0 0.753623 0.715500 0.737198 0.724000 0.734300 0.727500 0.736232 0.732000 0.742029 0.736500 0.753623 0.742000 0.774879 0.745500 0.785507 0.744500 0.794203 0.738000 0.794203 0.729500 0.787440 0.725500 0.777778 0.723500 0.773913 0.721500 0.771014 0.715000
0 0.724638 0.704000 0.717874 0.705000 0.700483 0.704500 0.691787 0.707000 0.683092 0.712000 0.678261 0.717000 0.677295 0.722000 0.680193 0.725000 0.692754 0.730500 0.703382 0.733000 0.723671 0.732500 0.731401 0.729500 0.736232 0.722000 0.736232 0.711500 0.732367 0.707000
0 0.739130 0.733500 0.732367 0.732000 0.704348 0.733500 0.698551 0.737000 0.687923 0.740000 0.689855 0.749000 0.699517 0.756500 0.707246 0.758500 0.717874 0.758500 0.731401 0.756000 0.741063 0.752000 0.746860 0.748000 0.748792 0.743500 0.747826 0.740000
0 0.610628 0.731000 0.608696 0.742000 0.612560 0.746000 0.622222 0.750000 0.637681 0.751500 0.656039 0.750000 0.669565 0.746500 0.682126 0.740500 0.683092 0.735500 0.680193 0.727500 0.673430 0.723500 0.657005 0.725500 0.647343 0.725500 0.624155 0.720000 0.617391 0.722500
0 0.675362 0.693500 0.669565 0.692500 0.652174 0.695000 0.635749 0.705500 0.630918 0.717000 0.633816 0.721000 0.637681 0.723000 0.645411 0.725000 0.655072 0.725500 0.666667 0.724000 0.676329 0.719000 0.684058 0.711000 0.685024 0.701000
0 0.648309 0.681000 0.618357 0.686500 0.599034 0.697500 0.595169 0.701000 0.595169 0.705000 0.605797 0.717000 0.610628 0.718000 0.620290 0.717500 0.632850 0.711000 0.636715 0.706000 0.644444 0.701500 0.650242 0.694500 0.650242 0.683000
0 0.601932 0.677000 0.596135 0.675000 0.586473 0.675000 0.552657 0.685000 0.553623 0.691500 0.563285 0.700000 0.589372 0.700500 0.606763 0.693000 0.612560 0.685000 0.609662 0.681500
0 0.542029 0.683500 0.531401 0.683500 0.519807 0.686500 0.502415 0.697500 0.502415 0.706000 0.505314 0.709000 0.525604 0.719000 0.544928 0.718000 0.547826 0.716500 0.553623 0.707000 0.560386 0.702000 0.550725 0.686000
0 0.542995 0.730500 0.534300 0.729000 0.521739 0.730000 0.512077 0.735500 0.502415 0.745500 0.502415 0.748500 0.511111 0.756500 0.511111 0.761000 0.515942 0.764000 0.524638 0.764000 0.539130 0.761500 0.553623 0.753000 0.559420 0.744500 0.559420 0.739500 0.556522 0.736000
0 0.595169 0.739000 0.577778 0.740000 0.566184 0.742000 0.556522 0.747500 0.554589 0.757000 0.560386 0.763500 0.569082 0.768000 0.574879 0.769000 0.596135 0.768500 0.612560 0.764000 0.617391 0.760500 0.618357 0.751000 0.605797 0.742500
0 0.570048 0.700000 0.564251 0.701500 0.552657 0.708000 0.548792 0.712500 0.547826 0.717000 0.561353 0.726500 0.582609 0.733000 0.595169 0.735500 0.601932 0.732500 0.603865 0.729500 0.603865 0.716500 0.590338 0.702500 0.581643 0.700500
0 0.262802 0.505500 0.251208 0.505500 0.238647 0.507000 0.228986 0.509500 0.219324 0.516500 0.218357 0.522500 0.223188 0.528000 0.233816 0.533500 0.245411 0.536500 0.257971 0.536000 0.278261 0.525500 0.279227 0.521500 0.270531 0.516500 0.266667 0.507000
0 0.375845 0.501500 0.350725 0.498000 0.329469 0.504000 0.323671 0.510000 0.322705 0.517500 0.325604 0.523000 0.332367 0.527500 0.338164 0.529000 0.360386 0.529000 0.372947 0.526500 0.377778 0.523500 0.382609 0.516500 0.379710 0.505500
0 0.404831 0.491000 0.382609 0.500500 0.380676 0.502500 0.380676 0.510000 0.383575 0.514000 0.391304 0.517500 0.403865 0.520500 0.413527 0.520500 0.421256 0.508000 0.427053 0.505000 0.440580 0.502500 0.440580 0.500500 0.436715 0.497500 0.427053 0.497000 0.417391 0.494000 0.413527 0.491500
0 0.434783 0.503000 0.422222 0.506500 0.414493 0.516500 0.414493 0.522500 0.417391 0.528500 0.427053 0.536000 0.432850 0.538000 0.445411 0.538000 0.458937 0.535000 0.474396 0.525000 0.477295 0.521000 0.471498 0.515500 0.462802 0.512500 0.451208 0.505000 0.442512 0.503000
0 0.492754 0.485500 0.472464 0.485500 0.459903 0.490500 0.455072 0.497000 0.454106 0.507000 0.464734 0.513000 0.471498 0.514500 0.481159 0.514500 0.488889 0.512000 0.500483 0.511000 0.514010 0.504500 0.514976 0.500500 0.502415 0.489000
0 0.542029 0.468000 0.518841 0.469000 0.509179 0.472000 0.499517 0.478000 0.500483 0.486500 0.514010 0.498500 0.525604 0.503000 0.534300 0.503500 0.544928 0.502000 0.541063 0.494500 0.541063 0.487000 0.542995 0.483000 0.551691 0.479000 0.551691 0.473500
0 0.571981 0.476000 0.552657 0.479000 0.543961 0.482500 0.542029 0.485000 0.543961 0.502000 0.558454 0.507500 0.574879 0.507000 0.591304 0.504000 0.600966 0.497000 0.600000 0.490000 0.591304 0.483000 0.582609 0.478500
0 0.508213 0.508000 0.502415 0.511500 0.500483 0.516500 0.500483 0.522000 0.503382 0.526000 0.511111 0.532500 0.517874 0.535000 0.533333 0.538000 0.542029 0.538000 0.548792 0.532000 0.550725 0.524000 0.547826 0.515000 0.541063 0.507000 0.535266 0.505500 0.517874 0.506000
0 0.592271 0.504500 0.586473 0.504000 0.572947 0.507000 0.554589 0.508000 0.551691 0.509500 0.548792 0.513000 0.551691 0.525500 0.554589 0.527500 0.564251 0.528500 0.573913 0.528000 0.581643 0.526500 0.587440 0.523500 0.590338 0.520000 0.598068 0.517000 0.600000 0.514500 0.599034 0.510000
0 0.616425 0.485000 0.604831 0.490500 0.601932 0.497000 0.596135 0.501500 0.597101 0.508500 0.600966 0.512000 0.611594 0.516500 0.618357 0.517500 0.638647 0.516500 0.652174 0.506500 0.648309 0.496500 0.649275 0.489500 0.640580 0.486000 0.625121 0.484500
0 0.703382 0.478000 0.696618 0.476000 0.685990 0.475000 0.665700 0.475500 0.655072 0.483500 0.650242 0.494000 0.651208 0.502500 0.655072 0.506000 0.684058 0.501500 0.688889 0.494000 0.704348 0.486500 0.707246 0.483500 0.707246 0.480500
0 0.734300 0.485000 0.725604 0.483000 0.714010 0.483000 0.708213 0.484000 0.690821 0.492000 0.686957 0.496500 0.686957 0.502500 0.695652 0.509000 0.706280 0.511000 0.718841 0.511000 0.735266 0.507500 0.740097 0.502000 0.741063 0.490000
0 0.692754 0.509500 0.689855 0.515000 0.689855 0.537500 0.702415 0.542500 0.716908 0.542500 0.728502 0.538500 0.742029 0.527000 0.742029 0.521500 0.738164 0.514500 0.731401 0.509500 0.714976 0.511500 0.705314 0.511500
0 0.655072 0.509000 0.647343 0.511500 0.638647 0.518500 0.636715 0.531500 0.644444 0.535000 0.671498 0.539500 0.678261 0.537500 0.683092 0.533500 0.683092 0.519000 0.679227 0.514500 0.673430 0.511500
0 0.776812 0.493500 0.769082 0.493000 0.755556 0.498000 0.744928 0.498500 0.737198 0.505500 0.735266 0.510000 0.744928 0.526000 0.750725 0.528000 0.771014 0.529000 0.780676 0.527000 0.788406 0.523000 0.799034 0.514500 0.799034 0.510000
0 0.804831 0.481000 0.785507 0.490000 0.781643 0.493000 0.781643 0.495000 0.799034 0.509500 0.803865 0.511500 0.815459 0.510500 0.828019 0.505500 0.836715 0.498500 0.836715 0.496000 0.821256 0.483000
0 0.899517 0.496000 0.893720 0.493000 0.875362 0.493000 0.859903 0.497500 0.837681 0.499000 0.832850 0.502000 0.831884 0.506500 0.838647 0.511000 0.851208 0.514000 0.881159 0.513500 0.890821 0.511000 0.896618 0.508000 0.900483 0.498500
0 0.920773 0.478500 0.909179 0.484500 0.904348 0.490000 0.904348 0.496000 0.907246 0.500000 0.937198 0.509500 0.947826 0.510000 0.958454 0.508500 0.968116 0.502000 0.970048 0.498000 0.969082 0.488500 0.964251 0.482500 0.953623 0.478500 0.942995 0.477000
0 0.995169 0.470000 0.980676 0.474500 0.976812 0.480500 0.976812 0.489000 0.978744 0.493000 0.984541 0.497000 1.000000 0.498500 1.000000 0.470000
0 0.995169 0.503000 0.981643 0.509500 0.981643 0.522000 0.983575 0.527000 0.987440 0.530000 0.994203 0.533000 1.000000 0.533500 1.000000 0.503000
0 0.977778 0.511000 0.973913 0.510000 0.953623 0.510500 0.934300 0.514500 0.930435 0.518500 0.930435 0.524500 0.933333 0.528000 0.949758 0.535000 0.958454 0.532500 0.978744 0.521000 0.980676 0.513000
0 0.909179 0.502500 0.903382 0.502500 0.896618 0.508000 0.885024 0.513000 0.880193 0.513500 0.876329 0.517000 0.877295 0.521500 0.885024 0.526000 0.904348 0.531000 0.914010 0.530000 0.925604 0.526500 0.933333 0.514000 0.932367 0.509500
0 0.826087 0.510000 0.824155 0.515500 0.828019 0.519000 0.835749 0.522500 0.850242 0.525500 0.858937 0.525500 0.868599 0.522500 0.871498 0.518500 0.869565 0.514500 0.846377 0.513500 0.831884 0.508500
0 0.314976 0.492500 0.306280 0.491500 0.283092 0.495500 0.269565 0.505000 0.269565 0.516000 0.286957 0.524000 0.293720 0.524500 0.308213 0.522500 0.321739 0.514500 0.330435 0.501500 0.325604 0.497000