0 0.593750 0.937456 0.588235 0.933902 0.582721 0.933902 0.576593 0.936034 0.572549 0.938166 0.569485 0.940725 0.564706 0.947122 0.558824 0.955224 0.556434 0.965316 0.560049 0.973348 0.566728 0.978820 0.579534 0.979602 0.587377 0.976830 0.593750 0.962331 0.597426 0.948827 0.596814 0.942431
0 0.552696 0.903340 0.545343 0.906183 0.541054 0.911869 0.539216 0.923241 0.542892 0.945984 0.552083 0.953092 0.557598 0.953802 0.560662 0.951670 0.568627 0.940299 0.578431 0.934613 0.580270 0.931059 0.578431 0.916844 0.575980 0.913291 0.560662 0.904051
0 0.538603 0.854300 0.530025 0.853589 0.525735 0.855011 0.517157 0.861407 0.509191 0.864961 0.504902 0.869225 0.501225 0.874911 0.498775 0.882729 0.500000 0.894101 0.503676 0.900498 0.512868 0.907605 0.523284 0.910448 0.530025 0.910448 0.537377 0.902630 0.544730 0.883440 0.546569 0.873490 0.545956 0.865672
0 0.523897 0.809524 0.511642 0.806681 0.505515 0.809524 0.499387 0.815210 0.495098 0.824449 0.489583 0.842928 0.490196 0.852878 0.495098 0.862829 0.509191 0.864250 0.516544 0.861407 0.529412 0.852168 0.535539 0.844350 0.537377 0.839375 0.536765 0.825871 0.533088 0.818763
0 0.493260 0.756930 0.484681 0.760483 0.473039 0.768301 0.467525 0.776119 0.466299 0.785359 0.471814 0.794598 0.487745 0.808813 0.493873 0.812367 0.499387 0.813077 0.512255 0.803838 0.514706 0.798152 0.514706 0.792466 0.507353 0.769723 0.499387 0.758351
0 0.452819 0.791045 0.449142 0.797441 0.447304 0.809524 0.454044 0.837242 0.458333 0.845060 0.463235 0.847903 0.476103 0.845771 0.484681 0.840796 0.490809 0.835110 0.493873 0.828003 0.493873 0.820896 0.485294 0.808102 0.468750 0.793177 0.455882 0.790334
0 0.449755 0.759773 0.443627 0.758351 0.431985 0.759773 0.422181 0.766880 0.415441 0.775409 0.413603 0.779673 0.412990 0.786780 0.421569 0.803838 0.426471 0.808813 0.429534 0.810235 0.438113 0.810235 0.440564 0.808813 0.451593 0.787491 0.455882 0.776830 0.455882 0.769723 0.454044 0.764037
0 0.386029 0.784648 0.379289 0.793177 0.377451 0.812367 0.379902 0.820185 0.395833 0.830846 0.403186 0.830846 0.414216 0.826581 0.421569 0.811656 0.422181 0.805259 0.412377 0.786780 0.403186 0.780384 0.395221 0.780384
0 0.375000 0.775409 0.359681 0.772566 0.339461 0.786780 0.330882 0.806681 0.330882 0.813077 0.337010 0.822317 0.351716 0.831557 0.358456 0.831557 0.368260 0.822317 0.376225 0.807392 0.380515 0.793177 0.379902 0.784648
0 0.388480 0.825871 0.381127 0.822317 0.371936 0.822317 0.365196 0.825871 0.359681 0.831557 0.356005 0.842217 0.356005 0.857143 0.360294 0.864961 0.368260 0.869225 0.376838 0.869225 0.386642 0.864961 0.398897 0.862118 0.400735 0.857143 0.400735 0.840085 0.398897 0.835821
0 0.403186 0.831557 0.400123 0.834399 0.399510 0.839375 0.400123 0.855011 0.403799 0.866382 0.413603 0.877754 0.420343 0.877754 0.430147 0.872779 0.436275 0.864250 0.440564 0.851457 0.440564 0.842217 0.437500 0.835110 0.430147 0.830135 0.418505 0.828003
0 0.490196 0.852878 0.487132 0.847903 0.482843 0.845771 0.477328 0.845771 0.460172 0.850036 0.450980 0.855011 0.443015 0.862829 0.441789 0.872068 0.446691 0.879886 0.458946 0.887704 0.473039 0.891969 0.484069 0.891969 0.490809 0.885572 0.492647 0.877754 0.493260 0.865672
0 0.461397 0.896233 0.458333 0.904762 0.457721 0.921109 0.458946 0.925373 0.462623 0.929638 0.472426 0.930348 0.477941 0.933902 0.490809 0.932480 0.497549 0.926084 0.501225 0.916134 0.501838 0.906894 0.500000 0.902630 0.494485 0.897655 0.485907 0.893390 0.466299 0.891969
0 0.505515 0.911158 0.501225 0.917555 0.497549 0.929638 0.498162 0.936034 0.502451 0.947406 0.509804 0.955224 0.523284 0.957356 0.535539 0.949538 0.539216 0.943852 0.539828 0.936034 0.537377 0.921819 0.532475 0.916134 0.525123 0.911158 0.515319 0.909026
0 0.520833 0.961620 0.518995 0.973703 0.519608 0.985075 0.521446 0.991471 0.526961 1.000000 0.560662 1.000000 0.560662 0.978678 0.553922 0.959488 0.547794 0.952381 0.541667 0.950959 0.535539 0.951670 0.525123 0.957356
0 0.511029 0.957356 0.499387 0.947406 0.489583 0.946695 0.484069 0.948827 0.475490 0.959488 0.471814 0.966596 0.471201 0.977967 0.472426 0.986496 0.477941 0.989339 0.492034 0.990760 0.500000 0.990050 0.507966 0.986496 0.513480 0.980810 0.514706 0.977257 0.514706 0.966596
0 0.479779 0.938166 0.476103 0.933902 0.471201 0.931770 0.462010 0.931770 0.450368 0.934613 0.444240 0.940299 0.439338 0.952381 0.439338 0.965174 0.444240 0.970860 0.448529 0.971571 0.471814 0.963042 0.479167 0.955224 0.481618 0.949538 0.481618 0.943141
0 0.426471 0.884151 0.420956 0.889126 0.420343 0.891969 0.422794 0.906894 0.422181 0.918266 0.427083 0.925373 0.436275 0.928927 0.447917 0.927505 0.455270 0.917555 0.458946 0.896233 0.456495 0.887704 0.452819 0.884151 0.444240 0.881308
0 0.414216 0.884861 0.404412 0.881308 0.396446 0.882018 0.387868 0.884861 0.379289 0.893390 0.376838 0.899787 0.376225 0.908316 0.379289 0.917555 0.383578 0.923952 0.390319 0.928216 0.401961 0.928216 0.421569 0.916844 0.420343 0.894812 0.418505 0.889837
0 0.420343 0.959488 0.418505 0.975124 0.405637 0.987918 0.405637 0.994314 0.407475 1.000000 0.446691 1.000000 0.448529 0.995025 0.448529 0.983653 0.441789 0.970149 0.429534 0.960199 0.424632 0.958778
0 0.388480 0.943141 0.380515 0.952381 0.378676 0.958778 0.377451 0.972281 0.379289 0.977967 0.384804 0.984364 0.392157 0.987207 0.404412 0.987207 0.410539 0.984364 0.416667 0.978678 0.418505 0.974414 0.418505 0.960199 0.417279 0.956645 0.410539 0.947406 0.405025 0.943141 0.401348 0.941720
0 0.372549 0.915423 0.362745 0.914712 0.350490 0.919687 0.344363 0.925373 0.341299 0.931059 0.340686 0.940299 0.346201 0.948827 0.350490 0.960199 0.356618 0.965174 0.365809 0.965885 0.378064 0.958778 0.382353 0.949538 0.381740 0.929638 0.379289 0.922530
0 0.375613 0.975835 0.371936 0.971571 0.366422 0.969439 0.358456 0.970149 0.350490 0.973703 0.346201 0.977257 0.338235 0.989339 0.337623 0.993603 0.339461 1.000000 0.378676 1.000000 0.378676 0.984364
0 0.259804 0.783937 0.268382 0.783937 0.276348 0.786070 0.286765 0.793177 0.289216 0.798863 0.289828 0.808102 0.287990 0.815210 0.283088 0.821606 0.272059 0.831557 0.262868 0.832623 0.255637 0.828927 0.265319 0.816631 0.267402 0.812651 0.266238 0.802416 0.257966 0.785359
0 0.302696 0.776830 0.295343 0.778962 0.291054 0.784648 0.288664 0.792893 0.290196 0.813575 0.294118 0.819474 0.304289 0.824520 0.312868 0.822957 0.326103 0.814144 0.334681 0.800995 0.335172 0.793888 0.329657 0.785359 0.322304 0.780384
0 0.286765 0.820185 0.280025 0.825160 0.277328 0.827790 0.273713 0.830775 0.272610 0.835963 0.273284 0.840796 0.289216 0.861407 0.291054 0.872068 0.299020 0.872068 0.304534 0.869225 0.311887 0.862118 0.313113 0.857854 0.316667 0.838522 0.303309 0.824449 0.295343 0.820185
0 0.259804 0.847903 0.252941 0.859559 0.253554 0.872353 0.264154 0.891400 0.273284 0.895522 0.282782 0.895451 0.287990 0.888415 0.289828 0.880597 0.290441 0.869936 0.287990 0.859986 0.276961 0.847193 0.270221 0.845771
0 0.238358 0.899076 0.234069 0.918266 0.237132 0.931059 0.243260 0.936745 0.251225 0.938166 0.276348 0.936745 0.280637 0.934613 0.284314 0.927505 0.287990 0.923952 0.288603 0.916134 0.286152 0.913291 0.283701 0.906183 0.270833 0.896944 0.256127 0.891258 0.246936 0.891258 0.243260 0.892679
0 0.232230 0.835821 0.219363 0.843639 0.212010 0.852168 0.209559 0.857143 0.210172 0.863539 0.219363 0.876333 0.232230 0.886994 0.245098 0.886994 0.248162 0.884151 0.251838 0.875622 0.251225 0.852168 0.247549 0.842928 0.243873 0.837953 0.240196 0.835821
0 0.186275 0.742715 0.180147 0.742715 0.168505 0.752665 0.161765 0.769012 0.162377 0.783937 0.165441 0.788913 0.170343 0.792466 0.176471 0.793888 0.186887 0.793177 0.198529 0.785359 0.203431 0.778962 0.203431 0.769012 0.197304 0.754797
0 0.204044 0.783227 0.191789 0.789623 0.188113 0.793888 0.186275 0.800995 0.186275 0.813788 0.193627 0.829424 0.202206 0.833689 0.209559 0.833689 0.216912 0.829424 0.227941 0.818763 0.230392 0.813788 0.230392 0.803127 0.228554 0.798152 0.218750 0.788202 0.212010 0.784648
0 0.193627 0.830846 0.191176 0.832267 0.188725 0.838664 0.181985 0.847193 0.174020 0.853589 0.166667 0.854300 0.165441 0.855721 0.165441 0.862118 0.171569 0.872779 0.177083 0.877043 0.188725 0.881308 0.194853 0.879886 0.202206 0.872779 0.205270 0.859986 0.205882 0.847903 0.203431 0.837953 0.200368 0.833689
0 0.172794 0.807392 0.161765 0.807392 0.158088 0.809524 0.153186 0.814499 0.150123 0.821606 0.150123 0.844350 0.155025 0.852878 0.161152 0.855721 0.167279 0.856432 0.177696 0.852878 0.186887 0.842928 0.189951 0.835821 0.189951 0.824449 0.188725 0.820896 0.183824 0.813788
0 0.060662 0.710021 0.050858 0.714286 0.042892 0.721393 0.039216 0.729211 0.039216 0.737740 0.053922 0.754797 0.059436 0.758351 0.064951 0.759062 0.071691 0.756219 0.078431 0.747690 0.080270 0.738451 0.077206 0.721393 0.074142 0.714286 0.068627 0.710021
0 0.008578 0.727790 0.000000 0.727790 0.000000 0.778252 0.007353 0.777541 0.013480 0.773987 0.021446 0.760483 0.025123 0.750533 0.025123 0.743426 0.021446 0.736318 0.016544 0.731343
0 0.032475 0.740583 0.024510 0.752665 0.016544 0.774698 0.016544 0.783937 0.017770 0.787491 0.025123 0.793888 0.037990 0.794598 0.045956 0.792466 0.054534 0.786070 0.055760 0.771144 0.052696 0.759773 0.047794 0.749112 0.041054 0.741294
0 0.130515 0.721393 0.124387 0.730633 0.125613 0.744847 0.129289 0.750533 0.133578 0.754087 0.142770 0.751955 0.148284 0.754087 0.150123 0.756930 0.155637 0.756219 0.160539 0.749112 0.162377 0.739872 0.162377 0.723525 0.159314 0.717839 0.155025 0.714996 0.142770 0.714996
0 0.116422 0.724947 0.099877 0.727079 0.090074 0.732054 0.087010 0.735608 0.085172 0.739872 0.085784 0.752665 0.088235 0.759773 0.094363 0.766169 0.102941 0.767591 0.111520 0.772566 0.117647 0.765458 0.125000 0.746269 0.125000 0.734186 0.120098 0.726368
0 0.145221 0.752665 0.130515 0.756219 0.121936 0.766169 0.118260 0.775409 0.118873 0.781095 0.127451 0.791045 0.131740 0.799574 0.134191 0.801706 0.148284 0.800995 0.155637 0.795309 0.160539 0.786780 0.161152 0.778252 0.158701 0.766880 0.150123 0.755508
0 0.094363 0.771144 0.093137 0.775409 0.093750 0.785359 0.094975 0.789623 0.098652 0.794598 0.103554 0.796731 0.113971 0.805259 0.123775 0.808813 0.129289 0.807392 0.131127 0.796731 0.127451 0.794598 0.125613 0.790334 0.112132 0.774698 0.100490 0.766880
0 0.065564 0.759773 0.060049 0.767591 0.056373 0.783227 0.056373 0.791756 0.060049 0.800284 0.063113 0.803127 0.069240 0.803838 0.082721 0.802416 0.094975 0.798152 0.097426 0.793888 0.093750 0.785359 0.094363 0.766880 0.087623 0.760483 0.076593 0.758351
0 0.102941 0.799574 0.096814 0.801706 0.088848 0.807392 0.085784 0.815210 0.085784 0.822317 0.091299 0.833689 0.096201 0.840085 0.102941 0.845060 0.107230 0.845060 0.115809 0.842217 0.121324 0.834399 0.125000 0.823738 0.125000 0.812367 0.121324 0.808102 0.113358 0.805970 0.109681 0.802416
0 0.077206 0.805259 0.060049 0.805259 0.049020 0.811656 0.044730 0.816631 0.042279 0.824449 0.043505 0.835110 0.045343 0.839375 0.052696 0.847903 0.061275 0.852168 0.069240 0.852168 0.074142 0.850036 0.079044 0.844350 0.082721 0.830846 0.083333 0.820896 0.080270 0.808813
0 0.014093 0.795309 0.000000 0.796731 0.000000 0.848614 0.010417 0.849325 0.012868 0.847903 0.018995 0.840085 0.021446 0.832267 0.022672 0.822317 0.022059 0.810945 0.017770 0.798152
0 0.120098 0.843639 0.113358 0.843639 0.104779 0.847193 0.098039 0.856432 0.098039 0.864250 0.104779 0.884861 0.114583 0.889837 0.134804 0.880597 0.139093 0.872068 0.139093 0.864250 0.136642 0.857143 0.128676 0.848614
0 0.077819 0.849325 0.072917 0.861407 0.073529 0.872068 0.075980 0.877043 0.084559 0.885572 0.093137 0.886994 0.102941 0.885572 0.103554 0.879176 0.099877 0.869225 0.097426 0.855011 0.094363 0.851457 0.084559 0.846482
0 0.182966 0.882018 0.180025 0.882018 0.181924 0.897512 0.181495 0.909240 0.176961 0.917484 0.171324 0.926155 0.180760 0.929638 0.186887 0.929638 0.193627 0.926795 0.197304 0.921109 0.198529 0.916134 0.197917 0.901208 0.194240 0.889126 0.189951 0.884151
0 0.213235 0.878465 0.207721 0.879886 0.202819 0.883440 0.196691 0.890547 0.196691 0.896944 0.199387 0.914072 0.202512 0.924520 0.209007 0.929780 0.217647 0.930419 0.223346 0.927505 0.229228 0.920967 0.235172 0.911869 0.236520 0.897655 0.234069 0.890547 0.229779 0.885572 0.221201 0.879176
0 0.162377 0.877754 0.155025 0.882729 0.149510 0.891258 0.147549 0.900213 0.145833 0.906183 0.148652 0.917129 0.152574 0.921819 0.169792 0.925089 0.172243 0.923881 0.180576 0.909524 0.181127 0.896873 0.179841 0.884151 0.177451 0.881805 0.170956 0.877043
0 0.134804 0.882018 0.119485 0.889837 0.115196 0.897655 0.115196 0.904051 0.119485 0.916134 0.129289 0.927505 0.131740 0.928927 0.143382 0.928927 0.150123 0.921819 0.146446 0.913291 0.145221 0.906183 0.147672 0.896233 0.149632 0.889694 0.151348 0.884151 0.143995 0.882018
0 0.079044 0.911158 0.078431 0.916844 0.083333 0.923241 0.087623 0.944563 0.090809 0.950036 0.110600 0.950533 0.115196 0.938877 0.116422 0.929638 0.115809 0.918977 0.112132 0.911869 0.104779 0.906183 0.083946 0.906894
0 0.056373 0.911869 0.047794 0.921109 0.046569 0.928927 0.053309 0.931770 0.058211 0.937456 0.060049 0.945274 0.059498 0.958849 0.070711 0.957640 0.078922 0.954869 0.087010 0.943141 0.083946 0.924662 0.077819 0.916134 0.070466 0.911869 0.061275 0.910448
0 0.009191 0.898365 0.006740 0.906894 0.007353 0.914712 0.017157 0.931770 0.041667 0.929638 0.043505 0.927505 0.045956 0.918977 0.046569 0.905473 0.045343 0.899076 0.041667 0.892679 0.035539 0.889837 0.025123 0.889837 0.017157 0.891969
0 0.000000 0.978678 0.000000 1.000000 0.018995 1.000000 0.018382 0.985075 0.013480 0.977967 0.008578 0.976546
0 0.000000 0.939588 0.000000 0.977257 0.005515 0.977257 0.010417 0.975835 0.014093 0.972281 0.015931 0.967306 0.015931 0.958778 0.012868 0.946695 0.006127 0.939588
0 0.055147 0.933191 0.049020 0.930348 0.036152 0.929638 0.018995 0.932480 0.014706 0.938166 0.013480 0.942431 0.014093 0.955224 0.017770 0.967306 0.024510 0.972992 0.033701 0.975124 0.041667 0.972281 0.056373 0.960199 0.058824 0.955935 0.059436 0.943141 0.058211 0.937456
0 0.056985 0.960910 0.052083 0.962331 0.045956 0.968728 0.034926 0.975124 0.029412 0.975124 0.021446 0.969439 0.017157 0.968728 0.015931 0.970149 0.015931 0.976546 0.023284 0.990050 0.026961 0.993603 0.030637 0.995025 0.042279 0.994314 0.045956 0.992182 0.054534 0.981521 0.057598 0.971571
0 0.088848 0.950959 0.080270 0.959488 0.079044 0.965885 0.080270 0.978678 0.087623 0.990760 0.094975 0.997868 0.094975 1.000000 0.109681 1.000000 0.110907 0.997157 0.117647 0.991471 0.121324 0.984364 0.124387 0.973703 0.124387 0.965174 0.120098 0.957356 0.112132 0.953092 0.104167 0.950959
0 0.120098 0.990760 0.120098 1.000000 0.159926 1.000000 0.159926 0.988628 0.158088 0.983653 0.151961 0.975835 0.144608 0.972281 0.134191 0.972992 0.126838 0.976546 0.123162 0.981521
0 0.131127 0.930348 0.123162 0.939588 0.121324 0.947406 0.121936 0.958067 0.125613 0.968728 0.131127 0.972992 0.146446 0.970860 0.155637 0.965174 0.158088 0.962331 0.158088 0.958067 0.150123 0.943141 0.147672 0.932480 0.143995 0.929638
0 0.148284 0.928927 0.149510 0.941720 0.154412 0.952381 0.162377 0.963042 0.169118 0.967306 0.174632 0.966596 0.182598 0.963042 0.187500 0.958067 0.188725 0.953802 0.188725 0.938166 0.183211 0.931770 0.166667 0.924662 0.153799 0.923241
0 0.193627 0.933902 0.191176 0.938166 0.191789 0.943852 0.189338 0.952381 0.191176 0.960199 0.197304 0.968017 0.208946 0.977257 0.214461 0.977967 0.224265 0.974414 0.229167 0.967306 0.232230 0.954513 0.232230 0.948117 0.230392 0.941720 0.225490 0.933902 0.219363 0.931059 0.210784 0.929638 0.200980 0.929638
0 0.204044 0.983653 0.198529 0.971571 0.194240 0.965885 0.189951 0.962331 0.185662 0.961620 0.174632 0.968017 0.169730 0.968017 0.166054 0.971571 0.162377 0.987207 0.162377 0.994314 0.164216 1.000000 0.202819 1.000000 0.204657 0.990050
0 0.242647 0.992893 0.236520 0.981521 0.224265 0.975835 0.214461 0.978678 0.208333 0.984364 0.205882 0.991471 0.205882 1.000000 0.242647 1.000000
0 0.234681 0.945984 0.232843 0.951670 0.234069 0.964463 0.240809 0.973703 0.250000 0.981521 0.259191 0.983653 0.271446 0.981521 0.281863 0.966596 0.281250 0.952381 0.278799 0.947406 0.272059 0.940299 0.266544 0.938877 0.243873 0.938877
0 0.272672 0.982232 0.272059 0.995025 0.273284 1.000000 0.313113 1.000000 0.314338 0.995025 0.313725 0.984364 0.306373 0.970149 0.298407 0.963753 0.289828 0.962331 0.283701 0.964463 0.280637 0.967306 0.279412 0.971571 0.275123 0.976546
0 0.335172 0.938877 0.327819 0.938877 0.321078 0.941720 0.311887 0.949538 0.306373 0.958067 0.306373 0.969439 0.313113 0.985075 0.316789 0.990050 0.319853 0.991471 0.327206 0.992182 0.335784 0.990050 0.347426 0.975124 0.348652 0.964463 0.344975 0.947406 0.338848 0.940299
0 0.346814 0.870647 0.335784 0.875622 0.325980 0.884861 0.321078 0.894101 0.319853 0.902630 0.325368 0.906894 0.330270 0.914001 0.340686 0.917555 0.349877 0.918266 0.362132 0.912580 0.365809 0.905473 0.366422 0.896233 0.365196 0.887704 0.359681 0.876333 0.354167 0.871357
0 0.585784 0.913291 0.584559 0.916134 0.584559 0.926084 0.585784 0.928927 0.598039 0.940299 0.613971 0.944563 0.621324 0.944563 0.628064 0.941009 0.633578 0.920398 0.632353 0.914712 0.625000 0.901919 0.613358 0.897655 0.604167 0.897655 0.598039 0.900498
0 0.312500 0.288557 0.306373 0.295665 0.304534 0.301350 0.316176 0.309168 0.330882 0.324805 0.334559 0.331201 0.338235 0.324805 0.340074 0.312011 0.332721 0.289979 0.328431 0.286425 0.318627 0.285714
0 0.653799 0.547264 0.652574 0.554371 0.655025 0.565032 0.659314 0.570007 0.669730 0.577114 0.683211 0.577114 0.689338 0.573561 0.694853 0.567164 0.695466 0.558635 0.693627 0.553660 0.677083 0.535892 0.669118 0.535892 0.659926 0.540867
0 0.325980 0.823738 0.318627 0.831557 0.315564 0.838664 0.313113 0.860697 0.314338 0.868515 0.330882 0.874200 0.337010 0.874200 0.348652 0.869225 0.354779 0.857854 0.354779 0.842928 0.352941 0.837953 0.347426 0.830135 0.337010 0.823028
0 0.316789 0.901208 0.303922 0.901208 0.297794 0.906183 0.291054 0.916134 0.285539 0.929638 0.286765 0.941720 0.290441 0.947406 0.297794 0.950959 0.307598 0.950959 0.328431 0.937456 0.332721 0.932480 0.333946 0.923952 0.332108 0.916844 0.322304 0.904762
0 0.000000 0.427150 0.000000 0.467662 0.002451 0.467662 0.015319 0.455579 0.017157 0.444918 0.015319 0.437100 0.010417 0.430704 0.006127 0.427861
0 0.000000 0.601990 0.000000 0.649609 0.001838 0.649609 0.008578 0.641080 0.008578 0.624733 0.006740 0.611230 0.003064 0.602701
0 0.000000 0.381663 0.000000 0.427150 0.002451 0.427150 0.003064 0.422175 0.008578 0.407960 0.008578 0.398010 0.001838 0.381663
0 0.767770 0.936745 0.761029 0.950959 0.761029 0.958067 0.763480 0.962331 0.764706 0.971571 0.769608 0.978678 0.777574 0.981521 0.788603 0.980810 0.797794 0.976546 0.803922 0.968728 0.805147 0.963042 0.805147 0.946695 0.802696 0.941009 0.794730 0.934613 0.786152 0.932480 0.776961 0.932480
0 0.316789 0.378109 0.309436 0.382374 0.302083 0.393746 0.297794 0.404407 0.296569 0.419332 0.299632 0.425018 0.306373 0.431414 0.313725 0.433547 0.322917 0.433547 0.329044 0.429993 0.335172 0.421464 0.336397 0.414357 0.336397 0.393746 0.329044 0.380952 0.325980 0.378820
0 0.040441 0.402985 0.030025 0.410803 0.025735 0.417910 0.026348 0.422886 0.033088 0.433547 0.042279 0.444208 0.051471 0.449183 0.056985 0.448472 0.063113 0.441365 0.064951 0.434968 0.063725 0.425018 0.059436 0.414357 0.060049 0.408671 0.053309 0.402985
0 0.025123 0.418621 0.020833 0.423596 0.018382 0.429993 0.017770 0.454869 0.018995 0.459844 0.023897 0.464819 0.033701 0.467662 0.041667 0.465529 0.052696 0.454869 0.054534 0.449183 0.041667 0.442786 0.031250 0.430704
0 0.000000 0.318408 0.000000 0.370291 0.002451 0.370291 0.007353 0.365316 0.012868 0.354655 0.015931 0.344705 0.016544 0.334755 0.015319 0.330490 0.011029 0.325515 0.002451 0.318408
0 0.000000 0.269367 0.000000 0.319119 0.006127 0.319829 0.011642 0.316276 0.015319 0.311301 0.019608 0.291400 0.017157 0.282161 0.012868 0.275764
0 0.080882 0.297086 0.064338 0.300640 0.058211 0.314854 0.055147 0.331912 0.056985 0.343284 0.059436 0.347548 0.067402 0.352523 0.072304 0.352523 0.075368 0.350391 0.084559 0.328358 0.085784 0.304193 0.083946 0.298507
0 0.045956 0.327647 0.025123 0.332623 0.017157 0.340441 0.014706 0.349680 0.014706 0.355366 0.019608 0.364606 0.033088 0.369581 0.040441 0.374556 0.045343 0.374556 0.056985 0.360341 0.057598 0.349680 0.053922 0.334755 0.049632 0.329069
0 0.020833 0.293532 0.015319 0.312011 0.017157 0.324805 0.020833 0.330490 0.027574 0.331912 0.037377 0.328358 0.045956 0.327647 0.053309 0.324805 0.055760 0.321962 0.056985 0.318408 0.055760 0.305615 0.053309 0.299929 0.043505 0.289268 0.037990 0.286425 0.028799 0.286425
0 0.020833 0.463397 0.015931 0.463397 0.008578 0.469083 0.005515 0.474058 0.004902 0.480455 0.005821 0.483085 0.009191 0.486141 0.013480 0.491827 0.015135 0.495736 0.014216 0.511514 0.010417 0.518124 0.018382 0.517413 0.028799 0.508884 0.039828 0.496091 0.042892 0.487562 0.041667 0.479744 0.031250 0.468372
0 0.004473 0.483795 0.000000 0.481166 0.000000 0.530206 0.002451 0.530206 0.007966 0.521677 0.009865 0.517555 0.013664 0.510306 0.014154 0.496446 0.012255 0.491258 0.008885 0.487562
0 0.014706 0.366027 0.005515 0.369581 0.002451 0.373134 0.001838 0.377399 0.000000 0.378109 0.000000 0.382374 0.002451 0.383795 0.007966 0.396588 0.008578 0.410092 0.013480 0.414357 0.022059 0.416489 0.031250 0.410092 0.041054 0.398721 0.042892 0.380952 0.041667 0.377399 0.036152 0.372424 0.027574 0.368159
0 0.064951 0.360341 0.056985 0.361763 0.051471 0.367448 0.045343 0.378820 0.042892 0.390903 0.042892 0.397299 0.044730 0.401564 0.053922 0.402985 0.060662 0.407960 0.085172 0.400142 0.084559 0.380952 0.083333 0.378109 0.069853 0.361763
0 0.083946 0.331201 0.077206 0.347548 0.072917 0.353234 0.069240 0.355366 0.068627 0.360341 0.083946 0.378109 0.090686 0.378820 0.095588 0.375977 0.099877 0.370291 0.107843 0.355366 0.107843 0.348259 0.105392 0.341151 0.101716 0.336887 0.092525 0.331912
0 0.059436 0.250888 0.054534 0.258706 0.053309 0.264392 0.053309 0.275053 0.056373 0.292822 0.060049 0.297797 0.063725 0.299929 0.084559 0.295665 0.093137 0.285004 0.094363 0.279318 0.093137 0.272921 0.088235 0.265103 0.075980 0.253021 0.070466 0.250178
0 0.094975 0.286425 0.090686 0.289979 0.086397 0.297086 0.084559 0.326226 0.086397 0.329069 0.091912 0.331912 0.104779 0.335466 0.110294 0.332623 0.113664 0.328216 0.115809 0.324094 0.117647 0.316986 0.116422 0.300640 0.112132 0.291400 0.109069 0.288557 0.100490 0.285714
0 0.121324 0.249467 0.113358 0.253021 0.107230 0.258706 0.101716 0.268657 0.100490 0.275764 0.102941 0.283582 0.110907 0.289268 0.116422 0.297797 0.119485 0.299218 0.129289 0.299218 0.134191 0.296375 0.141544 0.285004 0.143995 0.279318 0.143995 0.268657 0.140319 0.259417 0.134804 0.251599 0.129902 0.249467
0 0.161765 0.235252 0.156250 0.245203 0.153799 0.255864 0.154412 0.270078 0.157475 0.276475 0.164828 0.280028 0.170343 0.280739 0.181985 0.278607 0.196691 0.270789 0.202206 0.261549 0.200980 0.250178 0.196691 0.243070 0.185662 0.235252 0.175858 0.231699 0.166667 0.231699
0 0.150123 0.277186 0.144608 0.280028 0.140931 0.285004 0.136642 0.294243 0.131740 0.299929 0.131127 0.307036 0.136642 0.318408 0.142770 0.325515 0.154412 0.329780 0.161765 0.329780 0.170343 0.321962 0.172794 0.316276 0.174632 0.306326 0.174632 0.293532 0.168505 0.282161 0.157475 0.277186
0 0.120711 0.314144 0.117647 0.319119 0.113971 0.330490 0.115196 0.341151 0.118873 0.349680 0.125613 0.354655 0.140319 0.354655 0.147059 0.352523 0.151961 0.346837 0.156250 0.337598 0.156863 0.331912 0.148897 0.329069 0.140931 0.323383 0.131740 0.312011
0 0.109681 0.356787 0.104167 0.362473 0.098039 0.376688 0.098652 0.388770 0.102328 0.396588 0.107230 0.402274 0.120711 0.400853 0.128676 0.402985 0.131740 0.402274 0.140931 0.394456 0.143995 0.382374 0.141544 0.370291 0.137255 0.363895 0.123775 0.354655 0.118260 0.353945
0 0.195466 0.334044 0.178922 0.329780 0.172794 0.329780 0.162990 0.331912 0.156863 0.336887 0.154412 0.341862 0.152574 0.351102 0.155025 0.363184 0.161765 0.375267 0.166667 0.378820 0.174020 0.380242 0.181985 0.377399 0.188725 0.371002 0.193015 0.364606 0.196078 0.356077
0 0.193015 0.281450 0.186275 0.285004 0.178309 0.295665 0.175245 0.304904 0.172794 0.320540 0.175858 0.328358 0.191176 0.333333 0.197304 0.333333 0.202819 0.329780 0.210172 0.321251 0.212623 0.314854 0.212623 0.307036 0.210784 0.304904 0.209559 0.296375 0.207721 0.294954 0.204044 0.285714 0.199142 0.282161
0 0.232843 0.250888 0.221814 0.250888 0.216912 0.253731 0.212623 0.259417 0.205882 0.274343 0.204044 0.283582 0.211397 0.302772 0.213848 0.304904 0.224877 0.303483 0.235294 0.294243 0.245711 0.277186 0.246936 0.268657 0.245098 0.262971 0.237745 0.253731
0 0.270833 0.275764 0.263480 0.281450 0.258578 0.291400 0.258578 0.296375 0.262255 0.301350 0.261642 0.319119 0.269608 0.323383 0.280025 0.324094 0.284926 0.321251 0.289828 0.315565 0.292892 0.309168 0.297794 0.303483 0.299020 0.295665 0.295343 0.285714 0.286765 0.276475
0 0.259191 0.296375 0.251838 0.294243 0.238358 0.294243 0.226716 0.302061 0.223652 0.309168 0.223039 0.319119 0.226103 0.328358 0.230392 0.334044 0.234069 0.336176 0.242647 0.335466 0.258578 0.324805 0.261642 0.319119 0.262868 0.307036 0.262255 0.300640
0 0.277574 0.325515 0.267770 0.322672 0.263480 0.319829 0.259804 0.320540 0.251838 0.329780 0.236520 0.336887 0.236520 0.341862 0.241422 0.356787 0.248775 0.366738 0.255515 0.369581 0.260417 0.369581 0.276961 0.355366 0.281863 0.343284 0.281250 0.332623
0 0.230392 0.372424 0.208333 0.371002 0.204044 0.372424 0.196078 0.380242 0.194240 0.386638 0.194853 0.402274 0.196691 0.409382 0.200980 0.415778 0.207537 0.419616 0.207721 0.415352 0.209191 0.411301 0.212377 0.404407 0.215809 0.396446 0.221201 0.386638 0.237745 0.385217 0.237745 0.382374
0 0.238848 0.385714 0.230760 0.386141 0.221140 0.387562 0.216912 0.396233 0.208333 0.415068 0.208333 0.419332 0.210172 0.422175 0.220588 0.429993 0.227328 0.429993 0.232230 0.427861 0.246936 0.415778 0.250000 0.409382 0.250000 0.400142 0.245098 0.390192
0 0.210784 0.322672 0.201593 0.332623 0.199142 0.340441 0.197917 0.357498 0.199755 0.363895 0.207721 0.369581 0.229779 0.371713 0.237745 0.368870 0.240809 0.363184 0.240809 0.355366 0.234069 0.339019 0.226103 0.329780 0.224877 0.325515 0.219975 0.321251 0.214461 0.320540
0 0.145833 0.386638 0.143382 0.395167 0.143382 0.410803 0.148284 0.423596 0.158088 0.428571 0.180147 0.427150 0.185662 0.423596 0.194240 0.411514 0.194240 0.406539 0.188725 0.391613 0.181373 0.386638 0.164828 0.379531 0.153186 0.379531
0 0.104779 0.428571 0.104779 0.412225 0.102328 0.404407 0.099877 0.401564 0.090686 0.400142 0.075368 0.403696 0.062500 0.408671 0.060049 0.412935 0.060049 0.415778 0.062500 0.420043 0.080270 0.430704 0.092525 0.435679 0.098039 0.435679 0.102328 0.432836
0 0.140319 0.408671 0.122549 0.401564 0.107843 0.403696 0.105392 0.409382 0.105392 0.420043 0.101716 0.434257 0.102328 0.439232 0.106005 0.447050 0.108456 0.449183 0.115196 0.448472 0.127451 0.428571 0.135417 0.423596 0.142770 0.423596 0.143995 0.416489
0 0.142770 0.423596 0.138480 0.423596 0.130515 0.425729 0.126225 0.429282 0.113971 0.449893 0.112132 0.464108 0.114583 0.469083 0.128064 0.471215 0.147672 0.459844 0.153186 0.450604 0.153799 0.439943 0.150735 0.431414
0 0.180760 0.429282 0.169118 0.428571 0.162377 0.429993 0.155637 0.439232 0.154412 0.450604 0.155637 0.469794 0.163603 0.479744 0.167892 0.480455 0.177083 0.477612 0.187500 0.466240 0.194853 0.454158 0.196078 0.449893 0.194853 0.439943 0.190564 0.434968
0 0.147672 0.464819 0.140931 0.464819 0.125613 0.474058 0.118873 0.482587 0.118260 0.488273 0.121324 0.498223 0.132353 0.512438 0.136029 0.514570 0.145221 0.514570 0.156250 0.501066 0.161152 0.488273 0.161152 0.481166 0.159314 0.476190 0.154412 0.469083
0 0.079044 0.432125 0.071691 0.439943 0.066789 0.449183 0.066789 0.462687 0.070466 0.469083 0.084559 0.479033 0.096201 0.478323 0.102328 0.474058 0.106618 0.467662 0.106618 0.450604 0.099877 0.439232 0.096814 0.437100 0.090074 0.436389 0.083946 0.432836
0 0.046262 0.461763 0.040441 0.472779 0.046569 0.500355 0.052696 0.513859 0.055760 0.517413 0.060049 0.518834 0.064951 0.518124 0.069118 0.514499 0.072304 0.497157 0.078860 0.491756 0.087623 0.489268 0.087010 0.485430 0.083333 0.479033 0.063725 0.463397 0.057598 0.460554
0 0.076593 0.493959 0.072917 0.499645 0.070466 0.511016 0.072304 0.523099 0.076593 0.532338 0.083946 0.538024 0.094363 0.538024 0.098039 0.533760 0.103554 0.521677 0.110907 0.512438 0.111520 0.502488 0.104779 0.494670 0.094975 0.493248 0.088848 0.490405
0 0.123162 0.513149 0.113971 0.512438 0.107230 0.515991 0.102328 0.522388 0.096814 0.535892 0.096201 0.541578 0.098652 0.553660 0.106005 0.561478 0.116422 0.562189 0.123775 0.559346 0.134191 0.549396 0.136642 0.543710 0.137255 0.530917 0.135417 0.525231 0.128676 0.516702
0 0.172181 0.506752 0.164828 0.502488 0.157475 0.502488 0.150123 0.510306 0.139706 0.533760 0.139093 0.544421 0.140319 0.550107 0.146446 0.552950 0.158088 0.552950 0.170343 0.546553 0.181373 0.536603 0.183824 0.530917 0.183211 0.522388 0.178922 0.514570
0 0.225490 0.481876 0.216299 0.476901 0.208333 0.476190 0.202206 0.480455 0.196691 0.487562 0.193015 0.499645 0.191789 0.511727 0.192402 0.527363 0.196691 0.531628 0.211397 0.531628 0.213848 0.527363 0.219975 0.523810 0.227941 0.513859 0.232843 0.501066 0.232843 0.494670 0.229167 0.485430
0 0.217525 0.525942 0.212010 0.532338 0.208333 0.540867 0.206495 0.548685 0.206495 0.555792 0.208333 0.560768 0.215319 0.568017 0.231618 0.572281 0.240625 0.573205 0.250000 0.564321 0.251225 0.560768 0.250000 0.547974 0.242034 0.531628 0.237132 0.525942 0.228554 0.521677 0.223652 0.521677
0 0.294730 0.514570 0.292279 0.513149 0.275735 0.514570 0.257966 0.525942 0.254289 0.530917 0.251838 0.538735 0.253064 0.548685 0.257353 0.555792 0.267770 0.565032 0.272059 0.566453 0.278186 0.566453 0.284314 0.562189 0.288603 0.556503 0.295956 0.536603 0.297181 0.520256
0 0.333946 0.527363 0.328431 0.521677 0.322304 0.518834 0.316176 0.519545 0.309436 0.523810 0.295956 0.540156 0.292892 0.547974 0.292892 0.560057 0.295343 0.562189 0.311275 0.567875 0.322304 0.566453 0.332721 0.561478 0.335784 0.558635 0.338235 0.550107 0.338235 0.538024
0 0.325245 0.606539 0.319853 0.603412 0.310662 0.603412 0.295956 0.608387 0.286765 0.615494 0.286765 0.635394 0.295343 0.648188 0.299020 0.650320 0.311887 0.649609 0.314951 0.645345 0.318627 0.643923 0.323529 0.637527 0.326593 0.636105 0.333946 0.626866 0.332721 0.619048 0.330699 0.612580 0.328064 0.609524
0 0.341912 0.608387 0.334559 0.605544 0.329044 0.607676 0.333946 0.617626 0.334559 0.629140 0.322917 0.639659 0.312500 0.648898 0.313725 0.651741 0.318015 0.653873 0.326593 0.654584 0.337623 0.649609 0.348039 0.640370 0.351716 0.633262 0.352328 0.624733 0.349877 0.616915
0 0.162990 0.551528 0.160539 0.554371 0.158701 0.562189 0.155637 0.567164 0.156250 0.572850 0.162990 0.590618 0.172181 0.599858 0.181985 0.599858 0.189338 0.596304 0.198529 0.586354 0.200368 0.582090 0.200980 0.574271 0.198529 0.567164 0.193627 0.561478 0.180147 0.553660 0.167279 0.550817
0 0.150735 0.561478 0.147672 0.559346 0.138480 0.558635 0.123775 0.567875 0.118260 0.575693 0.117647 0.582800 0.113971 0.594172 0.116422 0.599858 0.122549 0.605544 0.140319 0.605544 0.153186 0.598436 0.157475 0.592040 0.158088 0.580668 0.155637 0.570007
0 0.205882 0.594172 0.202206 0.598436 0.198529 0.608387 0.199755 0.623312 0.201593 0.627576 0.208333 0.633973 0.219363 0.636816 0.228554 0.636105 0.234069 0.631841 0.238358 0.626155 0.237745 0.608387 0.235294 0.601990 0.227941 0.594883 0.221201 0.592040 0.213235 0.592040
0 0.246936 0.567164 0.239583 0.574982 0.233456 0.585643 0.233456 0.598436 0.242034 0.611230 0.254902 0.619758 0.265319 0.619048 0.275735 0.620469 0.279412 0.618337 0.282475 0.612651 0.284314 0.603412 0.281863 0.589197 0.269608 0.569296 0.264706 0.565032 0.254902 0.562900
0 0.288603 0.561478 0.281250 0.565743 0.278799 0.573561 0.278799 0.579957 0.284926 0.605544 0.286765 0.608387 0.291667 0.609808 0.310049 0.601990 0.318627 0.589908 0.320466 0.580668 0.318627 0.574982 0.314951 0.570007 0.297181 0.562189
0 0.208946 0.449893 0.202206 0.463397 0.202206 0.468372 0.205270 0.474058 0.216912 0.476190 0.227328 0.482587 0.234069 0.482587 0.239583 0.479033 0.244485 0.472637 0.246324 0.463397 0.245711 0.452026 0.244485 0.447050 0.239583 0.441365 0.235907 0.439943 0.226103 0.439943
0 0.261642 0.427150 0.255515 0.436389 0.251838 0.452736 0.253064 0.464819 0.256740 0.469794 0.263480 0.473348 0.273897 0.473348 0.287377 0.467662 0.294118 0.459844 0.294118 0.445629 0.291667 0.437100 0.288603 0.433547 0.275123 0.426439 0.264706 0.425729
0 0.278799 0.356787 0.271446 0.360341 0.262255 0.368870 0.259191 0.383085 0.259804 0.388060 0.263480 0.395878 0.272059 0.405828 0.278799 0.408671 0.284314 0.408671 0.291054 0.405828 0.297181 0.398721 0.300858 0.388770 0.303309 0.385928 0.299632 0.380242 0.296507 0.373916 0.288358 0.363895 0.284314 0.360341
0 0.292279 0.336887 0.286765 0.339019 0.281863 0.344705 0.278799 0.350391 0.278186 0.356077 0.282782 0.357783 0.291054 0.363895 0.294363 0.369296 0.298407 0.373916 0.302451 0.383369 0.303309 0.388060 0.315564 0.375977 0.319853 0.366027 0.322304 0.354655 0.321078 0.350391 0.310662 0.341151 0.300245 0.336887
0 0.349877 0.336176 0.343137 0.332623 0.337010 0.333333 0.334559 0.335466 0.333333 0.341151 0.325980 0.346127 0.322304 0.353945 0.321691 0.363895 0.318015 0.372424 0.319240 0.375977 0.330270 0.380242 0.346201 0.378820 0.359681 0.367448 0.361520 0.361052 0.360294 0.350391
0 0.294118 0.308458 0.286765 0.324805 0.286765 0.334755 0.288603 0.336887 0.306373 0.338308 0.320466 0.347548 0.332108 0.341151 0.335784 0.327647 0.330882 0.324805 0.316789 0.309168 0.303309 0.300640 0.298407 0.303483
0 0.295343 0.226013 0.281250 0.223881 0.271446 0.228145 0.263480 0.234542 0.259191 0.243781 0.259191 0.257285 0.263480 0.267235 0.270221 0.274343 0.284314 0.275053 0.291054 0.268657 0.300245 0.252310 0.302696 0.241649 0.300858 0.232409
0 0.343137 0.241649 0.333946 0.236674 0.325980 0.235252 0.317402 0.236674 0.311887 0.242360 0.310049 0.246624 0.310049 0.265814 0.311887 0.275053 0.318015 0.284293 0.333333 0.284293 0.337010 0.282161 0.343750 0.272921 0.345588 0.265814 0.350490 0.260839 0.350490 0.253731 0.347426 0.246624
0 0.357230 0.260128 0.349877 0.264392 0.341299 0.275764 0.335784 0.285714 0.335172 0.294243 0.338235 0.302061 0.342525 0.306326 0.362132 0.313433 0.378064 0.306326 0.381740 0.301350 0.381740 0.291400 0.376838 0.277896 0.367034 0.264392 0.362132 0.260839
0 0.396446 0.269367 0.389706 0.273632 0.384191 0.281450 0.382966 0.286425 0.382966 0.303483 0.384191 0.308458 0.385907 0.313575 0.389706 0.318408 0.392770 0.322672 0.395221 0.324094 0.402574 0.324094 0.420956 0.311301 0.422794 0.306326 0.422794 0.298507 0.414216 0.282871 0.405025 0.271500
0 0.357230 0.320540 0.352941 0.328358 0.352328 0.337598 0.362745 0.352523 0.374387 0.358209 0.387255 0.357498 0.392157 0.356077 0.395833 0.352523 0.397059 0.347548 0.396446 0.332623 0.390319 0.319829 0.384191 0.311301 0.378064 0.308458 0.372549 0.309168 0.363358 0.314144
0 0.348039 0.379531 0.341299 0.385217 0.337623 0.396588 0.336397 0.427861 0.340074 0.432836 0.348652 0.436389 0.358456 0.436389 0.365809 0.434257 0.374387 0.424307 0.373775 0.399431 0.368260 0.385928 0.363971 0.380242
0 0.406250 0.394456 0.400735 0.397299 0.393382 0.405117 0.393995 0.419332 0.396446 0.425018 0.411152 0.439943 0.416667 0.439232 0.419730 0.437100 0.418505 0.422886 0.420343 0.414357 0.425245 0.402985 0.427696 0.400853 0.427696 0.398721 0.422181 0.394456
0 0.399510 0.356787 0.395221 0.356077 0.386642 0.358920 0.371936 0.359630 0.365196 0.367448 0.364583 0.378820 0.373775 0.397299 0.378064 0.401564 0.386642 0.405117 0.392770 0.404407 0.398284 0.400142 0.405637 0.390903 0.409926 0.378109 0.409314 0.368159 0.407475 0.362473
0 0.429534 0.317697 0.419730 0.315565 0.412377 0.318408 0.405025 0.324094 0.399510 0.332623 0.397059 0.352523 0.404412 0.358920 0.411152 0.368870 0.416667 0.368870 0.422794 0.366027 0.437500 0.351812 0.443627 0.343284 0.443627 0.338308 0.438113 0.326226
0 0.445466 0.286425 0.436275 0.292822 0.431373 0.299218 0.430147 0.304904 0.430760 0.315565 0.442402 0.331201 0.444853 0.337598 0.454044 0.342573 0.459559 0.342573 0.469975 0.326937 0.471814 0.314854 0.469975 0.299218 0.466912 0.292111 0.462623 0.287136 0.457721 0.285714
0 0.457782 0.351741 0.451593 0.348259 0.444853 0.348259 0.436887 0.353234 0.427083 0.367448 0.424632 0.376688 0.425858 0.391613 0.431373 0.395878 0.447917 0.393746 0.455882 0.387349 0.458762 0.384293 0.461458 0.376830 0.463051 0.371286 0.462929 0.367093 0.460723 0.355011
0 0.469975 0.346837 0.462010 0.351812 0.461397 0.355366 0.463848 0.371002 0.458946 0.387349 0.466912 0.395878 0.474877 0.396588 0.484069 0.390192 0.486520 0.384506 0.495098 0.374556 0.496936 0.369581 0.496936 0.363184 0.491422 0.352523 0.483456 0.348969
0 0.503676 0.294243 0.500000 0.293532 0.490196 0.297086 0.477941 0.310590 0.468137 0.333333 0.468137 0.337598 0.470588 0.343994 0.494485 0.352523 0.500000 0.349680 0.506740 0.343284 0.512868 0.313433 0.509804 0.301350
0 0.469975 0.408671 0.462010 0.413646 0.463235 0.427150 0.459252 0.434755 0.456189 0.439232 0.451287 0.442928 0.450368 0.445629 0.455270 0.451315 0.469975 0.459844 0.475490 0.459844 0.481618 0.455579 0.486520 0.448472 0.493873 0.444918 0.495711 0.440654 0.495711 0.430704 0.492647 0.422175 0.484069 0.410803 0.479779 0.408671
0 0.460172 0.409382 0.447304 0.394456 0.429534 0.397299 0.424020 0.405117 0.420343 0.413646 0.419118 0.422175 0.419730 0.434257 0.424020 0.438522 0.433824 0.442075 0.448100 0.444563 0.456373 0.438308 0.462316 0.428216 0.462010 0.415636
0 0.412990 0.440654 0.403186 0.452026 0.402574 0.459133 0.406250 0.466951 0.415441 0.478323 0.423407 0.483298 0.428309 0.483298 0.436275 0.479033 0.443015 0.471215 0.444240 0.464819 0.443627 0.459133 0.438113 0.447761 0.435049 0.444208 0.425245 0.439943 0.417892 0.439232
0 0.364583 0.470505 0.357230 0.474058 0.349265 0.481876 0.347426 0.486851 0.348039 0.505330 0.351103 0.513859 0.357230 0.520256 0.364583 0.522388 0.376838 0.520256 0.384804 0.513859 0.389706 0.506041 0.390319 0.498223 0.386029 0.485430 0.378064 0.475480 0.372549 0.471215
0 0.375000 0.426439 0.366422 0.437100 0.364583 0.443497 0.365196 0.454869 0.370098 0.463397 0.375613 0.468372 0.379289 0.469794 0.389093 0.469794 0.400735 0.459844 0.401961 0.453447 0.406250 0.444918 0.406250 0.439943 0.400123 0.430704 0.393382 0.425729 0.379289 0.425018
0 0.391544 0.470505 0.387255 0.480455 0.387868 0.488984 0.391544 0.498934 0.397059 0.503909 0.408701 0.508173 0.427696 0.508884 0.429534 0.504620 0.429534 0.499645 0.425245 0.484719 0.411765 0.474058 0.404412 0.464108 0.398897 0.464108
0 0.430147 0.484719 0.428922 0.493959 0.435662 0.505330 0.439338 0.506752 0.454044 0.506752 0.462623 0.510306 0.467525 0.508884 0.469975 0.500355 0.469363 0.480455 0.468137 0.476190 0.463235 0.470505 0.458946 0.468372 0.453431 0.468372 0.444240 0.471926
0 0.495098 0.447761 0.485294 0.450604 0.474877 0.460554 0.469975 0.471926 0.469975 0.478323 0.473652 0.484009 0.477328 0.486141 0.482843 0.486141 0.488971 0.483298 0.495711 0.476901 0.499387 0.469083 0.500000 0.457711
0 0.478554 0.488273 0.470588 0.499645 0.469118 0.511656 0.472426 0.511016 0.479289 0.505544 0.488051 0.509595 0.495098 0.520824 0.496936 0.528785 0.504902 0.525942 0.509191 0.518834 0.510417 0.512438 0.506127 0.497512 0.501225 0.490405 0.491422 0.485430 0.485907 0.485430
0 0.435662 0.509595 0.426471 0.520967 0.427696 0.538024 0.438725 0.550107 0.449755 0.555082 0.457108 0.554371 0.462010 0.549396 0.462623 0.545842 0.467525 0.538735 0.468750 0.517413 0.465074 0.512438 0.457108 0.508173 0.452574 0.509026 0.446936 0.507960 0.442034 0.509026 0.438113 0.508173
0 0.486029 0.511016 0.479167 0.507463 0.472181 0.513788 0.469363 0.520256 0.466912 0.539446 0.463235 0.543710 0.462010 0.548685 0.466912 0.555082 0.473652 0.557214 0.480392 0.557214 0.487745 0.553660 0.490196 0.550817 0.495711 0.530206 0.493199 0.523525 0.490135 0.514641
0 0.534314 0.311301 0.528799 0.311301 0.524510 0.314144 0.518382 0.314854 0.513480 0.321962 0.509804 0.331912 0.509804 0.341862 0.514706 0.354655 0.519608 0.361763 0.524510 0.365316 0.541054 0.359630 0.553922 0.346127 0.556373 0.339019 0.556985 0.332623 0.553922 0.324094 0.549632 0.322672 0.545343 0.316986
0 0.561275 0.265103 0.556373 0.265814 0.544730 0.272210 0.533088 0.287846 0.528799 0.299929 0.529412 0.309879 0.539828 0.312011 0.552083 0.322672 0.557598 0.322672 0.563725 0.317697 0.568627 0.309879 0.570466 0.299929 0.569853 0.277896 0.564951 0.267946
0 0.540441 0.470505 0.531250 0.466240 0.517157 0.466951 0.512255 0.470505 0.509191 0.476901 0.506740 0.496091 0.514093 0.514570 0.526961 0.514570 0.537990 0.505330 0.538603 0.494670 0.542892 0.479033 0.542892 0.473348
0 0.507659 0.420540 0.500000 0.424307 0.497549 0.432125 0.496324 0.447761 0.500000 0.457711 0.508578 0.467662 0.511642 0.468372 0.518382 0.464819 0.530637 0.451315 0.533088 0.446340 0.533701 0.439232 0.531250 0.432125 0.521446 0.421464
0 0.506740 0.368870 0.500000 0.371002 0.498162 0.373134 0.498407 0.374271 0.496385 0.375693 0.493873 0.378109 0.490196 0.381663 0.485294 0.395167 0.485294 0.410092 0.490196 0.417200 0.493873 0.419332 0.497426 0.421891 0.500000 0.421464 0.502451 0.421464 0.504902 0.420753 0.512316 0.419829 0.517463 0.420896 0.522059 0.416489 0.525245 0.405615 0.522059 0.385928 0.516544 0.376688
0 0.542892 0.361763 0.537990 0.361763 0.528799 0.365316 0.519608 0.373134 0.519608 0.378820 0.524510 0.391613 0.526961 0.408671 0.531250 0.412225 0.537377 0.412935 0.547181 0.407960 0.556373 0.400142 0.560662 0.392324 0.561275 0.386638 0.558211 0.372424 0.553922 0.368159
0 0.670343 0.331912 0.665441 0.323383 0.659314 0.317697 0.648897 0.316276 0.640319 0.319119 0.638480 0.323383 0.620711 0.343994 0.619485 0.355366 0.623162 0.361052 0.629289 0.363895 0.659314 0.361052 0.666667 0.355366 0.670956 0.346837 0.671569 0.336887
0 0.628064 0.289268 0.618873 0.288557 0.610907 0.291400 0.605392 0.295665 0.598039 0.305615 0.596814 0.309879 0.597426 0.321251 0.606005 0.333333 0.611520 0.336887 0.619485 0.338308 0.627451 0.334755 0.632966 0.329069 0.638480 0.318408 0.639706 0.310590 0.639093 0.301350 0.631740 0.291400
0 0.594975 0.321962 0.582108 0.331912 0.578431 0.336887 0.576593 0.348259 0.579044 0.353234 0.600490 0.368159 0.607843 0.368159 0.616422 0.355366 0.618873 0.341151 0.617034 0.338308 0.607230 0.335466 0.601716 0.328358 0.599265 0.322672
0 0.570466 0.354655 0.564338 0.361052 0.560049 0.370291 0.562500 0.391613 0.567402 0.398010 0.571691 0.399431 0.589461 0.398721 0.594975 0.396588 0.604167 0.388770 0.605392 0.375977 0.601103 0.368159 0.591299 0.362473 0.580270 0.353234 0.575368 0.352523
0 0.572917 0.400853 0.559436 0.400853 0.545343 0.409382 0.537990 0.416489 0.536152 0.428571 0.537990 0.434257 0.545343 0.442786 0.552696 0.447761 0.561887 0.449183 0.564828 0.446269 0.568015 0.444918 0.578431 0.437811 0.580270 0.434968 0.582108 0.425729 0.582108 0.413646 0.577819 0.405117
0 0.575980 0.440654 0.563725 0.449893 0.564338 0.460554 0.566176 0.464108 0.572304 0.466240 0.577206 0.471926 0.579657 0.481166 0.583333 0.488273 0.588848 0.490405 0.593137 0.486851 0.596201 0.477612 0.595588 0.471926 0.596814 0.466240 0.594363 0.451315 0.588235 0.443497 0.582108 0.440654
0 0.601103 0.436389 0.598039 0.437811 0.593750 0.444918 0.593750 0.450604 0.597426 0.466951 0.596201 0.481876 0.600490 0.485430 0.610907 0.485430 0.615196 0.483298 0.619485 0.477612 0.620711 0.472637 0.620098 0.459844 0.615809 0.440654 0.609681 0.436389
0 0.579657 0.511727 0.577819 0.516702 0.577819 0.525231 0.579657 0.528785 0.587623 0.528785 0.593750 0.533049 0.604779 0.537313 0.611520 0.538024 0.617034 0.536603 0.621324 0.531628 0.624387 0.523810 0.623775 0.511727 0.620711 0.498934 0.615196 0.493248 0.609069 0.491116 0.604167 0.491116 0.596201 0.494670
0 0.577819 0.533049 0.575368 0.535892 0.574755 0.546553 0.581495 0.559346 0.584559 0.568586 0.587623 0.571429 0.597426 0.570718 0.602328 0.568586 0.608456 0.561478 0.609681 0.557925 0.609069 0.549396 0.604779 0.541578 0.598039 0.535892 0.589461 0.531628 0.582108 0.530917
0 0.560662 0.549396 0.549020 0.555082 0.544118 0.560057 0.539828 0.569296 0.540441 0.579957 0.544118 0.586354 0.552696 0.594883 0.561887 0.598436 0.568627 0.599147 0.573529 0.596304 0.579044 0.589908 0.583946 0.579247 0.585784 0.571429 0.577206 0.552239 0.574755 0.549396
0 0.530025 0.514570 0.528186 0.525231 0.530025 0.539446 0.539216 0.552239 0.549020 0.552950 0.558824 0.550107 0.566176 0.544421 0.572304 0.532338 0.572304 0.524520 0.562500 0.515991 0.555147 0.513149 0.541667 0.511016 0.534314 0.511727
0 0.526961 0.533760 0.522672 0.529495 0.516544 0.528785 0.509191 0.531628 0.495711 0.542999 0.489583 0.553660 0.488358 0.562189 0.485907 0.567164 0.487132 0.571429 0.493873 0.575693 0.502451 0.577825 0.522059 0.575693 0.529412 0.571429 0.534314 0.564321 0.535539 0.552950
0 0.573529 0.467662 0.559436 0.463397 0.552083 0.466240 0.548407 0.469794 0.544730 0.475480 0.540441 0.490405 0.540441 0.506041 0.541667 0.508173 0.546569 0.511016 0.556985 0.512438 0.568627 0.503198 0.573529 0.496091 0.578431 0.484719 0.578431 0.477612
0 0.647672 0.434257 0.640319 0.432836 0.629289 0.434257 0.619485 0.445629 0.618260 0.450604 0.621936 0.469794 0.620711 0.481876 0.626838 0.486851 0.640319 0.486851 0.647672 0.481876 0.651348 0.475480 0.655025 0.461265 0.654412 0.447050 0.653186 0.441365
0 0.607230 0.388770 0.591912 0.400142 0.587623 0.410092 0.587623 0.420043 0.589461 0.425729 0.596814 0.434257 0.617034 0.437811 0.623775 0.433547 0.626838 0.427861 0.630515 0.410803 0.629902 0.404407 0.626225 0.396588 0.618873 0.389481
0 0.659314 0.364606 0.655025 0.362473 0.637868 0.363184 0.629289 0.365316 0.623775 0.371002 0.620711 0.378109 0.620711 0.388770 0.632353 0.407249 0.642157 0.409382 0.648897 0.408671 0.655637 0.403696 0.662377 0.394456 0.664828 0.388060 0.664828 0.379531 0.661765 0.377399 0.661152 0.368159
0 0.680760 0.338308 0.672181 0.343284 0.669118 0.353234 0.664216 0.360341 0.663603 0.372424 0.665441 0.380242 0.668505 0.383085 0.683211 0.385928 0.691789 0.383795 0.702206 0.377399 0.708333 0.368870 0.708333 0.361763 0.705882 0.354655 0.698529 0.346837 0.686887 0.339019
0 0.000000 0.532338 0.000000 0.559346 0.014093 0.563611 0.029412 0.560768 0.033701 0.555792 0.033701 0.533760 0.031250 0.528074 0.026348 0.522388 0.022059 0.520256 0.012868 0.520967 0.007353 0.524520 0.003064 0.530917
0 0.000000 0.656716 0.000000 0.703625 0.002451 0.703625 0.009804 0.697939 0.012255 0.690121 0.012255 0.682303 0.007966 0.667377 0.002451 0.657427
0 0.077819 0.565743 0.074142 0.576404 0.074142 0.590618 0.075980 0.595593 0.080270 0.600569 0.093137 0.600569 0.107843 0.595593 0.115809 0.587065 0.117647 0.577825 0.117034 0.574271 0.112132 0.569296 0.093137 0.560057 0.087010 0.559346 0.082721 0.560768
0 0.068627 0.526652 0.063725 0.525231 0.053922 0.525942 0.044730 0.530206 0.040441 0.535181 0.036765 0.543710 0.036152 0.552950 0.039828 0.566453 0.042892 0.570007 0.049020 0.573561 0.060049 0.574271 0.069853 0.570007 0.077206 0.558635 0.078431 0.545842 0.075980 0.535181
0 0.027574 0.562189 0.012255 0.565032 0.000000 0.576404 0.000000 0.586354 0.002451 0.587775 0.003676 0.592751 0.013480 0.604833 0.020833 0.609808 0.024510 0.609808 0.033088 0.601990 0.036765 0.601279 0.040441 0.596304 0.042892 0.588486 0.042279 0.578536 0.039216 0.570007 0.034926 0.565743
0 0.030025 0.626155 0.022059 0.626155 0.017157 0.629709 0.013480 0.635394 0.007966 0.656716 0.007966 0.662402 0.011029 0.670220 0.015319 0.674485 0.022059 0.675195 0.028186 0.673774 0.034926 0.667377 0.049020 0.658138 0.049020 0.648188 0.045956 0.638948 0.041054 0.633262
0 0.056985 0.587775 0.045343 0.589908 0.040441 0.596304 0.036152 0.606965 0.034926 0.612651 0.035539 0.626866 0.044730 0.635394 0.052083 0.636105 0.063725 0.630419 0.070466 0.622601 0.071691 0.619048 0.072304 0.608387 0.070466 0.600569 0.064951 0.592751
0 0.072917 0.608387 0.071078 0.624733 0.075980 0.630419 0.091912 0.635394 0.096814 0.635394 0.104167 0.633262 0.110907 0.626155 0.110907 0.617626 0.112745 0.616205 0.113358 0.612651 0.110294 0.607676 0.093750 0.601990 0.076593 0.602701
0 0.140319 0.608387 0.137255 0.606965 0.122549 0.606965 0.114583 0.616205 0.112745 0.624733 0.105392 0.632552 0.104167 0.636816 0.104779 0.643213 0.115809 0.651741 0.126838 0.651031 0.128676 0.646766 0.137255 0.636105 0.148897 0.627576 0.148284 0.617626
0 0.197304 0.612651 0.194853 0.604122 0.190564 0.600569 0.182598 0.599858 0.169730 0.601990 0.155637 0.608387 0.150123 0.616915 0.150123 0.624023 0.166667 0.639659 0.177083 0.642502 0.188725 0.641791 0.194240 0.638237 0.197304 0.631130
0 0.162377 0.634684 0.153799 0.628998 0.149510 0.628998 0.139093 0.634684 0.128064 0.648898 0.126838 0.658849 0.128676 0.665956 0.131127 0.668799 0.136642 0.670220 0.142770 0.670220 0.149510 0.665956 0.162377 0.651031 0.164216 0.645345 0.164216 0.639659
0 0.093137 0.636816 0.089461 0.634684 0.080882 0.633262 0.072304 0.628287 0.056373 0.633973 0.054534 0.636816 0.054534 0.653873 0.056373 0.660981 0.062500 0.668088 0.066789 0.669510 0.072917 0.669510 0.090074 0.658849 0.093137 0.654584 0.094363 0.650320 0.094363 0.640370
0 0.047794 0.660981 0.042279 0.663113 0.031863 0.670931 0.026348 0.680881 0.025123 0.690832 0.028186 0.698650 0.036152 0.707178 0.047181 0.711443 0.054534 0.711443 0.062500 0.708600 0.066789 0.695096 0.066176 0.687278 0.062500 0.669510 0.056373 0.662402
0 0.099877 0.659559 0.091299 0.658138 0.073529 0.669510 0.067402 0.675906 0.066176 0.680171 0.066789 0.697228 0.069240 0.701493 0.075980 0.705046 0.088235 0.707178 0.098039 0.705757 0.104779 0.700782 0.107843 0.692253 0.107843 0.680881 0.105392 0.667377
0 0.110294 0.674485 0.108456 0.679460 0.107843 0.695096 0.110294 0.702914 0.116422 0.710021 0.132353 0.710021 0.146446 0.701493 0.150123 0.695096 0.151348 0.690832 0.150123 0.680881 0.148284 0.675906 0.143995 0.672353 0.131127 0.668799 0.119485 0.668088 0.113971 0.670220
0 0.166667 0.653163 0.159926 0.656716 0.153799 0.663824 0.151348 0.674485 0.153186 0.690121 0.157475 0.696517 0.162377 0.700071 0.178309 0.700071 0.184436 0.695096 0.191789 0.685146 0.194240 0.676617 0.194240 0.670931 0.186887 0.658138 0.177083 0.653873
0 0.208333 0.636816 0.201593 0.640370 0.193015 0.648898 0.190564 0.658849 0.196078 0.673063 0.204657 0.683724 0.213235 0.688699 0.220588 0.687989 0.227941 0.683014 0.232843 0.676617 0.232843 0.660270 0.229779 0.648898 0.221201 0.638948 0.213235 0.636105
0 0.235907 0.633262 0.235294 0.641791 0.237745 0.648188 0.251838 0.660270 0.267770 0.661692 0.272672 0.659559 0.277574 0.651741 0.278186 0.632552 0.275735 0.624023 0.272059 0.620469 0.256127 0.621180 0.239583 0.628998
0 0.411765 0.510306 0.400735 0.504620 0.396446 0.504620 0.389093 0.509595 0.377451 0.522388 0.375000 0.529495 0.376838 0.546553 0.378676 0.550107 0.386642 0.552950 0.393382 0.552950 0.412377 0.548685 0.415441 0.545131 0.419118 0.536603 0.419118 0.528785 0.417892 0.522388
0 0.409314 0.551528 0.397059 0.552239 0.388480 0.556503 0.374387 0.572139 0.373162 0.578536 0.373162 0.587065 0.374387 0.589908 0.387868 0.599858 0.390319 0.599858 0.403186 0.585643 0.411152 0.579957 0.420343 0.577114 0.421569 0.575693 0.420956 0.567875 0.416054 0.557925
0 0.370711 0.534471 0.357843 0.534471 0.349265 0.537313 0.343137 0.540867 0.338848 0.549396 0.338848 0.557925 0.343750 0.568586 0.352941 0.581379 0.359681 0.586354 0.363971 0.586354 0.367647 0.583511 0.371324 0.577114 0.375000 0.565032 0.376225 0.552239 0.375613 0.540867 0.373775 0.535892
0 0.373775 0.591329 0.362132 0.592040 0.352941 0.595593 0.347426 0.602701 0.346201 0.607676 0.351716 0.620469 0.354167 0.636105 0.359681 0.640370 0.368260 0.643923 0.373162 0.643213 0.378064 0.640370 0.384191 0.627576 0.387868 0.613362 0.387868 0.606965 0.385417 0.599147
0 0.424632 0.577114 0.415441 0.577825 0.400123 0.588486 0.396446 0.592751 0.393995 0.599147 0.394608 0.610519 0.395833 0.614783 0.403799 0.624023 0.416667 0.625444 0.430147 0.618337 0.436887 0.611230 0.438725 0.604122 0.437500 0.592751 0.431985 0.583511
0 0.474877 0.558635 0.467525 0.556503 0.463235 0.557925 0.456495 0.562900 0.443015 0.577825 0.438725 0.585643 0.438113 0.591329 0.441176 0.599858 0.444853 0.604122 0.454044 0.609808 0.468750 0.609808 0.473652 0.607676 0.478554 0.601990 0.480392 0.597015 0.480392 0.572139 0.478554 0.561478
0 0.530025 0.589908 0.525123 0.589908 0.517157 0.597015 0.504289 0.622601 0.504289 0.635394 0.514093 0.643923 0.522059 0.645345 0.527574 0.643213 0.534314 0.643213 0.537377 0.641791 0.542892 0.633973 0.546569 0.616915 0.545343 0.604122 0.541054 0.597015
0 0.482843 0.614072 0.474877 0.610519 0.453431 0.611940 0.446691 0.616915 0.443015 0.624733 0.443015 0.640370 0.446078 0.648898 0.451593 0.656006 0.454657 0.658138 0.463235 0.656716 0.486520 0.639659 0.488971 0.634684 0.489583 0.625444 0.488971 0.621891
0 0.419118 0.631841 0.403799 0.626155 0.395833 0.627576 0.387255 0.633262 0.384191 0.639659 0.382966 0.657427 0.384804 0.665956 0.387868 0.668799 0.391544 0.676617 0.395833 0.678749 0.399510 0.677328 0.407475 0.670220 0.416667 0.665956 0.422794 0.658849 0.425245 0.651741 0.425245 0.640370
0 0.430760 0.668088 0.427696 0.675195 0.427696 0.681592 0.433211 0.692253 0.433211 0.703625 0.436887 0.708600 0.441789 0.710021 0.447917 0.709311 0.458946 0.705046 0.463848 0.701493 0.467525 0.690832 0.468750 0.680171 0.462623 0.670220 0.447304 0.662402 0.438113 0.662402
0 0.411152 0.668799 0.403799 0.673774 0.394608 0.683014 0.392770 0.688699 0.392157 0.699360 0.411152 0.712154 0.424632 0.712154 0.431985 0.704335 0.431985 0.692253 0.428309 0.680881 0.421569 0.670931 0.417892 0.668799
0 0.391544 0.701493 0.382966 0.714286 0.383578 0.720682 0.393382 0.732054 0.395833 0.737740 0.402574 0.744136 0.406250 0.745558 0.415441 0.744847 0.417279 0.742715 0.419118 0.733475 0.422794 0.726368 0.424020 0.716418 0.411152 0.712154 0.399510 0.703625
0 0.365809 0.667377 0.360294 0.671642 0.349265 0.685856 0.348039 0.689410 0.349265 0.702203 0.359681 0.712864 0.370098 0.717129 0.377451 0.717129 0.383578 0.712154 0.390931 0.699360 0.392157 0.680171 0.384804 0.666667
0 0.274510 0.660270 0.273897 0.671642 0.275123 0.677328 0.299020 0.695096 0.306985 0.695807 0.311275 0.693674 0.320466 0.682303 0.322917 0.670931 0.322917 0.661692 0.318627 0.654584 0.311275 0.651741 0.292892 0.651741 0.283701 0.653873
0 0.270833 0.683014 0.266544 0.684435 0.262868 0.689410 0.259804 0.707889 0.259191 0.722814 0.260417 0.728500 0.264706 0.734186 0.275735 0.736318 0.281863 0.732765 0.294118 0.719261 0.297794 0.713575 0.300245 0.702914 0.295956 0.692964 0.290441 0.687989 0.279412 0.683014
0 0.312500 0.732054 0.303922 0.726368 0.295956 0.724947 0.291054 0.725657 0.283088 0.731343 0.275123 0.742715 0.272059 0.752665 0.271446 0.760483 0.274510 0.771144 0.280637 0.776830 0.292279 0.777541 0.302696 0.771144 0.314951 0.760483 0.318627 0.754797 0.318627 0.744847
0 0.341299 0.680171 0.333333 0.678749 0.325980 0.680881 0.303922 0.700782 0.300858 0.707889 0.300245 0.714996 0.302083 0.720682 0.305760 0.725657 0.312500 0.731343 0.321691 0.734897 0.332721 0.733475 0.340686 0.725657 0.348039 0.707889 0.346814 0.691542
0 0.331495 0.734897 0.325368 0.737029 0.323529 0.739161 0.320466 0.746979 0.319240 0.762615 0.322917 0.778962 0.330882 0.785359 0.337010 0.786070 0.347426 0.781095 0.359069 0.772566 0.360294 0.765458 0.349877 0.744136 0.345588 0.739161 0.338848 0.735608
0 0.372549 0.721393 0.365196 0.724236 0.354779 0.734897 0.351716 0.741294 0.351716 0.747690 0.364583 0.770434 0.374387 0.774698 0.379902 0.774698 0.385417 0.772566 0.396446 0.760483 0.398897 0.754087 0.398897 0.744847 0.390931 0.729922 0.387255 0.725657 0.381127 0.722104
0 0.435049 0.710732 0.427083 0.717129 0.424020 0.722814 0.418505 0.743426 0.419118 0.749822 0.422181 0.754087 0.427696 0.757640 0.447304 0.757640 0.452206 0.754797 0.454657 0.750533 0.454044 0.728500 0.451593 0.721393 0.447917 0.716418 0.441789 0.712154
0 0.476103 0.718550 0.470588 0.718550 0.458946 0.724236 0.455882 0.729211 0.457721 0.751955 0.470588 0.766880 0.475490 0.766169 0.490809 0.755508 0.494485 0.749822 0.496936 0.737029 0.495711 0.730633 0.489583 0.724236
0 0.474877 0.674485 0.469975 0.680171 0.466912 0.693674 0.466912 0.700071 0.469363 0.707889 0.474265 0.716418 0.485907 0.722104 0.493260 0.722104 0.503064 0.712864 0.510417 0.700071 0.511642 0.695807 0.510417 0.680881 0.504902 0.675195
0 0.525735 0.644634 0.520221 0.647477 0.512868 0.655295 0.506127 0.666667 0.505515 0.673774 0.514706 0.687278 0.528799 0.695096 0.537990 0.695807 0.553922 0.680881 0.555147 0.677328 0.554534 0.667377 0.549632 0.658849 0.537377 0.645345
0 0.587623 0.611940 0.577819 0.602701 0.567402 0.602701 0.547181 0.620469 0.544730 0.631130 0.545343 0.639659 0.552696 0.645345 0.560662 0.648188 0.571078 0.648898 0.580270 0.645345 0.587010 0.637527 0.590074 0.629709 0.590074 0.619758
0 0.597426 0.593461 0.594363 0.602701 0.596201 0.614072 0.601103 0.620469 0.610907 0.620469 0.620711 0.623312 0.631127 0.622601 0.638480 0.611230 0.640319 0.605544 0.639706 0.599858 0.636642 0.594883 0.629902 0.589197 0.623162 0.586354 0.609681 0.584932 0.602941 0.587775
0 0.632353 0.585643 0.633578 0.590618 0.641544 0.601279 0.646446 0.604833 0.659314 0.609097 0.666054 0.609808 0.670956 0.607676 0.678309 0.593461 0.678309 0.583511 0.676471 0.579957 0.670956 0.578536 0.655025 0.569296 0.643382 0.582090 0.637868 0.582800
0 0.650735 0.552239 0.647059 0.547974 0.640931 0.544421 0.632966 0.544421 0.621936 0.549396 0.613971 0.556503 0.609069 0.564321 0.608456 0.572139 0.610907 0.580668 0.613358 0.583511 0.626838 0.587065 0.632966 0.587065 0.645833 0.580668 0.653799 0.567875 0.653186 0.560057
0 0.632353 0.493959 0.623775 0.505330 0.625000 0.532338 0.631127 0.542999 0.646446 0.543710 0.655637 0.538735 0.661765 0.532338 0.664216 0.522388 0.655637 0.504620 0.648897 0.497512 0.640931 0.493959
0 0.671569 0.474769 0.663603 0.483298 0.658701 0.500355 0.658701 0.506752 0.662990 0.518834 0.666054 0.522388 0.681985 0.524520 0.686887 0.522388 0.694853 0.513859 0.696078 0.508884 0.695466 0.496091 0.693627 0.490405 0.686887 0.479744 0.678309 0.473348
0 0.677696 0.442786 0.666054 0.437100 0.661765 0.437100 0.653186 0.440654 0.655025 0.459844 0.651961 0.473348 0.650123 0.476190 0.649510 0.482587 0.653186 0.484009 0.662377 0.483298 0.675245 0.469794 0.679534 0.459844 0.678922 0.444918
0 0.681373 0.387349 0.675245 0.385217 0.669730 0.385928 0.648897 0.410803 0.647672 0.422175 0.650735 0.431414 0.653186 0.434257 0.676471 0.438522 0.686887 0.429993 0.690564 0.419332 0.689338 0.400142 0.688113 0.395878
0 0.704657 0.377399 0.697304 0.381663 0.693015 0.387349 0.690564 0.393746 0.689951 0.402274 0.691789 0.418621 0.696691 0.423596 0.711397 0.424307 0.718137 0.422175 0.721814 0.417910 0.727328 0.415068 0.730392 0.410092 0.732230 0.400142 0.727328 0.390903 0.713235 0.378820
0 0.748162 0.341862 0.740809 0.341151 0.726103 0.346127 0.716912 0.352523 0.709559 0.363895 0.708946 0.369581 0.710784 0.376688 0.727941 0.390903 0.733456 0.392324 0.740196 0.389481 0.745711 0.382374 0.750613 0.379531 0.756127 0.364606 0.756127 0.358209 0.753064 0.346127
0 0.748162 0.383085 0.739583 0.390903 0.737745 0.395167 0.737132 0.404407 0.738971 0.412225 0.742647 0.417910 0.754289 0.426439 0.765319 0.427150 0.770833 0.424307 0.775735 0.418621 0.779412 0.405117 0.779412 0.398010 0.776961 0.389481 0.772059 0.384506 0.765931 0.381663 0.754289 0.380952
0 0.738358 0.417910 0.731618 0.417910 0.727941 0.422175 0.724877 0.422175 0.720588 0.425018 0.717525 0.432836 0.718137 0.465529 0.719975 0.468372 0.727941 0.472637 0.745098 0.469083 0.757353 0.460554 0.761029 0.454158 0.760417 0.432125
0 0.710172 0.429282 0.700980 0.429282 0.689338 0.433547 0.681985 0.440654 0.680760 0.444208 0.680760 0.464108 0.688725 0.476901 0.696078 0.481166 0.705270 0.481876 0.710784 0.480455 0.717525 0.472637 0.718137 0.441365 0.715074 0.432125
0 0.702206 0.493959 0.697917 0.500355 0.697304 0.511727 0.699755 0.513149 0.705882 0.511016 0.713235 0.511727 0.720588 0.517413 0.727941 0.531628 0.736520 0.522388 0.740809 0.515281 0.740809 0.504620 0.736520 0.504620 0.735294 0.497512 0.724877 0.489694 0.712010 0.489694
0 0.773284 0.470505 0.771446 0.468372 0.768382 0.468372 0.766544 0.463397 0.764093 0.461265 0.754902 0.462687 0.745711 0.469794 0.731005 0.473348 0.727941 0.477612 0.726103 0.486851 0.728554 0.491116 0.742034 0.504620 0.750000 0.506752 0.756740 0.506041 0.765931 0.498934 0.767770 0.491116 0.771446 0.487562 0.773897 0.477612
0 0.776961 0.422886 0.767157 0.428571 0.764093 0.432125 0.762255 0.439943 0.762255 0.449893 0.764706 0.459133 0.771446 0.466951 0.779412 0.469794 0.784926 0.469083 0.800245 0.460554 0.807598 0.452026 0.807598 0.444918 0.800858 0.432836 0.794730 0.427150 0.784314 0.422886
0 0.843137 0.449183 0.838235 0.446340 0.830882 0.444918 0.819240 0.445629 0.811275 0.448472 0.803922 0.459844 0.802696 0.466240 0.803309 0.479744 0.805760 0.488984 0.812500 0.493959 0.823529 0.494670 0.830270 0.493248 0.837623 0.487562 0.845588 0.476901 0.847426 0.471215 0.848039 0.457711
0 0.791054 0.472637 0.786765 0.471926 0.778186 0.474769 0.773897 0.480455 0.770833 0.491116 0.764093 0.503198 0.765931 0.509595 0.778799 0.519545 0.789828 0.519545 0.795343 0.517413 0.805147 0.506041 0.806985 0.501066 0.806373 0.490405 0.803309 0.482587 0.798407 0.476901
0 0.805760 0.552950 0.803922 0.562900 0.804534 0.581379 0.805760 0.582800 0.814951 0.577825 0.830270 0.573561 0.833946 0.567875 0.830882 0.560768 0.822917 0.553660 0.811275 0.550817
0 0.795956 0.540156 0.781863 0.540156 0.776348 0.545131 0.781863 0.553660 0.786152 0.570718 0.784314 0.580668 0.780637 0.587065 0.776348 0.590618 0.776348 0.594883 0.778186 0.596304 0.787377 0.596304 0.795956 0.592751 0.803922 0.582800 0.805147 0.575693 0.805147 0.552239 0.801471 0.544421
0 0.833333 0.503909 0.827819 0.501777 0.808824 0.506041 0.802696 0.510306 0.796569 0.518124 0.795956 0.522388 0.793505 0.525942 0.792892 0.532338 0.794118 0.535181 0.806985 0.549396 0.815564 0.551528 0.822917 0.551528 0.835172 0.540156 0.840074 0.529495 0.839461 0.515281 0.837010 0.508173
0 0.237132 0.775409 0.234069 0.779673 0.231618 0.792466 0.233456 0.821606 0.238971 0.828714 0.246936 0.829424 0.256127 0.827292 0.264890 0.816631 0.266728 0.812509 0.265870 0.803340 0.262500 0.797939 0.257843 0.786070 0.253676 0.780384 0.242647 0.775409
0 0.775123 0.518834 0.769608 0.513149 0.763480 0.510306 0.753064 0.511727 0.741422 0.518834 0.732230 0.527363 0.730392 0.533049 0.732843 0.535892 0.729779 0.540867 0.733456 0.546553 0.740196 0.550817 0.745711 0.551528 0.752451 0.550817 0.763480 0.545842 0.770833 0.545131 0.775735 0.539446 0.776348 0.523099
0 0.713235 0.511727 0.699755 0.513149 0.685049 0.525231 0.684436 0.528074 0.680760 0.532338 0.680147 0.536603 0.681373 0.540156 0.697304 0.557925 0.716299 0.555792 0.720588 0.551528 0.724877 0.550817 0.726716 0.547264 0.727328 0.538024 0.724877 0.526652 0.719975 0.518124
0 0.700980 0.562189 0.694853 0.572139 0.695466 0.575693 0.693015 0.577114 0.699142 0.575693 0.712623 0.577114 0.719975 0.585643 0.724265 0.599147 0.732230 0.594883 0.737745 0.587065 0.740809 0.574982 0.739583 0.567875 0.734681 0.560057 0.725490 0.556503 0.707108 0.558635
0 0.689338 0.576404 0.680760 0.585643 0.677696 0.597015 0.677696 0.601279 0.679534 0.604833 0.699142 0.621180 0.708333 0.618337 0.715686 0.613362 0.719975 0.608387 0.724265 0.599858 0.722426 0.589197 0.717525 0.579957 0.712010 0.575693 0.696691 0.574982
0 0.671569 0.609097 0.664828 0.616205 0.661765 0.621891 0.659314 0.633973 0.661765 0.643923 0.666054 0.649609 0.672794 0.653163 0.687500 0.654584 0.697304 0.651741 0.704044 0.641080 0.700980 0.624733 0.692402 0.615494 0.683211 0.608387 0.675245 0.607676
0 0.774510 0.545842 0.756127 0.549396 0.748162 0.553660 0.741422 0.562189 0.740809 0.569296 0.743873 0.581379 0.748162 0.587065 0.759191 0.594172 0.765931 0.595593 0.772672 0.593461 0.781863 0.583511 0.785539 0.577114 0.784314 0.562900 0.780637 0.553660
0 0.743260 0.589197 0.735907 0.592040 0.727328 0.601279 0.724265 0.608387 0.724265 0.614072 0.725490 0.619048 0.730392 0.626866 0.734681 0.628998 0.743260 0.637527 0.749387 0.637527 0.756740 0.631130 0.756127 0.612651 0.759804 0.609097 0.759804 0.597726 0.751838 0.589908
0 0.767770 0.599147 0.763480 0.601279 0.756740 0.611230 0.756127 0.622601 0.757966 0.630419 0.767157 0.646055 0.777574 0.649609 0.783088 0.648898 0.789216 0.645345 0.797181 0.636105 0.800245 0.630419 0.802083 0.617626 0.795343 0.608387 0.789216 0.603412 0.780025 0.599147
0 0.848039 0.577114 0.843137 0.572850 0.836397 0.572139 0.829657 0.573561 0.814951 0.580668 0.812500 0.585643 0.802083 0.598436 0.800245 0.609808 0.803922 0.619758 0.808824 0.623312 0.816789 0.623312 0.844363 0.600569 0.849265 0.589197
0 0.884191 0.568586 0.878676 0.566453 0.871936 0.566453 0.857843 0.569296 0.852941 0.572850 0.851103 0.576404 0.851716 0.587065 0.846814 0.599858 0.848652 0.604833 0.856005 0.613362 0.861520 0.616205 0.876225 0.615494 0.885417 0.611940 0.890319 0.606965 0.892770 0.599858 0.892157 0.589908 0.889706 0.577825
0 0.841912 0.606965 0.828431 0.614783 0.819240 0.623312 0.814338 0.634684 0.814951 0.641791 0.817402 0.646055 0.822917 0.648898 0.832108 0.658849 0.837623 0.660270 0.844363 0.659559 0.850490 0.655295 0.856618 0.641791 0.859681 0.628287 0.859069 0.621180 0.854779 0.613362 0.849265 0.609097
0 0.553309 0.683724 0.545343 0.688699 0.541667 0.693674 0.541667 0.701493 0.543505 0.708600 0.552696 0.727790 0.560049 0.730633 0.569240 0.729922 0.583946 0.713575 0.586397 0.705757 0.585784 0.700071 0.564338 0.683014 0.558824 0.682303
0 0.567402 0.651741 0.557598 0.663824 0.556985 0.672353 0.558211 0.678038 0.560049 0.680881 0.567402 0.685146 0.585784 0.700071 0.591912 0.700071 0.598039 0.690832 0.597426 0.662402 0.593750 0.653163 0.589461 0.648898 0.583946 0.646766 0.576593 0.647477
0 0.596201 0.627576 0.594363 0.638237 0.595588 0.646055 0.600490 0.653163 0.606618 0.656006 0.616422 0.658138 0.635417 0.657427 0.642157 0.651031 0.644608 0.644634 0.644608 0.635394 0.631740 0.623312 0.621324 0.623312 0.611520 0.620469 0.602941 0.620469
0 0.600490 0.657427 0.598652 0.666667 0.599265 0.687278 0.602328 0.690832 0.606005 0.692964 0.623162 0.695807 0.634804 0.690121 0.640931 0.683724 0.640931 0.668799 0.636029 0.659559 0.632966 0.658138 0.613971 0.658138 0.604167 0.654584
0 0.649510 0.636105 0.637868 0.657427 0.643382 0.685146 0.646446 0.687989 0.658088 0.690121 0.664216 0.690121 0.675245 0.685146 0.679534 0.678749 0.679534 0.674485 0.675245 0.663113 0.657475 0.637527
0 0.724265 0.627576 0.718137 0.631130 0.712623 0.637527 0.707721 0.648898 0.707721 0.657427 0.712010 0.661692 0.716299 0.664179 0.721814 0.668088 0.729779 0.673774 0.738971 0.674698 0.748775 0.663113 0.751225 0.654584 0.751225 0.648898 0.743873 0.638948 0.734681 0.630419 0.728554 0.626866
0 0.679534 0.666667 0.680760 0.677328 0.683824 0.680881 0.689951 0.683014 0.704657 0.683724 0.711397 0.686567 0.721814 0.686567 0.725490 0.683724 0.728554 0.677328 0.726716 0.671642 0.705270 0.660270 0.685049 0.659559 0.681373 0.662402
0 0.759191 0.648898 0.753676 0.654584 0.749387 0.662402 0.747549 0.669510 0.748162 0.676617 0.751225 0.685856 0.760417 0.696517 0.768382 0.697939 0.780025 0.690832 0.788603 0.681592 0.790748 0.675338 0.792279 0.669510 0.792279 0.663113 0.772672 0.648898
0 0.814338 0.647477 0.805147 0.651031 0.795956 0.660270 0.793505 0.665956 0.791054 0.681592 0.794730 0.686567 0.803309 0.691542 0.813725 0.695096 0.818627 0.695096 0.823529 0.691542 0.830882 0.682303 0.833333 0.676617 0.833333 0.669510 0.831495 0.661692 0.827819 0.655295 0.822304 0.648898
0 0.668505 0.695807 0.669118 0.709311 0.670343 0.712864 0.673407 0.715707 0.693321 0.712580 0.705882 0.712154 0.713235 0.709311 0.715074 0.704335 0.713235 0.689410 0.708946 0.686567 0.698529 0.685146 0.678309 0.685856 0.674020 0.687989
0 0.719363 0.701493 0.718750 0.707889 0.729779 0.710519 0.736091 0.717626 0.737316 0.724947 0.738971 0.729211 0.745711 0.729922 0.754902 0.727790 0.759191 0.724236 0.759804 0.718550 0.762868 0.712864 0.761029 0.699360 0.751225 0.687278 0.745711 0.684435 0.740196 0.684435 0.731005 0.688699
0 0.767770 0.703625 0.765319 0.706468 0.762868 0.712864 0.762868 0.717129 0.757353 0.727079 0.756740 0.731343 0.758578 0.735608 0.763480 0.741294 0.779412 0.748401 0.787377 0.748401 0.797794 0.744847 0.799632 0.739872 0.799020 0.724947 0.787377 0.705757 0.780637 0.700071 0.775123 0.700071
0 0.733456 0.714996 0.728554 0.712154 0.720588 0.710732 0.702206 0.712864 0.707108 0.751244 0.710172 0.751955 0.716912 0.749822 0.731618 0.741294 0.737132 0.735608 0.737745 0.730633
0 0.672794 0.717129 0.667892 0.723525 0.665441 0.729922 0.665441 0.735608 0.671569 0.749822 0.678309 0.754797 0.688051 0.758351 0.697120 0.763539 0.701593 0.759062 0.706863 0.753092 0.703309 0.724876 0.702206 0.716418 0.699142 0.713575 0.693015 0.712864
0 0.646446 0.689410 0.637868 0.699360 0.634804 0.707889 0.634804 0.727079 0.640319 0.737029 0.646446 0.739872 0.652574 0.740583 0.658701 0.738451 0.663603 0.732765 0.669118 0.717129 0.669118 0.712154 0.666667 0.700071 0.662377 0.692964 0.656250 0.689410
0 0.596814 0.700782 0.591912 0.707178 0.587623 0.718550 0.587623 0.727079 0.589706 0.734115 0.606005 0.734186 0.611520 0.736318 0.618873 0.742004 0.627451 0.740583 0.631127 0.734186 0.634007 0.725231 0.633701 0.712651 0.623162 0.698650 0.615809 0.694385 0.606005 0.694385
0 0.591299 0.734897 0.587623 0.737029 0.582108 0.747690 0.580515 0.754016 0.580882 0.771144 0.589461 0.779673 0.599877 0.781805 0.608456 0.777541 0.618260 0.766880 0.621324 0.758351 0.621324 0.749822 0.618873 0.742715 0.607843 0.735608
0 0.511642 0.723525 0.499387 0.733475 0.496324 0.746979 0.496936 0.754797 0.512868 0.772566 0.518995 0.774698 0.531250 0.773987 0.538603 0.767591 0.539216 0.765458 0.536765 0.740583 0.532475 0.726368 0.527574 0.721393 0.517770 0.721393
0 0.542279 0.734897 0.538603 0.739161 0.539216 0.763326 0.540441 0.767591 0.547181 0.776119 0.556373 0.780384 0.564951 0.780384 0.574142 0.776119 0.577819 0.772566 0.579657 0.763326 0.579657 0.747690 0.577819 0.742004 0.572304 0.735608 0.558824 0.730633 0.552083 0.730633
0 0.533701 0.777541 0.528799 0.782516 0.525123 0.792466 0.524510 0.806681 0.525735 0.809524 0.537990 0.823028 0.547794 0.822317 0.556373 0.818053 0.568627 0.803838 0.569853 0.800284 0.568627 0.791045 0.564951 0.786070 0.557598 0.781095 0.541667 0.776119
0 0.629902 0.742715 0.624387 0.751244 0.624387 0.761905 0.626838 0.766880 0.630515 0.767591 0.636642 0.771855 0.643382 0.782516 0.649510 0.788202 0.656250 0.788202 0.661152 0.785359 0.667279 0.778962 0.671569 0.768301 0.671569 0.755508 0.667279 0.748401 0.659314 0.743426 0.642770 0.739872
0 0.642770 0.784648 0.634804 0.771855 0.622549 0.767591 0.615196 0.771144 0.612132 0.775409 0.598652 0.783937 0.593137 0.794598 0.593137 0.800284 0.594363 0.803838 0.599265 0.808813 0.612745 0.809524 0.624387 0.813077 0.634191 0.813077 0.638480 0.810945 0.643382 0.803127 0.643995 0.788913
0 0.655637 0.791756 0.655025 0.795309 0.657475 0.808813 0.661765 0.813788 0.669118 0.816631 0.684436 0.828003 0.690564 0.828003 0.697304 0.825160 0.704044 0.816631 0.708333 0.803838 0.706495 0.788913 0.702819 0.784648 0.683824 0.780384 0.670343 0.780384
0 0.649510 0.815920 0.639706 0.825160 0.635417 0.834399 0.636029 0.844350 0.642770 0.854300 0.653186 0.861407 0.668505 0.862118 0.674020 0.857143 0.680760 0.839375 0.680760 0.831557 0.673407 0.820896 0.664828 0.815210 0.654412 0.814499
0 0.587010 0.819474 0.584559 0.828714 0.586397 0.842928 0.588848 0.850036 0.597426 0.856432 0.606005 0.857143 0.616422 0.853589 0.623162 0.849325 0.631127 0.839375 0.632966 0.834399 0.632966 0.828003 0.631127 0.822317 0.626225 0.815210 0.621936 0.813077 0.599265 0.810945 0.591299 0.814499
0 0.547181 0.823738 0.539216 0.831557 0.537990 0.847903 0.539828 0.853589 0.547181 0.864250 0.552083 0.867093 0.564338 0.867804 0.568627 0.865672 0.573529 0.860697 0.580270 0.850036 0.579657 0.832978 0.571691 0.825160 0.565564 0.822317 0.552083 0.821606
0 0.912377 0.705046 0.897672 0.706468 0.888480 0.710732 0.876225 0.725657 0.875000 0.732765 0.876838 0.741294 0.889706 0.751955 0.894608 0.754087 0.903186 0.754797 0.916054 0.750533 0.920956 0.744847 0.924020 0.737740 0.924632 0.725657 0.924020 0.720682 0.920343 0.712154
0 0.851103 0.752665 0.848039 0.756930 0.848039 0.769012 0.857230 0.785359 0.865196 0.793888 0.874387 0.798152 0.881740 0.798152 0.884804 0.796731 0.890931 0.789623 0.895221 0.779673 0.895221 0.766880 0.893382 0.756930 0.890931 0.753376 0.877451 0.743426 0.866422 0.744136 0.857843 0.747690
0 0.857843 0.823738 0.856005 0.830846 0.856005 0.845771 0.857230 0.850746 0.860907 0.854300 0.897059 0.855721 0.902574 0.849325 0.903799 0.837953 0.901961 0.830846 0.895221 0.820896 0.887868 0.815210 0.868260 0.815210
0 0.849877 0.795309 0.841299 0.792466 0.829657 0.792466 0.821691 0.796020 0.816176 0.801706 0.814338 0.806681 0.814338 0.814499 0.824632 0.823028 0.827635 0.834399 0.828431 0.840796 0.829779 0.843781 0.842525 0.840085 0.854779 0.827292 0.858456 0.820896 0.860907 0.813077 0.860294 0.807392 0.857230 0.801706
0 0.782475 0.821606 0.779412 0.834399 0.775123 0.843639 0.775123 0.848614 0.781801 0.861123 0.791728 0.864392 0.806985 0.864677 0.820221 0.858564 0.825980 0.852168 0.828431 0.845060 0.826777 0.831699 0.824142 0.823028 0.818627 0.818053 0.806985 0.813788 0.795343 0.813788 0.785539 0.818053
0 0.750613 0.798863 0.746324 0.800995 0.741422 0.806681 0.738358 0.813077 0.736520 0.823028 0.737132 0.836532 0.740809 0.845060 0.743873 0.847193 0.759804 0.852168 0.764093 0.851457 0.769608 0.848614 0.775123 0.842928 0.779412 0.832054 0.782475 0.820896 0.774510 0.810235 0.764706 0.801706 0.759804 0.798863
0 0.743873 0.847903 0.737745 0.849325 0.726716 0.855721 0.721814 0.867093 0.723039 0.876333 0.728554 0.889126 0.732230 0.893390 0.742034 0.897655 0.748775 0.897655 0.759804 0.891258 0.767770 0.883440 0.769608 0.877754 0.769608 0.869936 0.765319 0.859275 0.758578 0.851457
0 0.713235 0.830846 0.709559 0.829424 0.698529 0.829424 0.692402 0.831557 0.683824 0.837242 0.680760 0.842928 0.677941 0.852807 0.673407 0.859986 0.673407 0.864250 0.689338 0.877043 0.705270 0.876333 0.713235 0.872779 0.718137 0.867804 0.723039 0.857854 0.721201 0.840796
0 0.720588 0.877043 0.712623 0.875622 0.692402 0.879176 0.687500 0.883440 0.686275 0.903340 0.688113 0.909026 0.693015 0.915423 0.701593 0.922530 0.705882 0.923241 0.712623 0.920398 0.719975 0.910448 0.726103 0.898365 0.726716 0.884861 0.724877 0.880597
0 0.767770 0.884861 0.746936 0.899787 0.745711 0.913291 0.750000 0.921819 0.758578 0.929638 0.766544 0.933902 0.772672 0.933902 0.781863 0.930348 0.788603 0.921109 0.791054 0.914001 0.791667 0.904051 0.789828 0.896944 0.785539 0.889837 0.775735 0.884861
0 0.813725 0.891969 0.813113 0.894812 0.814338 0.896233 0.823346 0.896802 0.831556 0.901635 0.840380 0.913006 0.841299 0.921819 0.846814 0.922530 0.849265 0.921109 0.855392 0.913291 0.855392 0.889837 0.852328 0.884151 0.845588 0.878465 0.841912 0.877043 0.829657 0.878465 0.821691 0.883440
0 0.855392 0.862118 0.856005 0.872779 0.860907 0.879176 0.873775 0.883440 0.889093 0.891969 0.895221 0.893390 0.900735 0.892679 0.905025 0.889837 0.909314 0.882729 0.910539 0.870647 0.908701 0.865672 0.902574 0.859275 0.896446 0.856432 0.866422 0.855011 0.857843 0.858564
0 0.812255 0.896802 0.806373 0.898365 0.797181 0.905473 0.794118 0.912580 0.793505 0.924662 0.795956 0.932480 0.803309 0.941720 0.809436 0.945274 0.819424 0.947264 0.831005 0.940725 0.835600 0.934542 0.839828 0.923525 0.841299 0.918977 0.838848 0.911869 0.833333 0.904051 0.824142 0.897655
0 0.897672 0.906894 0.899510 0.921819 0.902574 0.926084 0.909314 0.928216 0.916667 0.928927 0.938113 0.926795 0.945466 0.923952 0.952819 0.916844 0.952819 0.910448 0.948529 0.901919 0.932598 0.889837 0.921569 0.884151 0.912377 0.884151 0.903799 0.892679
0 0.861520 0.882729 0.856005 0.887704 0.856618 0.906894 0.853554 0.917555 0.853554 0.922530 0.865196 0.940299 0.874387 0.942431 0.889093 0.936034 0.898284 0.926084 0.898897 0.918266 0.896446 0.905473 0.886029 0.891258 0.878676 0.886283 0.866422 0.882018
0 0.892157 0.936745 0.886642 0.943852 0.886642 0.958067 0.898284 0.978678 0.903186 0.982942 0.912990 0.983653 0.922794 0.979389 0.936275 0.966596 0.941789 0.956645 0.942402 0.945984 0.941176 0.943852 0.928922 0.936034 0.914828 0.933191 0.904412 0.933191
0 0.864583 0.942431 0.860907 0.962331 0.867034 0.982942 0.872549 0.994314 0.883578 0.993603 0.895833 0.987207 0.897672 0.983653 0.897672 0.977967 0.884804 0.955935 0.873775 0.944563 0.870098 0.942431
0 0.850490 0.923952 0.841299 0.923952 0.831801 0.941862 0.821262 0.947122 0.818505 0.948685 0.822304 0.963753 0.835172 0.972992 0.845588 0.973703 0.850490 0.972281 0.858456 0.965174 0.861520 0.958067 0.863971 0.946695 0.863971 0.939588 0.859681 0.931059
0 0.915441 0.988628 0.915441 0.993603 0.918076 0.998650 0.918505 1.000000 0.971201 1.000000 0.972426 0.994314 0.971814 0.983653 0.966299 0.979389 0.961397 0.977967 0.935662 0.978678 0.919730 0.982942
0 0.916054 0.992182 0.912377 0.986496 0.897059 0.986496 0.884804 0.992893 0.883578 1.000000 0.916054 1.000000
0 0.835784 0.979389 0.837010 1.000000 0.871324 1.000000 0.871324 0.992893 0.865809 0.982232 0.861520 0.977257 0.856005 0.974414 0.844975 0.974414 0.837623 0.977257
0 0.794730 0.981521 0.794730 0.989339 0.799020 1.000000 0.834559 1.000000 0.836397 0.994314 0.836397 0.977967 0.833946 0.974414 0.832230 0.971997 0.830270 0.970149 0.826593 0.968017 0.814951 0.968017 0.803922 0.970149
0 0.738358 0.949538 0.729779 0.963042 0.721814 0.970149 0.721201 0.975124 0.722426 0.979389 0.731005 0.990050 0.743260 0.997157 0.743873 1.000000 0.755515 1.000000 0.757353 0.995025 0.767157 0.985075 0.767157 0.977257 0.762868 0.963042 0.757966 0.952381 0.752451 0.948117 0.745098 0.947406
0 0.795956 0.992893 0.793505 0.988628 0.789216 0.986496 0.772672 0.986496 0.767157 0.987918 0.760417 0.992893 0.757966 1.000000 0.795956 1.000000
0 0.723958 0.994101 0.723223 0.995522 0.722855 0.997584 0.723039 1.000000 0.743873 1.000000 0.743873 0.997157 0.732843 0.990760 0.727941 0.990760 0.724877 0.992893
0 0.679534 0.980100 0.678922 0.985785 0.683211 1.000000 0.721201 1.000000 0.723039 0.994314 0.721814 0.984364 0.718137 0.973703 0.708946 0.966596 0.699755 0.965885 0.689951 0.970149
0 0.589461 0.997157 0.589461 1.000000 0.620711 1.000000 0.620711 0.997157 0.614583 0.992893 0.601103 0.990050 0.594975 0.990050 0.591299 0.992893
0 0.715686 0.919687 0.706495 0.925373 0.705270 0.928927 0.704657 0.936532 0.699142 0.952381 0.698529 0.957356 0.703431 0.963753 0.714461 0.969439 0.719363 0.970149 0.729167 0.964463 0.737745 0.948827 0.736520 0.935323 0.733456 0.928216 0.725490 0.921109
0 0.666667 0.913291 0.665441 0.916844 0.672794 0.923952 0.676471 0.934613 0.676471 0.948117 0.673407 0.957356 0.677083 0.959488 0.686275 0.959488 0.697304 0.954513 0.702880 0.940512 0.704657 0.931059 0.702206 0.924662 0.686275 0.911158 0.671569 0.910448
0 0.655025 0.863539 0.651348 0.865672 0.647672 0.870647 0.646446 0.882018 0.639706 0.895522 0.639706 0.902630 0.641544 0.909026 0.643382 0.910448 0.661152 0.911869 0.672181 0.907605 0.683211 0.899787 0.686275 0.894101 0.686887 0.887704 0.683824 0.877754 0.675245 0.867804 0.666054 0.863539
0 0.621936 0.850036 0.614583 0.855011 0.608456 0.856432 0.602941 0.859986 0.599265 0.866382 0.599265 0.872779 0.601716 0.890547 0.604779 0.894812 0.622549 0.900498 0.628064 0.900498 0.637255 0.896944 0.641544 0.891969 0.647059 0.881308 0.647672 0.870647 0.636029 0.855011 0.626225 0.850036
0 0.588235 0.854300 0.577206 0.857854 0.568015 0.867804 0.560049 0.885572 0.558824 0.893390 0.560049 0.899787 0.567402 0.906894 0.574142 0.910448 0.579657 0.911869 0.588235 0.910448 0.600490 0.894812 0.599877 0.877754 0.597426 0.866382 0.593750 0.858564
0 0.625613 0.988628 0.625613 0.995025 0.627451 1.000000 0.680147 1.000000 0.680147 0.992182 0.678309 0.987207 0.674632 0.982942 0.669730 0.980810 0.661765 0.970860 0.658701 0.969439 0.638480 0.969439 0.634804 0.972281 0.632966 0.977967
0 0.639093 0.914712 0.630515 0.928216 0.629289 0.933902 0.630515 0.952381 0.634804 0.962331 0.640319 0.968017 0.647243 0.968088 0.660539 0.969439 0.666054 0.966596 0.671569 0.960910 0.675858 0.948117 0.675245 0.934613 0.672181 0.925373 0.662377 0.914712 0.650735 0.912580
0 0.596814 0.947406 0.596752 0.954584 0.590074 0.973703 0.591299 0.980100 0.595588 0.987207 0.599265 0.989339 0.615809 0.991471 0.623162 0.987918 0.626838 0.984364 0.628983 0.980668 0.631127 0.979389 0.633578 0.965885 0.631127 0.958067 0.627451 0.955224 0.626225 0.951670 0.618873 0.946695 0.606618 0.944563
0 0.054534 0.997157 0.054534 1.000000 0.077819 1.000000 0.077819 0.997157 0.075368 0.993603 0.064951 0.987918 0.060662 0.989339