0 0.081159 0.179500 0.070531 0.182000 0.065700 0.185500 0.064734 0.206000 0.066667 0.209500 0.077295 0.214000 0.085990 0.215500 0.095652 0.215500 0.106280 0.212500 0.118841 0.204500 0.122705 0.198500 0.121739 0.189000 0.115942 0.183500 0.104348 0.182500 0.089855 0.179500
0 0.129469 0.196500 0.123671 0.199500 0.112077 0.212000 0.113043 0.220500 0.117874 0.225000 0.125604 0.228000 0.134300 0.229000 0.155556 0.227000 0.165217 0.224500 0.174879 0.220000 0.176812 0.217000 0.174879 0.209000 0.152657 0.204500 0.140097 0.196000
0 0.147826 0.188000 0.143961 0.192000 0.143961 0.198000 0.148792 0.203000 0.159420 0.206000 0.174879 0.208500 0.186473 0.208500 0.200966 0.206500 0.214493 0.200500 0.215459 0.193500 0.213527 0.189500 0.206763 0.184000 0.198068 0.180000 0.177778 0.178000 0.165217 0.180500
0 0.230918 0.202000 0.215459 0.201500 0.206763 0.204000 0.201932 0.207500 0.187440 0.224500 0.189372 0.227500 0.201932 0.233000 0.206763 0.234000 0.219324 0.234000 0.234783 0.232500 0.243478 0.230500 0.253140 0.225500 0.251208 0.216000 0.239614 0.205500
0 0.085990 0.220500 0.079227 0.224000 0.072464 0.232000 0.071498 0.237000 0.073430 0.240500 0.079227 0.244000 0.088889 0.247000 0.104348 0.247500 0.112077 0.246000 0.116908 0.248500 0.122705 0.247000 0.128502 0.243000 0.131401 0.238000 0.129469 0.230000 0.111111 0.221500 0.099517 0.220000
0 0.134300 0.243000 0.127536 0.243500 0.122705 0.247500 0.117874 0.249000 0.108213 0.249500 0.100483 0.254500 0.098551 0.259500 0.099517 0.263500 0.104348 0.268500 0.110145 0.271000 0.115942 0.272000 0.132367 0.271500 0.142995 0.269000 0.147826 0.266000 0.150725 0.257500 0.149758 0.251500 0.146860 0.247500
0 0.278261 0.221000 0.271498 0.228500 0.271498 0.233000 0.276329 0.237500 0.291787 0.243000 0.309179 0.245500 0.339130 0.244500 0.342995 0.243000 0.344928 0.239500 0.344928 0.229500 0.341063 0.224500 0.333333 0.219500 0.314976 0.215000 0.298551 0.214500 0.285024 0.217500
0 0.381643 0.215500 0.372947 0.219500 0.360386 0.232000 0.360386 0.243500 0.365217 0.247000 0.374879 0.249500 0.399034 0.249500 0.404831 0.248000 0.412560 0.243500 0.413527 0.237500 0.411594 0.232000 0.405797 0.223500 0.391304 0.216000
0 0.427053 0.209500 0.420290 0.211500 0.418357 0.216500 0.408696 0.223000 0.408696 0.226000 0.416425 0.237500 0.417391 0.245500 0.427053 0.250500 0.432850 0.252000 0.443478 0.252000 0.458937 0.249500 0.474396 0.244500 0.476329 0.242000 0.476329 0.235000 0.469565 0.226000 0.461836 0.220500 0.446377 0.214500
0 0.443478 0.195500 0.445411 0.207000 0.454106 0.215000 0.463768 0.217000 0.471498 0.217000 0.487923 0.214500 0.501449 0.209500 0.515942 0.201000 0.515942 0.196000 0.512077 0.193000 0.503382 0.190000 0.485990 0.187000 0.458937 0.187000 0.448309 0.190500
0 0.543961 0.163500 0.537198 0.162000 0.526570 0.162000 0.513043 0.164500 0.496618 0.169500 0.485990 0.176500 0.486957 0.181000 0.493720 0.186500 0.511111 0.192000 0.529469 0.192000 0.536232 0.190500 0.546860 0.184500 0.550725 0.178500 0.548792 0.167500
0 0.587440 0.144000 0.578744 0.144500 0.571981 0.149500 0.556522 0.158000 0.552657 0.164500 0.553623 0.179000 0.557488 0.184000 0.564251 0.187500 0.574879 0.189500 0.583575 0.189500 0.599034 0.187000 0.604831 0.184500 0.606763 0.182000 0.606763 0.165000 0.603865 0.154500 0.594203 0.151000 0.592271 0.146500
0 0.634783 0.153500 0.611594 0.164000 0.608696 0.170500 0.628986 0.179500 0.644444 0.182000 0.657971 0.182500 0.684058 0.173500 0.685990 0.171000 0.685990 0.161000 0.678261 0.155500 0.662802 0.152000 0.644444 0.152000
0 0.623188 0.179500 0.614493 0.181500 0.603865 0.186500 0.600000 0.192500 0.599034 0.199000 0.602899 0.206000 0.606763 0.209000 0.625121 0.214500 0.641546 0.213000 0.654106 0.205500 0.658937 0.198000 0.659903 0.189000 0.658937 0.186000 0.655072 0.183500
0 0.528502 0.195000 0.523671 0.201000 0.524638 0.210000 0.526570 0.212500 0.542029 0.220000 0.560386 0.222500 0.572947 0.222500 0.580676 0.220000 0.603865 0.217000 0.603865 0.211500 0.599034 0.203000 0.582609 0.190500 0.570048 0.189000 0.558454 0.186000 0.542029 0.187500
0 0.491787 0.214500 0.478261 0.231500 0.479227 0.237500 0.485990 0.241500 0.501449 0.242500 0.527536 0.240500 0.542995 0.237000 0.549758 0.233000 0.549758 0.227000 0.545894 0.223000 0.525604 0.212000 0.514976 0.210000 0.502415 0.210000
0 0.603865 0.218500 0.578744 0.221000 0.563285 0.228500 0.554589 0.235500 0.559420 0.242000 0.577778 0.250000 0.596135 0.251500 0.606763 0.249500 0.617391 0.244500 0.619324 0.241000 0.617391 0.228000 0.612560 0.222000
0 0.674396 0.216000 0.660870 0.214500 0.636715 0.214500 0.628986 0.216000 0.619324 0.220500 0.616425 0.225000 0.620290 0.233000 0.631884 0.243000 0.640580 0.247000 0.649275 0.247500 0.661836 0.244500 0.683092 0.229500 0.682126 0.220500
0 0.549758 0.249000 0.541063 0.248500 0.518841 0.255000 0.509179 0.256000 0.505314 0.257500 0.499517 0.263000 0.497585 0.266500 0.498551 0.272500 0.505314 0.277500 0.519807 0.282500 0.531401 0.284500 0.547826 0.284000 0.558454 0.281500 0.570048 0.275500 0.571981 0.272000 0.570048 0.259000 0.561353 0.253000
0 0.489855 0.244500 0.472464 0.245000 0.456039 0.250000 0.445411 0.251500 0.442512 0.253500 0.442512 0.256500 0.451208 0.264000 0.475362 0.274000 0.484058 0.274000 0.491787 0.271000 0.495652 0.268000 0.496618 0.264000 0.502415 0.257500 0.502415 0.252000 0.496618 0.247000
0 0.184541 0.271000 0.160386 0.268000 0.147826 0.270000 0.141063 0.273500 0.134300 0.279000 0.120773 0.286000 0.114976 0.294000 0.115942 0.299000 0.124638 0.304500 0.141063 0.308500 0.160386 0.308000 0.171981 0.304500 0.180676 0.299000 0.192271 0.284500 0.190338 0.277000
0 0.096618 0.263500 0.088889 0.264000 0.066667 0.270000 0.059903 0.274000 0.056039 0.278500 0.056039 0.290500 0.060870 0.294500 0.070531 0.298000 0.077295 0.299000 0.102415 0.298500 0.110145 0.296500 0.114976 0.293000 0.118841 0.282000 0.112077 0.272000
0 0.063768 0.306500 0.059903 0.310500 0.059903 0.315500 0.063768 0.322500 0.076329 0.331500 0.085990 0.334500 0.102415 0.335000 0.110145 0.333500 0.128502 0.321500 0.129469 0.313500 0.121739 0.308000 0.111111 0.305000 0.097585 0.303000 0.085024 0.303000 0.079227 0.307000 0.068599 0.307500
0 0.155556 0.320000 0.145894 0.319500 0.130435 0.323000 0.107246 0.336000 0.104348 0.344500 0.106280 0.348500 0.114976 0.354500 0.124638 0.357500 0.140097 0.358000 0.151691 0.356000 0.159420 0.352000 0.171981 0.342000 0.173913 0.338500 0.171981 0.330500 0.161353 0.322000
0 0.200000 0.294500 0.185507 0.297500 0.167150 0.307500 0.162319 0.315000 0.162319 0.321000 0.171981 0.328000 0.188406 0.332000 0.202899 0.333000 0.216425 0.332000 0.230918 0.329000 0.236715 0.326000 0.239614 0.317500 0.232850 0.306000 0.225121 0.300000 0.213527 0.295500
0 0.295652 0.283500 0.272464 0.278000 0.260870 0.278500 0.246377 0.283500 0.239614 0.291000 0.237681 0.297500 0.239614 0.308000 0.245411 0.316000 0.256039 0.316000 0.277295 0.313500 0.293720 0.307000 0.302415 0.299500 0.300483 0.287500
0 0.304348 0.247500 0.288889 0.250500 0.277295 0.255500 0.266667 0.263500 0.265700 0.269000 0.268599 0.273000 0.277295 0.278500 0.298551 0.284000 0.314976 0.284500 0.328502 0.280000 0.332367 0.275000 0.334300 0.267500 0.320773 0.249000 0.315942 0.247500
0 0.321739 0.248000 0.331401 0.264500 0.342995 0.271500 0.356522 0.275500 0.370048 0.275500 0.378744 0.272500 0.382609 0.269000 0.387440 0.259000 0.375845 0.250000 0.359420 0.246000 0.346860 0.245500 0.330435 0.246000
0 0.420290 0.252500 0.412560 0.255000 0.398068 0.256500 0.390338 0.259500 0.380676 0.271000 0.380676 0.276500 0.384541 0.280500 0.400000 0.287000 0.428986 0.289500 0.441546 0.284500 0.447343 0.277000 0.447343 0.263000 0.444444 0.260000 0.428986 0.252500
0 0.458937 0.283000 0.440580 0.285500 0.428986 0.290000 0.420290 0.291500 0.415459 0.294500 0.416425 0.299500 0.426087 0.306500 0.448309 0.313500 0.455072 0.314500 0.465700 0.313500 0.471498 0.311000 0.475362 0.306500 0.475362 0.295000 0.472464 0.288000 0.466667 0.284500
0 0.404831 0.305000 0.392271 0.308500 0.383575 0.317500 0.382609 0.330000 0.385507 0.337500 0.389372 0.341500 0.396135 0.345000 0.403865 0.346500 0.417391 0.346500 0.429952 0.344500 0.449275 0.337000 0.455072 0.330500 0.454106 0.322000 0.451208 0.318000 0.442512 0.312500 0.430918 0.310500 0.420290 0.307000
0 0.359420 0.276000 0.353623 0.276500 0.336232 0.281500 0.326570 0.288000 0.325604 0.293000 0.329469 0.299500 0.342029 0.307500 0.355556 0.313500 0.369082 0.315500 0.385507 0.310000 0.393237 0.305500 0.398068 0.294000 0.394203 0.287500 0.380676 0.280000 0.371981 0.276500
0 0.329469 0.310500 0.311111 0.313500 0.300483 0.316500 0.290821 0.322500 0.289855 0.329000 0.294686 0.335500 0.307246 0.343500 0.322705 0.348500 0.333333 0.349000 0.343961 0.346500 0.353623 0.341500 0.358454 0.337500 0.361353 0.329500 0.360386 0.322000 0.355556 0.315500 0.346860 0.312000
0 0.314010 0.349500 0.299517 0.350500 0.285024 0.354000 0.281159 0.358000 0.277295 0.369500 0.281159 0.381500 0.285024 0.386000 0.307246 0.392500 0.314976 0.393500 0.322705 0.388500 0.329469 0.387500 0.341063 0.382500 0.344928 0.375000 0.344928 0.364500 0.337198 0.354500 0.332367 0.352000 0.323671 0.350000
0 0.256039 0.335500 0.253140 0.335500 0.233816 0.342000 0.226087 0.346000 0.219324 0.352000 0.216425 0.362000 0.213527 0.365000 0.214493 0.369500 0.227053 0.376000 0.237681 0.377500 0.257971 0.376500 0.268599 0.372000 0.275362 0.366500 0.278261 0.357500 0.276329 0.350000 0.268599 0.344500 0.263768 0.338500
0 0.173913 0.344500 0.166184 0.348000 0.153623 0.357000 0.154589 0.361500 0.165217 0.371000 0.173913 0.374500 0.184541 0.376000 0.201932 0.375500 0.213527 0.373500 0.214493 0.368500 0.212560 0.364500 0.216425 0.359000 0.215459 0.351500 0.205797 0.347500 0.190338 0.344000 0.182609 0.343500
0 0.149758 0.369000 0.141063 0.367000 0.135266 0.367000 0.121739 0.369500 0.100483 0.382000 0.096618 0.387500 0.096618 0.397000 0.100483 0.401000 0.116908 0.404500 0.134300 0.404500 0.149758 0.401000 0.168116 0.393000 0.171014 0.389500 0.170048 0.381500 0.164251 0.376500
0 0.071498 0.337000 0.065700 0.339500 0.063768 0.343500 0.054106 0.351000 0.053140 0.361500 0.055072 0.370000 0.063768 0.377000 0.071498 0.380000 0.088889 0.381000 0.104348 0.378000 0.113043 0.373500 0.116908 0.367500 0.116908 0.358000 0.110145 0.354000 0.103382 0.346000 0.095652 0.342000 0.082126 0.340500
0 0.190338 0.407500 0.178744 0.404500 0.164251 0.404500 0.151691 0.406500 0.140097 0.410000 0.129469 0.415000 0.124638 0.420000 0.119807 0.430000 0.109179 0.433000 0.109179 0.438500 0.112077 0.439500 0.126570 0.439500 0.142995 0.441500 0.158454 0.441500 0.171981 0.440000 0.184541 0.437000 0.195169 0.432000 0.197101 0.429500 0.196135 0.417000
0 0.215459 0.380000 0.209662 0.384000 0.198068 0.388500 0.194203 0.395500 0.193237 0.407500 0.197101 0.415500 0.203865 0.419500 0.212560 0.422000 0.225121 0.422500 0.238647 0.421000 0.247343 0.418500 0.254106 0.415000 0.258937 0.407000 0.249275 0.385500 0.241546 0.383000 0.233816 0.382500 0.225121 0.379500
0 0.265700 0.398500 0.263768 0.405500 0.266667 0.410000 0.284058 0.416000 0.300483 0.416500 0.320773 0.412500 0.329469 0.408500 0.329469 0.403500 0.321739 0.397000 0.316908 0.394500 0.305314 0.392000 0.299517 0.389500 0.287923 0.389000 0.281159 0.390000 0.268599 0.395500
0 0.315942 0.420000 0.293720 0.421000 0.275362 0.426500 0.267633 0.432000 0.267633 0.438500 0.275362 0.448500 0.285024 0.454000 0.290821 0.455500 0.303382 0.456000 0.311111 0.455000 0.327536 0.450000 0.339130 0.443500 0.344928 0.431500 0.336232 0.425500
0 0.364251 0.408500 0.354589 0.415500 0.351691 0.422000 0.351691 0.432000 0.353623 0.434500 0.362319 0.439000 0.387440 0.444000 0.406763 0.446000 0.417391 0.439500 0.419324 0.436500 0.438647 0.429000 0.439614 0.423500 0.432850 0.417500 0.428986 0.411000 0.423188 0.408000 0.402899 0.405500 0.385507 0.405000 0.373913 0.406000
0 0.421256 0.365500 0.404831 0.366000 0.397101 0.368000 0.388406 0.372500 0.384541 0.377500 0.384541 0.386000 0.388406 0.392000 0.398068 0.398000 0.404831 0.400000 0.421256 0.400000 0.431884 0.397500 0.438647 0.394000 0.441546 0.389500 0.441546 0.376000 0.439614 0.372000 0.432850 0.367500
0 0.494686 0.315000 0.475362 0.320500 0.468599 0.325000 0.462802 0.332500 0.460870 0.342500 0.466667 0.350000 0.475362 0.353500 0.488889 0.356500 0.508213 0.356500 0.521739 0.353000 0.524638 0.349000 0.531401 0.345500 0.531401 0.340000 0.522705 0.320000 0.518841 0.318000 0.505314 0.315000
0 0.555556 0.317000 0.541063 0.319500 0.534300 0.322000 0.529469 0.327000 0.528502 0.334500 0.533333 0.343500 0.542029 0.350500 0.548792 0.353500 0.563285 0.354000 0.577778 0.349000 0.587440 0.341500 0.588406 0.326500 0.579710 0.319000 0.568116 0.317000
0 0.571014 0.285000 0.567150 0.287000 0.562319 0.294000 0.563285 0.304500 0.571014 0.313500 0.575845 0.316000 0.581643 0.317000 0.600000 0.317500 0.609662 0.316500 0.621256 0.313000 0.631884 0.299500 0.631884 0.295000 0.626087 0.288500 0.620290 0.285500 0.604831 0.282000 0.586473 0.282000
0 0.603865 0.259500 0.600000 0.264500 0.599034 0.275500 0.602899 0.278500 0.623188 0.285500 0.646377 0.284000 0.660870 0.279500 0.667633 0.276000 0.668599 0.271000 0.659903 0.262500 0.655072 0.259500 0.643478 0.255500 0.633816 0.254000 0.621256 0.254000 0.613527 0.255000
0 0.701449 0.227000 0.691787 0.227000 0.681159 0.232000 0.672464 0.237500 0.666667 0.243500 0.666667 0.259000 0.671498 0.263000 0.684058 0.265500 0.701449 0.264500 0.714010 0.261500 0.726570 0.252000 0.726570 0.248000 0.717874 0.234000
0 0.710145 0.262500 0.688889 0.266500 0.676329 0.274000 0.673430 0.280500 0.676329 0.285000 0.685024 0.289500 0.707246 0.295000 0.722705 0.294500 0.724638 0.291500 0.730435 0.289000 0.739130 0.289000 0.745894 0.283500 0.745894 0.278500 0.736232 0.267500 0.732367 0.265500 0.717874 0.262500
0 0.655072 0.286000 0.636715 0.295500 0.633816 0.299000 0.635749 0.304500 0.645411 0.311000 0.647343 0.314500 0.652174 0.316500 0.664734 0.317500 0.685990 0.315500 0.691787 0.312500 0.695652 0.307500 0.694686 0.299500 0.689855 0.291500 0.675362 0.285500 0.661836 0.285000
0 0.666667 0.318000 0.654106 0.329500 0.653140 0.337000 0.657005 0.341000 0.667633 0.345000 0.692754 0.348500 0.709179 0.345000 0.714010 0.342500 0.715942 0.338000 0.710145 0.328500 0.703382 0.322000 0.689855 0.316500 0.675362 0.316500
0 0.639614 0.323000 0.619324 0.319000 0.610628 0.319000 0.598068 0.323500 0.592271 0.328000 0.589372 0.334000 0.590338 0.346000 0.596135 0.352500 0.602899 0.353500 0.624155 0.350500 0.629952 0.348500 0.642512 0.339000 0.646377 0.327000
0 0.685024 0.348000 0.671498 0.346000 0.656039 0.341000 0.645411 0.341000 0.634783 0.344500 0.628019 0.351000 0.625121 0.361500 0.626087 0.369500 0.633816 0.376000 0.638647 0.377500 0.653140 0.377000 0.663768 0.374000 0.685024 0.361000 0.686957 0.356500 0.686957 0.349500
0 0.703382 0.358500 0.682126 0.363500 0.672464 0.369000 0.670531 0.375000 0.673430 0.381500 0.682126 0.388500 0.699517 0.396000 0.710145 0.397500 0.715942 0.397000 0.725604 0.392500 0.733333 0.382000 0.734300 0.376000 0.729469 0.363000 0.710145 0.358500
0 0.514010 0.356500 0.512077 0.359500 0.513043 0.366000 0.521739 0.369500 0.542995 0.383500 0.547826 0.384500 0.553623 0.384000 0.569082 0.377000 0.575845 0.369500 0.576812 0.364000 0.573913 0.359000 0.567150 0.355000 0.540097 0.354000 0.523671 0.354500
0 0.511111 0.370500 0.493720 0.383500 0.493720 0.394000 0.498551 0.401500 0.510145 0.407000 0.520773 0.407000 0.548792 0.403500 0.557488 0.398000 0.557488 0.392500 0.552657 0.386500 0.527536 0.373500 0.516908 0.370500
0 0.458937 0.393500 0.439614 0.399000 0.430918 0.403500 0.427053 0.408500 0.433816 0.418000 0.443478 0.425500 0.463768 0.429500 0.477295 0.430000 0.487923 0.428000 0.497585 0.422500 0.505314 0.407500 0.501449 0.403000 0.490821 0.396500 0.473430 0.393000
0 0.580676 0.409500 0.549758 0.405000 0.533333 0.405000 0.510145 0.408500 0.504348 0.411500 0.501449 0.416000 0.501449 0.425500 0.509179 0.437000 0.517874 0.440500 0.538164 0.440500 0.563285 0.432500 0.577778 0.429500 0.582609 0.424000 0.584541 0.417000 0.583575 0.411500
0 0.634783 0.378500 0.624155 0.378500 0.610628 0.381000 0.602899 0.384500 0.597101 0.390500 0.595169 0.397000 0.599034 0.405500 0.606763 0.410000 0.617391 0.413000 0.636715 0.412000 0.642512 0.410000 0.646377 0.399000 0.655072 0.389000 0.653140 0.385000 0.642512 0.380000
0 0.655072 0.392000 0.649275 0.395000 0.645411 0.400500 0.644444 0.405000 0.648309 0.410500 0.656039 0.414500 0.669565 0.417500 0.682126 0.416000 0.698551 0.407500 0.703382 0.401500 0.701449 0.397000 0.686957 0.391000
0 0.685990 0.419500 0.675362 0.418000 0.667633 0.421000 0.654106 0.421000 0.640580 0.425000 0.629952 0.430500 0.627053 0.434500 0.627053 0.439500 0.633816 0.446000 0.639614 0.449000 0.650242 0.452500 0.661836 0.453500 0.672464 0.452000 0.678261 0.449000 0.689855 0.438000 0.694686 0.429000
0 0.707246 0.421500 0.697585 0.429500 0.691787 0.437000 0.690821 0.451500 0.695652 0.456500 0.707246 0.462500 0.723671 0.463000 0.737198 0.461500 0.743961 0.459500 0.757488 0.451500 0.760386 0.438500 0.763285 0.435000 0.753623 0.427500 0.745894 0.426000 0.731401 0.426500 0.723671 0.425000 0.716908 0.421500
0 0.630918 0.447000 0.602899 0.461500 0.597101 0.466500 0.594203 0.475500 0.600966 0.485000 0.607729 0.488500 0.623188 0.493000 0.637681 0.493500 0.648309 0.491500 0.657971 0.487500 0.663768 0.478500 0.664734 0.470500 0.660870 0.468000 0.656039 0.460000 0.644444 0.454500 0.639614 0.453500 0.633816 0.447500
0 0.603865 0.438000 0.594203 0.435500 0.572947 0.432500 0.563285 0.433000 0.554589 0.436000 0.546860 0.443000 0.542995 0.451000 0.542995 0.462000 0.549758 0.472500 0.565217 0.474000 0.578744 0.472000 0.590338 0.468500 0.606763 0.459000 0.611594 0.452500 0.610628 0.442500
0 0.538164 0.451000 0.520773 0.441500 0.514976 0.440000 0.503382 0.440000 0.491787 0.442500 0.484058 0.447000 0.475362 0.459000 0.475362 0.463500 0.480193 0.469000 0.496618 0.469000 0.530435 0.461500 0.541063 0.455500
0 0.433816 0.434000 0.420290 0.437000 0.407729 0.447000 0.408696 0.455000 0.416425 0.463000 0.426087 0.467500 0.456039 0.470500 0.460870 0.468500 0.477295 0.455500 0.477295 0.444000 0.468599 0.438000 0.457971 0.435000 0.451208 0.434000
0 0.374879 0.445000 0.367150 0.448000 0.357488 0.456500 0.354589 0.463000 0.355556 0.471000 0.361353 0.474500 0.373913 0.477500 0.400966 0.477500 0.411594 0.474500 0.416425 0.471500 0.414493 0.462500 0.406763 0.450000 0.401932 0.447000 0.392271 0.445000
0 0.372947 0.484500 0.358454 0.487500 0.344928 0.494000 0.340097 0.498500 0.339130 0.503000 0.344928 0.512000 0.356522 0.519500 0.371014 0.523000 0.383575 0.523500 0.389372 0.522000 0.400966 0.516000 0.404831 0.511000 0.408696 0.509000 0.409662 0.500000 0.405797 0.492500 0.399034 0.487500 0.390338 0.485000
0 0.467633 0.475500 0.440580 0.469500 0.432850 0.469500 0.423188 0.473000 0.408696 0.491000 0.410628 0.508500 0.412560 0.510000 0.421256 0.511000 0.427053 0.508000 0.446377 0.503000 0.464734 0.495000 0.469565 0.490500 0.471498 0.485000 0.470531 0.478500
0 0.530435 0.464500 0.527536 0.463500 0.514976 0.464500 0.507246 0.467000 0.485990 0.470000 0.473430 0.474500 0.473430 0.479500 0.478261 0.483500 0.479227 0.486500 0.485990 0.490500 0.500483 0.494500 0.527536 0.493500 0.540097 0.487000 0.542995 0.481500 0.540097 0.471500
0 0.578744 0.473500 0.570048 0.473500 0.551691 0.479000 0.544928 0.483000 0.531401 0.495000 0.528502 0.506500 0.536232 0.512000 0.545894 0.515000 0.554589 0.516000 0.570048 0.516000 0.580676 0.513500 0.591304 0.506000 0.594203 0.499000 0.593237 0.484500 0.584541 0.475500
0 0.160386 0.456500 0.145894 0.458500 0.134300 0.463000 0.127536 0.471000 0.127536 0.480500 0.129469 0.485000 0.138164 0.491500 0.145894 0.493000 0.156522 0.493000 0.163285 0.495000 0.169082 0.498500 0.174879 0.498000 0.178744 0.491000 0.189372 0.483000 0.191304 0.472500 0.185507 0.461500 0.177778 0.458000
0 0.100483 0.461000 0.090821 0.465000 0.079227 0.473000 0.073430 0.478500 0.072464 0.483500 0.076329 0.490000 0.084058 0.495500 0.100483 0.498000 0.112077 0.498000 0.122705 0.493500 0.129469 0.486500 0.125604 0.476500 0.125604 0.470500 0.123671 0.466000 0.116908 0.462500 0.111111 0.461000
0 0.269565 0.479500 0.260870 0.478500 0.230918 0.484500 0.219324 0.488000 0.211594 0.493000 0.208696 0.496500 0.209662 0.505500 0.216425 0.512000 0.226087 0.517500 0.235749 0.519000 0.248309 0.518500 0.262802 0.513000 0.274396 0.506000 0.278261 0.500500 0.280193 0.492500 0.285990 0.490500 0.286957 0.486000
0 0.057971 0.509500 0.057971 0.523500 0.064734 0.529500 0.075362 0.532000 0.085990 0.532000 0.115942 0.528500 0.130435 0.521500 0.142029 0.520000 0.144928 0.518500 0.143961 0.513000 0.124638 0.501000 0.112077 0.498500 0.089855 0.496500 0.078261 0.497000 0.066667 0.501000
0 0.182609 0.524000 0.165217 0.520500 0.136232 0.521000 0.127536 0.523000 0.119807 0.527000 0.115942 0.531500 0.114010 0.542000 0.118841 0.549000 0.128502 0.554000 0.136232 0.555500 0.143961 0.555500 0.167150 0.551500 0.183575 0.543500 0.195169 0.534500 0.194203 0.530000
0 0.217391 0.529000 0.204831 0.535500 0.203865 0.546500 0.206763 0.550500 0.219324 0.555500 0.239614 0.560500 0.253140 0.562000 0.260870 0.560500 0.267633 0.557000 0.276329 0.546000 0.277295 0.537000 0.274396 0.533500 0.261836 0.529000 0.239614 0.526000 0.228986 0.526500
0 0.316908 0.515500 0.311111 0.517000 0.298551 0.525000 0.291787 0.532500 0.292754 0.540500 0.305314 0.548000 0.314010 0.550500 0.337198 0.551500 0.351691 0.547500 0.357488 0.540500 0.357488 0.527000 0.351691 0.520000 0.343961 0.516500 0.333333 0.515000
0 0.380676 0.554000 0.360386 0.553000 0.352657 0.550500 0.343961 0.550500 0.338164 0.553000 0.336232 0.556500 0.324638 0.561000 0.319807 0.566500 0.320773 0.574500 0.328502 0.582000 0.336232 0.584500 0.352657 0.584500 0.378744 0.578500 0.384541 0.575500 0.388406 0.570000 0.388406 0.560500 0.385507 0.556500
0 0.302415 0.555500 0.284058 0.556000 0.268599 0.558000 0.255072 0.563000 0.253140 0.567000 0.254106 0.577000 0.263768 0.585500 0.274396 0.592000 0.284058 0.593500 0.291787 0.596500 0.300483 0.596000 0.312077 0.592000 0.323671 0.582500 0.323671 0.578500 0.319807 0.573000 0.318841 0.560500 0.310145 0.556500
0 0.230918 0.569500 0.221256 0.570000 0.213527 0.572500 0.201932 0.583000 0.198068 0.591000 0.199034 0.599000 0.202899 0.604500 0.212560 0.610500 0.219324 0.612000 0.237681 0.611500 0.256039 0.607000 0.268599 0.600500 0.271498 0.596500 0.271498 0.591500 0.256039 0.579000 0.238647 0.571000
0 0.204831 0.561000 0.194203 0.556500 0.171981 0.551500 0.140097 0.556500 0.136232 0.559000 0.130435 0.567500 0.130435 0.573000 0.134300 0.580500 0.140097 0.584000 0.148792 0.586000 0.158454 0.586000 0.169082 0.584000 0.186473 0.577500 0.204831 0.568000 0.206763 0.565000
0 0.070531 0.539500 0.066667 0.541000 0.055072 0.551500 0.054106 0.557500 0.058937 0.568500 0.072464 0.579000 0.085024 0.580500 0.102415 0.579500 0.114976 0.575500 0.127536 0.568500 0.129469 0.556500 0.111111 0.542000 0.105314 0.540500 0.082126 0.538500
0 0.106280 0.580500 0.069565 0.579500 0.057005 0.582500 0.049275 0.587500 0.047343 0.595000 0.050242 0.604500 0.053140 0.608500 0.067633 0.614500 0.078261 0.616000 0.086957 0.614500 0.096618 0.610500 0.110145 0.600500 0.114976 0.591000 0.113043 0.584500
0 0.132367 0.599500 0.122705 0.606000 0.122705 0.617500 0.129469 0.626500 0.141063 0.635000 0.148792 0.638000 0.163285 0.639000 0.173913 0.637500 0.185507 0.632500 0.196135 0.624500 0.198068 0.616000 0.193237 0.609000 0.182609 0.602500 0.169082 0.599000 0.150725 0.598000
0 0.085990 0.619500 0.075362 0.618500 0.055072 0.622000 0.041546 0.629000 0.036715 0.634000 0.035749 0.640500 0.037681 0.646000 0.044444 0.654500 0.045411 0.660500 0.051208 0.664500 0.057005 0.665000 0.078261 0.655500 0.095652 0.653500 0.102415 0.649500 0.102415 0.646000 0.097585 0.639000 0.100483 0.632500 0.099517 0.627500 0.095652 0.623500
0 0.135266 0.641500 0.122705 0.642000 0.108213 0.646500 0.095652 0.664500 0.095652 0.670500 0.098551 0.673000 0.107246 0.676500 0.122705 0.680000 0.133333 0.679500 0.150725 0.669000 0.149758 0.662000 0.152657 0.658000 0.151691 0.649500 0.142995 0.643000
0 0.043478 0.672500 0.038647 0.681500 0.037681 0.690000 0.041546 0.696000 0.049275 0.700000 0.073430 0.701500 0.093720 0.699500 0.106280 0.696000 0.117874 0.689000 0.119807 0.684500 0.115942 0.680000 0.087923 0.668000 0.067633 0.668000 0.055072 0.666500 0.049275 0.668000
0 0.083092 0.708500 0.075362 0.713000 0.071498 0.717500 0.072464 0.723500 0.080193 0.731500 0.086957 0.734500 0.105314 0.738000 0.128502 0.738500 0.136232 0.737500 0.141063 0.734500 0.144928 0.726500 0.144928 0.710000 0.142995 0.708000 0.127536 0.704000 0.114976 0.703500 0.094686 0.705500
0 0.047343 0.699500 0.043478 0.701000 0.039614 0.707500 0.041546 0.718000 0.056039 0.728500 0.063768 0.730000 0.073430 0.729500 0.075362 0.727500 0.069565 0.720500 0.069565 0.717500 0.085990 0.707500 0.094686 0.705000 0.095652 0.700500 0.094686 0.699500 0.086957 0.699500 0.080193 0.701000 0.063768 0.701500
0 0.200966 0.673500 0.178744 0.667000 0.153623 0.669000 0.130435 0.681000 0.129469 0.692000 0.133333 0.698000 0.137198 0.700000 0.146860 0.701500 0.155556 0.701500 0.170048 0.699000 0.186473 0.692500 0.196135 0.687000 0.201932 0.679000
0 0.200000 0.633500 0.185507 0.633500 0.168116 0.640500 0.152657 0.656500 0.150725 0.660500 0.152657 0.667000 0.159420 0.668000 0.168116 0.667500 0.204831 0.661000 0.217391 0.656500 0.220290 0.654000 0.219324 0.647500
0 0.261836 0.613500 0.243478 0.611500 0.213527 0.612500 0.207729 0.615000 0.200000 0.623000 0.200000 0.630000 0.207729 0.638500 0.215459 0.641000 0.221256 0.645000 0.232850 0.645500 0.250242 0.641000 0.263768 0.631500 0.267633 0.627500 0.267633 0.620500 0.265700 0.615500
0 0.290821 0.625500 0.280193 0.625500 0.271498 0.627500 0.256039 0.637000 0.250242 0.643000 0.247343 0.651500 0.260870 0.665000 0.286957 0.665000 0.291787 0.664000 0.304348 0.658500 0.318841 0.649000 0.319807 0.640500 0.316908 0.636000 0.304348 0.629500
0 0.325604 0.648500 0.318841 0.649000 0.295652 0.663000 0.288889 0.674500 0.288889 0.682000 0.292754 0.688500 0.296618 0.691000 0.311111 0.693500 0.332367 0.693000 0.343961 0.690000 0.354589 0.682500 0.359420 0.675000 0.356522 0.666500 0.342995 0.659500 0.338164 0.653500 0.333333 0.650500
0 0.391304 0.627000 0.380676 0.628000 0.353623 0.638000 0.342995 0.646500 0.341063 0.649500 0.342029 0.658000 0.353623 0.665000 0.363285 0.668000 0.378744 0.667500 0.381643 0.666000 0.382609 0.663000 0.394203 0.658500 0.399034 0.655000 0.400966 0.642000 0.397101 0.631500
0 0.428986 0.562500 0.416425 0.562500 0.405797 0.564000 0.391304 0.572000 0.384541 0.578000 0.383575 0.586500 0.385507 0.591500 0.390338 0.595000 0.396135 0.596000 0.401932 0.599000 0.404831 0.605500 0.412560 0.604500 0.416425 0.601500 0.427053 0.599500 0.439614 0.593000 0.443478 0.588000 0.445411 0.581500 0.444444 0.568500 0.439614 0.565000
0 0.393237 0.528000 0.380676 0.526500 0.359420 0.529000 0.357488 0.542000 0.355556 0.544000 0.355556 0.549500 0.359420 0.552000 0.364251 0.553000 0.380676 0.553000 0.400000 0.544500 0.400000 0.536500
0 0.405797 0.512500 0.397101 0.524000 0.397101 0.531000 0.402899 0.542000 0.409662 0.545500 0.418357 0.547500 0.433816 0.547500 0.444444 0.545500 0.454106 0.541000 0.458937 0.536000 0.464734 0.533500 0.459903 0.530000 0.457005 0.525000 0.445411 0.519000 0.443478 0.516500 0.436715 0.514000 0.416425 0.511500
0 0.482126 0.490000 0.470531 0.492500 0.454106 0.500500 0.444444 0.513000 0.444444 0.517000 0.447343 0.520000 0.464734 0.526000 0.477295 0.526500 0.485024 0.525000 0.490821 0.522500 0.495652 0.512000 0.494686 0.494500 0.487923 0.491000
0 0.515942 0.507000 0.504348 0.509500 0.496618 0.513000 0.492754 0.521000 0.494686 0.530000 0.517874 0.543000 0.528502 0.545000 0.532367 0.544500 0.545894 0.537000 0.548792 0.529000 0.547826 0.517000 0.527536 0.507000
0 0.462802 0.535000 0.454106 0.540500 0.452174 0.544500 0.454106 0.553500 0.461836 0.559500 0.472464 0.561500 0.494686 0.561500 0.507246 0.560000 0.511111 0.558500 0.515942 0.545000 0.510145 0.538500 0.502415 0.533500 0.496618 0.531500 0.481159 0.531000 0.472464 0.532000
0 0.571014 0.516500 0.564251 0.521000 0.560386 0.528000 0.560386 0.538500 0.563285 0.542000 0.571981 0.545500 0.578744 0.546500 0.586473 0.546000 0.601932 0.550500 0.610628 0.550500 0.616425 0.549000 0.618357 0.546000 0.616425 0.531000 0.612560 0.525500 0.600000 0.520500 0.590338 0.514500
0 0.670531 0.503000 0.660870 0.497500 0.655072 0.492000 0.634783 0.494000 0.616425 0.492500 0.606763 0.494500 0.597101 0.499000 0.593237 0.506000 0.593237 0.514000 0.595169 0.517000 0.600966 0.520500 0.625121 0.523500 0.660870 0.516000 0.670531 0.509000
0 0.686957 0.451500 0.673430 0.452000 0.659903 0.458500 0.660870 0.466000 0.671498 0.471000 0.673430 0.474000 0.666667 0.477000 0.659903 0.485500 0.659903 0.495000 0.665700 0.500500 0.675362 0.503500 0.696618 0.499500 0.706280 0.494500 0.709179 0.491000 0.716908 0.490500 0.723671 0.488500 0.725604 0.486500 0.723671 0.481500 0.713043 0.476500 0.710145 0.466500 0.699517 0.458000
0 0.716908 0.496500 0.708213 0.497000 0.681159 0.502500 0.677295 0.505000 0.675362 0.509000 0.677295 0.514000 0.691787 0.521500 0.707246 0.525500 0.715942 0.525500 0.726570 0.523000 0.730435 0.521000 0.734300 0.514500 0.734300 0.508000 0.731401 0.501000 0.725604 0.498000
0 0.776812 0.519500 0.752657 0.519500 0.737198 0.524000 0.733333 0.526500 0.730435 0.536500 0.734300 0.546000 0.738164 0.550500 0.749758 0.555000 0.771014 0.556000 0.778744 0.554500 0.788406 0.549000 0.796135 0.541500 0.796135 0.535500 0.792271 0.528000 0.785507 0.521500
0 0.672464 0.521000 0.662802 0.518500 0.654106 0.518000 0.633816 0.523500 0.621256 0.529500 0.617391 0.537000 0.621256 0.549500 0.628019 0.553500 0.639614 0.555500 0.656039 0.555500 0.670531 0.554000 0.681159 0.549000 0.681159 0.528000 0.679227 0.524500
0 0.666667 0.556000 0.646377 0.556000 0.633816 0.557500 0.621256 0.568000 0.617391 0.574000 0.618357 0.581500 0.626087 0.588500 0.637681 0.592500 0.652174 0.593500 0.662802 0.592500 0.677295 0.586000 0.684058 0.580500 0.684058 0.571000 0.682126 0.567500 0.670531 0.557500
0 0.619324 0.551500 0.601932 0.551000 0.587440 0.547500 0.565217 0.550500 0.560386 0.553000 0.555556 0.560500 0.557488 0.567500 0.565217 0.576000 0.571014 0.578500 0.587440 0.581500 0.613527 0.575000 0.618357 0.572500 0.623188 0.565000 0.624155 0.556000 0.622222 0.552500
0 0.536232 0.561000 0.520773 0.561000 0.508213 0.563000 0.496618 0.566500 0.486957 0.571500 0.485024 0.575500 0.486957 0.580000 0.492754 0.585500 0.502415 0.591000 0.515942 0.593000 0.528502 0.593000 0.537198 0.591000 0.545894 0.585500 0.548792 0.580500 0.548792 0.568500 0.544928 0.563500
0 0.503382 0.598000 0.485024 0.601500 0.472464 0.607000 0.468599 0.611500 0.468599 0.620000 0.474396 0.628000 0.483092 0.633000 0.496618 0.635500 0.514010 0.636000 0.526570 0.633000 0.539130 0.624500 0.543961 0.615000 0.543961 0.607000 0.540097 0.603500 0.531401 0.599500 0.521739 0.598000
0 0.412560 0.613500 0.406763 0.615500 0.404831 0.621000 0.397101 0.626500 0.400000 0.635500 0.407729 0.644500 0.417391 0.651500 0.426087 0.653500 0.444444 0.654000 0.456039 0.651500 0.470531 0.643500 0.477295 0.637000 0.477295 0.631000 0.466667 0.620000 0.455072 0.614500 0.439614 0.611000
0 0.495652 0.636500 0.476329 0.640500 0.460870 0.649500 0.459903 0.655000 0.465700 0.663500 0.479227 0.671000 0.490821 0.674000 0.504348 0.674500 0.514010 0.671500 0.529469 0.662500 0.530435 0.657500 0.521739 0.639500 0.514010 0.637500
0 0.559420 0.622500 0.550725 0.622500 0.540097 0.625500 0.531401 0.631000 0.525604 0.639000 0.525604 0.647000 0.533333 0.658500 0.540097 0.661000 0.548792 0.662000 0.558454 0.661500 0.566184 0.659500 0.578744 0.651500 0.585507 0.643000 0.586473 0.633500 0.584541 0.630000 0.576812 0.626500
0 0.625121 0.590500 0.617391 0.590500 0.609662 0.592000 0.601932 0.596000 0.594203 0.603500 0.585507 0.618500 0.585507 0.624500 0.591304 0.628000 0.611594 0.627500 0.625121 0.625500 0.637681 0.621500 0.647343 0.615000 0.649275 0.609000 0.646377 0.603500 0.631884 0.593000
0 0.714010 0.590500 0.700483 0.587000 0.678261 0.588000 0.663768 0.592500 0.657971 0.596000 0.654106 0.601000 0.655072 0.611500 0.658937 0.615500 0.668599 0.619500 0.675362 0.620500 0.694686 0.620000 0.710145 0.617000 0.724638 0.608500 0.728502 0.603500 0.726570 0.598500
0 0.714976 0.623000 0.705314 0.620000 0.698551 0.619500 0.690821 0.620500 0.667633 0.620500 0.651208 0.624000 0.644444 0.628500 0.643478 0.634500 0.647343 0.643000 0.657005 0.652000 0.666667 0.655000 0.681159 0.655000 0.692754 0.653000 0.710145 0.645500 0.714976 0.638000 0.721739 0.632000 0.720773 0.626500
0 0.732367 0.630000 0.719807 0.635000 0.714010 0.641000 0.712077 0.648000 0.714976 0.653000 0.724638 0.660000 0.744928 0.663500 0.759420 0.663500 0.767150 0.658500 0.770048 0.652500 0.767150 0.634500 0.754589 0.629000
0 0.769082 0.605500 0.755556 0.610500 0.749758 0.615000 0.748792 0.620000 0.754589 0.628500 0.771014 0.636500 0.787440 0.639500 0.798068 0.639000 0.801932 0.634000 0.801932 0.620500 0.798068 0.611500 0.790338 0.607000 0.781643 0.605500
0 0.592271 0.649500 0.592271 0.654500 0.599034 0.659500 0.614493 0.667000 0.631884 0.672000 0.647343 0.671500 0.652174 0.670000 0.654106 0.650500 0.644444 0.641000 0.627053 0.639000 0.617391 0.639500 0.605797 0.642500
0 0.657971 0.655500 0.653140 0.662000 0.653140 0.672000 0.656039 0.674000 0.656039 0.681500 0.664734 0.682500 0.694686 0.679500 0.699517 0.676500 0.708213 0.667000 0.706280 0.662000 0.693720 0.654500 0.661836 0.654500
0 0.755556 0.665500 0.734300 0.661500 0.722705 0.661500 0.706280 0.669500 0.696618 0.679500 0.698551 0.689000 0.697585 0.697500 0.706280 0.700000 0.717874 0.700500 0.748792 0.693500 0.757488 0.689500 0.765217 0.682000 0.766184 0.677000 0.757488 0.669500
0 0.754589 0.694500 0.742029 0.695000 0.708213 0.703000 0.704348 0.708500 0.704348 0.717000 0.707246 0.725000 0.715942 0.731500 0.730435 0.734000 0.748792 0.734000 0.757488 0.732000 0.772947 0.723000 0.780676 0.714000 0.780676 0.709000 0.773913 0.704000 0.763285 0.701500 0.759420 0.697000
0 0.685990 0.681500 0.676329 0.681500 0.668599 0.683000 0.657971 0.687000 0.647343 0.693000 0.642512 0.700000 0.643478 0.707500 0.647343 0.712000 0.663768 0.717500 0.672464 0.719000 0.680193 0.719000 0.695652 0.715000 0.703382 0.708000 0.703382 0.700500 0.696618 0.696000 0.696618 0.685500 0.693720 0.683500
0 0.702415 0.717500 0.692754 0.716000 0.680193 0.719000 0.661836 0.718500 0.651208 0.727500 0.648309 0.735000 0.649275 0.743000 0.657005 0.748000 0.669565 0.750500 0.697585 0.750500 0.706280 0.749000 0.718841 0.744000 0.720773 0.735500 0.718841 0.733000 0.711111 0.729000
0 0.556522 0.706000 0.544928 0.712500 0.541063 0.717000 0.539130 0.728500 0.542029 0.732500 0.549758 0.736500 0.559420 0.738000 0.575845 0.738500 0.593237 0.736000 0.600966 0.732500 0.606763 0.725500 0.605797 0.721000 0.601932 0.718500 0.596135 0.710500 0.582609 0.705500 0.565217 0.704500
0 0.634783 0.684000 0.612560 0.683500 0.605797 0.684500 0.599034 0.687500 0.595169 0.692500 0.599034 0.714000 0.603865 0.720000 0.617391 0.727500 0.625121 0.726500 0.637681 0.720000 0.643478 0.713500 0.643478 0.688500 0.641546 0.686000
0 0.563285 0.660500 0.546860 0.663500 0.538164 0.667500 0.533333 0.673500 0.531401 0.683000 0.538164 0.693500 0.545894 0.697500 0.558454 0.700500 0.570048 0.700500 0.582609 0.698000 0.592271 0.694000 0.599034 0.687000 0.599034 0.680000 0.588406 0.667500 0.571981 0.661500
0 0.527536 0.684500 0.504348 0.676500 0.479227 0.676500 0.472464 0.677500 0.459903 0.681500 0.457005 0.686000 0.457971 0.699500 0.463768 0.704000 0.471498 0.707000 0.482126 0.707000 0.514010 0.699500 0.521739 0.695500 0.528502 0.690000
0 0.383575 0.662500 0.381643 0.666000 0.391304 0.678000 0.420290 0.685500 0.443478 0.685000 0.452174 0.682500 0.459903 0.677500 0.464734 0.670000 0.464734 0.665000 0.457971 0.657500 0.451208 0.655000 0.421256 0.653000 0.402899 0.654000 0.395169 0.659000
0 0.389372 0.677500 0.380676 0.680500 0.368116 0.691500 0.366184 0.702500 0.369082 0.709000 0.378744 0.716000 0.397101 0.717500 0.417391 0.714500 0.425121 0.709500 0.431884 0.700000 0.426087 0.688000
0 0.362319 0.691000 0.350725 0.690000 0.323671 0.694500 0.305314 0.695500 0.289855 0.708500 0.290821 0.718000 0.305314 0.726500 0.317874 0.730000 0.329469 0.729500 0.342029 0.725000 0.343961 0.720500 0.348792 0.717500 0.356522 0.716000 0.364251 0.709000 0.365217 0.693000
0 0.282126 0.688500 0.274396 0.687500 0.250242 0.687500 0.236715 0.691000 0.233816 0.695500 0.233816 0.709500 0.237681 0.715000 0.245411 0.719500 0.253140 0.721000 0.259903 0.720500 0.277295 0.715000 0.286957 0.710500 0.293720 0.702500 0.293720 0.699500 0.287923 0.690500
0 0.168116 0.701000 0.169082 0.705500 0.181643 0.717500 0.200000 0.722500 0.208696 0.722500 0.228986 0.719500 0.234783 0.717000 0.233816 0.693000 0.225121 0.688500 0.219324 0.687500 0.200000 0.687500 0.175845 0.696500
0 0.134300 0.701000 0.132367 0.705000 0.138164 0.706000 0.142995 0.708500 0.145894 0.712500 0.143961 0.729000 0.137198 0.737000 0.145894 0.738500 0.155556 0.738500 0.170048 0.733500 0.175845 0.730000 0.180676 0.725000 0.180676 0.717000 0.166184 0.704000 0.157488 0.702000
0 0.208696 0.723000 0.194203 0.727500 0.189372 0.732000 0.190338 0.735500 0.201932 0.747000 0.214493 0.753000 0.223188 0.755500 0.232850 0.756000 0.249275 0.752500 0.262802 0.745000 0.261836 0.732000 0.258937 0.727000 0.232850 0.721500 0.221256 0.721500
0 0.184541 0.733000 0.177778 0.732500 0.168116 0.734000 0.150725 0.741000 0.146860 0.746000 0.143961 0.756000 0.151691 0.764000 0.162319 0.770000 0.176812 0.769000 0.187440 0.764000 0.197101 0.743500 0.192271 0.737000
0 0.284058 0.721000 0.273430 0.724500 0.262802 0.730500 0.263768 0.744500 0.268599 0.751000 0.273430 0.754000 0.280193 0.755000 0.296618 0.754500 0.314010 0.749000 0.318841 0.744000 0.320773 0.735000 0.292754 0.721000
0 0.347826 0.718500 0.344928 0.720500 0.343961 0.724500 0.332367 0.730500 0.331401 0.742000 0.334300 0.747000 0.341063 0.751000 0.351691 0.754000 0.365217 0.755500 0.375845 0.755500 0.386473 0.754000 0.392271 0.751500 0.395169 0.747500 0.374879 0.718500 0.366184 0.717000
0 0.397101 0.718000 0.390338 0.720500 0.386473 0.724500 0.386473 0.732500 0.392271 0.744000 0.396135 0.748000 0.403865 0.751000 0.422222 0.750500 0.428986 0.747500 0.432850 0.744000 0.437681 0.736500 0.436715 0.732000 0.428019 0.727000 0.417391 0.718000 0.412560 0.717000
0 0.451208 0.700000 0.444444 0.700500 0.433816 0.704000 0.422222 0.711500 0.420290 0.716000 0.424155 0.723500 0.440580 0.733500 0.442512 0.736500 0.449275 0.738500 0.453140 0.738000 0.460870 0.732500 0.466667 0.732500 0.465700 0.724000 0.471498 0.713000 0.470531 0.707500 0.458937 0.701000
0 0.512077 0.702000 0.502415 0.702500 0.481159 0.707000 0.473430 0.711000 0.465700 0.722500 0.465700 0.729000 0.467633 0.731500 0.476329 0.736000 0.490821 0.738500 0.506280 0.738500 0.515942 0.737000 0.536232 0.729500 0.536232 0.724000 0.532367 0.721000 0.524638 0.709000
0 0.798068 0.720000 0.785507 0.716000 0.777778 0.717000 0.772947 0.722500 0.754589 0.733000 0.732367 0.735500 0.727536 0.740000 0.728502 0.744000 0.738164 0.746000 0.772947 0.749500 0.790338 0.748500 0.800000 0.746500 0.805797 0.743000 0.807729 0.736000
0 0.851208 0.707500 0.829952 0.708000 0.820290 0.710000 0.805797 0.716500 0.802899 0.720500 0.802899 0.726000 0.806763 0.733000 0.812560 0.737000 0.828986 0.742500 0.839614 0.743000 0.849275 0.740500 0.866667 0.721000 0.865700 0.714000 0.856039 0.708500
0 0.790338 0.679000 0.781643 0.684500 0.779710 0.694000 0.782609 0.698000 0.791304 0.702500 0.803865 0.706500 0.820290 0.709000 0.840580 0.707500 0.845411 0.706000 0.850242 0.697500 0.851208 0.689000 0.848309 0.685000 0.839614 0.679500 0.831884 0.676500 0.819324 0.674000 0.808696 0.674500
0 0.806763 0.649500 0.800000 0.648000 0.787440 0.648000 0.777778 0.650000 0.771981 0.653000 0.762319 0.665500 0.762319 0.670500 0.769082 0.676500 0.773913 0.677500 0.793237 0.677500 0.815459 0.673500 0.820290 0.671500 0.819324 0.666000 0.812560 0.658000 0.813527 0.653500
0 0.828986 0.639500 0.821256 0.644000 0.814493 0.654000 0.818357 0.666000 0.823188 0.670500 0.831884 0.674000 0.841546 0.676000 0.855072 0.676000 0.863768 0.673500 0.875362 0.666500 0.875362 0.663500 0.879227 0.658500 0.877295 0.652500 0.868599 0.644500 0.853140 0.641500
0 0.841546 0.607500 0.834783 0.609000 0.826087 0.614500 0.819324 0.623500 0.819324 0.630500 0.824155 0.635000 0.835749 0.640000 0.842512 0.641500 0.853140 0.641500 0.864734 0.639000 0.878261 0.632000 0.883092 0.621500 0.883092 0.615500 0.866667 0.608500 0.859903 0.607500
0 0.883092 0.574500 0.877295 0.577500 0.871498 0.585000 0.870531 0.592000 0.874396 0.599000 0.888889 0.606500 0.904348 0.608500 0.922705 0.609000 0.928502 0.606500 0.936232 0.599000 0.936232 0.595500 0.930435 0.585500 0.916908 0.578000 0.908213 0.575000 0.895652 0.573500
0 0.981643 0.533500 0.979710 0.533500 0.977778 0.537000 0.971981 0.539500 0.965217 0.539500 0.959420 0.541500 0.942029 0.540500 0.919807 0.542000 0.908213 0.544500 0.901449 0.547500 0.897585 0.552000 0.897585 0.558500 0.903382 0.570500 0.910145 0.575500 0.927536 0.581500 0.939130 0.582000 0.951691 0.578500 0.972947 0.569000 0.974879 0.565500 0.984541 0.559000 0.986473 0.552000 0.990338 0.549000 0.987440 0.545000 0.987440 0.541000
0 0.873430 0.533000 0.864734 0.530500 0.851208 0.530000 0.835749 0.532500 0.824155 0.536000 0.811594 0.542000 0.802899 0.552000 0.804831 0.558000 0.815459 0.561500 0.831884 0.563000 0.836715 0.564500 0.858937 0.564500 0.875362 0.561000 0.881159 0.556500 0.882126 0.550000
0 0.940097 0.583500 0.932367 0.587000 0.935266 0.599500 0.924638 0.607000 0.924638 0.611500 0.930435 0.612500 0.965217 0.612000 0.969082 0.610000 0.973913 0.604000 0.965217 0.587000 0.956522 0.583500
0 0.995169 0.582500 0.987440 0.584500 0.980676 0.590500 0.977778 0.598000 0.977778 0.607500 0.980676 0.616000 0.996135 0.625000 1.000000 0.625000 1.000000 0.582500
0 0.966184 0.615000 0.957488 0.615000 0.952657 0.619000 0.936232 0.626500 0.928502 0.642500 0.929469 0.649500 0.939130 0.658500 0.958454 0.662500 0.971014 0.662000 0.975845 0.660000 0.982609 0.654500 0.986473 0.644500 0.986473 0.627000 0.974879 0.621000 0.971014 0.616500
0 0.918841 0.626000 0.910145 0.625500 0.891787 0.629500 0.880193 0.635500 0.873430 0.642000 0.873430 0.647000 0.883092 0.655500 0.890821 0.658500 0.901449 0.659000 0.918841 0.656500 0.925604 0.651000 0.928502 0.643500 0.928502 0.633500 0.923671 0.628000
0 0.906280 0.663500 0.903382 0.665000 0.903382 0.671500 0.909179 0.680500 0.919807 0.688000 0.933333 0.694500 0.942029 0.695500 0.952657 0.695500 0.956522 0.694500 0.967150 0.688500 0.975845 0.678000 0.975845 0.672500 0.971014 0.668000 0.961353 0.663500 0.934300 0.659000 0.924638 0.659000 0.914010 0.662500
0 0.993237 0.651500 0.988406 0.653500 0.978744 0.664500 0.977778 0.671000 0.979710 0.674500 0.990338 0.680500 1.000000 0.681500 1.000000 0.651500
0 0.996135 0.681500 0.984541 0.686500 0.971981 0.696500 0.971981 0.700000 0.984541 0.711500 0.995169 0.716000 1.000000 0.716000 1.000000 0.681500
0 0.994203 0.717500 0.982609 0.720000 0.969082 0.732000 0.969082 0.736500 0.972947 0.741000 0.980676 0.745000 0.996135 0.749000 1.000000 0.749000 1.000000 0.717500
0 0.933333 0.696000 0.908213 0.708000 0.906280 0.710500 0.907246 0.718500 0.918841 0.728500 0.930435 0.733500 0.940097 0.735500 0.963285 0.734500 0.977778 0.725500 0.982609 0.718000 0.982609 0.713000 0.968116 0.699500 0.948792 0.696000
0 0.905314 0.679000 0.893720 0.677500 0.867633 0.679000 0.860870 0.681000 0.853140 0.686500 0.851208 0.694000 0.855072 0.703500 0.858937 0.707500 0.873430 0.714500 0.883092 0.713500 0.905314 0.708500 0.918841 0.701500 0.920773 0.697500 0.919807 0.688500 0.910145 0.681000
0 0.872464 0.719500 0.861836 0.728500 0.859903 0.734000 0.863768 0.740500 0.873430 0.745500 0.900483 0.749500 0.914010 0.749500 0.931401 0.744500 0.933333 0.739500 0.929469 0.733500 0.916908 0.728000 0.905314 0.719000 0.890821 0.717000 0.881159 0.717000
0 0.996135 0.522000 0.987440 0.526500 0.987440 0.535500 0.991304 0.541000 0.996135 0.543500 1.000000 0.543500 1.000000 0.522000
0 0.985507 0.493500 0.963285 0.493500 0.955556 0.496500 0.951691 0.500000 0.948792 0.507500 0.949758 0.519500 0.959420 0.528000 0.983575 0.526500 0.997101 0.521500 1.000000 0.521500 1.000000 0.498000 0.997101 0.498000
0 0.995169 0.464500 0.971014 0.474000 0.967150 0.480000 0.970048 0.484500 0.985507 0.492500 0.996135 0.496000 1.000000 0.496000 1.000000 0.464500
0 0.841546 0.503000 0.840580 0.507000 0.842512 0.509500 0.860870 0.517000 0.874396 0.521000 0.884058 0.521500 0.890821 0.520000 0.913043 0.519000 0.914976 0.518000 0.914010 0.509500 0.910145 0.504500 0.898551 0.499000 0.885990 0.496000 0.871498 0.494000 0.857971 0.494000 0.847343 0.498000
0 0.809662 0.423000 0.799034 0.425500 0.783575 0.435500 0.781643 0.439000 0.782609 0.447500 0.796135 0.456000 0.805797 0.459000 0.830918 0.459500 0.837681 0.457000 0.847343 0.448500 0.849275 0.445000 0.848309 0.438500 0.837681 0.430000 0.826087 0.424000 0.819324 0.422500
0 0.762319 0.393000 0.754589 0.392000 0.730435 0.393000 0.712077 0.398500 0.710145 0.401000 0.711111 0.408000 0.725604 0.419500 0.726570 0.425000 0.739130 0.425500 0.743961 0.424500 0.769082 0.412500 0.771981 0.402500 0.768116 0.396000
0 0.735266 0.362500 0.732367 0.365000 0.735266 0.375500 0.743961 0.382500 0.759420 0.390500 0.771981 0.395000 0.783575 0.396500 0.787440 0.395500 0.796135 0.390500 0.805797 0.381000 0.805797 0.375500 0.800000 0.366000 0.784541 0.361500 0.771981 0.360000 0.760386 0.360000
0 0.716908 0.329000 0.714010 0.330500 0.713043 0.333500 0.714976 0.339500 0.705314 0.347000 0.702415 0.353000 0.706280 0.357500 0.730435 0.362000 0.746860 0.361500 0.760386 0.359000 0.766184 0.355000 0.769082 0.350000 0.768116 0.341500 0.764251 0.333500 0.746860 0.329000 0.727536 0.328000
0 0.803865 0.320000 0.796135 0.320000 0.775845 0.323500 0.767150 0.332500 0.769082 0.342500 0.775845 0.350000 0.784541 0.354500 0.792271 0.355000 0.806763 0.352500 0.828986 0.342500 0.830918 0.340000 0.832850 0.329500 0.829952 0.326500
0 0.890821 0.329500 0.879227 0.326000 0.853140 0.322000 0.841546 0.324000 0.834783 0.328500 0.832850 0.334000 0.832850 0.341000 0.838647 0.349500 0.844444 0.352000 0.856039 0.352500 0.878261 0.346000 0.885024 0.342000 0.891787 0.335000
0 0.897585 0.331500 0.884058 0.344500 0.884058 0.347000 0.887923 0.350500 0.894686 0.354000 0.913043 0.357000 0.934300 0.357500 0.942029 0.356500 0.946860 0.353500 0.947826 0.348500 0.936232 0.333500 0.921739 0.328500 0.911111 0.328500
0 0.943961 0.317000 0.939130 0.327000 0.939130 0.336500 0.950725 0.348000 0.958454 0.350000 0.972947 0.350500 1.000000 0.343000 1.000000 0.326500 0.995169 0.325500 0.990338 0.320500 0.984541 0.317500 0.966184 0.315000 0.948792 0.315000
0 1.000000 0.354500 0.983575 0.353500 0.968116 0.354500 0.956522 0.358000 0.949758 0.364000 0.949758 0.377500 0.952657 0.383500 0.968116 0.391000 0.980676 0.393500 1.000000 0.391500
0 0.964251 0.422500 0.958454 0.421500 0.935266 0.422000 0.927536 0.424000 0.920773 0.429000 0.917874 0.436000 0.921739 0.444000 0.928502 0.451500 0.936232 0.454500 0.943961 0.455000 0.965217 0.449000 0.971014 0.445000 0.973913 0.427500
0 0.950725 0.383000 0.927536 0.383000 0.919807 0.385000 0.913043 0.389000 0.908213 0.403000 0.910145 0.410000 0.914010 0.413500 0.925604 0.418500 0.937198 0.418500 0.951691 0.415500 0.971014 0.405500 0.973913 0.399000 0.972947 0.393500
0 0.884058 0.375500 0.862802 0.376500 0.846377 0.380500 0.843478 0.383000 0.840580 0.393000 0.845411 0.401500 0.855072 0.409000 0.866667 0.411500 0.876329 0.412000 0.891787 0.409500 0.904348 0.404500 0.910145 0.400000 0.908213 0.387000 0.893720 0.378500
0 0.898551 0.410500 0.887923 0.410500 0.869565 0.413500 0.861836 0.418000 0.858937 0.422000 0.857971 0.430000 0.861836 0.440000 0.864734 0.443000 0.882126 0.450500 0.892754 0.450000 0.905314 0.443500 0.914976 0.435000 0.921739 0.424000 0.919807 0.420000 0.908213 0.412000
0 0.830918 0.391500 0.820290 0.389000 0.802899 0.390000 0.773913 0.405500 0.770048 0.411500 0.771014 0.415000 0.782609 0.422500 0.800000 0.424500 0.815459 0.422000 0.822222 0.422000 0.829952 0.419500 0.835749 0.397500 0.834783 0.394000
0 0.820290 0.348500 0.808696 0.353000 0.802899 0.363500 0.802899 0.370000 0.809662 0.379000 0.828986 0.382500 0.839614 0.382500 0.862802 0.374500 0.865700 0.370500 0.865700 0.364000 0.854106 0.354000 0.833816 0.348500
0 0.889855 0.355000 0.885024 0.357000 0.880193 0.365000 0.883092 0.371000 0.888889 0.376500 0.907246 0.384000 0.914976 0.384500 0.927536 0.381500 0.937198 0.376500 0.944928 0.369000 0.947826 0.362500 0.945894 0.358500 0.941063 0.357000 0.920773 0.357500 0.899517 0.354500
0 0.695652 0.310500 0.692754 0.314000 0.693720 0.316500 0.709179 0.325000 0.731401 0.328500 0.745894 0.328500 0.755556 0.325000 0.760386 0.320000 0.763285 0.311500 0.762319 0.307000 0.758454 0.302500 0.747826 0.299000 0.722705 0.300500 0.707246 0.305000
0 0.780676 0.284500 0.770048 0.287000 0.763285 0.291000 0.760386 0.303000 0.769082 0.314000 0.774879 0.317000 0.781643 0.318000 0.785507 0.320000 0.793237 0.320500 0.804831 0.318500 0.817391 0.311000 0.816425 0.294500 0.811594 0.289500 0.802899 0.286000 0.791304 0.284000
0 0.768116 0.250000 0.751691 0.254500 0.743961 0.259000 0.738164 0.266500 0.739130 0.272000 0.744928 0.278000 0.751691 0.280500 0.766184 0.282000 0.786473 0.281500 0.793237 0.279500 0.800000 0.272500 0.801932 0.268500 0.800966 0.260500 0.797101 0.257000 0.786473 0.253000
0 0.737198 0.224000 0.727536 0.226000 0.722705 0.228500 0.720773 0.231000 0.721739 0.240000 0.726570 0.246500 0.736232 0.252000 0.745894 0.254000 0.753623 0.254000 0.765217 0.250500 0.774879 0.244500 0.778744 0.240000 0.778744 0.231500 0.747826 0.223500
0 0.805797 0.197500 0.800966 0.196500 0.788406 0.197000 0.763285 0.203000 0.757488 0.206000 0.751691 0.212000 0.749758 0.219000 0.750725 0.224500 0.753623 0.226000 0.767150 0.228500 0.778744 0.229000 0.793237 0.227500 0.809662 0.222500 0.816425 0.219000 0.820290 0.212500
0 0.788406 0.167500 0.779710 0.165500 0.768116 0.165500 0.755556 0.170000 0.750725 0.177000 0.737198 0.186000 0.734300 0.193500 0.728502 0.198000 0.728502 0.201500 0.730435 0.202500 0.739130 0.203500 0.753623 0.201000 0.768116 0.200500 0.780676 0.197500 0.792271 0.192000 0.800000 0.186500 0.803865 0.181500 0.801932 0.177000
0 0.692754 0.152000 0.686957 0.162000 0.686957 0.174000 0.692754 0.181000 0.708213 0.189500 0.716908 0.189000 0.731401 0.184000 0.736232 0.183500 0.742995 0.180000 0.750725 0.171500 0.750725 0.165500 0.739130 0.158000 0.718841 0.153500
0 0.797101 0.149000 0.790338 0.153000 0.788406 0.166500 0.801932 0.176000 0.806763 0.177000 0.837681 0.177000 0.855072 0.171000 0.860870 0.166500 0.863768 0.162500 0.862802 0.158500 0.849275 0.149500 0.837681 0.146500 0.826087 0.145500 0.811594 0.145500
0 0.868599 0.162000 0.860870 0.167000 0.854106 0.181000 0.859903 0.186000 0.867633 0.188500 0.885990 0.189000 0.899517 0.188000 0.908213 0.185500 0.913043 0.182500 0.916908 0.175500 0.914976 0.172000 0.903382 0.163000 0.892754 0.159500 0.881159 0.159500
0 0.905314 0.187000 0.896618 0.192000 0.894686 0.196500 0.897585 0.201000 0.901449 0.203000 0.912077 0.206000 0.934300 0.216000 0.950725 0.217000 0.961353 0.213500 0.969082 0.205500 0.970048 0.189500 0.966184 0.186500 0.958454 0.184000 0.949758 0.183500 0.932367 0.185500 0.912077 0.185500
0 0.995169 0.166500 0.988406 0.168000 0.968116 0.177000 0.968116 0.180000 0.972947 0.189000 0.994203 0.198500 1.000000 0.199000 1.000000 0.166500
0 0.995169 0.200000 0.971981 0.205500 0.962319 0.212500 0.962319 0.216500 0.965217 0.221500 0.982609 0.234500 0.987440 0.237000 0.995169 0.239000 1.000000 0.239000 1.000000 0.200000
0 0.957488 0.233500 0.953623 0.235500 0.944928 0.246000 0.944928 0.251500 0.951691 0.258500 0.963285 0.261500 0.974879 0.261500 1.000000 0.259000 1.000000 0.240000 0.987440 0.237000 0.979710 0.233000 0.974879 0.232000 0.965217 0.232000
0 0.943961 0.226000 0.935266 0.225500 0.916908 0.228000 0.897585 0.234500 0.892754 0.239000 0.891787 0.245000 0.893720 0.247500 0.900483 0.250500 0.918841 0.255500 0.928502 0.256000 0.938164 0.252500 0.941063 0.244500 0.950725 0.233500 0.949758 0.228500
0 0.871498 0.199500 0.862802 0.202000 0.847343 0.210000 0.845411 0.221500 0.848309 0.224500 0.858937 0.230500 0.863768 0.231500 0.891787 0.232500 0.903382 0.230500 0.913043 0.226500 0.917874 0.221000 0.914010 0.208500 0.888889 0.199000 0.880193 0.198500
0 0.829952 0.177000 0.811594 0.178500 0.805797 0.191000 0.806763 0.197000 0.816425 0.207000 0.822222 0.210000 0.827053 0.210500 0.840580 0.209500 0.851208 0.207000 0.862802 0.201500 0.864734 0.198000 0.864734 0.191000 0.859903 0.186000 0.846377 0.180000
0 0.813527 0.222500 0.797101 0.227000 0.787440 0.231000 0.782609 0.235000 0.780676 0.241000 0.782609 0.243500 0.798068 0.251500 0.804831 0.253000 0.824155 0.253000 0.839614 0.245000 0.844444 0.235500 0.836715 0.227500 0.823188 0.223000
0 0.878261 0.232500 0.862802 0.232500 0.852174 0.234000 0.847343 0.235500 0.843478 0.240500 0.846377 0.256500 0.859903 0.265500 0.868599 0.266000 0.885990 0.260000 0.891787 0.252500 0.891787 0.236000
0 0.828986 0.254000 0.817391 0.257000 0.806763 0.263000 0.800966 0.276000 0.805797 0.281500 0.811594 0.284000 0.833816 0.289500 0.848309 0.289500 0.854106 0.286000 0.858937 0.280000 0.859903 0.267000 0.852174 0.260000 0.840580 0.255000
0 0.885024 0.260500 0.869565 0.265000 0.860870 0.270500 0.857971 0.283000 0.859903 0.287500 0.869565 0.293500 0.882126 0.297000 0.897585 0.298000 0.911111 0.296500 0.914976 0.295000 0.922705 0.285000 0.922705 0.277500 0.918841 0.270500 0.906280 0.262500 0.892754 0.260000
0 0.932367 0.256500 0.927536 0.257500 0.919807 0.262000 0.916908 0.268000 0.926570 0.280500 0.933333 0.283000 0.944928 0.283000 0.952657 0.281000 0.963285 0.276000 0.968116 0.270500 0.968116 0.266500 0.949758 0.257000
0 0.965217 0.276500 0.958454 0.278000 0.941063 0.285000 0.936232 0.290500 0.935266 0.296000 0.939130 0.301500 0.955556 0.307000 0.974879 0.309000 0.986473 0.306500 0.997101 0.300500 1.000000 0.300500 1.000000 0.295500 0.996135 0.295000 0.995169 0.291000 0.981643 0.279500
0 0.994203 0.261000 0.979710 0.263000 0.973913 0.268000 0.985507 0.283000 0.994203 0.290000 1.000000 0.290500 1.000000 0.261000
0 0.926570 0.298000 0.916908 0.296500 0.892754 0.298000 0.880193 0.302500 0.876329 0.306500 0.874396 0.314500 0.879227 0.324000 0.885990 0.328000 0.897585 0.330500 0.908213 0.329000 0.919807 0.325000 0.934300 0.317000 0.940097 0.311000 0.942029 0.306000
0 0.846377 0.290500 0.835749 0.290500 0.828019 0.292500 0.821256 0.296000 0.818357 0.300000 0.819324 0.308000 0.826087 0.315000 0.828019 0.320500 0.831884 0.323500 0.836715 0.324500 0.852174 0.321000 0.869565 0.313000 0.874396 0.307000 0.874396 0.302500 0.869565 0.297000 0.862802 0.293500
0 0.455072 0.005500 0.455072 0.010000 0.458937 0.014000 0.477295 0.022000 0.491787 0.024500 0.505314 0.024500 0.514010 0.022000 0.532367 0.010000 0.517874 0.003500 0.502415 0.002000 0.501449 0.000000 0.473430 0.000000 0.472464 0.002000
0 0.995169 0.391500 0.982609 0.393500 0.977778 0.395500 0.970048 0.407500 0.970048 0.412000 0.972947 0.419000 0.980676 0.423500 0.989372 0.425500 1.000000 0.426000 1.000000 0.391500
0 0.996135 0.427000 0.984541 0.430500 0.976812 0.434500 0.972947 0.438500 0.971981 0.446000 0.980676 0.453000 0.995169 0.459000 1.000000 0.459000 1.000000 0.427000
0 0.110145 0.005000 0.091787 0.005500 0.090821 0.009000 0.086957 0.011000 0.068599 0.015000 0.058937 0.019500 0.056039 0.023500 0.057005 0.033500 0.069565 0.040000 0.085990 0.043000 0.102415 0.043000 0.116908 0.039000 0.123671 0.035500 0.129469 0.029500 0.129469 0.017500 0.119807 0.012500
0 0.113043 0.000000 0.114976 0.006000 0.124638 0.013500 0.138164 0.018500 0.152657 0.019500 0.162319 0.022500 0.171981 0.023500 0.180676 0.022000 0.189372 0.015500 0.194203 0.000000
0 0.235749 0.000000 0.216425 0.000000 0.216425 0.001500 0.191304 0.013500 0.180676 0.028000 0.181643 0.033500 0.191304 0.039000 0.215459 0.043500 0.230918 0.043000 0.241546 0.039500 0.250242 0.034500 0.254106 0.030500 0.255072 0.021000 0.252174 0.015500 0.243478 0.009000
0 0.137198 0.018500 0.132367 0.022000 0.131401 0.029000 0.121739 0.037500 0.121739 0.045000 0.131401 0.052000 0.141063 0.055000 0.164251 0.055000 0.179710 0.048000 0.183575 0.043500 0.183575 0.035500 0.172947 0.026500 0.161353 0.023000 0.155556 0.019500 0.150725 0.018500
0 0.233816 0.044000 0.215459 0.044500 0.200966 0.047000 0.196135 0.049000 0.191304 0.056000 0.191304 0.061000 0.200000 0.071000 0.206763 0.075000 0.223188 0.078500 0.231884 0.078000 0.241546 0.075500 0.248309 0.071500 0.253140 0.064000 0.254106 0.056500 0.251208 0.049500 0.244444 0.046000
0 0.179710 0.057500 0.161353 0.058000 0.147826 0.067500 0.142029 0.075500 0.145894 0.087500 0.162319 0.095000 0.169082 0.093000 0.169082 0.086000 0.173913 0.082500 0.192271 0.080500 0.200000 0.076500 0.200000 0.071500 0.184541 0.059000
0 0.087923 0.047000 0.075362 0.055500 0.071498 0.060000 0.070531 0.069000 0.075362 0.073000 0.085990 0.077000 0.099517 0.079000 0.113043 0.079000 0.139130 0.075000 0.142029 0.073000 0.142029 0.067000 0.137198 0.054000 0.122705 0.047000 0.114976 0.045500 0.100483 0.044500
0 0.057971 0.084500 0.057005 0.090000 0.058937 0.095500 0.063768 0.100000 0.069565 0.103000 0.076329 0.104500 0.088889 0.104000 0.117874 0.098000 0.125604 0.098500 0.132367 0.095500 0.136232 0.089500 0.134300 0.085500 0.125604 0.079500 0.102415 0.080500 0.082126 0.076500 0.066667 0.078500
0 0.174879 0.082500 0.171014 0.086500 0.170048 0.092000 0.172947 0.100500 0.181643 0.110500 0.191304 0.115500 0.200000 0.117500 0.218357 0.115500 0.224155 0.111500 0.219324 0.103000 0.224155 0.100500 0.232850 0.099500 0.232850 0.095500 0.220290 0.089000 0.198068 0.082000 0.178744 0.081500
0 0.257971 0.072000 0.250242 0.075500 0.246377 0.080500 0.248309 0.092000 0.255072 0.098000 0.259903 0.099500 0.287923 0.102000 0.300483 0.100000 0.305314 0.096500 0.306280 0.079000 0.301449 0.073000 0.292754 0.070000 0.285024 0.069000 0.272464 0.069500
0 0.341063 0.048000 0.335266 0.046000 0.321739 0.044000 0.310145 0.044000 0.299517 0.046000 0.289855 0.050000 0.287923 0.053000 0.287923 0.060000 0.290821 0.064500 0.295652 0.067000 0.304348 0.069000 0.319807 0.068500 0.329469 0.067000 0.343961 0.060000 0.344928 0.052000
0 0.400966 0.018500 0.392271 0.017000 0.375845 0.017000 0.361353 0.020500 0.351691 0.025500 0.346860 0.032500 0.347826 0.037500 0.351691 0.042500 0.363285 0.048000 0.374879 0.050500 0.383575 0.050000 0.397101 0.047000 0.408696 0.039500 0.414493 0.030500 0.414493 0.025500 0.411594 0.022500
0 0.306280 0.000000 0.306280 0.002000 0.313043 0.005000 0.328502 0.008500 0.350725 0.008000 0.362319 0.002000 0.362319 0.000000
0 0.457971 0.052500 0.444444 0.050000 0.435749 0.046500 0.429952 0.046000 0.400966 0.048000 0.382609 0.051500 0.373913 0.056500 0.371014 0.060500 0.378744 0.075500 0.385507 0.079500 0.392271 0.081000 0.419324 0.081000 0.431884 0.076000 0.450242 0.072500 0.454106 0.069000
0 0.335266 0.064000 0.331401 0.066000 0.321739 0.077000 0.322705 0.084000 0.327536 0.086500 0.335266 0.088000 0.371014 0.087500 0.373913 0.086000 0.374879 0.079000 0.373913 0.068500 0.371014 0.064500 0.368116 0.063000 0.360386 0.062000 0.342995 0.062000
0 0.388406 0.095500 0.381643 0.091000 0.374879 0.089000 0.362319 0.087500 0.342029 0.088500 0.328502 0.094000 0.323671 0.100000 0.309179 0.107500 0.308213 0.111500 0.319807 0.114500 0.335266 0.114500 0.376812 0.110000 0.385507 0.108000 0.388406 0.106000 0.390338 0.100000
0 0.222222 0.101000 0.219324 0.104000 0.227053 0.115500 0.227053 0.123500 0.235749 0.129000 0.247343 0.133000 0.263768 0.136500 0.285024 0.136000 0.299517 0.129000 0.306280 0.120000 0.306280 0.113000 0.302415 0.109000 0.280193 0.102000 0.265700 0.100000 0.252174 0.100000 0.245411 0.103000 0.238647 0.103000 0.231884 0.100500
0 0.147826 0.095500 0.138164 0.111000 0.138164 0.123500 0.148792 0.131500 0.156522 0.132500 0.173913 0.132000 0.181643 0.130000 0.190338 0.125000 0.188406 0.115500 0.184541 0.113500 0.173913 0.101000 0.168116 0.097000
0 0.135266 0.102500 0.123671 0.100000 0.114976 0.100000 0.099517 0.101500 0.077295 0.105500 0.068599 0.110500 0.062802 0.117000 0.062802 0.123500 0.070531 0.131000 0.082126 0.136500 0.093720 0.139000 0.104348 0.138500 0.119807 0.134000 0.134300 0.121500 0.138164 0.108500
0 0.119807 0.134000 0.111111 0.138500 0.114976 0.150000 0.117874 0.152500 0.135266 0.161000 0.142029 0.161500 0.153623 0.160000 0.170048 0.148500 0.173913 0.142500 0.171014 0.137000 0.166184 0.134500 0.153623 0.132500 0.126570 0.132500
0 0.200000 0.124000 0.180676 0.130500 0.177778 0.138000 0.179710 0.143500 0.184541 0.148000 0.196135 0.153500 0.225121 0.161000 0.230918 0.159000 0.233816 0.151000 0.241546 0.143000 0.236715 0.131000 0.224155 0.123000
0 0.285024 0.136000 0.271498 0.137000 0.252174 0.136500 0.248309 0.141500 0.236715 0.148000 0.232850 0.152500 0.232850 0.159500 0.248309 0.169500 0.265700 0.172500 0.272464 0.172500 0.288889 0.167500 0.294686 0.150000 0.288889 0.143000 0.287923 0.137500
0 0.423188 0.020500 0.418357 0.024500 0.419324 0.032000 0.428986 0.042000 0.445411 0.050000 0.456039 0.051500 0.468599 0.050000 0.476329 0.046000 0.485024 0.036000 0.485024 0.028000 0.482126 0.025000 0.475362 0.022500 0.455072 0.018500 0.434783 0.019000
0 0.547826 0.006500 0.538164 0.008000 0.522705 0.015500 0.515942 0.021000 0.515942 0.026500 0.522705 0.034500 0.535266 0.040000 0.542995 0.042000 0.558454 0.042000 0.569082 0.040000 0.581643 0.033500 0.587440 0.022000 0.587440 0.017500 0.570048 0.009500 0.559420 0.007000
0 0.616425 0.010000 0.604831 0.016000 0.590338 0.020500 0.585507 0.025500 0.583575 0.033500 0.589372 0.040500 0.602899 0.047000 0.608696 0.048000 0.634783 0.048500 0.643478 0.045500 0.647343 0.041500 0.643478 0.022500 0.640580 0.018500 0.632850 0.014500 0.628019 0.013500 0.623188 0.010500
0 0.634783 0.000000 0.636715 0.006500 0.655072 0.021500 0.669565 0.025000 0.676329 0.025500 0.685990 0.021500 0.692754 0.012000 0.692754 0.000000
0 0.699517 0.000000 0.697585 0.010000 0.702415 0.015000 0.711111 0.018000 0.723671 0.019000 0.742995 0.018500 0.755556 0.015500 0.765217 0.010000 0.763285 0.000000
0 0.690821 0.023500 0.686957 0.034000 0.687923 0.043000 0.692754 0.049000 0.700483 0.052500 0.732367 0.053000 0.745894 0.052000 0.754589 0.049000 0.756522 0.046000 0.755556 0.036000 0.750725 0.029000 0.742029 0.025000 0.724638 0.019000 0.707246 0.018000 0.695652 0.021000
0 0.814493 0.007000 0.808696 0.006000 0.794203 0.006500 0.783575 0.010500 0.778744 0.015000 0.772947 0.025500 0.772947 0.033500 0.777778 0.042500 0.782609 0.044500 0.814493 0.041500 0.824155 0.038500 0.833816 0.033500 0.838647 0.024500 0.837681 0.016500 0.831884 0.013000
0 0.895652 0.019500 0.887923 0.018000 0.868599 0.019000 0.849275 0.026000 0.841546 0.032500 0.838647 0.038500 0.839614 0.047000 0.845411 0.054000 0.851208 0.055500 0.871498 0.055500 0.884058 0.054000 0.899517 0.049500 0.909179 0.045000 0.915942 0.037500 0.914976 0.030000
0 0.914010 0.009000 0.915942 0.013500 0.927536 0.020000 0.932367 0.025500 0.948792 0.032500 0.956522 0.033500 0.974879 0.032500 0.983575 0.027500 0.991304 0.016000 0.991304 0.013000 0.984541 0.007500 0.975845 0.005000 0.963285 0.003500 0.940097 0.004000 0.928502 0.006500 0.918841 0.007000
0 0.973913 0.033000 0.950725 0.034500 0.939130 0.038500 0.927536 0.044500 0.921739 0.051000 0.920773 0.057500 0.926570 0.064000 0.935266 0.068000 0.949758 0.071000 0.966184 0.070500 0.973913 0.068500 0.984541 0.061500 0.988406 0.056000 0.988406 0.048000 0.986473 0.044000
0 0.996135 0.013500 0.988406 0.022000 0.987440 0.026000 0.995169 0.033000 1.000000 0.033500 1.000000 0.013500
0 0.996135 0.138000 0.990338 0.142500 0.988406 0.146500 0.988406 0.155500 0.991304 0.159500 0.996135 0.162000 1.000000 0.162000 1.000000 0.138000
0 0.967150 0.132000 0.964251 0.132500 0.962319 0.137000 0.946860 0.147000 0.922705 0.152500 0.914010 0.157000 0.908213 0.162000 0.907246 0.166500 0.917874 0.175000 0.924638 0.178000 0.942029 0.182500 0.961353 0.180500 0.966184 0.178500 0.971981 0.172500 0.972947 0.161500 0.968116 0.147500 0.971981 0.134500
0 0.845411 0.110500 0.835749 0.114500 0.826087 0.122500 0.825121 0.130000 0.835749 0.144500 0.843478 0.148500 0.849275 0.149500 0.864734 0.149000 0.881159 0.145000 0.890821 0.140500 0.892754 0.138000 0.890821 0.123000 0.887923 0.120000 0.877295 0.115000 0.855072 0.110500
0 0.833816 0.083000 0.828019 0.081500 0.818357 0.081000 0.809662 0.082500 0.802899 0.086000 0.795169 0.096000 0.795169 0.105000 0.800000 0.109000 0.803865 0.110000 0.828986 0.109000 0.847343 0.103000 0.851208 0.100000 0.851208 0.091000
0 0.772947 0.114500 0.764251 0.117000 0.759420 0.122000 0.761353 0.128000 0.760386 0.139500 0.768116 0.147000 0.774879 0.150500 0.788406 0.151500 0.810628 0.145000 0.820290 0.139000 0.824155 0.134000 0.823188 0.126000 0.818357 0.122500 0.799034 0.117000
0 0.695652 0.120000 0.686957 0.125000 0.681159 0.135500 0.683092 0.139000 0.691787 0.142500 0.697585 0.150000 0.705314 0.151000 0.732367 0.150500 0.741063 0.149000 0.753623 0.143000 0.759420 0.133000 0.759420 0.127500 0.754589 0.122500 0.742029 0.119000 0.727536 0.117000 0.710145 0.117000
0 0.628019 0.095500 0.626087 0.100000 0.632850 0.110000 0.655072 0.119500 0.667633 0.121000 0.680193 0.120000 0.688889 0.117000 0.697585 0.111000 0.701449 0.105000 0.701449 0.095500 0.696618 0.092500 0.685990 0.089500 0.670531 0.087000 0.655072 0.086500 0.643478 0.089000 0.634783 0.094000
0 0.600000 0.094000 0.575845 0.103500 0.571014 0.113000 0.571014 0.124000 0.573913 0.128000 0.583575 0.134000 0.593237 0.136000 0.608696 0.136000 0.619324 0.134000 0.628986 0.129500 0.631884 0.123500 0.631884 0.111000 0.625121 0.101500 0.610628 0.094500
0 0.540097 0.097500 0.518841 0.097500 0.508213 0.103000 0.505314 0.106000 0.503382 0.111000 0.504348 0.120000 0.510145 0.125500 0.518841 0.128500 0.527536 0.128500 0.539130 0.126500 0.550725 0.122500 0.557488 0.118000 0.560386 0.111000 0.559420 0.104000 0.549758 0.099000
0 0.573913 0.063000 0.556522 0.063000 0.543961 0.067000 0.531401 0.074000 0.527536 0.079500 0.528502 0.086500 0.531401 0.089500 0.545894 0.097000 0.554589 0.097500 0.571981 0.096000 0.583575 0.092000 0.589372 0.087500 0.592271 0.081500 0.592271 0.070500
0 0.577778 0.052500 0.576812 0.061000 0.577778 0.064000 0.581643 0.066500 0.625121 0.076000 0.633816 0.076000 0.645411 0.071500 0.648309 0.067000 0.649275 0.056500 0.639614 0.051500 0.621256 0.048500 0.600966 0.048500
0 0.518841 0.036000 0.502415 0.036500 0.491787 0.039000 0.482126 0.044500 0.482126 0.048000 0.476329 0.055500 0.480193 0.059500 0.494686 0.066000 0.513043 0.068500 0.526570 0.067500 0.533333 0.064500 0.540097 0.050000 0.538164 0.041500 0.531401 0.038500
0 0.487923 0.069500 0.479227 0.072000 0.475362 0.076000 0.479227 0.084000 0.488889 0.092500 0.503382 0.098000 0.513043 0.099000 0.519807 0.095500 0.526570 0.088000 0.526570 0.075000 0.524638 0.072500 0.517874 0.069500 0.505314 0.068000
0 0.434783 0.075000 0.425121 0.078000 0.421256 0.080500 0.419324 0.084000 0.419324 0.093500 0.421256 0.096000 0.441546 0.104000 0.458937 0.105000 0.466667 0.103500 0.475362 0.097000 0.479227 0.091500 0.479227 0.083500 0.475362 0.078500 0.470531 0.076000 0.458937 0.074000 0.449275 0.073500
0 0.435749 0.104500 0.425121 0.108000 0.420290 0.111000 0.420290 0.119000 0.425121 0.128000 0.434783 0.133500 0.440580 0.135000 0.457971 0.135000 0.473430 0.131000 0.492754 0.117000 0.492754 0.111000 0.469565 0.105000
0 0.414493 0.104000 0.411594 0.104000 0.403865 0.107000 0.402899 0.111000 0.398068 0.111000 0.389372 0.108500 0.379710 0.109000 0.361353 0.120000 0.355556 0.126000 0.356522 0.131500 0.363285 0.137000 0.372947 0.141000 0.389372 0.145500 0.399034 0.146000 0.403865 0.144000 0.407729 0.139500 0.407729 0.126000 0.416425 0.109500
0 0.314010 0.147000 0.304348 0.149500 0.294686 0.154000 0.290821 0.159000 0.290821 0.166500 0.296618 0.173500 0.307246 0.176000 0.324638 0.176000 0.329469 0.174500 0.340097 0.166500 0.340097 0.155500 0.337198 0.150500 0.330435 0.147500
0 0.291787 0.175500 0.285024 0.181000 0.285990 0.188500 0.288889 0.193500 0.297585 0.201500 0.306280 0.205500 0.314010 0.207000 0.329469 0.205000 0.339130 0.200500 0.345894 0.194500 0.352657 0.186000 0.351691 0.181500 0.344928 0.178000 0.331401 0.175500 0.314010 0.176000 0.300483 0.174500
0 0.373913 0.177500 0.367150 0.179000 0.351691 0.188500 0.345894 0.195500 0.346860 0.205000 0.350725 0.208500 0.360386 0.212500 0.373913 0.214500 0.390338 0.214500 0.403865 0.210500 0.411594 0.206000 0.413527 0.195500 0.405797 0.187000 0.397101 0.181500 0.383575 0.177500
0 0.228986 0.174000 0.222222 0.177500 0.219324 0.181500 0.220290 0.197500 0.222222 0.199500 0.239614 0.203500 0.270531 0.203500 0.277295 0.202000 0.284058 0.197500 0.285990 0.193500 0.284058 0.186500 0.276329 0.185000 0.276329 0.181500 0.268599 0.174500 0.260870 0.171500 0.247343 0.170000 0.238647 0.171000
0 0.153623 0.163000 0.155556 0.172500 0.160386 0.175000 0.170048 0.176500 0.187440 0.177000 0.220290 0.175000 0.225121 0.174000 0.227053 0.172000 0.227053 0.169500 0.221256 0.162000 0.214493 0.158500 0.185507 0.150500 0.170048 0.151000 0.157488 0.158000
0 0.070531 0.165000 0.071498 0.169500 0.078261 0.175000 0.085024 0.178500 0.101449 0.182000 0.111111 0.182500 0.132367 0.180000 0.138164 0.178000 0.142995 0.174000 0.139130 0.165000 0.117874 0.153500 0.112077 0.152000 0.099517 0.152000 0.079227 0.157000