0 0.542279 0.450163 0.534314 0.440359 0.528799 0.438725 0.522672 0.441176 0.521446 0.442810 0.522059 0.460784 0.515931 0.470588 0.509804 0.474673 0.498162 0.474673 0.496936 0.476307 0.498162 0.482026 0.505515 0.488562 0.513480 0.491830 0.528799 0.491013 0.538603 0.486928 0.544118 0.480392 0.546569 0.473856 0.546569 0.464869
0 0.363358 0.729575 0.357230 0.737745 0.357230 0.750817 0.365809 0.772876 0.370711 0.779412 0.380515 0.784314 0.390319 0.784314 0.392157 0.782680 0.396446 0.773693 0.398897 0.763072 0.398284 0.745098 0.394608 0.734477 0.390931 0.729575 0.382966 0.727124 0.371936 0.726307
0 0.045956 0.719771 0.031250 0.743464 0.027574 0.753268 0.026961 0.766340 0.028799 0.772876 0.034314 0.781046 0.040441 0.784314 0.053309 0.784314 0.064951 0.778595 0.069240 0.772876 0.071691 0.767157 0.072304 0.757353 0.068015 0.741830 0.061887 0.732026 0.050245 0.719771
0 0.088235 0.690359 0.072304 0.692810 0.068627 0.694444 0.065564 0.699346 0.064951 0.714869 0.068015 0.739379 0.072304 0.750000 0.083946 0.750000 0.090686 0.747549 0.100490 0.739379 0.104779 0.732843 0.105392 0.720588 0.103554 0.715686 0.095588 0.704248 0.093137 0.695261
0 0.110294 0.665033 0.102941 0.668301 0.097426 0.674837 0.093750 0.683007 0.093750 0.695261 0.097426 0.705882 0.106618 0.718954 0.110907 0.722222 0.115809 0.723039 0.136029 0.706699 0.138480 0.698529 0.138480 0.684641 0.136029 0.678922 0.130515 0.672386
0 0.133578 0.709967 0.118260 0.722222 0.116422 0.737745 0.118873 0.751634 0.122549 0.758170 0.129902 0.764706 0.139093 0.764706 0.148284 0.758987 0.153186 0.752451 0.156863 0.743464 0.156863 0.730392 0.155637 0.725490 0.147672 0.715686 0.139093 0.709967
0 0.167279 0.704248 0.161765 0.710784 0.157475 0.721405 0.156863 0.727941 0.159926 0.742647 0.166054 0.752451 0.170343 0.754902 0.189338 0.754902 0.191789 0.753268 0.195466 0.744281 0.196078 0.734477 0.193627 0.718954 0.189951 0.710784 0.186887 0.706699 0.178922 0.701797 0.173407 0.700980
0 0.213848 0.705065 0.208333 0.713235 0.205882 0.719771 0.204657 0.741830 0.206495 0.758170 0.213235 0.767974 0.219975 0.768791 0.232230 0.766340 0.238358 0.761438 0.243260 0.754085 0.243260 0.736928 0.235294 0.718137 0.230392 0.711601 0.224877 0.706699 0.217525 0.704248
0 0.243260 0.701797 0.237745 0.709967 0.236520 0.718954 0.245711 0.744281 0.253064 0.754902 0.258578 0.759804 0.267770 0.759804 0.272059 0.757353 0.275735 0.751634 0.277574 0.737745 0.277574 0.713235 0.273897 0.701797 0.270221 0.697712 0.262868 0.695261 0.256127 0.696078
0 0.288603 0.726307 0.285539 0.730392 0.282475 0.741013 0.283088 0.752451 0.287990 0.770425 0.294730 0.780229 0.301471 0.783497 0.307598 0.782680 0.314951 0.778595 0.322304 0.767974 0.323529 0.761438 0.322917 0.750000 0.319240 0.741013 0.313725 0.733660 0.302696 0.726307 0.296569 0.724673
0 0.284926 0.649510 0.280637 0.656046 0.273897 0.660948 0.269608 0.671569 0.269608 0.685458 0.272672 0.699346 0.280637 0.714869 0.286765 0.718137 0.294730 0.718137 0.306985 0.709150 0.311887 0.700980 0.313725 0.694444 0.313113 0.690359 0.303309 0.670752 0.298407 0.655229 0.295343 0.651144
0 0.338235 0.679739 0.335784 0.686275 0.329044 0.695261 0.324142 0.697712 0.319853 0.705882 0.321078 0.724673 0.324142 0.728758 0.335172 0.736928 0.348652 0.736111 0.355392 0.733660 0.359069 0.729575 0.363358 0.711601 0.359681 0.694444 0.354779 0.686275 0.349265 0.681373 0.343750 0.678922
0 0.311275 0.620915 0.296569 0.629902 0.295956 0.645425 0.303309 0.669935 0.310049 0.683824 0.317402 0.693627 0.322304 0.696895 0.326593 0.696078 0.336397 0.685458 0.337623 0.679739 0.335172 0.641340 0.331495 0.629085 0.325368 0.621732 0.322304 0.620098
0 0.237745 0.641340 0.225490 0.656046 0.223652 0.669118 0.224877 0.683824 0.227328 0.689542 0.234681 0.696895 0.243873 0.699346 0.254289 0.696895 0.261029 0.691176 0.265931 0.682190 0.267157 0.675654 0.266544 0.668301 0.250000 0.645425 0.244485 0.642157
0 0.250000 0.602124 0.246324 0.611928 0.246324 0.624183 0.252451 0.646242 0.256127 0.654412 0.262868 0.662582 0.270833 0.661765 0.280637 0.656046 0.287990 0.639706 0.288603 0.629085 0.286765 0.621732 0.276961 0.607843 0.267770 0.601307 0.258578 0.599673
0 0.229167 0.593954 0.225490 0.592320 0.210172 0.595588 0.207108 0.599673 0.205270 0.615196 0.200368 0.625817 0.200368 0.633987 0.206495 0.649510 0.210784 0.654412 0.223039 0.654412 0.227328 0.651961 0.238358 0.638889 0.243260 0.627451 0.243260 0.614379 0.240809 0.607026 0.237132 0.601307
0 0.158088 0.638072 0.151961 0.642157 0.149510 0.645425 0.147672 0.651961 0.147672 0.662582 0.150123 0.678922 0.153799 0.687908 0.159926 0.696078 0.165441 0.699346 0.174632 0.697712 0.183824 0.683824 0.187500 0.673203 0.188725 0.664216 0.187500 0.652778 0.181373 0.642974
0 0.068015 0.638072 0.061275 0.647876 0.060662 0.667484 0.062500 0.679739 0.067402 0.687908 0.071691 0.691176 0.084559 0.689542 0.093750 0.681373 0.099877 0.669935 0.102328 0.656863 0.102328 0.644608 0.099265 0.640523 0.083333 0.641340 0.074755 0.638072
0 0.068015 0.604575 0.065564 0.614379 0.063725 0.616830 0.063113 0.627451 0.068627 0.636438 0.085784 0.641340 0.096814 0.639706 0.101716 0.635621 0.102941 0.632353 0.102328 0.621732 0.096201 0.612745 0.089461 0.606209 0.077819 0.600490 0.071078 0.601307
0 0.028186 0.610294 0.024510 0.616830 0.023897 0.622549 0.024510 0.642974 0.028186 0.655229 0.033701 0.661765 0.049020 0.660948 0.054534 0.655229 0.061887 0.641340 0.063725 0.634804 0.062500 0.622549 0.056985 0.615196 0.049020 0.609477 0.033701 0.607843
0 0.053309 0.658497 0.046569 0.661765 0.039828 0.661765 0.034314 0.664216 0.030025 0.669118 0.027574 0.675654 0.026961 0.686275 0.031250 0.701797 0.034926 0.706699 0.045956 0.714869 0.054534 0.714869 0.062500 0.706699 0.063725 0.702614 0.063725 0.684641 0.061887 0.673203 0.058211 0.661765
0 0.004902 0.610294 0.000000 0.611928 0.000000 0.669935 0.010417 0.676471 0.022059 0.667484 0.023897 0.660131 0.023284 0.635621 0.022059 0.626634 0.018995 0.619281 0.014093 0.614379
0 0.011029 0.549837 0.004289 0.553922 0.001838 0.561275 0.000000 0.562092 0.000000 0.598039 0.001838 0.598856 0.004902 0.609477 0.018995 0.614379 0.023897 0.612745 0.031863 0.599673 0.037377 0.584967 0.037990 0.567810 0.036152 0.562092 0.030025 0.553105 0.021446 0.549837
0 0.024510 0.686275 0.010417 0.679739 0.000000 0.682190 0.000000 0.732026 0.017157 0.731209 0.023897 0.727941 0.027574 0.723856 0.031250 0.705065 0.028799 0.695261
0 0.113358 0.548203 0.110294 0.548203 0.102941 0.554739 0.098652 0.561275 0.091299 0.582516 0.091299 0.593954 0.093750 0.601307 0.098652 0.606209 0.107230 0.611111 0.112745 0.611111 0.125613 0.607026 0.128676 0.602941 0.131127 0.593137 0.128676 0.569444 0.121936 0.556373
0 0.107230 0.612745 0.104167 0.616830 0.102941 0.621732 0.103554 0.629902 0.102328 0.640523 0.107843 0.658497 0.113358 0.665033 0.125613 0.669935 0.138480 0.663399 0.143995 0.653595 0.144608 0.642157 0.142157 0.629902 0.127451 0.609477 0.123162 0.607843 0.117034 0.608660 0.110907 0.612745
0 0.170956 0.564542 0.161765 0.563725 0.152574 0.572712 0.145833 0.575980 0.130515 0.598039 0.129902 0.608660 0.132353 0.615196 0.140319 0.626634 0.148284 0.633170 0.158701 0.633987 0.164216 0.628268 0.164461 0.619526 0.166728 0.610294 0.174020 0.577614 0.174020 0.570261
0 0.185662 0.575163 0.181373 0.575163 0.173407 0.580882 0.170343 0.590686 0.169118 0.600490 0.167157 0.610621 0.165012 0.620098 0.164645 0.628105 0.165441 0.634804 0.166667 0.637255 0.173407 0.640523 0.180147 0.640523 0.190564 0.633170 0.198529 0.625817 0.204044 0.616013 0.205270 0.600490 0.203431 0.593954 0.193627 0.581699 0.189951 0.579902
0 0.238358 0.548203 0.234681 0.553922 0.232843 0.566176 0.232843 0.578431 0.236520 0.590686 0.240196 0.594771 0.247549 0.598856 0.255515 0.598856 0.263480 0.594771 0.268382 0.584967 0.272059 0.571078 0.272059 0.564542 0.268382 0.555556 0.262868 0.549020 0.257966 0.547386 0.243260 0.546569
0 0.224877 0.517157 0.212010 0.517974 0.205270 0.525327 0.200980 0.538399 0.195466 0.547386 0.189951 0.564542 0.189951 0.576797 0.197917 0.586601 0.205270 0.592320 0.212623 0.593954 0.221814 0.592320 0.225490 0.589052 0.230392 0.577614 0.235294 0.549837 0.235294 0.539216 0.234069 0.531046
0 0.177083 0.488562 0.169730 0.495098 0.164216 0.506536 0.161765 0.514706 0.162377 0.527778 0.167892 0.540033 0.172794 0.544935 0.181373 0.548203 0.193015 0.547386 0.197917 0.543301 0.202819 0.534314 0.203431 0.518791 0.202206 0.508170 0.196691 0.497549 0.189338 0.488562
0 0.133578 0.511438 0.129902 0.514706 0.123162 0.528595 0.120711 0.538399 0.121936 0.553922 0.128064 0.566176 0.133578 0.571895 0.138480 0.574346 0.150735 0.572712 0.158088 0.566993 0.163603 0.559641 0.166667 0.548203 0.165441 0.535948 0.159314 0.525327 0.150735 0.517157 0.142157 0.513072
0 0.138480 0.455882 0.132353 0.459150 0.121324 0.470588 0.118873 0.481209 0.119485 0.487745 0.121936 0.494281 0.130515 0.505719 0.137255 0.510621 0.151961 0.515523 0.155637 0.512255 0.160539 0.497549 0.161152 0.476307 0.156250 0.459967 0.147672 0.455065
0 0.100490 0.504902 0.088848 0.505719 0.081495 0.510621 0.078431 0.515523 0.075980 0.528595 0.077206 0.541667 0.080882 0.553105 0.085172 0.558824 0.088848 0.560458 0.098652 0.559641 0.112745 0.546569 0.119485 0.537582 0.121936 0.529412 0.121324 0.522876 0.111520 0.508170
0 0.039828 0.562908 0.037990 0.579248 0.038603 0.589052 0.041054 0.596405 0.047181 0.605392 0.055760 0.608660 0.062500 0.607843 0.075980 0.598856 0.079044 0.594771 0.082537 0.585376 0.078431 0.575980 0.077819 0.567810 0.074755 0.559641 0.065564 0.557190 0.055147 0.558007 0.048407 0.555556
0 0.069240 0.495915 0.053922 0.495915 0.044730 0.500817 0.034314 0.513072 0.034314 0.532680 0.039216 0.544118 0.049020 0.554739 0.055147 0.557190 0.063113 0.555556 0.068015 0.548203 0.074142 0.531863 0.077206 0.516340 0.076593 0.503268
0 0.403799 0.735294 0.399510 0.745915 0.399510 0.757353 0.406863 0.771242 0.423407 0.782680 0.435049 0.783497 0.443015 0.779412 0.444240 0.771242 0.443627 0.755719 0.438113 0.741013 0.431985 0.732843 0.424632 0.727941 0.411152 0.727941
0 0.370098 0.671569 0.363358 0.681373 0.361520 0.689542 0.361520 0.696895 0.365196 0.709967 0.376225 0.724673 0.384804 0.727941 0.393382 0.728758 0.398284 0.723856 0.403186 0.711601 0.403799 0.699346 0.402574 0.685458 0.398897 0.681373 0.393995 0.671569 0.389093 0.666667 0.379902 0.667484
0 0.431985 0.661765 0.427083 0.663399 0.418505 0.671569 0.409314 0.674020 0.404412 0.686275 0.405025 0.703431 0.408088 0.711601 0.416054 0.720588 0.425858 0.725490 0.439338 0.724673 0.445466 0.718137 0.445466 0.679739 0.442402 0.672386
0 0.452206 0.675654 0.445466 0.683824 0.444240 0.708333 0.447917 0.726307 0.452206 0.733660 0.457108 0.736111 0.468137 0.736111 0.476103 0.732843 0.477328 0.727941 0.477941 0.702614 0.474877 0.688725 0.469975 0.678105 0.464461 0.673203 0.457721 0.673203
0 0.498162 0.683824 0.488358 0.684641 0.484069 0.690359 0.479779 0.705882 0.477328 0.732843 0.481005 0.742647 0.485907 0.748366 0.492034 0.748366 0.500613 0.744281 0.507353 0.736111 0.511029 0.724673 0.511642 0.709967 0.508578 0.695261 0.504289 0.687908
0 0.514093 0.720588 0.514093 0.724673 0.511029 0.730392 0.511029 0.742647 0.513480 0.753268 0.520221 0.764706 0.528186 0.770425 0.537377 0.771242 0.549020 0.766340 0.555760 0.758170 0.558211 0.747549 0.558211 0.736111 0.551471 0.726307 0.544118 0.720588 0.527574 0.717320 0.518995 0.717320
0 0.540441 0.674020 0.539216 0.681373 0.540441 0.696078 0.542279 0.700980 0.551471 0.712418 0.558211 0.716503 0.573529 0.717320 0.577819 0.715686 0.583946 0.708333 0.586397 0.700980 0.585784 0.683824 0.584559 0.678922 0.577819 0.670752 0.564951 0.665850 0.547794 0.667484
0 0.505515 0.620915 0.490809 0.638889 0.488358 0.648693 0.488358 0.658497 0.491422 0.669935 0.498775 0.682190 0.501838 0.683824 0.511642 0.683824 0.524510 0.674837 0.529412 0.668301 0.533701 0.659314 0.534926 0.647876 0.531250 0.635621 0.526348 0.629902 0.512868 0.620915
0 0.556985 0.607026 0.544118 0.614379 0.536152 0.614379 0.533088 0.616830 0.533701 0.627451 0.540441 0.652778 0.543505 0.659314 0.549632 0.665850 0.557598 0.665850 0.565564 0.661765 0.571691 0.653595 0.575368 0.643791 0.575368 0.631536 0.573529 0.625817 0.567402 0.616830
0 0.393382 0.616013 0.390319 0.621732 0.389706 0.627451 0.392157 0.640523 0.397059 0.649510 0.398284 0.665033 0.401961 0.669935 0.408701 0.673203 0.420343 0.669935 0.426471 0.664216 0.431373 0.653595 0.429534 0.633987 0.426471 0.625817 0.409314 0.611928 0.401961 0.611928
0 0.397672 0.653595 0.392770 0.643791 0.375613 0.638889 0.360294 0.650327 0.351716 0.651961 0.351103 0.659314 0.352941 0.665033 0.357230 0.669935 0.365196 0.670752 0.375000 0.665850 0.392157 0.665033 0.397059 0.660131
0 0.364583 0.596405 0.354779 0.595588 0.344975 0.606209 0.337623 0.610294 0.333946 0.616830 0.332721 0.623366 0.333333 0.631536 0.335784 0.640523 0.341912 0.648693 0.348652 0.651961 0.357843 0.650327 0.367034 0.646242 0.374387 0.637255 0.375613 0.629902 0.375000 0.612745 0.369485 0.601307
0 0.349877 0.550654 0.338235 0.549020 0.332108 0.553105 0.322917 0.554739 0.318015 0.561275 0.313725 0.575163 0.314951 0.584967 0.317402 0.593954 0.327819 0.607843 0.338235 0.610294 0.346814 0.603758 0.357843 0.588235 0.360294 0.576797 0.359681 0.568627 0.356005 0.557190
0 0.302083 0.569444 0.298407 0.569444 0.292892 0.574346 0.279412 0.575980 0.275123 0.580882 0.272672 0.589052 0.273897 0.600490 0.280025 0.611928 0.289216 0.622549 0.297794 0.626634 0.303309 0.625000 0.308211 0.620098 0.313725 0.601307 0.314951 0.591503 0.313113 0.580882 0.309436 0.573529
0 0.298407 0.517157 0.281250 0.517157 0.275123 0.520425 0.270221 0.527778 0.268382 0.538399 0.270221 0.554739 0.273897 0.564542 0.282475 0.574346 0.289216 0.574346 0.296569 0.571078 0.308211 0.558007 0.311887 0.548203 0.312500 0.537582 0.309436 0.527778 0.303309 0.519608
0 0.313113 0.496732 0.306373 0.505719 0.303922 0.513072 0.303922 0.518791 0.310662 0.527778 0.313725 0.539216 0.312500 0.543301 0.313113 0.546569 0.319853 0.552288 0.331495 0.551471 0.338848 0.547386 0.343750 0.535948 0.343137 0.518791 0.338848 0.508170 0.328431 0.496732 0.322304 0.494281
0 0.373775 0.481209 0.363971 0.482026 0.350490 0.489379 0.342525 0.501634 0.341912 0.513072 0.346201 0.530229 0.351716 0.540033 0.359069 0.545752 0.366422 0.546569 0.371324 0.544118 0.377451 0.534314 0.386642 0.507353 0.387255 0.500000 0.384191 0.487745
0 0.395221 0.496732 0.389706 0.503268 0.379289 0.527778 0.378676 0.534314 0.382353 0.542484 0.388480 0.550654 0.398284 0.557190 0.403799 0.558824 0.411152 0.558007 0.413603 0.551471 0.419118 0.544935 0.420343 0.540033 0.417892 0.525327 0.417279 0.506536 0.412377 0.499183 0.404412 0.495098
0 0.414828 0.565359 0.409926 0.568627 0.405025 0.575163 0.403799 0.591503 0.406250 0.599673 0.412990 0.612745 0.422794 0.620098 0.427083 0.620098 0.433211 0.606209 0.443015 0.591503 0.444240 0.584967 0.443627 0.573529 0.438113 0.566993
0 0.372549 0.544118 0.365809 0.548203 0.360907 0.554739 0.359681 0.558007 0.360294 0.571078 0.366422 0.593954 0.373162 0.607026 0.376838 0.610294 0.385417 0.610294 0.396446 0.602941 0.402574 0.593137 0.403799 0.585784 0.403186 0.574346 0.401348 0.568627 0.392157 0.554739 0.383578 0.547386
0 0.467525 0.553105 0.463235 0.540033 0.457108 0.537582 0.426471 0.540850 0.416054 0.549020 0.414216 0.556373 0.415441 0.562908 0.419730 0.565359 0.451593 0.565359 0.463235 0.561275
0 0.419730 0.502451 0.419730 0.528595 0.422794 0.535131 0.427696 0.538399 0.451593 0.535948 0.454963 0.533497 0.459559 0.531046 0.462623 0.525327 0.463848 0.517157 0.459559 0.500817 0.448529 0.491830 0.433211 0.490196
0 0.465686 0.521242 0.463235 0.522876 0.459559 0.534314 0.460784 0.538399 0.464461 0.542484 0.466912 0.551471 0.471814 0.552288 0.475490 0.549020 0.476103 0.537582 0.471814 0.528595
0 0.495711 0.564542 0.493873 0.558007 0.488358 0.549837 0.484069 0.548203 0.477941 0.549020 0.468750 0.554739 0.464461 0.560458 0.457108 0.566176 0.450980 0.573529 0.450368 0.579248 0.452206 0.581699 0.461397 0.584967 0.482843 0.587418 0.492647 0.582516 0.495711 0.572712
0 0.493260 0.584967 0.489583 0.584150 0.482230 0.587418 0.468750 0.586601 0.465074 0.589869 0.465686 0.596405 0.473039 0.612745 0.475490 0.631536 0.477328 0.633987 0.485294 0.636438 0.492034 0.635621 0.500000 0.627451 0.505515 0.617647 0.506127 0.609477 0.504902 0.602941 0.497549 0.589052
0 0.498162 0.566993 0.495711 0.571895 0.494485 0.583333 0.504289 0.602124 0.506740 0.611928 0.509804 0.614379 0.518382 0.616013 0.524510 0.615196 0.528186 0.612745 0.529412 0.609477 0.529412 0.600490 0.525123 0.576797 0.518995 0.568627 0.514706 0.566176 0.509191 0.567810
0 0.450368 0.587418 0.444853 0.589869 0.434436 0.603758 0.429534 0.616013 0.428922 0.627451 0.431373 0.642974 0.434436 0.647876 0.454044 0.651961 0.463235 0.647876 0.473652 0.639706 0.474877 0.623366 0.472426 0.611111 0.465074 0.596405 0.458946 0.589869
0 0.473652 0.640523 0.470772 0.643219 0.466360 0.646569 0.454718 0.653350 0.437500 0.649755 0.434007 0.648775 0.433824 0.657680 0.436275 0.663399 0.443627 0.672386 0.456495 0.673203 0.463848 0.671569 0.468137 0.668301 0.471814 0.660948
0 0.609681 0.633987 0.607230 0.637255 0.601716 0.652778 0.601716 0.667484 0.603554 0.673203 0.611520 0.683824 0.618260 0.687908 0.631127 0.686275 0.640319 0.678922 0.646446 0.669118 0.647059 0.653595 0.643995 0.647876 0.634191 0.637255 0.626838 0.633170 0.613358 0.632353
0 0.608456 0.594771 0.607843 0.609477 0.610294 0.619281 0.619485 0.630719 0.630515 0.631536 0.639706 0.628268 0.648897 0.620098 0.652574 0.612745 0.653186 0.603758 0.650735 0.595588 0.646446 0.589052 0.637255 0.584967 0.624387 0.584967 0.614583 0.589052
0 0.523284 0.538399 0.524510 0.545752 0.544118 0.553922 0.556985 0.554739 0.564338 0.544935 0.563725 0.533497 0.561887 0.530229 0.553309 0.522059 0.541667 0.518791 0.532475 0.518791 0.530025 0.520425
0 0.525123 0.549837 0.522059 0.557190 0.522672 0.571078 0.526348 0.578431 0.531250 0.604575 0.537377 0.612745 0.546569 0.612745 0.556985 0.605392 0.559436 0.598039 0.560662 0.585784 0.560049 0.570261 0.556985 0.556373 0.532475 0.550654 0.529412 0.548203
0 0.529412 0.495098 0.526348 0.493464 0.513480 0.494281 0.508578 0.499183 0.503676 0.521242 0.496324 0.533497 0.497549 0.539216 0.504902 0.544935 0.509804 0.546569 0.516544 0.545752 0.522059 0.541667 0.531250 0.517157 0.531863 0.504085
0 0.494485 0.486928 0.489583 0.486928 0.473652 0.497549 0.468137 0.508170 0.468137 0.522059 0.477328 0.535948 0.484681 0.538399 0.493260 0.537582 0.500613 0.528595 0.504902 0.518791 0.506740 0.511438 0.506740 0.501634 0.500613 0.491013
0 0.541054 0.497549 0.540441 0.504085 0.542892 0.511438 0.545956 0.515523 0.558824 0.524510 0.571691 0.541667 0.577819 0.539216 0.586397 0.528595 0.586397 0.517974 0.577819 0.508170 0.549632 0.493464 0.544118 0.494281
0 0.546569 0.480392 0.547794 0.488562 0.549632 0.491013 0.574142 0.505719 0.592525 0.504085 0.594975 0.498366 0.595588 0.490196 0.593137 0.482843 0.588848 0.474673 0.583946 0.471405 0.558824 0.471405 0.549632 0.475490
0 0.619485 0.464869 0.616422 0.463235 0.603554 0.465686 0.594975 0.464869 0.588235 0.469771 0.587623 0.472222 0.594363 0.490196 0.594363 0.495098 0.591912 0.501634 0.592525 0.504085 0.602328 0.510621 0.615196 0.509804 0.619485 0.505719 0.621936 0.500817 0.624387 0.487745 0.623775 0.476307
0 0.622549 0.517974 0.620711 0.522059 0.621324 0.529412 0.618873 0.534314 0.620650 0.548775 0.623162 0.560458 0.628676 0.565359 0.642157 0.565359 0.651348 0.562908 0.659314 0.556373 0.659314 0.549020 0.656250 0.533497 0.650735 0.518791 0.648284 0.516340 0.636642 0.512255 0.629289 0.512255
0 0.587623 0.407680 0.584559 0.413399 0.583946 0.421569 0.584559 0.443627 0.587623 0.455065 0.593750 0.462418 0.599265 0.464869 0.610907 0.464052 0.616422 0.461601 0.619485 0.456699 0.623775 0.432190 0.623775 0.423203 0.620711 0.411765 0.614583 0.408497 0.607230 0.408497 0.599877 0.405229 0.591299 0.405229
0 0.583946 0.435458 0.579044 0.428922 0.568627 0.423203 0.557598 0.431373 0.548407 0.435458 0.545956 0.438725 0.544730 0.446895 0.544730 0.455882 0.548407 0.472222 0.553309 0.473856 0.563113 0.470588 0.584559 0.469771 0.588235 0.464869 0.589461 0.459150 0.585172 0.447712
0 0.633578 0.687092 0.623775 0.699346 0.618873 0.710784 0.618873 0.729575 0.623162 0.740196 0.637868 0.746732 0.647059 0.745098 0.656863 0.738562 0.662377 0.732026 0.663603 0.727124 0.662990 0.716503 0.657475 0.702614 0.648897 0.692810 0.639093 0.687092
0 0.654412 0.638889 0.646446 0.647876 0.648284 0.661765 0.642770 0.677288 0.644608 0.687908 0.656863 0.699346 0.671569 0.700980 0.680147 0.697712 0.686887 0.689542 0.688113 0.685458 0.688113 0.673203 0.683824 0.659314 0.670956 0.642157 0.658701 0.638072
0 0.697917 0.691176 0.693015 0.690359 0.687500 0.691993 0.678922 0.699346 0.667892 0.703431 0.664828 0.709967 0.664828 0.718137 0.667279 0.727941 0.678922 0.745915 0.685049 0.750817 0.692402 0.751634 0.702206 0.746732 0.712010 0.735294 0.715686 0.727941 0.716299 0.719771 0.712623 0.709150 0.702206 0.693627
0 0.723039 0.645425 0.712623 0.638889 0.710172 0.641340 0.708333 0.649510 0.704657 0.652778 0.693015 0.653595 0.685049 0.650327 0.683211 0.654412 0.688725 0.671569 0.689951 0.686275 0.693015 0.689542 0.701593 0.692810 0.710172 0.692810 0.713848 0.690359 0.724877 0.673203 0.727328 0.666667 0.726716 0.653595
0 0.728554 0.665850 0.715074 0.690359 0.715074 0.707516 0.718750 0.714869 0.724265 0.719771 0.738971 0.724673 0.748775 0.724673 0.752451 0.723039 0.758578 0.714869 0.759804 0.706699 0.758578 0.698529 0.745711 0.674837 0.740196 0.667484 0.735907 0.665033
0 0.747549 0.648693 0.743873 0.658497 0.745098 0.670752 0.750000 0.682190 0.761642 0.700163 0.768995 0.705065 0.783088 0.704248 0.789216 0.700163 0.792892 0.687908 0.792279 0.671569 0.787990 0.655229 0.783701 0.649510 0.776961 0.644608 0.761029 0.642157 0.753064 0.643791
0 0.795343 0.613562 0.794118 0.628268 0.790441 0.637255 0.790441 0.641340 0.792279 0.647059 0.800245 0.658497 0.810049 0.663399 0.823529 0.663399 0.834559 0.659314 0.838235 0.654412 0.844975 0.633987 0.843750 0.629085 0.838848 0.621732 0.832721 0.616830 0.822304 0.613562 0.806373 0.613562 0.803309 0.611928 0.797181 0.611928
0 0.748775 0.583333 0.745098 0.591503 0.746324 0.601307 0.748775 0.607026 0.750613 0.625817 0.753064 0.631536 0.761642 0.641340 0.770833 0.643791 0.779412 0.642157 0.787377 0.638072 0.790441 0.633170 0.790441 0.628268 0.794118 0.622549 0.794118 0.616830 0.787990 0.600490 0.777574 0.580882 0.768995 0.573529 0.762868 0.573529
0 0.705270 0.599673 0.704657 0.602941 0.708333 0.625817 0.713235 0.638072 0.723039 0.642974 0.735294 0.642974 0.742647 0.639706 0.747549 0.633987 0.749387 0.628268 0.749387 0.617647 0.746936 0.604575 0.744485 0.598856 0.735294 0.588235 0.729779 0.585784 0.721814 0.585784
0 0.693627 0.598856 0.690564 0.602124 0.686887 0.616830 0.677696 0.631536 0.674632 0.632353 0.674020 0.638889 0.681985 0.647876 0.690564 0.652778 0.699142 0.653595 0.705270 0.651961 0.708946 0.647876 0.712010 0.638072 0.712010 0.632353 0.707721 0.621732 0.704044 0.602124 0.698529 0.598856
0 0.679534 0.547386 0.677083 0.556373 0.686887 0.568627 0.694240 0.594771 0.705270 0.596405 0.715686 0.591503 0.718750 0.587418 0.721201 0.575980 0.718750 0.561275 0.709559 0.549020 0.697917 0.542484 0.685662 0.541667
0 0.650735 0.581699 0.648284 0.584967 0.648284 0.589869 0.653186 0.599673 0.653799 0.606209 0.652574 0.613562 0.648897 0.622549 0.651961 0.627451 0.659926 0.633987 0.672181 0.633987 0.678922 0.629902 0.685049 0.617647 0.685662 0.606209 0.678922 0.595588 0.669730 0.588235 0.655025 0.580882
0 0.650735 0.513072 0.649510 0.518791 0.651961 0.521242 0.657475 0.539216 0.658701 0.549837 0.658088 0.558007 0.669730 0.557190 0.677696 0.549837 0.679534 0.544935 0.679534 0.533497 0.673407 0.520425 0.662377 0.510621
0 0.650123 0.566176 0.650123 0.580065 0.658701 0.581699 0.668505 0.587418 0.685049 0.601307 0.689951 0.600490 0.693015 0.596405 0.693627 0.590686 0.688113 0.571078 0.678922 0.559641 0.664828 0.558007 0.654412 0.562092
0 0.761642 0.539216 0.742034 0.533497 0.734069 0.534314 0.727941 0.539216 0.721814 0.547386 0.719363 0.553922 0.722426 0.570261 0.726103 0.577614 0.732843 0.584967 0.741422 0.587418 0.746936 0.584967 0.759191 0.574346 0.765319 0.571078 0.767770 0.566993 0.768382 0.555556 0.765931 0.544935
0 0.801471 0.550654 0.795343 0.554739 0.787377 0.564542 0.783088 0.574346 0.783088 0.586601 0.786765 0.596405 0.793505 0.604575 0.806373 0.611111 0.819240 0.611111 0.822917 0.608660 0.827819 0.599673 0.827819 0.584150 0.825368 0.570261 0.822917 0.563725 0.815564 0.553922 0.808211 0.549837
0 0.829657 0.555556 0.826593 0.559641 0.826593 0.574346 0.828431 0.597222 0.830882 0.601307 0.837010 0.607026 0.845588 0.609477 0.852328 0.607843 0.859069 0.602124 0.869485 0.580065 0.870098 0.570261 0.865809 0.562092 0.862745 0.559641 0.849877 0.558007 0.840686 0.553105 0.833946 0.553105
0 0.871324 0.575163 0.868260 0.585784 0.864583 0.590686 0.862132 0.602941 0.865196 0.612745 0.873775 0.624183 0.881740 0.629085 0.900735 0.630719 0.914216 0.620915 0.915441 0.616013 0.912377 0.601307 0.892770 0.574346 0.885417 0.570261 0.879902 0.570261
0 0.825980 0.507353 0.822304 0.517157 0.821691 0.524510 0.824755 0.533497 0.835172 0.545752 0.848652 0.556373 0.854167 0.558007 0.865196 0.558007 0.872549 0.554739 0.873162 0.543301 0.871324 0.532680 0.865809 0.521242 0.855392 0.507353 0.848652 0.501634 0.843750 0.500000 0.835784 0.500817
0 0.772059 0.531863 0.773284 0.539216 0.780025 0.547386 0.799020 0.549020 0.809436 0.545752 0.818627 0.540033 0.820466 0.535131 0.821078 0.526144 0.820466 0.522876 0.814338 0.515523 0.800245 0.507353 0.794118 0.505719 0.786765 0.508987
0 0.732230 0.486928 0.729167 0.495915 0.729167 0.503268 0.731618 0.509804 0.732230 0.523693 0.753676 0.535131 0.761642 0.535131 0.768995 0.528595 0.772059 0.520425 0.772059 0.508987 0.763480 0.491830 0.758578 0.486928 0.748775 0.482026 0.743873 0.482026
0 0.708333 0.495915 0.707721 0.499183 0.710172 0.515523 0.709559 0.523693 0.707108 0.526144 0.697917 0.529412 0.696078 0.534314 0.700980 0.542484 0.712623 0.550654 0.716912 0.551471 0.727941 0.538399 0.731005 0.523693 0.731005 0.508987 0.727328 0.500817 0.722426 0.495915
0 0.758578 0.476307 0.757353 0.482843 0.768995 0.500000 0.773897 0.515523 0.773897 0.519608 0.772059 0.523693 0.775735 0.525327 0.779412 0.521242 0.785539 0.508170 0.784314 0.482026 0.780637 0.476307 0.772672 0.473856 0.764093 0.473856
0 0.789828 0.477124 0.787377 0.485294 0.787990 0.500000 0.789216 0.503268 0.798407 0.505719 0.810662 0.513072 0.816789 0.513889 0.822304 0.511438 0.833333 0.493464 0.828431 0.479575 0.814951 0.465686 0.808824 0.464052 0.802696 0.464869
0 0.866422 0.437092 0.859681 0.432190 0.851103 0.432190 0.838848 0.446078 0.825980 0.449346 0.822917 0.466503 0.826593 0.472222 0.827206 0.477124 0.832721 0.482843 0.840074 0.486111 0.861520 0.485294 0.871324 0.481209 0.875613 0.473856 0.875613 0.464052 0.870098 0.443627
0 0.871324 0.424837 0.870098 0.428105 0.870098 0.437908 0.872549 0.443627 0.875000 0.459967 0.879902 0.468137 0.891544 0.469771 0.905637 0.466503 0.912377 0.462418 0.918505 0.453431 0.919118 0.444444 0.916667 0.438725 0.904412 0.421569 0.896446 0.415033 0.889093 0.412582 0.884191 0.413399
0 0.908088 0.472222 0.898284 0.471405 0.881740 0.473856 0.876838 0.476307 0.868873 0.486928 0.868873 0.494281 0.873775 0.507353 0.884804 0.521242 0.890319 0.524510 0.900735 0.525327 0.903799 0.523693 0.908701 0.517157 0.916667 0.499183 0.917279 0.485294 0.913603 0.476307
0 0.797794 0.415850 0.784926 0.415850 0.776348 0.420752 0.762868 0.439542 0.762255 0.445261 0.764706 0.455065 0.775735 0.467320 0.785539 0.472222 0.794118 0.472222 0.804534 0.461601 0.807598 0.441176 0.806985 0.427288 0.804534 0.421569
0 0.818627 0.391340 0.816789 0.392974 0.814338 0.404412 0.808211 0.414216 0.807598 0.420752 0.809436 0.434641 0.812500 0.440359 0.822304 0.445261 0.829044 0.446895 0.837010 0.446078 0.846814 0.436275 0.846814 0.421569 0.825980 0.392974
0 0.827819 0.381536 0.827819 0.394608 0.840074 0.412582 0.849877 0.424020 0.854167 0.426471 0.865196 0.426471 0.870098 0.424020 0.884804 0.411765 0.889706 0.399510 0.889093 0.392974 0.884191 0.384804 0.874387 0.379085 0.867647 0.370915 0.861520 0.366830 0.852941 0.365196 0.840686 0.366013 0.832721 0.371732
0 0.767770 0.381536 0.763480 0.380719 0.751838 0.387255 0.739583 0.386438 0.734069 0.391340 0.731005 0.398693 0.731005 0.410131 0.734681 0.419935 0.755515 0.439542 0.764093 0.437908 0.773897 0.422386 0.773897 0.392157 0.772059 0.386438
0 0.724877 0.427288 0.719975 0.435458 0.726716 0.450163 0.732230 0.475490 0.737132 0.481209 0.744485 0.481209 0.753064 0.477941 0.756740 0.469771 0.758578 0.460784 0.757353 0.449346 0.754289 0.439542 0.744485 0.428922 0.738971 0.425654 0.731618 0.424020
0 0.696078 0.432190 0.691789 0.438725 0.690564 0.471405 0.699142 0.482026 0.703431 0.491013 0.708946 0.494281 0.720588 0.495098 0.729167 0.490196 0.733456 0.483660 0.734069 0.477941 0.729167 0.465686 0.724265 0.443627 0.718750 0.435458 0.713848 0.431373 0.700980 0.429739
0 0.675858 0.477124 0.670343 0.486928 0.667892 0.500000 0.668505 0.510621 0.670956 0.516340 0.679534 0.526144 0.688725 0.529412 0.696078 0.530229 0.708333 0.523693 0.709559 0.521242 0.709559 0.513072 0.707721 0.500817 0.697304 0.478758 0.688113 0.473856 0.683211 0.473856
0 0.626225 0.471405 0.625613 0.477941 0.630515 0.488562 0.646446 0.508170 0.653799 0.511438 0.662377 0.508987 0.667279 0.498366 0.669118 0.490196 0.668505 0.485294 0.663603 0.477124 0.658701 0.476307 0.646446 0.465686 0.639093 0.462418
0 0.652574 0.424020 0.653186 0.437092 0.647059 0.453431 0.647059 0.459150 0.649510 0.466503 0.661765 0.475490 0.667892 0.477124 0.674632 0.477124 0.682598 0.472222 0.687500 0.465686 0.688725 0.461601 0.689338 0.440359 0.687500 0.433007 0.682598 0.427288 0.675858 0.423203 0.659314 0.421569
0 0.647672 0.422386 0.636029 0.416667 0.631127 0.416667 0.625000 0.428105 0.620711 0.455065 0.623775 0.469771 0.626838 0.470588 0.632353 0.466503 0.648897 0.450163 0.652574 0.437092 0.652574 0.428922
0 0.624387 0.566176 0.619485 0.552288 0.613358 0.553922 0.610907 0.558007 0.604167 0.559641 0.595588 0.565359 0.583946 0.566176 0.575368 0.563725 0.573529 0.566176 0.573529 0.577614 0.575368 0.583333 0.583333 0.590686 0.593750 0.593137 0.603554 0.592320 0.610907 0.589869 0.617647 0.584967 0.623775 0.575980
0 0.909926 0.298203 0.909314 0.304739 0.911152 0.310458 0.930760 0.335784 0.937500 0.341503 0.943015 0.343137 0.955270 0.343954 0.957721 0.341503 0.962623 0.327614 0.962623 0.316993 0.958946 0.298203 0.952819 0.285131 0.944853 0.277778 0.931373 0.278595 0.924632 0.282680 0.920343 0.289216 0.912990 0.294118
0 0.888480 0.329248 0.879902 0.334967 0.875000 0.340686 0.869485 0.360294 0.869485 0.365196 0.872549 0.375000 0.885417 0.384804 0.892770 0.385621 0.900735 0.382353 0.902574 0.378268 0.903186 0.356209 0.896446 0.333333 0.892770 0.329248
0 0.839461 0.312908 0.834559 0.320261 0.831495 0.338235 0.831495 0.350490 0.837010 0.365196 0.862745 0.366013 0.865809 0.364379 0.872549 0.346405 0.871936 0.336601 0.869485 0.330882 0.857843 0.315359 0.846201 0.311275
0 0.778186 0.352941 0.774510 0.358660 0.770833 0.375817 0.774510 0.392974 0.775123 0.407680 0.776348 0.410948 0.782475 0.415033 0.801471 0.415033 0.808824 0.410948 0.812500 0.406863 0.814338 0.400327 0.814338 0.387255 0.809436 0.374183 0.798407 0.359477 0.784926 0.352124
0 0.799632 0.340686 0.791667 0.351307 0.792279 0.354575 0.798407 0.359477 0.808211 0.373366 0.814338 0.386438 0.823529 0.383987 0.828431 0.378268 0.831495 0.370098 0.833946 0.367647 0.834559 0.361111 0.831495 0.352941 0.825980 0.345588 0.816789 0.339052 0.806985 0.338235
0 0.827206 0.283497 0.819853 0.284314 0.814951 0.293301 0.800245 0.304739 0.802083 0.327614 0.805760 0.332516 0.814338 0.335784 0.827206 0.334150 0.830882 0.330882 0.836397 0.314542 0.838235 0.299020 0.834559 0.290850
0 0.791667 0.296569 0.786152 0.295752 0.779412 0.299837 0.774510 0.308824 0.775123 0.322712 0.769608 0.341503 0.771446 0.344771 0.778799 0.349673 0.791667 0.348856 0.798407 0.341503 0.800245 0.335784 0.799020 0.309641 0.797181 0.303922
0 0.740196 0.342320 0.737745 0.349673 0.735907 0.376634 0.739583 0.383987 0.743260 0.385621 0.753676 0.385621 0.760417 0.383170 0.767770 0.377451 0.771446 0.371732 0.773284 0.363562 0.773284 0.354575 0.772059 0.350490 0.767157 0.344771
0 0.697917 0.394608 0.688113 0.418301 0.689951 0.424837 0.693015 0.428922 0.707108 0.428922 0.717525 0.431373 0.721814 0.428922 0.728554 0.419935 0.729167 0.407680 0.724877 0.398693 0.708946 0.389706 0.704657 0.389706
0 0.722426 0.334967 0.715686 0.340686 0.715686 0.357026 0.712623 0.366830 0.711397 0.383987 0.717525 0.393791 0.724265 0.397876 0.729167 0.397876 0.732230 0.394608 0.734069 0.388889 0.736520 0.367647 0.736520 0.346405 0.732843 0.339052 0.726103 0.334967
0 0.705270 0.335784 0.696078 0.335784 0.693015 0.337418 0.689951 0.352124 0.689338 0.360294 0.693015 0.386438 0.696691 0.392157 0.701593 0.391340 0.708333 0.383170 0.713848 0.362745 0.714461 0.343954 0.712623 0.340686
0 0.661152 0.365196 0.657475 0.370915 0.658088 0.385621 0.655025 0.401961 0.656250 0.411765 0.664828 0.419935 0.673407 0.422386 0.678309 0.422386 0.685662 0.418301 0.690564 0.411765 0.694240 0.399510 0.694240 0.392157 0.690564 0.381536 0.689338 0.371732 0.686275 0.366830 0.681373 0.363562
0 0.601103 0.354575 0.596814 0.360294 0.593137 0.370098 0.592525 0.384804 0.594363 0.395425 0.599877 0.402778 0.606005 0.406863 0.612745 0.408497 0.621936 0.408497 0.625000 0.406863 0.632353 0.397059 0.636029 0.383170 0.636029 0.375000 0.633578 0.364379 0.620098 0.353758 0.605392 0.352941
0 0.599877 0.351307 0.588235 0.348039 0.579044 0.348856 0.572304 0.352124 0.567402 0.359477 0.565564 0.366830 0.566789 0.383170 0.578431 0.404412 0.583333 0.406046 0.587623 0.405229 0.595588 0.398693 0.592525 0.382353 0.592525 0.375000 0.596814 0.360294 0.599877 0.357026
0 0.544118 0.374183 0.540441 0.377451 0.539216 0.382353 0.540135 0.407190 0.536765 0.424837 0.544118 0.432190 0.549020 0.433824 0.555760 0.431373 0.569240 0.422386 0.574142 0.414216 0.575368 0.406046 0.572917 0.396242 0.568627 0.390114 0.562500 0.382353 0.553309 0.375817
0 0.509804 0.373366 0.504902 0.379902 0.504902 0.401144 0.506740 0.415033 0.512255 0.424837 0.515931 0.428105 0.525123 0.433007 0.529412 0.433007 0.536152 0.424837 0.537377 0.420752 0.539216 0.403595 0.538603 0.378268 0.535539 0.373366 0.531250 0.370915 0.518995 0.370098
0 0.498775 0.419118 0.490196 0.424837 0.483456 0.434641 0.481618 0.454248 0.484069 0.462418 0.497549 0.473856 0.509804 0.474673 0.516544 0.469771 0.521446 0.461601 0.521446 0.446078 0.514706 0.427288 0.506740 0.419935
0 0.451593 0.486928 0.460172 0.499183 0.465074 0.500000 0.476103 0.495915 0.489583 0.486928 0.493260 0.481209 0.493260 0.476307 0.490196 0.470588 0.474877 0.467320 0.458333 0.468137 0.451593 0.477124
0 0.396446 0.449346 0.390931 0.455882 0.389706 0.459967 0.393995 0.480392 0.405025 0.493464 0.412990 0.499183 0.420343 0.499183 0.428309 0.492647 0.433211 0.482026 0.433211 0.464869 0.429534 0.454248 0.426471 0.450163 0.419730 0.447712 0.403799 0.446078
0 0.419730 0.423203 0.416054 0.429739 0.415441 0.438725 0.419730 0.441993 0.430147 0.455882 0.435662 0.471405 0.433211 0.482026 0.441789 0.482843 0.449755 0.477941 0.457721 0.465686 0.458333 0.461601 0.454657 0.443627 0.447304 0.434641 0.434436 0.424020 0.427696 0.422386
0 0.450980 0.417484 0.445466 0.424020 0.444240 0.430556 0.455882 0.444444 0.459559 0.464869 0.460784 0.466503 0.471201 0.466503 0.475490 0.462418 0.479779 0.453431 0.480392 0.434641 0.473652 0.421569 0.464461 0.413399 0.459559 0.413399
0 0.466912 0.380719 0.463848 0.404412 0.465686 0.411765 0.475490 0.421569 0.492647 0.421569 0.505515 0.415850 0.506127 0.406863 0.503676 0.387255 0.500000 0.381536 0.490196 0.375000 0.482843 0.372549 0.473652 0.375000
0 0.489583 0.313725 0.477941 0.329248 0.477941 0.342320 0.482843 0.360294 0.489583 0.374183 0.494485 0.377451 0.503064 0.379085 0.515319 0.366830 0.516544 0.357026 0.516544 0.330065 0.511642 0.320261 0.506127 0.315359 0.502451 0.313725
0 0.552083 0.321895 0.541667 0.321078 0.527574 0.325163 0.518995 0.332516 0.516544 0.340686 0.516544 0.352941 0.517770 0.359477 0.523284 0.367647 0.533088 0.370915 0.536765 0.374183 0.544118 0.374183 0.558211 0.366013 0.563113 0.360294 0.565564 0.353758 0.566176 0.339869 0.556985 0.325163
0 0.559436 0.293301 0.556373 0.297386 0.549632 0.316993 0.561275 0.330065 0.568627 0.340686 0.569853 0.344771 0.580882 0.345588 0.587623 0.343137 0.593137 0.335784 0.594363 0.329248 0.593137 0.310458 0.589461 0.299837 0.584559 0.294118 0.576593 0.290033
0 0.623162 0.277778 0.613358 0.276961 0.607230 0.281046 0.600490 0.288399 0.594363 0.304739 0.595588 0.320261 0.598039 0.326797 0.606005 0.335784 0.621324 0.334967 0.627451 0.329248 0.637255 0.324346 0.639093 0.321078 0.639706 0.303922 0.634191 0.290850
0 0.638480 0.361928 0.634069 0.364706 0.635907 0.373039 0.636826 0.382925 0.633027 0.396160 0.626532 0.406127 0.625613 0.409314 0.631740 0.415033 0.647672 0.419935 0.653186 0.415033 0.655025 0.409314 0.657475 0.388889 0.657475 0.375000 0.652574 0.365196 0.646446 0.361928
0 0.922181 0.264706 0.916667 0.259804 0.908088 0.257353 0.897672 0.257353 0.883578 0.264706 0.877451 0.269608 0.873775 0.276961 0.873775 0.299020 0.880515 0.308007 0.883578 0.309641 0.892770 0.308824 0.903186 0.302288 0.921569 0.286765 0.922794 0.284314 0.923407 0.271242
0 0.860907 0.246732 0.854167 0.244281 0.847426 0.244281 0.838848 0.247549 0.830882 0.263889 0.828431 0.272059 0.827819 0.280229 0.841299 0.301471 0.850490 0.302288 0.860294 0.299837 0.867647 0.294118 0.872549 0.285131 0.875613 0.266340 0.873775 0.261438
0 0.781863 0.245915 0.780637 0.250000 0.781250 0.256536 0.792892 0.271242 0.793505 0.280229 0.792279 0.288399 0.797794 0.297386 0.802083 0.299837 0.806373 0.299020 0.816789 0.289216 0.819853 0.281046 0.820466 0.267974 0.815564 0.256536 0.806985 0.247549 0.797181 0.243464 0.786765 0.243464
0 0.747549 0.250817 0.744485 0.258170 0.743873 0.263889 0.759804 0.274510 0.765931 0.283497 0.769608 0.292484 0.774510 0.294935 0.783701 0.294935 0.789828 0.291667 0.793505 0.279412 0.793505 0.274510 0.781250 0.258170 0.769608 0.249183 0.757353 0.244281 0.752451 0.245098
0 0.726716 0.303922 0.725490 0.312908 0.726716 0.325163 0.736520 0.337418 0.751225 0.342320 0.767770 0.342320 0.773284 0.329248 0.774510 0.314542 0.772672 0.308007 0.765319 0.299346 0.753676 0.290033 0.743260 0.289216 0.734069 0.294935
0 0.707721 0.281046 0.707108 0.290033 0.704657 0.296569 0.696078 0.307190 0.687500 0.310458 0.685662 0.314542 0.686275 0.321078 0.695466 0.333333 0.715686 0.337418 0.720588 0.334150 0.724877 0.326797 0.724265 0.304739 0.719363 0.287582 0.713848 0.281863
0 0.680760 0.250000 0.665441 0.267157 0.661765 0.283497 0.663603 0.293301 0.673407 0.299020 0.681373 0.308824 0.689338 0.309641 0.696078 0.306373 0.704044 0.297386 0.706495 0.291667 0.705882 0.278595 0.703431 0.271242 0.694853 0.257353
0 0.740809 0.232026 0.734069 0.229575 0.723652 0.234477 0.707721 0.234477 0.699755 0.249183 0.699142 0.256536 0.701593 0.261438 0.702819 0.268791 0.710784 0.279412 0.719363 0.283497 0.726103 0.282680 0.742647 0.262255 0.748162 0.248366 0.748162 0.241830
0 0.723039 0.292484 0.724265 0.300654 0.728554 0.299837 0.732843 0.294199 0.739583 0.290850 0.744485 0.288399 0.752451 0.289216 0.765319 0.296569 0.766544 0.295752 0.766544 0.286765 0.762868 0.278595 0.756127 0.271242 0.749387 0.266340 0.742647 0.266340 0.733456 0.272876 0.732230 0.276961 0.727941 0.280229
0 0.644608 0.352124 0.641544 0.330882 0.637255 0.327614 0.630515 0.327614 0.620711 0.334967 0.609069 0.336601 0.606618 0.339052 0.607230 0.348039 0.609681 0.351307 0.621324 0.353758 0.630515 0.361111 0.640319 0.359477
0 0.637868 0.244281 0.631740 0.247549 0.627451 0.253268 0.620711 0.253268 0.618873 0.255719 0.618873 0.263889 0.623162 0.276961 0.626838 0.279412 0.638480 0.296569 0.642770 0.298203 0.654412 0.292484 0.659314 0.285948 0.664216 0.272059 0.664216 0.263889 0.658701 0.260621 0.642157 0.245098
0 0.553922 0.292484 0.547181 0.282680 0.538603 0.276961 0.529412 0.278595 0.520833 0.288399 0.515931 0.299020 0.514093 0.308824 0.514093 0.321895 0.518382 0.326797 0.522672 0.327614 0.541054 0.320261 0.548100 0.316095 0.554534 0.300654
0 0.515319 0.258987 0.506127 0.262255 0.503676 0.265523 0.500613 0.276961 0.504902 0.312092 0.506127 0.315359 0.509804 0.316993 0.512255 0.315359 0.514093 0.310458 0.517157 0.294935 0.527574 0.278595 0.528186 0.267974 0.525123 0.263072
0 0.504902 0.227124 0.503676 0.242647 0.511642 0.254902 0.531863 0.267974 0.537990 0.266340 0.542892 0.262255 0.544118 0.256536 0.543505 0.239379 0.541667 0.233660 0.532843 0.224673 0.525735 0.218954 0.514093 0.218954
0 0.533088 0.215686 0.531250 0.222222 0.541054 0.232843 0.543505 0.239379 0.544118 0.254085 0.542279 0.262255 0.542892 0.264706 0.549632 0.268791 0.557598 0.269608 0.568627 0.261438 0.571691 0.254902 0.573529 0.245098 0.573529 0.230392 0.569853 0.216503 0.564338 0.211601 0.556985 0.208333 0.543505 0.209967
0 0.797794 0.227124 0.794730 0.232026 0.794730 0.241830 0.805147 0.245915 0.814951 0.255719 0.820466 0.265523 0.820466 0.276961 0.822917 0.278595 0.827819 0.272059 0.835172 0.254085 0.836397 0.244281 0.834559 0.235294 0.822917 0.225490 0.800858 0.225490
0 0.916054 0.230392 0.916667 0.238562 0.919730 0.249183 0.925245 0.253268 0.933824 0.254902 0.943015 0.254902 0.958946 0.250817 0.969975 0.242647 0.971814 0.237745 0.968137 0.225490 0.963848 0.219771 0.933211 0.204248 0.923407 0.206699 0.920956 0.209967
0 0.868873 0.246732 0.869485 0.251634 0.876838 0.263889 0.881127 0.263889 0.898897 0.256536 0.912377 0.258170 0.916054 0.254902 0.917279 0.250817 0.916667 0.236111 0.914828 0.232026 0.905637 0.220588 0.898284 0.215686 0.887255 0.214052 0.885417 0.216503 0.883578 0.225490 0.877451 0.239379 0.871936 0.245915
0 0.876838 0.196078 0.867034 0.195261 0.859681 0.201797 0.856618 0.212418 0.845588 0.231209 0.845588 0.236928 0.852328 0.242647 0.862745 0.246732 0.869485 0.245915 0.876225 0.239379 0.881740 0.229575 0.884191 0.221405 0.882966 0.204248 0.881127 0.199346
0 0.873775 0.163399 0.868260 0.162582 0.857843 0.165033 0.851716 0.169118 0.848652 0.174837 0.863358 0.194444 0.871324 0.195261 0.876225 0.191176 0.878064 0.174837 0.877451 0.169935
0 0.981005 0.174020 0.977941 0.172386 0.972426 0.165033 0.966912 0.161765 0.950980 0.162582 0.944240 0.165033 0.932598 0.180556 0.933211 0.196078 0.936275 0.202614 0.941789 0.208333 0.948529 0.210784 0.956495 0.209150 0.963235 0.205065 0.973652 0.194444 0.980392 0.179739
0 0.972426 0.133170 0.965074 0.126634 0.939338 0.126634 0.920343 0.132353 0.917892 0.139706 0.922794 0.151961 0.924020 0.169935 0.927696 0.174837 0.931985 0.177288 0.936275 0.175654 0.940564 0.167484 0.947917 0.162582 0.966299 0.158497 0.971814 0.148693
0 0.881740 0.187908 0.881740 0.196895 0.885417 0.207516 0.890319 0.212418 0.900123 0.214869 0.912990 0.213235 0.920956 0.207516 0.924020 0.200980 0.924632 0.184641 0.921569 0.176471 0.885417 0.177288
0 0.921569 0.151144 0.917892 0.142974 0.911765 0.136438 0.897059 0.136438 0.880515 0.145425 0.876225 0.152778 0.876225 0.160131 0.879902 0.169935 0.889706 0.176471 0.920343 0.175654 0.922794 0.174020
0 0.898897 0.041667 0.900123 0.062092 0.902574 0.065359 0.908088 0.067810 0.918505 0.068627 0.939338 0.066176 0.947304 0.062092 0.952819 0.054739 0.952819 0.047386 0.947917 0.037582 0.933211 0.024510 0.920343 0.017157 0.911765 0.017974 0.906250 0.022876
0 0.887255 0.086601 0.887255 0.102124 0.899510 0.127451 0.903799 0.131536 0.917279 0.129902 0.927083 0.122549 0.939338 0.107026 0.942402 0.094771 0.941176 0.086601 0.927696 0.076797 0.900123 0.075163 0.892770 0.079248
0 0.865196 0.085784 0.863358 0.091503 0.862132 0.107026 0.867034 0.122549 0.868873 0.134804 0.872549 0.142974 0.876225 0.144608 0.881740 0.143791 0.896446 0.133987 0.898284 0.128268 0.897672 0.124183 0.893995 0.120098 0.891544 0.111928 0.887868 0.107843 0.886642 0.103758 0.870711 0.085784
0 0.857843 0.121732 0.854167 0.120098 0.846814 0.120915 0.840074 0.123366 0.837623 0.126634 0.834559 0.164216 0.835784 0.165850 0.846814 0.169935 0.870098 0.160948 0.872549 0.154412 0.871936 0.143791 0.865809 0.129902
0 0.856618 0.000000 0.857843 0.008170 0.860907 0.011438 0.875000 0.017157 0.893382 0.027778 0.899510 0.027778 0.906863 0.022059 0.910539 0.010621 0.909926 0.000000
0 0.863971 0.015523 0.857843 0.018791 0.855392 0.022876 0.856618 0.044935 0.852941 0.060458 0.865196 0.081699 0.870098 0.084150 0.875000 0.084150 0.889093 0.076797 0.898284 0.066176 0.897672 0.044935 0.885417 0.025327 0.878064 0.019608
0 0.849877 0.063725 0.841912 0.063725 0.829044 0.085784 0.822917 0.087418 0.820466 0.090686 0.821691 0.105392 0.825980 0.112745 0.830882 0.114379 0.833946 0.118464 0.837623 0.120098 0.849265 0.118464 0.857230 0.111111 0.861520 0.101307 0.863358 0.082516 0.860907 0.074346 0.856005 0.067810
0 0.811887 0.031863 0.806373 0.034314 0.796569 0.044118 0.794730 0.049837 0.794118 0.066176 0.795956 0.072712 0.805760 0.085784 0.810662 0.088235 0.820466 0.088235 0.830270 0.083333 0.835172 0.076797 0.841299 0.061275 0.840686 0.053922 0.834559 0.042484 0.824755 0.033497
0 0.768995 0.077614 0.763480 0.087418 0.761642 0.094771 0.761642 0.102941 0.764093 0.107843 0.764706 0.116013 0.767770 0.123366 0.774510 0.127451 0.783701 0.128268 0.798407 0.122549 0.804534 0.111928 0.805147 0.093954 0.803309 0.084150 0.795956 0.076797 0.786765 0.073529 0.778186 0.073529
0 0.816176 0.023693 0.813725 0.029412 0.822917 0.032680 0.832108 0.040033 0.840074 0.053105 0.841912 0.060458 0.846814 0.061275 0.855392 0.049837 0.855392 0.026961 0.853554 0.021242 0.846201 0.012255 0.843137 0.010621 0.830270 0.011438
0 0.803309 0.116830 0.793505 0.129902 0.798407 0.159314 0.800858 0.162582 0.818627 0.168301 0.821691 0.170752 0.826593 0.170752 0.831495 0.167484 0.833946 0.163399 0.836397 0.150327 0.837010 0.125817 0.831495 0.116830 0.824755 0.113562 0.809436 0.114379
0 0.782904 0.204330 0.773591 0.202206 0.758578 0.201225 0.745711 0.207516 0.740196 0.215686 0.738358 0.223856 0.739583 0.227941 0.750613 0.241830 0.770221 0.246732 0.775735 0.243464 0.780637 0.237745 0.789216 0.223856 0.788603 0.214869
0 0.759191 0.188725 0.759191 0.200980 0.773284 0.200980 0.782414 0.203023 0.789828 0.215359 0.789400 0.219935 0.792157 0.224673 0.799816 0.221895 0.802390 0.217810 0.803738 0.211601 0.805147 0.205882 0.805147 0.200163 0.799020 0.187908 0.788603 0.178922 0.776348 0.176471 0.767157 0.177288
0 0.745098 0.191176 0.735294 0.183007 0.728554 0.180556 0.722426 0.180556 0.707721 0.187092 0.704044 0.191176 0.700980 0.199346 0.701593 0.208333 0.706495 0.225490 0.710784 0.231209 0.715074 0.233660 0.723652 0.233660 0.733456 0.225490 0.745098 0.207516 0.746324 0.202614 0.746324 0.193627
0 0.681373 0.198529 0.677083 0.214869 0.677083 0.220588 0.680760 0.234477 0.680760 0.242647 0.686275 0.248366 0.697304 0.248366 0.701593 0.244281 0.704044 0.238562 0.704657 0.219771 0.703431 0.213235 0.699755 0.205882 0.691789 0.200163
0 0.648897 0.209967 0.647059 0.213235 0.646446 0.222222 0.640931 0.242647 0.648284 0.251634 0.659926 0.261438 0.665441 0.263889 0.670956 0.262255 0.676471 0.254085 0.678309 0.248366 0.678922 0.234477 0.677696 0.228758 0.673407 0.223039 0.665441 0.219771 0.655025 0.210784
0 0.618873 0.187092 0.610907 0.191176 0.606618 0.200980 0.606005 0.214869 0.607230 0.227124 0.610294 0.236928 0.615196 0.244281 0.623775 0.250817 0.634191 0.246732 0.640931 0.240196 0.646446 0.221405 0.646446 0.206699 0.643995 0.198529 0.639093 0.191993 0.634191 0.188725
0 0.637868 0.179739 0.636029 0.183824 0.636642 0.189542 0.642770 0.196078 0.649510 0.207516 0.666667 0.220588 0.670343 0.221405 0.676471 0.217320 0.680147 0.205882 0.680760 0.196895 0.675245 0.187908 0.667279 0.181373 0.652574 0.174020 0.645221 0.174020
0 0.724877 0.160948 0.721814 0.157680 0.700980 0.157680 0.687500 0.162582 0.679534 0.173203 0.678922 0.180556 0.680760 0.189542 0.687500 0.196078 0.694853 0.196895 0.700980 0.195261 0.707108 0.187908 0.723039 0.178922 0.726103 0.171569
0 0.724877 0.143791 0.721752 0.156944 0.725674 0.163072 0.727083 0.171324 0.724877 0.178922 0.733456 0.182190 0.743260 0.190359 0.748162 0.189542 0.754289 0.181373 0.756740 0.174837 0.756740 0.169118 0.753064 0.156863 0.738358 0.143791 0.734681 0.142157 0.727328 0.142157
0 0.723039 0.006536 0.729167 0.023693 0.733456 0.029412 0.740809 0.032680 0.749387 0.032680 0.754289 0.030229 0.767157 0.017157 0.769608 0.008987 0.768995 0.000000 0.723652 0.000000
0 0.781250 0.021242 0.772672 0.018791 0.765931 0.019608 0.748162 0.033497 0.746324 0.050654 0.750613 0.060458 0.761642 0.071078 0.767157 0.073529 0.776961 0.071895 0.783701 0.066993 0.789216 0.056373 0.791054 0.039216 0.787377 0.027778
0 0.743873 0.090686 0.736520 0.095588 0.731005 0.107026 0.721814 0.117647 0.721814 0.123366 0.726716 0.133987 0.732230 0.139706 0.750000 0.152778 0.753064 0.152778 0.756740 0.145425 0.767157 0.133170 0.767157 0.126634 0.759191 0.098856 0.751838 0.091503
0 0.795343 0.141340 0.792279 0.137255 0.784314 0.135621 0.765319 0.138072 0.763480 0.143791 0.759191 0.143791 0.756740 0.147876 0.755515 0.162582 0.757966 0.170752 0.762868 0.177288 0.777574 0.175654 0.787377 0.178105 0.791667 0.176471 0.795343 0.169118 0.796569 0.161765 0.796569 0.146242
0 0.714461 0.116013 0.705882 0.111111 0.700368 0.111111 0.689951 0.116830 0.679534 0.127451 0.678922 0.134804 0.680760 0.138889 0.682598 0.156046 0.687500 0.160131 0.693015 0.160131 0.698529 0.157680 0.719975 0.155229 0.722426 0.147059 0.721814 0.135621 0.719975 0.125817
0 0.719975 0.008987 0.712623 0.007353 0.693015 0.011438 0.689951 0.013072 0.687500 0.017157 0.685662 0.039216 0.688113 0.046569 0.702206 0.062092 0.706495 0.062908 0.712623 0.059641 0.719363 0.049020 0.726103 0.034314 0.727328 0.029412 0.726716 0.018791 0.724877 0.013072
0 0.712010 0.060458 0.707721 0.065359 0.705882 0.070261 0.707108 0.075980 0.699755 0.097222 0.699755 0.102941 0.703431 0.107843 0.715686 0.115196 0.721201 0.115196 0.725490 0.112745 0.733456 0.101307 0.737132 0.091503 0.737132 0.080882 0.734069 0.070261 0.728554 0.062908 0.723039 0.059641
0 0.615196 0.143791 0.595588 0.139706 0.589461 0.147059 0.587623 0.152778 0.587623 0.167484 0.590686 0.180556 0.590074 0.205882 0.591299 0.207516 0.596814 0.206699 0.601103 0.203431 0.609681 0.191176 0.616422 0.186275 0.625613 0.172386 0.627451 0.166667 0.627451 0.158497 0.625613 0.152778
0 0.557598 0.155229 0.550858 0.162582 0.545343 0.183824 0.549020 0.201797 0.553922 0.207516 0.569240 0.214869 0.579657 0.214869 0.583946 0.212418 0.587623 0.206699 0.590074 0.196895 0.590074 0.179739 0.586397 0.164216 0.580270 0.156863 0.574142 0.153595 0.563725 0.152778
0 0.599265 0.087418 0.596814 0.099673 0.588848 0.121732 0.594975 0.135621 0.598652 0.138889 0.609069 0.141340 0.616422 0.141340 0.625613 0.135621 0.632353 0.125817 0.633578 0.121732 0.634191 0.111111 0.631127 0.100490 0.625000 0.093137 0.617034 0.088235 0.604167 0.085784
0 0.637868 0.053922 0.637255 0.058824 0.630515 0.070261 0.630515 0.092320 0.632108 0.097631 0.632353 0.102124 0.639093 0.112745 0.650123 0.116013 0.654412 0.114379 0.659926 0.115196 0.666054 0.111928 0.671569 0.105392 0.674020 0.097222 0.674632 0.075980 0.672181 0.067810 0.662377 0.053105 0.646446 0.049837
0 0.666054 0.125817 0.664828 0.139706 0.661152 0.147876 0.655637 0.155229 0.651348 0.157680 0.639706 0.159314 0.646446 0.171569 0.664828 0.179739 0.668505 0.179739 0.675858 0.176471 0.680147 0.169935 0.680760 0.146242 0.678309 0.135621 0.670343 0.127451
0 0.591912 0.076797 0.589461 0.075163 0.580882 0.075163 0.571078 0.080882 0.564338 0.088235 0.559436 0.098039 0.557598 0.105392 0.558824 0.115196 0.563113 0.121732 0.567402 0.124183 0.574755 0.125000 0.583333 0.123366 0.588848 0.118464 0.596201 0.101307 0.597426 0.094771 0.597426 0.085784
0 0.585784 0.051471 0.584559 0.056373 0.585172 0.066993 0.588848 0.073529 0.598652 0.082516 0.615196 0.087418 0.620711 0.087418 0.628064 0.083333 0.629289 0.074346 0.632966 0.063725 0.632966 0.054739 0.627451 0.040850 0.624387 0.037582 0.615196 0.033497 0.602941 0.033497 0.596201 0.038399
0 0.634804 0.115196 0.632966 0.124183 0.624387 0.138072 0.626225 0.142157 0.626225 0.149510 0.629902 0.154412 0.638480 0.159314 0.651348 0.157680 0.657475 0.154412 0.662377 0.147876 0.665441 0.138072 0.666054 0.127451 0.662377 0.118464 0.658701 0.116013 0.645833 0.116830 0.639093 0.114379
0 0.667892 0.049020 0.666667 0.055556 0.672794 0.064542 0.675858 0.074346 0.676471 0.090686 0.674020 0.102124 0.683211 0.104575 0.689951 0.102941 0.696691 0.098856 0.703431 0.085784 0.704657 0.078431 0.703431 0.066993 0.693015 0.053922 0.686887 0.049020 0.681373 0.047386 0.671569 0.047386
0 0.639706 0.030229 0.640319 0.041667 0.642157 0.046569 0.662377 0.049020 0.666667 0.044935 0.674020 0.043301 0.683211 0.035131 0.686275 0.028595 0.686275 0.017974 0.682598 0.008987 0.676471 0.000000 0.648897 0.000000 0.647672 0.013072
0 0.600490 0.000000 0.602328 0.023693 0.607230 0.030229 0.624387 0.035948 0.631127 0.035131 0.639706 0.029412 0.647672 0.013072 0.646446 0.000000
0 0.568015 0.000000 0.560049 0.018791 0.558824 0.026961 0.560049 0.035948 0.561887 0.039216 0.571078 0.046569 0.577206 0.049020 0.587623 0.048203 0.599877 0.032680 0.601103 0.028595 0.600490 0.012255 0.598039 0.000000
0 0.550245 0.040033 0.544730 0.043301 0.540441 0.049837 0.539216 0.064542 0.541667 0.084150 0.543505 0.089052 0.551471 0.096405 0.556985 0.098039 0.568015 0.083333 0.579044 0.074346 0.580270 0.071078 0.579657 0.063725 0.575980 0.050654 0.572917 0.049837 0.562500 0.040850
0 0.536152 0.093954 0.523897 0.102124 0.521446 0.105392 0.518382 0.120098 0.519608 0.134804 0.523284 0.145425 0.526593 0.149510 0.529412 0.154412 0.532475 0.158497 0.539216 0.160948 0.551471 0.160131 0.555760 0.156863 0.560662 0.149510 0.560662 0.123366 0.552696 0.100490 0.545343 0.093954
0 0.484681 0.151961 0.483456 0.160948 0.485294 0.179739 0.500613 0.198529 0.511029 0.199346 0.515931 0.196078 0.523284 0.186275 0.529412 0.169935 0.530025 0.157680 0.528186 0.152778 0.522672 0.147876 0.514706 0.146242 0.494485 0.146242
0 0.493873 0.249183 0.482230 0.250000 0.468137 0.262255 0.466912 0.266340 0.462010 0.270425 0.462623 0.278595 0.467525 0.290850 0.476103 0.303922 0.481618 0.307190 0.490196 0.308007 0.498775 0.299837 0.501225 0.294935 0.500613 0.276144 0.503064 0.262255 0.501838 0.258170
0 0.471201 0.183824 0.467525 0.188725 0.462623 0.200163 0.462623 0.206699 0.477328 0.227124 0.481005 0.235294 0.482843 0.247549 0.488971 0.247549 0.498775 0.245833 0.502757 0.238154 0.503064 0.225490 0.495098 0.194444 0.485907 0.183824 0.475490 0.182190
0 0.449755 0.207516 0.446691 0.209150 0.439951 0.219771 0.437500 0.235294 0.437500 0.247549 0.439338 0.254902 0.446078 0.264706 0.459559 0.267157 0.465074 0.264706 0.478554 0.253268 0.481005 0.248366 0.481005 0.242647 0.476716 0.227941 0.466299 0.211601 0.460172 0.207516
0 0.447304 0.149510 0.429534 0.161765 0.425858 0.171569 0.425858 0.181373 0.431985 0.195261 0.439338 0.203431 0.445466 0.206699 0.451593 0.206699 0.457108 0.204248 0.462623 0.198529 0.469975 0.183007 0.470588 0.174020 0.468137 0.158497 0.465686 0.155229 0.456495 0.150327
0 0.506127 0.000000 0.499387 0.013072 0.499387 0.025327 0.501225 0.031046 0.513480 0.044118 0.529412 0.046569 0.533088 0.043301 0.538603 0.035131 0.545956 0.010621 0.545343 0.000000
0 0.504902 0.049020 0.501225 0.054739 0.496936 0.071078 0.500613 0.086601 0.509804 0.099673 0.522059 0.102124 0.530025 0.097222 0.538603 0.088235 0.540441 0.080882 0.539828 0.070261 0.537377 0.060458 0.533088 0.054739 0.523897 0.048203 0.516544 0.045752
0 0.473039 0.108660 0.471201 0.116830 0.471814 0.133170 0.475490 0.137255 0.493873 0.139706 0.500000 0.138889 0.509804 0.133170 0.514706 0.124183 0.515319 0.116830 0.512255 0.103758 0.500000 0.090686 0.489583 0.089869 0.484069 0.092320
0 0.461397 0.031046 0.457108 0.049020 0.457108 0.058007 0.458946 0.064542 0.462623 0.069444 0.472426 0.071078 0.477941 0.075163 0.490196 0.073529 0.495711 0.069444 0.501838 0.050654 0.501838 0.043301 0.499387 0.037582 0.486520 0.027778 0.465686 0.026144
0 0.479167 0.077614 0.471201 0.071895 0.466912 0.073529 0.463848 0.071895 0.458946 0.072712 0.447917 0.077614 0.444240 0.082516 0.439338 0.095588 0.438113 0.107026 0.439951 0.111928 0.445466 0.117647 0.451593 0.117647 0.468750 0.110294 0.474265 0.106209 0.480392 0.097222 0.482230 0.091503 0.481618 0.084150
0 0.422181 0.102124 0.419730 0.102941 0.419118 0.118464 0.417892 0.123366 0.414216 0.129085 0.405025 0.137255 0.405025 0.143791 0.406863 0.149510 0.415441 0.158497 0.430147 0.160131 0.439338 0.156046 0.445466 0.151144 0.448529 0.146242 0.449142 0.134804 0.442402 0.116830 0.430147 0.104575
0 0.390931 0.084150 0.383578 0.091503 0.379289 0.101307 0.376838 0.113562 0.377451 0.122549 0.383578 0.132353 0.392157 0.136438 0.408088 0.135621 0.414216 0.130719 0.417892 0.125000 0.420343 0.117647 0.420343 0.106209 0.411152 0.090686 0.404412 0.084967 0.398284 0.082516
0 0.416667 0.020425 0.404412 0.013889 0.393995 0.015523 0.384804 0.020425 0.379902 0.026961 0.376225 0.038399 0.376225 0.047386 0.381740 0.061275 0.389093 0.067810 0.400735 0.068627 0.420956 0.057190 0.422794 0.051471 0.422181 0.038399 0.419730 0.026961
0 0.422181 0.020425 0.420343 0.024510 0.422181 0.059641 0.428922 0.066176 0.438725 0.069444 0.445466 0.068627 0.451593 0.063725 0.454657 0.058007 0.455882 0.044935 0.458946 0.037582 0.459559 0.028595 0.457108 0.022059 0.452819 0.017157 0.444853 0.013889 0.435049 0.014706
0 0.442402 0.000000 0.443015 0.004902 0.447304 0.011438 0.450980 0.013072 0.457108 0.020425 0.466299 0.025327 0.485294 0.025327 0.490809 0.018791 0.492647 0.009804 0.492647 0.000000
0 0.443015 0.265523 0.434436 0.272059 0.427083 0.283497 0.425245 0.290033 0.425245 0.299837 0.436275 0.318627 0.450368 0.321895 0.460172 0.317810 0.465074 0.312908 0.467525 0.305556 0.467525 0.296569 0.463235 0.280229 0.458333 0.269608
0 0.450980 0.322712 0.444853 0.330882 0.440564 0.345588 0.440564 0.352941 0.444853 0.366013 0.452206 0.373366 0.462623 0.376634 0.471201 0.376634 0.476716 0.374183 0.480392 0.367647 0.481005 0.357843 0.475490 0.330882 0.470588 0.323529 0.463848 0.317810
0 0.428309 0.304739 0.423407 0.299020 0.416667 0.295752 0.403186 0.297386 0.394608 0.303922 0.382966 0.324346 0.382966 0.334150 0.384804 0.344771 0.392157 0.350490 0.403186 0.351307 0.419118 0.343954 0.427083 0.342320 0.431985 0.336601 0.434436 0.328431 0.433211 0.316176
0 0.409926 0.199346 0.402574 0.205882 0.399510 0.216503 0.409926 0.227124 0.421569 0.249183 0.427696 0.254085 0.433824 0.245098 0.436887 0.236928 0.439338 0.214869 0.438725 0.205065 0.435662 0.200163 0.431985 0.197712 0.419730 0.196895
0 0.390319 0.218137 0.384191 0.230392 0.385417 0.254085 0.383578 0.263889 0.386642 0.271242 0.390931 0.274510 0.401961 0.275327 0.409314 0.273693 0.419730 0.267974 0.422794 0.260621 0.422794 0.250817 0.413603 0.232026 0.400123 0.218137
0 0.354779 0.213235 0.348652 0.218954 0.343750 0.234477 0.343750 0.242647 0.351103 0.263889 0.356005 0.268791 0.364583 0.271242 0.373162 0.270425 0.378676 0.267157 0.383578 0.260621 0.386029 0.247549 0.384804 0.237745 0.379902 0.220588 0.377451 0.216503 0.370711 0.211601 0.362132 0.210784
0 0.356005 0.269608 0.350490 0.279412 0.348652 0.286765 0.349265 0.295752 0.352941 0.306373 0.359069 0.317810 0.364583 0.323529 0.373162 0.325980 0.382353 0.321895 0.390319 0.310458 0.394608 0.299837 0.394608 0.288399 0.393382 0.285948 0.380515 0.274510 0.374387 0.272059 0.363971 0.272059
0 0.404412 0.352124 0.400735 0.360294 0.400735 0.368464 0.413603 0.400327 0.418505 0.405229 0.422794 0.406863 0.428309 0.406863 0.439338 0.400327 0.444240 0.387255 0.443627 0.366013 0.439951 0.354575 0.428922 0.344771 0.415441 0.346405
0 0.371936 0.373366 0.365809 0.385621 0.364583 0.394608 0.373775 0.415033 0.382353 0.426471 0.392770 0.436275 0.401961 0.436275 0.406250 0.433824 0.411152 0.425654 0.412377 0.408497 0.409926 0.392974 0.400735 0.370915 0.393995 0.366830 0.388480 0.366013 0.383578 0.366830
0 0.454044 0.381536 0.447917 0.372549 0.444853 0.372549 0.441789 0.395425 0.436275 0.404412 0.431985 0.406863 0.424020 0.407680 0.414828 0.402778 0.411765 0.397059 0.411152 0.404412 0.412377 0.410131 0.419730 0.417484 0.431985 0.423203 0.441789 0.424020 0.447304 0.421569 0.453431 0.413399 0.455270 0.408497 0.455882 0.390523
0 0.373162 0.415850 0.364583 0.415850 0.356005 0.420752 0.348652 0.434641 0.349265 0.450163 0.356618 0.466503 0.359069 0.468137 0.367034 0.468954 0.375613 0.466503 0.386029 0.457516 0.390319 0.447712 0.391544 0.441176 0.390319 0.435458
0 0.322304 0.447712 0.316176 0.453431 0.313113 0.460784 0.313113 0.468954 0.317402 0.484477 0.321078 0.491013 0.330882 0.497549 0.343750 0.497549 0.350490 0.487745 0.354779 0.476307 0.354779 0.466503 0.352328 0.456699 0.343750 0.446895 0.338235 0.444444
0 0.330270 0.385621 0.319240 0.388072 0.310662 0.392157 0.307598 0.395425 0.308211 0.404412 0.313725 0.419118 0.315564 0.435458 0.325368 0.445261 0.335172 0.444444 0.346201 0.436275 0.350490 0.429739 0.352941 0.416667 0.350490 0.406863 0.338848 0.392974
0 0.368260 0.344771 0.352941 0.343954 0.337010 0.358660 0.335784 0.371732 0.331495 0.383170 0.337623 0.392157 0.349265 0.401961 0.356618 0.400327 0.363971 0.392157 0.370711 0.373366 0.371936 0.365196 0.371936 0.352941
0 0.303922 0.450163 0.283088 0.454248 0.280025 0.457516 0.272059 0.475490 0.273284 0.484477 0.287377 0.501634 0.303309 0.504902 0.306373 0.503268 0.313725 0.491830 0.314338 0.477124 0.313113 0.468137 0.308824 0.455882
0 0.263480 0.477941 0.255515 0.477124 0.246936 0.480392 0.243873 0.484477 0.238971 0.500000 0.237745 0.507353 0.238971 0.519608 0.247549 0.534314 0.259191 0.534314 0.265319 0.531046 0.278186 0.517974 0.282475 0.509804 0.282475 0.500000 0.278799 0.491830
0 0.234681 0.465686 0.223039 0.462418 0.213848 0.470588 0.200980 0.470588 0.194853 0.480392 0.194240 0.486928 0.197917 0.499183 0.206495 0.511438 0.213848 0.517157 0.225490 0.516340 0.234681 0.507353 0.242034 0.487745 0.238358 0.471405
0 0.240809 0.426471 0.233456 0.436275 0.230392 0.447712 0.230392 0.459150 0.238358 0.469771 0.240809 0.477124 0.249387 0.478758 0.261642 0.476307 0.272672 0.466503 0.275123 0.459967 0.275123 0.450980 0.272059 0.439542 0.268382 0.434641 0.261029 0.428105 0.248775 0.424020
0 0.284314 0.392974 0.281250 0.396242 0.272672 0.419935 0.271446 0.426471 0.272059 0.439542 0.276961 0.448529 0.281863 0.451797 0.292279 0.452614 0.303922 0.449346 0.310662 0.441993 0.313725 0.435458 0.312500 0.416667 0.306373 0.402778 0.299632 0.395425 0.291667 0.392157
0 0.256127 0.365196 0.248775 0.370098 0.240809 0.393791 0.240196 0.404412 0.243873 0.418301 0.246324 0.422386 0.253676 0.426471 0.262868 0.427288 0.268995 0.424020 0.273897 0.417484 0.281250 0.395425 0.281250 0.387255 0.278799 0.379085 0.268382 0.366830
0 0.246324 0.326797 0.244485 0.345588 0.250000 0.357843 0.257966 0.362745 0.268995 0.365196 0.283088 0.364379 0.287377 0.361928 0.289828 0.357843 0.290441 0.343954 0.288603 0.339052 0.275735 0.316993 0.268995 0.309641 0.262868 0.308007 0.257966 0.311275
0 0.292892 0.346405 0.289216 0.360294 0.289828 0.373366 0.294118 0.383170 0.301471 0.390523 0.306985 0.392157 0.327819 0.384804 0.335172 0.372549 0.335784 0.366830 0.329044 0.353758 0.314951 0.339869 0.307598 0.337418 0.302083 0.338235 0.296569 0.341503
0 0.283088 0.277778 0.275123 0.285948 0.272059 0.294118 0.273284 0.311275 0.277574 0.320261 0.284926 0.329248 0.294730 0.333333 0.302696 0.333333 0.313113 0.327614 0.316789 0.315359 0.316789 0.304739 0.313725 0.293301 0.310049 0.285948 0.304534 0.279412 0.297794 0.275327
0 0.325980 0.299837 0.319853 0.304739 0.316789 0.313725 0.314951 0.325980 0.319240 0.341503 0.332721 0.355392 0.342525 0.353758 0.349877 0.347222 0.357230 0.336601 0.359681 0.328431 0.359069 0.319444 0.350490 0.303922 0.345588 0.299020
0 0.327819 0.237745 0.319853 0.241830 0.315564 0.246732 0.308824 0.269608 0.310662 0.280229 0.316789 0.290850 0.324755 0.296569 0.332721 0.296569 0.339461 0.291667 0.346201 0.290850 0.347426 0.289216 0.351716 0.267974 0.349265 0.256536 0.344975 0.245098 0.341912 0.241013 0.336397 0.237745
0 0.278186 0.203431 0.273897 0.209150 0.271446 0.218137 0.275123 0.263072 0.284314 0.275327 0.298407 0.274510 0.309436 0.264706 0.313725 0.253268 0.313725 0.245915 0.310049 0.236111 0.297794 0.214052 0.283701 0.203431
0 0.228554 0.274510 0.223039 0.280229 0.219975 0.288399 0.219975 0.298203 0.226103 0.319444 0.231005 0.325980 0.234681 0.328431 0.243873 0.328431 0.261029 0.308007 0.262868 0.301471 0.261642 0.284314 0.256127 0.276144 0.252451 0.274510
0 0.224265 0.342320 0.211397 0.352941 0.210172 0.368464 0.212010 0.379085 0.216912 0.392157 0.227941 0.401961 0.233456 0.403595 0.242034 0.391340 0.245098 0.383170 0.248162 0.369281 0.248162 0.357026 0.245098 0.348856 0.241422 0.344771 0.234681 0.342320
0 0.846201 0.174020 0.838848 0.174020 0.832721 0.177288 0.830270 0.180556 0.829657 0.185458 0.832108 0.200163 0.830576 0.214134 0.827206 0.220588 0.827206 0.226307 0.833946 0.232843 0.843137 0.232843 0.845588 0.231209 0.852941 0.217320 0.854718 0.213480 0.857230 0.209967 0.859681 0.202614 0.859681 0.191176 0.857843 0.184641
0 0.799020 0.166667 0.794118 0.174020 0.793505 0.180556 0.799632 0.187908 0.802696 0.196078 0.806189 0.200490 0.805699 0.208987 0.804534 0.214869 0.803922 0.221405 0.813725 0.223856 0.823529 0.222222 0.828431 0.216503 0.831679 0.205147 0.829657 0.189542 0.826593 0.178922 0.818627 0.168301 0.803922 0.164216
0 0.180760 0.433007 0.171569 0.437092 0.162377 0.444444 0.158701 0.451797 0.158088 0.463235 0.163603 0.477941 0.177696 0.486928 0.186887 0.486928 0.190564 0.485294 0.194853 0.479575 0.199755 0.465686 0.191176 0.445261 0.189951 0.435458 0.186887 0.433007
0 0.204044 0.410131 0.196691 0.413399 0.191789 0.420752 0.190564 0.428105 0.191789 0.443627 0.194240 0.452614 0.201593 0.464869 0.205882 0.468137 0.213848 0.468954 0.217525 0.466503 0.223652 0.455882 0.227328 0.441176 0.226716 0.424020 0.223652 0.417484 0.218750 0.411765
0 0.182598 0.352941 0.171569 0.375817 0.172181 0.384804 0.176471 0.394608 0.193627 0.410131 0.199142 0.410948 0.210172 0.407680 0.215686 0.394608 0.215686 0.389706 0.210784 0.375000 0.208333 0.356209 0.204044 0.351307 0.194853 0.348039 0.189338 0.348856
0 0.158088 0.382353 0.148897 0.390523 0.145221 0.398693 0.148284 0.412582 0.147672 0.431373 0.148897 0.435458 0.154412 0.440359 0.162377 0.441993 0.181985 0.431373 0.186275 0.420752 0.186275 0.411765 0.184436 0.406046 0.177083 0.397059 0.170343 0.384804 0.166054 0.382353
0 0.114583 0.401144 0.109069 0.409314 0.108456 0.419118 0.109681 0.424837 0.117647 0.441176 0.125613 0.451797 0.134191 0.456699 0.139093 0.454248 0.147672 0.431373 0.148284 0.418301 0.145833 0.402778 0.139093 0.395425
0 0.096201 0.410131 0.087010 0.410131 0.085172 0.411765 0.076593 0.442810 0.076593 0.450980 0.081495 0.463235 0.087623 0.470588 0.099877 0.467320 0.106005 0.463235 0.110907 0.457516 0.115809 0.443627 0.115196 0.437092 0.107843 0.420752
0 0.012255 0.464869 0.006740 0.475490 0.006127 0.486111 0.007353 0.490196 0.014706 0.503268 0.020221 0.509804 0.033701 0.512255 0.041667 0.502451 0.044730 0.494281 0.045956 0.474673 0.043505 0.464869 0.039216 0.459150 0.034926 0.457516 0.028799 0.457516 0.022672 0.461601
0 0.000000 0.487745 0.000000 0.544935 0.001838 0.544935 0.014093 0.537582 0.017157 0.533497 0.021446 0.517157 0.017157 0.506536 0.012868 0.502451 0.007966 0.491830 0.003064 0.487745
0 0.069853 0.354575 0.066176 0.360294 0.064338 0.366830 0.064338 0.375817 0.070466 0.392157 0.085172 0.406046 0.094975 0.408497 0.099877 0.407680 0.101716 0.395425 0.106618 0.381536 0.106005 0.371732 0.099877 0.356209 0.095588 0.350490 0.088235 0.347222 0.081495 0.347222
0 0.016544 0.346405 0.008578 0.355392 0.006740 0.360294 0.007353 0.383987 0.011029 0.396242 0.016544 0.404412 0.019608 0.406046 0.031250 0.405229 0.039828 0.397876 0.047181 0.387255 0.047794 0.372549 0.043505 0.360294 0.031250 0.348039
0 0.014706 0.406863 0.011642 0.408497 0.013480 0.416667 0.013480 0.430556 0.006127 0.443627 0.000000 0.447712 0.000000 0.457516 0.012255 0.463235 0.020833 0.461601 0.029412 0.455065 0.032475 0.447712 0.034314 0.435458 0.033088 0.424020 0.028186 0.414216 0.022059 0.409314
0 0.000000 0.269608 0.000000 0.283497 0.002451 0.286765 0.003676 0.325980 0.005515 0.328431 0.012255 0.328431 0.021446 0.321078 0.025123 0.314542 0.030025 0.298203 0.029412 0.289216 0.027574 0.281046 0.023897 0.275327 0.011029 0.268791
0 0.000000 0.395425 0.000000 0.447712 0.005270 0.442565 0.011336 0.432435 0.012684 0.419036 0.011642 0.408497 0.002451 0.395425
0 0.066176 0.294935 0.059436 0.294935 0.041054 0.299837 0.035539 0.307190 0.027574 0.324346 0.025735 0.336601 0.028186 0.344771 0.044118 0.358660 0.053309 0.359477 0.055760 0.357843 0.063113 0.346405 0.074755 0.316993 0.073529 0.303922
0 0.140319 0.349673 0.135417 0.348039 0.125000 0.350490 0.114583 0.348856 0.107230 0.353758 0.106005 0.361111 0.107230 0.383170 0.109681 0.391340 0.114583 0.399510 0.120711 0.399510 0.137255 0.393791 0.149510 0.381536 0.150735 0.371732 0.144608 0.361928
0 0.175245 0.315359 0.166054 0.314542 0.158701 0.317810 0.145221 0.331699 0.139706 0.339869 0.140931 0.347222 0.148284 0.362745 0.160539 0.375000 0.168505 0.375817 0.170956 0.374183 0.182598 0.350490 0.185049 0.335784 0.184436 0.327614 0.180147 0.318627
0 0.158088 0.304739 0.150368 0.300654 0.140870 0.300654 0.127206 0.307925 0.114890 0.319363 0.113358 0.325163 0.114583 0.334967 0.118260 0.346405 0.121324 0.349673 0.126225 0.349673 0.138480 0.339869 0.157475 0.317810 0.159314 0.313725
0 0.087623 0.290033 0.077206 0.303922 0.074142 0.324346 0.075368 0.338235 0.080270 0.344771 0.091912 0.348039 0.101103 0.347222 0.110907 0.342320 0.113971 0.337418 0.112745 0.325163 0.113358 0.315359 0.110907 0.308824 0.098652 0.292484 0.093137 0.290033
0 0.029412 0.281046 0.030637 0.293301 0.038603 0.298203 0.049020 0.298203 0.066176 0.294935 0.074755 0.288399 0.074755 0.283497 0.069240 0.276961 0.052083 0.276961 0.041054 0.270425 0.036152 0.270425 0.032475 0.272876
0 0.035539 0.229575 0.030637 0.237745 0.029412 0.246732 0.030637 0.254902 0.033088 0.259804 0.042279 0.271242 0.052696 0.276961 0.068015 0.274510 0.071078 0.257353 0.063113 0.227941 0.057598 0.221405 0.049632 0.220588
0 0.091299 0.232843 0.082108 0.238562 0.075980 0.245915 0.071691 0.255719 0.070466 0.272876 0.074142 0.281046 0.078431 0.285948 0.085784 0.289216 0.096201 0.290033 0.105392 0.285948 0.109069 0.280229 0.111520 0.272059 0.111520 0.250817 0.106005 0.236111 0.098652 0.232843
0 0.107843 0.283497 0.107843 0.299837 0.112132 0.312908 0.115196 0.316993 0.130208 0.304248 0.147672 0.299020 0.149510 0.295752 0.150123 0.288399 0.148897 0.283497 0.138480 0.273693 0.118260 0.272876 0.112745 0.275327
0 0.213235 0.292484 0.197855 0.300899 0.187500 0.315359 0.186275 0.321895 0.187500 0.338235 0.191789 0.344771 0.196078 0.348039 0.205270 0.351307 0.213235 0.350490 0.219975 0.345588 0.224877 0.337418 0.226103 0.330065 0.224877 0.315359 0.218750 0.297386
0 0.349265 0.121732 0.338235 0.138889 0.338235 0.145425 0.341912 0.158497 0.346201 0.165850 0.352941 0.172386 0.370711 0.172386 0.377451 0.161765 0.379902 0.154412 0.378676 0.134804 0.376225 0.125000 0.369485 0.116830 0.359681 0.116830
0 0.371324 0.053105 0.358456 0.053922 0.348652 0.059641 0.344975 0.063725 0.340686 0.074346 0.340686 0.082516 0.345588 0.090686 0.349265 0.102941 0.357230 0.110294 0.365809 0.111111 0.376838 0.104575 0.379902 0.099673 0.382966 0.089869 0.381127 0.066993 0.375613 0.055556
0 0.341299 0.004085 0.333946 0.008987 0.326593 0.017157 0.319853 0.032680 0.319853 0.036765 0.330270 0.050654 0.333946 0.053105 0.344975 0.056373 0.357843 0.053922 0.363358 0.048203 0.365809 0.042484 0.366422 0.030229 0.362132 0.013072 0.356005 0.004085
0 0.321691 0.040850 0.314338 0.036765 0.305760 0.036765 0.302083 0.038399 0.297181 0.044118 0.291054 0.055556 0.285539 0.070261 0.285539 0.076797 0.288603 0.087418 0.297794 0.093954 0.308211 0.093954 0.330882 0.075163 0.333946 0.070261 0.333946 0.062092 0.331495 0.059641 0.329044 0.050654
0 0.338235 0.081699 0.334559 0.080065 0.323529 0.081699 0.313113 0.091503 0.309436 0.099673 0.306373 0.102124 0.306373 0.115196 0.313725 0.133987 0.319240 0.140523 0.329657 0.141340 0.335784 0.138889 0.346814 0.122549 0.348039 0.106209 0.344975 0.090686
0 0.284314 0.109477 0.275123 0.124183 0.272672 0.131536 0.272059 0.143791 0.274510 0.151961 0.279412 0.158497 0.285539 0.161765 0.302696 0.160131 0.309436 0.156046 0.313725 0.148693 0.314338 0.144608 0.313725 0.133170 0.309436 0.123366 0.299020 0.109477 0.295343 0.107843
0 0.263480 0.222222 0.248162 0.222222 0.233456 0.236928 0.231618 0.241830 0.231618 0.259804 0.232843 0.264706 0.236520 0.269608 0.248775 0.273693 0.262255 0.274510 0.267770 0.272059 0.273284 0.265523 0.273284 0.240196
0 0.189338 0.214869 0.188725 0.223856 0.191176 0.231209 0.202819 0.237745 0.212010 0.241013 0.218750 0.241013 0.229167 0.237745 0.234069 0.231209 0.234069 0.207516 0.231005 0.200163 0.224877 0.191993 0.221201 0.189542 0.212623 0.188725 0.203431 0.193627 0.193015 0.206699
0 0.258578 0.164216 0.251838 0.165033 0.242034 0.170752 0.237745 0.176471 0.234681 0.190359 0.235294 0.205065 0.242647 0.217320 0.249387 0.221405 0.259804 0.221405 0.268382 0.217320 0.272672 0.212418 0.276348 0.200980 0.275123 0.184641 0.272672 0.176471 0.263480 0.166667
0 0.139706 0.219771 0.134191 0.229575 0.132966 0.235294 0.132353 0.253268 0.134191 0.259804 0.141544 0.269608 0.145221 0.272059 0.153186 0.274510 0.163603 0.272059 0.174632 0.246487 0.174020 0.236928 0.162377 0.221405 0.155025 0.216503 0.148284 0.215686
0 0.182598 0.241830 0.178431 0.244853 0.174632 0.247549 0.170466 0.257761 0.166054 0.267157 0.166054 0.270425 0.166728 0.275245 0.169118 0.280229 0.173407 0.290850 0.176593 0.293709 0.177696 0.294935 0.183946 0.299101 0.189338 0.303105 0.193260 0.303595 0.202390 0.295752 0.209559 0.290850 0.210172 0.283497 0.207108 0.273693 0.204228 0.257353 0.197426 0.247712 0.195343 0.244363 0.192463 0.243546 0.189951 0.241830
0 0.199142 0.167484 0.190564 0.165033 0.178922 0.165033 0.173223 0.169199 0.165686 0.181944 0.164216 0.196078 0.166054 0.200980 0.174632 0.212418 0.178922 0.214869 0.187500 0.214052 0.199755 0.198529 0.202819 0.191176 0.204657 0.178922 0.202819 0.171569
0 0.170956 0.163399 0.167892 0.158497 0.157475 0.150327 0.150123 0.148693 0.142770 0.151961 0.137868 0.158497 0.132353 0.172386 0.131740 0.183824 0.132966 0.190359 0.137255 0.196078 0.140319 0.196895 0.158701 0.195261 0.164216 0.191176 0.164338 0.183252 0.167218 0.176389 0.169485 0.172631 0.171140 0.167974
0 0.092525 0.175654 0.089461 0.182190 0.089461 0.196895 0.094975 0.206699 0.107843 0.216503 0.113971 0.218954 0.123162 0.218137 0.127451 0.214052 0.131127 0.205065 0.132353 0.187908 0.129289 0.174837 0.125000 0.168301 0.113971 0.167484 0.106618 0.169118
0 0.063725 0.138072 0.054534 0.147876 0.052083 0.154412 0.050245 0.168301 0.049632 0.200980 0.052696 0.208333 0.058211 0.211601 0.074755 0.211601 0.083946 0.206699 0.087010 0.201797 0.087623 0.187092 0.084559 0.165850 0.078431 0.150327 0.074755 0.145425
0 0.026961 0.162582 0.020221 0.166667 0.014706 0.174020 0.012868 0.180556 0.007966 0.188725 0.008578 0.196895 0.013480 0.209967 0.020221 0.216503 0.032475 0.221405 0.037377 0.221405 0.043505 0.214869 0.047181 0.205882 0.049632 0.185458 0.047181 0.171569 0.042892 0.165850 0.036152 0.162582
0 0.013480 0.211601 0.000000 0.215686 0.000000 0.258987 0.006127 0.265523 0.014093 0.267974 0.022059 0.264706 0.028186 0.254085 0.030637 0.237745 0.033088 0.230392 0.033088 0.223856 0.031250 0.220588 0.025735 0.219771
0 0.014093 0.127451 0.000000 0.128268 0.000000 0.191176 0.008578 0.185458 0.014093 0.175654 0.017770 0.165033 0.018995 0.147059 0.016544 0.142157 0.016544 0.132353
0 0.055147 0.074346 0.047794 0.071078 0.028799 0.070261 0.018382 0.074346 0.015319 0.079248 0.013480 0.087418 0.014706 0.102124 0.017157 0.111111 0.025735 0.120098 0.031250 0.122549 0.037990 0.120915 0.045343 0.116013 0.051471 0.107843 0.054534 0.106209 0.058824 0.098039 0.058824 0.083333
0 0.056373 0.049020 0.048407 0.059641 0.046569 0.064542 0.047181 0.070261 0.052083 0.071078 0.058211 0.079248 0.059436 0.096405 0.061275 0.099673 0.072917 0.099673 0.077819 0.097222 0.087010 0.085784 0.083333 0.062908 0.077206 0.053922 0.070466 0.049020
0 0.083333 0.044118 0.079044 0.049020 0.078431 0.055556 0.083946 0.064542 0.087623 0.080882 0.087010 0.086601 0.088848 0.090686 0.091299 0.093137 0.109681 0.092320 0.115196 0.080882 0.116422 0.071895 0.115809 0.058007 0.112132 0.049020 0.107843 0.044118 0.104167 0.042484 0.088235 0.042484
0 0.088235 0.094771 0.082108 0.100490 0.079657 0.105392 0.079657 0.124183 0.081495 0.129085 0.094363 0.148693 0.098652 0.150327 0.109681 0.149510 0.117034 0.141340 0.123775 0.122549 0.124387 0.111928 0.121936 0.104575 0.119485 0.101307 0.107843 0.094771 0.094975 0.094771 0.092525 0.093137
0 0.151348 0.122549 0.146446 0.120098 0.131740 0.120915 0.124387 0.126634 0.120711 0.137255 0.119485 0.148693 0.120711 0.154412 0.126225 0.164216 0.130515 0.166667 0.133578 0.165850 0.140931 0.154412 0.146446 0.149510 0.159314 0.148693 0.159314 0.135621 0.156250 0.128268
0 0.192831 0.234477 0.190809 0.240931 0.195466 0.244281 0.204289 0.255882 0.206434 0.266993 0.207721 0.274510 0.210172 0.284314 0.212623 0.287582 0.218199 0.288399 0.227941 0.272059 0.230392 0.254085 0.230699 0.244935 0.227635 0.240196 0.211949 0.241830 0.200980 0.237745
0 0.152574 0.283497 0.151348 0.293301 0.153186 0.298203 0.160539 0.305556 0.162990 0.312908 0.183211 0.312908 0.189338 0.310458 0.192525 0.305065 0.188480 0.304984 0.185172 0.300980 0.173468 0.293301 0.166054 0.276961 0.162990 0.273693 0.157475 0.276144
0 0.234069 0.091503 0.233456 0.105392 0.235907 0.112745 0.246936 0.126634 0.252451 0.129902 0.265319 0.130719 0.272672 0.127451 0.281250 0.111928 0.281863 0.101307 0.280637 0.095588 0.271446 0.082516 0.266544 0.080882 0.243873 0.080882
0 0.213848 0.126634 0.206495 0.137255 0.202819 0.152778 0.203431 0.164216 0.212010 0.174837 0.216912 0.178105 0.235907 0.178105 0.242647 0.169118 0.243873 0.161765 0.243873 0.153595 0.240196 0.136438 0.232843 0.126634 0.224877 0.123366
0 0.189338 0.106209 0.185049 0.106209 0.174020 0.113562 0.169730 0.113562 0.164828 0.120915 0.161765 0.136438 0.161765 0.143791 0.164828 0.153595 0.173407 0.160131 0.185662 0.160948 0.191789 0.159314 0.199142 0.155229 0.204044 0.147876 0.204657 0.135621 0.203431 0.129085 0.198529 0.117647
0 0.194240 0.072712 0.190564 0.080065 0.189338 0.095588 0.190564 0.105392 0.202819 0.121732 0.208946 0.125817 0.213848 0.126634 0.223652 0.122549 0.229167 0.113562 0.232230 0.102941 0.232843 0.090686 0.229167 0.079248 0.224877 0.073529 0.218137 0.070261 0.202819 0.068627
0 0.238971 0.031046 0.234069 0.050654 0.234069 0.059641 0.237132 0.071895 0.243260 0.078431 0.251225 0.080065 0.275735 0.078431 0.281250 0.075163 0.288603 0.062092 0.288603 0.053922 0.284314 0.043301 0.271446 0.031863 0.252451 0.024510 0.243873 0.026144
0 0.254289 0.000000 0.253676 0.008170 0.263480 0.022876 0.270221 0.029412 0.279412 0.031046 0.283701 0.029412 0.287377 0.023693 0.289828 0.011438 0.289828 0.000000
0 0.126225 0.075163 0.122549 0.082516 0.121324 0.089052 0.121324 0.101307 0.126225 0.116013 0.129902 0.119281 0.145221 0.117647 0.153799 0.112745 0.158088 0.107026 0.157475 0.102124 0.149510 0.086601 0.146446 0.071895 0.142770 0.070261 0.132966 0.070261
0 0.147672 0.069444 0.147672 0.077614 0.151961 0.092320 0.159314 0.105392 0.165441 0.111111 0.174020 0.112745 0.181373 0.109477 0.186887 0.103758 0.189951 0.091503 0.189951 0.082516 0.184436 0.072712 0.174632 0.066993 0.161152 0.062908 0.153186 0.062908
0 0.041054 0.026961 0.031863 0.023693 0.022059 0.024510 0.015931 0.026961 0.008578 0.035131 0.006740 0.042484 0.007353 0.053922 0.017157 0.073529 0.025735 0.070261 0.041667 0.068627 0.043505 0.066176 0.045956 0.058007 0.046569 0.042484 0.045343 0.034314
0 0.212623 0.010621 0.207721 0.012255 0.197304 0.022876 0.196078 0.029412 0.202206 0.062092 0.207108 0.067810 0.216912 0.069444 0.221201 0.067810 0.231618 0.055556 0.236520 0.040033 0.236520 0.031863 0.234681 0.025327 0.229779 0.018791 0.220588 0.011438
0 0.134804 0.015523 0.120098 0.022876 0.115196 0.032680 0.115196 0.040850 0.118260 0.051471 0.123162 0.060458 0.129902 0.067810 0.139706 0.069444 0.147059 0.065359 0.149510 0.060458 0.145221 0.044118 0.151961 0.017974
0 0.100490 0.000000 0.104167 0.017974 0.106618 0.021242 0.114583 0.024510 0.123775 0.021242 0.132353 0.015523 0.137868 0.008170 0.138480 0.000000
0 0.073529 0.000000 0.075980 0.009804 0.083946 0.018791 0.100490 0.020425 0.103554 0.017157 0.104167 0.010621 0.102328 0.000000
0 0.170956 0.000000 0.170956 0.004085 0.176471 0.009804 0.188725 0.014706 0.197304 0.011438 0.202819 0.003268 0.202819 0.000000
0 0.216912 0.000000 0.216912 0.003268 0.223652 0.013072 0.234069 0.021242 0.245711 0.020425 0.251225 0.009804 0.251225 0.000000
0 0.310662 0.159314 0.305147 0.159314 0.297426 0.160376 0.287990 0.164216 0.280637 0.168301 0.275123 0.177288 0.275123 0.183824 0.278186 0.195261 0.284314 0.201797 0.299020 0.212418 0.306985 0.213235 0.313113 0.210784 0.315564 0.207516 0.318627 0.197712 0.319240 0.180556 0.314951 0.164216
0 0.618873 0.538399 0.614583 0.527778 0.603554 0.512255 0.597426 0.509804 0.588848 0.512255 0.587010 0.516340 0.587010 0.527778 0.579044 0.537582 0.571078 0.544118 0.571691 0.562908 0.577819 0.564134 0.581066 0.565441 0.582721 0.565359 0.592525 0.565359 0.597672 0.562663 0.603554 0.559641 0.607475 0.558415 0.611520 0.557190 0.613358 0.553922 0.619485 0.550654
0 0.681985 0.312908 0.681373 0.319444 0.675858 0.334150 0.675245 0.340686 0.669730 0.348856 0.660539 0.355392 0.646446 0.349673 0.645833 0.352124 0.647672 0.357026 0.651961 0.362745 0.665441 0.363562 0.674632 0.361928 0.686887 0.357026 0.689338 0.353758 0.691176 0.343954 0.691176 0.332516 0.688113 0.325163 0.682598 0.318627
0 0.653799 0.293301 0.641544 0.301471 0.639706 0.321895 0.642157 0.332516 0.649510 0.350490 0.655637 0.355392 0.659314 0.356209 0.666667 0.353758 0.673407 0.346405 0.678922 0.327614 0.683211 0.321078 0.683211 0.314542 0.678922 0.304739 0.672794 0.299020 0.664216 0.294935
0 0.056985 0.105392 0.052696 0.107026 0.045956 0.115196 0.036765 0.121732 0.029412 0.122549 0.021446 0.115196 0.017157 0.114379 0.015319 0.116830 0.015319 0.122549 0.023897 0.139706 0.026961 0.142974 0.033701 0.145425 0.041054 0.144608 0.045343 0.142157 0.053309 0.131536 0.057598 0.117647
0 0.000000 0.080882 0.000000 0.125817 0.004289 0.125817 0.012868 0.120915 0.015931 0.115196 0.016544 0.110294 0.012255 0.089869 0.006127 0.081699
0 0.406250 0.000000 0.406250 0.002451 0.413603 0.011438 0.422794 0.010621 0.431373 0.003268 0.431373 0.000000
0 0.029412 0.722222 0.017770 0.731209 0.000000 0.732843 0.000000 0.772059 0.007353 0.772059 0.015319 0.769608 0.022672 0.760621 0.031863 0.741830 0.031863 0.729575
0 0.082108 0.402778 0.066789 0.398693 0.051471 0.408497 0.047794 0.413399 0.042279 0.432190 0.042279 0.435458 0.047181 0.446895 0.056373 0.454248 0.066176 0.454248 0.073529 0.450980 0.075980 0.446895 0.083946 0.417484 0.083946 0.408497
0 0.064951 0.387255 0.060662 0.385621 0.049632 0.386438 0.034314 0.403595 0.032475 0.410131 0.032475 0.419118 0.035539 0.427288 0.041054 0.433824 0.043505 0.432190 0.047181 0.417484 0.052696 0.409314 0.060662 0.402778 0.070466 0.398693 0.069240 0.392157
0 0.044118 0.455065 0.043505 0.461601 0.045956 0.476307 0.056373 0.494281 0.070466 0.495098 0.075368 0.491013 0.084559 0.477124 0.085784 0.470588 0.076593 0.450980 0.068627 0.454248 0.060784 0.455065 0.048407 0.449346
0 0.152574 0.018791 0.145833 0.040850 0.146446 0.050654 0.151348 0.058824 0.157475 0.062908 0.178922 0.065359 0.181373 0.066993 0.187500 0.066993 0.193627 0.063725 0.197304 0.050654 0.197304 0.042484 0.193627 0.023693 0.189338 0.017974 0.170956 0.008987 0.166054 0.008987 0.157475 0.013072