0 0.664179 0.767157 0.653518 0.761438 0.641791 0.752451 0.631130 0.754085 0.626333 0.757353 0.621535 0.767157 0.620469 0.772876 0.624200 0.801471 0.626866 0.805556 0.632729 0.807190 0.639659 0.805556 0.648188 0.800654 0.654051 0.794118 0.664712 0.775327
0 0.611940 0.719771 0.607676 0.719771 0.602345 0.725490 0.599680 0.726307 0.594883 0.732843 0.589019 0.745915 0.587953 0.757353 0.598614 0.769608 0.602878 0.771242 0.615139 0.770425 0.619403 0.766340 0.624200 0.756536 0.624200 0.745098 0.622068 0.742647 0.615672 0.725490
0 0.603945 0.678922 0.600746 0.674837 0.587420 0.677288 0.577292 0.683007 0.568763 0.691176 0.564499 0.703431 0.565032 0.709967 0.567164 0.716503 0.570896 0.721405 0.596482 0.724673 0.607143 0.719771 0.609275 0.714869 0.609808 0.708333 0.607676 0.697712 0.607676 0.690359
0 0.610874 0.623366 0.608209 0.621732 0.591151 0.622549 0.584755 0.631536 0.583156 0.637255 0.583156 0.655229 0.587420 0.669118 0.591151 0.674020 0.600746 0.672386 0.614606 0.657680 0.620469 0.644608 0.619936 0.637255 0.617804 0.631536
0 0.561834 0.621732 0.549574 0.638072 0.545842 0.653595 0.545842 0.663399 0.547441 0.666667 0.563433 0.677288 0.571429 0.680556 0.576226 0.679739 0.581557 0.669118 0.583156 0.662582 0.581023 0.638889 0.574094 0.624183 0.569296 0.620915
0 0.569829 0.682190 0.556503 0.671569 0.549041 0.668301 0.544243 0.669118 0.525586 0.681373 0.522388 0.690359 0.522921 0.705065 0.525053 0.717320 0.529851 0.723039 0.535181 0.723039 0.555970 0.711601 0.568230 0.691993 0.570362 0.686275
0 0.550107 0.717320 0.543177 0.720588 0.540512 0.724673 0.538913 0.731209 0.532516 0.739379 0.525053 0.758987 0.523454 0.772876 0.523987 0.776144 0.528785 0.781863 0.539979 0.787582 0.547974 0.787582 0.555437 0.776144 0.556503 0.761438 0.553838 0.750000 0.554904 0.726307 0.552772 0.718954
0 0.589552 0.727124 0.581557 0.723856 0.563433 0.722222 0.559168 0.723856 0.555970 0.727941 0.554371 0.737745 0.554904 0.745915 0.560768 0.777778 0.564499 0.777778 0.576759 0.766340 0.585821 0.752451 0.591151 0.736928 0.591151 0.731209
0 0.583689 0.758987 0.578358 0.763072 0.576226 0.773693 0.571429 0.781863 0.567697 0.783497 0.566098 0.787582 0.579424 0.816176 0.583689 0.821078 0.588486 0.821895 0.601279 0.808007 0.606077 0.793301 0.606610 0.781046 0.602345 0.772059 0.596482 0.768791 0.589019 0.760621
0 0.590618 0.819444 0.589552 0.823529 0.600213 0.841503 0.613006 0.848856 0.624200 0.849673 0.626866 0.848039 0.628998 0.843954 0.631130 0.834150 0.631663 0.814542 0.623134 0.802288 0.607143 0.804739 0.594883 0.813725
0 0.569829 0.802288 0.563966 0.801471 0.560235 0.803105 0.558102 0.805556 0.554371 0.815359 0.550640 0.837418 0.550640 0.849673 0.555437 0.857026 0.563966 0.857026 0.579424 0.844771 0.585821 0.834150 0.586354 0.826797 0.585288 0.822712
0 0.523454 0.839052 0.515458 0.852124 0.513859 0.858660 0.513859 0.866013 0.521322 0.879085 0.529318 0.887255 0.534115 0.889706 0.548507 0.890523 0.553305 0.883170 0.554371 0.878268 0.552772 0.859477 0.541045 0.839869 0.537313 0.836601 0.528785 0.835784
0 0.521322 0.780229 0.517591 0.785948 0.514925 0.798203 0.521322 0.825163 0.525053 0.833333 0.537313 0.833333 0.546908 0.818627 0.552239 0.799837 0.551706 0.793301 0.549041 0.789216 0.540512 0.789216
0 0.518657 0.691993 0.513326 0.694444 0.507463 0.702614 0.498934 0.727124 0.496802 0.738562 0.496802 0.750000 0.500000 0.757353 0.504797 0.760621 0.518124 0.761438 0.523987 0.755719 0.527186 0.747549 0.527719 0.726307 0.523987 0.716503 0.521855 0.700163
0 0.517058 0.608660 0.514392 0.611928 0.512793 0.623366 0.514392 0.657680 0.517058 0.674020 0.521322 0.678105 0.526119 0.678922 0.537846 0.671569 0.543177 0.665850 0.544776 0.660131 0.544243 0.648693 0.542644 0.639706 0.539446 0.631536 0.526652 0.611111 0.521855 0.607843
0 0.493603 0.617647 0.484542 0.623366 0.479211 0.630719 0.479211 0.647876 0.480810 0.658497 0.485608 0.674020 0.493070 0.691176 0.503198 0.692810 0.507463 0.689542 0.514925 0.673203 0.515458 0.661765 0.513326 0.651961 0.512793 0.629902 0.511727 0.625000 0.506930 0.619281
0 0.463753 0.602124 0.458955 0.603758 0.454158 0.616013 0.446695 0.647876 0.445096 0.660948 0.446162 0.668301 0.448294 0.671569 0.457889 0.677288 0.472281 0.672386 0.476013 0.667484 0.477612 0.662582 0.478145 0.637255 0.477079 0.628268 0.472281 0.611928 0.468017 0.605392
0 0.444030 0.554739 0.440832 0.557190 0.436567 0.566176 0.436567 0.590686 0.439765 0.602124 0.443497 0.609477 0.446162 0.611111 0.455224 0.611111 0.456823 0.606209 0.461087 0.600490 0.466951 0.584150 0.468550 0.573529 0.468017 0.564542 0.466951 0.561275 0.460021 0.558824 0.455224 0.553922
0 0.402985 0.551471 0.396588 0.561275 0.390192 0.576797 0.390725 0.589869 0.397122 0.596405 0.407783 0.599673 0.415778 0.607843 0.425906 0.610294 0.430704 0.609477 0.434968 0.602124 0.435501 0.595588 0.434968 0.588235 0.429104 0.571078 0.423241 0.561275 0.418443 0.558007 0.412580 0.550654 0.405650 0.549837
0 0.369403 0.571895 0.359275 0.586601 0.356610 0.593137 0.353945 0.606209 0.355544 0.620915 0.361407 0.629902 0.364606 0.632353 0.372068 0.629085 0.386994 0.615196 0.392857 0.606209 0.393923 0.602124 0.391258 0.592320 0.385928 0.583333
0 0.390725 0.616830 0.388060 0.619281 0.383262 0.620098 0.375267 0.628268 0.372068 0.636438 0.372068 0.646242 0.376866 0.663399 0.389126 0.679739 0.398721 0.681373 0.405650 0.672386 0.405650 0.640523 0.400853 0.621732 0.396588 0.616830
0 0.402452 0.613562 0.405117 0.622549 0.405117 0.634804 0.424840 0.661765 0.432303 0.665033 0.437100 0.664216 0.440832 0.660948 0.444030 0.653595 0.448294 0.633170 0.448294 0.625817 0.444563 0.617647 0.439765 0.614379 0.414179 0.609477
0 0.403518 0.678922 0.402985 0.685458 0.416311 0.705882 0.434968 0.715686 0.439765 0.715686 0.443497 0.712418 0.446695 0.705065 0.449893 0.678922 0.448827 0.674020 0.444030 0.667484 0.419510 0.664216 0.411514 0.667484
0 0.415778 0.707516 0.411514 0.721405 0.412580 0.733660 0.425373 0.758170 0.432836 0.763889 0.439765 0.763072 0.449893 0.733660 0.449360 0.727941 0.439765 0.717320 0.425906 0.713235 0.423241 0.709150
0 0.409915 0.774510 0.409382 0.794118 0.411514 0.803922 0.415245 0.807190 0.433369 0.807190 0.447228 0.803105 0.452559 0.794118 0.450959 0.787582 0.452559 0.781046 0.443497 0.767974 0.432303 0.763889 0.418977 0.762255 0.415245 0.763072 0.412580 0.766340
0 0.408849 0.726307 0.400320 0.729575 0.395522 0.735294 0.381130 0.769608 0.380597 0.775327 0.382196 0.780229 0.389659 0.790850 0.403518 0.793301 0.406716 0.792484 0.408316 0.790033 0.409382 0.774510 0.415778 0.754085 0.414712 0.738562
0 0.462154 0.678105 0.458955 0.685458 0.458955 0.691993 0.460554 0.699346 0.466418 0.714052 0.474947 0.727941 0.485608 0.737745 0.490938 0.737745 0.495203 0.733660 0.502132 0.716503 0.504797 0.705065 0.504264 0.696078 0.503198 0.694444 0.494670 0.694444 0.487207 0.680556 0.476013 0.674020 0.469616 0.674020
0 0.467484 0.716503 0.462687 0.715686 0.454158 0.727124 0.445629 0.750817 0.445096 0.758987 0.446695 0.766340 0.454158 0.776144 0.459488 0.776144 0.468550 0.769608 0.478678 0.758170 0.484542 0.746732 0.484542 0.738562 0.473348 0.726307
0 0.516525 0.764706 0.515458 0.763072 0.503198 0.761438 0.494136 0.754085 0.484542 0.755719 0.474947 0.763889 0.471748 0.773693 0.471748 0.785948 0.478145 0.808007 0.482409 0.812908 0.486674 0.812092 0.502665 0.798203 0.515991 0.774510 0.517058 0.770425
0 0.513859 0.802288 0.511194 0.799020 0.505864 0.800654 0.501599 0.799837 0.491471 0.809641 0.486141 0.817810 0.481876 0.830065 0.481876 0.847222 0.489339 0.851307 0.502132 0.849673 0.515991 0.843137 0.519723 0.839052 0.521855 0.834150 0.521855 0.827614 0.518657 0.820261
0 0.463220 0.790850 0.458955 0.791667 0.454691 0.797386 0.450959 0.799020 0.447228 0.808007 0.445629 0.839869 0.446162 0.851307 0.447228 0.856209 0.450959 0.860294 0.466951 0.857843 0.474414 0.852941 0.477079 0.846405 0.477612 0.835784 0.476013 0.830065 0.475480 0.820261 0.467484 0.796569
0 0.399787 0.793301 0.395522 0.794935 0.386461 0.806373 0.384861 0.810458 0.384861 0.816993 0.388593 0.830882 0.394989 0.845588 0.399254 0.851307 0.404584 0.852941 0.414712 0.843137 0.421109 0.833333 0.424307 0.825163 0.424307 0.812908 0.422175 0.810458 0.415245 0.808824 0.405650 0.794118
0 0.241471 0.814542 0.237207 0.812092 0.232409 0.812908 0.221748 0.821078 0.215885 0.821895 0.212687 0.824346 0.203625 0.839052 0.203092 0.847222 0.206823 0.852941 0.208955 0.859477 0.212687 0.861928 0.224414 0.866013 0.234009 0.866013 0.240405 0.861928 0.244670 0.854575
0 0.224947 0.756536 0.217484 0.756536 0.214819 0.758987 0.208422 0.771242 0.201493 0.790033 0.200959 0.801471 0.203092 0.808824 0.213753 0.816993 0.215885 0.820261 0.225480 0.816993 0.230277 0.812908 0.234009 0.806373 0.235608 0.799837 0.233475 0.784314 0.232942 0.766340 0.230277 0.761438
0 0.201493 0.674837 0.197228 0.674837 0.191898 0.678922 0.187633 0.687092 0.183902 0.713235 0.183902 0.728758 0.185501 0.735294 0.187100 0.736928 0.194030 0.737745 0.206290 0.733660 0.218550 0.719771 0.219083 0.714869 0.215885 0.703431 0.209488 0.687092
0 0.206290 0.736111 0.203625 0.735294 0.200959 0.737745 0.195629 0.737745 0.186034 0.741830 0.180171 0.754902 0.173241 0.763889 0.171642 0.776144 0.177505 0.787582 0.185501 0.793301 0.189232 0.794118 0.197761 0.793301 0.200959 0.789216 0.206290 0.776144 0.206823 0.770425 0.209488 0.767974 0.211620 0.759804 0.208955 0.741830
0 0.194030 0.796569 0.189765 0.794935 0.182303 0.795752 0.173241 0.804739 0.165778 0.833333 0.164712 0.847222 0.165778 0.868464 0.173241 0.867647 0.186567 0.857026 0.194030 0.845588 0.204691 0.823529 0.205757 0.815359 0.199893 0.803922
0 0.166311 0.812908 0.165245 0.811275 0.158316 0.811275 0.142324 0.816993 0.135394 0.816993 0.132729 0.821895 0.130597 0.822712 0.127399 0.834150 0.130064 0.846405 0.138593 0.854575 0.147655 0.859477 0.155117 0.861111 0.162580 0.859477 0.163646 0.857026 0.166844 0.822712
0 0.130597 0.789216 0.113006 0.780229 0.110341 0.780229 0.106610 0.784314 0.102878 0.798203 0.102345 0.835784 0.107143 0.848039 0.115139 0.844771 0.124733 0.834967 0.129531 0.821895 0.133262 0.816176 0.134328 0.809641
0 0.111940 0.739379 0.106610 0.746732 0.102345 0.756536 0.102878 0.763889 0.105544 0.770425 0.111407 0.776961 0.115672 0.777778 0.121002 0.781863 0.131130 0.782680 0.139126 0.760621 0.135928 0.737745 0.131663 0.734477 0.122601 0.733660
0 0.138060 0.683824 0.135394 0.681373 0.123134 0.683007 0.106610 0.699346 0.103945 0.710784 0.105011 0.715686 0.111407 0.727941 0.133262 0.731209 0.138593 0.727124 0.141258 0.718137 0.140725 0.690359
0 0.125800 0.636438 0.120469 0.633987 0.114072 0.633987 0.106610 0.638072 0.098614 0.666667 0.098614 0.687908 0.099680 0.692810 0.102345 0.696895 0.107676 0.697712 0.116205 0.690359 0.124733 0.680556 0.132729 0.668301 0.135394 0.649510
0 0.103945 0.565359 0.098614 0.566993 0.092217 0.574346 0.089552 0.580065 0.089019 0.593954 0.086354 0.611111 0.086354 0.630719 0.087420 0.634804 0.091151 0.638072 0.107676 0.636438 0.115139 0.632353 0.119936 0.625817 0.121002 0.621732 0.112473 0.593954 0.110341 0.576797
0 0.122068 0.558824 0.115139 0.562908 0.110874 0.570261 0.110874 0.573529 0.112473 0.577614 0.114606 0.598856 0.117271 0.603758 0.118870 0.614379 0.121002 0.614379 0.122601 0.619281 0.131663 0.616013 0.147122 0.594771 0.149787 0.588235 0.150320 0.583333 0.147122 0.576797 0.136994 0.571078 0.126866 0.559641
0 0.166311 0.587418 0.154584 0.589052 0.154051 0.596405 0.149787 0.595588 0.138593 0.607026 0.133795 0.614379 0.132196 0.620098 0.133262 0.632353 0.144989 0.643791 0.167910 0.638889 0.172175 0.632353 0.173774 0.624183 0.173241 0.607843 0.167377 0.594771
0 0.178571 0.531863 0.174840 0.533497 0.167377 0.547386 0.165778 0.557190 0.166844 0.567810 0.166311 0.578431 0.169510 0.589869 0.169510 0.597222 0.171642 0.603758 0.175373 0.606209 0.178571 0.606209 0.194563 0.593954 0.197761 0.589869 0.198827 0.585784 0.198294 0.577614 0.192431 0.564542 0.190299 0.549020
0 0.227612 0.526144 0.221215 0.524510 0.213753 0.518791 0.207889 0.518791 0.202559 0.521242 0.195096 0.528595 0.192431 0.545752 0.192964 0.563725 0.195629 0.572712 0.201493 0.580882 0.205224 0.581699 0.209488 0.579248 0.218550 0.570261 0.224947 0.559641 0.228678 0.549837 0.229744 0.542484 0.229744 0.534314
0 0.188166 0.000000 0.186034 0.008170 0.185501 0.039216 0.186567 0.043301 0.189232 0.047386 0.192964 0.049020 0.209488 0.046569 0.213220 0.044118 0.215885 0.039216 0.216418 0.024510 0.215352 0.014706 0.211620 0.003268 0.211620 0.000000
0 0.158849 0.000000 0.158849 0.002451 0.155650 0.008170 0.153518 0.022059 0.153518 0.027778 0.155117 0.032680 0.162047 0.039216 0.171109 0.042484 0.182303 0.040033 0.184435 0.035131 0.185501 0.000000
0 0.236674 0.012255 0.230277 0.011438 0.217004 0.003595 0.218017 0.027778 0.217484 0.039216 0.219616 0.051471 0.223348 0.062908 0.227612 0.066993 0.231876 0.066176 0.248401 0.056373 0.254797 0.044935 0.252665 0.031863 0.244670 0.019608
0 0.086354 0.000000 0.085288 0.014706 0.087953 0.020425 0.091151 0.022876 0.107676 0.029412 0.130597 0.029412 0.133262 0.026961 0.133262 0.020425 0.127932 0.000000
0 0.128465 0.000000 0.131130 0.015523 0.136461 0.027778 0.143390 0.034314 0.148721 0.034314 0.151386 0.031863 0.151386 0.019608 0.157783 0.003268 0.157783 0.000000
0 0.263326 0.013889 0.262793 0.032680 0.264392 0.041667 0.265991 0.044935 0.271322 0.049020 0.276652 0.050654 0.286780 0.058007 0.291578 0.058824 0.297441 0.056373 0.304371 0.043301 0.306503 0.027778 0.306503 0.017974 0.302772 0.011438 0.293710 0.007353 0.276119 0.006536 0.268657 0.008170
0 0.341151 0.000000 0.308635 0.000000 0.308102 0.020425 0.305970 0.032680 0.305970 0.041667 0.310235 0.053105 0.312900 0.053105 0.323028 0.044935 0.329957 0.033497 0.340618 0.009804
0 0.352345 0.014706 0.349147 0.021242 0.350213 0.032680 0.355011 0.040850 0.364606 0.051471 0.377399 0.055556 0.381663 0.053105 0.385928 0.046569 0.390192 0.021242 0.388060 0.014706 0.381130 0.008170 0.375800 0.007353 0.369403 0.003268 0.358209 0.008170
0 0.388060 0.000000 0.388060 0.003268 0.390725 0.008170 0.396588 0.012255 0.404051 0.013889 0.409915 0.012255 0.413646 0.003268 0.413646 0.000000
0 0.413113 0.021242 0.419510 0.027778 0.431237 0.028595 0.440832 0.027778 0.450426 0.023693 0.454691 0.015523 0.453625 0.000000 0.416311 0.000000 0.414712 0.004902
0 0.448827 0.028595 0.446162 0.033497 0.442964 0.034314 0.438699 0.038399 0.434968 0.051471 0.434968 0.066993 0.438699 0.075163 0.442431 0.077614 0.451493 0.078431 0.457889 0.076797 0.468550 0.066993 0.469616 0.055556 0.465885 0.044118 0.457889 0.036765 0.455224 0.031863 0.451493 0.028595
0 0.420576 0.084150 0.419510 0.088235 0.418977 0.106209 0.421642 0.111111 0.421109 0.117647 0.422175 0.123366 0.427505 0.134804 0.431770 0.138889 0.439765 0.138889 0.446695 0.133170 0.453092 0.121732 0.453092 0.099673 0.448294 0.093137 0.432303 0.082516 0.424840 0.081699
0 0.378465 0.080065 0.373134 0.093954 0.372601 0.099673 0.373667 0.106209 0.380064 0.114379 0.403518 0.129902 0.410448 0.127451 0.416311 0.121732 0.417377 0.115196 0.415245 0.102124 0.408849 0.085784 0.400853 0.074346 0.395522 0.071078 0.388593 0.070261 0.383795 0.072712
0 0.334222 0.062092 0.323561 0.058824 0.316631 0.058824 0.311834 0.060458 0.308635 0.066176 0.307036 0.077614 0.308102 0.107026 0.313966 0.125000 0.317697 0.129085 0.321962 0.126634 0.328891 0.116013 0.337420 0.090686 0.339552 0.076797 0.339019 0.068627
0 0.256397 0.047386 0.249467 0.057190 0.247868 0.062908 0.252665 0.073529 0.255864 0.087418 0.263859 0.099673 0.269190 0.102124 0.276119 0.101307 0.287313 0.089052 0.291578 0.076797 0.291578 0.068627 0.287313 0.059641 0.263859 0.044935
0 0.290512 0.110294 0.287313 0.105392 0.282516 0.104575 0.256397 0.115196 0.254264 0.120915 0.254264 0.138072 0.257463 0.148693 0.262260 0.153595 0.283582 0.151961 0.290512 0.147059 0.293177 0.140523 0.294243 0.129902 0.293177 0.119281
0 0.239339 0.062908 0.228145 0.071078 0.224414 0.082516 0.224414 0.096405 0.228145 0.121732 0.231343 0.129085 0.239872 0.135621 0.245203 0.136438 0.250533 0.133170 0.252665 0.129902 0.252665 0.121732 0.256397 0.110294 0.256397 0.097222 0.250533 0.071078 0.244670 0.063725
0 0.207889 0.093137 0.195629 0.100490 0.191898 0.104575 0.188699 0.112745 0.188166 0.127451 0.192431 0.137255 0.200959 0.151144 0.207356 0.156046 0.212687 0.156863 0.218550 0.152778 0.222814 0.146242 0.223881 0.141340 0.223881 0.127451 0.221215 0.106209 0.219083 0.098039 0.214286 0.093137
0 0.175373 0.048203 0.174840 0.057190 0.176972 0.068627 0.176972 0.080882 0.178038 0.087418 0.182303 0.094771 0.189765 0.098039 0.202026 0.097222 0.208955 0.090686 0.213220 0.082516 0.214286 0.075163 0.213753 0.068627 0.205757 0.057190 0.178038 0.044935
0 0.167377 0.044118 0.158849 0.039216 0.154051 0.039216 0.149787 0.044118 0.145522 0.053105 0.140725 0.071078 0.140192 0.083333 0.146055 0.099673 0.150320 0.098856 0.162047 0.089052 0.167910 0.086601 0.175373 0.076797 0.175906 0.073529 0.174307 0.068627 0.174840 0.062092 0.173241 0.053105
0 0.106610 0.035948 0.105011 0.044118 0.106610 0.062092 0.108742 0.071078 0.113539 0.077614 0.123667 0.075980 0.139126 0.070261 0.141258 0.067810 0.142324 0.060458 0.148188 0.044935 0.148188 0.038399 0.136461 0.031046 0.116205 0.031046
0 0.077292 0.034314 0.071429 0.042484 0.071429 0.049837 0.074094 0.058007 0.082623 0.075163 0.089552 0.085784 0.099147 0.093137 0.103412 0.090686 0.105544 0.087418 0.107143 0.077614 0.108742 0.075163 0.104478 0.046569 0.106077 0.039216 0.105011 0.032680 0.100213 0.027778 0.090085 0.027778
0 0.139126 0.080882 0.131663 0.075163 0.118337 0.077614 0.107676 0.084150 0.101279 0.093954 0.099680 0.106209 0.102345 0.116013 0.114606 0.123366 0.134861 0.125817 0.140725 0.111111 0.142324 0.102124 0.141791 0.092320
0 0.175267 0.088399 0.165778 0.089869 0.146588 0.103758 0.139659 0.114379 0.137527 0.120915 0.138060 0.129085 0.152452 0.147876 0.156183 0.149510 0.159915 0.148693 0.168977 0.132353 0.174307 0.129085 0.174840 0.124183 0.179638 0.111928 0.179638 0.102124
0 0.373134 0.674837 0.365139 0.699346 0.364606 0.709967 0.365672 0.711601 0.396055 0.729575 0.402985 0.727941 0.409915 0.718954 0.412047 0.708333 0.411514 0.703431 0.407249 0.693627 0.400320 0.685458 0.391791 0.682190 0.381130 0.672386 0.376866 0.671569
0 0.224947 0.588235 0.214286 0.584150 0.206290 0.585784 0.200959 0.589052 0.200426 0.595588 0.197228 0.594771 0.196162 0.596405 0.195096 0.603758 0.195629 0.620915 0.201493 0.640523 0.204691 0.645425 0.210554 0.646242 0.214819 0.644608 0.224414 0.635621 0.228678 0.627451 0.230810 0.620098 0.231343 0.611928 0.230810 0.607843 0.227079 0.599673
0 0.189765 0.609477 0.181237 0.611111 0.177505 0.616830 0.174840 0.630719 0.174840 0.662582 0.177505 0.667484 0.185501 0.667484 0.202559 0.656046 0.206290 0.650327 0.205757 0.647059 0.200426 0.639706 0.196162 0.629085 0.193497 0.612745
0 0.171109 0.642974 0.165778 0.641340 0.154584 0.643791 0.138593 0.651144 0.135394 0.655229 0.134328 0.669118 0.142324 0.691176 0.147655 0.691993 0.164179 0.669935 0.173241 0.661765 0.172708 0.647059
0 0.186034 0.678922 0.181770 0.670752 0.177505 0.667484 0.171109 0.666667 0.161514 0.673203 0.151919 0.688725 0.146588 0.694444 0.145522 0.699346 0.142324 0.703431 0.141791 0.711601 0.144456 0.716503 0.152452 0.716503 0.181770 0.710784 0.185501 0.698529
0 0.181237 0.719771 0.178571 0.716503 0.165245 0.715686 0.152452 0.718137 0.142324 0.723856 0.138060 0.732026 0.138060 0.744281 0.140725 0.760621 0.144456 0.764706 0.155650 0.764706 0.160981 0.763072 0.166311 0.758170 0.178038 0.752451 0.181770 0.746732
0 0.134328 0.774510 0.133262 0.783497 0.133795 0.803105 0.134861 0.808007 0.138060 0.813725 0.143390 0.814542 0.167377 0.808824 0.170043 0.807190 0.173774 0.799837 0.171109 0.787582 0.172175 0.780229 0.170576 0.776144 0.160448 0.767157 0.146588 0.767157 0.141791 0.765523 0.139126 0.767157
0 0.138593 0.516340 0.128465 0.531046 0.125800 0.537582 0.125800 0.556373 0.137527 0.569444 0.148721 0.576797 0.155117 0.577614 0.164179 0.575163 0.165778 0.572712 0.165778 0.546569 0.162047 0.534314 0.150320 0.516340
0 0.107143 0.464052 0.102345 0.472222 0.099147 0.481209 0.099147 0.491013 0.102878 0.522059 0.107143 0.530229 0.116738 0.535131 0.124200 0.535131 0.132729 0.524510 0.134861 0.519608 0.134861 0.513072 0.126333 0.500817 0.119936 0.485294 0.116205 0.470588
0 0.079957 0.517974 0.077825 0.526144 0.078358 0.535131 0.082090 0.541667 0.087420 0.546569 0.098614 0.553922 0.111407 0.559641 0.119403 0.558824 0.123667 0.553922 0.124733 0.540850 0.122601 0.536765 0.110874 0.533497 0.103412 0.523693 0.099680 0.497549 0.095416 0.498366 0.087420 0.506536
0 0.183902 0.477941 0.178571 0.477124 0.160981 0.490196 0.151386 0.503268 0.150853 0.509804 0.151919 0.515523 0.156716 0.525327 0.163113 0.529412 0.179638 0.530229 0.186567 0.526961 0.193497 0.517974 0.195096 0.511438 0.192964 0.504085 0.189232 0.499183 0.188699 0.493464
0 0.208955 0.450980 0.191898 0.457516 0.185501 0.467320 0.184435 0.477941 0.186567 0.489379 0.196162 0.513072 0.203625 0.512255 0.210554 0.505719 0.215885 0.473856 0.216418 0.464052 0.214286 0.457516
0 0.232409 0.459967 0.227612 0.459967 0.220149 0.463235 0.217484 0.469771 0.213753 0.487745 0.213753 0.497549 0.211620 0.504085 0.213220 0.517974 0.223348 0.522876 0.230277 0.522876 0.236674 0.520425 0.245736 0.511438 0.247335 0.506536 0.247335 0.500000 0.242537 0.491013 0.238806 0.474673
0 0.101279 0.449346 0.091684 0.437908 0.084222 0.433007 0.076226 0.432190 0.072495 0.435458 0.067697 0.443627 0.060768 0.462418 0.058635 0.479575 0.060235 0.494281 0.063433 0.497549 0.076226 0.494281 0.091151 0.482026 0.100746 0.468137 0.102345 0.463235 0.102878 0.457516
0 0.058102 0.378268 0.056503 0.384804 0.057569 0.391340 0.071962 0.410948 0.083156 0.420752 0.088486 0.420752 0.091684 0.418301 0.099680 0.406046 0.102345 0.398693 0.102878 0.377451 0.099680 0.373366 0.076226 0.367647 0.068763 0.367647 0.060768 0.374183
0 0.138060 0.379902 0.133262 0.374183 0.126866 0.371732 0.121002 0.364379 0.119403 0.357843 0.115139 0.358660 0.110874 0.363562 0.107143 0.364379 0.103412 0.370915 0.102878 0.401144 0.106077 0.406046 0.111407 0.406046 0.129531 0.398693 0.138593 0.386438
0 0.137527 0.440359 0.137527 0.433007 0.133262 0.421569 0.131130 0.401961 0.128465 0.401144 0.121535 0.401961 0.099147 0.411765 0.093817 0.417484 0.090618 0.429739 0.091151 0.436275 0.102345 0.447712 0.116738 0.450163 0.130597 0.450163
0 0.176439 0.386438 0.169510 0.382353 0.162047 0.382353 0.157249 0.384804 0.149254 0.384804 0.138593 0.388072 0.131130 0.402778 0.133795 0.424020 0.137527 0.429739 0.146588 0.432190 0.152452 0.429739 0.172175 0.414216 0.175373 0.405229 0.175906 0.396242 0.178038 0.392974
0 0.171642 0.417484 0.164712 0.419118 0.154584 0.428922 0.146588 0.433824 0.143390 0.444444 0.142857 0.452614 0.149787 0.464869 0.158316 0.472222 0.162047 0.473856 0.168977 0.473039 0.178571 0.463235 0.180704 0.451797 0.176972 0.437908 0.174840 0.421569
0 0.121535 0.455065 0.118870 0.459150 0.117271 0.473039 0.118337 0.480392 0.130597 0.508170 0.136461 0.513072 0.144989 0.512255 0.158849 0.490196 0.159915 0.478758 0.157249 0.475490 0.155650 0.469771 0.151919 0.468137 0.142857 0.455065 0.128465 0.453431
0 0.189765 0.383987 0.185501 0.384804 0.179104 0.390523 0.176972 0.396242 0.175906 0.404412 0.177505 0.440359 0.181237 0.450163 0.184968 0.452614 0.195629 0.449346 0.206823 0.440359 0.210021 0.417484 0.208955 0.410948 0.203092 0.398693 0.192964 0.389706
0 0.210554 0.416667 0.208955 0.428922 0.209488 0.446895 0.213753 0.455882 0.218550 0.459967 0.234009 0.455882 0.245736 0.444444 0.250000 0.435458 0.251066 0.428105 0.247868 0.421569 0.241471 0.415850 0.228145 0.409314 0.220682 0.408497 0.216951 0.410131
0 0.224414 0.368464 0.217484 0.385621 0.217484 0.393791 0.223348 0.406046 0.239872 0.415033 0.244670 0.415033 0.253731 0.410131 0.257996 0.404412 0.256930 0.397876 0.250000 0.386438 0.247335 0.376634 0.246802 0.368464 0.244670 0.363562 0.240405 0.360294 0.232409 0.361111
0 0.250000 0.354575 0.248934 0.356209 0.248934 0.380719 0.260661 0.404412 0.265991 0.406863 0.269723 0.410948 0.274520 0.410948 0.283582 0.402778 0.287846 0.395425 0.290512 0.387255 0.290512 0.379085 0.288380 0.373366 0.283582 0.366830 0.272921 0.360294 0.263859 0.352124
0 0.071429 0.322712 0.064499 0.336601 0.064499 0.342320 0.066098 0.347222 0.075693 0.359477 0.087953 0.369281 0.095416 0.372549 0.101279 0.371732 0.106610 0.361928 0.108742 0.349673 0.105011 0.339052 0.099147 0.330882 0.092217 0.316993 0.088486 0.312092 0.083156 0.312092
0 0.118870 0.325163 0.115139 0.333333 0.115139 0.340686 0.118870 0.350490 0.121535 0.362745 0.125267 0.368464 0.134328 0.374183 0.139126 0.375000 0.150853 0.359477 0.151386 0.345588 0.149254 0.340686 0.138593 0.334967 0.127399 0.322712 0.123134 0.321895
0 0.178038 0.318627 0.168443 0.319444 0.160981 0.329248 0.155117 0.343137 0.151386 0.362745 0.154051 0.370098 0.162047 0.379085 0.169510 0.379085 0.178038 0.371732 0.184968 0.362745 0.189765 0.351307 0.190832 0.338235 0.188699 0.330882
0 0.200959 0.321895 0.197761 0.324346 0.194030 0.332516 0.188166 0.357843 0.188166 0.363562 0.189765 0.368464 0.190299 0.380719 0.191898 0.386438 0.196162 0.391340 0.202559 0.392974 0.216951 0.384804 0.223348 0.366013 0.219083 0.349673 0.213753 0.345588 0.209488 0.338235 0.208422 0.325980
0 0.210021 0.326797 0.210554 0.335784 0.212687 0.338235 0.212580 0.343301 0.217484 0.344771 0.219616 0.347222 0.241471 0.347222 0.251066 0.338235 0.251066 0.331699 0.246802 0.318627 0.243603 0.313725 0.237207 0.308824 0.229744 0.294935 0.224414 0.295752 0.216418 0.307190
0 0.248934 0.319444 0.252132 0.332516 0.262260 0.348856 0.273987 0.358660 0.280917 0.359477 0.283582 0.358660 0.287313 0.352941 0.288380 0.331699 0.291045 0.326797 0.291578 0.319444 0.283049 0.313725 0.276652 0.312092 0.258529 0.312908
0 0.318763 0.322712 0.308102 0.317810 0.300640 0.317810 0.293177 0.321895 0.289979 0.329248 0.287846 0.350490 0.283049 0.362745 0.295309 0.380719 0.296908 0.388072 0.299041 0.388889 0.310235 0.377451 0.323561 0.344771 0.324627 0.339052 0.324094 0.330882
0 0.341684 0.308007 0.327292 0.321078 0.325160 0.329248 0.325693 0.338235 0.327825 0.343954 0.341151 0.362745 0.344883 0.363562 0.350213 0.370098 0.357676 0.368464 0.359808 0.363562 0.360341 0.338235 0.356077 0.316176 0.353945 0.309641 0.351279 0.306373
0 0.366738 0.331699 0.361940 0.343954 0.363006 0.357026 0.366205 0.362745 0.384328 0.378268 0.389126 0.377451 0.396055 0.382353 0.400320 0.379902 0.400853 0.368464 0.398188 0.363562 0.394989 0.352124 0.392857 0.336601 0.385394 0.319444 0.380064 0.319444
0 0.396055 0.325163 0.395522 0.328431 0.397655 0.331699 0.394989 0.337418 0.396055 0.353758 0.406716 0.377451 0.410448 0.379902 0.416844 0.379902 0.420043 0.378268 0.424307 0.371732 0.428038 0.369281 0.430171 0.360294 0.433369 0.356209 0.433369 0.348856 0.431770 0.342320 0.428038 0.337418 0.420576 0.332516 0.412580 0.330065 0.408316 0.325163
0 0.404051 0.301471 0.404051 0.309641 0.410448 0.322712 0.417910 0.325980 0.428571 0.336601 0.432303 0.337418 0.444563 0.330882 0.447228 0.326797 0.447761 0.317810 0.444030 0.299020 0.437633 0.287582 0.428038 0.276961 0.420576 0.276144 0.417377 0.277778 0.412047 0.284314
0 0.474414 0.349673 0.472281 0.343954 0.463220 0.330065 0.458422 0.330065 0.450959 0.336601 0.438166 0.354575 0.431237 0.361928 0.429104 0.368464 0.429638 0.376634 0.434435 0.383987 0.441365 0.385621 0.450959 0.384804 0.467484 0.379085 0.476013 0.369281 0.476546 0.361928
0 0.475480 0.381536 0.469616 0.378268 0.466418 0.380719 0.450426 0.385621 0.442964 0.392974 0.437100 0.404412 0.434968 0.417484 0.447228 0.435458 0.455757 0.437092 0.458955 0.434641 0.460554 0.428922 0.465352 0.423203 0.469616 0.409314 0.475480 0.400327 0.477612 0.393791 0.477079 0.385621
0 0.388060 0.387255 0.387527 0.392157 0.396055 0.415033 0.403518 0.424020 0.415778 0.434641 0.425373 0.431373 0.430171 0.424020 0.432836 0.416667 0.433902 0.401961 0.432303 0.396242 0.426439 0.388072 0.418977 0.382353 0.402985 0.380719
0 0.677505 0.352124 0.672175 0.360294 0.670576 0.368464 0.670043 0.397059 0.671642 0.414216 0.672708 0.416667 0.678571 0.420752 0.684435 0.420752 0.693497 0.417484 0.700959 0.408497 0.702559 0.396242 0.697761 0.378268 0.683902 0.353758 0.682303 0.352124
0 0.668443 0.290850 0.662580 0.293301 0.654584 0.300654 0.647655 0.312092 0.647122 0.317810 0.650320 0.327614 0.657249 0.340686 0.664712 0.344771 0.670576 0.350490 0.678038 0.347222 0.680171 0.343954 0.681237 0.330882 0.679638 0.325980 0.678571 0.307190 0.675906 0.295752 0.671642 0.291667
0 0.663113 0.240196 0.659382 0.237745 0.654051 0.237745 0.651386 0.240196 0.643923 0.254085 0.638060 0.272876 0.636994 0.285948 0.637527 0.290850 0.641791 0.294935 0.655650 0.294118 0.659915 0.290033 0.664712 0.288399 0.672175 0.280229 0.674840 0.272876 0.673774 0.259804 0.672175 0.254902
0 0.623134 0.278595 0.609275 0.277778 0.603412 0.280229 0.598614 0.284314 0.595949 0.296569 0.600213 0.326797 0.604478 0.335784 0.610874 0.342320 0.616205 0.340686 0.623667 0.326797 0.629531 0.296569 0.629531 0.288399 0.628465 0.283497
0 0.568230 0.246732 0.565565 0.255719 0.563966 0.270425 0.568230 0.299837 0.571429 0.304739 0.584222 0.303922 0.593817 0.295752 0.597548 0.285131 0.596482 0.279412 0.597015 0.272059 0.589019 0.259804 0.576759 0.248366 0.572495 0.245915
0 0.556503 0.254902 0.553305 0.255719 0.547441 0.263072 0.542644 0.272059 0.536247 0.291667 0.534115 0.301471 0.534115 0.312092 0.537313 0.317810 0.544776 0.320261 0.554371 0.320261 0.559168 0.317810 0.562900 0.312092 0.565565 0.293301 0.563433 0.267974 0.562367 0.263889
0 0.514392 0.263072 0.509595 0.264706 0.506397 0.267974 0.503198 0.277778 0.501599 0.310458 0.504797 0.326797 0.507463 0.328431 0.521855 0.326797 0.530384 0.321078 0.533049 0.315359 0.531450 0.296569 0.528785 0.291667 0.521855 0.268791
0 0.458422 0.308007 0.457889 0.314542 0.461087 0.322712 0.474947 0.344771 0.479211 0.347222 0.484009 0.352941 0.486674 0.353758 0.494136 0.346405 0.498401 0.337418 0.501066 0.326797 0.500533 0.308007 0.494670 0.302288 0.477612 0.299837 0.469616 0.302288 0.462154 0.308007
0 0.541045 0.338235 0.539446 0.331699 0.537313 0.328431 0.533049 0.325980 0.506397 0.330882 0.498934 0.338235 0.498401 0.351307 0.502665 0.356209 0.520789 0.368464 0.534115 0.368464 0.537313 0.366013 0.539446 0.360294 0.541045 0.350490
0 0.485608 0.357843 0.484009 0.368464 0.486141 0.380719 0.492004 0.392974 0.504264 0.411765 0.510128 0.412582 0.512793 0.406863 0.522388 0.394608 0.523987 0.387255 0.523987 0.378268 0.521855 0.370915 0.511194 0.366013 0.509062 0.361928 0.495736 0.356209 0.488273 0.356209
0 0.537313 0.368464 0.532516 0.386438 0.531983 0.398693 0.534648 0.411765 0.539979 0.415033 0.553305 0.413399 0.567164 0.406863 0.572495 0.399510 0.572495 0.379902 0.567697 0.374183 0.559701 0.372549 0.549041 0.362745 0.544243 0.363562
0 0.600746 0.334967 0.591151 0.333333 0.583689 0.343954 0.583156 0.348039 0.576226 0.361928 0.575160 0.367647 0.575160 0.374183 0.573028 0.383170 0.574627 0.395425 0.588486 0.394608 0.598081 0.386438 0.610341 0.368464 0.611940 0.361111 0.611407 0.352941 0.609275 0.347222
0 0.587420 0.309641 0.574627 0.308007 0.564499 0.317810 0.560235 0.319444 0.550640 0.330882 0.546908 0.343137 0.546908 0.350490 0.551706 0.361928 0.559701 0.370098 0.565565 0.370915 0.568230 0.369281 0.576226 0.357026 0.590085 0.329248 0.590085 0.317810
0 0.641791 0.317810 0.637527 0.320261 0.633795 0.325980 0.630597 0.334967 0.627399 0.351307 0.626333 0.365196 0.629531 0.375000 0.634328 0.379085 0.644456 0.380719 0.650853 0.378268 0.654051 0.373366 0.656183 0.365196 0.656183 0.347222 0.646588 0.319444
0 0.173241 0.131536 0.169510 0.133987 0.168977 0.137255 0.165778 0.139706 0.162580 0.145425 0.164712 0.165850 0.169510 0.178922 0.181237 0.189542 0.183902 0.188725 0.187633 0.184641 0.188699 0.166667 0.196162 0.152778 0.196695 0.146242 0.190832 0.134804 0.187633 0.131536
0 0.618870 0.371732 0.607143 0.383987 0.608742 0.401961 0.616738 0.423203 0.622068 0.430556 0.628465 0.432190 0.632196 0.429739 0.641791 0.415850 0.644989 0.406046 0.644989 0.397876 0.642857 0.391340 0.636461 0.381536 0.626333 0.371732
0 0.254264 0.142974 0.244670 0.139706 0.239872 0.140523 0.223881 0.148693 0.215352 0.158497 0.212687 0.165850 0.215352 0.177288 0.219616 0.187908 0.226546 0.196078 0.233475 0.196078 0.239339 0.190359 0.243603 0.183824 0.250533 0.164216 0.256397 0.155229 0.256397 0.148693
0 0.250000 0.165850 0.245736 0.181373 0.245203 0.188725 0.255330 0.204248 0.273987 0.214869 0.287313 0.213235 0.291045 0.207516 0.291045 0.200163 0.288913 0.196078 0.287313 0.185458 0.271322 0.160948 0.264392 0.156046 0.256397 0.157680
0 0.571429 0.407680 0.570362 0.411765 0.571429 0.422386 0.587420 0.441993 0.594350 0.447712 0.599680 0.447712 0.603412 0.443627 0.610341 0.425654 0.610341 0.409314 0.606610 0.402778 0.596482 0.399510 0.579424 0.399510
0 0.302239 0.162582 0.301173 0.169935 0.301706 0.178922 0.304371 0.183007 0.315032 0.189542 0.325693 0.192810 0.339552 0.193627 0.346482 0.192810 0.350746 0.187092 0.351279 0.182190 0.348614 0.167484 0.334222 0.147876 0.323561 0.140523 0.315032 0.140523 0.310235 0.143791 0.306503 0.150327
0 0.372068 0.132353 0.360341 0.129085 0.356077 0.130719 0.352878 0.135621 0.350213 0.147059 0.348614 0.176471 0.351279 0.183007 0.356077 0.188725 0.358742 0.188725 0.367804 0.183007 0.373667 0.169935 0.384328 0.153595 0.383262 0.145425
0 0.430171 0.153595 0.424307 0.138889 0.420576 0.133170 0.417910 0.131536 0.410981 0.132353 0.394456 0.150327 0.390192 0.163399 0.389659 0.173203 0.391258 0.176471 0.399787 0.181373 0.417377 0.177288 0.428571 0.168301 0.430704 0.161765
0 0.479744 0.086601 0.474947 0.084967 0.462687 0.085784 0.456823 0.092320 0.454158 0.103758 0.454691 0.136438 0.458955 0.153595 0.462687 0.158497 0.474947 0.146242 0.486674 0.114379 0.488273 0.107026 0.488273 0.096405 0.486674 0.092320
0 0.352878 0.189542 0.343817 0.199346 0.343817 0.218954 0.345416 0.233660 0.349147 0.251634 0.352878 0.255719 0.356077 0.255719 0.368870 0.249183 0.374733 0.244281 0.378998 0.236111 0.379531 0.225490 0.375267 0.211601 0.365672 0.196895 0.360874 0.191993
0 0.393390 0.248366 0.388060 0.247549 0.380064 0.254085 0.371002 0.272059 0.364072 0.291667 0.364606 0.302288 0.367271 0.306373 0.378998 0.312092 0.386461 0.312092 0.392857 0.308824 0.397122 0.301471 0.399254 0.286765 0.399254 0.268791 0.397655 0.256536
0 0.353945 0.259804 0.349680 0.256536 0.341151 0.256536 0.327292 0.259804 0.317697 0.264706 0.312367 0.272876 0.311834 0.286765 0.318230 0.305556 0.321429 0.308824 0.326759 0.309641 0.339019 0.298203 0.350213 0.280229 0.353412 0.272059
0 0.282516 0.228758 0.275053 0.241013 0.275053 0.251634 0.291578 0.272876 0.302239 0.279412 0.308102 0.276961 0.309701 0.265523 0.311834 0.260621 0.311834 0.254085 0.309701 0.236928 0.305970 0.224673 0.303305 0.220588 0.296375 0.218954
0 0.273454 0.260621 0.268124 0.255719 0.260128 0.254902 0.255864 0.257353 0.250533 0.257353 0.234009 0.266340 0.228678 0.278595 0.229211 0.285131 0.231876 0.290850 0.231876 0.296569 0.233475 0.301471 0.239339 0.309641 0.244136 0.312908 0.248934 0.312908 0.256397 0.307190 0.271855 0.281863 0.274520 0.267157
0 0.259595 0.209150 0.244136 0.203431 0.237740 0.203431 0.230810 0.207516 0.228145 0.217320 0.227079 0.239379 0.228678 0.250000 0.232942 0.262255 0.235608 0.263889 0.240405 0.263072 0.248934 0.254902 0.253731 0.247549 0.261194 0.224673 0.261194 0.213235
0 0.213220 0.221405 0.208955 0.223039 0.201493 0.232026 0.200426 0.243464 0.197228 0.257353 0.197228 0.273693 0.200959 0.285948 0.217484 0.284314 0.226013 0.280229 0.231343 0.267974 0.231343 0.260621 0.226546 0.241013
0 0.199360 0.155229 0.194563 0.157680 0.190299 0.164216 0.187633 0.175654 0.187633 0.189542 0.188699 0.199346 0.192964 0.212418 0.196695 0.217320 0.203092 0.217320 0.210554 0.214869 0.217484 0.209967 0.224947 0.200163 0.223881 0.194444 0.219083 0.188725 0.214819 0.178922 0.210554 0.162582 0.207356 0.158497
0 0.174307 0.197712 0.166311 0.218137 0.165245 0.240196 0.166844 0.250817 0.168977 0.255719 0.175373 0.260621 0.182836 0.260621 0.195096 0.255719 0.198827 0.247549 0.200426 0.237745 0.199893 0.228758 0.196162 0.217320 0.193497 0.213235 0.190299 0.213235 0.189232 0.211601 0.189232 0.205065 0.187633 0.200163 0.179638 0.196078
0 0.158316 0.152778 0.154051 0.152778 0.144456 0.164216 0.133795 0.179739 0.130597 0.182190 0.128998 0.187908 0.134861 0.200980 0.146055 0.213235 0.151919 0.214052 0.155650 0.213235 0.162580 0.201797 0.168977 0.183007 0.164179 0.168301 0.162047 0.156863
0 0.132196 0.128268 0.123134 0.128268 0.118870 0.133987 0.115139 0.142974 0.110874 0.164216 0.110341 0.176471 0.116205 0.191993 0.121535 0.192810 0.126333 0.189542 0.128998 0.182190 0.132729 0.178922 0.135928 0.172386 0.141258 0.167484 0.144829 0.163644 0.146055 0.159314 0.151546 0.152451 0.147655 0.147059 0.142857 0.142974 0.137527 0.132353
0 0.091684 0.120098 0.087953 0.122549 0.086354 0.129902 0.087953 0.158497 0.091684 0.175654 0.099147 0.186275 0.104478 0.187908 0.109275 0.174837 0.113006 0.150327 0.115672 0.142157 0.115139 0.134804 0.116205 0.128268 0.112473 0.122549 0.103412 0.119281
0 0.064499 0.193627 0.064499 0.198529 0.068230 0.210784 0.078358 0.224673 0.094883 0.236928 0.100213 0.236111 0.106610 0.227124 0.108742 0.220588 0.111407 0.199346 0.109808 0.195261 0.103945 0.191176 0.087953 0.187908 0.072495 0.187908
0 0.143923 0.214052 0.135928 0.205065 0.127399 0.199346 0.115139 0.199346 0.110874 0.205065 0.108209 0.218954 0.105544 0.249183 0.107143 0.258170 0.110341 0.261438 0.111407 0.267157 0.119403 0.267157 0.124200 0.262255 0.128465 0.250817 0.144989 0.226307 0.144989 0.217320
0 0.160448 0.223039 0.154051 0.222222 0.145522 0.227941 0.129531 0.248366 0.128465 0.251634 0.128998 0.264706 0.139126 0.280229 0.148188 0.283497 0.159915 0.274510 0.162580 0.269608 0.166311 0.256536 0.166311 0.250000 0.164179 0.242647 0.164179 0.227941
0 0.105011 0.254085 0.097548 0.245098 0.089019 0.239379 0.083689 0.239379 0.075693 0.246732 0.068230 0.260621 0.061834 0.277778 0.063433 0.290033 0.060235 0.303922 0.060235 0.310458 0.064499 0.310458 0.070362 0.303922 0.085288 0.297386 0.102345 0.281046 0.108209 0.267974 0.108209 0.263889
0 0.131130 0.270425 0.128465 0.268791 0.123134 0.269608 0.118337 0.275327 0.107676 0.281863 0.103412 0.282680 0.091684 0.291667 0.087420 0.296569 0.087420 0.304739 0.089019 0.310458 0.099680 0.327614 0.107143 0.330065 0.111407 0.329248 0.119403 0.320261 0.127932 0.303922 0.134328 0.295752 0.135928 0.282680
0 0.164712 0.279412 0.157783 0.277778 0.134328 0.298203 0.127399 0.308007 0.126866 0.315359 0.138060 0.333333 0.145522 0.337418 0.149787 0.337418 0.156183 0.334150 0.163113 0.321078 0.160448 0.302288 0.165778 0.285948
0 0.194030 0.266340 0.186034 0.263072 0.177505 0.263072 0.174840 0.265523 0.168443 0.277778 0.168230 0.280474 0.167537 0.281618 0.166365 0.283497 0.165778 0.285131 0.163859 0.293056 0.160981 0.300654 0.162580 0.313725 0.164179 0.316993 0.181237 0.315359 0.193497 0.303105 0.202026 0.290850 0.197761 0.280229 0.197228 0.272059
0 0.481876 0.008987 0.474414 0.015523 0.468550 0.023693 0.467484 0.026961 0.468017 0.037582 0.471748 0.046569 0.486141 0.065359 0.490405 0.068627 0.499467 0.071078 0.501066 0.069444 0.503198 0.058007 0.503731 0.043301 0.499467 0.026144 0.498401 0.014706 0.490938 0.007353
0 0.500000 0.010621 0.498934 0.016340 0.500533 0.030229 0.503731 0.035948 0.505864 0.036765 0.512793 0.045752 0.525586 0.053105 0.530384 0.053105 0.533582 0.051471 0.538380 0.043301 0.542111 0.029412 0.542644 0.020425 0.536780 0.008987 0.518657 0.004085 0.507996 0.004085
0 0.531983 0.000000 0.532516 0.004085 0.540512 0.011438 0.546908 0.011438 0.552772 0.013889 0.567697 0.013072 0.573561 0.008987 0.576759 0.004085 0.576759 0.000000
0 0.569296 0.022876 0.564499 0.021242 0.551706 0.021242 0.548507 0.024510 0.537313 0.052288 0.537313 0.062908 0.539979 0.066176 0.540512 0.069444 0.545309 0.073529 0.549574 0.074346 0.556503 0.070261 0.569296 0.058007 0.577292 0.040850 0.576759 0.033497
0 0.505330 0.056373 0.502132 0.071078 0.502132 0.085784 0.503198 0.093137 0.505864 0.098856 0.514925 0.099673 0.533582 0.093137 0.538913 0.088235 0.542644 0.080882 0.543177 0.074346 0.533049 0.061275 0.513859 0.050654 0.509595 0.050654
0 0.573561 0.067810 0.568763 0.063725 0.563966 0.063725 0.554371 0.073529 0.545842 0.092320 0.544776 0.097222 0.545309 0.106209 0.552239 0.111928 0.561834 0.111928 0.568763 0.110294 0.578891 0.102941 0.581557 0.098039 0.581557 0.085784 0.579424 0.078431
0 0.619403 0.020425 0.616205 0.014706 0.606610 0.013889 0.591684 0.021242 0.582623 0.032680 0.581557 0.040850 0.583156 0.049837 0.592217 0.057190 0.604478 0.062092 0.615672 0.060458 0.618337 0.055556 0.619936 0.046569 0.620469 0.026144
0 0.589019 0.000000 0.590085 0.008987 0.597548 0.013072 0.619403 0.013072 0.626866 0.003268 0.626866 0.000000
0 0.644989 0.006536 0.639126 0.004085 0.630597 0.004902 0.627399 0.008987 0.625800 0.013889 0.626866 0.020425 0.624733 0.025327 0.619936 0.056373 0.620469 0.062092 0.624200 0.071895 0.631130 0.073529 0.636994 0.069444 0.649254 0.049837 0.657249 0.032680 0.657783 0.025327 0.655650 0.018791 0.650853 0.011438
0 0.655117 0.015523 0.662580 0.027778 0.665778 0.030229 0.670043 0.029412 0.681237 0.015523 0.687100 0.004902 0.687633 0.000000 0.654584 0.000000
0 0.695096 0.000000 0.695096 0.003268 0.700959 0.012255 0.705757 0.014706 0.720682 0.017157 0.728678 0.013889 0.730810 0.008987 0.731343 0.000000
0 0.700959 0.025327 0.698827 0.044118 0.698827 0.053922 0.700959 0.058824 0.729211 0.061275 0.736674 0.059641 0.743603 0.051471 0.743603 0.044935 0.740405 0.038399 0.724414 0.022876 0.717484 0.018791 0.712154 0.017974 0.704691 0.021242
0 0.694030 0.005719 0.690299 0.006536 0.679104 0.020425 0.669510 0.035948 0.665778 0.046569 0.665778 0.055556 0.670576 0.062908 0.677505 0.069444 0.690299 0.072712 0.693497 0.070261 0.696695 0.062908 0.696695 0.045752 0.699893 0.020425 0.697228 0.010621
0 0.713220 0.080065 0.707889 0.071895 0.695629 0.073529 0.690299 0.077614 0.679638 0.080882 0.674307 0.087418 0.672708 0.096405 0.674840 0.104575 0.677505 0.107843 0.703625 0.116830 0.709488 0.116013 0.712154 0.111928 0.714286 0.099673
0 0.752132 0.078431 0.744670 0.066176 0.740938 0.062908 0.737207 0.062908 0.731876 0.066993 0.723881 0.079248 0.719083 0.089869 0.714819 0.104575 0.714286 0.111928 0.719616 0.116013 0.731343 0.115196 0.752665 0.099673 0.754797 0.094771 0.754797 0.090686
0 0.772921 0.102124 0.764925 0.098039 0.760661 0.098039 0.747868 0.103758 0.740405 0.109477 0.735608 0.116013 0.736141 0.132353 0.749467 0.152778 0.751599 0.154412 0.757463 0.152778 0.761727 0.147876 0.770256 0.123366 0.773454 0.111111
0 0.724414 0.138072 0.721748 0.150327 0.721748 0.160131 0.728678 0.187908 0.731876 0.196078 0.735075 0.199346 0.744670 0.196895 0.752132 0.188725 0.756930 0.179739 0.757463 0.174020 0.755864 0.166667 0.752665 0.162582 0.748401 0.152778 0.745203 0.152778 0.743070 0.146242 0.739872 0.141340 0.737740 0.141340 0.735075 0.137255 0.729211 0.135621
0 0.689232 0.174837 0.687100 0.187908 0.687100 0.203431 0.688166 0.207516 0.692964 0.214052 0.717484 0.212418 0.726013 0.200163 0.727079 0.193627 0.726013 0.190359 0.722814 0.187908 0.723348 0.182190 0.716951 0.175654 0.702559 0.167484 0.692964 0.169118
0 0.684435 0.129085 0.682836 0.133987 0.682836 0.140523 0.692431 0.156046 0.708422 0.166667 0.713220 0.166667 0.717484 0.161765 0.721748 0.139706 0.721215 0.128268 0.718017 0.122549 0.715352 0.120915 0.694563 0.121732
0 0.674840 0.108660 0.666311 0.097222 0.662047 0.098039 0.649787 0.107026 0.643923 0.116013 0.640192 0.128268 0.636994 0.147876 0.643390 0.151144 0.658849 0.151961 0.666311 0.148693 0.670576 0.143791 0.675373 0.141340 0.679104 0.133987 0.679638 0.128268
0 0.663113 0.055556 0.654051 0.049837 0.650853 0.052288 0.644989 0.062908 0.634328 0.091503 0.634328 0.095588 0.638060 0.098856 0.641791 0.105392 0.646588 0.106209 0.658316 0.097222 0.665245 0.093954 0.671642 0.086601 0.672708 0.081699 0.671642 0.071078
0 0.624200 0.075980 0.622068 0.069444 0.618870 0.066176 0.606077 0.066993 0.591684 0.075980 0.586354 0.085784 0.584222 0.093954 0.585288 0.097222 0.591684 0.100490 0.596482 0.106209 0.614072 0.110294 0.622068 0.105392 0.625800 0.098856
0 0.638593 0.104575 0.631130 0.103758 0.622068 0.105392 0.609275 0.118464 0.599680 0.133987 0.599147 0.143791 0.600746 0.149510 0.614606 0.165033 0.620469 0.165033 0.624733 0.161765 0.632196 0.148693 0.640192 0.125000 0.640725 0.111928
0 0.583156 0.101307 0.577825 0.107026 0.571962 0.120098 0.566098 0.141340 0.565565 0.151144 0.568230 0.156046 0.575693 0.160948 0.583156 0.162582 0.591684 0.161765 0.597548 0.156046 0.599680 0.149510 0.596482 0.113562 0.592751 0.103758 0.588486 0.101307
0 0.541578 0.109477 0.534648 0.109477 0.532516 0.111111 0.529318 0.120098 0.526119 0.136438 0.525053 0.160131 0.529318 0.167484 0.537846 0.169935 0.545309 0.161765 0.554904 0.147059 0.559168 0.135621 0.559168 0.128268 0.555970 0.122549
0 0.477612 0.148693 0.474414 0.150327 0.469083 0.171569 0.469083 0.193627 0.471215 0.203431 0.474414 0.209150 0.482409 0.210784 0.493603 0.205882 0.499467 0.200163 0.502665 0.195261 0.502665 0.187092 0.501599 0.182190 0.491471 0.160948 0.488273 0.156046
0 0.494670 0.205882 0.489339 0.214869 0.489339 0.233660 0.490938 0.248366 0.493070 0.254902 0.497335 0.258987 0.502932 0.269118 0.507463 0.262255 0.510128 0.262255 0.514925 0.256536 0.515991 0.245098 0.522388 0.230392 0.522388 0.216503 0.513859 0.205065
0 0.509595 0.176471 0.509595 0.183824 0.511727 0.185458 0.515991 0.202614 0.520789 0.205065 0.527186 0.211601 0.530917 0.218954 0.536247 0.223039 0.541578 0.223039 0.545309 0.219771 0.549041 0.214052 0.552772 0.204248 0.553838 0.196895 0.552772 0.184641 0.546375 0.175654 0.527719 0.168301 0.520256 0.167484 0.515991 0.173203
0 0.487740 0.248366 0.483475 0.244281 0.480277 0.244281 0.458955 0.254085 0.451493 0.261438 0.449893 0.265523 0.449360 0.272876 0.450426 0.279412 0.454691 0.290850 0.459488 0.298203 0.466418 0.301471 0.473348 0.299020 0.479744 0.292484 0.490938 0.272059 0.490938 0.254085
0 0.553838 0.226307 0.549041 0.223039 0.544776 0.223039 0.528785 0.227941 0.520789 0.235294 0.518923 0.242320 0.517591 0.246732 0.517058 0.255719 0.525053 0.274510 0.533582 0.277778 0.539446 0.273693 0.546908 0.262255 0.549574 0.255719 0.554371 0.249183 0.557036 0.239379 0.556503 0.231209
0 0.602878 0.174837 0.599680 0.166667 0.587420 0.165850 0.567697 0.173203 0.560768 0.183824 0.561834 0.188725 0.566631 0.195261 0.575693 0.201797 0.590618 0.206699 0.596482 0.206699 0.599680 0.203431 0.601279 0.198529
0 0.563966 0.206699 0.561301 0.212418 0.563433 0.227124 0.568230 0.236111 0.584755 0.254902 0.591684 0.256536 0.595949 0.250817 0.599680 0.242647 0.603945 0.227124 0.603945 0.219771 0.599680 0.211601 0.593284 0.207516 0.579957 0.204248 0.570362 0.204248
0 0.635394 0.232843 0.629531 0.223856 0.621002 0.221405 0.614606 0.223856 0.609808 0.228758 0.607676 0.234477 0.602878 0.239379 0.595416 0.253268 0.592964 0.257026 0.591525 0.262337 0.592644 0.266748 0.595416 0.267157 0.602878 0.270425 0.615672 0.269608 0.624733 0.267157 0.633262 0.261438 0.635394 0.258170 0.637527 0.250000
0 0.624200 0.175654 0.622601 0.178922 0.623134 0.189542 0.626866 0.196895 0.634328 0.221405 0.641791 0.230392 0.646588 0.230392 0.650320 0.227124 0.655650 0.218954 0.659915 0.208333 0.661514 0.200980 0.659915 0.194444 0.641258 0.176471 0.631663 0.173203 0.626866 0.173203
0 0.686567 0.163399 0.684435 0.152778 0.682303 0.149510 0.671642 0.150327 0.652452 0.158497 0.646588 0.167484 0.646055 0.174020 0.649254 0.179739 0.654051 0.180556 0.655117 0.185458 0.663646 0.195261 0.668977 0.197712 0.679638 0.194444 0.682836 0.189542 0.686034 0.175654
0 0.661514 0.212418 0.658849 0.218137 0.659382 0.225490 0.662047 0.233660 0.672175 0.249183 0.681237 0.257353 0.690299 0.258987 0.694563 0.256536 0.694563 0.233660 0.693497 0.225490 0.689765 0.213235 0.682303 0.200163 0.676972 0.200163 0.670576 0.203431
0 0.715885 0.214869 0.707889 0.220588 0.699893 0.230392 0.699307 0.235703 0.697228 0.238562 0.696695 0.245098 0.699893 0.254902 0.708955 0.268791 0.715885 0.272876 0.722814 0.274510 0.731343 0.267157 0.732942 0.261438 0.732942 0.254902 0.725480 0.222222 0.721748 0.215686
0 0.761194 0.000000 0.740938 0.000000 0.739339 0.008987 0.739339 0.031863 0.747868 0.050654 0.751599 0.049020 0.767058 0.026961 0.767058 0.008170 0.765458 0.004902 0.761727 0.003268
0 0.768124 0.000000 0.768124 0.008987 0.771855 0.022059 0.779851 0.035131 0.783582 0.035948 0.789446 0.032680 0.799574 0.022876 0.801706 0.017157 0.801706 0.011438 0.799041 0.000000
0 0.800107 0.000000 0.800107 0.003268 0.805437 0.016340 0.815032 0.028595 0.818230 0.030229 0.825160 0.028595 0.829957 0.022876 0.835288 0.008987 0.835821 0.000000
0 0.836354 0.009804 0.841684 0.021242 0.845949 0.021242 0.849680 0.019608 0.862473 0.004085 0.862473 0.000000 0.836354 0.000000
0 0.868870 0.000000 0.869936 0.008987 0.872068 0.012255 0.884328 0.020425 0.896055 0.021242 0.900320 0.019608 0.904584 0.009804 0.902452 0.000000
0 0.943497 0.005719 0.929638 0.008170 0.921109 0.014706 0.920043 0.018791 0.923241 0.041667 0.927505 0.053105 0.941791 0.077859 0.946055 0.075490 0.950959 0.045752 0.950959 0.035948 0.948294 0.014706 0.946695 0.008987
0 0.966418 0.000000 0.966418 0.015523 0.968550 0.026961 0.971748 0.032680 0.978678 0.032680 1.000000 0.021242 1.000000 0.000000
0 0.974414 0.034314 0.971748 0.038399 0.970682 0.044935 0.985608 0.068627 0.995736 0.078431 0.997868 0.082516 1.000000 0.082516 1.000000 0.037582 0.993603 0.034314 0.984009 0.032680
0 0.982942 0.067810 0.980864 0.063725 0.977612 0.056373 0.971215 0.047386 0.959435 0.045425 0.950959 0.049837 0.946695 0.062908 0.947228 0.074346 0.951493 0.082516 0.957356 0.087418 0.960554 0.087418 0.968550 0.078431 0.982942 0.070261
0 0.900320 0.027778 0.896055 0.032680 0.893923 0.044118 0.893923 0.053922 0.897122 0.074346 0.899787 0.081699 0.904051 0.087418 0.909382 0.088235 0.916311 0.085784 0.921109 0.080882 0.928038 0.069444 0.929638 0.063725 0.929104 0.058007 0.908849 0.029412 0.904584 0.026961
0 0.849680 0.022876 0.847548 0.036765 0.848081 0.042484 0.860341 0.058007 0.869403 0.064542 0.881130 0.066176 0.889659 0.058007 0.887527 0.037582 0.885394 0.031046 0.878465 0.019608 0.867804 0.011438 0.859808 0.010621 0.854478 0.014706
0 0.848081 0.044935 0.837953 0.044118 0.829424 0.050654 0.826226 0.058824 0.825693 0.065359 0.827825 0.086601 0.837420 0.103758 0.842217 0.100490 0.849680 0.090686 0.851812 0.084150 0.853945 0.081699 0.857676 0.068627 0.857676 0.057190 0.852878 0.049020
0 0.788913 0.035948 0.786247 0.043301 0.786780 0.053922 0.788380 0.058824 0.797974 0.069444 0.801706 0.076797 0.809701 0.082516 0.815032 0.084150 0.823028 0.084150 0.825693 0.081699 0.825693 0.068627 0.823028 0.056373 0.816631 0.040850 0.815032 0.033497 0.807036 0.021242 0.802239 0.021242 0.794776 0.027778
0 0.763326 0.042484 0.754797 0.054739 0.755330 0.065359 0.762793 0.079248 0.770789 0.089869 0.777719 0.095588 0.783049 0.094771 0.786780 0.087418 0.787313 0.065359 0.783582 0.044935 0.780384 0.038399 0.775586 0.036765
0 0.794776 0.084150 0.794776 0.104575 0.801706 0.116013 0.807036 0.129085 0.813966 0.133987 0.818763 0.133170 0.822495 0.129085 0.830490 0.111928 0.832090 0.106209 0.831557 0.101307 0.820362 0.089869 0.803838 0.080065
0 0.881130 0.074346 0.876866 0.068627 0.870469 0.068627 0.853945 0.084967 0.846482 0.098856 0.844883 0.105392 0.848081 0.111111 0.855544 0.114379 0.877932 0.114379 0.883795 0.111111 0.886461 0.105392 0.886461 0.096405
0 0.891258 0.105392 0.888593 0.116013 0.888593 0.124183 0.891791 0.130719 0.899254 0.136438 0.913646 0.142157 0.921642 0.142157 0.926439 0.135621 0.927505 0.126634 0.925373 0.119281 0.921109 0.110294 0.908849 0.093954 0.905117 0.091503 0.900320 0.092320
0 0.925906 0.098039 0.924307 0.107026 0.926972 0.117647 0.930704 0.123366 0.938166 0.125817 0.947228 0.131536 0.957889 0.134804 0.964286 0.129902 0.966418 0.117647 0.966418 0.103758 0.964819 0.095588 0.963220 0.093137 0.960021 0.091503 0.932303 0.092320
0 0.968017 0.080065 0.966418 0.083333 0.966418 0.100490 0.969616 0.122549 0.973348 0.131536 0.978145 0.137255 0.986674 0.137255 0.990938 0.129902 0.994670 0.111928 0.996802 0.093137 0.996269 0.085784 0.993603 0.080065 0.987740 0.076797 0.976546 0.076797
0 0.997868 0.102124 0.994670 0.107026 0.989339 0.130719 0.987207 0.133987 0.985608 0.133987 0.985608 0.135621 0.989872 0.136438 0.993603 0.142974 1.000000 0.144608 1.000000 0.102124
0 0.992537 0.142157 0.978145 0.142157 0.974414 0.147059 0.972814 0.153595 0.972814 0.178105 0.974414 0.198529 0.976546 0.205882 0.982409 0.212418 0.986674 0.211601 0.995736 0.199346 0.997335 0.193627 0.997868 0.183007 1.000000 0.182190 1.000000 0.146242
0 0.947228 0.139706 0.941365 0.146242 0.940832 0.154412 0.947761 0.185458 0.952026 0.191176 0.963753 0.189542 0.969616 0.183007 0.971748 0.174837 0.971215 0.160948 0.969083 0.152778 0.960021 0.138072 0.952026 0.137255
0 0.931770 0.146242 0.927505 0.147876 0.922175 0.158497 0.919510 0.169118 0.917910 0.183007 0.918443 0.206699 0.920576 0.210784 0.927505 0.214052 0.943497 0.210784 0.947228 0.206699 0.948294 0.202614 0.948294 0.191176 0.941898 0.160948 0.938699 0.150327
0 0.912580 0.152778 0.907783 0.153595 0.902985 0.156863 0.891258 0.174837 0.884328 0.193627 0.884328 0.200980 0.890725 0.210784 0.903518 0.217320 0.908849 0.216503 0.914179 0.210784 0.915778 0.200980 0.915778 0.189542 0.918977 0.174837 0.916844 0.160131
0 0.861407 0.134804 0.860341 0.146242 0.860874 0.157680 0.863006 0.165850 0.866738 0.172386 0.870469 0.174020 0.888060 0.173203 0.894989 0.166667 0.901386 0.156046 0.900853 0.146242 0.899254 0.143791 0.886461 0.133987 0.868337 0.129902 0.864606 0.130719
0 0.838486 0.108660 0.833689 0.110294 0.827292 0.129902 0.823561 0.165850 0.825160 0.173203 0.828358 0.178105 0.837420 0.174837 0.845416 0.166667 0.853945 0.152778 0.860341 0.135621 0.859275 0.128268 0.854478 0.120915
0 0.818230 0.142974 0.803305 0.140523 0.781450 0.164216 0.781450 0.170752 0.787313 0.186275 0.797974 0.200980 0.801173 0.198529 0.805970 0.184641 0.810235 0.178105 0.814499 0.174837 0.819829 0.164216 0.820896 0.150327
0 0.783582 0.107843 0.778785 0.107843 0.774520 0.113562 0.763859 0.144608 0.763326 0.154412 0.763166 0.164951 0.770256 0.162582 0.779851 0.162582 0.784648 0.154412 0.787846 0.152778 0.791045 0.147059 0.796908 0.143791 0.799574 0.138889 0.800107 0.132353 0.799041 0.127451 0.791578 0.115196
0 0.757996 0.183007 0.755330 0.191176 0.755330 0.201797 0.761727 0.210784 0.770789 0.217320 0.785181 0.223856 0.792111 0.223856 0.796908 0.219771 0.796908 0.205882 0.795842 0.200980 0.786247 0.186275 0.783049 0.177288 0.777186 0.167484 0.770789 0.165850 0.767058 0.168301
0 0.734009 0.203431 0.731343 0.205882 0.729744 0.211601 0.730277 0.226307 0.734009 0.252451 0.738273 0.261438 0.745203 0.262255 0.748401 0.258170 0.756930 0.234477 0.760128 0.218954 0.757996 0.208333 0.753731 0.204248 0.743603 0.202614
0 0.785181 0.227941 0.780917 0.223856 0.771322 0.219771 0.763326 0.230392 0.762793 0.236111 0.757463 0.247549 0.753198 0.253268 0.753198 0.259804 0.751066 0.264706 0.751066 0.268791 0.755330 0.281046 0.761194 0.282680 0.769723 0.279412 0.783582 0.267974 0.792644 0.254902 0.793177 0.248366 0.790512 0.236928
0 0.826759 0.179739 0.821962 0.175654 0.817697 0.174837 0.808635 0.181373 0.798507 0.206699 0.798507 0.218954 0.808635 0.226307 0.823561 0.224673 0.828891 0.220588 0.833689 0.212418 0.834222 0.202614 0.831557 0.189542
0 0.841684 0.183007 0.839552 0.207516 0.841684 0.217320 0.844883 0.220588 0.860341 0.221405 0.876333 0.214052 0.881663 0.206699 0.881663 0.199346 0.876866 0.191176 0.863006 0.180556 0.849147 0.176471
0 0.888060 0.217320 0.885928 0.215686 0.872068 0.217320 0.863006 0.226307 0.856077 0.229575 0.853412 0.233660 0.853412 0.247549 0.863539 0.267157 0.874733 0.268791 0.881130 0.260621 0.889659 0.236928 0.890192 0.222222
0 0.912580 0.217320 0.904051 0.219771 0.900320 0.223856 0.890192 0.241013 0.884328 0.258987 0.884861 0.267157 0.888060 0.272876 0.900320 0.283497 0.909915 0.284314 0.912580 0.282680 0.914712 0.278595 0.917910 0.265523 0.919510 0.251634 0.919510 0.231209 0.916311 0.220588
0 0.936034 0.214869 0.927505 0.220588 0.922175 0.228758 0.922175 0.236111 0.923774 0.242647 0.935501 0.262255 0.944030 0.272876 0.948294 0.273693 0.953092 0.267157 0.953092 0.230392 0.950426 0.215686 0.947761 0.211601
0 0.959488 0.194444 0.956823 0.200163 0.954158 0.212418 0.954158 0.220588 0.960021 0.248366 0.962154 0.254902 0.966418 0.260621 0.971748 0.261438 0.978145 0.258987 0.982942 0.254902 0.986674 0.248366 0.987207 0.236111 0.979211 0.214052 0.969616 0.199346 0.963220 0.194444
0 0.997335 0.198529 0.990938 0.207516 0.989339 0.212418 0.989339 0.219771 0.992537 0.238562 0.997335 0.246732 1.000000 0.246732 1.000000 0.198529
0 1.000000 0.248366 0.987740 0.252451 0.980277 0.259804 0.978678 0.264706 0.979211 0.272876 0.982409 0.285948 0.992004 0.299837 1.000000 0.297386
0 0.950426 0.279412 0.948294 0.292484 0.947761 0.309641 0.948294 0.314542 0.952559 0.324346 0.957356 0.325163 0.966418 0.318627 0.970682 0.318627 0.978145 0.328431 0.984009 0.329248 0.990405 0.321895 0.991471 0.315359 0.990938 0.301471 0.980277 0.285948 0.971215 0.277778 0.965885 0.276144 0.955224 0.276144
0 0.923774 0.254085 0.920576 0.258987 0.918443 0.271242 0.915778 0.277778 0.915778 0.303922 0.917377 0.311275 0.920043 0.316176 0.923241 0.318627 0.930171 0.318627 0.942431 0.314542 0.946162 0.308007 0.946162 0.294935 0.941365 0.274510 0.931770 0.258987 0.928038 0.254902
0 0.859808 0.279412 0.859808 0.309641 0.860874 0.312908 0.864606 0.315359 0.879531 0.315359 0.884328 0.313725 0.892324 0.308007 0.900853 0.296569 0.901386 0.289216 0.887527 0.277778 0.874733 0.272059 0.864606 0.270425 0.861940 0.272876
0 0.850213 0.253268 0.840618 0.253268 0.834222 0.257353 0.827292 0.278595 0.825693 0.294118 0.826226 0.303105 0.829424 0.308824 0.837953 0.316176 0.850213 0.316176 0.855011 0.311275 0.857143 0.303105 0.858742 0.276961 0.857143 0.273693 0.855544 0.260621
0 0.795309 0.231209 0.793710 0.235294 0.794776 0.250817 0.805970 0.276144 0.810235 0.282680 0.818763 0.283497 0.820896 0.281863 0.832623 0.261438 0.832090 0.248366 0.821962 0.236111 0.815032 0.232026 0.803838 0.229575
0 0.801706 0.277778 0.795309 0.276144 0.788380 0.277778 0.775053 0.286765 0.768657 0.295752 0.767058 0.302288 0.767591 0.308824 0.771855 0.320261 0.778785 0.330882 0.782516 0.333333 0.787846 0.332516 0.805970 0.302288 0.807569 0.296569 0.807569 0.287582
0 0.744136 0.266340 0.736141 0.265523 0.732409 0.268791 0.727612 0.276961 0.723348 0.289216 0.716418 0.303105 0.715352 0.308824 0.718550 0.316176 0.722814 0.318627 0.736674 0.319444 0.743603 0.316993 0.752665 0.308007 0.754797 0.302288 0.754264 0.286765 0.752132 0.280229
0 0.764925 0.308824 0.757996 0.303105 0.744670 0.316993 0.740512 0.318627 0.735075 0.320261 0.734542 0.325980 0.731343 0.332516 0.731876 0.343137 0.739872 0.350490 0.746269 0.352124 0.759062 0.351307 0.763859 0.346405 0.768124 0.344771 0.770256 0.335784 0.770256 0.327614 0.769190 0.320261
0 0.997335 0.296569 0.993070 0.306373 0.990938 0.328431 0.991471 0.332516 0.996269 0.341503 0.997335 0.346405 1.000000 0.347222 1.000000 0.296569
0 0.955757 0.339052 0.956823 0.361111 0.958955 0.365196 0.965352 0.368464 0.976013 0.366830 0.982409 0.356209 0.988273 0.352124 0.995736 0.350490 0.996269 0.343954 0.990405 0.333333 0.978678 0.330065 0.968550 0.321078 0.961620 0.323529 0.958422 0.328431
0 0.980277 0.357843 0.978678 0.361111 0.978678 0.368464 0.981876 0.378268 0.997868 0.404412 1.000000 0.404412 1.000000 0.351307 0.987740 0.352941
0 0.970682 0.378268 0.968017 0.393791 0.968017 0.404412 0.969616 0.411765 0.970682 0.428922 0.974414 0.449346 0.978145 0.453431 0.991471 0.450163 0.998401 0.441176 1.000000 0.441176 1.000000 0.411765 0.997868 0.410948 0.996802 0.404412 0.986141 0.388072 0.976013 0.378268
0 0.942964 0.369281 0.938166 0.373366 0.936567 0.378268 0.938166 0.399510 0.950959 0.427288 0.953625 0.428922 0.958422 0.428105 0.963220 0.419118 0.966951 0.404412 0.968550 0.379085 0.964286 0.370915 0.960021 0.367647 0.953625 0.366830
0 0.947228 0.319444 0.943497 0.316993 0.936034 0.319444 0.921642 0.333333 0.919510 0.339052 0.918977 0.345588 0.926439 0.363562 0.944563 0.366830 0.951493 0.365196 0.954158 0.362745 0.954158 0.339052 0.950959 0.325980
0 0.912047 0.307190 0.896588 0.307190 0.883795 0.320261 0.877932 0.332516 0.875800 0.344771 0.884861 0.361928 0.888060 0.364379 0.891258 0.364379 0.900320 0.356209 0.904584 0.341503 0.912580 0.325163 0.913113 0.310458
0 0.912047 0.337418 0.905650 0.341503 0.902985 0.355392 0.900320 0.358660 0.897122 0.387255 0.897122 0.398693 0.899787 0.406046 0.903518 0.410948 0.907783 0.412582 0.924840 0.407680 0.928038 0.401961 0.929104 0.394608 0.928038 0.378268 0.924840 0.364379 0.916844 0.343954
0 0.884328 0.385621 0.879531 0.390523 0.876333 0.399510 0.871535 0.407680 0.870469 0.415850 0.870469 0.441993 0.872068 0.450163 0.875800 0.454248 0.889126 0.455882 0.896055 0.453431 0.900320 0.447712 0.901386 0.440359 0.900853 0.424837 0.898721 0.417484 0.898721 0.409314 0.896588 0.402778 0.890725 0.390523
0 0.878998 0.366013 0.874200 0.354575 0.868870 0.353758 0.841684 0.364379 0.836354 0.371732 0.835821 0.375817 0.841151 0.386438 0.848081 0.390523 0.865139 0.396242 0.873134 0.396242 0.875800 0.392974 0.878465 0.383987
0 0.878998 0.320261 0.864606 0.317810 0.861407 0.315359 0.850746 0.317810 0.840618 0.317810 0.836354 0.321078 0.833689 0.325980 0.833156 0.339052 0.840618 0.361111 0.853412 0.360294 0.866738 0.351307 0.875267 0.340686 0.878998 0.326797
0 0.808102 0.312092 0.802239 0.318627 0.796375 0.328431 0.794243 0.336601 0.795309 0.346405 0.801173 0.353758 0.813966 0.359477 0.816631 0.362745 0.821429 0.364379 0.827292 0.362745 0.831023 0.357026 0.831557 0.330882 0.828358 0.320261 0.821962 0.311275 0.812367 0.310458
0 0.788913 0.342320 0.784115 0.337418 0.780384 0.337418 0.770789 0.343137 0.763326 0.352124 0.753731 0.366830 0.751599 0.373366 0.752132 0.380719 0.754264 0.388072 0.758529 0.390523 0.783582 0.387255 0.791045 0.383170 0.795309 0.375000 0.795309 0.365196 0.793177 0.352941
0 0.704691 0.323529 0.697228 0.325980 0.690299 0.330882 0.687633 0.336601 0.687633 0.343954 0.694563 0.368464 0.700426 0.381536 0.700959 0.387255 0.703625 0.390523 0.709488 0.390523 0.712687 0.388889 0.718017 0.379902 0.719616 0.343954 0.718550 0.332516 0.715885 0.325980 0.713220 0.323529
0 0.718550 0.276961 0.713220 0.272059 0.704158 0.270425 0.689765 0.276961 0.681770 0.283497 0.678038 0.290850 0.677505 0.298203 0.684968 0.321078 0.689232 0.325980 0.694563 0.325980 0.706290 0.318627 0.707889 0.312908 0.714286 0.303105 0.718550 0.290850 0.721215 0.286765 0.721215 0.281863
0 0.751066 0.382353 0.744136 0.366830 0.739872 0.365196 0.734009 0.367647 0.715352 0.386438 0.708955 0.401144 0.708955 0.409314 0.713220 0.412582 0.735608 0.416667 0.742004 0.415850 0.750000 0.410131 0.752132 0.405229 0.752665 0.393791
0 0.796375 0.392157 0.789446 0.387255 0.771322 0.390523 0.763326 0.397059 0.759062 0.406863 0.759062 0.417484 0.763859 0.434641 0.767591 0.441993 0.775586 0.440359 0.780917 0.435458 0.799574 0.410131
0 0.752132 0.411765 0.744670 0.415850 0.739872 0.428105 0.738806 0.472222 0.739872 0.476307 0.742004 0.477941 0.756930 0.477124 0.760661 0.472222 0.760661 0.458333 0.764392 0.446895 0.764392 0.442810 0.761727 0.432190 0.758529 0.425654 0.758529 0.421569
0 0.769190 0.445261 0.762260 0.453431 0.760128 0.463235 0.760128 0.471405 0.761727 0.476307 0.764925 0.477941 0.767058 0.483660 0.778785 0.498366 0.783582 0.499183 0.787313 0.484477 0.787313 0.475490 0.785181 0.469771 0.783582 0.454248 0.779318 0.444444
0 0.696162 0.421569 0.696695 0.429739 0.700426 0.441176 0.716418 0.464869 0.720682 0.466503 0.728678 0.465686 0.736674 0.450163 0.739339 0.434641 0.738806 0.426471 0.736674 0.421569 0.722281 0.415850 0.712154 0.414216 0.702559 0.415033
0 0.698827 0.441993 0.693497 0.443627 0.688699 0.449346 0.684968 0.460784 0.681237 0.480392 0.681237 0.500817 0.684435 0.506536 0.691898 0.509804 0.703092 0.508170 0.709488 0.500000 0.711087 0.495098 0.710554 0.474673 0.708955 0.464052 0.703092 0.447712
0 0.694563 0.515523 0.689765 0.517157 0.686034 0.523693 0.681237 0.538399 0.676972 0.558824 0.676439 0.566176 0.677505 0.570261 0.688699 0.579248 0.696162 0.579248 0.700426 0.575980 0.703625 0.569444 0.704158 0.561275 0.705757 0.556373 0.705757 0.552288 0.704158 0.548203 0.704158 0.523693 0.702559 0.520425 0.698294 0.519608
0 0.716418 0.511438 0.708955 0.516340 0.705757 0.521242 0.706823 0.548203 0.708422 0.562908 0.713220 0.575163 0.715352 0.577614 0.721748 0.577614 0.733475 0.571078 0.738806 0.563725 0.740938 0.556373 0.740938 0.544935 0.737740 0.535131 0.725480 0.519608 0.720682 0.511438
0 0.724414 0.477941 0.717484 0.488562 0.715885 0.493464 0.716951 0.500000 0.720149 0.508987 0.728145 0.522876 0.734009 0.528595 0.739872 0.529412 0.751066 0.513889 0.755864 0.500817 0.756397 0.493464 0.752132 0.486111 0.747335 0.484477 0.737207 0.477124 0.727612 0.476307
0 0.783582 0.503268 0.768124 0.487745 0.760661 0.491830 0.758529 0.494281 0.754797 0.505719 0.745203 0.525327 0.744670 0.531046 0.746269 0.541667 0.747868 0.543301 0.760128 0.542484 0.764925 0.536765 0.779318 0.525327 0.784115 0.517974 0.785181 0.513889
0 0.805437 0.428105 0.794776 0.428105 0.786780 0.431373 0.783582 0.437908 0.784115 0.448529 0.788380 0.473856 0.788380 0.486928 0.794243 0.494281 0.800107 0.494281 0.807036 0.490196 0.810235 0.484477 0.816098 0.445261 0.814499 0.439542 0.808102 0.429739
0 0.806503 0.379902 0.802239 0.384804 0.800640 0.390523 0.802239 0.406046 0.809701 0.430556 0.817164 0.441993 0.822495 0.442810 0.827825 0.432190 0.830490 0.422386 0.832090 0.399510 0.831023 0.385621 0.828358 0.379902 0.824627 0.377451 0.812367 0.377451
0 0.848614 0.397876 0.840618 0.403595 0.836887 0.409314 0.836887 0.423203 0.841151 0.435458 0.850213 0.452614 0.855011 0.458333 0.859275 0.459150 0.864606 0.454248 0.868337 0.447712 0.868870 0.430556 0.867271 0.404412 0.861407 0.397059
0 0.837420 0.433824 0.829957 0.431373 0.824094 0.442810 0.817697 0.450163 0.811834 0.474673 0.811834 0.488562 0.822495 0.491013 0.834222 0.482843 0.841684 0.474673 0.847015 0.465686 0.849680 0.464052 0.850746 0.459967 0.850213 0.454248 0.849094 0.449510 0.844883 0.445261
0 0.852345 0.480392 0.850213 0.478758 0.842751 0.478758 0.833156 0.484477 0.823028 0.492647 0.815565 0.504085 0.815565 0.512255 0.827825 0.540033 0.829957 0.541667 0.834755 0.540850 0.841151 0.536765 0.850213 0.520425 0.856077 0.504902 0.856610 0.496732 0.855544 0.486111
0 0.858742 0.468954 0.857676 0.475490 0.858742 0.493464 0.859808 0.498366 0.863539 0.504085 0.866738 0.505719 0.874733 0.505719 0.891258 0.493464 0.897122 0.477124 0.896588 0.472222 0.889126 0.464052 0.884328 0.462418 0.866738 0.461601 0.862473 0.463235
0 0.921109 0.445261 0.915245 0.443627 0.901386 0.464052 0.898188 0.471405 0.894989 0.487745 0.894989 0.494281 0.900320 0.500000 0.905117 0.500000 0.915245 0.491830 0.922708 0.488562 0.925373 0.483660 0.928571 0.482026 0.930171 0.473856 0.930171 0.463235 0.927505 0.455882
0 0.907783 0.415850 0.906716 0.422386 0.914712 0.437908 0.929104 0.447712 0.934968 0.449346 0.941898 0.447712 0.949360 0.434641 0.949893 0.428105 0.946162 0.416667 0.940299 0.407680 0.927505 0.407680
0 0.954691 0.449346 0.950959 0.454248 0.949893 0.462418 0.950959 0.502451 0.952026 0.506536 0.954691 0.509804 0.960021 0.511438 0.966951 0.510621 0.970149 0.507353 0.972814 0.500817 0.972281 0.486928 0.969083 0.464869 0.962154 0.452614 0.959488 0.450163
0 0.976546 0.455882 0.970149 0.464052 0.970149 0.472222 0.972281 0.482843 0.984009 0.507353 0.985075 0.512255 0.986674 0.514706 0.994670 0.517157 0.998401 0.512255 1.000000 0.512255 1.000000 0.460784 0.998401 0.460784 0.996269 0.455065 0.991471 0.451797 0.986141 0.451797
0 0.939765 0.463235 0.933902 0.463235 0.931237 0.469771 0.930171 0.482026 0.922708 0.491013 0.912047 0.495915 0.910981 0.498366 0.911514 0.502451 0.919510 0.511438 0.925373 0.513072 0.939765 0.513072 0.948294 0.506536 0.949360 0.495098 0.947761 0.481209 0.944563 0.469771
0 0.874733 0.508170 0.873667 0.519608 0.876866 0.527778 0.894456 0.548203 0.905650 0.548203 0.912580 0.528595 0.913113 0.508987 0.909382 0.502451 0.897655 0.500817 0.882729 0.500817
0 0.845949 0.529412 0.846482 0.536765 0.850746 0.551471 0.866205 0.574346 0.875267 0.580882 0.881663 0.580882 0.884328 0.576797 0.891791 0.555556 0.891791 0.547386 0.889126 0.542484 0.885928 0.540850 0.882729 0.535131 0.873134 0.526144 0.854478 0.523693 0.849680 0.525327
0 0.794243 0.500000 0.791045 0.504085 0.788380 0.513889 0.788380 0.522059 0.790512 0.534314 0.797441 0.558007 0.802772 0.564542 0.806503 0.564542 0.815032 0.558007 0.822495 0.548203 0.824627 0.542484 0.824627 0.535948 0.815032 0.512255 0.810768 0.505719 0.801173 0.500000
0 0.745736 0.558824 0.744670 0.564542 0.745203 0.572712 0.771855 0.580882 0.778785 0.586601 0.781983 0.584967 0.787313 0.573529 0.787313 0.551471 0.784115 0.546569 0.768657 0.544935 0.756930 0.545752 0.751599 0.549020
0 0.833156 0.541667 0.824627 0.549020 0.819829 0.556373 0.818763 0.559641 0.819829 0.572712 0.821962 0.580065 0.840618 0.605392 0.843284 0.607026 0.851279 0.605392 0.854478 0.602124 0.857143 0.590686 0.851279 0.555556 0.844883 0.540850 0.840618 0.539216
0 0.920576 0.523693 0.911514 0.534314 0.907783 0.545752 0.908316 0.555556 0.915778 0.568627 0.923241 0.577614 0.926972 0.579248 0.936567 0.578431 0.941365 0.572712 0.941365 0.564542 0.938699 0.554739 0.937633 0.539216 0.934968 0.526961 0.932303 0.522059 0.930171 0.521242
0 0.949360 0.510621 0.937100 0.517157 0.936567 0.531046 0.939765 0.554739 0.945096 0.570261 0.947228 0.572712 0.955224 0.571895 0.959488 0.562908 0.963220 0.545752 0.963753 0.517157 0.958955 0.512255
0 0.978145 0.500817 0.968017 0.512255 0.965885 0.521242 0.966418 0.530229 0.970149 0.536765 0.976546 0.542484 0.990405 0.547386 0.994670 0.540850 0.995736 0.520425 0.994670 0.517974 0.989872 0.517974 0.985075 0.515523
0 0.963753 0.548203 0.961620 0.558824 0.961620 0.581699 0.964286 0.589052 0.972281 0.591503 0.990405 0.587418 1.000000 0.581699 1.000000 0.557190 0.998401 0.557190 0.995736 0.552288 0.971215 0.541667 0.965885 0.544118
0 1.000000 0.584150 0.993603 0.584150 0.989872 0.587418 0.976546 0.589869 0.969083 0.597222 0.968017 0.607843 0.973348 0.615196 0.981876 0.621732 0.986674 0.622549 0.990405 0.626634 1.000000 0.628268
0 0.978145 0.628268 0.968550 0.636438 0.965352 0.642157 0.963753 0.648693 0.964286 0.658497 0.968017 0.669118 0.982409 0.692810 0.988273 0.695261 0.990405 0.698529 0.994670 0.700980 0.996802 0.698529 0.997868 0.688725 1.000000 0.687908 1.000000 0.661765 0.997868 0.660948 0.997335 0.650327 0.994136 0.633987 0.992004 0.629085 0.987207 0.626634
0 0.947228 0.703431 0.947761 0.709967 0.953625 0.728758 0.966418 0.737745 0.976546 0.741830 0.986674 0.742647 0.990938 0.739379 0.994670 0.722222 0.994670 0.709150 0.992537 0.703431 0.986674 0.696895 0.980277 0.693627 0.972281 0.695261 0.956823 0.694444 0.950959 0.698529
0 0.946162 0.750817 0.944563 0.763072 0.945096 0.777778 0.946695 0.781863 0.952026 0.787582 0.959488 0.788399 0.965352 0.786765 0.981343 0.778595 0.986674 0.772059 0.987740 0.764706 0.986674 0.758170 0.981876 0.750817 0.969083 0.741830 0.954158 0.739379 0.949893 0.742647
0 0.982942 0.781863 0.973881 0.781046 0.956290 0.798203 0.949893 0.809641 0.950959 0.824346 0.953625 0.830882 0.960554 0.842320 0.965885 0.848039 0.971215 0.848039 0.976013 0.841503 0.982942 0.821078 0.987207 0.788399
0 1.000000 0.785948 0.995736 0.786765 0.988806 0.799020 0.988806 0.805556 0.986141 0.809641 0.980277 0.833333 0.980277 0.841503 0.981876 0.846405 0.988806 0.853758 0.993603 0.856209 1.000000 0.856209
0 0.949360 0.823529 0.946695 0.815359 0.942431 0.810458 0.938699 0.809641 0.927505 0.812092 0.913646 0.817810 0.909382 0.825163 0.908849 0.833333 0.910981 0.840686 0.914179 0.844771 0.931237 0.855392 0.940832 0.857026 0.945096 0.854575 0.947761 0.848039 0.949893 0.833333
0 0.903518 0.772876 0.902452 0.781046 0.902985 0.807190 0.904584 0.812092 0.911514 0.816993 0.926439 0.813725 0.940299 0.808007 0.950959 0.794118 0.949360 0.788399 0.939765 0.774510 0.935501 0.772059 0.928038 0.778595 0.924307 0.778595 0.920576 0.773693 0.916311 0.762255 0.914179 0.760621 0.907249 0.763072
0 0.940832 0.708333 0.931237 0.706699 0.926972 0.709150 0.918443 0.727124 0.915778 0.755719 0.923241 0.777778 0.930171 0.776961 0.936034 0.769608 0.949893 0.736111 0.951493 0.727941 0.947761 0.714869
0 0.960554 0.656863 0.945629 0.655229 0.934968 0.660948 0.926972 0.667484 0.927505 0.681373 0.931237 0.695261 0.936034 0.705065 0.939232 0.706699 0.943497 0.705882 0.960554 0.679739 0.964819 0.668301 0.963753 0.661765
0 0.942964 0.583333 0.937633 0.588235 0.933902 0.595588 0.933369 0.608660 0.935501 0.622549 0.937633 0.629085 0.946695 0.645425 0.957889 0.646242 0.961087 0.640523 0.963220 0.630719 0.963220 0.591503 0.957356 0.582516 0.948827 0.581699
0 0.899254 0.629085 0.899254 0.653595 0.900320 0.660131 0.904051 0.669118 0.915778 0.669118 0.927505 0.665033 0.938699 0.656046 0.941365 0.646242 0.943497 0.643791 0.936567 0.631536 0.927505 0.625000 0.908849 0.622549 0.900853 0.625000
0 0.904584 0.559641 0.901386 0.562092 0.897122 0.571078 0.892324 0.589052 0.890192 0.603758 0.889659 0.615196 0.890725 0.618464 0.898721 0.622549 0.905650 0.620915 0.913113 0.616013 0.921109 0.602124 0.925373 0.589869 0.924840 0.582516 0.915778 0.569444
0 0.869403 0.579248 0.864606 0.579248 0.859808 0.584150 0.858742 0.593954 0.856610 0.600490 0.855544 0.635621 0.858742 0.644608 0.863539 0.648693 0.872601 0.643791 0.877932 0.635621 0.885928 0.618464 0.888593 0.607843 0.889126 0.595588 0.885394 0.589052 0.878465 0.583333 0.872068 0.581699
0 0.845416 0.622549 0.829424 0.638889 0.827292 0.643791 0.827292 0.657680 0.839552 0.675654 0.853412 0.684641 0.857676 0.684641 0.861407 0.679739 0.860874 0.660948 0.857676 0.646242 0.850213 0.625000
0 0.823028 0.585784 0.818230 0.585784 0.813433 0.589052 0.809701 0.597222 0.805970 0.625817 0.810235 0.638072 0.818763 0.638072 0.830490 0.634804 0.834755 0.631536 0.842217 0.621732 0.842217 0.613562 0.838486 0.604575 0.827292 0.589052
0 0.802772 0.568627 0.792644 0.571078 0.775586 0.601307 0.773454 0.607026 0.772921 0.615196 0.774520 0.620915 0.778785 0.626634 0.790512 0.633987 0.798507 0.633987 0.803838 0.625817 0.806503 0.602124 0.808102 0.597222 0.808635 0.582516 0.806503 0.572712
0 0.743603 0.574346 0.736141 0.594771 0.736141 0.602124 0.742004 0.615196 0.748401 0.625000 0.754797 0.630719 0.759062 0.629902 0.765458 0.621732 0.769723 0.605392 0.771855 0.602124 0.772388 0.594771 0.768657 0.588235 0.752132 0.576797
0 0.734542 0.581699 0.730277 0.579248 0.716418 0.580065 0.700959 0.589052 0.697761 0.595588 0.697228 0.603758 0.702026 0.620098 0.707889 0.628268 0.713220 0.628268 0.721215 0.620098 0.733475 0.602124 0.735608 0.592320 0.735608 0.584150
0 0.743603 0.620915 0.734542 0.619281 0.722814 0.620915 0.703092 0.637255 0.698827 0.644608 0.697761 0.650327 0.703625 0.670752 0.711620 0.681373 0.718017 0.682190 0.721748 0.679739 0.727079 0.671569 0.729211 0.665033 0.740938 0.642974 0.744670 0.629902 0.744670 0.623366
0 0.746269 0.642157 0.742004 0.645425 0.731343 0.660948 0.729211 0.666667 0.729211 0.674837 0.734009 0.685458 0.747868 0.704248 0.754264 0.707516 0.764925 0.707516 0.767591 0.704248 0.767591 0.697712 0.770256 0.691993 0.769723 0.679739 0.766525 0.673203 0.758529 0.643791 0.753731 0.640523
0 0.760128 0.629902 0.758529 0.638072 0.764925 0.665033 0.775053 0.683007 0.780384 0.683007 0.787846 0.678922 0.791045 0.674020 0.797441 0.650327 0.796908 0.642157 0.792111 0.635621 0.774520 0.625000 0.765991 0.625000
0 0.798507 0.650327 0.795842 0.660131 0.795842 0.668301 0.793710 0.678922 0.794243 0.686275 0.797974 0.692810 0.803838 0.695261 0.815032 0.691993 0.834222 0.680556 0.834222 0.673203 0.822495 0.655229 0.816098 0.648693 0.808102 0.642974 0.802239 0.642974
0 0.836354 0.682190 0.829957 0.699346 0.828891 0.705882 0.829424 0.719771 0.833156 0.727941 0.844350 0.733660 0.858742 0.737745 0.865139 0.736928 0.868870 0.733660 0.871002 0.728758 0.869403 0.716503 0.859808 0.695261 0.854478 0.688725 0.848081 0.685458 0.842751 0.679739
0 0.879531 0.642157 0.872601 0.645425 0.865139 0.655229 0.866205 0.660131 0.865672 0.669935 0.871535 0.699346 0.880597 0.709967 0.885394 0.711601 0.888593 0.709967 0.892857 0.700980 0.897122 0.669935 0.896588 0.656046 0.893390 0.645425 0.890192 0.642974
0 0.897655 0.674020 0.896588 0.680556 0.899787 0.709967 0.903518 0.718954 0.904051 0.723856 0.906716 0.727941 0.911514 0.731209 0.914712 0.730392 0.920576 0.721405 0.925373 0.704248 0.926439 0.690359 0.925906 0.679739 0.924307 0.673203 0.919510 0.670752 0.903518 0.670752
0 0.914712 0.737745 0.905650 0.729575 0.878465 0.732843 0.872068 0.736111 0.869403 0.740196 0.868870 0.745915 0.871535 0.751634 0.873667 0.776144 0.876333 0.780229 0.882196 0.781046 0.897655 0.772059 0.912580 0.754085 0.915245 0.745915
0 0.829957 0.741013 0.827825 0.762255 0.829957 0.776961 0.833156 0.779412 0.847015 0.779412 0.855544 0.776144 0.865139 0.775327 0.866205 0.773693 0.868337 0.763889 0.868337 0.750817 0.866738 0.743464 0.861940 0.740196 0.849147 0.737745 0.838486 0.732843 0.833689 0.732843
0 0.857143 0.777778 0.853945 0.785948 0.850213 0.825163 0.853412 0.832516 0.857676 0.835784 0.868870 0.836601 0.884328 0.807190 0.884861 0.797386 0.881130 0.789216 0.877399 0.786765 0.872601 0.780229 0.866205 0.776961
0 0.897655 0.811275 0.893390 0.808007 0.886461 0.808007 0.881130 0.814542 0.867804 0.843954 0.865139 0.857026 0.865672 0.865196 0.884328 0.866013 0.892857 0.863562 0.901919 0.857843 0.906716 0.852124 0.908316 0.848039 0.908849 0.839869 0.902985 0.821078
0 0.805437 0.837418 0.805437 0.865196 0.807036 0.871732 0.810235 0.873366 0.828891 0.871732 0.839552 0.866013 0.850213 0.856209 0.849680 0.844771 0.845949 0.838235 0.825693 0.826797 0.819296 0.821078 0.813966 0.820261 0.811301 0.821895
0 0.813433 0.786765 0.811834 0.792484 0.812367 0.799837 0.816631 0.813725 0.819829 0.818627 0.832090 0.829248 0.842217 0.830882 0.847015 0.824346 0.849680 0.816176 0.852345 0.794118 0.850213 0.783497 0.840085 0.783497 0.831023 0.780229 0.819296 0.781046
0 0.813433 0.744281 0.809701 0.736928 0.803305 0.733660 0.796908 0.734477 0.778252 0.742647 0.770789 0.754902 0.765991 0.759804 0.764925 0.763072 0.765458 0.769608 0.770256 0.776144 0.783582 0.783497 0.797974 0.786765 0.812367 0.785948 0.815565 0.776144
0 0.775053 0.687908 0.772388 0.691993 0.768657 0.706699 0.766525 0.709150 0.765458 0.722222 0.767058 0.727124 0.771855 0.732843 0.781983 0.737745 0.788380 0.736928 0.799574 0.730392 0.803305 0.722222 0.803305 0.709150 0.800107 0.705065 0.792111 0.687092 0.788380 0.683824 0.780917 0.683824
0 0.733475 0.715686 0.730277 0.732843 0.731876 0.742647 0.743070 0.751634 0.759062 0.756536 0.767591 0.754902 0.771855 0.751634 0.773454 0.745915 0.772388 0.740196 0.768657 0.737745 0.767058 0.728758 0.753198 0.709150 0.744136 0.701797 0.739872 0.701797
0 0.722814 0.782680 0.722281 0.795752 0.723881 0.799837 0.740938 0.807190 0.752665 0.807190 0.764392 0.803105 0.765991 0.799020 0.766525 0.783497 0.765458 0.772876 0.762260 0.761438 0.760128 0.758170 0.754264 0.755719 0.740938 0.754902
0 0.771322 0.790033 0.769723 0.795752 0.769723 0.808824 0.776652 0.824346 0.783049 0.834967 0.789979 0.843137 0.793177 0.844771 0.799574 0.844771 0.801706 0.843137 0.811301 0.818627 0.811301 0.803105 0.809168 0.796569 0.803305 0.790850 0.782516 0.785948 0.778252 0.785948
0 0.751066 0.812092 0.747868 0.818627 0.743603 0.834150 0.743070 0.843954 0.744670 0.848856 0.758529 0.859477 0.772388 0.862745 0.778785 0.866013 0.784648 0.865196 0.789446 0.859477 0.789979 0.852941 0.788380 0.842320 0.774520 0.822712 0.770789 0.813725 0.761727 0.807190 0.755864 0.807190
0 0.735075 0.804739 0.726546 0.802288 0.720682 0.803105 0.716418 0.807190 0.714819 0.812908 0.711087 0.858660 0.713753 0.871732 0.720149 0.878268 0.724947 0.877451 0.731876 0.871732 0.739872 0.855392 0.742537 0.846405 0.745203 0.816993 0.742537 0.810458
0 0.708955 0.796569 0.705757 0.794935 0.697228 0.796569 0.683902 0.823529 0.681237 0.835784 0.680704 0.849673 0.686034 0.858660 0.694030 0.861928 0.703625 0.861928 0.707356 0.859477 0.709488 0.855392 0.712154 0.829248 0.712687 0.807190 0.711087 0.799837
0 0.729744 0.745098 0.726546 0.741830 0.718550 0.739379 0.713220 0.741013 0.704691 0.740196 0.701493 0.741013 0.691898 0.750817 0.691365 0.763889 0.692964 0.778595 0.696695 0.791667 0.702026 0.793301 0.709488 0.790850 0.728145 0.772059 0.732409 0.763889 0.732942 0.759804
0 0.731343 0.683007 0.728145 0.680556 0.718550 0.684641 0.699893 0.700163 0.694563 0.708333 0.695629 0.721405 0.704158 0.737745 0.709488 0.740196 0.716951 0.736928 0.723881 0.728758 0.732409 0.714052 0.736674 0.704248 0.734542 0.689542
0 0.696695 0.659314 0.689765 0.660131 0.681237 0.666667 0.665778 0.682190 0.661514 0.690359 0.661514 0.699346 0.663113 0.705065 0.677505 0.723856 0.682303 0.723856 0.687633 0.716503 0.700426 0.683824 0.702559 0.672386 0.698827 0.661765
0 0.696695 0.625817 0.691365 0.620915 0.681237 0.620915 0.674307 0.624183 0.666844 0.625000 0.654051 0.636438 0.650853 0.642974 0.651919 0.656046 0.656716 0.672386 0.660448 0.675654 0.668977 0.675654 0.691898 0.658497 0.694563 0.653595 0.697761 0.634804
0 0.657249 0.571895 0.656716 0.579248 0.653518 0.587418 0.650853 0.589869 0.650320 0.596405 0.657249 0.607026 0.664712 0.611928 0.673774 0.623366 0.678038 0.621732 0.681770 0.615196 0.686034 0.602124 0.687100 0.593137 0.686567 0.581699 0.683902 0.577614 0.678038 0.573529
0 0.630064 0.527778 0.622601 0.535948 0.618870 0.543301 0.618870 0.556373 0.626866 0.572712 0.635394 0.584150 0.641791 0.590686 0.649254 0.591503 0.652985 0.587418 0.655117 0.580065 0.655117 0.571078 0.650853 0.546569 0.647122 0.535948 0.641258 0.525327 0.636994 0.524510
0 0.640725 0.487745 0.637527 0.493464 0.638060 0.508170 0.642324 0.522876 0.650320 0.541667 0.657783 0.547386 0.662580 0.546569 0.670576 0.535948 0.678038 0.521242 0.679638 0.513072 0.678038 0.504902 0.670043 0.494281 0.658316 0.487745 0.647655 0.485294
0 0.607676 0.475490 0.603945 0.477941 0.599147 0.486928 0.593284 0.517157 0.593284 0.524510 0.597015 0.535948 0.602345 0.540033 0.608742 0.540033 0.619403 0.536765 0.624733 0.531046 0.626866 0.525327 0.625267 0.512255 0.616205 0.485294
0 0.594883 0.469771 0.584755 0.468954 0.575693 0.475490 0.568230 0.487745 0.562367 0.500817 0.561301 0.512255 0.563433 0.518791 0.575693 0.533497 0.581023 0.534314 0.587953 0.531046 0.593284 0.517974 0.596482 0.494281 0.595949 0.482843 0.598081 0.479575 0.598081 0.475490
0 0.561834 0.524510 0.555970 0.530229 0.550107 0.541667 0.543177 0.560458 0.541578 0.575980 0.545309 0.585784 0.551706 0.590686 0.565032 0.593954 0.570362 0.589052 0.573561 0.579248 0.575693 0.560458 0.575693 0.538399 0.573561 0.531046 0.566098 0.524510
0 0.672175 0.417484 0.662580 0.417484 0.657249 0.419935 0.648721 0.432190 0.648188 0.441176 0.652452 0.466503 0.658849 0.477941 0.660448 0.483660 0.665245 0.487745 0.670043 0.485294 0.674307 0.477124 0.678038 0.463235 0.680171 0.447712 0.680171 0.431373 0.679104 0.425654 0.676439 0.420752
0 0.646055 0.433007 0.643390 0.429739 0.637527 0.429739 0.622601 0.435458 0.608742 0.444444 0.603945 0.457516 0.604478 0.466503 0.609808 0.475490 0.615139 0.478758 0.634861 0.477941 0.647122 0.474673 0.651386 0.463235
0 0.551173 0.427288 0.546375 0.439542 0.545309 0.459967 0.546908 0.464869 0.551706 0.470588 0.555970 0.473039 0.564499 0.473039 0.580490 0.468954 0.583689 0.466503 0.589552 0.457516 0.591151 0.452614 0.590085 0.446078 0.566631 0.418301 0.559701 0.417484
0 0.513326 0.407680 0.509062 0.416667 0.507996 0.428922 0.514925 0.449346 0.524520 0.463235 0.538913 0.463235 0.544243 0.455882 0.546908 0.440359 0.546375 0.426471 0.538913 0.415850 0.534648 0.413399 0.529851 0.401144 0.520789 0.401961
0 0.501599 0.426471 0.499467 0.429739 0.496802 0.443627 0.497868 0.466503 0.504797 0.490196 0.510128 0.492647 0.523454 0.484477 0.525586 0.479575 0.525586 0.473039 0.522388 0.462418 0.509595 0.439542 0.507996 0.432190 0.505864 0.428105
0 0.482409 0.405229 0.474414 0.404412 0.470149 0.410131 0.466418 0.421569 0.463753 0.441176 0.464819 0.451797 0.469616 0.459967 0.476546 0.460784 0.487207 0.452614 0.492004 0.446078 0.496802 0.435458 0.497868 0.428105 0.494670 0.417484 0.490405 0.411765
0 0.427505 0.428105 0.422708 0.440359 0.435501 0.476307 0.441365 0.487745 0.446162 0.488562 0.458955 0.477124 0.466951 0.464052 0.466418 0.458333 0.462687 0.450980 0.462154 0.443627 0.458955 0.438725 0.447761 0.437092 0.439765 0.427288 0.436034 0.424837
0 0.397122 0.451797 0.393923 0.463235 0.394456 0.469771 0.398188 0.477124 0.404584 0.484477 0.414712 0.491830 0.419510 0.497549 0.423774 0.499183 0.432836 0.499183 0.437633 0.494281 0.437100 0.482843 0.434435 0.477124 0.431237 0.475490 0.431770 0.469771 0.430704 0.465686 0.428038 0.463235 0.426972 0.454248 0.423241 0.450980 0.422708 0.446078 0.416844 0.437092 0.411514 0.435458 0.400853 0.446078
0 0.376866 0.469771 0.371002 0.467320 0.365139 0.468954 0.353412 0.489379 0.349680 0.499183 0.348081 0.510621 0.348614 0.517974 0.352878 0.523693 0.357143 0.526961 0.370469 0.526961 0.377399 0.524510 0.381663 0.517974 0.383795 0.497549
0 0.309701 0.466503 0.303838 0.475490 0.304371 0.488562 0.316631 0.530229 0.321429 0.534314 0.326226 0.533497 0.337420 0.524510 0.344350 0.516340 0.347015 0.510621 0.348081 0.498366 0.343284 0.488562 0.326226 0.468137 0.318763 0.464869
0 0.304904 0.410131 0.294776 0.410131 0.284115 0.415850 0.281983 0.420752 0.279851 0.441993 0.279851 0.460784 0.280917 0.465686 0.287313 0.473856 0.297441 0.476307 0.304904 0.470588 0.308102 0.465686 0.312367 0.436275 0.312367 0.418301 0.310768 0.414216
0 0.239872 0.461601 0.238806 0.463235 0.238806 0.470588 0.242537 0.488562 0.249467 0.500000 0.261194 0.513889 0.267591 0.513889 0.271855 0.510621 0.278252 0.500000 0.281450 0.488562 0.284648 0.482843 0.285181 0.475490 0.283049 0.468137 0.277719 0.462418 0.268657 0.456699 0.255330 0.454248
0 0.289446 0.480392 0.282516 0.491830 0.280917 0.499183 0.277719 0.503268 0.275586 0.512255 0.278785 0.520425 0.279318 0.533497 0.280917 0.541667 0.286247 0.546569 0.293710 0.546569 0.311834 0.533497 0.313966 0.530229 0.313966 0.522876 0.307036 0.499183 0.302239 0.488562 0.295842 0.480392
0 0.276652 0.517974 0.273987 0.514706 0.269190 0.513889 0.261194 0.516340 0.248401 0.524510 0.240405 0.535131 0.235075 0.545752 0.234542 0.554739 0.239339 0.560458 0.247868 0.564542 0.269190 0.564542 0.275586 0.561275 0.280917 0.553922 0.281983 0.549837 0.281983 0.544118 0.278252 0.526961 0.274520 0.523693
0 0.292111 0.549020 0.286247 0.549837 0.280384 0.557190 0.278252 0.563725 0.277719 0.573529 0.275053 0.579248 0.275053 0.607843 0.278252 0.614379 0.285181 0.617647 0.301706 0.613562 0.309701 0.602124 0.309701 0.593954 0.302772 0.570261 0.295309 0.551471
0 0.228145 0.574346 0.227079 0.584150 0.228145 0.600490 0.232409 0.607026 0.246269 0.607843 0.260661 0.602124 0.262793 0.598856 0.267591 0.596405 0.271322 0.590686 0.272388 0.585784 0.271322 0.578431 0.264392 0.568627 0.261727 0.566993 0.246269 0.565359 0.236141 0.561275 0.231343 0.566993
0 0.234542 0.620915 0.233475 0.625000 0.234542 0.633987 0.247335 0.653595 0.259595 0.660131 0.268124 0.657680 0.269190 0.637255 0.265991 0.614379 0.262260 0.606209 0.260661 0.604575 0.254797 0.604575 0.245736 0.607843
0 0.319296 0.619281 0.315032 0.614379 0.307569 0.614379 0.278785 0.621732 0.275053 0.625817 0.273454 0.631536 0.275053 0.650327 0.278252 0.654412 0.285181 0.656046 0.304371 0.665850 0.309701 0.665033 0.315565 0.656046 0.318763 0.647059 0.319829 0.638889
0 0.275053 0.656863 0.271322 0.680556 0.278785 0.705065 0.286780 0.716503 0.295309 0.716503 0.311301 0.689542 0.312367 0.678105 0.310768 0.672386 0.306503 0.666667 0.300107 0.665850 0.285714 0.656046
0 0.304904 0.703431 0.304371 0.728758 0.307569 0.736111 0.322495 0.737745 0.336887 0.730392 0.340085 0.722222 0.340085 0.714869 0.331557 0.705065 0.328891 0.691176 0.313966 0.689542 0.310235 0.692810
0 0.333689 0.732843 0.321962 0.740196 0.314499 0.747549 0.312900 0.752451 0.312900 0.759804 0.313966 0.763889 0.323028 0.776961 0.325693 0.783497 0.329957 0.787582 0.338486 0.790850 0.342217 0.785131 0.344883 0.776961 0.345949 0.750000 0.341684 0.743464 0.337953 0.732843
0 0.319829 0.787582 0.317697 0.789216 0.313433 0.806373 0.313966 0.824346 0.317164 0.840686 0.321962 0.847222 0.327292 0.848039 0.341151 0.836601 0.349680 0.823529 0.350213 0.813725 0.345949 0.812092 0.339552 0.801471 0.338486 0.796569 0.334755 0.791667 0.326226 0.786765
0 0.307569 0.799020 0.299574 0.799020 0.295309 0.801471 0.286780 0.811275 0.275053 0.834150 0.272921 0.846405 0.274520 0.853758 0.278252 0.855392 0.295309 0.853758 0.314499 0.841503 0.315565 0.834967 0.312900 0.818627 0.312900 0.811275 0.311834 0.806373
0 0.297441 0.732843 0.293710 0.736928 0.279851 0.745915 0.277719 0.750000 0.277719 0.754085 0.280917 0.770425 0.283582 0.773693 0.286247 0.781046 0.293710 0.790850 0.296375 0.798203 0.302772 0.799020 0.307036 0.795752 0.310235 0.789216 0.311301 0.762255 0.310235 0.751634 0.307036 0.738562 0.303305 0.732843
0 0.259595 0.680556 0.258529 0.689542 0.255330 0.698529 0.255330 0.707516 0.259595 0.737745 0.263859 0.748366 0.271855 0.750817 0.285181 0.741013 0.291578 0.728758 0.291578 0.721405 0.280384 0.710784 0.271855 0.688725 0.263859 0.681373
0 0.257996 0.664216 0.256397 0.660948 0.248401 0.656046 0.232942 0.660131 0.220149 0.670752 0.216418 0.677288 0.215885 0.681373 0.217484 0.687092 0.224414 0.696895 0.235075 0.703431 0.238806 0.707516 0.252132 0.705882 0.253731 0.704248 0.256397 0.691993 0.256397 0.686275 0.258529 0.681373
0 0.259062 0.745915 0.259062 0.737745 0.257463 0.732026 0.255864 0.714869 0.252665 0.708333 0.236141 0.710784 0.228678 0.717320 0.221748 0.719771 0.213753 0.727124 0.214286 0.740196 0.221215 0.747549 0.236674 0.754085 0.254264 0.753268
0 0.236141 0.763072 0.234542 0.772876 0.234542 0.789216 0.236141 0.797386 0.239872 0.802288 0.248934 0.803105 0.259062 0.799837 0.271322 0.799020 0.275053 0.795752 0.278785 0.788399 0.279318 0.772876 0.278252 0.767974 0.275586 0.763889 0.263859 0.756536 0.244136 0.754902 0.240405 0.756536
0 0.271855 0.800654 0.255330 0.801471 0.248401 0.805556 0.243603 0.812092 0.243070 0.825980 0.244136 0.843954 0.246269 0.853758 0.250000 0.858660 0.253198 0.867647 0.257463 0.868464 0.260661 0.866830 0.267591 0.857026 0.270256 0.845588 0.272388 0.841503 0.272921 0.834967 0.276119 0.824346 0.276652 0.809641 0.275053 0.803922
0 0.352878 0.764706 0.344883 0.779412 0.340085 0.792484 0.341684 0.802288 0.351279 0.812092 0.361940 0.817810 0.375267 0.820261 0.382729 0.817810 0.384328 0.809641 0.384328 0.798203 0.376866 0.781863 0.372601 0.775327 0.358209 0.762255
0 0.341684 0.723039 0.340618 0.727124 0.341684 0.739379 0.354478 0.754085 0.360874 0.763889 0.372068 0.773693 0.377399 0.772059 0.381130 0.767974 0.385394 0.757353 0.390725 0.737745 0.390725 0.729575 0.389659 0.727124 0.373134 0.719771 0.369403 0.715686 0.359275 0.714869 0.349147 0.717320
0 0.370469 0.652778 0.363539 0.651144 0.357676 0.653595 0.348081 0.660948 0.340618 0.669118 0.335288 0.678105 0.330490 0.691176 0.333156 0.703431 0.344350 0.714869 0.355544 0.714052 0.361940 0.710784 0.371002 0.678105 0.374733 0.669118 0.374733 0.660948
0 0.328891 0.605392 0.323028 0.619281 0.326226 0.650327 0.328891 0.658497 0.334222 0.664216 0.342751 0.664216 0.353412 0.656046 0.358742 0.645425 0.360341 0.638072 0.359808 0.629902 0.352345 0.618464 0.341151 0.607026
0 0.350213 0.531863 0.345416 0.533497 0.337953 0.541667 0.327292 0.559641 0.321962 0.571895 0.318230 0.587418 0.318230 0.592320 0.320896 0.598039 0.329424 0.603758 0.337953 0.605392 0.342217 0.604575 0.350213 0.593954 0.353945 0.583333 0.355544 0.571895 0.354478 0.546569
0 0.356077 0.534314 0.356610 0.549837 0.359275 0.557190 0.369403 0.572712 0.380064 0.580065 0.385928 0.580882 0.389126 0.579248 0.398721 0.553922 0.399254 0.535131 0.392857 0.526961 0.381130 0.526144 0.367804 0.527778
0 0.388060 0.492647 0.384861 0.500817 0.384861 0.517157 0.391258 0.522059 0.399787 0.534314 0.407783 0.535948 0.413113 0.528595 0.416311 0.518791 0.418443 0.502451 0.417910 0.497549 0.416311 0.494281 0.405117 0.486111 0.394989 0.487745
0 0.440832 0.507353 0.439765 0.505719 0.436034 0.505719 0.422708 0.517974 0.419510 0.525327 0.415778 0.526144 0.413113 0.535948 0.409915 0.541667 0.410981 0.548203 0.421642 0.556373 0.447761 0.549837 0.449893 0.544118 0.449893 0.539216 0.445096 0.525327
0 0.448294 0.492647 0.442431 0.504902 0.442964 0.514706 0.445096 0.518791 0.445096 0.524510 0.449893 0.531863 0.452026 0.540850 0.457356 0.553105 0.462154 0.558824 0.466951 0.558824 0.479744 0.541667 0.484009 0.531046 0.483475 0.525327 0.462687 0.495915 0.455224 0.491830
0 0.462687 0.474673 0.461620 0.477124 0.461620 0.485294 0.464286 0.495098 0.475480 0.513072 0.485608 0.524510 0.490405 0.523693 0.495736 0.519608 0.501066 0.512255 0.504264 0.503268 0.505330 0.496732 0.504797 0.490196 0.501066 0.476307 0.497335 0.472222 0.487207 0.470588 0.484009 0.467320 0.477612 0.465686 0.469083 0.468137
0 0.557036 0.477124 0.547974 0.468954 0.544243 0.468137 0.540512 0.470588 0.531983 0.479575 0.522921 0.493464 0.517591 0.505719 0.517591 0.512255 0.521855 0.520425 0.525053 0.522876 0.538380 0.522059 0.554371 0.516340 0.560235 0.506536 0.559701 0.491830
0 0.493603 0.532680 0.493603 0.542484 0.500000 0.553922 0.507463 0.560458 0.528785 0.567810 0.534115 0.566993 0.537846 0.561275 0.537313 0.550654 0.533049 0.535948 0.527719 0.525327 0.522388 0.521242 0.517591 0.513889 0.514925 0.506536 0.510128 0.506536 0.500000 0.518791
0 0.489339 0.551471 0.485608 0.554739 0.484009 0.558824 0.483475 0.573529 0.486674 0.595588 0.490405 0.607026 0.494670 0.615196 0.498934 0.617647 0.507996 0.616830 0.521322 0.596405 0.522921 0.590686 0.522921 0.580882 0.515458 0.566993 0.494136 0.551471
0 0.525053 0.581699 0.523987 0.585784 0.523987 0.598039 0.526119 0.608660 0.542644 0.634804 0.549041 0.638072 0.559701 0.624183 0.565032 0.607843 0.565565 0.600490 0.562900 0.595588 0.552239 0.591503 0.540512 0.580882 0.527719 0.580065
0 0.606077 0.574346 0.600746 0.570261 0.591684 0.571895 0.583689 0.577614 0.574094 0.588235 0.570362 0.594771 0.566098 0.608660 0.566098 0.615196 0.567697 0.619281 0.577825 0.622549 0.589019 0.622549 0.609275 0.616830 0.611407 0.607843 0.610874 0.592320
0 0.611940 0.611928 0.612473 0.620915 0.614606 0.627451 0.620469 0.630719 0.642857 0.633987 0.657249 0.618464 0.656716 0.610294 0.650320 0.598039 0.628998 0.578431 0.622601 0.580882 0.618337 0.588235 0.613539 0.602941
0 0.630597 0.635621 0.625267 0.643791 0.619936 0.664216 0.620469 0.674837 0.622601 0.678922 0.638593 0.690359 0.644456 0.691176 0.648188 0.689542 0.652985 0.683007 0.655650 0.674020 0.648721 0.642974 0.642857 0.635621
0 0.607143 0.678922 0.607143 0.683824 0.609275 0.689542 0.610341 0.706699 0.622601 0.741013 0.626866 0.745098 0.631130 0.745098 0.639126 0.738562 0.644989 0.728758 0.648721 0.718137 0.649254 0.709150 0.640192 0.692810 0.631130 0.691993 0.623667 0.681373 0.618870 0.682190 0.614606 0.678922
0 0.650853 0.714052 0.644989 0.732843 0.643923 0.741013 0.644456 0.749183 0.647655 0.754902 0.658849 0.763072 0.664179 0.764706 0.674307 0.764706 0.683902 0.757353 0.685501 0.745098 0.682303 0.733660 0.678038 0.724673 0.662580 0.705882 0.654051 0.709150
0 0.686034 0.763072 0.681237 0.762255 0.673774 0.766340 0.652985 0.798203 0.654051 0.812092 0.663646 0.823529 0.668977 0.826797 0.674307 0.827614 0.681237 0.825163 0.686034 0.816993 0.690299 0.799837 0.690832 0.780229 0.689232 0.775327 0.689765 0.767974
0 0.633795 0.812908 0.630064 0.839869 0.631663 0.848856 0.639126 0.853758 0.655117 0.857026 0.666311 0.857026 0.673241 0.851307 0.673774 0.840686 0.671642 0.830882 0.651919 0.811275 0.649254 0.803922 0.644989 0.803105 0.641791 0.804739