0 0.693015 0.000000 0.693015 0.002451 0.689338 0.007353 0.687500 0.024510 0.693627 0.032680 0.708946 0.045752 0.717525 0.045752 0.725490 0.041667 0.733456 0.022876 0.732843 0.013072 0.728554 0.006536 0.724265 0.003268 0.720588 0.003268 0.718750 0.000000
0 0.154412 0.666667 0.150123 0.672386 0.146446 0.686275 0.150123 0.710784 0.155025 0.718954 0.159314 0.722222 0.170343 0.721405 0.179534 0.716503 0.189951 0.705065 0.195466 0.685458 0.193627 0.679739 0.186887 0.676471 0.178309 0.669118 0.162990 0.665033
0 0.183211 0.746732 0.177083 0.745915 0.170956 0.749183 0.161765 0.762255 0.154412 0.778595 0.155025 0.808007 0.156250 0.813725 0.159314 0.816993 0.169730 0.818627 0.175858 0.816176 0.181985 0.803105 0.192402 0.790033 0.196078 0.776144 0.194853 0.758987 0.189338 0.751634
0 0.118873 0.746732 0.115196 0.756536 0.113971 0.765523 0.114583 0.794935 0.113358 0.807190 0.117034 0.816993 0.120098 0.821078 0.131127 0.825980 0.147672 0.814542 0.150123 0.803922 0.153799 0.799837 0.152574 0.790850 0.142770 0.770425 0.131127 0.754902 0.123775 0.747549
0 0.058824 0.776961 0.061275 0.790033 0.068627 0.799837 0.084559 0.809641 0.102328 0.812092 0.108456 0.808824 0.110294 0.805556 0.110907 0.793301 0.112745 0.787582 0.110907 0.780229 0.110907 0.772876 0.108456 0.767974 0.096814 0.763072 0.074142 0.763072 0.065564 0.767974
0 0.096201 0.814542 0.087010 0.810458 0.075368 0.809641 0.066176 0.811275 0.058211 0.816993 0.050858 0.830065 0.051471 0.846405 0.058211 0.861928 0.065564 0.867647 0.072917 0.867647 0.080270 0.863562 0.094363 0.844771 0.099265 0.831699 0.099877 0.820261
0 0.106618 0.818627 0.101716 0.825163 0.095588 0.844771 0.098652 0.862745 0.101716 0.869281 0.110907 0.879085 0.119485 0.880719 0.126225 0.878268 0.131740 0.872549 0.137255 0.861928 0.139093 0.852124 0.137255 0.840686 0.132353 0.831699 0.113971 0.819444
0 0.141544 0.826797 0.139093 0.841503 0.140319 0.851307 0.143995 0.857026 0.151348 0.858660 0.160539 0.863562 0.180147 0.865196 0.189951 0.861111 0.190564 0.854575 0.187500 0.842320 0.174020 0.823529 0.165441 0.819444 0.153186 0.817810 0.145833 0.821895
0 0.185049 0.799837 0.181373 0.804739 0.177696 0.813725 0.177696 0.821895 0.181985 0.833333 0.186275 0.836601 0.191789 0.848856 0.200980 0.859477 0.209559 0.864379 0.217525 0.864379 0.223039 0.861928 0.227941 0.853758 0.229779 0.845588 0.229779 0.834150 0.225490 0.821078 0.212623 0.804739 0.198529 0.794118 0.192402 0.793301
0 0.256127 0.805556 0.247549 0.810458 0.240196 0.820261 0.233456 0.833333 0.230392 0.849673 0.231005 0.857843 0.233456 0.864379 0.240196 0.872549 0.250000 0.876634 0.261029 0.874183 0.267157 0.867647 0.271446 0.853758 0.272672 0.843954 0.272672 0.828431 0.271446 0.823529
0 0.197304 0.752451 0.196691 0.783497 0.199142 0.790033 0.203431 0.794935 0.223652 0.811275 0.227941 0.816993 0.234069 0.816993 0.236520 0.813725 0.240809 0.814542 0.248775 0.806373 0.251838 0.794935 0.251838 0.788399 0.249387 0.781863 0.229779 0.762255 0.216912 0.747549 0.208333 0.747549
0 0.212623 0.721405 0.212010 0.730392 0.215686 0.740196 0.223652 0.753268 0.234681 0.764706 0.240809 0.768791 0.251225 0.768791 0.257353 0.763072 0.262868 0.746732 0.263480 0.736111 0.259804 0.724673 0.253064 0.715686 0.247549 0.712418 0.227941 0.710784
0 0.008578 0.789216 0.006127 0.797386 0.007353 0.805556 0.013480 0.816176 0.021446 0.825163 0.039216 0.828431 0.049632 0.827614 0.056373 0.815359 0.058824 0.787582 0.055760 0.780229 0.050858 0.775327 0.047181 0.773693 0.028799 0.774510 0.015931 0.781046
0 0.046569 0.831699 0.026348 0.829248 0.019608 0.830882 0.013480 0.834967 0.005515 0.843954 0.001838 0.851307 0.000000 0.851307 0.000000 0.877451 0.001838 0.877451 0.005515 0.884804 0.012868 0.889706 0.017770 0.888889 0.025123 0.883170 0.034314 0.871732 0.045343 0.853758 0.047794 0.846405 0.048407 0.838235
0 0.297181 0.803105 0.284926 0.819444 0.284314 0.830882 0.286152 0.836601 0.305760 0.862745 0.327206 0.866013 0.329044 0.862745 0.328431 0.851307 0.329657 0.836601 0.321691 0.812092 0.311275 0.800654 0.302696 0.799837
0 0.280025 0.741013 0.270833 0.741013 0.266544 0.743464 0.264093 0.746732 0.256127 0.770425 0.257353 0.802288 0.263480 0.810458 0.267157 0.812908 0.278799 0.810458 0.283701 0.807190 0.291667 0.796569 0.297181 0.784314 0.297794 0.766340 0.295343 0.758170 0.291054 0.751634
0 0.300858 0.773693 0.299632 0.777778 0.300245 0.784314 0.311275 0.799837 0.322917 0.808824 0.343137 0.818627 0.352328 0.817810 0.359069 0.808824 0.360907 0.799837 0.360294 0.777778 0.353554 0.769608 0.335172 0.763889 0.325368 0.763889 0.318627 0.767157 0.306373 0.769608
0 0.305760 0.671569 0.290441 0.684641 0.283701 0.727941 0.288603 0.741830 0.294730 0.749183 0.300858 0.751634 0.311275 0.751634 0.319853 0.747549 0.321691 0.744281 0.324142 0.730392 0.324142 0.716503 0.319240 0.685458 0.310049 0.672386
0 0.280025 0.649510 0.268995 0.651144 0.265931 0.653595 0.254902 0.672386 0.248162 0.689542 0.247549 0.709150 0.257353 0.718954 0.264706 0.723856 0.280025 0.723856 0.286765 0.710784 0.286765 0.700163 0.289216 0.690359 0.289216 0.683824 0.284314 0.653595
0 0.368873 0.810458 0.366422 0.814542 0.368873 0.839869 0.380515 0.868464 0.389093 0.879902 0.393995 0.883170 0.403186 0.883987 0.410539 0.879085 0.416667 0.870915 0.419118 0.862745 0.418505 0.845588 0.412990 0.834150 0.403799 0.823529 0.392157 0.816176 0.377451 0.815359 0.373162 0.811275
0 0.376838 0.739379 0.370711 0.744281 0.365196 0.758170 0.362745 0.775327 0.362745 0.786765 0.363971 0.797386 0.368260 0.806373 0.373775 0.812908 0.381740 0.815359 0.386029 0.812092 0.390931 0.800654 0.394608 0.786765 0.399510 0.779412 0.401961 0.771242 0.402574 0.759804 0.398897 0.750000 0.390319 0.741830
0 0.398897 0.781863 0.397059 0.787582 0.396446 0.804739 0.400123 0.814542 0.406863 0.822712 0.430760 0.835784 0.437500 0.837418 0.444240 0.836601 0.453431 0.830065 0.454044 0.818627 0.451593 0.809641 0.424632 0.771242 0.414828 0.767974 0.403186 0.775327
0 0.419118 0.745098 0.418505 0.750000 0.422181 0.765523 0.431373 0.781046 0.445466 0.799837 0.458333 0.799837 0.462010 0.797386 0.467525 0.788399 0.468750 0.763889 0.463848 0.750817 0.454044 0.741830 0.446078 0.739379 0.435049 0.739379
0 0.469363 0.789216 0.465074 0.793301 0.461397 0.802288 0.458333 0.842320 0.460784 0.857843 0.464461 0.864379 0.471201 0.869281 0.479167 0.869281 0.485907 0.861928 0.493260 0.847222 0.501225 0.821078 0.501225 0.809641 0.496936 0.799837 0.488971 0.792484 0.478554 0.789216
0 0.510417 0.812908 0.504902 0.820261 0.500613 0.834150 0.501225 0.842320 0.504902 0.852124 0.513480 0.861111 0.524510 0.868464 0.537990 0.873366 0.549632 0.874183 0.550858 0.866013 0.549632 0.862745 0.549020 0.845588 0.547181 0.839052 0.537377 0.821078 0.530025 0.812092 0.523897 0.808824 0.516544 0.808824
0 0.586397 0.812092 0.580270 0.811275 0.563113 0.816993 0.553922 0.829248 0.551471 0.839052 0.552083 0.847222 0.554534 0.853758 0.563725 0.863562 0.571078 0.865196 0.584559 0.861928 0.596201 0.854575 0.601103 0.848039 0.602328 0.838235 0.599877 0.830065
0 0.599877 0.771242 0.595588 0.763072 0.590074 0.757353 0.575368 0.757353 0.552083 0.772059 0.544730 0.781046 0.543505 0.794935 0.541667 0.799020 0.542279 0.803105 0.545956 0.807190 0.561887 0.813725 0.569853 0.813725 0.588235 0.808824 0.596814 0.799837 0.596814 0.794118 0.599877 0.794935 0.601103 0.784314
0 0.607230 0.776961 0.601716 0.785131 0.601103 0.794118 0.598652 0.799020 0.599265 0.808824 0.608456 0.835784 0.613358 0.845588 0.618873 0.851307 0.628064 0.855392 0.636642 0.843954 0.638480 0.837418 0.635417 0.799020 0.633578 0.791667 0.626225 0.783497 0.623775 0.783497 0.613971 0.776961
0 0.607230 0.737745 0.606618 0.753268 0.610907 0.766340 0.618873 0.777778 0.626225 0.781863 0.642770 0.779412 0.649510 0.774510 0.662377 0.754902 0.664216 0.745098 0.666054 0.742647 0.664828 0.736928 0.659314 0.734477 0.650735 0.726307 0.618260 0.726307 0.610907 0.731209
0 0.645833 0.788399 0.646446 0.791667 0.654412 0.803922 0.661152 0.809641 0.689338 0.810458 0.699755 0.806373 0.705882 0.797386 0.704657 0.777778 0.702206 0.771242 0.697304 0.765523 0.688113 0.758987 0.668505 0.759804 0.663603 0.762255 0.655025 0.770425 0.651348 0.778595 0.648284 0.781046
0 0.643995 0.825980 0.643382 0.841503 0.644608 0.845588 0.653799 0.860294 0.661765 0.866013 0.674020 0.866830 0.682598 0.863562 0.694853 0.855392 0.699142 0.847222 0.703125 0.832026 0.703554 0.826879 0.703309 0.820915 0.696201 0.817647 0.691422 0.815278 0.685049 0.814542 0.672181 0.812092 0.656250 0.812908 0.649510 0.816993
0 0.738358 0.821078 0.718750 0.817810 0.713235 0.819444 0.704657 0.832516 0.701593 0.840686 0.700980 0.849673 0.697917 0.856209 0.697917 0.861928 0.699755 0.867647 0.707108 0.874183 0.722426 0.875817 0.728554 0.872549 0.736520 0.864379 0.743873 0.852941 0.746324 0.843954 0.746324 0.830882 0.742034 0.823529
0 0.711397 0.772876 0.708946 0.782680 0.708333 0.795752 0.711397 0.807190 0.715074 0.812092 0.724265 0.816176 0.740809 0.817810 0.750613 0.814542 0.756127 0.807190 0.756740 0.798203 0.753676 0.789216 0.741422 0.768791 0.736520 0.765523 0.731005 0.765523 0.716299 0.768791
0 0.685662 0.721405 0.684436 0.731209 0.685662 0.749183 0.688113 0.754902 0.698529 0.763889 0.704657 0.766340 0.725490 0.766340 0.734681 0.762255 0.741422 0.752451 0.742034 0.745915 0.726716 0.726307 0.704657 0.714052 0.691789 0.713235
0 0.751225 0.752451 0.746324 0.758170 0.745098 0.769608 0.759191 0.801471 0.767157 0.809641 0.775123 0.813725 0.784926 0.808007 0.788603 0.802288 0.789216 0.798203 0.783701 0.771242 0.776961 0.750817 0.773897 0.748366 0.763480 0.748366
0 0.752451 0.825980 0.748775 0.835784 0.748162 0.847222 0.751225 0.857026 0.762868 0.870098 0.775123 0.878268 0.783701 0.878268 0.792279 0.871732 0.794118 0.861928 0.794118 0.846405 0.786152 0.834150 0.768995 0.821895 0.761642 0.821078 0.755515 0.822712
0 0.496324 0.738562 0.496324 0.745915 0.501225 0.753268 0.509191 0.761438 0.525735 0.769608 0.537990 0.770425 0.542892 0.768791 0.547794 0.763889 0.551471 0.754085 0.551471 0.736111 0.549020 0.727941 0.544730 0.720588 0.535539 0.714869 0.521446 0.714869 0.508578 0.719771 0.500613 0.729575
0 0.835784 0.802288 0.819853 0.793301 0.811275 0.794118 0.804534 0.799020 0.802696 0.802288 0.798407 0.818627 0.795343 0.839869 0.795956 0.847222 0.799020 0.853758 0.802696 0.869281 0.811275 0.867647 0.822304 0.858660 0.843137 0.834150 0.843750 0.820261 0.840074 0.808824
0 0.849877 0.780229 0.845588 0.784314 0.840074 0.799020 0.840074 0.806373 0.844363 0.825980 0.843750 0.838235 0.844975 0.839869 0.862745 0.841503 0.873162 0.836601 0.880515 0.829248 0.885417 0.820261 0.886029 0.808007 0.884804 0.803105 0.876225 0.790850 0.866422 0.783497 0.856005 0.779412
0 0.867034 0.843137 0.863358 0.868464 0.871936 0.879902 0.881127 0.881536 0.893995 0.887255 0.909314 0.884804 0.914828 0.879902 0.916054 0.875000 0.914828 0.858660 0.908088 0.847222 0.899510 0.839052 0.889093 0.833333 0.879902 0.832516
0 0.811275 0.730392 0.797181 0.728758 0.786152 0.732843 0.780025 0.742647 0.780637 0.758170 0.784926 0.771242 0.787990 0.790850 0.791054 0.797386 0.794730 0.799020 0.805760 0.796569 0.814338 0.790033 0.819240 0.781863 0.824755 0.765523 0.825368 0.753268 0.822304 0.741830 0.818627 0.735294
0 0.826593 0.714052 0.822304 0.722222 0.821078 0.735294 0.827819 0.754085 0.831495 0.758987 0.841912 0.766340 0.854779 0.771242 0.861520 0.772059 0.865809 0.769608 0.870711 0.758170 0.870711 0.749183 0.868260 0.737745 0.860907 0.718137 0.857230 0.714869 0.839461 0.708333 0.832721 0.709150
0 0.884804 0.668301 0.882353 0.674020 0.863971 0.696895 0.862132 0.705065 0.862132 0.718137 0.867034 0.735294 0.870711 0.740196 0.882353 0.745098 0.890319 0.745098 0.897672 0.742647 0.904412 0.733660 0.906250 0.727124 0.906250 0.709967 0.901961 0.685458 0.899510 0.678922 0.889093 0.669935
0 0.938113 0.627451 0.933211 0.625000 0.914216 0.621732 0.889093 0.634804 0.885417 0.643791 0.886642 0.653595 0.891544 0.669118 0.898284 0.677288 0.903186 0.680556 0.909926 0.680556 0.920343 0.673203 0.930760 0.660131 0.936275 0.650327 0.939951 0.634804
0 0.883578 0.644608 0.875613 0.640523 0.866422 0.638889 0.853554 0.646242 0.841299 0.650327 0.837623 0.654412 0.835784 0.660948 0.836397 0.673203 0.846814 0.687908 0.860907 0.694444 0.864583 0.692810 0.882353 0.673203 0.885417 0.664216 0.884804 0.647876
0 0.820466 0.652778 0.799632 0.658497 0.797181 0.662582 0.797181 0.674837 0.803309 0.704248 0.806373 0.713235 0.814338 0.720588 0.821078 0.719771 0.830882 0.708333 0.832721 0.702614 0.835172 0.680556 0.833333 0.663399 0.828431 0.656046
0 0.767770 0.656046 0.754902 0.678922 0.754289 0.687092 0.757353 0.696078 0.778799 0.718954 0.794118 0.723856 0.797794 0.722222 0.803309 0.716503 0.804534 0.709967 0.798407 0.687908 0.797794 0.678105 0.792279 0.665033 0.783701 0.655229 0.773284 0.653595
0 0.729779 0.700163 0.726716 0.714052 0.727941 0.723039 0.730392 0.728758 0.743873 0.744281 0.751225 0.747549 0.765319 0.747549 0.775123 0.743464 0.780637 0.734477 0.781250 0.731209 0.775123 0.718137 0.753064 0.693627 0.746936 0.690359 0.738358 0.691176 0.734069 0.693627
0 0.724877 0.660131 0.719975 0.656863 0.713235 0.656046 0.685049 0.660131 0.678922 0.664216 0.674632 0.673203 0.673407 0.679739 0.674632 0.690359 0.681373 0.700980 0.691789 0.710784 0.713235 0.714052 0.721814 0.707516 0.726716 0.700980 0.731618 0.686275 0.731005 0.674020
0 0.651961 0.658497 0.647672 0.657680 0.642770 0.660131 0.624387 0.661765 0.614583 0.671569 0.607230 0.683824 0.606005 0.690359 0.607230 0.701797 0.610907 0.709967 0.623162 0.723856 0.628064 0.725490 0.639706 0.724673 0.642770 0.722222 0.647059 0.714052 0.651348 0.699346 0.653186 0.687092 0.654412 0.662582
0 0.738971 0.611111 0.733456 0.613562 0.727941 0.623366 0.724877 0.654412 0.734069 0.681373 0.738358 0.685458 0.744485 0.685458 0.755515 0.674837 0.762255 0.663399 0.768382 0.645425 0.768382 0.633170 0.764706 0.623366 0.761642 0.620098
0 0.497549 0.633170 0.498162 0.642974 0.502451 0.651144 0.507966 0.667484 0.520221 0.682190 0.532475 0.691176 0.541667 0.691176 0.549020 0.684641 0.554534 0.670752 0.554534 0.660948 0.552696 0.652778 0.546569 0.642974 0.536765 0.635621 0.525735 0.631536 0.511642 0.630719
0 0.479167 0.666667 0.473039 0.678922 0.472426 0.685458 0.485294 0.709967 0.496324 0.716503 0.505515 0.716503 0.509804 0.714869 0.517770 0.705882 0.520833 0.695261 0.520833 0.685458 0.514093 0.674020 0.503676 0.665850 0.497549 0.663399 0.485294 0.663399
0 0.597426 0.604575 0.594975 0.610294 0.594363 0.633170 0.604779 0.647876 0.616422 0.656863 0.626225 0.660131 0.641544 0.660131 0.647672 0.656046 0.647059 0.649510 0.642770 0.641340 0.639706 0.625817 0.626225 0.602941 0.618260 0.598856 0.610907 0.598039 0.602328 0.600490
0 0.920343 0.592320 0.908701 0.577614 0.905025 0.575163 0.899510 0.575980 0.887255 0.592320 0.873775 0.602941 0.869485 0.616013 0.870098 0.622549 0.873162 0.625817 0.886642 0.630719 0.891544 0.630719 0.908088 0.624183 0.920343 0.612745 0.922181 0.603758
0 0.935662 0.518791 0.922181 0.511438 0.912377 0.511438 0.905025 0.517157 0.900735 0.530229 0.900123 0.541667 0.901961 0.550654 0.909314 0.570261 0.912990 0.570261 0.914828 0.567810 0.925858 0.566993 0.935049 0.558824 0.942402 0.549020 0.944853 0.538399 0.943627 0.528595
0 0.896446 0.532680 0.891544 0.531046 0.881127 0.531863 0.873775 0.540850 0.863971 0.547386 0.860294 0.553105 0.860907 0.585784 0.867647 0.593954 0.873162 0.596405 0.881740 0.593954 0.889706 0.587418 0.896446 0.577614 0.904412 0.570261 0.905637 0.565359 0.905025 0.559641 0.898897 0.535948
0 0.865196 0.603758 0.859681 0.597222 0.854167 0.594771 0.849265 0.594771 0.838235 0.599673 0.828431 0.600490 0.824142 0.602941 0.817402 0.615196 0.817402 0.622549 0.822304 0.639706 0.827206 0.645425 0.841299 0.648693 0.849877 0.647059 0.859681 0.641340 0.865809 0.633987 0.867647 0.628268 0.867647 0.619281
0 0.770221 0.620915 0.770221 0.633170 0.772059 0.643791 0.778186 0.651144 0.792892 0.654412 0.808824 0.654412 0.814951 0.652778 0.819853 0.647059 0.820466 0.633987 0.818015 0.626634 0.807598 0.616013 0.782475 0.608660 0.774510 0.614379
0 0.734681 0.575163 0.731618 0.584150 0.732230 0.594771 0.737745 0.603758 0.746936 0.611928 0.764706 0.616013 0.774510 0.612745 0.781250 0.604575 0.781863 0.591503 0.776348 0.574346 0.771446 0.567810 0.754902 0.562908 0.749387 0.562908
0 0.798407 0.542484 0.787377 0.550654 0.782475 0.556373 0.780025 0.562092 0.780025 0.580882 0.782475 0.589052 0.783701 0.601307 0.786152 0.607026 0.794118 0.611928 0.802083 0.613562 0.814338 0.612745 0.822304 0.602124 0.822304 0.592320 0.819240 0.580065 0.811275 0.561275 0.803922 0.547386
0 0.810662 0.535131 0.809436 0.538399 0.810049 0.551471 0.824755 0.593137 0.827819 0.597222 0.839461 0.598039 0.845588 0.595588 0.851103 0.591503 0.857230 0.583333 0.859681 0.575980 0.859681 0.563725 0.856005 0.551471 0.849877 0.542484 0.842525 0.535948 0.834559 0.533497 0.825368 0.538399 0.818627 0.538399
0 0.684436 0.590686 0.677083 0.593137 0.670343 0.599673 0.668505 0.606209 0.668505 0.620098 0.669730 0.632353 0.672794 0.642157 0.682598 0.656046 0.689951 0.657680 0.700368 0.653595 0.704657 0.647059 0.710784 0.633170 0.710784 0.614379 0.709559 0.606209 0.705270 0.598039 0.697304 0.592320
0 0.621936 0.570261 0.618260 0.589869 0.619485 0.596405 0.626838 0.602941 0.637868 0.619281 0.654412 0.616830 0.664216 0.611928 0.667279 0.607843 0.667892 0.596405 0.662990 0.582516 0.654412 0.568627 0.646446 0.561275 0.640319 0.560458 0.634804 0.566176 0.626225 0.566993
0 0.700368 0.486928 0.693015 0.496732 0.692402 0.511438 0.694240 0.518791 0.702819 0.541667 0.712623 0.561275 0.722426 0.571078 0.729167 0.571895 0.731005 0.566176 0.729779 0.554739 0.732843 0.544935 0.734681 0.519608 0.731005 0.495915 0.725490 0.486928 0.721201 0.485294 0.710784 0.484477
0 0.642157 0.510621 0.640931 0.520425 0.646446 0.536765 0.651961 0.542484 0.665441 0.549837 0.672794 0.552288 0.681985 0.551471 0.690564 0.544935 0.694240 0.544118 0.698529 0.537582 0.699142 0.533497 0.697917 0.528595 0.692402 0.517974 0.662377 0.497549 0.653186 0.499183 0.647059 0.503268
0 0.602941 0.507353 0.597426 0.516340 0.597426 0.531863 0.612745 0.558824 0.617647 0.563725 0.628064 0.562908 0.635417 0.564542 0.640319 0.557190 0.643382 0.544118 0.643382 0.533497 0.641544 0.525327 0.634804 0.512255 0.628676 0.504902 0.620711 0.501634 0.610907 0.503268
0 0.800858 0.522059 0.792892 0.512255 0.789216 0.510621 0.779412 0.509804 0.768995 0.513072 0.757353 0.520425 0.751838 0.526961 0.748775 0.533497 0.749387 0.544935 0.753676 0.557190 0.757966 0.562908 0.761642 0.564542 0.771446 0.563725 0.779412 0.558007 0.784314 0.550654 0.797794 0.537582 0.801471 0.528595
0 0.819240 0.460784 0.816789 0.464869 0.817402 0.471405 0.811887 0.481209 0.802083 0.486111 0.799020 0.491013 0.796569 0.509804 0.800245 0.517974 0.810049 0.530229 0.825980 0.532680 0.830882 0.531863 0.835784 0.526961 0.838235 0.521242 0.839461 0.509804 0.838848 0.485294 0.835172 0.477124 0.825368 0.463235 0.822304 0.460784
0 0.841299 0.488562 0.840686 0.509804 0.838235 0.522059 0.838235 0.529412 0.846814 0.535948 0.865196 0.542484 0.870098 0.542484 0.873775 0.540033 0.876225 0.534314 0.876225 0.523693 0.873775 0.512255 0.869485 0.501634 0.865196 0.496732 0.856618 0.491830
0 0.892770 0.464869 0.888480 0.465686 0.876225 0.473039 0.868873 0.482026 0.863971 0.491830 0.871324 0.504085 0.877451 0.522876 0.883578 0.529412 0.886642 0.530229 0.894608 0.529412 0.906863 0.513889 0.909926 0.504085 0.909926 0.486928 0.908088 0.479575 0.900123 0.468954
0 0.572304 0.536765 0.570466 0.542484 0.571691 0.556373 0.589461 0.589869 0.598039 0.598039 0.603554 0.598856 0.611520 0.595588 0.615809 0.581699 0.615809 0.572712 0.609681 0.554739 0.599877 0.537582 0.592525 0.532680 0.577206 0.533497
0 0.563725 0.562908 0.553922 0.575980 0.553309 0.584150 0.555147 0.591503 0.568627 0.625817 0.583333 0.637255 0.588235 0.636438 0.592525 0.631536 0.594363 0.624183 0.593137 0.602124 0.584559 0.580065 0.579044 0.571078 0.571078 0.562092
0 0.534926 0.580065 0.525735 0.593954 0.517770 0.602124 0.517157 0.611928 0.519608 0.619281 0.526348 0.629902 0.536765 0.634804 0.545956 0.642157 0.550858 0.644608 0.563725 0.642974 0.568015 0.629085 0.568015 0.624183 0.564338 0.616830 0.563113 0.610294 0.560049 0.607026 0.559436 0.602941 0.556985 0.599673 0.555760 0.593954 0.552083 0.590686 0.550245 0.584150 0.547794 0.580882 0.541054 0.579248
0 0.544118 0.504085 0.535539 0.507353 0.529412 0.513072 0.527574 0.544935 0.531863 0.566176 0.540441 0.575980 0.549632 0.576797 0.553922 0.574346 0.563113 0.561275 0.568627 0.542484 0.569240 0.530229 0.566789 0.518791 0.563725 0.512255 0.553309 0.504902
0 0.482843 0.545752 0.481618 0.550654 0.481618 0.564542 0.482843 0.569444 0.486520 0.575980 0.489583 0.586601 0.496324 0.595588 0.505515 0.601307 0.516544 0.601307 0.524510 0.594771 0.529412 0.587418 0.531250 0.582516 0.530637 0.569444 0.527574 0.562908 0.520221 0.553922 0.495098 0.541667 0.486520 0.541667
0 0.443015 0.558007 0.440564 0.565359 0.440564 0.578431 0.443015 0.589052 0.447917 0.596405 0.455882 0.602124 0.469975 0.606209 0.477328 0.604575 0.487132 0.597222 0.488971 0.588235 0.485907 0.575980 0.481618 0.567810 0.468137 0.551471 0.463848 0.548203 0.453431 0.547386 0.447304 0.551471
0 0.471814 0.633170 0.464461 0.628268 0.457721 0.627451 0.454657 0.628268 0.449142 0.633987 0.435049 0.673203 0.431985 0.688725 0.433824 0.695261 0.441176 0.698529 0.447304 0.697712 0.463848 0.689542 0.471201 0.683824 0.481618 0.660131 0.481005 0.648693
0 0.484069 0.709967 0.474877 0.691993 0.471201 0.688725 0.460172 0.690359 0.435662 0.705065 0.431373 0.714869 0.430147 0.727124 0.431985 0.732026 0.442402 0.737745 0.450980 0.739379 0.475490 0.737745 0.482843 0.727941
0 0.487132 0.488562 0.481618 0.497549 0.478554 0.506536 0.478554 0.515523 0.480392 0.522059 0.495711 0.540033 0.504289 0.545752 0.515319 0.548203 0.523284 0.544935 0.526961 0.537582 0.528186 0.527778 0.526348 0.519608 0.515319 0.494281 0.509804 0.486928 0.504902 0.484477 0.493873 0.484477
0 0.428309 0.505719 0.427083 0.510621 0.427696 0.529412 0.433211 0.538399 0.437500 0.541667 0.451593 0.545752 0.466299 0.545752 0.473039 0.541667 0.477328 0.534314 0.477941 0.522876 0.476103 0.517157 0.471201 0.510621 0.456495 0.499183 0.449755 0.496732 0.435049 0.495915
0 0.586397 0.442810 0.575980 0.437092 0.566176 0.434641 0.558824 0.435458 0.555147 0.437908 0.552083 0.454248 0.553309 0.480392 0.555147 0.491013 0.560049 0.497549 0.565564 0.497549 0.576593 0.492647 0.583946 0.484477 0.594363 0.461601 0.594363 0.456699 0.591299 0.448529
0 0.544118 0.438725 0.530025 0.438725 0.511029 0.465686 0.509191 0.470588 0.511642 0.485294 0.524510 0.504085 0.528799 0.506536 0.544118 0.503268 0.547794 0.500817 0.552696 0.491830 0.552696 0.464869 0.551471 0.455065 0.547794 0.442810
0 0.401348 0.551471 0.398284 0.557190 0.398284 0.575980 0.401348 0.593954 0.403799 0.597222 0.417892 0.602124 0.422794 0.602124 0.427696 0.598856 0.431985 0.592320 0.435049 0.582516 0.435049 0.570261 0.431985 0.559641 0.427083 0.553922 0.420343 0.550654 0.406863 0.549020
0 0.387868 0.602124 0.383578 0.610294 0.381740 0.621732 0.381740 0.633170 0.384804 0.642974 0.389093 0.650327 0.399510 0.652778 0.418505 0.651144 0.427083 0.642157 0.433211 0.632353 0.433211 0.622549 0.420956 0.604575 0.403186 0.598856 0.392157 0.599673
0 0.388480 0.651961 0.383578 0.655229 0.378064 0.663399 0.377451 0.679739 0.379289 0.687092 0.384191 0.698529 0.391544 0.707516 0.394608 0.709150 0.403799 0.708333 0.417279 0.696078 0.424632 0.685458 0.427083 0.676471 0.426471 0.664216 0.424020 0.657680 0.417892 0.652778 0.405025 0.653595
0 0.314338 0.652778 0.314338 0.662582 0.318015 0.680556 0.320466 0.686275 0.328431 0.694444 0.350490 0.706699 0.359681 0.705882 0.365809 0.698529 0.368873 0.687092 0.368260 0.674837 0.365196 0.666667 0.359069 0.658497 0.354167 0.655229 0.333946 0.649510
0 0.381740 0.602124 0.370098 0.589052 0.363358 0.586601 0.352941 0.587418 0.340074 0.603758 0.333333 0.624183 0.332721 0.640523 0.338235 0.645425 0.348652 0.647059 0.359069 0.645425 0.367647 0.640523 0.378064 0.631536 0.380515 0.626634 0.382966 0.609477
0 0.262255 0.607843 0.243260 0.610294 0.237745 0.614379 0.227941 0.625817 0.224265 0.636438 0.223652 0.651961 0.225490 0.660131 0.231618 0.670752 0.239583 0.675654 0.251225 0.674837 0.254902 0.671569 0.266544 0.651961 0.268995 0.639706 0.268995 0.627451 0.266544 0.614379
0 0.270221 0.550654 0.266544 0.560458 0.267157 0.581699 0.269608 0.591503 0.275735 0.606209 0.281250 0.614379 0.288603 0.618464 0.294730 0.618464 0.303922 0.613562 0.308824 0.607026 0.313113 0.597222 0.313725 0.589869 0.310049 0.578431 0.297794 0.562908 0.285539 0.554739 0.276348 0.550654
0 0.197917 0.557190 0.196078 0.562908 0.197304 0.580882 0.212010 0.616013 0.216299 0.618464 0.226103 0.618464 0.232843 0.614379 0.239583 0.603758 0.243260 0.592320 0.242647 0.581699 0.239583 0.575163 0.226103 0.563725 0.210784 0.556373 0.200368 0.555556
0 0.174632 0.575163 0.169730 0.584150 0.167279 0.598856 0.167279 0.613562 0.170956 0.621732 0.183211 0.635621 0.208333 0.639706 0.213235 0.638889 0.215074 0.633987 0.215074 0.627451 0.212623 0.616830 0.205270 0.602124 0.196691 0.579248 0.191789 0.574346 0.185049 0.571895 0.180147 0.571895
0 0.138480 0.620915 0.134804 0.629902 0.134191 0.643791 0.135417 0.648693 0.142157 0.656863 0.154412 0.662582 0.169118 0.665850 0.181985 0.662582 0.184436 0.660131 0.180760 0.633987 0.169730 0.619281 0.158701 0.611111 0.150123 0.610294 0.143995 0.613562
0 0.091912 0.670752 0.090686 0.675654 0.092525 0.685458 0.093137 0.701797 0.101716 0.718137 0.105392 0.720588 0.112745 0.730392 0.117647 0.733660 0.128064 0.732026 0.134804 0.724673 0.142157 0.707516 0.141544 0.694444 0.135417 0.684641 0.130515 0.679739 0.108456 0.666667 0.102328 0.666667
0 0.056985 0.693627 0.054534 0.698529 0.055147 0.719771 0.058211 0.728758 0.064951 0.739379 0.068015 0.747549 0.079657 0.759804 0.090074 0.760621 0.094975 0.758170 0.097426 0.754085 0.099877 0.743464 0.101103 0.724673 0.094363 0.705882 0.089461 0.699346 0.080882 0.692810 0.067402 0.691993
0 0.023284 0.722222 0.017770 0.736928 0.016544 0.758987 0.017770 0.763072 0.024510 0.770425 0.029412 0.772876 0.052696 0.770425 0.059436 0.766340 0.064951 0.758987 0.066789 0.746732 0.063725 0.737745 0.056985 0.727941 0.049632 0.721405 0.037990 0.716503 0.031863 0.716503
0 0.012868 0.650327 0.007966 0.660948 0.006740 0.675654 0.003064 0.691993 0.003064 0.700980 0.007353 0.716503 0.012868 0.718954 0.023284 0.719771 0.030637 0.714869 0.037990 0.705065 0.041054 0.696895 0.041054 0.687908 0.037377 0.676471 0.027574 0.659314 0.017770 0.650327
0 0.007353 0.717320 0.000000 0.719771 0.000000 0.794935 0.003064 0.794935 0.007353 0.787582 0.015319 0.755719 0.015931 0.736111 0.012255 0.723856
0 0.007966 0.607026 0.004902 0.616830 0.004902 0.629085 0.007353 0.636438 0.018382 0.647059 0.034314 0.653595 0.053922 0.655229 0.056373 0.656863 0.060662 0.655229 0.061275 0.647059 0.055760 0.633987 0.039216 0.606209 0.031250 0.596405 0.026961 0.593954 0.017770 0.594771
0 0.054534 0.589869 0.052083 0.593954 0.052083 0.602124 0.054534 0.612745 0.059436 0.625817 0.068627 0.642974 0.075980 0.651961 0.083333 0.651961 0.089461 0.647059 0.095588 0.638889 0.099877 0.626634 0.099877 0.618464 0.096814 0.608660 0.094363 0.605392 0.080882 0.598039 0.071691 0.589869 0.064951 0.588235
0 0.105392 0.580065 0.102328 0.588235 0.102941 0.593954 0.112132 0.606209 0.121936 0.612745 0.142770 0.614379 0.150123 0.609477 0.153799 0.603758 0.155637 0.597222 0.156250 0.580065 0.154412 0.571895 0.150123 0.563725 0.145833 0.559641 0.134191 0.558824 0.113358 0.569444
0 0.225490 0.507353 0.212010 0.490196 0.200368 0.493464 0.183211 0.511438 0.174632 0.522876 0.168505 0.538399 0.169730 0.549020 0.183824 0.553105 0.197917 0.553105 0.216912 0.545752 0.224877 0.532680 0.227328 0.524510 0.227328 0.514706
0 0.257966 0.517157 0.252451 0.511438 0.245711 0.508987 0.239583 0.509804 0.233456 0.513072 0.228554 0.519608 0.224877 0.531863 0.218137 0.544118 0.216912 0.556373 0.218750 0.559641 0.226716 0.563725 0.233456 0.564542 0.251225 0.558824 0.258578 0.553105 0.262868 0.544935 0.262868 0.535131 0.261029 0.523693
0 0.330882 0.527778 0.316176 0.556373 0.313725 0.575163 0.313725 0.588235 0.316176 0.594771 0.321691 0.598856 0.339461 0.601307 0.343750 0.598856 0.347426 0.593954 0.351103 0.584967 0.351103 0.579248 0.340686 0.533497 0.335172 0.527778
0 0.323529 0.506536 0.317402 0.501634 0.309436 0.500817 0.292892 0.506536 0.280637 0.515523 0.277574 0.522059 0.277574 0.533497 0.281863 0.549020 0.288603 0.555556 0.297794 0.559641 0.308211 0.559641 0.313113 0.557190 0.324755 0.540850 0.329657 0.528595 0.329657 0.517974
0 0.349265 0.504085 0.345588 0.510621 0.342525 0.524510 0.341912 0.534314 0.349877 0.568627 0.356005 0.581699 0.363358 0.585784 0.375000 0.588235 0.382353 0.578431 0.384804 0.571895 0.385417 0.557190 0.384191 0.545752 0.372549 0.528595 0.370098 0.521242 0.366422 0.516340 0.360907 0.514706
0 0.373162 0.510621 0.371324 0.517974 0.373162 0.528595 0.384191 0.542484 0.395221 0.545752 0.416054 0.547386 0.422794 0.540850 0.426471 0.534314 0.424632 0.510621 0.416054 0.499183 0.401961 0.498366 0.379289 0.504902
0 0.430147 0.451797 0.429534 0.471405 0.431373 0.481209 0.436887 0.491013 0.441789 0.494281 0.458333 0.495915 0.468137 0.493464 0.474265 0.489379 0.482230 0.476307 0.481618 0.468137 0.474265 0.457516 0.452206 0.442810 0.435662 0.441993
0 0.417892 0.464869 0.412990 0.457516 0.401348 0.450163 0.395833 0.450163 0.384804 0.456699 0.379289 0.464052 0.373775 0.475490 0.371324 0.503268 0.376838 0.505719 0.383578 0.502451 0.415441 0.494281 0.418505 0.491013 0.420343 0.483660 0.420343 0.475490
0 0.351103 0.441993 0.340074 0.450163 0.337010 0.454248 0.335784 0.461601 0.339461 0.471405 0.343137 0.490196 0.354779 0.508170 0.360907 0.513072 0.366422 0.513889 0.368873 0.508987 0.371936 0.489379 0.370098 0.457516 0.367647 0.450163 0.361520 0.441993 0.357843 0.440359
0 0.335172 0.462418 0.328431 0.453431 0.322917 0.449346 0.316176 0.448529 0.305147 0.450980 0.299632 0.455065 0.289828 0.466503 0.284314 0.484477 0.284314 0.493464 0.291667 0.502451 0.299020 0.504085 0.312500 0.500000 0.318015 0.500000 0.334559 0.491013 0.339461 0.484477 0.339461 0.476307
0 0.262255 0.446895 0.254289 0.450980 0.250613 0.456699 0.248162 0.472222 0.247549 0.492647 0.251838 0.507353 0.257966 0.514706 0.265319 0.516340 0.273897 0.513072 0.280025 0.504902 0.281863 0.498366 0.281863 0.479575 0.280025 0.464869 0.276348 0.450163 0.272672 0.447712
0 0.244485 0.430556 0.240809 0.430556 0.229167 0.440359 0.215686 0.459967 0.212623 0.468137 0.212010 0.481209 0.213235 0.488562 0.225490 0.504902 0.231618 0.506536 0.238971 0.504902 0.245711 0.492647 0.247549 0.476307 0.248162 0.449346 0.246936 0.437092
0 0.524510 0.419118 0.518995 0.415850 0.511029 0.415850 0.501838 0.419935 0.494485 0.420752 0.484069 0.427288 0.478554 0.440359 0.485294 0.460784 0.490809 0.467320 0.496936 0.470588 0.504902 0.470588 0.508578 0.468137 0.525123 0.446078 0.528799 0.437908 0.529412 0.428922
0 0.615809 0.399510 0.602941 0.398693 0.598652 0.400327 0.592525 0.406046 0.588848 0.417484 0.589461 0.437908 0.597426 0.461601 0.602328 0.465686 0.610907 0.464052 0.617647 0.457516 0.627451 0.437092 0.629902 0.428105 0.629902 0.417484 0.626225 0.408497 0.621324 0.402778
0 0.134191 0.480392 0.137255 0.493464 0.143382 0.503268 0.154412 0.504902 0.163603 0.501634 0.178309 0.491013 0.191176 0.474673 0.191789 0.468954 0.169730 0.453431 0.153186 0.453431 0.136642 0.462418 0.134804 0.464869
0 0.056373 0.470588 0.050245 0.477124 0.045343 0.486111 0.044118 0.492647 0.044730 0.507353 0.053922 0.521242 0.062500 0.529412 0.072304 0.534314 0.079657 0.534314 0.083946 0.539216 0.090074 0.540033 0.091299 0.531863 0.088235 0.507353 0.085784 0.496732 0.078431 0.480392 0.069853 0.470588 0.063725 0.468954
0 0.041667 0.526144 0.034314 0.525327 0.015319 0.528595 0.004902 0.534314 0.000000 0.539216 0.000000 0.571895 0.002451 0.573529 0.005515 0.580065 0.013480 0.586601 0.019608 0.586601 0.024510 0.583333 0.030637 0.575163 0.041054 0.544935 0.042279 0.536765
0 0.000000 0.456699 0.000000 0.523693 0.005515 0.526144 0.012255 0.525327 0.015931 0.521242 0.018995 0.509804 0.017770 0.485294 0.011029 0.464052 0.006127 0.457516
0 0.058824 0.417484 0.054534 0.424020 0.049020 0.439542 0.048407 0.447712 0.051471 0.457516 0.058211 0.464052 0.070466 0.470588 0.081495 0.473039 0.087010 0.476307 0.094975 0.475490 0.096201 0.473856 0.094975 0.451797 0.085172 0.429739 0.071691 0.414216 0.064338 0.413399
0 0.161765 0.429739 0.148284 0.417484 0.136029 0.417484 0.122549 0.422386 0.113358 0.428922 0.110907 0.433824 0.110907 0.450980 0.115196 0.460784 0.120098 0.464052 0.139706 0.461601 0.153186 0.452614 0.159926 0.444444 0.162990 0.435458
0 0.168505 0.424020 0.167279 0.435458 0.169118 0.446078 0.171569 0.452614 0.178309 0.459150 0.188725 0.465686 0.199142 0.466503 0.211397 0.462418 0.217525 0.456699 0.217525 0.450163 0.212623 0.434641 0.202819 0.418301 0.196078 0.410948 0.189951 0.407680 0.181373 0.408497 0.174632 0.414216
0 0.216912 0.355392 0.205270 0.371732 0.202819 0.388072 0.204044 0.415033 0.206495 0.422386 0.213235 0.432190 0.218750 0.434641 0.232230 0.434641 0.241422 0.426471 0.243260 0.410948 0.242034 0.397876 0.235294 0.373366 0.231005 0.364379 0.223039 0.355392
0 0.094975 0.372549 0.095588 0.388889 0.098652 0.395425 0.104167 0.400327 0.128064 0.409314 0.135417 0.409314 0.145221 0.401961 0.145221 0.392974 0.139706 0.378268 0.136642 0.365196 0.125613 0.353758 0.120711 0.352124 0.107843 0.352124 0.104167 0.355392
0 0.139093 0.355392 0.139093 0.373366 0.142157 0.383987 0.148284 0.394608 0.159314 0.407680 0.164828 0.412582 0.172181 0.413399 0.185662 0.403595 0.188725 0.392974 0.189338 0.376634 0.185049 0.368464 0.166667 0.357026 0.147672 0.353758
0 0.247549 0.403595 0.243873 0.415033 0.243873 0.426471 0.248162 0.433007 0.264093 0.446078 0.280637 0.448529 0.284926 0.445261 0.286152 0.433824 0.283088 0.413399 0.276348 0.394608 0.268382 0.391340 0.263480 0.392157 0.254289 0.396242
0 0.302696 0.383170 0.289216 0.404412 0.285539 0.413399 0.284926 0.419935 0.286765 0.430556 0.290441 0.439542 0.294730 0.441176 0.302696 0.448529 0.308824 0.449346 0.316789 0.447712 0.319853 0.445261 0.322917 0.437092 0.322917 0.421569 0.320466 0.401144 0.313725 0.384804 0.310662 0.383170
0 0.348652 0.386438 0.341299 0.385621 0.337010 0.388072 0.330882 0.394608 0.325368 0.404412 0.322917 0.421569 0.323529 0.438725 0.325980 0.447712 0.329044 0.450980 0.335172 0.451797 0.338848 0.450163 0.354779 0.436275 0.362745 0.418301 0.363358 0.408497 0.360907 0.397059 0.357230 0.392157
0 0.386642 0.393791 0.376838 0.393791 0.367034 0.400327 0.363971 0.406863 0.362745 0.421569 0.356618 0.433824 0.367647 0.448529 0.374387 0.453431 0.382966 0.453431 0.389706 0.448529 0.399510 0.431373 0.401348 0.424837 0.400735 0.410948 0.398897 0.404412
0 0.428922 0.393791 0.408701 0.394608 0.401961 0.402778 0.401348 0.414216 0.403186 0.436275 0.406250 0.447712 0.414828 0.455065 0.421569 0.453431 0.428309 0.446895 0.433824 0.439542 0.437500 0.419118 0.436887 0.407680 0.434436 0.397876
0 0.488358 0.383170 0.481005 0.377451 0.473039 0.376634 0.450980 0.384804 0.441789 0.393791 0.440564 0.397876 0.441176 0.410948 0.446691 0.420752 0.455882 0.427288 0.466299 0.430556 0.479167 0.429739 0.491422 0.416667 0.493260 0.409314 0.493873 0.398693
0 0.000000 0.366830 0.000000 0.424837 0.012255 0.423203 0.016544 0.420752 0.022059 0.413399 0.024510 0.401144 0.023897 0.392157 0.022059 0.386438 0.013480 0.375000 0.002451 0.366830
0 0.031863 0.325980 0.025735 0.319444 0.022059 0.318627 0.000000 0.321895 0.000000 0.362745 0.016544 0.366013 0.031250 0.362745 0.035539 0.352124 0.034314 0.333333
0 0.074755 0.287582 0.068627 0.280229 0.062500 0.276961 0.052083 0.276961 0.036765 0.282680 0.025123 0.299020 0.023897 0.313725 0.028186 0.321078 0.036765 0.329248 0.056985 0.328431 0.068627 0.324346 0.074755 0.318627 0.078431 0.308824 0.078431 0.299020
0 0.077819 0.278595 0.076593 0.286765 0.079044 0.298203 0.091299 0.325980 0.099265 0.336601 0.108456 0.336601 0.113358 0.332516 0.116422 0.326797 0.121324 0.310458 0.120711 0.303105 0.117647 0.294935 0.106005 0.283497 0.096201 0.278595
0 0.162990 0.301471 0.155025 0.292484 0.151348 0.290850 0.144608 0.290850 0.134191 0.296569 0.121324 0.314542 0.115809 0.325980 0.113971 0.334967 0.113971 0.348856 0.115809 0.350490 0.128676 0.350490 0.139093 0.347222 0.147059 0.341503 0.162377 0.322712 0.164828 0.315359 0.164828 0.307190
0 0.160539 0.330065 0.161152 0.344771 0.163603 0.352941 0.166054 0.356209 0.181373 0.365196 0.191176 0.366013 0.200368 0.364379 0.216299 0.352124 0.214461 0.340686 0.208333 0.325980 0.200368 0.317810 0.188113 0.310458 0.173407 0.308824 0.169118 0.311275 0.164216 0.319444
0 0.236520 0.291667 0.224265 0.292484 0.212010 0.295752 0.205270 0.304739 0.205882 0.318627 0.217525 0.347222 0.220588 0.350490 0.233456 0.350490 0.239583 0.343954 0.243873 0.335784 0.245711 0.319444 0.245098 0.308007 0.242647 0.299837
0 0.260417 0.324346 0.252451 0.327614 0.246324 0.332516 0.234069 0.352941 0.232230 0.361111 0.232843 0.366830 0.240196 0.384804 0.248162 0.391340 0.255515 0.393791 0.264093 0.390523 0.272672 0.379902 0.275735 0.365196 0.275735 0.350490 0.272059 0.334967 0.267157 0.327614
0 0.298407 0.326797 0.292892 0.325163 0.284926 0.325980 0.278186 0.330882 0.276348 0.334967 0.276348 0.366013 0.274510 0.383987 0.278799 0.394608 0.286152 0.393791 0.301471 0.380719 0.312500 0.362745 0.313725 0.357026 0.313725 0.346405 0.312500 0.342320 0.307598 0.334150
0 0.238971 0.263889 0.236520 0.267974 0.237132 0.289216 0.244485 0.303105 0.247549 0.312092 0.254902 0.321078 0.266544 0.325980 0.275735 0.325163 0.280025 0.321895 0.286152 0.308007 0.286765 0.291667 0.284314 0.285131 0.276348 0.276144 0.261642 0.267157 0.253064 0.264706
0 0.323529 0.266340 0.310662 0.267974 0.289828 0.288399 0.287377 0.299020 0.286765 0.312908 0.289828 0.315359 0.291054 0.321078 0.294118 0.321895 0.297181 0.325980 0.306985 0.329248 0.314338 0.326797 0.322304 0.321078 0.332721 0.316993 0.334559 0.314542 0.340074 0.299837 0.339461 0.288399 0.334559 0.279412
0 0.314338 0.215686 0.310049 0.213235 0.294730 0.213235 0.286152 0.220588 0.278799 0.254085 0.281250 0.276961 0.285539 0.284314 0.289216 0.285131 0.295343 0.282680 0.306985 0.272059 0.318627 0.254902 0.321691 0.239379 0.321691 0.230392 0.318627 0.221405
0 0.275735 0.211601 0.268995 0.208333 0.259191 0.209150 0.254289 0.211601 0.237132 0.227941 0.233456 0.234477 0.232843 0.253268 0.234069 0.258170 0.237745 0.261438 0.245098 0.263889 0.259804 0.263889 0.273284 0.258170 0.278186 0.251634 0.281863 0.240196 0.281250 0.225490
0 0.224877 0.215686 0.208333 0.223039 0.202819 0.229575 0.192402 0.247549 0.189951 0.257353 0.190564 0.265523 0.194853 0.272876 0.203431 0.281863 0.213848 0.282680 0.219975 0.281046 0.228554 0.269608 0.231618 0.254085 0.231618 0.236111 0.228554 0.219771
0 0.156863 0.268791 0.154412 0.281863 0.155025 0.289216 0.164828 0.302288 0.170956 0.307190 0.185049 0.308824 0.194240 0.312092 0.199142 0.307190 0.203431 0.297386 0.204044 0.286765 0.202819 0.283497 0.197917 0.279412 0.192402 0.270425 0.178922 0.262255 0.167892 0.260621 0.160539 0.263889
0 0.155637 0.263072 0.145833 0.245915 0.140319 0.244281 0.112132 0.246732 0.107230 0.248366 0.102941 0.256536 0.103554 0.269608 0.106618 0.281046 0.114583 0.290850 0.121324 0.293301 0.136029 0.293301 0.147059 0.289216 0.152574 0.281863 0.155637 0.269608
0 0.149510 0.205065 0.141544 0.198529 0.133578 0.196078 0.107230 0.196078 0.099265 0.198529 0.093137 0.202614 0.088848 0.209967 0.088235 0.218137 0.093750 0.235294 0.099877 0.244281 0.102328 0.245915 0.110294 0.245915 0.125000 0.240196 0.137255 0.228758 0.148897 0.211601
0 0.072304 0.203431 0.064338 0.209150 0.060049 0.216503 0.056373 0.235294 0.056985 0.252451 0.058211 0.256536 0.066176 0.265523 0.084559 0.265523 0.093750 0.258170 0.096814 0.245915 0.090074 0.226307 0.080270 0.205065
0 0.037990 0.218137 0.028799 0.218137 0.025735 0.219771 0.021446 0.226307 0.017770 0.246732 0.018995 0.263889 0.024510 0.278595 0.028799 0.283497 0.034314 0.282680 0.044118 0.274510 0.050858 0.263072 0.053309 0.255719 0.054534 0.242647 0.053922 0.230392 0.045343 0.221405
0 0.019608 0.178105 0.018995 0.196078 0.020833 0.200980 0.028799 0.209150 0.036765 0.214052 0.053309 0.214869 0.059436 0.211601 0.064338 0.203431 0.065564 0.182190 0.063725 0.177288 0.060049 0.174020 0.028799 0.169935
0 0.000000 0.232843 0.000000 0.295752 0.006127 0.295752 0.010417 0.291667 0.014093 0.269608 0.013480 0.259804 0.007966 0.241830 0.001838 0.232843
0 0.205882 0.215686 0.196691 0.208333 0.188113 0.205882 0.177083 0.205882 0.161152 0.209150 0.155025 0.213235 0.151961 0.219771 0.150735 0.226307 0.151348 0.242647 0.155025 0.250000 0.162377 0.257353 0.174020 0.258170 0.178922 0.256536 0.193627 0.245098 0.205270 0.224673
0 0.205882 0.178105 0.203431 0.191993 0.204044 0.202614 0.210784 0.209967 0.215686 0.213235 0.227328 0.214869 0.237132 0.219771 0.243873 0.218954 0.253064 0.210784 0.251225 0.198529 0.246324 0.186275 0.226103 0.167484 0.221814 0.165033 0.215686 0.165033
0 0.333946 0.320261 0.325980 0.320261 0.317402 0.325163 0.313725 0.333333 0.314951 0.354575 0.312500 0.365196 0.313113 0.379902 0.321078 0.397059 0.327206 0.398693 0.333333 0.390523 0.342525 0.383170 0.350490 0.351307 0.350490 0.339869 0.348039 0.332516 0.343137 0.325980
0 0.361520 0.321895 0.351103 0.330882 0.351103 0.348856 0.345588 0.375000 0.345588 0.381536 0.347426 0.384804 0.357230 0.391340 0.367647 0.392974 0.374387 0.389706 0.378676 0.381536 0.380515 0.369281 0.380515 0.356209 0.378064 0.342320 0.371936 0.331699 0.370711 0.326797 0.366422 0.321895
0 0.394608 0.333333 0.392157 0.338235 0.392157 0.344771 0.397059 0.365196 0.405637 0.385621 0.411765 0.392974 0.423407 0.393791 0.428309 0.392157 0.431373 0.388072 0.434436 0.376634 0.434436 0.364379 0.430760 0.354575 0.411765 0.336601 0.405025 0.333333
0 0.410539 0.299020 0.407475 0.290033 0.400735 0.283497 0.394608 0.281863 0.376838 0.283497 0.370098 0.287582 0.362745 0.299020 0.361520 0.303922 0.362132 0.316176 0.376225 0.325980 0.395833 0.330882 0.401348 0.330065 0.407475 0.324346 0.411152 0.317810
0 0.322304 0.241830 0.320466 0.250817 0.322304 0.259804 0.344363 0.296569 0.354167 0.303105 0.359681 0.300654 0.363971 0.294118 0.367647 0.291667 0.372549 0.280229 0.373162 0.274510 0.371936 0.267157 0.367647 0.258987 0.343750 0.243464 0.326593 0.238562
0 0.417892 0.230392 0.405025 0.221405 0.401348 0.223039 0.392770 0.236928 0.370711 0.252451 0.369485 0.258170 0.373162 0.263072 0.372549 0.268791 0.380515 0.278595 0.392157 0.280229 0.405637 0.275327 0.421569 0.263072 0.423407 0.246732 0.422794 0.241013
0 0.414216 0.272876 0.412990 0.281863 0.414828 0.288399 0.431373 0.306373 0.446691 0.312908 0.455270 0.312908 0.458946 0.308824 0.463848 0.297386 0.465686 0.285948 0.465074 0.274510 0.462010 0.268791 0.455270 0.264706 0.449755 0.263072 0.427696 0.263889 0.420343 0.266340
0 0.416054 0.319444 0.418505 0.331699 0.425245 0.343954 0.443627 0.361928 0.454044 0.361928 0.459559 0.356209 0.463848 0.347222 0.465074 0.336601 0.463848 0.325980 0.455270 0.318627 0.436275 0.308824 0.430760 0.308007 0.423407 0.311275
0 0.477328 0.303105 0.474877 0.304739 0.473039 0.316993 0.467525 0.330065 0.467525 0.354575 0.469975 0.362745 0.476103 0.372549 0.485294 0.378268 0.490196 0.378268 0.501225 0.370915 0.507353 0.363562 0.509191 0.358660 0.509191 0.351307 0.503676 0.334967 0.492034 0.313725 0.482843 0.303922
0 0.512255 0.359477 0.493260 0.378268 0.492034 0.381536 0.493260 0.390523 0.496324 0.394608 0.508578 0.402778 0.515931 0.411765 0.525123 0.419118 0.529412 0.419118 0.541667 0.411765 0.546569 0.400327 0.548407 0.388072 0.547181 0.376634 0.533701 0.365196 0.520833 0.359477
0 0.580882 0.366830 0.572917 0.363562 0.560662 0.362745 0.551471 0.370915 0.545956 0.401961 0.545956 0.413399 0.547794 0.424837 0.551471 0.433824 0.557598 0.434641 0.568015 0.430556 0.583946 0.400327 0.587010 0.388889 0.587623 0.377451 0.586397 0.373366
0 0.507353 0.325163 0.506127 0.337418 0.509804 0.349673 0.512868 0.354575 0.532475 0.363562 0.544730 0.361928 0.550245 0.359477 0.552696 0.356209 0.553309 0.339052 0.550858 0.332516 0.535539 0.311275 0.530025 0.308824 0.518382 0.311275
0 0.534314 0.300654 0.533701 0.307190 0.534926 0.310458 0.543505 0.320261 0.555147 0.338235 0.564338 0.344771 0.573529 0.348039 0.580882 0.348039 0.588235 0.341503 0.593750 0.329248 0.594975 0.313725 0.593750 0.310458 0.587010 0.304739 0.550858 0.293301 0.541054 0.294118
0 0.596814 0.330065 0.591912 0.334150 0.591299 0.337418 0.585172 0.346405 0.583333 0.352124 0.583333 0.357843 0.587623 0.368464 0.598039 0.383170 0.610294 0.390523 0.615809 0.390523 0.620098 0.385621 0.622549 0.378268 0.622549 0.348856 0.621324 0.340686 0.617034 0.334150 0.611520 0.330065
0 0.623775 0.346405 0.623775 0.378268 0.628676 0.383987 0.637255 0.388072 0.648284 0.388072 0.659314 0.377451 0.664828 0.375000 0.673407 0.362745 0.673407 0.357026 0.671569 0.353758 0.659314 0.343954 0.637255 0.342320 0.629289 0.343137
0 0.688725 0.366830 0.684436 0.365196 0.673407 0.368464 0.647672 0.391340 0.646446 0.395425 0.647059 0.403595 0.649510 0.410948 0.656250 0.420752 0.662990 0.425654 0.674632 0.427288 0.681985 0.424020 0.689951 0.414216 0.693015 0.404412 0.691176 0.373366
0 0.656863 0.436275 0.644608 0.437908 0.634804 0.450163 0.629289 0.460784 0.626838 0.469771 0.626838 0.480392 0.629289 0.488562 0.634191 0.494281 0.645221 0.499183 0.651348 0.498366 0.661765 0.494281 0.668505 0.484477 0.672794 0.468137 0.672794 0.455065 0.664216 0.441176
0 0.677083 0.454248 0.679534 0.468954 0.685049 0.475490 0.696078 0.480392 0.712010 0.481209 0.726103 0.478758 0.732230 0.475490 0.736520 0.467320 0.735907 0.458333 0.731618 0.450163 0.713848 0.437092 0.702819 0.433007 0.692402 0.433007 0.685049 0.437092 0.680760 0.441993
0 0.693015 0.383987 0.694853 0.409314 0.704657 0.425654 0.711397 0.433007 0.724265 0.441176 0.730392 0.441176 0.737132 0.437092 0.745098 0.425654 0.746936 0.417484 0.746936 0.408497 0.740809 0.399510 0.726103 0.386438 0.718750 0.382353 0.711397 0.380719 0.700368 0.380719
0 0.731618 0.480392 0.731005 0.491013 0.734069 0.509804 0.738971 0.519608 0.746324 0.522876 0.753064 0.522876 0.761029 0.516340 0.779412 0.507353 0.780025 0.502451 0.774510 0.487745 0.755515 0.473039 0.743260 0.472222 0.737745 0.474673
0 0.779412 0.413399 0.772672 0.410948 0.758578 0.410948 0.749387 0.414216 0.745711 0.424837 0.740196 0.434641 0.739583 0.438725 0.741422 0.450980 0.746936 0.459967 0.751225 0.464052 0.756127 0.465686 0.772059 0.458333 0.786152 0.445261 0.789216 0.438725 0.789216 0.428922 0.787377 0.423203
0 0.746936 0.352941 0.744485 0.361111 0.744485 0.368464 0.747549 0.376634 0.753676 0.383987 0.778799 0.399510 0.785539 0.397876 0.787990 0.392974 0.792279 0.390523 0.797794 0.383170 0.798407 0.377451 0.795343 0.366830 0.783701 0.350490 0.775735 0.343137 0.767770 0.341503 0.759191 0.343137 0.752451 0.346405
0 0.738358 0.354575 0.736520 0.346405 0.729779 0.340686 0.718137 0.339052 0.696691 0.339869 0.686275 0.351307 0.684436 0.355392 0.684436 0.361928 0.688725 0.363562 0.694240 0.370915 0.700980 0.375817 0.722426 0.380719 0.729167 0.379085 0.736520 0.371732
0 0.739583 0.319444 0.740196 0.326797 0.744485 0.332516 0.755515 0.338235 0.774510 0.340686 0.779412 0.339869 0.786152 0.335784 0.792279 0.325980 0.793505 0.320261 0.792279 0.309641 0.786152 0.298203 0.778799 0.292484 0.762868 0.290850 0.755515 0.294935 0.746324 0.304739
0 0.693015 0.293301 0.692402 0.320261 0.701593 0.331699 0.705270 0.333333 0.717525 0.334967 0.735294 0.322712 0.741422 0.311275 0.742647 0.300654 0.741422 0.293301 0.738358 0.289216 0.728554 0.284314 0.704657 0.283497 0.696078 0.288399
0 0.686275 0.279412 0.680147 0.278595 0.661765 0.283497 0.647059 0.294118 0.640931 0.301471 0.640931 0.319444 0.651961 0.338235 0.656863 0.340686 0.669730 0.339052 0.676471 0.334150 0.688113 0.320261 0.689338 0.313725 0.691176 0.311275 0.691789 0.299020 0.689338 0.283497
0 0.591912 0.274510 0.591299 0.294118 0.589461 0.298203 0.589461 0.302288 0.591912 0.307190 0.596814 0.311275 0.607843 0.316176 0.625613 0.318627 0.630515 0.316176 0.636029 0.309641 0.637868 0.303105 0.637255 0.288399 0.634804 0.283497 0.627451 0.276961 0.619485 0.272876 0.607843 0.270425 0.595588 0.270425
0 0.641544 0.226307 0.638480 0.234477 0.635417 0.256536 0.636642 0.264706 0.644608 0.274510 0.654412 0.281046 0.660539 0.281863 0.676471 0.276144 0.679534 0.271242 0.678309 0.254085 0.675245 0.246732 0.658088 0.228758 0.647059 0.224673
0 0.545956 0.248366 0.541667 0.262255 0.541054 0.274510 0.547181 0.286765 0.569853 0.299837 0.579044 0.301471 0.588848 0.300654 0.591299 0.294935 0.590686 0.272059 0.575980 0.248366 0.566789 0.242647 0.558211 0.242647
0 0.484069 0.278595 0.484069 0.299020 0.485294 0.303105 0.490809 0.310458 0.498775 0.315359 0.510417 0.313725 0.530637 0.299837 0.535539 0.289216 0.535539 0.282680 0.530025 0.272876 0.515319 0.267974 0.506127 0.267974 0.500000 0.265523 0.490809 0.267157 0.485907 0.272059
0 0.493873 0.233660 0.492647 0.241013 0.493873 0.256536 0.496324 0.260621 0.505515 0.265523 0.517157 0.265523 0.534926 0.258987 0.539216 0.254902 0.543505 0.243464 0.541054 0.236928 0.535539 0.228758 0.529412 0.226307 0.515931 0.216503 0.512255 0.216503 0.501225 0.221405 0.496936 0.226307
0 0.443627 0.213235 0.438113 0.225490 0.437500 0.233660 0.446078 0.250000 0.456495 0.261438 0.466912 0.268791 0.484069 0.268791 0.486520 0.259804 0.484681 0.242647 0.467525 0.209150 0.463235 0.205882 0.453431 0.205882
0 0.713235 0.205065 0.700980 0.204248 0.693015 0.206699 0.687500 0.217320 0.679534 0.245098 0.680147 0.258170 0.683824 0.269608 0.693015 0.285131 0.697304 0.285131 0.703431 0.281046 0.708946 0.273693 0.711397 0.263072 0.721814 0.238562 0.723652 0.227124 0.723039 0.216503 0.717525 0.207516
0 0.629289 0.194444 0.623162 0.194444 0.617647 0.197712 0.612132 0.209967 0.599877 0.227941 0.598652 0.232026 0.598652 0.243464 0.601716 0.250817 0.607843 0.258987 0.616422 0.264706 0.628064 0.264706 0.631127 0.263072 0.635417 0.254085 0.639093 0.216503 0.635417 0.205065
0 0.613358 0.200163 0.609681 0.193627 0.604167 0.188725 0.589461 0.191993 0.571078 0.189542 0.561275 0.196078 0.558824 0.203431 0.558824 0.210784 0.561275 0.222222 0.568627 0.233660 0.575368 0.237745 0.585172 0.237745 0.597426 0.228758 0.606618 0.217320 0.613358 0.205882
0 0.750613 0.235294 0.740196 0.237745 0.732230 0.236928 0.723039 0.241830 0.718137 0.249183 0.715686 0.257353 0.716299 0.266340 0.719975 0.273693 0.725490 0.280229 0.738358 0.287582 0.752451 0.289216 0.756127 0.284314 0.756127 0.273693 0.759191 0.259804 0.759191 0.247549 0.756127 0.238562
0 0.764706 0.180556 0.748775 0.175654 0.742647 0.176471 0.730392 0.183824 0.723039 0.192810 0.719975 0.201797 0.727941 0.231209 0.732843 0.234477 0.740809 0.236111 0.747549 0.233660 0.754289 0.227941 0.767157 0.196078 0.767157 0.183824
0 0.653186 0.161765 0.645221 0.166667 0.640319 0.174020 0.634191 0.188725 0.633578 0.196895 0.642157 0.218954 0.651961 0.223039 0.659926 0.223039 0.670956 0.216503 0.674632 0.206699 0.674632 0.196895 0.673407 0.189542 0.667279 0.174837 0.658701 0.162582
0 0.389093 0.191993 0.384804 0.189542 0.374387 0.191176 0.365809 0.198529 0.360294 0.205882 0.355392 0.224673 0.348652 0.236111 0.348039 0.242647 0.349877 0.245915 0.357230 0.251634 0.366422 0.254902 0.390319 0.237745 0.397672 0.228758 0.400123 0.222222 0.400735 0.213235 0.398284 0.205882
0 0.815564 0.459967 0.813725 0.455065 0.803922 0.444444 0.799632 0.441993 0.789828 0.441176 0.778799 0.453431 0.767770 0.460784 0.759191 0.462418 0.756127 0.466503 0.762868 0.477124 0.768995 0.481209 0.778799 0.483660 0.800858 0.484477 0.812500 0.477941 0.815564 0.467320
0 0.823529 0.364379 0.818015 0.366830 0.802083 0.382353 0.791667 0.404412 0.791054 0.420752 0.792279 0.424020 0.798407 0.432190 0.803922 0.436275 0.819853 0.438725 0.824755 0.435458 0.827206 0.429739 0.830882 0.409314 0.830882 0.401144 0.827206 0.370915
0 0.878064 0.393791 0.873162 0.393791 0.855392 0.401961 0.849265 0.410131 0.847426 0.418301 0.846814 0.449346 0.849265 0.456699 0.858456 0.466503 0.870711 0.471405 0.877451 0.470588 0.885417 0.466503 0.891544 0.459967 0.892157 0.444444 0.886029 0.415850 0.885417 0.402778 0.881127 0.395425
0 0.895833 0.440359 0.893382 0.443627 0.893382 0.456699 0.895833 0.463235 0.907475 0.477941 0.910539 0.486928 0.916054 0.494281 0.926471 0.502451 0.935662 0.502451 0.935049 0.472222 0.929534 0.441993 0.925245 0.436275 0.919118 0.433824 0.906250 0.434641
0 0.829044 0.351307 0.827206 0.359477 0.828431 0.378268 0.831495 0.399510 0.833333 0.402778 0.835784 0.404412 0.847426 0.404412 0.859681 0.398693 0.865196 0.392157 0.867647 0.385621 0.868260 0.370098 0.866422 0.359477 0.861520 0.351307 0.847426 0.348039 0.838848 0.348039
0 0.870098 0.343954 0.863971 0.352124 0.868873 0.367647 0.870711 0.382353 0.876225 0.390523 0.887868 0.399510 0.897059 0.393791 0.900735 0.388889 0.903186 0.381536 0.900735 0.352124 0.896446 0.346405 0.887868 0.342320 0.879902 0.341503
0 0.821078 0.299020 0.819853 0.309641 0.821691 0.330065 0.826593 0.341503 0.832108 0.343954 0.854167 0.343137 0.860294 0.341503 0.865809 0.336601 0.867647 0.331699 0.866422 0.319444 0.863358 0.310458 0.857843 0.303922 0.838235 0.293301 0.825980 0.294118
0 0.803309 0.296569 0.798407 0.301471 0.794730 0.308824 0.794118 0.325980 0.786152 0.339869 0.786152 0.348039 0.787990 0.352941 0.794118 0.358660 0.797794 0.367647 0.801471 0.370915 0.807598 0.372549 0.814338 0.368464 0.818627 0.362745 0.821078 0.352941 0.821691 0.334967 0.819240 0.303922 0.815564 0.299020
0 0.810662 0.271242 0.806985 0.258170 0.801471 0.252451 0.793505 0.250817 0.763480 0.256536 0.757966 0.267974 0.756740 0.281046 0.758578 0.285131 0.762868 0.287582 0.801471 0.289216 0.806985 0.285948 0.810662 0.280229
0 0.799632 0.176471 0.794118 0.176471 0.779412 0.185458 0.765931 0.204248 0.761029 0.217320 0.760417 0.227941 0.764093 0.232843 0.764706 0.237745 0.770833 0.244281 0.781863 0.249183 0.789828 0.248366 0.795956 0.245098 0.800858 0.237745 0.805147 0.221405 0.806373 0.205065 0.803309 0.193627 0.803309 0.182190
0 0.808824 0.219771 0.803309 0.231209 0.802696 0.237745 0.803922 0.249183 0.810049 0.263072 0.812500 0.279412 0.814338 0.281046 0.829657 0.278595 0.838848 0.267974 0.843137 0.258170 0.845588 0.248366 0.845588 0.237745 0.843750 0.232843 0.838235 0.226307 0.829657 0.220588 0.824142 0.218954
0 0.843750 0.156046 0.835172 0.148693 0.827206 0.145425 0.821691 0.146242 0.816176 0.151144 0.808824 0.164216 0.803922 0.178922 0.804534 0.192810 0.808211 0.205882 0.811275 0.206699 0.828431 0.196895 0.843750 0.180556 0.846814 0.171569 0.846814 0.162582
0 0.830270 0.098856 0.822917 0.093137 0.815564 0.090686 0.810049 0.090686 0.800858 0.096405 0.789216 0.118464 0.781863 0.137255 0.787377 0.155229 0.790441 0.157680 0.795956 0.156863 0.811275 0.149510 0.818627 0.144608 0.833946 0.128268 0.837623 0.116830 0.835172 0.106209
0 0.742647 0.141340 0.740809 0.150327 0.741422 0.158497 0.744485 0.166667 0.749387 0.172386 0.772059 0.181373 0.779412 0.181373 0.789216 0.174837 0.787990 0.156863 0.781250 0.141340 0.775735 0.134804 0.767770 0.130719 0.759804 0.129902 0.748775 0.133170
0 0.664216 0.158497 0.663603 0.165033 0.670956 0.181373 0.677696 0.191176 0.685049 0.197712 0.690564 0.200163 0.700980 0.200163 0.712623 0.196895 0.716299 0.191176 0.716912 0.184641 0.715074 0.177288 0.707721 0.169118 0.697304 0.151144 0.686887 0.141340 0.680760 0.141340 0.675245 0.143791
0 0.689951 0.130719 0.688725 0.139706 0.690564 0.143791 0.699755 0.153595 0.712623 0.174020 0.721814 0.175654 0.729167 0.172386 0.735294 0.165850 0.737745 0.160131 0.738358 0.142974 0.737132 0.138072 0.732843 0.129902 0.726103 0.125000 0.706495 0.120098 0.696691 0.125000
0 0.779412 0.101307 0.776348 0.093954 0.771446 0.087418 0.767157 0.084967 0.744485 0.085784 0.735294 0.089052 0.727941 0.096405 0.725490 0.103758 0.725490 0.115196 0.728554 0.124183 0.735294 0.129085 0.750000 0.129902 0.764093 0.125817 0.776961 0.116013 0.780025 0.107843
0 0.765319 0.067810 0.765931 0.081699 0.781863 0.098039 0.793505 0.096405 0.813113 0.088235 0.822917 0.078431 0.824142 0.071895 0.819240 0.059641 0.814338 0.053922 0.803309 0.052288 0.795956 0.049020 0.783701 0.049020 0.774510 0.053922 0.767157 0.062092
0 0.708333 0.089869 0.701593 0.081699 0.684436 0.083333 0.668505 0.089052 0.662990 0.096405 0.662990 0.102124 0.667892 0.114379 0.669730 0.128268 0.672181 0.129902 0.683824 0.129902 0.694853 0.125817 0.705270 0.119281 0.709559 0.113562 0.710784 0.107843 0.710784 0.098039
0 0.606005 0.116830 0.607230 0.126634 0.612745 0.133170 0.625000 0.140523 0.636642 0.144608 0.655637 0.143791 0.663603 0.134804 0.666667 0.127451 0.666667 0.116830 0.664216 0.110294 0.664216 0.106209 0.658701 0.099673 0.634804 0.098039 0.625613 0.100490 0.614583 0.107026
0 0.583333 0.102941 0.575980 0.108660 0.567402 0.122549 0.564951 0.136438 0.564338 0.163399 0.568015 0.176471 0.575980 0.187908 0.589461 0.190359 0.599265 0.187092 0.601716 0.183824 0.605392 0.174837 0.606005 0.161765 0.603554 0.143791 0.601716 0.139706 0.596201 0.111111 0.588848 0.103758
0 0.511642 0.171569 0.506740 0.183824 0.505515 0.196078 0.518995 0.216503 0.529412 0.224673 0.538603 0.226307 0.543505 0.223856 0.551471 0.214869 0.555147 0.204248 0.554534 0.195261 0.544118 0.178922 0.536152 0.173203 0.526348 0.169118 0.518382 0.169118
0 0.494485 0.147876 0.481005 0.146242 0.473652 0.150327 0.471814 0.153595 0.468137 0.198529 0.468750 0.205882 0.474877 0.216503 0.481618 0.216503 0.494485 0.205882 0.503064 0.195261 0.505515 0.186275 0.505515 0.179739 0.508578 0.176471 0.506127 0.162582 0.502451 0.156046
0 0.436887 0.134804 0.426471 0.148693 0.425858 0.160131 0.430147 0.173203 0.441176 0.187092 0.446078 0.198529 0.451593 0.203431 0.459559 0.203431 0.468137 0.193627 0.469363 0.189542 0.469363 0.150327 0.465686 0.142974 0.459559 0.136438 0.447304 0.133170
0 0.388480 0.170752 0.387255 0.178922 0.388480 0.187092 0.398897 0.204248 0.403799 0.217320 0.411152 0.223856 0.418505 0.227941 0.424632 0.227124 0.433211 0.220588 0.440564 0.209150 0.442402 0.200980 0.441789 0.191993 0.439338 0.186275 0.429534 0.174837 0.409926 0.166667 0.395833 0.166667
0 0.311887 0.178105 0.310049 0.182190 0.310049 0.206699 0.311275 0.210784 0.319240 0.220588 0.324142 0.232026 0.329044 0.237745 0.336397 0.241013 0.343137 0.240196 0.348039 0.236111 0.352328 0.229575 0.356618 0.216503 0.357230 0.201797 0.356005 0.197712 0.346814 0.186275 0.334559 0.177288 0.325368 0.175654
0 0.327819 0.156863 0.327819 0.160131 0.333333 0.175654 0.358456 0.196895 0.365196 0.196895 0.374387 0.190359 0.376838 0.187092 0.380515 0.174837 0.381127 0.160131 0.379902 0.154412 0.376225 0.147876 0.371324 0.144608 0.344975 0.142974 0.339461 0.145425 0.333946 0.152778
0 0.435049 0.113562 0.426471 0.108660 0.409926 0.110294 0.394608 0.116830 0.389706 0.121732 0.386642 0.129902 0.387868 0.145425 0.396446 0.162582 0.399510 0.165033 0.407475 0.164216 0.422181 0.151961 0.438725 0.129085 0.439338 0.120915
0 0.278186 0.145425 0.275123 0.147059 0.269608 0.156046 0.269608 0.178922 0.275123 0.201797 0.284314 0.213235 0.289216 0.214869 0.299632 0.206699 0.305760 0.189542 0.308824 0.174837 0.308824 0.168301 0.305760 0.157680 0.299632 0.150327 0.289216 0.145425
0 0.224265 0.135621 0.221201 0.145425 0.221201 0.155229 0.225490 0.165850 0.243873 0.182190 0.249387 0.184641 0.256740 0.185458 0.264706 0.181373 0.265931 0.178105 0.265319 0.155229 0.261642 0.146242 0.251838 0.130719 0.246936 0.127451 0.236520 0.127451 0.227941 0.130719
0 0.262868 0.072712 0.259191 0.075163 0.253064 0.091503 0.251225 0.104575 0.251225 0.123366 0.253676 0.130719 0.263480 0.142157 0.272059 0.143791 0.279412 0.139706 0.287377 0.126634 0.288603 0.110294 0.282475 0.088235 0.272672 0.076797
0 0.309436 0.081699 0.301471 0.087418 0.294730 0.096405 0.293505 0.106209 0.295343 0.117647 0.300245 0.128268 0.310049 0.142974 0.320466 0.150327 0.327206 0.151144 0.329657 0.148693 0.332108 0.139706 0.333946 0.122549 0.332721 0.106209 0.330270 0.095588 0.327819 0.089869 0.321691 0.083333 0.318627 0.081699
0 0.342525 0.102941 0.341299 0.108660 0.341299 0.123366 0.342525 0.128268 0.349265 0.138889 0.352328 0.140523 0.366422 0.140523 0.385417 0.128268 0.387868 0.125000 0.390931 0.114379 0.390931 0.107026 0.387868 0.101307 0.377451 0.092320 0.351103 0.092320 0.348039 0.093954
0 0.324755 0.041667 0.321078 0.051471 0.321691 0.063725 0.327206 0.073529 0.337623 0.084967 0.348652 0.091503 0.368260 0.091503 0.372549 0.089869 0.375000 0.086601 0.374387 0.080882 0.363358 0.055556 0.352941 0.040850 0.343750 0.033497 0.333946 0.033497
0 0.379902 0.062908 0.377451 0.073529 0.379289 0.085784 0.384804 0.095588 0.400123 0.108660 0.405637 0.109477 0.419730 0.107026 0.428922 0.100490 0.428922 0.090686 0.423407 0.074346 0.406863 0.053922 0.397059 0.050654 0.389706 0.052288
0 0.484069 0.054739 0.476103 0.049020 0.454657 0.049837 0.441789 0.053922 0.433211 0.066176 0.431985 0.072712 0.433211 0.084150 0.435662 0.086601 0.437500 0.093954 0.447304 0.102124 0.458946 0.102124 0.463235 0.100490 0.485907 0.073529 0.486520 0.068627
0 0.490809 0.074346 0.484681 0.075980 0.477328 0.083333 0.463848 0.103758 0.461397 0.117647 0.463235 0.127451 0.470588 0.137255 0.478554 0.142157 0.487745 0.142974 0.493260 0.140523 0.502451 0.127451 0.504902 0.118464 0.507966 0.097222 0.507353 0.093954 0.499387 0.079248
0 0.561275 0.105392 0.553309 0.098856 0.547181 0.097222 0.530637 0.097222 0.518995 0.099673 0.514093 0.102124 0.511642 0.105392 0.507966 0.114379 0.507966 0.122549 0.512255 0.135621 0.518382 0.145425 0.526961 0.150327 0.537990 0.149510 0.544730 0.144608 0.554534 0.132353 0.556985 0.123366 0.562500 0.113562
0 0.750000 0.050654 0.742034 0.044118 0.728554 0.043301 0.708333 0.051471 0.703431 0.062092 0.702206 0.070261 0.702819 0.076797 0.712010 0.089869 0.718137 0.092320 0.729779 0.091503 0.739583 0.083333 0.751225 0.069444 0.752451 0.058007
0 0.829044 0.012255 0.824755 0.007353 0.818627 0.004085 0.806373 0.004085 0.797181 0.014706 0.791667 0.017974 0.786152 0.018791 0.780637 0.022876 0.778186 0.026961 0.778799 0.040033 0.782475 0.046569 0.786765 0.048203 0.791054 0.047386 0.805760 0.051471 0.815564 0.051471 0.822304 0.049020 0.826593 0.045752 0.830882 0.037582 0.831495 0.022876
0 0.759191 0.000000 0.759191 0.003268 0.763480 0.008987 0.770833 0.014706 0.782475 0.019608 0.787990 0.018791 0.799020 0.012255 0.803309 0.008170 0.805760 0.002451 0.805760 0.000000
0 0.702206 0.051471 0.699142 0.044935 0.691176 0.040033 0.675245 0.039216 0.655025 0.042484 0.647059 0.049837 0.640931 0.059641 0.640931 0.065359 0.650735 0.077614 0.656863 0.080882 0.670956 0.083333 0.692402 0.080065 0.697917 0.077614 0.700368 0.073529 0.702206 0.062908
0 0.596201 0.075980 0.596201 0.085784 0.598039 0.095588 0.604779 0.103758 0.610294 0.107026 0.616422 0.105392 0.625000 0.099673 0.636029 0.096405 0.639706 0.093954 0.643382 0.086601 0.642157 0.080065 0.626838 0.059641 0.617647 0.055556 0.610907 0.055556 0.604779 0.060458 0.600490 0.066176
0 0.651348 0.014706 0.647059 0.009804 0.637868 0.008170 0.628064 0.015523 0.612745 0.020425 0.610907 0.022876 0.609681 0.029412 0.609069 0.044935 0.610294 0.049020 0.614583 0.053105 0.621936 0.054739 0.626225 0.058007 0.631740 0.058824 0.638480 0.057190 0.647672 0.048203 0.655637 0.035948 0.655637 0.029412
0 0.648284 0.000000 0.648897 0.008987 0.653799 0.014706 0.655637 0.024510 0.661765 0.030229 0.677696 0.031863 0.680760 0.030229 0.685049 0.022876 0.687500 0.008987 0.686887 0.000000
0 0.587010 0.000000 0.587623 0.003268 0.599265 0.014706 0.609681 0.018791 0.627451 0.013889 0.632966 0.008170 0.632966 0.000000
0 0.560662 0.016340 0.558211 0.026144 0.558824 0.034314 0.563113 0.042484 0.584559 0.056373 0.594975 0.056373 0.601716 0.052288 0.606618 0.044935 0.607230 0.031046 0.606005 0.026144 0.592525 0.008987 0.586397 0.004902 0.581495 0.003268 0.571078 0.004085
0 0.547181 0.053922 0.544730 0.064542 0.545956 0.076797 0.549020 0.083333 0.557598 0.093954 0.564951 0.098039 0.574142 0.099673 0.590686 0.096405 0.594975 0.093137 0.594975 0.084150 0.592525 0.075980 0.577819 0.053105 0.566789 0.044935 0.559436 0.043301 0.552696 0.046569
0 0.509804 0.034314 0.500000 0.040033 0.495098 0.049020 0.494485 0.062908 0.495711 0.072712 0.509804 0.095588 0.512868 0.098039 0.519608 0.098039 0.527574 0.093137 0.533088 0.082516 0.536765 0.071078 0.537377 0.053922 0.533701 0.045752 0.526961 0.038399 0.518382 0.034314
0 0.517770 0.000000 0.520221 0.008987 0.525735 0.013072 0.534926 0.015523 0.556373 0.015523 0.560049 0.013072 0.563725 0.008170 0.564338 0.000000
0 0.433824 0.000000 0.433824 0.010621 0.435662 0.017157 0.441789 0.023693 0.454657 0.031046 0.472426 0.031863 0.481005 0.024510 0.485294 0.014706 0.485294 0.006536 0.483456 0.000000
0 0.486520 0.000000 0.486520 0.003268 0.488971 0.007353 0.493873 0.010621 0.509804 0.009804 0.512868 0.008170 0.515931 0.002451 0.515931 0.000000
0 0.401348 0.000000 0.393382 0.022059 0.393995 0.039216 0.397672 0.044935 0.407475 0.051471 0.413603 0.052288 0.419118 0.049837 0.422794 0.045752 0.425245 0.035948 0.425245 0.013889 0.423407 0.000000
0 0.349877 0.008987 0.344363 0.017974 0.343137 0.029412 0.366422 0.057190 0.373162 0.062092 0.377451 0.061275 0.381740 0.058007 0.390319 0.045752 0.392157 0.038399 0.391544 0.024510 0.386029 0.018791 0.373775 0.012255 0.355392 0.007353
0 0.310662 0.000000 0.311275 0.009804 0.317402 0.021242 0.325368 0.021242 0.333946 0.017974 0.345588 0.009804 0.349877 0.003268 0.349877 0.000000
0 0.264093 0.031046 0.259191 0.039216 0.258578 0.049020 0.265931 0.069444 0.273897 0.075980 0.280637 0.075980 0.286765 0.071895 0.295343 0.059641 0.296569 0.055556 0.295956 0.050654 0.279412 0.030229 0.271446 0.029412
0 0.226716 0.007353 0.218750 0.013889 0.214461 0.022059 0.214461 0.030229 0.216299 0.038399 0.223652 0.053922 0.228554 0.060458 0.242647 0.073529 0.248775 0.073529 0.251225 0.070261 0.256127 0.055556 0.255515 0.049020 0.256740 0.043301 0.253676 0.032680 0.245711 0.017157 0.237132 0.007353
0 0.237745 0.074346 0.228554 0.062092 0.216912 0.059641 0.191789 0.066993 0.183211 0.075980 0.181985 0.082516 0.184436 0.092320 0.193627 0.102941 0.215686 0.113562 0.221201 0.113562 0.229779 0.107026 0.232843 0.102124 0.236520 0.091503
0 0.170343 0.131536 0.178309 0.147059 0.196078 0.157680 0.206495 0.157680 0.216912 0.153595 0.219975 0.147876 0.223039 0.133170 0.219975 0.122549 0.215074 0.114379 0.202819 0.107843 0.190564 0.107843 0.185049 0.110294
0 0.193627 0.160948 0.187500 0.153595 0.176471 0.146242 0.173407 0.146242 0.165441 0.152778 0.155637 0.165033 0.150123 0.178922 0.148284 0.186275 0.148284 0.198529 0.150123 0.203431 0.153799 0.207516 0.159314 0.208333 0.172181 0.204248 0.182598 0.196895 0.194240 0.181373 0.195466 0.172386
0 0.118260 0.139706 0.112132 0.150327 0.113971 0.174837 0.116422 0.183824 0.123162 0.192810 0.133578 0.196078 0.142770 0.196078 0.147059 0.187908 0.151961 0.164216 0.151961 0.152778 0.147672 0.137255 0.139706 0.133170 0.129902 0.134804
0 0.071691 0.147059 0.068015 0.151961 0.067402 0.162582 0.068627 0.170752 0.072304 0.177288 0.091299 0.198529 0.097426 0.198529 0.106618 0.190359 0.112132 0.176471 0.112132 0.166667 0.109681 0.155229 0.093137 0.145425
0 0.013480 0.120098 0.009191 0.131536 0.008578 0.138072 0.012255 0.148693 0.015931 0.153595 0.028799 0.163399 0.041667 0.169118 0.063113 0.171569 0.065564 0.169118 0.065564 0.147876 0.047794 0.120098 0.041667 0.115196 0.030025 0.110294 0.023284 0.111111
0 0.053309 0.107843 0.051471 0.123366 0.065564 0.144608 0.088235 0.144608 0.091912 0.142157 0.096201 0.142157 0.098652 0.138889 0.099265 0.132353 0.097426 0.125817 0.083946 0.107843 0.073529 0.097222 0.068627 0.094771 0.063113 0.095588
0 0.141544 0.093954 0.138480 0.089869 0.131127 0.086601 0.120098 0.089052 0.106618 0.107843 0.102941 0.117647 0.102328 0.133987 0.110294 0.138072 0.117034 0.138072 0.135417 0.133170 0.143382 0.127451 0.147059 0.122549 0.148284 0.115196 0.146446 0.106209
0 0.165441 0.050654 0.155025 0.061275 0.150123 0.068627 0.147059 0.090686 0.147672 0.102941 0.150123 0.114379 0.155025 0.120915 0.162377 0.123366 0.172181 0.123366 0.177083 0.120098 0.181985 0.111928 0.183211 0.093137 0.177696 0.062908 0.172794 0.053922
0 0.169118 0.021242 0.165441 0.035131 0.165441 0.044118 0.167892 0.048203 0.192402 0.064542 0.202819 0.063725 0.216299 0.057190 0.216299 0.048203 0.212010 0.035948 0.199142 0.018791 0.188725 0.008987 0.179534 0.008987
0 0.099265 0.339052 0.091912 0.329248 0.084559 0.323529 0.074755 0.325163 0.067402 0.331699 0.055147 0.352124 0.051471 0.360294 0.049632 0.376634 0.062500 0.383987 0.070466 0.383987 0.094363 0.371732 0.102328 0.357026 0.102941 0.351307
0 0.114583 0.056373 0.108456 0.055556 0.090074 0.061275 0.077819 0.069444 0.074755 0.075163 0.074755 0.082516 0.076593 0.095588 0.081495 0.103758 0.091912 0.112745 0.097426 0.111928 0.105392 0.106209 0.117647 0.090686 0.122549 0.078431 0.123162 0.070261 0.118873 0.061275
0 0.151961 0.008170 0.137868 0.008170 0.132353 0.013889 0.130515 0.018791 0.127451 0.054739 0.133578 0.068627 0.140931 0.069444 0.149510 0.066176 0.157475 0.056373 0.162990 0.043301 0.165441 0.029412 0.164828 0.022059 0.158088 0.012255
0 0.120711 0.003268 0.117034 0.002451 0.116422 0.000000 0.105392 0.000000 0.104779 0.002451 0.098652 0.004085 0.088848 0.010621 0.076593 0.029412 0.075368 0.040033 0.076593 0.051471 0.080882 0.056373 0.088235 0.057190 0.118260 0.048203 0.125000 0.040850 0.128064 0.028595 0.128064 0.017157
0 0.018382 0.043301 0.018382 0.055556 0.023284 0.066176 0.026348 0.070261 0.037377 0.075980 0.054534 0.079248 0.066176 0.078431 0.071078 0.075980 0.077819 0.065359 0.077819 0.059641 0.065564 0.042484 0.049632 0.032680 0.027574 0.033497
0 0.047181 0.023693 0.052083 0.031046 0.061275 0.039216 0.065564 0.040033 0.070466 0.035948 0.080270 0.020425 0.085784 0.008987 0.086397 0.000000 0.052696 0.000000 0.046569 0.012255
0 0.000000 0.053105 0.000000 0.106209 0.010417 0.107026 0.015931 0.103758 0.021446 0.093137 0.021446 0.074346 0.014706 0.059641 0.009191 0.055556
0 0.000000 0.154412 0.000000 0.225490 0.003064 0.225490 0.007353 0.222222 0.014093 0.211601 0.016544 0.205065 0.017157 0.192810 0.015931 0.178922 0.010417 0.164216 0.002451 0.154412
0 0.005515 0.005719 0.000000 0.005719 0.000000 0.050654 0.006127 0.049020 0.013480 0.044118 0.017157 0.035948 0.016544 0.026961 0.012868 0.013072 0.010417 0.008987