0 0.739339 0.028595 0.735075 0.041667 0.735608 0.052288 0.738273 0.063725 0.748401 0.075163 0.753198 0.077614 0.760128 0.077614 0.762793 0.075980 0.765458 0.071895 0.770256 0.057190 0.770256 0.040033 0.768657 0.034314 0.763326 0.028595 0.754797 0.024510 0.743603 0.024510
0 0.771855 0.059641 0.767058 0.067810 0.764925 0.074346 0.765458 0.092320 0.769190 0.100490 0.775053 0.105392 0.787313 0.106209 0.799041 0.096405 0.800107 0.089869 0.798507 0.075980 0.794776 0.067810 0.782516 0.055556 0.778252 0.055556
0 0.789979 0.004085 0.784115 0.008170 0.778252 0.017157 0.775053 0.027778 0.775053 0.035131 0.777186 0.044118 0.781983 0.052288 0.792644 0.061275 0.799041 0.062908 0.813433 0.050654 0.814499 0.045752 0.813966 0.031863 0.810768 0.023693 0.801173 0.008170 0.796375 0.004085
0 0.772388 0.132353 0.762260 0.128268 0.756930 0.131536 0.749467 0.144608 0.742537 0.164216 0.742004 0.170752 0.745736 0.179739 0.751066 0.184641 0.760661 0.186275 0.766525 0.184641 0.775053 0.178105 0.777719 0.174020 0.781983 0.162582 0.782516 0.156863 0.775586 0.137255
0 0.775053 0.108660 0.772388 0.116830 0.772921 0.127451 0.781450 0.152778 0.786247 0.157680 0.790512 0.157680 0.797974 0.152778 0.803305 0.142157 0.805437 0.134804 0.805970 0.125000 0.803838 0.117647 0.794776 0.109477 0.790512 0.107843 0.777719 0.107026
0 0.788913 0.182190 0.783582 0.179739 0.776119 0.180556 0.771322 0.183824 0.765458 0.192810 0.762793 0.201797 0.762260 0.218137 0.763859 0.225490 0.769723 0.232843 0.776119 0.234477 0.786780 0.231209 0.797974 0.218954 0.798507 0.210784 0.796375 0.194444 0.794243 0.188725
0 0.765991 0.241013 0.763326 0.246732 0.763859 0.255719 0.773454 0.274510 0.783049 0.280229 0.791578 0.281863 0.795309 0.279412 0.798507 0.272876 0.801706 0.256536 0.801706 0.245915 0.799041 0.236928 0.795309 0.234477 0.791471 0.232190 0.786567 0.233824 0.783369 0.234314 0.779318 0.234641 0.775053 0.236111 0.770789 0.236928
0 0.732409 0.283497 0.729211 0.296569 0.731343 0.303922 0.740405 0.316993 0.760128 0.323529 0.763859 0.320261 0.767058 0.314542 0.770256 0.301471 0.770789 0.289216 0.768124 0.278595 0.762793 0.272876 0.756930 0.270425 0.747335 0.271242 0.737207 0.277778
0 0.772388 0.297386 0.771855 0.309641 0.775053 0.326797 0.778785 0.330882 0.792111 0.330065 0.803305 0.324346 0.808102 0.319444 0.812367 0.309641 0.811834 0.303922 0.808635 0.295752 0.803305 0.290033 0.795842 0.286765 0.778252 0.285948
0 0.739872 0.321078 0.732942 0.331699 0.729744 0.344771 0.729744 0.356209 0.731343 0.361111 0.736674 0.368464 0.744136 0.372549 0.755330 0.370915 0.763859 0.364379 0.767591 0.357026 0.768124 0.348856 0.766525 0.339869 0.761727 0.328431 0.756397 0.323529 0.743603 0.319444
0 0.740938 0.421569 0.738806 0.426471 0.737740 0.434641 0.737740 0.451797 0.740405 0.462418 0.747868 0.472222 0.752665 0.473856 0.771855 0.462418 0.774520 0.459150 0.776119 0.449346 0.775586 0.438725 0.773987 0.431373 0.770789 0.426471 0.756930 0.415850 0.747868 0.415850
0 0.755864 0.379902 0.750533 0.397876 0.750533 0.405229 0.753198 0.412582 0.772921 0.424837 0.779851 0.424837 0.787846 0.418301 0.789446 0.413399 0.789446 0.398693 0.786780 0.390523 0.773454 0.373366 0.769723 0.371732 0.761194 0.372549
0 0.780917 0.334967 0.772921 0.351307 0.771855 0.356209 0.772921 0.371732 0.788913 0.390523 0.799574 0.393791 0.805437 0.392974 0.810768 0.389706 0.812367 0.375817 0.811834 0.367647 0.805970 0.348856 0.801173 0.339052 0.795309 0.332516 0.785181 0.332516
0 0.784648 0.470588 0.779318 0.463235 0.770789 0.463235 0.759062 0.469771 0.752665 0.475490 0.747335 0.488562 0.747335 0.500000 0.750000 0.510621 0.754797 0.514706 0.779851 0.513889 0.788913 0.495098 0.788380 0.486111
0 0.796375 0.503268 0.791578 0.495915 0.787313 0.495915 0.781983 0.508987 0.778252 0.513072 0.754797 0.513889 0.753731 0.518791 0.758529 0.531046 0.766525 0.537582 0.780384 0.535948 0.788913 0.531046 0.795309 0.521242 0.797441 0.513889
0 0.765991 0.540033 0.762793 0.544118 0.761194 0.550654 0.761194 0.560458 0.765991 0.583333 0.768657 0.587418 0.774520 0.590686 0.783582 0.589052 0.788380 0.584967 0.796908 0.568627 0.796908 0.564542 0.791578 0.543301 0.787846 0.538399 0.782516 0.536765 0.776119 0.536765
0 0.795842 0.574346 0.793177 0.576797 0.789446 0.584967 0.786780 0.602124 0.790512 0.616830 0.796908 0.626634 0.807569 0.627451 0.820362 0.613562 0.823028 0.602124 0.822495 0.593954 0.818763 0.581699 0.811301 0.574346 0.807569 0.572712
0 0.788380 0.629085 0.781450 0.637255 0.779318 0.643791 0.775053 0.650327 0.777186 0.657680 0.783049 0.666667 0.796908 0.681373 0.803305 0.683007 0.810235 0.674020 0.813966 0.657680 0.812900 0.641340 0.809168 0.633170 0.804904 0.629902 0.797974 0.628268
0 0.813433 0.622549 0.811301 0.626634 0.813966 0.642974 0.817697 0.656046 0.822495 0.663399 0.826226 0.665850 0.832090 0.665850 0.837953 0.663399 0.847015 0.647059 0.848081 0.630719 0.846482 0.624183 0.842217 0.618464 0.828891 0.614379
0 0.857143 0.559641 0.850213 0.557190 0.841684 0.557190 0.831557 0.560458 0.826759 0.565359 0.821962 0.578431 0.821429 0.584150 0.824627 0.601307 0.829424 0.611111 0.837420 0.614379 0.844350 0.612745 0.855011 0.596405 0.858742 0.585784 0.859808 0.573529 0.859275 0.565359
0 0.814499 0.511438 0.807569 0.513072 0.801173 0.519608 0.797441 0.526961 0.793710 0.540850 0.794776 0.554739 0.796908 0.562092 0.800640 0.568627 0.809168 0.571895 0.815032 0.571895 0.818763 0.568627 0.823028 0.567810 0.827292 0.560458 0.828891 0.542484 0.828358 0.529412 0.826226 0.523693 0.819829 0.513889
0 0.804904 0.439542 0.794776 0.439542 0.790512 0.446078 0.786780 0.470588 0.789979 0.489379 0.794776 0.498366 0.799041 0.498366 0.807036 0.491013 0.815565 0.477124 0.820362 0.464869 0.820362 0.458333 0.815565 0.448529
0 0.845949 0.474673 0.825693 0.473856 0.820896 0.477941 0.817164 0.484477 0.816631 0.500000 0.818230 0.508987 0.826226 0.522059 0.833689 0.528595 0.849147 0.512255 0.853945 0.500817 0.852878 0.487745 0.850746 0.481209
0 0.823561 0.415850 0.820362 0.423203 0.819296 0.435458 0.821962 0.453431 0.825693 0.464869 0.832090 0.469771 0.840085 0.469771 0.848614 0.464869 0.851812 0.459967 0.855011 0.450163 0.854478 0.440359 0.850213 0.430556 0.843284 0.420752 0.835821 0.414216 0.829957 0.413399
0 0.836887 0.292484 0.826226 0.300654 0.820896 0.319444 0.820896 0.334150 0.821962 0.339052 0.825693 0.344771 0.833689 0.348856 0.846482 0.348039 0.849680 0.345588 0.852878 0.339052 0.853412 0.320261 0.847548 0.302288 0.841151 0.294118
0 0.864606 0.589052 0.858209 0.594771 0.853412 0.607026 0.851812 0.630719 0.852878 0.637255 0.856610 0.647059 0.860874 0.651144 0.869403 0.655229 0.880064 0.644608 0.886461 0.629902 0.886994 0.619281 0.884328 0.607026 0.877932 0.594771 0.872601 0.589869
0 0.885394 0.522059 0.881130 0.523693 0.872601 0.535131 0.863539 0.558007 0.863006 0.566176 0.865139 0.574346 0.873134 0.583333 0.886461 0.584150 0.893390 0.575980 0.896588 0.566993 0.896588 0.542484 0.893923 0.533497
0 0.877932 0.463235 0.871535 0.463235 0.865139 0.465686 0.859808 0.469771 0.855544 0.479575 0.855011 0.488562 0.857143 0.502451 0.863539 0.513072 0.868337 0.516340 0.873134 0.517157 0.884861 0.512255 0.888593 0.498366 0.887527 0.475490 0.884861 0.468137
0 0.860874 0.397059 0.852878 0.406863 0.850213 0.415850 0.850213 0.422386 0.852878 0.433824 0.858209 0.443627 0.862473 0.447712 0.873134 0.448529 0.876333 0.446895 0.881663 0.440359 0.884861 0.431373 0.884861 0.414216 0.878998 0.397059 0.876866 0.395425 0.864606 0.395425
0 0.880064 0.383170 0.879531 0.393791 0.880597 0.397876 0.882623 0.404575 0.887633 0.410784 0.894989 0.416667 0.900320 0.416667 0.904584 0.410948 0.913113 0.404412 0.912580 0.397059 0.889126 0.375817 0.884861 0.376634
0 0.890192 0.325980 0.877399 0.325980 0.875267 0.328431 0.865672 0.332516 0.855544 0.342320 0.852878 0.349673 0.852878 0.362745 0.857143 0.375000 0.861407 0.381536 0.867804 0.386438 0.875800 0.384804 0.886461 0.370098 0.892857 0.357026 0.896588 0.344771 0.896588 0.335784
0 0.877399 0.276961 0.873134 0.273693 0.868870 0.274510 0.863006 0.277778 0.851812 0.289216 0.849147 0.294935 0.849147 0.303105 0.853945 0.316176 0.858742 0.321078 0.869403 0.324346 0.880597 0.322712 0.882729 0.320261 0.884328 0.312908 0.883795 0.294935 0.881663 0.283497
0 0.847015 0.229575 0.837420 0.230392 0.827825 0.236111 0.825693 0.238562 0.823028 0.249183 0.823028 0.258170 0.825693 0.270425 0.831557 0.277778 0.839019 0.282680 0.843284 0.282680 0.849680 0.278595 0.853945 0.273693 0.858209 0.260621 0.858742 0.245915 0.857676 0.241830 0.853945 0.234477
0 0.839552 0.195261 0.835288 0.188725 0.830490 0.184641 0.824627 0.183007 0.817164 0.183824 0.812367 0.189542 0.805970 0.201797 0.803838 0.210784 0.803838 0.231209 0.809168 0.234477 0.825160 0.234477 0.837420 0.226307 0.842751 0.218954 0.843817 0.210784
0 0.849147 0.168301 0.845949 0.172386 0.842217 0.182190 0.841684 0.187092 0.847015 0.217320 0.851279 0.222222 0.859275 0.222222 0.867271 0.217320 0.873667 0.209967 0.875800 0.202614 0.875800 0.194444 0.873667 0.186275 0.867804 0.176471 0.863539 0.172386
0 0.893390 0.221405 0.886994 0.220588 0.881130 0.223039 0.869936 0.236111 0.864072 0.248366 0.864072 0.254902 0.866205 0.263072 0.884328 0.280229 0.888593 0.279412 0.894456 0.273693 0.898188 0.263889 0.900853 0.250817 0.900853 0.241830 0.896055 0.223856
0 0.921109 0.283497 0.915778 0.277778 0.904584 0.274510 0.897655 0.275327 0.891258 0.279412 0.886461 0.290850 0.886461 0.312092 0.887527 0.320261 0.890192 0.324346 0.896588 0.327614 0.912580 0.319444 0.923241 0.301471 0.923774 0.293301
0 0.810235 0.129902 0.807036 0.133987 0.803838 0.143791 0.803838 0.152778 0.807036 0.164216 0.811301 0.173203 0.817697 0.180556 0.828891 0.181373 0.831557 0.179739 0.836354 0.169118 0.839019 0.154412 0.839019 0.140523 0.836887 0.132353 0.829957 0.125000 0.817697 0.125817
0 0.828891 0.058824 0.823028 0.054739 0.813966 0.053105 0.806503 0.058007 0.799041 0.067810 0.799041 0.075163 0.801706 0.087418 0.800640 0.100490 0.804371 0.107843 0.813966 0.109477 0.820896 0.104575 0.826759 0.097222 0.831023 0.085784 0.832623 0.077614 0.832623 0.068627
0 0.840618 0.071078 0.837420 0.072712 0.833689 0.077614 0.827292 0.098039 0.827825 0.109477 0.829957 0.118464 0.835288 0.127451 0.840618 0.130719 0.845949 0.130719 0.852345 0.125000 0.859275 0.115196 0.862473 0.105392 0.863539 0.091503 0.861940 0.083333 0.857143 0.075980 0.850213 0.071078
0 0.806503 0.000000 0.806503 0.004085 0.813966 0.013072 0.818230 0.011438 0.827825 0.003268 0.827825 0.000000
0 0.832623 0.010621 0.825693 0.013889 0.819829 0.020425 0.816098 0.031863 0.816631 0.047386 0.818763 0.051471 0.826226 0.055556 0.833156 0.062092 0.838486 0.062908 0.845949 0.056373 0.850746 0.049020 0.853412 0.035131 0.853412 0.026144 0.851279 0.021242 0.842751 0.012255
0 0.837420 0.000000 0.838486 0.004902 0.856077 0.022876 0.861407 0.022876 0.868870 0.014706 0.870469 0.007353 0.870469 0.000000
0 0.860874 0.025327 0.856077 0.031863 0.853412 0.038399 0.852345 0.051471 0.854478 0.057190 0.859275 0.062908 0.870469 0.069444 0.877399 0.070261 0.884328 0.065359 0.888593 0.052288 0.888593 0.040850 0.885928 0.030229 0.881130 0.023693 0.877932 0.022059 0.867804 0.021242
0 0.876333 0.000000 0.876333 0.004085 0.878998 0.009804 0.883262 0.013889 0.892857 0.009804 0.898721 0.003268 0.898721 0.000000
0 0.904051 0.017157 0.896055 0.020425 0.893390 0.026144 0.891791 0.035948 0.891791 0.055556 0.898188 0.069444 0.905117 0.071895 0.908316 0.070261 0.916844 0.057190 0.922175 0.044118 0.922708 0.035948 0.921109 0.029412 0.916311 0.021242
0 0.897655 0.071078 0.891791 0.070261 0.883262 0.072712 0.875267 0.079248 0.870469 0.086601 0.869403 0.095588 0.872601 0.107843 0.883795 0.125817 0.893923 0.125817 0.905117 0.107026 0.905650 0.098039 0.901919 0.075980
0 0.857676 0.118464 0.849680 0.129902 0.846482 0.140523 0.846482 0.153595 0.849147 0.160131 0.856077 0.167484 0.866738 0.172386 0.876866 0.173203 0.881130 0.170752 0.884861 0.165850 0.885928 0.160131 0.885394 0.147059 0.881130 0.133987 0.873667 0.122549 0.866738 0.116013 0.860874 0.116013
0 0.889126 0.169935 0.881130 0.192810 0.880064 0.206699 0.881663 0.212418 0.888060 0.218954 0.895522 0.221405 0.900320 0.220588 0.910448 0.214869 0.914179 0.208333 0.914179 0.197712 0.908849 0.183007 0.907249 0.173203 0.904584 0.169935 0.897122 0.167484 0.891791 0.167484
0 0.906716 0.110294 0.894456 0.125817 0.889659 0.140523 0.889659 0.149510 0.893390 0.157680 0.900853 0.165850 0.905117 0.168301 0.910448 0.168301 0.917910 0.165033 0.924840 0.155229 0.926439 0.147876 0.926439 0.127451 0.924307 0.120915 0.921109 0.116830 0.912580 0.110294
0 0.909382 0.000000 0.910981 0.011438 0.918977 0.017974 0.925906 0.017974 0.932303 0.013889 0.935501 0.008987 0.936567 0.000000
0 0.961087 0.018791 0.954158 0.013072 0.949360 0.011438 0.939232 0.010621 0.936034 0.012255 0.927505 0.026961 0.926439 0.032680 0.927505 0.050654 0.933369 0.059641 0.939232 0.064542 0.944030 0.063725 0.956823 0.053922 0.961620 0.048203 0.965885 0.033497 0.965352 0.026961
0 0.919510 0.058007 0.909915 0.068627 0.906716 0.074346 0.906183 0.084967 0.907249 0.093954 0.911514 0.104575 0.918977 0.113562 0.923774 0.116013 0.931770 0.115196 0.937100 0.106209 0.938699 0.100490 0.940299 0.070261 0.937633 0.063725 0.930704 0.058824
0 0.939232 0.110294 0.930704 0.121732 0.928571 0.127451 0.925906 0.159314 0.929638 0.163399 0.934435 0.165033 0.947761 0.165033 0.952026 0.162582 0.956290 0.153595 0.954158 0.140523 0.953092 0.122549 0.948294 0.112745 0.944563 0.110294
0 0.973881 0.055556 0.969616 0.052288 0.959488 0.052288 0.946695 0.062092 0.942431 0.067810 0.941365 0.089052 0.943497 0.098039 0.947228 0.104575 0.952026 0.107026 0.959488 0.106209 0.970149 0.099673 0.978678 0.090686 0.980810 0.083333 0.980810 0.069444
0 0.924840 0.172386 0.922175 0.176471 0.920043 0.186275 0.921109 0.201797 0.928571 0.223039 0.931770 0.228758 0.939232 0.235294 0.942964 0.233660 0.952026 0.223039 0.956290 0.214869 0.958422 0.202614 0.957356 0.194444 0.949893 0.181373 0.942964 0.174020 0.938166 0.171569
0 0.907783 0.229575 0.902985 0.241830 0.902452 0.249183 0.903518 0.254902 0.913113 0.272876 0.919510 0.281046 0.923774 0.283497 0.927505 0.281863 0.938166 0.266340 0.941898 0.254902 0.941898 0.245098 0.940832 0.241830 0.930704 0.232026 0.922175 0.227941 0.910981 0.227124
0 0.956290 0.000000 0.956290 0.004085 0.958955 0.012255 0.969083 0.022876 0.978145 0.028595 0.985608 0.028595 0.988273 0.026961 0.996802 0.008987 0.997335 0.000000
0 0.994136 0.008987 0.988273 0.026961 0.991471 0.045752 0.997868 0.055556 1.000000 0.055556 1.000000 0.008987
0 0.986141 0.062092 0.982942 0.066993 0.981876 0.071895 0.981876 0.087418 0.985608 0.101307 0.989872 0.108660 0.993070 0.111111 1.000000 0.111111 1.000000 0.060458 0.989872 0.060458
0 0.990405 0.114379 0.985608 0.109477 0.978678 0.107026 0.965885 0.107843 0.961620 0.110294 0.956823 0.116830 0.955224 0.123366 0.955224 0.134804 0.957356 0.147059 0.964286 0.154412 0.978145 0.152778 0.987207 0.140523 0.991471 0.128268 0.992537 0.121732
0 0.997868 0.119281 0.992004 0.128268 0.988806 0.142974 0.989872 0.153595 0.991471 0.157680 0.997868 0.166667 1.000000 0.166667 1.000000 0.119281
0 0.962687 0.160131 0.960021 0.166667 0.958422 0.176471 0.961620 0.194444 0.966951 0.200980 0.978145 0.205882 0.982409 0.205882 0.988806 0.202614 0.992004 0.196078 0.995203 0.183824 0.994670 0.168301 0.989339 0.160131 0.985075 0.157680 0.966418 0.157680
0 0.997868 0.190359 0.988806 0.200980 0.987740 0.217320 0.992004 0.227941 0.995736 0.231209 1.000000 0.232026 1.000000 0.190359
0 1.000000 0.236928 0.992004 0.239379 0.985075 0.248366 0.979744 0.261438 0.979211 0.272876 0.980277 0.278595 0.986674 0.288399 0.990405 0.290033 1.000000 0.289216
0 0.971748 0.214052 0.966418 0.213235 0.957889 0.220588 0.944030 0.241830 0.942964 0.249183 0.945096 0.254902 0.954691 0.263889 0.971748 0.266340 0.975480 0.263889 0.981343 0.250817 0.981876 0.235294 0.978678 0.222222
0 0.951493 0.269608 0.947228 0.272059 0.938699 0.281863 0.936567 0.288399 0.936034 0.300654 0.950959 0.325980 0.959488 0.325980 0.966418 0.321078 0.974414 0.307190 0.976546 0.297386 0.976013 0.290033 0.972814 0.278595 0.966951 0.272059 0.961620 0.268791
0 0.912580 0.321078 0.912580 0.339869 0.915245 0.343954 0.931237 0.348039 0.938699 0.352124 0.943497 0.352124 0.949893 0.345588 0.952559 0.339052 0.951493 0.331699 0.948294 0.322712 0.937633 0.305556 0.934435 0.303105 0.924307 0.302288 0.922175 0.303922
0 0.896588 0.352941 0.894456 0.360294 0.893923 0.374183 0.900320 0.383987 0.914179 0.399510 0.922175 0.402778 0.931237 0.402778 0.936034 0.398693 0.938699 0.393791 0.942431 0.374183 0.942431 0.359477 0.940299 0.352941 0.932303 0.348039 0.920576 0.346405 0.914179 0.343137 0.904051 0.343954
0 0.955757 0.337418 0.954691 0.342320 0.955757 0.363562 0.958955 0.375000 0.963753 0.381536 0.971215 0.382353 0.987207 0.370098 0.992537 0.358660 0.992537 0.343954 0.990938 0.339052 0.987207 0.334967 0.973881 0.330882 0.962154 0.330882 0.958422 0.332516
0 0.997868 0.323529 0.992004 0.336601 0.991471 0.343137 0.993070 0.356209 0.997868 0.364379 1.000000 0.364379 1.000000 0.323529
0 0.974414 0.381536 0.972814 0.385621 0.972814 0.394608 0.975480 0.406046 0.987207 0.422386 0.994136 0.424020 1.000000 0.420752 1.000000 0.374183 0.988273 0.374183
0 0.972814 0.413399 0.964819 0.410948 0.957889 0.411765 0.950959 0.420752 0.948827 0.433007 0.950426 0.453431 0.954158 0.464869 0.958955 0.470588 0.970682 0.464869 0.980277 0.450980 0.982942 0.441993 0.983475 0.433824 0.980277 0.422386
0 0.927505 0.429739 0.921642 0.438725 0.917910 0.451797 0.917910 0.464052 0.920043 0.470588 0.923774 0.476307 0.932303 0.483660 0.937100 0.484477 0.945629 0.482026 0.948294 0.478758 0.949893 0.472222 0.949893 0.455065 0.948614 0.448366 0.947228 0.441993 0.946162 0.433824
0 0.907783 0.474673 0.904051 0.477124 0.889126 0.498366 0.886461 0.511438 0.886994 0.517974 0.888060 0.520425 0.899787 0.527778 0.916844 0.528595 0.921109 0.525327 0.924307 0.518791 0.924307 0.500817 0.918443 0.482026 0.912580 0.474673
0 0.997868 0.437908 0.987740 0.445261 0.985075 0.449346 0.982409 0.459150 0.982409 0.468954 0.985075 0.478758 0.989872 0.486111 0.994670 0.491013 1.000000 0.491830 1.000000 0.437908
0 0.972281 0.486928 0.967484 0.490196 0.960554 0.498366 0.961087 0.516340 0.966951 0.531863 0.972281 0.540033 0.978145 0.544935 0.983475 0.546569 0.987740 0.542484 0.995203 0.522059 0.996802 0.512255 0.996269 0.500817 0.994670 0.495098 0.990938 0.490196 0.981876 0.486111
0 0.973348 0.553105 0.966418 0.556373 0.962154 0.562092 0.958955 0.571078 0.958955 0.583333 0.962154 0.596405 0.966418 0.607843 0.969616 0.612745 0.973348 0.615196 0.980277 0.615196 0.986674 0.610294 0.989872 0.601307 0.992004 0.585784 0.992004 0.565359 0.990405 0.558824 0.987207 0.555556 0.980810 0.553105
0 0.948294 0.485294 0.934968 0.486111 0.931237 0.489379 0.925906 0.499183 0.925906 0.519608 0.928571 0.530229 0.933369 0.538399 0.938166 0.542484 0.941365 0.542484 0.951493 0.536765 0.956823 0.529412 0.959488 0.518791 0.958955 0.499183 0.955224 0.491013
0 0.997868 0.604575 0.993070 0.619281 0.993070 0.622549 0.995736 0.633170 0.997868 0.637255 1.000000 0.637255 1.000000 0.604575
0 0.980277 0.622549 0.973348 0.627451 0.967484 0.636438 0.963753 0.651961 0.963220 0.663399 0.965352 0.669935 0.971748 0.678105 0.980810 0.680556 0.988273 0.679739 0.993070 0.676471 0.998401 0.667484 1.000000 0.667484 1.000000 0.636438 0.998401 0.636438 0.996269 0.629902 0.990938 0.624183
0 0.938699 0.566176 0.928571 0.571895 0.922708 0.583333 0.922708 0.591503 0.925906 0.611111 0.928038 0.616830 0.934968 0.627451 0.939765 0.629902 0.948294 0.625000 0.954691 0.616830 0.960021 0.604575 0.960554 0.594771 0.957356 0.581699 0.954158 0.576797 0.943497 0.567810
0 0.925373 0.612745 0.918977 0.611928 0.910981 0.613562 0.904584 0.625817 0.904051 0.642157 0.905650 0.647876 0.906716 0.660948 0.908316 0.666667 0.912047 0.671569 0.918977 0.672386 0.926972 0.669118 0.933369 0.664216 0.939765 0.653595 0.939765 0.637255 0.937100 0.630719
0 0.954158 0.662582 0.949360 0.665850 0.942964 0.675654 0.939765 0.685458 0.939232 0.699346 0.942964 0.711601 0.952026 0.717320 0.956290 0.722222 0.960021 0.723039 0.972281 0.712418 0.975480 0.705065 0.976013 0.694444 0.971215 0.678922 0.962687 0.665850 0.960021 0.663399
0 0.996269 0.718137 0.989339 0.721405 0.981876 0.731209 0.979211 0.740196 0.978678 0.749183 0.981876 0.760621 0.988273 0.769608 0.994136 0.775327 1.000000 0.776961 1.000000 0.718137
0 0.974414 0.754085 0.968550 0.758987 0.964819 0.766340 0.962154 0.782680 0.962687 0.798203 0.965885 0.807190 0.971215 0.816176 0.989872 0.816993 0.997335 0.807190 0.997868 0.799020 0.997761 0.793301 0.997441 0.790686 0.997868 0.788399 0.996802 0.779412 0.986674 0.767974 0.978678 0.753268
0 0.976013 0.817810 0.966418 0.822712 0.962687 0.834150 0.961620 0.842320 0.957356 0.853758 0.959488 0.860294 0.966418 0.869281 0.974414 0.873366 0.979744 0.873366 0.987740 0.870098 0.994670 0.861111 0.995736 0.856209 0.995736 0.838235 0.993603 0.828431 0.989872 0.821895 0.983475 0.818627
0 0.993070 0.869281 0.982942 0.875817 0.977612 0.885621 0.975480 0.893791 0.975480 0.901144 0.978678 0.911765 0.982409 0.919118 0.994136 0.930556 1.000000 0.932190 1.000000 0.870098
0 0.963753 0.888889 0.955224 0.894608 0.946162 0.906863 0.943497 0.917484 0.944030 0.925654 0.946695 0.933824 0.957356 0.946078 0.963753 0.950163 0.974947 0.950163 0.978678 0.941176 0.980277 0.932190 0.979211 0.913399 0.972814 0.894608 0.968017 0.888889
0 0.949360 0.852941 0.942964 0.852124 0.931237 0.854575 0.926439 0.859477 0.923241 0.870915 0.922708 0.879085 0.925373 0.889706 0.930704 0.902778 0.934435 0.907680 0.944030 0.909314 0.946695 0.906863 0.948827 0.901144 0.953625 0.897059 0.958955 0.888889 0.958955 0.867647 0.957356 0.862745 0.952026 0.854575
0 0.936567 0.786765 0.926972 0.799020 0.923241 0.811275 0.922708 0.824346 0.927505 0.834150 0.934968 0.842320 0.946162 0.849673 0.955224 0.848856 0.959488 0.843137 0.963220 0.830065 0.962687 0.822712 0.959488 0.811275 0.948827 0.788399 0.943497 0.785131
0 0.934435 0.714052 0.930704 0.719771 0.929104 0.727124 0.931770 0.758170 0.936034 0.769608 0.940832 0.775327 0.950959 0.775327 0.955757 0.771242 0.964286 0.755719 0.965352 0.751634 0.964286 0.739379 0.955224 0.723039 0.947228 0.715686 0.940299 0.713235
0 0.997868 0.805556 0.990938 0.816176 0.990938 0.821895 0.994670 0.828431 0.996802 0.838235 1.000000 0.839869 1.000000 0.805556
0 0.904051 0.825163 0.889126 0.838235 0.888593 0.855392 0.890192 0.862745 0.899254 0.878268 0.905650 0.882353 0.913113 0.882353 0.922708 0.873366 0.925906 0.860294 0.925373 0.846405 0.922708 0.837418 0.916844 0.828431 0.912580 0.825980
0 0.923774 0.675654 0.910448 0.676471 0.903518 0.683007 0.901386 0.688725 0.902985 0.725490 0.907783 0.731209 0.915245 0.735294 0.924307 0.730392 0.930704 0.716503 0.933902 0.701797 0.933902 0.689542 0.932303 0.684641 0.929104 0.679739
0 0.895522 0.732843 0.888593 0.742647 0.886994 0.753268 0.888593 0.763889 0.897122 0.777778 0.904051 0.784314 0.916311 0.785948 0.922175 0.766340 0.922175 0.754902 0.920043 0.744281 0.915778 0.737745 0.904584 0.728758
0 0.900320 0.637255 0.893390 0.633170 0.888593 0.633987 0.877399 0.651144 0.872601 0.655229 0.869190 0.659150 0.869829 0.670588 0.872708 0.678431 0.879531 0.680556 0.883262 0.683007 0.894989 0.681373 0.901919 0.677288 0.905117 0.673203 0.906183 0.660131
0 0.897122 0.684641 0.890725 0.683824 0.883795 0.685458 0.879531 0.689542 0.871535 0.702614 0.869403 0.708333 0.868337 0.716503 0.874200 0.735294 0.883262 0.739379 0.889126 0.739379 0.899254 0.727941 0.901386 0.721405 0.901919 0.701797 0.899787 0.690359
0 0.860341 0.861928 0.856077 0.867647 0.851812 0.877451 0.850746 0.885621 0.852345 0.895425 0.855011 0.897059 0.862473 0.907680 0.872068 0.914216 0.881130 0.915033 0.888060 0.909314 0.891258 0.902778 0.892857 0.895425 0.892857 0.875817 0.890725 0.865196 0.885928 0.859477 0.881663 0.857843 0.871002 0.857843
0 0.872068 0.772876 0.865672 0.779412 0.860341 0.793301 0.859275 0.800654 0.863539 0.813725 0.872601 0.820261 0.881663 0.822712 0.889659 0.820261 0.893390 0.812908 0.897122 0.799837 0.896588 0.781046 0.892857 0.774510 0.886461 0.769608 0.880597 0.769608
0 0.858209 0.651961 0.852878 0.651961 0.845416 0.656863 0.839552 0.665033 0.835821 0.678105 0.836354 0.686275 0.841684 0.701797 0.845949 0.707516 0.854478 0.709150 0.860874 0.705882 0.867804 0.694444 0.871002 0.686275 0.871002 0.678105 0.867271 0.666667 0.867271 0.659314 0.865139 0.655229
0 0.861940 0.710784 0.857143 0.709967 0.850746 0.714052 0.844350 0.721405 0.840085 0.730392 0.838486 0.745915 0.845416 0.756536 0.849147 0.759804 0.862473 0.760621 0.868337 0.756536 0.873134 0.748366 0.873667 0.737745 0.871535 0.727124 0.868337 0.718137
0 0.861407 0.766340 0.852878 0.763889 0.845416 0.767157 0.840085 0.773693 0.835288 0.787582 0.834755 0.800654 0.839019 0.810458 0.847548 0.823529 0.851279 0.823529 0.860874 0.816176 0.861407 0.810458 0.858742 0.798203 0.866205 0.776961 0.866205 0.774510
0 0.818230 0.804739 0.813433 0.813725 0.812900 0.825163 0.813966 0.830065 0.829424 0.857026 0.833689 0.861928 0.837953 0.861928 0.845949 0.848856 0.847015 0.843137 0.846482 0.830065 0.843284 0.817810 0.834222 0.801471 0.829424 0.799837
0 0.821962 0.676471 0.813966 0.686275 0.809701 0.696078 0.808102 0.702614 0.808635 0.716503 0.811834 0.723856 0.816098 0.728758 0.829957 0.729575 0.835288 0.726307 0.840618 0.718954 0.842217 0.708333 0.835288 0.684641 0.827292 0.676471
0 0.817164 0.739379 0.814499 0.742647 0.814499 0.765523 0.809701 0.781046 0.808635 0.788399 0.818230 0.799020 0.824094 0.799837 0.831023 0.796569 0.834755 0.786765 0.837420 0.771242 0.837420 0.762255 0.834222 0.752451 0.829424 0.744281 0.822495 0.739379
0 0.802239 0.727941 0.792644 0.732026 0.785714 0.739379 0.781450 0.750817 0.781450 0.761438 0.785714 0.772059 0.794243 0.785131 0.798507 0.788399 0.804904 0.789216 0.809168 0.783497 0.812900 0.773693 0.814499 0.763889 0.814499 0.745098 0.813433 0.739379 0.809168 0.732026
0 0.783049 0.786765 0.778785 0.793301 0.775053 0.803922 0.775053 0.820261 0.779318 0.834967 0.783582 0.841503 0.788913 0.843954 0.801706 0.843954 0.805970 0.841503 0.812367 0.830882 0.812367 0.814542 0.807569 0.795752 0.803838 0.790033 0.792111 0.785948
0 0.472814 0.030229 0.469083 0.037582 0.468550 0.041667 0.469083 0.053922 0.472814 0.063725 0.480277 0.071895 0.493070 0.079248 0.500000 0.077614 0.505330 0.070261 0.510128 0.057190 0.510661 0.040850 0.507996 0.032680 0.498934 0.026144 0.483475 0.023693
0 0.158316 0.815359 0.154051 0.815359 0.146588 0.821078 0.140192 0.833333 0.137527 0.847222 0.137527 0.862745 0.139126 0.870098 0.149254 0.883170 0.154051 0.884804 0.158849 0.882353 0.164712 0.874183 0.170043 0.860294 0.176972 0.848856 0.178038 0.843137 0.176439 0.834150 0.166844 0.820261
0 0.158316 0.763889 0.149787 0.763072 0.138060 0.772876 0.132729 0.781046 0.127399 0.797386 0.127932 0.805556 0.130597 0.810458 0.138060 0.816176 0.147655 0.818627 0.158316 0.813725 0.164179 0.804739 0.166844 0.792484 0.166311 0.779412 0.163113 0.769608
0 0.195629 0.846405 0.184968 0.845588 0.178038 0.848856 0.170043 0.861111 0.166311 0.870915 0.169510 0.889706 0.181237 0.906863 0.196695 0.896242 0.200959 0.889706 0.203625 0.881536 0.204691 0.869281 0.199893 0.861111 0.197761 0.849673
0 0.181770 0.773693 0.176439 0.774510 0.170043 0.781046 0.164179 0.808824 0.164179 0.813725 0.172708 0.828431 0.176972 0.832516 0.185501 0.831699 0.194563 0.824346 0.202026 0.812092 0.203092 0.806373 0.203092 0.794935 0.201493 0.789216 0.197761 0.785131 0.189765 0.783497
0 0.188699 0.727941 0.185501 0.732843 0.181770 0.750817 0.182303 0.772059 0.184435 0.776961 0.189232 0.781863 0.198294 0.782680 0.208422 0.773693 0.215885 0.761438 0.218550 0.751634 0.218017 0.739379 0.213753 0.732026 0.200426 0.732843
0 0.206823 0.810458 0.202559 0.813725 0.196695 0.823529 0.197228 0.843954 0.200426 0.858660 0.204158 0.866013 0.207356 0.869281 0.213220 0.870098 0.224947 0.858660 0.229744 0.851307 0.231343 0.846405 0.231876 0.832516 0.229211 0.821895 0.217484 0.816993 0.212687 0.811275
0 0.308635 0.204248 0.302239 0.201797 0.293710 0.210784 0.278785 0.211601 0.275053 0.215686 0.270789 0.232026 0.271855 0.236928 0.280384 0.254085 0.299041 0.258987 0.306503 0.250817 0.308635 0.239379 0.313966 0.225490 0.313433 0.212418
0 0.231343 0.851307 0.227079 0.855392 0.219616 0.868464 0.216418 0.878268 0.215885 0.889706 0.217484 0.896242 0.227079 0.914216 0.231876 0.919118 0.240405 0.919935 0.247868 0.914216 0.253198 0.892974 0.253198 0.887255 0.250533 0.870098 0.246802 0.859477 0.242004 0.852941
0 0.276119 0.844771 0.270789 0.844771 0.262260 0.848856 0.258529 0.852941 0.255864 0.861111 0.253731 0.875000 0.253731 0.892974 0.256930 0.901961 0.259595 0.904412 0.269190 0.904412 0.275586 0.901961 0.281983 0.896242 0.288380 0.884804 0.288913 0.870915
0 0.270256 0.812908 0.268124 0.809641 0.260661 0.808824 0.252132 0.801471 0.247868 0.799837 0.235075 0.817810 0.232942 0.828431 0.232409 0.847222 0.234542 0.849673 0.245736 0.852941 0.251066 0.850490 0.257463 0.851307 0.267058 0.843137 0.271855 0.837418 0.272921 0.832516 0.272921 0.822712
0 0.245203 0.775327 0.237207 0.767974 0.228678 0.764706 0.215885 0.769608 0.210554 0.777778 0.206823 0.787582 0.207889 0.804739 0.220682 0.817810 0.229744 0.818627 0.235075 0.812092 0.237740 0.803922 0.240405 0.801471 0.245736 0.781863
0 0.279851 0.749183 0.276119 0.747549 0.267058 0.749183 0.253198 0.766340 0.248401 0.775327 0.246802 0.785131 0.248401 0.794935 0.251066 0.799837 0.259595 0.807190 0.270256 0.808824 0.277186 0.803922 0.281450 0.797386 0.285714 0.786765 0.287846 0.767974 0.285181 0.755719
0 0.257996 0.703431 0.252132 0.698529 0.243603 0.696895 0.238273 0.699346 0.230277 0.709967 0.223348 0.730392 0.220682 0.745098 0.221215 0.752451 0.224414 0.760621 0.231876 0.765523 0.240938 0.765523 0.257996 0.747549 0.264392 0.736111 0.265991 0.730392 0.265991 0.719771 0.263859 0.713235
0 0.228145 0.691176 0.222281 0.681373 0.219616 0.679739 0.202026 0.682190 0.195096 0.690359 0.189232 0.700980 0.186567 0.709150 0.187100 0.719771 0.191365 0.727941 0.203092 0.732026 0.214819 0.730392 0.227079 0.715686 0.226546 0.709967 0.229744 0.705882
0 0.217484 0.626634 0.212687 0.625817 0.203625 0.629085 0.191898 0.642974 0.189765 0.651961 0.189765 0.661765 0.196162 0.674837 0.204691 0.680556 0.220682 0.679739 0.227612 0.663399 0.227612 0.656046 0.223881 0.644608 0.223348 0.632353
0 0.170576 0.590686 0.163113 0.591503 0.157783 0.595588 0.148188 0.614379 0.148188 0.636438 0.151919 0.644608 0.159382 0.651144 0.167377 0.651961 0.172175 0.649510 0.178038 0.642974 0.182303 0.631536 0.183369 0.623366 0.182836 0.608660 0.177505 0.595588
0 0.256397 0.612745 0.252132 0.612745 0.247868 0.610294 0.239339 0.612745 0.228678 0.625000 0.225480 0.631536 0.223881 0.638072 0.224414 0.647876 0.228145 0.657680 0.236141 0.667484 0.239872 0.669118 0.248401 0.668301 0.256397 0.658497 0.261194 0.639706 0.260128 0.627451
0 0.293177 0.649510 0.283049 0.639706 0.269723 0.642974 0.261727 0.651961 0.257996 0.661765 0.257996 0.674837 0.263859 0.691993 0.267058 0.694444 0.284115 0.693627 0.288913 0.690359 0.295309 0.680556 0.297441 0.669935 0.297441 0.661765
0 0.277186 0.583333 0.270789 0.583333 0.264925 0.587418 0.259062 0.607026 0.259595 0.620098 0.262793 0.632353 0.270789 0.641340 0.280384 0.638072 0.287313 0.633170 0.292111 0.625817 0.295842 0.616013 0.295842 0.607843 0.292644 0.599673 0.283049 0.587418
0 0.438166 0.873366 0.432836 0.872549 0.423774 0.877451 0.416311 0.889706 0.413113 0.898693 0.411514 0.907680 0.411514 0.920752 0.414179 0.928105 0.420043 0.934641 0.427505 0.937092 0.439765 0.936275 0.445629 0.929739 0.449360 0.921569 0.450426 0.914216 0.449893 0.908497 0.446162 0.902778 0.444563 0.896242 0.444563 0.888072 0.440299 0.875817
0 0.419510 0.851307 0.410981 0.848039 0.404051 0.848856 0.396055 0.858660 0.392857 0.859477 0.384328 0.866830 0.383262 0.889706 0.386994 0.901961 0.390725 0.907680 0.394989 0.910131 0.403518 0.908497 0.413113 0.898693 0.415778 0.892157 0.420043 0.886438 0.423774 0.877451 0.424840 0.867647 0.423774 0.861111
0 0.474414 0.852941 0.470682 0.850490 0.463220 0.850490 0.458422 0.852941 0.442431 0.872549 0.441898 0.879085 0.444563 0.889706 0.444563 0.897876 0.447761 0.906046 0.456290 0.910131 0.467484 0.910131 0.474947 0.906863 0.479744 0.900327 0.483475 0.888889 0.484009 0.875817 0.478678 0.858660
0 0.392857 0.810458 0.386994 0.809641 0.383262 0.812092 0.374200 0.829248 0.368870 0.848856 0.369936 0.861111 0.372068 0.866830 0.376866 0.870098 0.382729 0.870915 0.406716 0.849673 0.407783 0.838235 0.405650 0.827614 0.399787 0.816993
0 0.441365 0.818627 0.426439 0.825163 0.419510 0.834150 0.418977 0.845588 0.421109 0.854575 0.425906 0.863562 0.432303 0.870098 0.443497 0.870915 0.450959 0.861111 0.453625 0.853758 0.454691 0.843137 0.453625 0.828431 0.447761 0.820261
0 0.511727 0.815359 0.507996 0.816176 0.500000 0.825980 0.493603 0.839869 0.489339 0.857026 0.489872 0.868464 0.492537 0.873366 0.497868 0.877451 0.506930 0.879085 0.509595 0.876634 0.511194 0.870915 0.511194 0.837418 0.512793 0.830065 0.515991 0.823529 0.514925 0.817810
0 0.396588 0.732843 0.392324 0.732843 0.385394 0.743464 0.376866 0.770425 0.375800 0.781863 0.377399 0.789216 0.380597 0.794118 0.385928 0.797386 0.391791 0.798203 0.402985 0.795752 0.410981 0.786765 0.414179 0.776144 0.413646 0.763072 0.410448 0.751634 0.404051 0.740196
0 0.439765 0.770425 0.434435 0.769608 0.417377 0.774510 0.412580 0.781046 0.410448 0.786765 0.412047 0.803105 0.417910 0.815359 0.423241 0.821895 0.429638 0.823529 0.438699 0.817810 0.444030 0.809641 0.447761 0.799837 0.447761 0.781046
0 0.357143 0.763072 0.351279 0.761438 0.343284 0.762255 0.337953 0.765523 0.333689 0.771242 0.329957 0.781046 0.328891 0.787582 0.329424 0.799837 0.333689 0.809641 0.340618 0.814542 0.351812 0.814542 0.358742 0.810458 0.366738 0.799020 0.369936 0.790033 0.369403 0.782680 0.365672 0.772059 0.362473 0.767157
0 0.365139 0.693627 0.361407 0.697712 0.353412 0.714052 0.352345 0.720588 0.352878 0.727941 0.357143 0.739379 0.364072 0.751634 0.368870 0.754085 0.376333 0.752451 0.382196 0.746732 0.392857 0.727941 0.392857 0.713235 0.388593 0.705065 0.374733 0.694444
0 0.325693 0.678105 0.313433 0.686275 0.312367 0.690359 0.312900 0.699346 0.318230 0.723039 0.320896 0.729575 0.326226 0.737745 0.329424 0.740196 0.334222 0.740196 0.343817 0.729575 0.348081 0.721405 0.351279 0.709150 0.351279 0.700163 0.349680 0.692810 0.348081 0.691176 0.336354 0.687908
0 0.343284 0.622549 0.336887 0.632353 0.332090 0.634804 0.327825 0.640523 0.325693 0.650327 0.325693 0.670752 0.327292 0.678922 0.335288 0.687092 0.350213 0.688725 0.359275 0.682190 0.364072 0.676471 0.366205 0.668301 0.366205 0.657680 0.365139 0.651961 0.355011 0.629902 0.350213 0.624183
0 0.338486 0.599673 0.335821 0.595588 0.326759 0.589052 0.317697 0.589052 0.310768 0.595588 0.306503 0.604575 0.302239 0.618464 0.302772 0.630719 0.306503 0.642974 0.310235 0.644608 0.327292 0.638072 0.335821 0.632353 0.337953 0.626634 0.342751 0.620098 0.342217 0.609477
0 0.409382 0.647876 0.399254 0.642974 0.390725 0.642974 0.378998 0.648693 0.375800 0.653595 0.373134 0.665850 0.373134 0.678105 0.377932 0.692810 0.384861 0.699346 0.390192 0.700163 0.393923 0.698529 0.400853 0.691176 0.408316 0.679739 0.409382 0.675654 0.410448 0.649510
0 0.372068 0.598039 0.364072 0.603758 0.359808 0.611111 0.357676 0.619281 0.358209 0.632353 0.365139 0.647059 0.377399 0.647876 0.385928 0.642974 0.391791 0.633170 0.391258 0.612745 0.385928 0.603758 0.376866 0.598039
0 0.412047 0.649510 0.409915 0.661765 0.409915 0.679739 0.411514 0.684641 0.415778 0.690359 0.425373 0.691993 0.434968 0.688725 0.445629 0.682190 0.449360 0.674020 0.449893 0.667484 0.448294 0.660948 0.443497 0.651961 0.437100 0.646242 0.430171 0.642974 0.422708 0.642157 0.419510 0.642974
0 0.463220 0.652778 0.458422 0.654412 0.453092 0.661765 0.449893 0.674837 0.447228 0.679739 0.445629 0.689542 0.446695 0.700980 0.449360 0.705065 0.457356 0.709150 0.464286 0.708333 0.473348 0.704248 0.476546 0.700163 0.481343 0.687092 0.481343 0.678922 0.471748 0.660131 0.468017 0.655229
0 0.484009 0.689542 0.478678 0.693627 0.476013 0.699346 0.473881 0.710784 0.474414 0.730392 0.478145 0.739379 0.481343 0.741830 0.496802 0.743464 0.506930 0.727941 0.505330 0.706699 0.496269 0.691176 0.494136 0.689542
0 0.550640 0.799020 0.545309 0.796569 0.536780 0.797386 0.521855 0.805556 0.519190 0.809641 0.515991 0.821078 0.515991 0.825163 0.520256 0.840686 0.525053 0.848039 0.529318 0.850490 0.539979 0.848856 0.544776 0.843954 0.553305 0.830065 0.557036 0.821078 0.557036 0.810458
0 0.546375 0.769608 0.537846 0.762255 0.522388 0.764706 0.515991 0.769608 0.513326 0.774510 0.513326 0.793301 0.517591 0.801471 0.521322 0.804739 0.541045 0.795752 0.546375 0.789216 0.548507 0.781863 0.548507 0.775327
0 0.533582 0.717320 0.528252 0.714052 0.521322 0.714869 0.513326 0.723039 0.497868 0.744281 0.496802 0.747549 0.496802 0.758170 0.500533 0.769608 0.504264 0.772059 0.512260 0.772876 0.521855 0.763072 0.528785 0.759804 0.535181 0.759804 0.541578 0.754085 0.543177 0.749183 0.543177 0.742647
0 0.178571 0.522876 0.172708 0.522059 0.166311 0.526144 0.157783 0.539216 0.151919 0.551471 0.149787 0.558824 0.149254 0.566176 0.151386 0.574346 0.156716 0.581699 0.165778 0.586601 0.173774 0.585784 0.178571 0.583333 0.187100 0.570261 0.189232 0.562092 0.189232 0.554739 0.186034 0.540033 0.186034 0.529412
0 0.194030 0.571895 0.190299 0.577614 0.186567 0.589052 0.184968 0.608660 0.187633 0.616013 0.190832 0.620098 0.200959 0.626634 0.210021 0.625817 0.214819 0.623366 0.220149 0.614379 0.222281 0.601307 0.220149 0.598039 0.213220 0.573529 0.207356 0.568627 0.200426 0.568627
0 0.232409 0.549020 0.223881 0.553105 0.218017 0.563725 0.217484 0.583333 0.220149 0.593137 0.224414 0.599673 0.228678 0.602941 0.238273 0.606209 0.244136 0.603758 0.248934 0.598039 0.252132 0.590686 0.253198 0.575980 0.251599 0.571078 0.250533 0.559641 0.246802 0.553105 0.240405 0.549837
0 0.188699 0.529412 0.186567 0.535131 0.187100 0.542484 0.189765 0.555556 0.193497 0.560458 0.204158 0.563725 0.213753 0.562908 0.217484 0.560458 0.223348 0.548203 0.222814 0.541667 0.217484 0.531046 0.217484 0.521242 0.214286 0.516340 0.203625 0.514706 0.198294 0.517974
0 0.198827 0.463235 0.191898 0.463235 0.178571 0.468954 0.172708 0.475490 0.172175 0.482843 0.167910 0.487745 0.167910 0.494281 0.172708 0.505719 0.177505 0.512255 0.185501 0.516340 0.194030 0.517974 0.202026 0.513889 0.205224 0.509804 0.206290 0.493464 0.202026 0.484477 0.201493 0.467320
0 0.172175 0.373366 0.165778 0.370098 0.156716 0.370915 0.150853 0.373366 0.146588 0.379085 0.140725 0.395425 0.140192 0.406046 0.142324 0.415033 0.150320 0.422386 0.157783 0.424020 0.165245 0.423203 0.172175 0.419118 0.178038 0.409314 0.180171 0.395425 0.178571 0.383987
0 0.183902 0.412582 0.177505 0.416667 0.172708 0.422386 0.169510 0.431373 0.167910 0.441993 0.169510 0.458333 0.172175 0.462418 0.181770 0.465686 0.193497 0.461601 0.201493 0.451797 0.204691 0.445261 0.205224 0.435458 0.202026 0.424837 0.194563 0.419935 0.189765 0.413399
0 0.240938 0.451797 0.237207 0.447712 0.227878 0.444036 0.220682 0.443627 0.210554 0.446078 0.204158 0.455065 0.201493 0.464052 0.204691 0.488562 0.208422 0.495098 0.219083 0.495915 0.225480 0.493464 0.230277 0.488562 0.232942 0.482026 0.234542 0.473039 0.243070 0.458333
0 0.234009 0.485294 0.226013 0.495098 0.218550 0.517157 0.218550 0.526144 0.219616 0.533497 0.224414 0.542484 0.231343 0.545752 0.237207 0.545752 0.245203 0.542484 0.252132 0.535948 0.254264 0.530637 0.256397 0.526961 0.256397 0.510621 0.255330 0.506536 0.246802 0.495098 0.238273 0.486111
0 0.240938 0.462418 0.234009 0.475490 0.235075 0.484477 0.239339 0.487745 0.243070 0.493464 0.250533 0.501634 0.255864 0.504902 0.264392 0.504902 0.267591 0.502451 0.271322 0.495915 0.273454 0.488562 0.273454 0.477941 0.270789 0.465686 0.259595 0.460784 0.252665 0.455065 0.245736 0.457516
0 0.271855 0.528595 0.258529 0.529412 0.254797 0.533497 0.251066 0.541667 0.250533 0.554739 0.255864 0.581699 0.264925 0.584150 0.272388 0.580882 0.282516 0.570261 0.287313 0.561275 0.287313 0.549837 0.283582 0.549020 0.279851 0.544935
0 0.316098 0.511438 0.310235 0.504085 0.307036 0.496732 0.283049 0.501634 0.278785 0.504085 0.274520 0.511438 0.273987 0.530229 0.277186 0.539216 0.283049 0.546569 0.286780 0.549020 0.297974 0.548203 0.304904 0.543301 0.312900 0.531863 0.315565 0.522876
0 0.295309 0.438725 0.289979 0.439542 0.284115 0.444444 0.277719 0.457516 0.277186 0.476307 0.278252 0.488562 0.280917 0.495098 0.286780 0.499183 0.291311 0.499592 0.296908 0.498529 0.300107 0.496732 0.302772 0.493464 0.311301 0.483660 0.313433 0.473039 0.313433 0.463235 0.310768 0.452614 0.306503 0.447712 0.299041 0.444444
0 0.261727 0.408497 0.255864 0.413399 0.252665 0.420752 0.251066 0.429739 0.251599 0.445261 0.253198 0.452614 0.255330 0.455882 0.265991 0.463235 0.270789 0.463235 0.281983 0.446895 0.284648 0.440359 0.287846 0.435049 0.287846 0.427696 0.285714 0.420752 0.283049 0.414216
0 0.216418 0.410131 0.212687 0.421569 0.212687 0.427288 0.223881 0.442810 0.237207 0.446078 0.244136 0.443627 0.250000 0.437092 0.251599 0.414216 0.250533 0.410131 0.244670 0.400327 0.240405 0.397059 0.230810 0.397059 0.221748 0.403595
0 0.193497 0.359477 0.184968 0.368464 0.183902 0.379085 0.184435 0.392157 0.188166 0.408497 0.190832 0.413399 0.196695 0.419935 0.202559 0.421569 0.209488 0.416667 0.213220 0.410131 0.218017 0.406046 0.220149 0.398693 0.220149 0.391340 0.217751 0.382353 0.215885 0.373366 0.211620 0.365196 0.197761 0.358660
0 0.143390 0.296569 0.142324 0.314542 0.144456 0.321078 0.148721 0.325980 0.154584 0.329248 0.170576 0.330882 0.178038 0.328431 0.186034 0.321078 0.188166 0.315359 0.187633 0.302288 0.185501 0.296569 0.178571 0.285948 0.166844 0.275327 0.154051 0.275327 0.147655 0.284314
0 0.204691 0.303922 0.198294 0.308007 0.191898 0.318627 0.189232 0.325980 0.189232 0.339052 0.192964 0.351307 0.197228 0.357026 0.202026 0.359477 0.210554 0.360294 0.216418 0.357026 0.226013 0.343137 0.227079 0.339052 0.227079 0.318627 0.219616 0.307190
0 0.215352 0.363562 0.215352 0.368464 0.219083 0.386438 0.223348 0.392157 0.227079 0.393791 0.239872 0.392974 0.246802 0.388072 0.253198 0.379902 0.257996 0.369281 0.256397 0.359477 0.252132 0.355392 0.244670 0.352533 0.229211 0.346405 0.226013 0.347222 0.220149 0.352941
0 0.259062 0.367647 0.254797 0.380719 0.254797 0.390523 0.255864 0.396242 0.260128 0.402778 0.274520 0.410131 0.283049 0.410131 0.291045 0.401961 0.294776 0.387255 0.294243 0.379085 0.291578 0.370098 0.285714 0.361111 0.281450 0.358660 0.274520 0.357843 0.263326 0.363562
0 0.257996 0.294935 0.239872 0.294935 0.236141 0.297386 0.231343 0.303922 0.228145 0.315359 0.228678 0.340686 0.230810 0.344771 0.237740 0.349673 0.245736 0.350490 0.255864 0.343954 0.261194 0.336601 0.265991 0.326797 0.268657 0.314542 0.268657 0.307190 0.265458 0.300654
0 0.194030 0.263889 0.193497 0.278595 0.195629 0.290033 0.201493 0.298203 0.207356 0.300654 0.215352 0.300654 0.227079 0.294935 0.231876 0.290850 0.233475 0.285948 0.233475 0.262255 0.228145 0.254902 0.218017 0.252451 0.204158 0.252451 0.200959 0.254085
0 0.168443 0.218137 0.164712 0.229575 0.165778 0.241830 0.173241 0.256536 0.181770 0.267157 0.184968 0.268791 0.192431 0.267157 0.196695 0.257353 0.203092 0.249183 0.204691 0.242647 0.204691 0.230392 0.202559 0.223856 0.197761 0.218137 0.187100 0.214052 0.175373 0.214052
0 0.264392 0.234477 0.257996 0.232843 0.247868 0.235294 0.239872 0.247549 0.235608 0.258170 0.235608 0.269608 0.238273 0.281863 0.247868 0.292484 0.255330 0.290850 0.269190 0.278595 0.275586 0.265523 0.276652 0.254085 0.275053 0.248366 0.267591 0.236928
0 0.237207 0.196895 0.232409 0.193627 0.224414 0.196078 0.216418 0.208333 0.209488 0.229575 0.211087 0.238562 0.215352 0.246732 0.220682 0.249183 0.232942 0.249183 0.239872 0.244281 0.244136 0.238562 0.246269 0.231209 0.246269 0.224673 0.242537 0.206699
0 0.199360 0.159314 0.191365 0.155229 0.184435 0.155229 0.175373 0.158497 0.168443 0.164216 0.165778 0.169118 0.163646 0.179739 0.164712 0.195261 0.168443 0.203431 0.174840 0.209967 0.180704 0.211601 0.186567 0.210784 0.193497 0.205065 0.198294 0.196078 0.200959 0.183824 0.200959 0.163399
0 0.158316 0.092320 0.154051 0.100490 0.151919 0.109477 0.152452 0.123366 0.157249 0.135621 0.162047 0.141340 0.169510 0.143791 0.182303 0.142974 0.190299 0.135621 0.193497 0.129085 0.193497 0.121732 0.188166 0.112745 0.185501 0.098039 0.182303 0.092320 0.172708 0.085784 0.165245 0.086601
0 0.181770 0.030229 0.174307 0.027778 0.165778 0.028595 0.160448 0.031863 0.154051 0.040033 0.152985 0.044118 0.153518 0.063725 0.157783 0.075163 0.162047 0.080065 0.167377 0.083333 0.181770 0.080882 0.186567 0.076797 0.189765 0.070261 0.191365 0.062092 0.190832 0.049020 0.187100 0.035948
0 0.146588 0.000000 0.147122 0.010621 0.149787 0.018791 0.154051 0.025327 0.158849 0.027778 0.178571 0.024510 0.184968 0.015523 0.186567 0.009804 0.186034 0.000000
0 0.200426 0.007353 0.192964 0.011438 0.188699 0.019608 0.188699 0.035131 0.194030 0.051471 0.201493 0.062092 0.205224 0.064542 0.219083 0.049837 0.222281 0.039216 0.222814 0.025327 0.221215 0.017157 0.216951 0.011438 0.209488 0.007353
0 0.191365 0.080065 0.187100 0.092320 0.187100 0.104575 0.191365 0.116013 0.196162 0.120915 0.199893 0.122549 0.211620 0.122549 0.220149 0.120098 0.229211 0.106209 0.229211 0.098856 0.226013 0.082516 0.216418 0.071895 0.207889 0.069444 0.202026 0.070261
0 0.232942 0.125817 0.229744 0.124183 0.221215 0.124183 0.216418 0.126634 0.212154 0.133170 0.209488 0.140523 0.207356 0.155229 0.207889 0.172386 0.216418 0.185458 0.224947 0.184641 0.235075 0.176471 0.244670 0.161765 0.246269 0.156863 0.246802 0.148693 0.245203 0.141340 0.239872 0.132353
0 0.228678 0.000000 0.228678 0.008987 0.231876 0.018791 0.234009 0.021242 0.243070 0.024510 0.255864 0.025327 0.260128 0.023693 0.265458 0.017974 0.267591 0.011438 0.267591 0.000000
0 0.251599 0.031046 0.243070 0.050654 0.242537 0.059641 0.244136 0.073529 0.250533 0.093137 0.255864 0.101307 0.263326 0.103758 0.268124 0.102941 0.278785 0.093954 0.281983 0.089052 0.284648 0.081699 0.284648 0.066176 0.276652 0.048203 0.269723 0.038399 0.262260 0.031863
0 0.264392 0.162582 0.254797 0.164216 0.247868 0.168301 0.243603 0.176471 0.242537 0.181373 0.242004 0.200980 0.245469 0.216095 0.248401 0.224673 0.252665 0.228758 0.261727 0.228758 0.268124 0.226307 0.271855 0.221405 0.274520 0.212418 0.274520 0.203431 0.271322 0.182190 0.272122 0.163807
0 0.281450 0.102941 0.273454 0.102124 0.267591 0.104575 0.263326 0.108660 0.258529 0.116830 0.255330 0.127451 0.255330 0.138072 0.260661 0.152778 0.270789 0.157680 0.276119 0.157680 0.286780 0.152778 0.291578 0.144608 0.294776 0.129085 0.294776 0.122549 0.291045 0.112745
0 0.294776 0.155229 0.288380 0.154412 0.277719 0.160948 0.272921 0.168301 0.270789 0.174837 0.270789 0.185458 0.273454 0.198529 0.277186 0.207516 0.280917 0.211601 0.284115 0.212418 0.295309 0.209967 0.304371 0.200980 0.308102 0.191993 0.308102 0.177288 0.305970 0.168301 0.302239 0.161765
0 0.290512 0.008170 0.284115 0.014706 0.279318 0.026961 0.278252 0.040850 0.280384 0.051471 0.285714 0.058824 0.297441 0.064542 0.307036 0.063725 0.318763 0.052288 0.319829 0.041667 0.314499 0.020425 0.310768 0.014706 0.303305 0.008170 0.299041 0.006536
0 0.298507 0.260621 0.286780 0.256536 0.280917 0.258170 0.277719 0.262255 0.271322 0.276961 0.269723 0.284314 0.269190 0.296569 0.273454 0.306373 0.279318 0.309641 0.292111 0.308824 0.299041 0.303922 0.302772 0.295752 0.304371 0.277778
0 0.284115 0.310458 0.271322 0.326797 0.269190 0.334150 0.269723 0.343137 0.272388 0.348856 0.279851 0.357026 0.289979 0.358660 0.297974 0.356209 0.302772 0.348039 0.302772 0.337418 0.306503 0.326797 0.305437 0.319444 0.299574 0.309641
0 0.334222 0.000000 0.334222 0.002451 0.329424 0.007353 0.323561 0.020425 0.323028 0.031863 0.324094 0.039216 0.326759 0.045752 0.333156 0.050654 0.341684 0.053922 0.349680 0.053105 0.355544 0.047386 0.358742 0.040850 0.359275 0.026961 0.357143 0.015523 0.349680 0.002451 0.349680 0.000000
0 0.327825 0.066176 0.321962 0.063725 0.312900 0.068627 0.300640 0.090686 0.297974 0.098039 0.297441 0.106209 0.297974 0.111111 0.302772 0.123366 0.315565 0.123366 0.327825 0.110294 0.337953 0.102124 0.339019 0.091503 0.336887 0.080882
0 0.333689 0.106209 0.327825 0.110294 0.324467 0.114951 0.322495 0.116830 0.319829 0.120098 0.319296 0.135621 0.324094 0.158497 0.329957 0.165850 0.338486 0.169118 0.345949 0.166667 0.353945 0.156863 0.356610 0.147059 0.357143 0.133987 0.356077 0.128268 0.349680 0.116013 0.347441 0.111029 0.345416 0.109477 0.342217 0.107026
0 0.315032 0.156046 0.312900 0.158497 0.308635 0.169935 0.309701 0.191993 0.313433 0.208333 0.317697 0.215686 0.320362 0.217320 0.329424 0.215686 0.336354 0.210784 0.339552 0.205065 0.339552 0.188725 0.337420 0.175654 0.333156 0.169935 0.326759 0.165033 0.321962 0.156046
0 0.349147 0.082516 0.345416 0.086601 0.343817 0.092320 0.344350 0.102941 0.348614 0.112745 0.355011 0.121732 0.357676 0.129085 0.363539 0.135621 0.368870 0.135621 0.374200 0.130719 0.383262 0.098856 0.381663 0.085784 0.378465 0.080882 0.372601 0.077614 0.359808 0.077614
0 0.368337 0.000000 0.367804 0.010621 0.368870 0.015523 0.372601 0.022059 0.378465 0.027778 0.387527 0.031046 0.392857 0.031046 0.399254 0.026144 0.400320 0.022876 0.400853 0.000000
0 0.404584 0.000000 0.404584 0.002451 0.401386 0.008170 0.401386 0.021242 0.402452 0.027778 0.406183 0.034314 0.412047 0.040850 0.420043 0.046569 0.428038 0.044935 0.432836 0.038399 0.439765 0.017974 0.440299 0.006536 0.438699 0.000000
0 0.410981 0.061275 0.404051 0.065359 0.396055 0.075163 0.394456 0.079248 0.393923 0.090686 0.394989 0.098856 0.405117 0.113562 0.407249 0.115196 0.416311 0.115196 0.428038 0.107843 0.431237 0.094771 0.431237 0.084967 0.428038 0.071895 0.423774 0.064542 0.420043 0.061275
0 0.388060 0.100490 0.383262 0.105392 0.380064 0.115196 0.378465 0.124183 0.377399 0.156046 0.378465 0.163399 0.382729 0.173203 0.392857 0.174837 0.406183 0.167484 0.409915 0.160131 0.409915 0.151961 0.402985 0.112745 0.395522 0.102124
0 0.350746 0.165033 0.343817 0.169935 0.341151 0.174837 0.341151 0.203431 0.343284 0.210784 0.351279 0.223039 0.353412 0.224673 0.359275 0.224673 0.367271 0.218954 0.369936 0.214052 0.371535 0.206699 0.377399 0.194444 0.378465 0.180556 0.376333 0.174020 0.369403 0.166667 0.361940 0.164216
0 0.350213 0.227124 0.342751 0.216503 0.339019 0.214869 0.333156 0.215686 0.326226 0.219771 0.318763 0.226307 0.309701 0.238562 0.308102 0.246732 0.308635 0.254902 0.312900 0.263072 0.317697 0.267157 0.329424 0.269608 0.341684 0.269608 0.348614 0.263072 0.350746 0.258170 0.352878 0.240196
0 0.304904 0.280229 0.303838 0.285131 0.304904 0.303922 0.311834 0.316176 0.316631 0.319444 0.328891 0.320261 0.339019 0.314542 0.342751 0.308007 0.344350 0.296569 0.347015 0.289216 0.346482 0.282680 0.342217 0.275327 0.331023 0.270425 0.313966 0.268791 0.310768 0.271242
0 0.312367 0.325980 0.305970 0.332516 0.303305 0.339869 0.304371 0.352941 0.310768 0.370915 0.318763 0.378268 0.325693 0.378268 0.336354 0.370098 0.341151 0.353758 0.341684 0.342320 0.339552 0.332516 0.328891 0.323529 0.317164 0.323529
0 0.307569 0.392157 0.301706 0.395425 0.296908 0.401961 0.294243 0.411765 0.294243 0.426471 0.298507 0.441176 0.311301 0.446895 0.318763 0.442810 0.323028 0.437908 0.323028 0.410131 0.321962 0.403595 0.318763 0.397876 0.312367 0.392157
0 0.341151 0.373366 0.333156 0.377451 0.327825 0.386438 0.324094 0.401961 0.324627 0.428105 0.326226 0.435458 0.343284 0.440359 0.346482 0.439542 0.353945 0.432190 0.357143 0.427288 0.360341 0.415033 0.358742 0.410131 0.348614 0.392974 0.344883 0.379085
0 0.360874 0.352941 0.349680 0.361111 0.345416 0.367647 0.343817 0.375000 0.347015 0.388072 0.356077 0.407680 0.360874 0.414216 0.368337 0.419118 0.372068 0.419118 0.378465 0.409314 0.383795 0.381536 0.383795 0.373366 0.380597 0.357843 0.378998 0.355392 0.371535 0.351307
0 0.352878 0.290033 0.347548 0.295752 0.342751 0.308007 0.345416 0.325163 0.350213 0.338235 0.356610 0.348039 0.360874 0.351307 0.370469 0.348856 0.378998 0.339052 0.384328 0.326797 0.385394 0.313725 0.382729 0.303105 0.380597 0.299837 0.367804 0.293301
0 0.373667 0.229575 0.368870 0.229575 0.360874 0.234477 0.356610 0.238562 0.352345 0.247549 0.350746 0.260621 0.352878 0.275327 0.359275 0.287582 0.363539 0.290033 0.372601 0.290033 0.382196 0.283497 0.386461 0.276144 0.389126 0.267157 0.389126 0.254902 0.387527 0.248366
0 0.396055 0.186275 0.385928 0.186275 0.380597 0.188725 0.374733 0.200980 0.372068 0.211601 0.376333 0.233660 0.388060 0.245098 0.404584 0.236928 0.410448 0.227124 0.412047 0.219771 0.410448 0.207516 0.400853 0.193627 0.398721 0.187908
0 0.333156 0.439542 0.328358 0.441176 0.321962 0.446895 0.317697 0.453431 0.315565 0.466503 0.316631 0.477941 0.320362 0.488562 0.327825 0.496732 0.336354 0.499183 0.344883 0.495098 0.349147 0.488562 0.352878 0.477941 0.353412 0.462418 0.351812 0.455065 0.344883 0.443627
0 0.390192 0.439542 0.381663 0.435458 0.375267 0.436275 0.368870 0.440359 0.364606 0.446895 0.358209 0.464052 0.358209 0.483660 0.360874 0.491013 0.365139 0.494281 0.384861 0.491830 0.392324 0.486111 0.397122 0.475490 0.398721 0.458333 0.394456 0.445261
0 0.404584 0.379085 0.396588 0.377451 0.390192 0.379902 0.384328 0.387255 0.380597 0.397876 0.379531 0.411765 0.380064 0.426471 0.382196 0.433007 0.390725 0.437908 0.397122 0.437092 0.407783 0.430556 0.413646 0.422386 0.415778 0.415033 0.416844 0.403595 0.411514 0.388889
0 0.409915 0.322712 0.402452 0.317810 0.388593 0.318627 0.384861 0.326797 0.383262 0.334150 0.382729 0.362745 0.385394 0.372549 0.388060 0.376634 0.400320 0.374183 0.407783 0.368464 0.416311 0.358660 0.418443 0.350490 0.417377 0.334967 0.416311 0.330882
0 0.424307 0.275327 0.409915 0.256536 0.404051 0.256536 0.397655 0.260621 0.393923 0.265523 0.383795 0.286765 0.382729 0.302288 0.385394 0.312092 0.388593 0.316176 0.398188 0.316176 0.417910 0.304739 0.423241 0.297386 0.424840 0.281863
0 0.357676 0.509804 0.355544 0.503268 0.352345 0.498366 0.348614 0.495915 0.333156 0.500817 0.318763 0.515523 0.316631 0.529412 0.317164 0.535131 0.319829 0.538399 0.329957 0.544118 0.352878 0.545752 0.356610 0.540850 0.359275 0.531046
0 0.325693 0.558007 0.325160 0.571078 0.326226 0.580065 0.328891 0.584967 0.333689 0.587418 0.343284 0.588235 0.353412 0.586601 0.359808 0.581699 0.364072 0.571895 0.363006 0.559641 0.353412 0.548203 0.342751 0.544935 0.333689 0.544935 0.328891 0.549837
0 0.372068 0.546569 0.367804 0.551471 0.365672 0.558824 0.365672 0.571895 0.370469 0.585784 0.374733 0.593954 0.380064 0.598856 0.389126 0.601307 0.399254 0.584967 0.401386 0.569444 0.400853 0.558824 0.398188 0.552288 0.391258 0.545752 0.379531 0.544118
0 0.384328 0.494281 0.364606 0.495098 0.360341 0.499183 0.359275 0.504085 0.359275 0.517974 0.360341 0.530229 0.363539 0.536765 0.372068 0.543301 0.375800 0.543301 0.383795 0.540033 0.390725 0.531863 0.392324 0.518791 0.391791 0.504902 0.388593 0.497549
0 0.414712 0.484477 0.406183 0.483660 0.402985 0.485294 0.400320 0.488562 0.396055 0.499183 0.393390 0.513072 0.392857 0.530229 0.399787 0.540850 0.404584 0.542484 0.417910 0.537582 0.422708 0.533497 0.430171 0.518791 0.429638 0.504902 0.428038 0.496732 0.423241 0.490196
0 0.412047 0.582516 0.404051 0.586601 0.397122 0.593137 0.394456 0.599673 0.393390 0.611111 0.394456 0.615196 0.405117 0.633170 0.411514 0.639706 0.417377 0.642157 0.423774 0.638889 0.429638 0.630719 0.431237 0.625817 0.431237 0.607026 0.429638 0.596405 0.425373 0.588235 0.418977 0.584150
0 0.436034 0.529412 0.430171 0.528595 0.413113 0.541667 0.409382 0.547386 0.407783 0.552288 0.407783 0.561275 0.411514 0.572712 0.418443 0.580882 0.425373 0.584150 0.432303 0.584150 0.437633 0.577614 0.441365 0.560458 0.442431 0.545752 0.440832 0.535948
0 0.474414 0.595588 0.463753 0.593954 0.456290 0.596405 0.443497 0.603758 0.437633 0.611111 0.434968 0.622549 0.434968 0.633170 0.438699 0.642974 0.444030 0.651144 0.450959 0.657680 0.454691 0.656863 0.468550 0.639706 0.476546 0.614379 0.476546 0.600490
0 0.478145 0.537582 0.471215 0.531863 0.465352 0.531046 0.458422 0.534314 0.449893 0.542484 0.444563 0.553105 0.440832 0.568627 0.440832 0.578431 0.444030 0.586601 0.449893 0.593137 0.454691 0.595588 0.463753 0.593137 0.470149 0.586601 0.477079 0.575980 0.481343 0.562092 0.481876 0.546569 0.480810 0.541667
0 0.459488 0.476307 0.454691 0.475490 0.446695 0.479575 0.436567 0.490196 0.430704 0.500817 0.430171 0.507353 0.431770 0.514706 0.436567 0.526961 0.442431 0.534314 0.451493 0.535948 0.460021 0.533497 0.464819 0.530229 0.470149 0.519608 0.470682 0.497549 0.469616 0.490196
0 0.419510 0.434641 0.410448 0.444444 0.408316 0.451797 0.408849 0.464869 0.419510 0.486928 0.427505 0.492647 0.432303 0.491830 0.439232 0.486928 0.446162 0.478758 0.448827 0.466503 0.447761 0.452614 0.444030 0.442810 0.438166 0.437092 0.429638 0.433824
0 0.451493 0.368464 0.444563 0.368464 0.435501 0.372549 0.427505 0.380719 0.421642 0.391340 0.418977 0.401144 0.418977 0.413399 0.420576 0.419118 0.428571 0.429739 0.439765 0.433007 0.447228 0.428105 0.449893 0.424020 0.452026 0.414216 0.453625 0.388889
0 0.424307 0.312092 0.421642 0.315359 0.417910 0.330065 0.418443 0.340686 0.422708 0.362745 0.426439 0.369281 0.430171 0.371732 0.436034 0.371732 0.444563 0.366830 0.453092 0.354575 0.455757 0.339052 0.454158 0.325980 0.450959 0.322712 0.443497 0.322712 0.437100 0.320261 0.428038 0.311275
0 0.434968 0.267974 0.427505 0.277778 0.425906 0.282680 0.425373 0.298203 0.430171 0.312908 0.439232 0.318627 0.448294 0.319444 0.455224 0.316176 0.462154 0.308824 0.466418 0.294935 0.466418 0.284314 0.462687 0.277778 0.451493 0.265523 0.443497 0.264706
0 0.436567 0.213235 0.430704 0.213235 0.416844 0.221405 0.409915 0.229575 0.407249 0.236111 0.407249 0.242647 0.411514 0.257353 0.416311 0.264706 0.423241 0.271242 0.428038 0.272059 0.434435 0.267892 0.439765 0.261438 0.444030 0.254902 0.448827 0.232026 0.448294 0.224673 0.445096 0.219771
0 0.433369 0.150327 0.426972 0.148693 0.415778 0.154412 0.404051 0.174020 0.400853 0.182190 0.400320 0.189542 0.401386 0.193627 0.408316 0.204248 0.416844 0.209967 0.424840 0.209150 0.430704 0.204248 0.435501 0.178922 0.438166 0.171569 0.437633 0.158497
0 0.460554 0.155229 0.450426 0.155229 0.444030 0.160948 0.437633 0.174020 0.432836 0.193627 0.432303 0.201797 0.434968 0.209967 0.450426 0.221405 0.461087 0.217320 0.465885 0.212418 0.468017 0.205065 0.469083 0.190359 0.468550 0.169935 0.465885 0.161765
0 0.458955 0.099673 0.454158 0.098856 0.439232 0.110294 0.429638 0.121732 0.430704 0.134804 0.437633 0.148693 0.450959 0.153595 0.457356 0.153595 0.466951 0.147059 0.470682 0.140523 0.471748 0.129085 0.469083 0.116830 0.463753 0.105392
0 0.451493 0.000000 0.453092 0.011438 0.457889 0.018791 0.463220 0.022059 0.472814 0.023693 0.482942 0.022059 0.492004 0.003268 0.492004 0.000000
0 0.498401 0.008170 0.503198 0.025327 0.520789 0.040033 0.527186 0.039216 0.534115 0.033497 0.537313 0.025327 0.538913 0.013072 0.537313 0.000000 0.500533 0.000000
0 0.554904 0.004085 0.546908 0.005719 0.543710 0.008170 0.539446 0.022059 0.538380 0.034314 0.538380 0.051471 0.540512 0.057190 0.550640 0.063725 0.553305 0.063725 0.558635 0.058824 0.574627 0.034314 0.574627 0.026961 0.572495 0.019608 0.563433 0.008987
0 0.537313 0.053105 0.530384 0.049020 0.523987 0.048203 0.519723 0.049837 0.514925 0.055556 0.506930 0.068627 0.503198 0.084967 0.503198 0.094771 0.504264 0.098039 0.513326 0.107843 0.519190 0.108660 0.532516 0.100490 0.542111 0.090686 0.545842 0.082516 0.546375 0.068627
0 0.539446 0.095588 0.539979 0.116013 0.547441 0.128268 0.560235 0.129902 0.565032 0.133170 0.568230 0.138072 0.571962 0.137255 0.577292 0.129085 0.579424 0.109477 0.578358 0.104575 0.572495 0.098039 0.558635 0.089052 0.548507 0.089052 0.544776 0.093954 0.540512 0.093954
0 0.568763 0.138889 0.561834 0.131536 0.555437 0.129085 0.551173 0.129085 0.545842 0.132353 0.539446 0.140523 0.534648 0.151961 0.533049 0.165850 0.534115 0.177288 0.539979 0.182190 0.546908 0.183824 0.551173 0.183007 0.565032 0.174837 0.569829 0.167484 0.571429 0.160131
0 0.523987 0.119281 0.519723 0.121732 0.515991 0.127451 0.512793 0.143791 0.512260 0.155229 0.513326 0.163399 0.517058 0.171569 0.529851 0.176471 0.533049 0.174020 0.536247 0.151961 0.541045 0.138889 0.545309 0.133987 0.541578 0.132353 0.540512 0.128268 0.536780 0.124183 0.529851 0.120098
0 0.513326 0.174020 0.505864 0.187908 0.505864 0.196895 0.509595 0.213235 0.514392 0.225490 0.523454 0.233660 0.529851 0.232843 0.538380 0.225490 0.545842 0.209150 0.545842 0.205065 0.542111 0.193627 0.533049 0.181373 0.526119 0.178105 0.522388 0.174020
0 0.505330 0.102941 0.496269 0.104575 0.486141 0.110294 0.477612 0.117647 0.474414 0.126634 0.474414 0.131536 0.478145 0.143791 0.480810 0.147876 0.497335 0.157680 0.504264 0.156863 0.507996 0.154412 0.511194 0.149510 0.514392 0.131536 0.514925 0.117647 0.513326 0.110294
0 0.482409 0.150327 0.478145 0.156046 0.474947 0.164216 0.469616 0.188725 0.469083 0.207516 0.474414 0.214869 0.481343 0.217320 0.492004 0.217320 0.498934 0.214052 0.504264 0.206699 0.505864 0.201797 0.504264 0.183824 0.498934 0.165850 0.494670 0.156863 0.492004 0.153595
0 0.472281 0.218954 0.464286 0.218954 0.458955 0.222222 0.452026 0.229575 0.449360 0.234477 0.446695 0.244281 0.446162 0.254902 0.447228 0.259804 0.452559 0.263889 0.458422 0.272876 0.466418 0.280229 0.471748 0.276961 0.484542 0.261438 0.485608 0.257353 0.485608 0.240196 0.483475 0.231209 0.477612 0.222222
0 0.498401 0.221405 0.493603 0.224673 0.487207 0.237745 0.486141 0.243464 0.486674 0.260621 0.491471 0.272059 0.502132 0.280229 0.507463 0.281046 0.513859 0.276144 0.521855 0.264706 0.522921 0.261438 0.521855 0.241013 0.518657 0.232843 0.513326 0.225490 0.506397 0.221405
0 0.490405 0.271242 0.482409 0.273693 0.474414 0.278595 0.469083 0.288399 0.469083 0.308007 0.473348 0.316176 0.481343 0.322712 0.484542 0.321078 0.487207 0.310458 0.492004 0.301471 0.498401 0.296569 0.504797 0.296569 0.505864 0.294935 0.505864 0.288399 0.501066 0.279412
0 0.506397 0.295752 0.501599 0.295752 0.493070 0.299837 0.487207 0.309641 0.483475 0.321895 0.482942 0.332516 0.484009 0.337418 0.485608 0.339869 0.489872 0.340686 0.492004 0.344771 0.493603 0.352941 0.496802 0.356209 0.505864 0.354575 0.515991 0.346405 0.520256 0.339869 0.522921 0.329248 0.523987 0.320261 0.520789 0.312092 0.512793 0.300654
0 0.541045 0.260621 0.534115 0.258987 0.527719 0.260621 0.515458 0.275327 0.512260 0.282680 0.512260 0.290850 0.514925 0.299020 0.525053 0.317810 0.536247 0.317810 0.543177 0.314542 0.547441 0.308824 0.549574 0.285131 0.547974 0.272059
0 0.533582 0.321078 0.524520 0.321078 0.519723 0.339869 0.510128 0.351307 0.503198 0.355392 0.503731 0.362745 0.511727 0.370915 0.525053 0.375000 0.527186 0.373366 0.531983 0.364379 0.536247 0.349673 0.535714 0.325980
0 0.463753 0.323529 0.461087 0.327614 0.458422 0.337418 0.455757 0.342320 0.453625 0.352124 0.454158 0.361928 0.457889 0.370098 0.463220 0.373366 0.480810 0.373366 0.488806 0.370915 0.495203 0.362745 0.495203 0.355392 0.490938 0.342320 0.486674 0.340686 0.484542 0.337418 0.483475 0.325163 0.475480 0.318627 0.470682 0.318627
0 0.490405 0.377451 0.485608 0.375000 0.465352 0.375000 0.455757 0.384804 0.452559 0.397059 0.452026 0.420752 0.457356 0.431373 0.463220 0.434641 0.479211 0.428105 0.485608 0.423203 0.495736 0.410131 0.497335 0.405229 0.497868 0.393791 0.495203 0.385621
0 0.489872 0.426471 0.486141 0.424837 0.473881 0.429739 0.458422 0.441176 0.455224 0.446078 0.453625 0.453431 0.453625 0.464869 0.455757 0.471405 0.471215 0.488562 0.474947 0.489379 0.479744 0.485294 0.485608 0.476307 0.488273 0.468954 0.489339 0.449346 0.492537 0.437092 0.492537 0.433007
0 0.525586 0.378268 0.512260 0.373366 0.505330 0.379085 0.498934 0.397876 0.497335 0.412582 0.499467 0.419935 0.504797 0.428105 0.515991 0.428922 0.522921 0.423203 0.533582 0.405229 0.534648 0.395425 0.530384 0.384804
0 0.502132 0.430556 0.495203 0.436275 0.490938 0.444444 0.489339 0.460784 0.490405 0.470588 0.497868 0.482026 0.506397 0.483660 0.513859 0.482843 0.522921 0.474673 0.526119 0.468954 0.528252 0.460784 0.527719 0.450980 0.517591 0.433824 0.508529 0.430556
0 0.472814 0.497549 0.471215 0.503268 0.472281 0.514706 0.480277 0.531046 0.489339 0.535948 0.499467 0.535948 0.503731 0.534314 0.508529 0.529412 0.509595 0.526144 0.509595 0.498366 0.507996 0.492647 0.498934 0.483660 0.492004 0.483660 0.478678 0.490196
0 0.520256 0.477124 0.514392 0.483660 0.511194 0.500000 0.512260 0.505719 0.511194 0.530229 0.514925 0.536765 0.520256 0.540033 0.533049 0.540033 0.537846 0.538399 0.541578 0.533497 0.544243 0.524510 0.544776 0.516340 0.543177 0.507353 0.537313 0.491830 0.530917 0.479575 0.526652 0.476307
0 0.529318 0.415850 0.527719 0.422386 0.534115 0.434641 0.538913 0.441176 0.547441 0.446895 0.557569 0.446895 0.562900 0.441176 0.567164 0.430556 0.568230 0.424020 0.567697 0.415850 0.565032 0.406046 0.559701 0.397876 0.551173 0.397876 0.543177 0.400327
0 0.538380 0.348856 0.529851 0.369281 0.530384 0.380719 0.535181 0.390523 0.541045 0.395425 0.556503 0.397059 0.565032 0.392157 0.568230 0.387255 0.571962 0.373366 0.572495 0.366830 0.570896 0.361111 0.559168 0.346405 0.553305 0.343137 0.546375 0.343137
0 0.503731 0.555556 0.498934 0.552288 0.495203 0.552288 0.483475 0.558824 0.476013 0.582516 0.476546 0.591503 0.480277 0.600490 0.484542 0.603758 0.502665 0.604575 0.508529 0.601307 0.513326 0.595588 0.514925 0.589869 0.509595 0.576797 0.506930 0.561275
0 0.481876 0.617647 0.476546 0.620915 0.472281 0.630719 0.470682 0.637255 0.470682 0.651144 0.473348 0.662582 0.482409 0.676471 0.487740 0.676471 0.493070 0.674020 0.501599 0.663399 0.505864 0.656046 0.506930 0.648693 0.505864 0.644608 0.504051 0.642157 0.502559 0.639216 0.501066 0.636438 0.500000 0.631536 0.494670 0.620098 0.490938 0.617647
0 0.498401 0.669118 0.495203 0.674020 0.495736 0.687092 0.504797 0.702614 0.507996 0.718137 0.514392 0.718137 0.519190 0.714052 0.525586 0.704248 0.528785 0.695261 0.528785 0.685458 0.525586 0.675654 0.522388 0.671569 0.511727 0.665850 0.506397 0.665850
0 0.526652 0.596405 0.514925 0.596405 0.505864 0.604575 0.501599 0.612745 0.499467 0.619281 0.499467 0.626634 0.500533 0.631536 0.508529 0.644608 0.518124 0.646242 0.519190 0.625000 0.524520 0.609477 0.529851 0.602124
0 0.550107 0.604575 0.538380 0.598856 0.531983 0.599673 0.528252 0.602941 0.523454 0.611111 0.519723 0.621732 0.518657 0.629902 0.519723 0.649510 0.526119 0.654412 0.534115 0.655229 0.545309 0.651144 0.552772 0.645425 0.555970 0.639706 0.558102 0.629085 0.557036 0.618464 0.554904 0.611928
0 0.517058 0.543301 0.509595 0.553922 0.507996 0.558824 0.509595 0.574346 0.511407 0.580392 0.513859 0.584150 0.517591 0.589869 0.529318 0.593954 0.533049 0.590686 0.538380 0.582516 0.541578 0.569444 0.541045 0.553105 0.537846 0.545752 0.533582 0.542484
0 0.558102 0.651961 0.552239 0.647876 0.536247 0.654412 0.529318 0.659314 0.527186 0.666667 0.526652 0.675654 0.530384 0.694444 0.531983 0.696895 0.539446 0.700980 0.543177 0.700163 0.559701 0.681373 0.562900 0.674837 0.563433 0.665033 0.562367 0.660131
0 0.566631 0.691176 0.563433 0.690359 0.549574 0.696078 0.544243 0.700980 0.536247 0.714869 0.536780 0.724673 0.545309 0.743464 0.552239 0.748366 0.557569 0.747549 0.562900 0.743464 0.570896 0.728758 0.574094 0.717320 0.574627 0.709150 0.573028 0.702614
0 0.568230 0.741013 0.555970 0.751634 0.552772 0.757353 0.552239 0.764706 0.555437 0.775327 0.562367 0.788399 0.568230 0.794118 0.576759 0.794935 0.585821 0.780229 0.588486 0.769608 0.588486 0.760621 0.585821 0.750817 0.581557 0.742647 0.577292 0.740196
0 0.581023 0.725490 0.580490 0.730392 0.583689 0.743464 0.585714 0.748284 0.587420 0.751634 0.589019 0.754085 0.600213 0.754902 0.605757 0.754820 0.611407 0.753268 0.615672 0.745915 0.617271 0.726307 0.615139 0.717320 0.608209 0.706699 0.599147 0.706699 0.584222 0.719771
0 0.571962 0.665850 0.567697 0.673203 0.566631 0.678922 0.567164 0.689542 0.571429 0.698529 0.578891 0.709967 0.582623 0.712418 0.589019 0.712418 0.597015 0.706699 0.601812 0.694444 0.601812 0.677288 0.600746 0.671569 0.594883 0.665850 0.582090 0.661765 0.575693 0.662582
0 0.536780 0.588235 0.536780 0.598039 0.543177 0.598039 0.548507 0.600490 0.558635 0.620098 0.560235 0.630719 0.565032 0.628268 0.569296 0.616013 0.569296 0.607026 0.563966 0.593137 0.546908 0.581699 0.543710 0.581699
0 0.571429 0.615196 0.566631 0.626634 0.566098 0.633987 0.568230 0.645425 0.576226 0.659314 0.587953 0.660131 0.596482 0.656863 0.600213 0.652778 0.601812 0.647059 0.602345 0.621732 0.598081 0.611111 0.583156 0.607843 0.575693 0.611111
0 0.547974 0.522876 0.544776 0.527778 0.541578 0.540850 0.541578 0.549020 0.546908 0.575980 0.558102 0.585784 0.564499 0.585784 0.570362 0.582516 0.574627 0.575163 0.579957 0.559641 0.580490 0.549020 0.578358 0.540850 0.560768 0.518791
0 0.546375 0.449346 0.534648 0.458333 0.531450 0.464052 0.530384 0.470588 0.533582 0.482026 0.546908 0.513072 0.551706 0.517157 0.560235 0.517157 0.562900 0.513072 0.567164 0.494281 0.568763 0.477124 0.567697 0.462418 0.565565 0.455882 0.561301 0.450163
0 0.582090 0.472222 0.577825 0.476307 0.571962 0.491830 0.569829 0.506536 0.569296 0.521242 0.570896 0.527778 0.576759 0.536765 0.580490 0.539216 0.585821 0.539216 0.594883 0.535131 0.601812 0.526961 0.603945 0.519608 0.603945 0.508987 0.599680 0.486928 0.596482 0.479575 0.588486 0.472222
0 0.578891 0.406863 0.574094 0.412582 0.568230 0.426471 0.566098 0.440359 0.566098 0.454248 0.568230 0.461601 0.571962 0.467320 0.579424 0.470588 0.586887 0.470588 0.596482 0.464052 0.598614 0.458333 0.598614 0.445261 0.596482 0.433824 0.588486 0.414216 0.583156 0.408497
0 0.585821 0.353758 0.582623 0.355392 0.574627 0.366013 0.571429 0.380719 0.575160 0.395425 0.580490 0.404412 0.586887 0.410131 0.592217 0.410948 0.600746 0.400327 0.603945 0.392157 0.607143 0.371732 0.606077 0.365196 0.603412 0.359477 0.592751 0.353758
0 0.581557 0.285131 0.574627 0.280229 0.566098 0.276961 0.558102 0.277778 0.552239 0.281046 0.549041 0.294935 0.546908 0.314542 0.556503 0.332516 0.561301 0.333333 0.572495 0.328431 0.576226 0.323529 0.584755 0.303105 0.584755 0.293301
0 0.547974 0.208333 0.539446 0.227124 0.539446 0.242647 0.541578 0.257353 0.545309 0.267157 0.551706 0.275327 0.564499 0.273693 0.573028 0.264706 0.577292 0.254902 0.577825 0.241830 0.576226 0.235294 0.571429 0.224673 0.563966 0.214052 0.554371 0.208333
0 0.586887 0.236111 0.581023 0.241830 0.579424 0.247549 0.578891 0.269608 0.580490 0.280229 0.587420 0.290850 0.596482 0.290850 0.602878 0.285948 0.609808 0.276144 0.611940 0.269608 0.611407 0.256536 0.609275 0.249183 0.603412 0.240196 0.591684 0.236111
0 0.605544 0.304739 0.600213 0.300654 0.595949 0.300654 0.587420 0.303922 0.583689 0.308824 0.574627 0.329248 0.575160 0.339052 0.578358 0.348039 0.583689 0.352124 0.599680 0.351307 0.608209 0.348856 0.612473 0.343954 0.614606 0.339052 0.614606 0.328431 0.610874 0.314542
0 0.612473 0.274510 0.605011 0.284314 0.604478 0.293301 0.605544 0.302288 0.616205 0.328431 0.626333 0.331699 0.630597 0.330065 0.635928 0.321078 0.638060 0.314542 0.640192 0.295752 0.639659 0.284314 0.635928 0.276144 0.630064 0.272059 0.622601 0.271242
0 0.632196 0.341503 0.624200 0.343954 0.617271 0.349673 0.613539 0.355392 0.609275 0.367647 0.609808 0.381536 0.623134 0.397876 0.630597 0.400327 0.638593 0.397059 0.642857 0.390523 0.647122 0.369281 0.646588 0.357843 0.643390 0.348856 0.638593 0.343137
0 0.630597 0.403595 0.623667 0.399510 0.614606 0.399510 0.603412 0.402778 0.599147 0.407680 0.595949 0.419118 0.595949 0.428922 0.599147 0.441993 0.600746 0.457516 0.605011 0.459150 0.615139 0.457516 0.621535 0.450980 0.632196 0.435458 0.634861 0.424020 0.634861 0.415033 0.632729 0.406863
0 0.611940 0.469771 0.602878 0.479575 0.601279 0.485294 0.601279 0.494281 0.606077 0.517974 0.613006 0.528595 0.620469 0.531046 0.628998 0.525327 0.635394 0.514706 0.636994 0.508170 0.636994 0.495098 0.633262 0.483660 0.626866 0.473856
0 0.585821 0.553105 0.580490 0.562092 0.575160 0.576797 0.574627 0.587418 0.575693 0.592320 0.586354 0.604575 0.595416 0.607026 0.603945 0.604575 0.607676 0.598856 0.609808 0.589052 0.609808 0.576797 0.605544 0.560458 0.601279 0.553922 0.595949 0.549837 0.590618 0.549837
0 0.622068 0.534314 0.613539 0.540850 0.609808 0.547386 0.608209 0.553105 0.608209 0.564542 0.612473 0.584967 0.617271 0.590686 0.626333 0.593137 0.630597 0.590686 0.642857 0.572712 0.643923 0.559641 0.640192 0.545752 0.636461 0.539216 0.631663 0.535131
0 0.620469 0.603758 0.613006 0.610294 0.604478 0.624183 0.602345 0.637255 0.602878 0.647059 0.605011 0.651144 0.611407 0.654412 0.619403 0.661765 0.632196 0.663399 0.638060 0.656046 0.635928 0.634804 0.636994 0.619281 0.629531 0.605392 0.624200 0.602941
0 0.607143 0.655229 0.602345 0.661765 0.602345 0.684641 0.603412 0.691993 0.605544 0.697712 0.614072 0.708333 0.621535 0.707516 0.628465 0.700980 0.633795 0.691993 0.635928 0.683824 0.635394 0.671569 0.632196 0.665033 0.622601 0.663399 0.611407 0.654412
0 0.655117 0.716503 0.642857 0.709150 0.634328 0.709967 0.625267 0.714869 0.618870 0.732843 0.618337 0.741830 0.621002 0.752451 0.627399 0.760621 0.633262 0.763072 0.640725 0.763072 0.648721 0.758170 0.655650 0.745915 0.658316 0.736111 0.658316 0.727124 0.656716 0.718954
0 0.626866 0.786765 0.618870 0.794935 0.616205 0.807190 0.616205 0.817810 0.618870 0.830065 0.622601 0.837418 0.629531 0.842320 0.636994 0.841503 0.640192 0.839052 0.647655 0.825980 0.649254 0.819444 0.649254 0.806373 0.647122 0.798203 0.640725 0.788399 0.638060 0.786765
0 0.645522 0.842320 0.639659 0.840686 0.626866 0.842320 0.622601 0.845588 0.617804 0.852941 0.616738 0.857843 0.617804 0.872549 0.622601 0.895425 0.625800 0.904412 0.633795 0.912582 0.640192 0.910131 0.644989 0.902778 0.650853 0.877451 0.652985 0.855392 0.650853 0.847222
0 0.702559 0.834967 0.688699 0.834967 0.675906 0.846405 0.672175 0.852124 0.669510 0.858660 0.669510 0.870915 0.676439 0.885621 0.684968 0.892157 0.690832 0.892157 0.695629 0.889706 0.700426 0.883170 0.703625 0.873366 0.706290 0.858660 0.706290 0.851307
0 0.657783 0.795752 0.655117 0.799837 0.652452 0.812092 0.652452 0.848039 0.656716 0.851307 0.673241 0.849673 0.683369 0.837418 0.684435 0.822712 0.682303 0.812908 0.676439 0.799020 0.673774 0.795752 0.662580 0.794118
0 0.691365 0.741013 0.684435 0.737745 0.671109 0.736111 0.661514 0.737745 0.657249 0.741830 0.652985 0.754902 0.652985 0.769608 0.654584 0.777778 0.660448 0.790033 0.665778 0.793301 0.670043 0.793301 0.673774 0.790850 0.680704 0.781863 0.689765 0.766340 0.693497 0.753268 0.693497 0.744281
0 0.642324 0.668301 0.639126 0.679739 0.638060 0.689542 0.638593 0.698529 0.642324 0.704248 0.652452 0.709967 0.666311 0.710784 0.670576 0.705882 0.674307 0.704248 0.674840 0.695261 0.672708 0.685458 0.662047 0.666667 0.655650 0.660948 0.649254 0.660948
0 0.693497 0.684641 0.683902 0.691993 0.679638 0.700163 0.675906 0.703431 0.675373 0.719771 0.678038 0.727941 0.688699 0.736928 0.692431 0.738562 0.700959 0.737745 0.708955 0.727941 0.710021 0.722222 0.710021 0.701797 0.707356 0.694444 0.699893 0.685458
0 0.667377 0.610294 0.662580 0.607026 0.653518 0.605392 0.649787 0.607026 0.639126 0.616830 0.635394 0.626634 0.635394 0.633987 0.638593 0.653595 0.640192 0.655229 0.650320 0.654412 0.658849 0.651144 0.664712 0.645425 0.667910 0.639706 0.669510 0.633170 0.669510 0.622549
0 0.664179 0.577614 0.655117 0.569444 0.643923 0.571078 0.631130 0.591503 0.630597 0.597222 0.632729 0.607843 0.638060 0.616013 0.642857 0.614379 0.652985 0.606209 0.666844 0.607843 0.668977 0.603758 0.668977 0.593137
0 0.677505 0.620098 0.672708 0.623366 0.668977 0.638072 0.667910 0.671569 0.673241 0.684641 0.681770 0.689542 0.691898 0.682190 0.696695 0.676471 0.699893 0.664216 0.700426 0.648693 0.694030 0.633987 0.689765 0.627451 0.682836 0.621732
0 0.641791 0.509804 0.637527 0.518791 0.636994 0.536765 0.643923 0.557190 0.649254 0.562908 0.660448 0.562908 0.667910 0.556373 0.672175 0.549837 0.675373 0.526961 0.674307 0.517974 0.662580 0.507353 0.648188 0.506536
0 0.673241 0.551471 0.668977 0.555556 0.665245 0.568627 0.665778 0.578431 0.672708 0.603758 0.675906 0.607843 0.680171 0.609477 0.686567 0.609477 0.692964 0.606209 0.697228 0.597222 0.698294 0.575980 0.696162 0.569444 0.688166 0.557190 0.678571 0.550654
0 0.711087 0.511438 0.707356 0.507353 0.702026 0.506536 0.695096 0.509804 0.680704 0.521242 0.675906 0.532680 0.675906 0.539216 0.678038 0.547386 0.681770 0.551471 0.692431 0.557190 0.702026 0.558007 0.707889 0.554739 0.711620 0.549020 0.713753 0.534314 0.713753 0.521242
0 0.710021 0.565359 0.704691 0.567810 0.700426 0.573529 0.698294 0.584150 0.698294 0.595588 0.697228 0.600899 0.706823 0.610294 0.708955 0.619281 0.713220 0.625000 0.716951 0.624183 0.721748 0.619281 0.724947 0.618464 0.727079 0.615196 0.728678 0.595588 0.726013 0.581699 0.721748 0.577614 0.716418 0.566993
0 0.692964 0.609477 0.691365 0.619281 0.691898 0.626634 0.696162 0.639706 0.700959 0.647059 0.705224 0.648693 0.716418 0.647059 0.722281 0.641340 0.727079 0.632353 0.727612 0.620915 0.725480 0.616830 0.714286 0.626552 0.709115 0.620915 0.706557 0.610703 0.697655 0.602124 0.696695 0.602124
0 0.728145 0.644608 0.722281 0.644608 0.705224 0.650327 0.701493 0.657680 0.700426 0.663399 0.700959 0.680556 0.711620 0.700163 0.720682 0.697712 0.723881 0.695261 0.726546 0.690359 0.728678 0.671569 0.734542 0.659314 0.734542 0.654412 0.732942 0.649510
0 0.723881 0.698529 0.716951 0.708333 0.710021 0.724673 0.708955 0.729575 0.709488 0.741013 0.713220 0.748366 0.720149 0.754085 0.723881 0.755719 0.735075 0.754902 0.737740 0.753268 0.741471 0.746732 0.743070 0.738562 0.743070 0.720588 0.733475 0.705065 0.726013 0.698529
0 0.732942 0.663399 0.729744 0.668301 0.727612 0.678105 0.727079 0.692810 0.728678 0.698529 0.745203 0.722222 0.750000 0.723039 0.761727 0.719771 0.763859 0.712418 0.761727 0.688725 0.757996 0.679739 0.748401 0.664216 0.744670 0.660948 0.738806 0.660131
0 0.760661 0.843954 0.751599 0.843954 0.742004 0.848856 0.733475 0.861111 0.732409 0.869281 0.733475 0.877451 0.742537 0.892974 0.746802 0.897059 0.753198 0.899510 0.758529 0.898693 0.762260 0.893791 0.766525 0.883987 0.767058 0.854575 0.765991 0.850490
0 0.740405 0.776144 0.734009 0.786765 0.734009 0.799020 0.737207 0.812092 0.744136 0.821078 0.749467 0.825163 0.753198 0.825980 0.760661 0.823529 0.764925 0.816993 0.768124 0.805556 0.768657 0.785948 0.765991 0.774510 0.764392 0.772059 0.747335 0.771242
0 0.769190 0.718954 0.763326 0.718137 0.760661 0.720588 0.748934 0.723856 0.746802 0.727124 0.743603 0.736928 0.742537 0.752451 0.744670 0.760621 0.749467 0.768791 0.751599 0.770425 0.763859 0.770425 0.769190 0.767157 0.776119 0.758170 0.778252 0.748366 0.777719 0.738562 0.776119 0.732026
0 0.751066 0.652778 0.748934 0.655229 0.747868 0.662582 0.761727 0.687092 0.763859 0.702614 0.768124 0.705065 0.771855 0.699346 0.776652 0.686275 0.778252 0.674837 0.778252 0.661765 0.774520 0.655229 0.770256 0.652778 0.761727 0.651144
0 0.796908 0.682190 0.792111 0.678922 0.786780 0.678105 0.780384 0.683007 0.774520 0.693627 0.770256 0.709150 0.770256 0.717320 0.775586 0.730392 0.785181 0.733660 0.791045 0.732843 0.805437 0.721405 0.807569 0.712418 0.807036 0.702614 0.801173 0.687908
0 0.752132 0.604575 0.735608 0.606209 0.730810 0.612745 0.729211 0.618464 0.728678 0.633170 0.736674 0.645425 0.743603 0.651961 0.748934 0.651961 0.751599 0.650327 0.752665 0.647059 0.751599 0.616013 0.753198 0.607026
0 0.779318 0.593954 0.766525 0.588235 0.754264 0.602941 0.751599 0.617647 0.752665 0.642974 0.754797 0.647876 0.770256 0.649510 0.778252 0.642157 0.785181 0.631536 0.788380 0.620915 0.787846 0.612745 0.784648 0.601307
0 0.752665 0.550654 0.747868 0.549837 0.729211 0.575980 0.731343 0.589869 0.735075 0.598856 0.739339 0.603758 0.750533 0.602124 0.757996 0.596405 0.763326 0.587418 0.763859 0.583333 0.761194 0.564542 0.759595 0.559641
0 0.728678 0.511438 0.724414 0.512255 0.720149 0.516340 0.715885 0.529412 0.714765 0.540768 0.714819 0.546569 0.715352 0.561275 0.718550 0.570261 0.723881 0.576797 0.734542 0.567810 0.745736 0.550654 0.748401 0.542484 0.748401 0.534314 0.746269 0.525327 0.739872 0.517157
0 0.716418 0.486928 0.717484 0.494281 0.721748 0.498366 0.723881 0.506536 0.726013 0.508987 0.739339 0.515523 0.747868 0.512255 0.748401 0.504085 0.746269 0.492647 0.748934 0.483660 0.748934 0.475490 0.744136 0.468954 0.740938 0.466503 0.734542 0.466503 0.724414 0.473039
0 0.672708 0.461601 0.669510 0.464052 0.662580 0.477124 0.661514 0.493464 0.663113 0.504085 0.665245 0.508987 0.677505 0.519608 0.682303 0.519608 0.690299 0.513072 0.694030 0.506536 0.697761 0.488562 0.697228 0.475490 0.694563 0.468137 0.689765 0.463235 0.681237 0.460784
0 0.696695 0.410131 0.688699 0.407680 0.681237 0.411765 0.673241 0.419935 0.669510 0.426471 0.666844 0.433824 0.666844 0.446895 0.672175 0.456699 0.679104 0.459967 0.692964 0.460784 0.698827 0.459150 0.703092 0.454248 0.704158 0.450980 0.703625 0.424837 0.700959 0.416667
0 0.644456 0.437092 0.632729 0.445261 0.630597 0.451797 0.630064 0.469771 0.633795 0.480392 0.642324 0.494281 0.648188 0.494281 0.656183 0.487745 0.659915 0.482026 0.663646 0.470588 0.664712 0.455882 0.663113 0.446895 0.657783 0.440359 0.650853 0.437092
0 0.650320 0.366013 0.646588 0.373366 0.644456 0.385621 0.644456 0.397876 0.646588 0.408497 0.650320 0.414216 0.655650 0.417484 0.670043 0.417484 0.675906 0.414216 0.683902 0.399510 0.684435 0.391340 0.681770 0.379902 0.674307 0.370915 0.665778 0.364379 0.654051 0.362745
0 0.696162 0.352124 0.691898 0.355392 0.689232 0.360294 0.684435 0.379085 0.684968 0.394608 0.687633 0.401144 0.693497 0.407680 0.705224 0.407680 0.714286 0.401961 0.719083 0.396242 0.721748 0.389706 0.721748 0.381536 0.719083 0.372549 0.711087 0.359477 0.703625 0.353758
0 0.710554 0.415850 0.705757 0.425654 0.705757 0.450163 0.709488 0.459150 0.715885 0.468137 0.729211 0.468137 0.734009 0.464052 0.736141 0.459150 0.737740 0.421569 0.735075 0.415850 0.729744 0.411765 0.718550 0.410948
0 0.649787 0.265523 0.644989 0.272876 0.641258 0.285948 0.640725 0.302288 0.642324 0.308007 0.646055 0.313725 0.659382 0.321078 0.665778 0.322712 0.672175 0.321895 0.677505 0.317810 0.680704 0.308007 0.680704 0.296569 0.673241 0.277778 0.666311 0.266340 0.662047 0.262255 0.654051 0.261438
0 0.652452 0.187908 0.646055 0.193627 0.643923 0.199346 0.641258 0.211601 0.640725 0.227124 0.642324 0.236928 0.646588 0.245098 0.651919 0.249183 0.658849 0.249183 0.669510 0.242647 0.673774 0.236928 0.675906 0.232026 0.676972 0.223039 0.671109 0.206699 0.665245 0.196078 0.658849 0.191993 0.655650 0.187908
0 0.681237 0.314542 0.679104 0.320261 0.679638 0.326797 0.697761 0.349673 0.703092 0.352124 0.709488 0.352124 0.712687 0.349673 0.718017 0.339052 0.719616 0.322712 0.719083 0.314542 0.716951 0.307190 0.712154 0.302288 0.706823 0.300654 0.692431 0.301471
0 0.693497 0.253268 0.689232 0.266340 0.687633 0.277778 0.688166 0.285948 0.691898 0.292484 0.699893 0.297386 0.718017 0.299837 0.725480 0.294935 0.728145 0.290850 0.730810 0.280229 0.729744 0.270425 0.716951 0.253268 0.705224 0.245915 0.698827 0.246732
0 0.692964 0.182190 0.682303 0.187092 0.677505 0.193627 0.674840 0.202614 0.674840 0.211601 0.677505 0.221405 0.687100 0.234477 0.691898 0.236928 0.697228 0.236928 0.703092 0.233660 0.708422 0.223856 0.710554 0.217320 0.710554 0.207516 0.708955 0.194444 0.705224 0.187908 0.700426 0.183824
0 0.573561 0.168301 0.569829 0.171569 0.563966 0.182190 0.560235 0.194444 0.560235 0.205882 0.566098 0.215686 0.570896 0.219771 0.583689 0.223856 0.588486 0.223856 0.592751 0.221405 0.595949 0.217320 0.599680 0.206699 0.600213 0.199346 0.598614 0.182190 0.587953 0.167484
0 0.603945 0.176471 0.599147 0.189542 0.601279 0.211601 0.605544 0.224673 0.611407 0.231209 0.618337 0.232026 0.627932 0.225490 0.631130 0.221405 0.635394 0.212418 0.636994 0.203431 0.634861 0.190359 0.630597 0.184641 0.619936 0.180556 0.615672 0.176471
0 0.622601 0.127451 0.616738 0.133170 0.609808 0.146242 0.609275 0.155229 0.611407 0.165850 0.615672 0.174837 0.626333 0.181373 0.633262 0.181373 0.641258 0.177288 0.647122 0.164216 0.647655 0.151961 0.646588 0.143791 0.641791 0.133987 0.635928 0.128268 0.631663 0.126634
0 0.587420 0.099673 0.582090 0.105392 0.581023 0.111111 0.579957 0.131536 0.581557 0.140523 0.585288 0.147059 0.591151 0.152778 0.600213 0.152778 0.605544 0.149510 0.609808 0.143791 0.615672 0.129085 0.616738 0.120098 0.615672 0.111111 0.612473 0.106209 0.604478 0.099673 0.599680 0.098039
0 0.573028 0.040850 0.567164 0.046569 0.560768 0.057190 0.559168 0.062908 0.559168 0.075163 0.561834 0.085784 0.568230 0.094771 0.578358 0.101307 0.584222 0.100490 0.591684 0.092320 0.594350 0.084150 0.597015 0.064542 0.596482 0.053105 0.592217 0.044935 0.587420 0.040850
0 0.586887 0.026144 0.586887 0.033497 0.592217 0.042484 0.597548 0.045752 0.608742 0.047386 0.616205 0.044118 0.623667 0.036765 0.626333 0.029412 0.626333 0.017974 0.623667 0.007353 0.619403 0.002451 0.619403 0.000000 0.601812 0.000000 0.601279 0.003268 0.598614 0.003268 0.594350 0.008170
0 0.631130 0.044935 0.626866 0.044935 0.609275 0.052288 0.601279 0.061275 0.598081 0.068627 0.597015 0.084150 0.601812 0.096405 0.614606 0.107026 0.621002 0.107026 0.626866 0.102124 0.631663 0.089052 0.634861 0.073529 0.634861 0.066176 0.632196 0.056373
0 0.624733 0.000000 0.626333 0.013889 0.631130 0.026961 0.634328 0.029412 0.640192 0.030229 0.654584 0.020425 0.658849 0.010621 0.658316 0.005719 0.657196 0.000000 0.654051 0.000000
0 0.652985 0.026144 0.639126 0.035948 0.633795 0.044118 0.633795 0.056373 0.638593 0.066176 0.647122 0.075163 0.654051 0.078431 0.658316 0.078431 0.662580 0.075163 0.668443 0.066993 0.670576 0.061275 0.671109 0.052288 0.666311 0.032680 0.663646 0.028595 0.659382 0.026144
0 0.646055 0.080065 0.637527 0.085784 0.632196 0.093137 0.628465 0.103758 0.628465 0.111928 0.630597 0.118464 0.634861 0.125000 0.646055 0.137255 0.655117 0.138889 0.658316 0.137255 0.664179 0.127451 0.664712 0.116013 0.662580 0.103758 0.659382 0.095588 0.656663 0.088072 0.652985 0.084967 0.649254 0.080882
0 0.673241 0.067810 0.666311 0.073529 0.661514 0.080065 0.661514 0.097222 0.664179 0.108660 0.669510 0.120098 0.678038 0.120098 0.685501 0.114379 0.691365 0.105392 0.694030 0.096405 0.694030 0.085784 0.692964 0.080065 0.689232 0.075163 0.679638 0.068627
0 0.666844 0.128268 0.662580 0.133987 0.662047 0.142157 0.665778 0.160131 0.671109 0.173203 0.676439 0.182190 0.680704 0.186275 0.686034 0.185458 0.691365 0.182190 0.699893 0.165033 0.700959 0.151144 0.699360 0.147059 0.682303 0.127451 0.673241 0.125817
0 0.684435 0.008987 0.669510 0.020425 0.667377 0.025327 0.667377 0.029412 0.670043 0.039216 0.680704 0.066176 0.691898 0.066176 0.696162 0.062908 0.703625 0.047386 0.705224 0.038399 0.702559 0.028595 0.697761 0.019608 0.686567 0.008987
0 0.686034 0.000000 0.686567 0.004902 0.689765 0.009804 0.693497 0.013072 0.700426 0.015523 0.713753 0.012255 0.721215 0.003268 0.721215 0.000000
0 0.720682 0.041667 0.713220 0.044935 0.703625 0.053922 0.696695 0.066176 0.696162 0.071895 0.698827 0.077614 0.707356 0.084967 0.719083 0.091503 0.724947 0.092320 0.729211 0.090686 0.734009 0.084150 0.737207 0.066176 0.735075 0.050654 0.731343 0.044118 0.727079 0.041667
0 0.717484 0.093137 0.713220 0.090686 0.708422 0.090686 0.701493 0.093954 0.694563 0.101307 0.691365 0.110294 0.691365 0.128268 0.692431 0.133170 0.700959 0.147059 0.704691 0.145425 0.711087 0.133170 0.721215 0.125817 0.726013 0.120098 0.726546 0.116013 0.724947 0.107843 0.721748 0.098856
0 0.740938 0.123366 0.736141 0.119281 0.723881 0.121732 0.710021 0.133170 0.705757 0.140523 0.704158 0.147876 0.708422 0.157680 0.715352 0.165033 0.732942 0.165850 0.740405 0.164216 0.745203 0.152778 0.744670 0.133170
0 0.741471 0.174837 0.732409 0.167484 0.726013 0.167484 0.716951 0.179739 0.711087 0.194444 0.711087 0.207516 0.712154 0.214052 0.714819 0.219771 0.724947 0.222222 0.743070 0.214052 0.747335 0.203431 0.747335 0.192810 0.745203 0.182190
0 0.716418 0.233660 0.714819 0.241830 0.715352 0.248366 0.724414 0.259804 0.734542 0.267157 0.739339 0.268791 0.745736 0.268791 0.750000 0.267157 0.752665 0.263889 0.755864 0.250000 0.755330 0.236111 0.752665 0.224673 0.748401 0.219771 0.744670 0.217320 0.732409 0.219771 0.720682 0.227124
0 0.736674 0.000000 0.737740 0.011438 0.743603 0.022059 0.746269 0.023693 0.756397 0.023693 0.765458 0.015523 0.769723 0.004902 0.769723 0.000000