0 0.633816 0.853478 0.621256 0.859130 0.615459 0.864783 0.614493 0.869130 0.618357 0.871304 0.629952 0.873043 0.634783 0.875217 0.656039 0.877391 0.667633 0.877391 0.682126 0.874348 0.685990 0.870435 0.685990 0.865652 0.682126 0.856957 0.676329 0.853913 0.666667 0.851304 0.658937 0.850870
0 0.064734 0.978696 0.055072 0.988261 0.055072 0.995217 0.057971 1.000000 0.116908 1.000000 0.116908 0.998261 0.126570 0.995217 0.126570 0.991304 0.121739 0.986087 0.107246 0.978261 0.095652 0.976087 0.080193 0.975217 0.071498 0.976087
0 0.164251 0.997826 0.164251 1.000000 0.213527 1.000000 0.213527 0.997826 0.204831 0.994348 0.189372 0.993043 0.177778 0.993478
0 0.221256 0.970870 0.212560 0.966957 0.199034 0.965217 0.185507 0.965652 0.169082 0.968261 0.159420 0.973913 0.158454 0.980000 0.160386 0.984348 0.169082 0.989565 0.176812 0.990870 0.200000 0.990435 0.214493 0.985652 0.223188 0.978696 0.225121 0.974348
0 0.225121 0.997391 0.225121 1.000000 0.278261 1.000000 0.277295 0.996957 0.265700 0.992174 0.254106 0.989565 0.248309 0.986087 0.238647 0.987391 0.236715 0.990435
0 0.342029 0.982174 0.329469 0.977826 0.316908 0.977391 0.306280 0.978261 0.301449 0.980000 0.286957 0.982174 0.276329 0.986087 0.278261 0.991304 0.293720 0.998261 0.293720 1.000000 0.339130 1.000000 0.339130 0.998261 0.342995 0.995652 0.343961 0.986087
0 0.396135 0.962609 0.388406 0.962609 0.371014 0.967826 0.357488 0.973913 0.352657 0.978696 0.351691 0.982609 0.356522 0.989130 0.363285 0.992609 0.375845 0.996087 0.385507 0.995652 0.401932 0.992609 0.410628 0.989130 0.416425 0.984348 0.418357 0.978261 0.415459 0.974783
0 0.341063 0.997826 0.341063 1.000000 0.382609 1.000000 0.380676 0.996957 0.365217 0.994783 0.346860 0.995652
0 0.397101 0.997826 0.397101 1.000000 0.451208 1.000000 0.450242 0.996957 0.442512 0.993478 0.433816 0.990870 0.423188 0.989565 0.408696 0.991304
0 0.456039 0.997826 0.456039 1.000000 0.515942 1.000000 0.515942 0.997826 0.509179 0.994783 0.484058 0.991304 0.470531 0.991739
0 0.544928 0.972609 0.534300 0.973043 0.529469 0.974783 0.519807 0.985652 0.519807 0.990870 0.523671 0.995652 0.526570 0.997391 0.533333 0.997826 0.535459 0.998087 0.535266 0.998000 0.537198 0.997826 0.544928 0.997826 0.560386 0.993478 0.565217 0.991304 0.571981 0.983043 0.571981 0.980870 0.566184 0.977391
0 0.582609 0.976087 0.574879 0.979565 0.565217 0.990870 0.564251 0.994783 0.568116 1.000000 0.627053 1.000000 0.627053 0.989565 0.616425 0.978261 0.608696 0.975217 0.600000 0.973913 0.594203 0.973913
0 0.674396 0.968261 0.644444 0.968261 0.633816 0.970000 0.627053 0.973043 0.623188 0.977391 0.622222 0.983478 0.626087 0.990000 0.633816 0.994783 0.648309 0.996087 0.657971 0.995652 0.673430 0.993043 0.682126 0.990000 0.689855 0.984783 0.695652 0.982609 0.698551 0.979130 0.696618 0.976522 0.680193 0.969565
0 0.685024 0.988696 0.685024 1.000000 0.753623 1.000000 0.755556 0.993913 0.751691 0.990435 0.735266 0.984348 0.720773 0.982174 0.707246 0.981739 0.692754 0.983913
0 0.793237 0.979565 0.777778 0.988261 0.774879 0.993043 0.775845 1.000000 0.829952 1.000000 0.831884 0.993043 0.824155 0.985652 0.814493 0.980000 0.806763 0.977826 0.798068 0.978261
0 0.786473 0.951304 0.770048 0.954783 0.765217 0.958696 0.767150 0.970870 0.777778 0.977391 0.797101 0.977826 0.809662 0.975652 0.828019 0.966957 0.832850 0.962609 0.828986 0.958696 0.819324 0.954783 0.802899 0.952174
0 0.735266 0.950870 0.721739 0.950870 0.714976 0.954348 0.708213 0.961304 0.706280 0.965652 0.708213 0.975217 0.710145 0.978261 0.716908 0.980000 0.727536 0.979130 0.744928 0.975652 0.763285 0.965217 0.764251 0.962609 0.753623 0.955652
0 0.645411 0.950435 0.642512 0.953913 0.643478 0.959130 0.656039 0.964348 0.675362 0.967826 0.685990 0.968261 0.695652 0.966957 0.702029 0.965522 0.704348 0.961739 0.707246 0.959565 0.707246 0.954783 0.700483 0.948696 0.681159 0.942609 0.666667 0.942609 0.653140 0.946522
0 0.618357 0.937391 0.603865 0.938261 0.583575 0.943043 0.575845 0.946957 0.572947 0.950870 0.574879 0.955652 0.579710 0.960000 0.588406 0.963913 0.602899 0.967391 0.614493 0.967391 0.629952 0.963478 0.640580 0.955652 0.640580 0.950870 0.635749 0.943478
0 0.853140 0.988261 0.850242 0.993478 0.852174 1.000000 0.914010 1.000000 0.914010 0.986087 0.903382 0.981739 0.882126 0.980870 0.858937 0.985652
0 0.844444 0.960000 0.839614 0.961304 0.831884 0.967391 0.828019 0.974348 0.828986 0.980435 0.831884 0.983478 0.837681 0.985652 0.857971 0.985652 0.868599 0.983913 0.878261 0.980435 0.879227 0.976522 0.874396 0.966522 0.854106 0.960435
0 0.915942 0.986522 0.914010 0.989130 0.914976 1.000000 0.970048 1.000000 0.966184 0.993913 0.953623 0.987826 0.937198 0.986087
0 0.995169 0.990870 0.993237 0.993043 0.993237 1.000000 1.000000 1.000000 1.000000 0.990870
0 0.958454 0.978261 0.954589 0.986957 0.959420 0.990435 0.970048 0.995217 0.976812 0.996522 0.988406 0.996087 0.996135 0.993043 1.000000 0.993043 1.000000 0.976957 0.987440 0.975217 0.969082 0.975217
0 0.941063 0.949565 0.928502 0.952174 0.924638 0.954783 0.923671 0.959565 0.942995 0.980435 0.952657 0.982609 0.955556 0.978261 0.971981 0.974783 0.985507 0.966957 0.988406 0.962609 0.980676 0.958261 0.963285 0.952174 0.952657 0.950000
0 0.891787 0.954348 0.882126 0.958696 0.875362 0.966522 0.881159 0.978696 0.885990 0.980000 0.899517 0.980870 0.924638 0.978696 0.932367 0.974783 0.933333 0.969130 0.922705 0.958261 0.910145 0.954348 0.901449 0.953478
0 0.847343 0.936522 0.842512 0.938696 0.835749 0.945652 0.839614 0.951739 0.846377 0.954783 0.877295 0.957826 0.883092 0.956957 0.890821 0.953913 0.892754 0.952174 0.892754 0.946957 0.889855 0.944348 0.888889 0.939130 0.884058 0.935217 0.876329 0.933478 0.864734 0.933478
0 0.956522 0.940000 0.951691 0.942609 0.954589 0.949565 0.981643 0.959130 0.992271 0.961304 1.000000 0.961304 1.000000 0.936957 0.995169 0.936957 0.985507 0.934348
0 0.995169 0.920000 0.985507 0.923913 0.983575 0.930870 0.984541 0.934348 0.995169 0.938261 1.000000 0.938261 1.000000 0.920000
0 0.901449 0.927826 0.896618 0.930870 0.894686 0.934348 0.895652 0.940000 0.901449 0.944348 0.914010 0.949130 0.923671 0.950435 0.936232 0.950000 0.942029 0.948696 0.948792 0.945217 0.956522 0.938696 0.957488 0.935217 0.954589 0.932174 0.944928 0.928696 0.932367 0.926522 0.914010 0.926522
0 0.795169 0.910000 0.790338 0.914783 0.790338 0.922609 0.796135 0.928261 0.811594 0.930870 0.826087 0.930870 0.847343 0.927826 0.849275 0.925217 0.848309 0.920870 0.843478 0.915652 0.837681 0.913043 0.814493 0.907391 0.802899 0.907826
0 0.897585 0.903913 0.883092 0.901304 0.872464 0.901304 0.866667 0.902609 0.857005 0.906957 0.855072 0.909565 0.855072 0.924783 0.860870 0.928696 0.866667 0.929565 0.876329 0.928261 0.900483 0.920435 0.905314 0.917391 0.905314 0.908261
0 0.912077 0.900000 0.907246 0.907826 0.909179 0.913478 0.912077 0.915217 0.921739 0.916522 0.936232 0.916087 0.947826 0.913913 0.958454 0.909565 0.964251 0.905217 0.964251 0.903913 0.950725 0.899130 0.937198 0.896522 0.923671 0.896522
0 1.000000 0.876087 0.966184 0.874783 0.957488 0.875652 0.951691 0.878261 0.946860 0.883478 0.947826 0.893478 0.951691 0.898696 0.960386 0.902609 0.968116 0.903913 0.978744 0.903478 0.994203 0.899130 1.000000 0.898696
0 0.992271 0.849130 0.977778 0.852609 0.969082 0.857391 0.965217 0.866957 0.969082 0.871739 0.973913 0.873478 0.985507 0.875217 1.000000 0.875217 1.000000 0.849130
0 0.910145 0.856522 0.900483 0.857391 0.891787 0.859565 0.884058 0.863043 0.880193 0.866957 0.878261 0.882609 0.880193 0.884783 0.889855 0.887826 0.903382 0.888261 0.917874 0.886957 0.931401 0.883913 0.939130 0.880000 0.939130 0.872609 0.934300 0.867391 0.922705 0.860870
0 0.876329 0.885217 0.864734 0.882174 0.822222 0.886087 0.814493 0.888696 0.809662 0.893478 0.809662 0.897391 0.818357 0.903043 0.830918 0.906522 0.839614 0.907391 0.854106 0.906087 0.871498 0.899130 0.876329 0.895217 0.878261 0.891304
0 0.754589 0.890000 0.748792 0.891739 0.742029 0.899130 0.743961 0.905217 0.753623 0.912174 0.761353 0.914783 0.769082 0.916087 0.780676 0.915652 0.791304 0.912174 0.800966 0.905652 0.805797 0.900870 0.804831 0.896957 0.796135 0.893043 0.780676 0.889565 0.764251 0.889130
0 0.686957 0.880435 0.681159 0.884783 0.681159 0.890870 0.686957 0.899565 0.697585 0.904348 0.706280 0.906522 0.719807 0.906957 0.737198 0.901739 0.746860 0.893043 0.746860 0.888696 0.731401 0.880435 0.713043 0.877826 0.706280 0.877826
0 0.703382 0.912609 0.675362 0.906957 0.665700 0.907826 0.656039 0.910870 0.652174 0.914783 0.653140 0.929130 0.659903 0.934348 0.676329 0.934783 0.683092 0.933913 0.706280 0.926522 0.711111 0.923478 0.713043 0.919130 0.709179 0.915217
0 0.600966 0.910870 0.594203 0.914348 0.592271 0.920435 0.601932 0.930435 0.611594 0.933913 0.621256 0.935217 0.640580 0.935217 0.643478 0.934348 0.652174 0.928696 0.651208 0.919130 0.647343 0.913913 0.639614 0.910435 0.628986 0.908261 0.621256 0.907826 0.611594 0.908696
0 0.552657 0.940000 0.541063 0.941739 0.523671 0.950870 0.518841 0.955652 0.517874 0.960000 0.520773 0.964348 0.526570 0.967391 0.534300 0.969130 0.554589 0.969130 0.570048 0.966087 0.575845 0.963043 0.576812 0.958261 0.572947 0.955217 0.571014 0.950870 0.558454 0.942174
0 0.497585 0.968261 0.477295 0.971304 0.470531 0.978261 0.470531 0.983043 0.477295 0.989130 0.491787 0.992174 0.502415 0.993043 0.509179 0.992174 0.517874 0.988261 0.525604 0.978696 0.525604 0.974348 0.519807 0.971304 0.513043 0.969565
0 0.427053 0.960000 0.413527 0.966957 0.412560 0.970870 0.415459 0.974783 0.439614 0.988696 0.451208 0.990870 0.462802 0.990435 0.471498 0.986957 0.467633 0.983043 0.471498 0.970435 0.466667 0.965217 0.459903 0.961739 0.447343 0.958261 0.436715 0.958261
0 0.452174 0.936957 0.437681 0.943478 0.438647 0.948696 0.452174 0.957826 0.461836 0.962174 0.471498 0.964348 0.486957 0.964348 0.498551 0.963043 0.503382 0.959565 0.508213 0.950870 0.508213 0.946957 0.502415 0.940870 0.492754 0.936522 0.484058 0.934783 0.464734 0.934783
0 0.404831 0.936522 0.388406 0.938696 0.374879 0.943478 0.372947 0.946957 0.376812 0.955652 0.380676 0.957391 0.395169 0.960000 0.413527 0.959130 0.423188 0.956522 0.431884 0.951739 0.432850 0.946957 0.427053 0.941739 0.422222 0.939565
0 0.370048 0.943043 0.359420 0.942174 0.334300 0.944348 0.319807 0.948696 0.313043 0.952174 0.309179 0.957826 0.311111 0.963478 0.326570 0.971304 0.342029 0.974348 0.354589 0.974348 0.375845 0.966522 0.381643 0.958696 0.372947 0.951304
0 0.265700 0.946957 0.248309 0.947391 0.236715 0.949565 0.228019 0.953043 0.224155 0.957826 0.228986 0.969130 0.242512 0.976522 0.253140 0.979130 0.257971 0.979130 0.267633 0.974783 0.281159 0.971739 0.291787 0.966957 0.297585 0.963043 0.299517 0.959565 0.298551 0.956522 0.292754 0.952609 0.282126 0.949565
0 0.303382 0.914348 0.287923 0.914783 0.273430 0.921304 0.270725 0.924043 0.264734 0.928261 0.255072 0.936957 0.256039 0.942174 0.262802 0.946087 0.291787 0.949565 0.306280 0.947391 0.317874 0.943478 0.320773 0.937826 0.320773 0.927391 0.317778 0.921870 0.308213 0.915652
0 0.361353 0.911304 0.350725 0.911739 0.338164 0.914783 0.328502 0.920870 0.325604 0.928696 0.331401 0.935652 0.342995 0.938261 0.362319 0.938261 0.378744 0.935652 0.387440 0.931739 0.387440 0.923913 0.382609 0.919130
0 0.446377 0.910870 0.437681 0.909565 0.426087 0.909565 0.414493 0.910870 0.405797 0.913478 0.393237 0.920000 0.391304 0.924783 0.393237 0.930870 0.401932 0.934783 0.418357 0.937391 0.438647 0.936087 0.451208 0.933043 0.458937 0.927391 0.453140 0.914348
0 0.472464 0.906957 0.462802 0.909565 0.457971 0.912609 0.456039 0.918696 0.462802 0.928261 0.466667 0.929565 0.493720 0.930870 0.502415 0.928696 0.506280 0.926087 0.512077 0.916957 0.512077 0.911739 0.505314 0.908696 0.494686 0.906087
0 0.532367 0.910870 0.518841 0.911739 0.512077 0.916087 0.505314 0.926957 0.507246 0.938261 0.511111 0.940000 0.520773 0.940435 0.542029 0.937391 0.555556 0.933913 0.564251 0.928261 0.565217 0.922174 0.560386 0.918261 0.545894 0.913478
0 0.220290 0.936957 0.207729 0.934783 0.200000 0.934783 0.176812 0.937826 0.156522 0.946957 0.153623 0.950000 0.154589 0.952609 0.172947 0.960435 0.185507 0.963913 0.201932 0.963913 0.213527 0.962174 0.220290 0.959565 0.225121 0.955217 0.228986 0.947391 0.227053 0.941304
0 0.257005 0.906522 0.245411 0.905652 0.229952 0.907391 0.221256 0.910000 0.205797 0.923043 0.205797 0.928261 0.212560 0.933043 0.218357 0.935217 0.227053 0.935652 0.230918 0.936087 0.247343 0.933043 0.262802 0.927826 0.269179 0.924261 0.274396 0.920000 0.268599 0.911739
0 0.162319 0.908696 0.151691 0.911739 0.142029 0.916522 0.138164 0.926522 0.140097 0.929565 0.155556 0.933478 0.172947 0.933913 0.185507 0.932609 0.200000 0.928696 0.203865 0.925217 0.203865 0.922174 0.196135 0.916087 0.179710 0.909130 0.173913 0.908261
0 0.242512 0.886522 0.232850 0.884348 0.212560 0.884348 0.185507 0.887391 0.177778 0.890000 0.172947 0.896087 0.174879 0.900435 0.181643 0.907826 0.194203 0.913478 0.211594 0.912609 0.218357 0.909130 0.241546 0.901739 0.246377 0.892609 0.246377 0.888261
0 0.175845 0.880870 0.160386 0.877391 0.140097 0.875652 0.127536 0.875652 0.116908 0.877391 0.110145 0.880870 0.107246 0.884783 0.108213 0.893043 0.114976 0.901739 0.124638 0.903913 0.135266 0.903913 0.156522 0.900870 0.170048 0.896087 0.181643 0.885217
0 0.102415 0.886522 0.089855 0.886087 0.056039 0.896522 0.053140 0.899565 0.053140 0.903478 0.056039 0.906957 0.059903 0.908696 0.076329 0.912174 0.093720 0.912174 0.103382 0.910000 0.114976 0.904348 0.109179 0.899130 0.106280 0.890000
0 0.110145 0.869130 0.085024 0.863913 0.074396 0.864348 0.066667 0.867391 0.063768 0.869565 0.060870 0.880000 0.061836 0.885217 0.064734 0.887391 0.074396 0.890000 0.090821 0.886522 0.100483 0.886087 0.108213 0.881739 0.110145 0.878696 0.116908 0.875652 0.117874 0.873043
0 0.069565 0.841304 0.062802 0.848696 0.054106 0.853478 0.055072 0.858261 0.067633 0.859565 0.078261 0.863043 0.092754 0.864783 0.101449 0.864783 0.118841 0.860000 0.118841 0.853043 0.094686 0.840870
0 0.114976 0.822609 0.104348 0.818696 0.092754 0.816522 0.083092 0.815652 0.076329 0.816522 0.065700 0.819130 0.056039 0.823478 0.054106 0.828261 0.056039 0.835652 0.062802 0.839130 0.069565 0.840000 0.090821 0.839565 0.105314 0.836522 0.118841 0.830000 0.118841 0.825652
0 0.178744 0.836957 0.171981 0.832609 0.161353 0.828261 0.148792 0.826087 0.139130 0.826087 0.124638 0.828696 0.111111 0.834348 0.109179 0.836522 0.109179 0.843043 0.111111 0.846087 0.118841 0.851304 0.132367 0.852609 0.145894 0.852174 0.158454 0.850000 0.179710 0.842174
0 0.156522 0.850870 0.149758 0.856522 0.149758 0.862174 0.151691 0.864783 0.161353 0.869565 0.177778 0.873478 0.200000 0.873478 0.208696 0.871304 0.214493 0.866087 0.216425 0.857826 0.215459 0.852174 0.209662 0.848696 0.196135 0.845652 0.184541 0.845652 0.171014 0.847391
0 0.230918 0.855217 0.226087 0.857826 0.224155 0.869565 0.228986 0.873913 0.238647 0.876087 0.253140 0.875652 0.264734 0.873913 0.276329 0.866522 0.276329 0.861304 0.265700 0.857391 0.248309 0.853913
0 0.282126 0.875652 0.267633 0.876087 0.259903 0.880435 0.251208 0.890435 0.251208 0.896957 0.256039 0.898696 0.275362 0.900870 0.300483 0.895652 0.310145 0.892609 0.313043 0.889565 0.311111 0.885217 0.291787 0.877826
0 0.289855 0.896087 0.278261 0.902609 0.277295 0.908261 0.279227 0.910435 0.287923 0.913478 0.303382 0.913043 0.314010 0.917826 0.317874 0.918261 0.330435 0.910870 0.329469 0.903043 0.317874 0.896087 0.310145 0.895217
0 0.395169 0.884348 0.386473 0.892174 0.387440 0.896522 0.395169 0.904348 0.403865 0.907826 0.410628 0.908696 0.430918 0.906957 0.438647 0.903913 0.435749 0.897826 0.437681 0.889130 0.435749 0.886087 0.428019 0.884348 0.416425 0.883478
0 0.332367 0.873478 0.327536 0.874348 0.320773 0.878696 0.316908 0.884783 0.317874 0.891304 0.320773 0.896087 0.334300 0.903913 0.343961 0.904348 0.352657 0.903043 0.367150 0.897826 0.378744 0.889130 0.379710 0.884348 0.364251 0.876522 0.350725 0.873913
0 0.382609 0.860000 0.371014 0.862609 0.367150 0.865217 0.368116 0.876087 0.379710 0.882609 0.397101 0.883043 0.406763 0.881304 0.416425 0.877391 0.415459 0.869130 0.409662 0.864783 0.395169 0.860000
0 0.289855 0.854783 0.284058 0.856522 0.278261 0.861739 0.278261 0.870435 0.281159 0.873478 0.298551 0.878696 0.317874 0.877826 0.336232 0.870435 0.336232 0.865217 0.327536 0.859130 0.317874 0.855652 0.310145 0.853913
0 0.325604 0.840435 0.311111 0.847826 0.311111 0.853478 0.316908 0.854783 0.339130 0.866087 0.354589 0.866522 0.358454 0.865652 0.368116 0.858261 0.369082 0.852609 0.367150 0.849565 0.352657 0.840000 0.337198 0.839565
0 0.356522 0.837826 0.356522 0.842174 0.367150 0.850000 0.384541 0.856957 0.398068 0.856957 0.409662 0.855217 0.418357 0.851304 0.423188 0.846522 0.424155 0.839565 0.418357 0.836522 0.396135 0.835652 0.377778 0.832174 0.363285 0.835217
0 0.431884 0.855217 0.413527 0.857826 0.409662 0.860435 0.409662 0.862609 0.419324 0.872609 0.420290 0.881304 0.428986 0.883913 0.439614 0.885217 0.452174 0.880870 0.456039 0.877391 0.457005 0.859565 0.456039 0.857391 0.448309 0.855652
0 0.438647 0.886087 0.436715 0.887826 0.435749 0.897826 0.439614 0.903478 0.446377 0.905652 0.457005 0.905652 0.469565 0.903478 0.474396 0.900000 0.463768 0.893478 0.451304 0.881783
0 0.482126 0.876957 0.460870 0.880870 0.457005 0.883478 0.456039 0.888696 0.464734 0.895217 0.478261 0.902174 0.492754 0.903913 0.507246 0.896522 0.507246 0.887826 0.502415 0.880870 0.497585 0.878261 0.492754 0.876957
0 0.551691 0.895217 0.540097 0.899565 0.534300 0.903478 0.536232 0.909130 0.576812 0.921739 0.590338 0.920435 0.596135 0.907391 0.593237 0.900000 0.589372 0.897391 0.578744 0.893913 0.565217 0.893913
0 0.522705 0.870870 0.511111 0.875652 0.505314 0.876522 0.502415 0.879130 0.508213 0.892609 0.511111 0.895217 0.516908 0.897391 0.538164 0.897391 0.556522 0.892174 0.562319 0.888696 0.565217 0.884348 0.558454 0.878696 0.549758 0.874783 0.537198 0.871739
0 0.459903 0.858696 0.456039 0.863913 0.458937 0.870435 0.469565 0.873913 0.495652 0.876957 0.509179 0.876522 0.515942 0.873913 0.516908 0.869130 0.506280 0.859130 0.493720 0.854783 0.480193 0.854348 0.468599 0.856087
0 0.447343 0.832174 0.440580 0.833913 0.430918 0.839130 0.428019 0.842174 0.427053 0.850000 0.435749 0.853913 0.455072 0.856522 0.465700 0.856957 0.485024 0.851739 0.485990 0.845217 0.483092 0.842174 0.474396 0.837826 0.461836 0.833478
0 0.603865 0.872174 0.588406 0.880435 0.589372 0.889130 0.597101 0.893913 0.608696 0.896957 0.622222 0.897826 0.634783 0.896522 0.641546 0.893043 0.642512 0.888261 0.638647 0.880435 0.626087 0.873913
0 0.662802 0.880870 0.657005 0.882174 0.645411 0.887391 0.643478 0.893478 0.651208 0.900870 0.656039 0.902609 0.666667 0.903043 0.679227 0.900870 0.684058 0.896087 0.681159 0.892174 0.680193 0.883478 0.676329 0.881739
0 0.768116 0.864348 0.756522 0.867391 0.751691 0.870870 0.749758 0.875217 0.750725 0.880870 0.761353 0.886087 0.774879 0.888696 0.780676 0.888696 0.795169 0.885217 0.804831 0.880870 0.807729 0.875217 0.800000 0.869130 0.786473 0.864783
0 0.697585 0.850870 0.689855 0.853913 0.685990 0.856957 0.687923 0.863913 0.693720 0.870870 0.708213 0.876957 0.721739 0.878261 0.735266 0.878261 0.741063 0.874783 0.745894 0.871304 0.751691 0.865652 0.751691 0.860000 0.746860 0.852174 0.738164 0.848696 0.730435 0.847391 0.713043 0.847826
0 0.596135 0.856957 0.570048 0.856522 0.555556 0.859565 0.550725 0.862609 0.548792 0.865217 0.549758 0.868261 0.556522 0.876957 0.562319 0.880870 0.569082 0.883043 0.585507 0.881304 0.595169 0.875217 0.609662 0.868696 0.611594 0.865652 0.609662 0.861304
0 0.518841 0.843913 0.508213 0.849130 0.508213 0.860000 0.515942 0.867391 0.520773 0.869565 0.536232 0.870000 0.546860 0.866957 0.551691 0.861739 0.557488 0.859130 0.566184 0.857391 0.571014 0.853043 0.566184 0.848696 0.559420 0.846522 0.539130 0.843478
0 0.542995 0.818696 0.530435 0.820870 0.523671 0.824783 0.517874 0.830000 0.516908 0.835217 0.518841 0.838696 0.521739 0.840000 0.542029 0.843478 0.553623 0.843478 0.561353 0.842174 0.565217 0.840000 0.573913 0.829130 0.559420 0.820435 0.552657 0.818696
0 0.592271 0.824348 0.582609 0.826957 0.572947 0.832174 0.569082 0.836957 0.568116 0.841739 0.573913 0.846957 0.586473 0.851739 0.622222 0.856957 0.631884 0.853478 0.637681 0.846957 0.637681 0.842174 0.628019 0.829565 0.622222 0.826522 0.612560 0.823913 0.600966 0.823478
0 0.633816 0.818696 0.630918 0.820000 0.627053 0.826522 0.631884 0.834348 0.641546 0.843478 0.657005 0.846522 0.666667 0.845217 0.677295 0.842174 0.685024 0.838696 0.688889 0.834783 0.689855 0.829130 0.687923 0.826087 0.677295 0.822174 0.665700 0.819565 0.644444 0.818261
0 0.707246 0.820435 0.693720 0.826957 0.691787 0.835652 0.695652 0.841304 0.703382 0.844783 0.715942 0.846522 0.735266 0.845652 0.745894 0.843043 0.758454 0.836957 0.760386 0.834783 0.759420 0.832174 0.750725 0.825217 0.742029 0.821739 0.727536 0.819565
0 0.760386 0.838696 0.749758 0.843043 0.747826 0.845217 0.746860 0.850435 0.751691 0.860000 0.759420 0.862609 0.768116 0.863478 0.789372 0.863913 0.793237 0.863043 0.799034 0.858696 0.799034 0.853043 0.794203 0.846957 0.777778 0.840000 0.770048 0.838696
0 0.812560 0.854348 0.807729 0.860000 0.808696 0.866522 0.813527 0.873478 0.820290 0.876522 0.829952 0.878696 0.844444 0.878696 0.864734 0.874783 0.870531 0.872174 0.873430 0.867391 0.872464 0.862609 0.860870 0.856087 0.848309 0.852609 0.831884 0.850870 0.821256 0.851739
0 0.839614 0.841739 0.843478 0.846087 0.855072 0.850870 0.885990 0.856087 0.893720 0.856087 0.902415 0.854348 0.907246 0.852174 0.912077 0.845652 0.911111 0.842174 0.901449 0.833478 0.891787 0.831304 0.880193 0.831304 0.868599 0.832609
0 0.833816 0.819565 0.824155 0.818261 0.803865 0.819565 0.795169 0.820870 0.781643 0.825217 0.777778 0.827391 0.775845 0.834783 0.780676 0.839565 0.792271 0.844348 0.806763 0.846957 0.821256 0.846522 0.834783 0.843043 0.843478 0.837826 0.845411 0.829130 0.839614 0.821304
0 0.733333 0.803043 0.729469 0.806087 0.733333 0.814783 0.739130 0.818696 0.753623 0.823913 0.765217 0.825652 0.778744 0.825652 0.789372 0.822609 0.796135 0.819130 0.800000 0.815217 0.800966 0.810000 0.796135 0.804348 0.790338 0.802174 0.776812 0.800435 0.758454 0.799565 0.742995 0.800870
0 0.800000 0.795652 0.796135 0.798696 0.796135 0.803043 0.805797 0.813043 0.820290 0.817826 0.829952 0.818696 0.838647 0.817826 0.843478 0.815652 0.854106 0.806957 0.851208 0.804348 0.824155 0.795652
0 0.858937 0.806522 0.858937 0.807826 0.846377 0.812609 0.845411 0.823913 0.847343 0.827391 0.853140 0.828261 0.857971 0.830435 0.864734 0.830870 0.891787 0.828261 0.902415 0.822609 0.899517 0.817826 0.890821 0.812609 0.883092 0.810000 0.877295 0.809565 0.873430 0.806522
0 0.914976 0.844783 0.910145 0.851304 0.910145 0.853913 0.914010 0.856522 0.935266 0.865652 0.950725 0.868696 0.957488 0.868696 0.960386 0.867391 0.963285 0.849130 0.957488 0.844348 0.944928 0.840435 0.932367 0.840435
0 1.000000 0.824783 0.976812 0.823913 0.969082 0.826522 0.960386 0.836522 0.963285 0.846087 0.969082 0.849130 0.979710 0.850000 1.000000 0.847391
0 0.970048 0.810000 0.949758 0.810435 0.922705 0.814783 0.915942 0.817391 0.912077 0.821739 0.913043 0.826522 0.934300 0.836522 0.950725 0.836522 0.961353 0.833913 0.969082 0.826087 0.971981 0.818261 0.978744 0.814783
0 0.995749 0.813391 0.992850 0.817000 0.992947 0.819522 1.000000 0.823957 1.000000 0.811522
0 0.994203 0.782609 0.985507 0.786522 0.983575 0.795217 0.984541 0.798696 0.989372 0.803043 0.995169 0.805652 1.000000 0.805652 1.000000 0.782609
0 0.887923 0.782609 0.878261 0.786522 0.874396 0.790435 0.874396 0.795652 0.882126 0.804348 0.892754 0.809130 0.901449 0.810870 0.911111 0.810870 0.919807 0.809565 0.934300 0.803478 0.937198 0.799565 0.937198 0.794783 0.934300 0.790435 0.922705 0.784348 0.909179 0.781739
0 0.935266 0.755652 0.920773 0.756522 0.914976 0.758261 0.905314 0.770000 0.907246 0.777826 0.913043 0.780870 0.922705 0.782609 0.940097 0.782609 0.958454 0.779565 0.966184 0.775652 0.966184 0.770000 0.960386 0.763478
0 0.829952 0.775652 0.815459 0.780435 0.812560 0.783043 0.813527 0.789130 0.826087 0.796522 0.837681 0.800870 0.847343 0.802609 0.857005 0.802174 0.862802 0.799130 0.862802 0.794348 0.866667 0.788261 0.864734 0.782609 0.859903 0.779130 0.848309 0.774783 0.837681 0.774348
0 0.845411 0.752174 0.836715 0.755217 0.830918 0.760000 0.828986 0.763478 0.829952 0.768261 0.838647 0.773478 0.855072 0.775217 0.864734 0.774348 0.871498 0.772609 0.878261 0.768261 0.880193 0.765217 0.879227 0.760000 0.872464 0.754783 0.857971 0.752174
0 0.760386 0.765217 0.751691 0.769130 0.746860 0.779130 0.755556 0.793478 0.759420 0.796087 0.768116 0.798261 0.781643 0.798696 0.794203 0.796522 0.810628 0.789565 0.813527 0.784348 0.812560 0.779130 0.803865 0.773478 0.779710 0.767826 0.770048 0.764348
0 0.787440 0.741739 0.777778 0.743913 0.768116 0.748261 0.764251 0.753043 0.764251 0.757826 0.769082 0.762609 0.785507 0.769130 0.797101 0.771304 0.804831 0.770435 0.813527 0.767826 0.819324 0.760435 0.820290 0.755217 0.815459 0.747826 0.807729 0.743478 0.798068 0.741739
0 0.704348 0.782609 0.692754 0.790870 0.690821 0.795217 0.693720 0.799130 0.714976 0.802174 0.735266 0.801739 0.745894 0.799130 0.745894 0.786957 0.734300 0.781739 0.716908 0.780870
0 0.733333 0.775217 0.719807 0.767391 0.710145 0.764783 0.699517 0.764348 0.693720 0.766087 0.681159 0.775217 0.679227 0.780435 0.683092 0.783478 0.695652 0.784348 0.709179 0.781739 0.730435 0.779565
0 0.763285 0.744348 0.752657 0.742609 0.740097 0.743043 0.714976 0.747826 0.705314 0.751739 0.700483 0.755217 0.702415 0.761739 0.712077 0.765652 0.724638 0.768696 0.735266 0.769130 0.745894 0.767391 0.750725 0.765652 0.757488 0.760000 0.758454 0.756087 0.764251 0.749130
0 0.952657 0.755652 0.952657 0.760000 0.961353 0.764348 0.967150 0.773043 0.971014 0.775652 0.981643 0.777826 1.000000 0.776957 1.000000 0.754783 0.986473 0.753478 0.966184 0.753478
0 0.986473 0.726957 0.977778 0.728696 0.966184 0.733043 0.963285 0.736087 0.963285 0.741304 0.966184 0.745217 0.973913 0.749130 0.990338 0.751739 0.995169 0.753478 1.000000 0.753478 1.000000 0.728696
0 0.944928 0.726522 0.917874 0.725652 0.908213 0.727391 0.903382 0.730000 0.900483 0.737391 0.901449 0.743913 0.906280 0.750000 0.916908 0.756522 0.927536 0.756087 0.939130 0.753913 0.951691 0.749565 0.959420 0.744783 0.961353 0.740435 0.959420 0.733043 0.953623 0.729130
0 0.863768 0.718261 0.849275 0.724348 0.849275 0.729565 0.854106 0.736522 0.869565 0.744348 0.873430 0.745217 0.884058 0.745217 0.896618 0.740435 0.901449 0.735652 0.905314 0.727826 0.902415 0.725217 0.890821 0.720000 0.880193 0.718261
0 0.767150 0.727826 0.766184 0.732609 0.771981 0.736522 0.790338 0.740435 0.810628 0.743478 0.821256 0.743043 0.837681 0.740435 0.836715 0.736087 0.830918 0.728261 0.826087 0.725217 0.817391 0.722174 0.796135 0.717826 0.781643 0.719130
0 0.820290 0.700000 0.807729 0.703043 0.797101 0.707826 0.793237 0.711304 0.794203 0.716522 0.799034 0.718696 0.829952 0.725217 0.844444 0.724348 0.854106 0.720870 0.859903 0.716522 0.861836 0.713478 0.860870 0.708696 0.844444 0.700870 0.838647 0.699565 0.828019 0.699130
0 0.512077 0.820435 0.499517 0.819130 0.490821 0.820870 0.486957 0.824348 0.474396 0.830000 0.472464 0.834783 0.482126 0.840870 0.490821 0.843913 0.508213 0.843478 0.516908 0.840870 0.518841 0.837826 0.515942 0.833043 0.519807 0.824348 0.517874 0.822174
0 0.617391 0.816957 0.613527 0.813478 0.596135 0.808696 0.575845 0.810435 0.565217 0.814348 0.567150 0.818261 0.577778 0.822174 0.584541 0.823043 0.605797 0.822174 0.615459 0.819565
0 0.537198 0.791739 0.528502 0.791739 0.516908 0.793478 0.510145 0.796522 0.506280 0.800435 0.506280 0.811304 0.512077 0.816087 0.523671 0.820435 0.556522 0.817391 0.562319 0.815652 0.572947 0.809565 0.572947 0.806522 0.570048 0.804348 0.543961 0.792609
0 0.456039 0.805217 0.451208 0.806087 0.443478 0.810435 0.440580 0.813478 0.439614 0.819130 0.444444 0.826522 0.451208 0.830435 0.465700 0.832174 0.486957 0.823043 0.490821 0.818696 0.499710 0.815000 0.490821 0.810435 0.476329 0.806087
0 0.390338 0.811739 0.379710 0.818261 0.377778 0.825652 0.379710 0.830435 0.392271 0.834783 0.422222 0.835217 0.431884 0.830435 0.433816 0.818261 0.426087 0.813913 0.407729 0.810435 0.397101 0.810435
0 0.371981 0.817391 0.368116 0.816087 0.325604 0.816957 0.315942 0.819565 0.312077 0.822174 0.311111 0.831304 0.314976 0.835217 0.324638 0.839130 0.336232 0.839565 0.350725 0.838696 0.372947 0.832609 0.375845 0.830870 0.375845 0.822174
0 0.288889 0.828696 0.281159 0.830000 0.267633 0.836957 0.264734 0.843043 0.267633 0.846522 0.281159 0.853478 0.285024 0.854348 0.296618 0.854348 0.304348 0.853478 0.309179 0.851304 0.318841 0.842174 0.318841 0.837826 0.308213 0.830435 0.302415 0.829130
0 0.198068 0.829130 0.193237 0.833478 0.194203 0.837391 0.200966 0.842609 0.208696 0.846087 0.231884 0.850435 0.251208 0.850000 0.257005 0.849130 0.263768 0.846087 0.263768 0.833043 0.257005 0.827826 0.242512 0.822609 0.233816 0.821304 0.220290 0.821304 0.212560 0.823043
0 0.213527 0.806087 0.185507 0.803913 0.168116 0.806522 0.161353 0.810000 0.158454 0.814348 0.158454 0.823478 0.161353 0.826522 0.172947 0.831739 0.178744 0.832609 0.194203 0.830435 0.213527 0.821739 0.224155 0.819130 0.224155 0.813913
0 0.116908 0.801739 0.107246 0.809130 0.107246 0.813478 0.111111 0.818261 0.134300 0.824348 0.144928 0.824348 0.153623 0.822609 0.161353 0.811304 0.159420 0.806522 0.151691 0.802609 0.144928 0.801304 0.125604 0.800435
0 0.098551 0.779130 0.090821 0.778696 0.082126 0.779565 0.063768 0.786957 0.058937 0.790870 0.058937 0.797826 0.064734 0.801739 0.082126 0.805217 0.092754 0.805217 0.099517 0.803913 0.109179 0.803913 0.121739 0.798261 0.122705 0.790000 0.117874 0.785217 0.114010 0.783043
0 0.142995 0.764348 0.134300 0.766522 0.125604 0.770870 0.117874 0.778696 0.117874 0.783478 0.121739 0.786957 0.132367 0.790435 0.145894 0.791739 0.160386 0.791304 0.170048 0.787391 0.171981 0.784348 0.180676 0.781739 0.182609 0.780000 0.180676 0.774783 0.164251 0.767391
0 0.073430 0.742609 0.060870 0.753478 0.060870 0.760000 0.069565 0.771304 0.076329 0.773478 0.088889 0.773913 0.101449 0.772609 0.118841 0.768696 0.130435 0.763478 0.132367 0.760435 0.130435 0.756087 0.123671 0.751739 0.109179 0.744783 0.088889 0.742609
0 0.240580 0.786957 0.235749 0.783043 0.228019 0.780000 0.217391 0.778261 0.204831 0.778696 0.186473 0.782174 0.175845 0.785652 0.166184 0.790870 0.165217 0.795217 0.170048 0.798696 0.185507 0.803043 0.202899 0.804783 0.213527 0.804783 0.228019 0.802609 0.234783 0.800435 0.241546 0.794783 0.242512 0.790435
0 0.277295 0.793913 0.266667 0.793043 0.254106 0.793913 0.237681 0.798261 0.234783 0.803913 0.235749 0.810435 0.240580 0.814783 0.253140 0.820000 0.269565 0.820435 0.280193 0.819130 0.301449 0.810000 0.302415 0.804783 0.299517 0.801304
0 0.282126 0.777826 0.276329 0.782609 0.278261 0.790870 0.285024 0.795217 0.301449 0.800435 0.313043 0.800435 0.316908 0.799565 0.327536 0.794783 0.342029 0.790435 0.342029 0.785217 0.330435 0.779130 0.322705 0.777391 0.303382 0.775652 0.290821 0.776087
0 0.315942 0.800870 0.313043 0.804783 0.314010 0.810000 0.325604 0.816522 0.343961 0.817391 0.370048 0.816087 0.376812 0.813043 0.380676 0.809565 0.381643 0.802174 0.376812 0.797826 0.365217 0.793478 0.352657 0.791304 0.342995 0.791304 0.332367 0.793478
0 0.390338 0.798261 0.383575 0.804348 0.383575 0.807826 0.389372 0.810435 0.397101 0.810870 0.404831 0.809565 0.419324 0.811739 0.430918 0.815217 0.436715 0.813043 0.444444 0.806957 0.445411 0.802609 0.440580 0.797826 0.429952 0.794783 0.423188 0.793913 0.408696 0.794348
0 0.446377 0.782609 0.442512 0.788261 0.442512 0.794783 0.444444 0.796957 0.458937 0.803043 0.474396 0.803913 0.482126 0.801739 0.499517 0.799130 0.503382 0.796957 0.505314 0.790870 0.502415 0.788261 0.482126 0.780435 0.473430 0.778696 0.462802 0.778696
0 0.409662 0.769130 0.392271 0.766957 0.378744 0.770435 0.371014 0.771304 0.363285 0.775217 0.362319 0.786087 0.370048 0.793043 0.375845 0.794348 0.388406 0.794783 0.415459 0.792609 0.430918 0.787391 0.430918 0.779130
0 0.307246 0.754348 0.299517 0.760000 0.298551 0.768261 0.308213 0.773478 0.325604 0.777391 0.336232 0.778696 0.360386 0.775217 0.366184 0.772609 0.366184 0.763043 0.362319 0.759565 0.353623 0.755217 0.335266 0.750435 0.316908 0.750870
0 0.423188 0.743478 0.407729 0.742609 0.395169 0.743913 0.375845 0.752609 0.374879 0.756957 0.377778 0.761304 0.387440 0.764348 0.403865 0.767391 0.428986 0.763913 0.436715 0.751304 0.431884 0.747391
0 0.465700 0.748261 0.456039 0.748696 0.443478 0.751304 0.434783 0.756522 0.431884 0.762609 0.432850 0.767391 0.438647 0.772609 0.445411 0.775217 0.458937 0.777391 0.474396 0.776522 0.486957 0.771739 0.491787 0.767391 0.492754 0.759565 0.488889 0.755652 0.479227 0.750870
0 0.505314 0.765217 0.497585 0.769130 0.496618 0.775652 0.499517 0.778696 0.506280 0.781304 0.511111 0.786957 0.514976 0.788696 0.522705 0.790000 0.536232 0.789565 0.558454 0.782609 0.564251 0.779565 0.565217 0.774783 0.553623 0.769565 0.522705 0.763913
0 0.564251 0.780435 0.554589 0.786087 0.555556 0.794783 0.558454 0.798696 0.571014 0.804348 0.590338 0.805217 0.603865 0.803478 0.617391 0.797826 0.627053 0.792174 0.626087 0.786957 0.603865 0.780435 0.591304 0.779130 0.576812 0.779130
0 0.665700 0.794783 0.646377 0.793913 0.624155 0.796957 0.611594 0.802609 0.611594 0.807391 0.617391 0.813043 0.625121 0.815652 0.639614 0.817826 0.650242 0.818261 0.659903 0.816957 0.668599 0.811739 0.675362 0.803478 0.674396 0.798261
0 0.647343 0.768261 0.628986 0.775217 0.626087 0.780435 0.627053 0.785217 0.634783 0.789565 0.645411 0.792174 0.659903 0.794348 0.674396 0.794348 0.680193 0.792174 0.683092 0.788261 0.683092 0.784783 0.679227 0.780435 0.679227 0.774783 0.664734 0.768696
0 0.588406 0.754783 0.582609 0.758696 0.581643 0.763913 0.588406 0.770870 0.596135 0.774783 0.603865 0.776957 0.615459 0.777826 0.627053 0.776087 0.643478 0.768696 0.647343 0.765652 0.648309 0.762174 0.646377 0.757826 0.636715 0.754348 0.603865 0.753043
0 0.534300 0.741304 0.525604 0.746087 0.520773 0.751739 0.519807 0.757826 0.522705 0.761304 0.537198 0.766087 0.554589 0.766087 0.576812 0.763043 0.580676 0.761304 0.588406 0.752609 0.583575 0.747826 0.574879 0.743913 0.560386 0.740000 0.542995 0.739565
0 0.642512 0.740870 0.637681 0.743913 0.638647 0.749565 0.643478 0.753478 0.658937 0.759565 0.667633 0.760435 0.684058 0.760000 0.694686 0.755652 0.701449 0.748696 0.700483 0.743913 0.697585 0.741304 0.685990 0.737391 0.672464 0.736957 0.659903 0.737826
0 0.563285 0.718696 0.560386 0.724783 0.569082 0.731739 0.585507 0.736957 0.614493 0.739565 0.621256 0.738696 0.630918 0.733043 0.630918 0.728261 0.626087 0.726957 0.625121 0.724348 0.620290 0.720870 0.606763 0.714783 0.593237 0.712174 0.582609 0.712609 0.570048 0.715652
0 0.417391 0.727826 0.417391 0.733043 0.421256 0.737826 0.427053 0.740870 0.437681 0.743043 0.453140 0.743043 0.465700 0.741304 0.488889 0.732609 0.488889 0.728261 0.482126 0.724783 0.462802 0.719565 0.454106 0.718261 0.433816 0.718261 0.428019 0.719130 0.421256 0.722174
0 0.388406 0.728261 0.371014 0.723913 0.359420 0.724348 0.342995 0.730435 0.331401 0.739565 0.333333 0.744348 0.342995 0.747826 0.372947 0.747391 0.385507 0.745217 0.397101 0.740435
0 0.324638 0.702174 0.308213 0.706957 0.298551 0.712174 0.295652 0.720000 0.296618 0.725217 0.308213 0.728696 0.320773 0.729565 0.342029 0.728696 0.354589 0.724783 0.357488 0.721739 0.361353 0.721304 0.364251 0.716522 0.361353 0.712609 0.352657 0.706957 0.335266 0.702174
0 0.421256 0.694783 0.412560 0.700870 0.409662 0.707391 0.409662 0.713478 0.413527 0.718696 0.424155 0.719130 0.438647 0.717391 0.457971 0.717391 0.470531 0.713043 0.472464 0.708696 0.468599 0.703043 0.456039 0.696522 0.439614 0.692174 0.429952 0.692174
0 0.174879 0.721739 0.158454 0.714783 0.145894 0.712174 0.134300 0.713043 0.123671 0.717391 0.115942 0.724348 0.112077 0.732174 0.114010 0.736522 0.135266 0.737391 0.163285 0.732609 0.174879 0.727391 0.176812 0.725217
0 0.171014 0.693043 0.159420 0.699565 0.155556 0.704783 0.155556 0.709130 0.163285 0.713043 0.165217 0.715652 0.174879 0.719130 0.195169 0.720000 0.205797 0.717826 0.223188 0.709130 0.227053 0.705217 0.226087 0.700870 0.223188 0.698261 0.205797 0.693043 0.199034 0.692174 0.184541 0.691739
0 0.103382 0.686087 0.094686 0.691739 0.092754 0.696522 0.099517 0.704348 0.111111 0.709130 0.125604 0.711304 0.135266 0.711304 0.150725 0.709130 0.155556 0.705652 0.155556 0.702174 0.161353 0.693913 0.158454 0.687826 0.143961 0.683913 0.114976 0.683478
0 0.228019 0.686957 0.224155 0.691304 0.225121 0.695217 0.243478 0.706957 0.256039 0.711304 0.263768 0.712609 0.269565 0.712174 0.279227 0.708696 0.285990 0.704348 0.287923 0.695652 0.285990 0.692609 0.274396 0.687391 0.259903 0.685217 0.242512 0.685217
0 0.257005 0.665652 0.240580 0.660000 0.229952 0.659565 0.221256 0.660435 0.212560 0.664783 0.200966 0.673478 0.198068 0.677391 0.200966 0.683478 0.207729 0.685652 0.220290 0.686522 0.255072 0.683478 0.266667 0.678261 0.263768 0.671304
0 0.108213 0.664348 0.103382 0.669565 0.104348 0.677826 0.108213 0.680435 0.115942 0.682609 0.144928 0.680870 0.158454 0.677826 0.164251 0.673913 0.165217 0.670000 0.156522 0.666957 0.147826 0.661739 0.135266 0.658261 0.124638 0.657826 0.115942 0.660000
0 0.416425 0.666087 0.404831 0.663043 0.396135 0.662609 0.378744 0.665217 0.355556 0.674783 0.353623 0.677391 0.354589 0.681739 0.359420 0.683913 0.370048 0.684348 0.386473 0.687391 0.400000 0.687391 0.415459 0.685217 0.419324 0.683043 0.421256 0.677826 0.420290 0.669565
0 0.445411 0.664348 0.438647 0.666522 0.427053 0.673478 0.425121 0.682609 0.428986 0.686522 0.438647 0.690870 0.448309 0.692609 0.465700 0.691739 0.486957 0.685652 0.490821 0.679130 0.489855 0.674348 0.485990 0.671304 0.466667 0.665652
0 0.516908 0.671739 0.508213 0.673478 0.498551 0.677826 0.494686 0.681304 0.493720 0.685652 0.498551 0.689565 0.511111 0.695652 0.516908 0.697391 0.522705 0.697391 0.534300 0.695217 0.544928 0.689565 0.548792 0.685652 0.549758 0.681304 0.544928 0.676957 0.536232 0.673043 0.526570 0.671739
0 0.580676 0.700435 0.570048 0.695217 0.549758 0.694783 0.535266 0.696087 0.514976 0.704348 0.515942 0.709130 0.531401 0.713043 0.571014 0.712609 0.577778 0.709565
0 0.560386 0.667826 0.556522 0.669565 0.555556 0.681739 0.558454 0.685652 0.565217 0.690435 0.577778 0.694348 0.594203 0.693478 0.612560 0.686087 0.615459 0.682609 0.612560 0.678261 0.600966 0.672609 0.587440 0.669130
0 0.620290 0.685652 0.612560 0.686957 0.598068 0.693913 0.593237 0.700000 0.593237 0.705217 0.599034 0.710435 0.610628 0.714783 0.621256 0.716522 0.639614 0.716522 0.648309 0.714783 0.657971 0.710000 0.662802 0.703913 0.662802 0.696522 0.648309 0.686957 0.640580 0.685652
0 0.700483 0.699565 0.682126 0.700000 0.670531 0.705217 0.662802 0.712609 0.666667 0.721304 0.683092 0.724348 0.698551 0.723478 0.711111 0.720870 0.716908 0.714348 0.722705 0.712609 0.723671 0.708696 0.714010 0.703043
0 0.710145 0.720435 0.706280 0.726957 0.709179 0.733043 0.723671 0.737826 0.733333 0.739130 0.742029 0.738696 0.752657 0.736522 0.758454 0.732609 0.758454 0.728261 0.743961 0.720000 0.734300 0.717826 0.725604 0.717391 0.716908 0.718261
0 0.734300 0.696957 0.730435 0.702609 0.730435 0.710870 0.736232 0.715652 0.744928 0.719130 0.761353 0.720435 0.771981 0.719130 0.790338 0.714348 0.794203 0.707391 0.799034 0.703043 0.798068 0.699565 0.791304 0.694783 0.771981 0.693043 0.749758 0.692609 0.742995 0.693478
0 0.730435 0.673478 0.724638 0.679565 0.719807 0.681739 0.720773 0.685652 0.729469 0.690000 0.741063 0.692174 0.771981 0.692609 0.778744 0.690435 0.784541 0.686087 0.787440 0.680000 0.785507 0.673478 0.778744 0.670000 0.756522 0.668696 0.742029 0.670435
0 0.882126 0.688261 0.868599 0.694783 0.864734 0.700870 0.865700 0.709130 0.879227 0.716087 0.892754 0.717826 0.909179 0.714783 0.917874 0.710000 0.918841 0.701304 0.910145 0.692609 0.900483 0.689130
0 0.802899 0.681304 0.800966 0.685652 0.810628 0.690000 0.833816 0.694783 0.855072 0.695217 0.861836 0.693913 0.870531 0.689565 0.870531 0.683043 0.867633 0.676087 0.860870 0.671739 0.851208 0.670000 0.836715 0.669565 0.829952 0.670435
0 0.802899 0.649565 0.786473 0.654783 0.779710 0.661739 0.778744 0.666522 0.781643 0.670000 0.792271 0.673913 0.806763 0.674783 0.820290 0.673478 0.829952 0.670870 0.834783 0.667826 0.834783 0.664783 0.827053 0.659565 0.822222 0.653913 0.813527 0.650000
0 0.845411 0.641739 0.833816 0.643913 0.827053 0.646522 0.824155 0.650000 0.824155 0.653913 0.834783 0.663043 0.842512 0.667391 0.854106 0.670000 0.864734 0.669565 0.879227 0.663043 0.885024 0.658261 0.883092 0.646957 0.878261 0.643913 0.869565 0.641739
0 0.898551 0.663043 0.887923 0.665217 0.876329 0.669565 0.872464 0.673478 0.873430 0.677826 0.878261 0.682174 0.887923 0.686087 0.911111 0.690870 0.917874 0.690000 0.919807 0.686087 0.928502 0.679130 0.928502 0.670435 0.926570 0.667826 0.917874 0.664783
0 0.932367 0.681304 0.918841 0.689130 0.915942 0.692609 0.916908 0.699565 0.925604 0.707391 0.949758 0.707391 0.966184 0.700870 0.969082 0.698261 0.969082 0.692174 0.959420 0.685652 0.943961 0.682174
0 0.969082 0.699565 0.949758 0.707826 0.947826 0.710435 0.947826 0.717826 0.951691 0.720870 0.958454 0.723478 0.970048 0.725652 0.978744 0.726087 0.983575 0.724348 0.992271 0.708261 0.979710 0.700870
0 0.995169 0.706087 0.985507 0.713043 0.983575 0.724783 0.995169 0.729130 1.000000 0.729130 1.000000 0.706087
0 0.977778 0.670000 0.964251 0.673478 0.960386 0.675652 0.959420 0.684348 0.976812 0.696957 0.986473 0.699130 1.000000 0.699565 1.000000 0.670000
0 0.673430 0.671304 0.663768 0.673478 0.656039 0.677391 0.653140 0.689565 0.658937 0.693478 0.666667 0.695652 0.683092 0.696087 0.697585 0.693478 0.709179 0.689565 0.712077 0.684348 0.706280 0.679565 0.691787 0.673478 0.683092 0.671739
0 0.995169 0.646522 0.989372 0.650000 0.987440 0.662609 0.993237 0.666957 1.000000 0.667391 1.000000 0.646522
0 0.941063 0.649130 0.936232 0.650000 0.926957 0.652957 0.926570 0.656522 0.927536 0.666522 0.934300 0.671739 0.943961 0.673913 0.955556 0.674348 0.974879 0.670000 0.976812 0.667391 0.976812 0.657826 0.972947 0.654348 0.964251 0.652609 0.962319 0.650435
0 0.923671 0.637826 0.907246 0.636957 0.896618 0.638696 0.889855 0.641304 0.885990 0.646087 0.887923 0.654783 0.890821 0.658261 0.898551 0.662174 0.913043 0.662174 0.917874 0.660870 0.926570 0.654783 0.932367 0.644783 0.930435 0.640435
0 0.960386 0.624348 0.940097 0.631304 0.937198 0.634783 0.938164 0.640435 0.952657 0.646957 0.969082 0.651739 0.987440 0.651304 0.995169 0.644783 1.000000 0.644348 1.000000 0.630000 0.996135 0.630000 0.987440 0.624783 0.980676 0.623478
0 0.995169 0.605217 0.975845 0.610435 0.972947 0.616522 0.976812 0.621304 0.981643 0.623478 0.986473 0.624348 0.995169 0.628261 1.000000 0.628261 1.000000 0.605217
0 0.909179 0.610870 0.891787 0.610870 0.885990 0.613913 0.881159 0.614783 0.880193 0.617826 0.873430 0.619565 0.872464 0.626957 0.878261 0.630870 0.876329 0.635217 0.882126 0.638261 0.892754 0.639130 0.903382 0.636522 0.920773 0.635217 0.933333 0.630870 0.937198 0.627391 0.933333 0.619565 0.924638 0.615217 0.913043 0.613043
0 0.951691 0.595217 0.933333 0.603478 0.928502 0.608696 0.928502 0.613043 0.936232 0.617826 0.947826 0.620000 0.959420 0.620000 0.970048 0.615652 0.971981 0.607826 0.964251 0.598261 0.961353 0.596522
0 0.898551 0.581304 0.894686 0.583478 0.885990 0.599565 0.885990 0.603913 0.892754 0.608696 0.897585 0.609565 0.910145 0.609565 0.917874 0.608261 0.927536 0.603478 0.935266 0.601304 0.939130 0.597826 0.939130 0.594783 0.930435 0.587826 0.910145 0.581739
0 0.855072 0.575652 0.847343 0.577826 0.836715 0.584348 0.835749 0.596087 0.850242 0.601304 0.862802 0.603043 0.871498 0.603043 0.883092 0.600870 0.888889 0.591304 0.889855 0.583913 0.883092 0.577826 0.869565 0.575217
0 0.821256 0.610000 0.816425 0.615652 0.815459 0.623478 0.819324 0.627826 0.828019 0.631739 0.839614 0.632174 0.856039 0.630870 0.868599 0.627826 0.870531 0.618261 0.852174 0.609565 0.839614 0.607391 0.829952 0.607391
0 0.787440 0.616087 0.775845 0.616522 0.766184 0.618261 0.760386 0.621304 0.757488 0.625652 0.764251 0.639130 0.771014 0.642609 0.776812 0.643913 0.790338 0.643913 0.800000 0.642609 0.813527 0.637391 0.815459 0.634783 0.813527 0.625652 0.800000 0.618696
0 0.710145 0.626522 0.701449 0.633913 0.701449 0.638696 0.704348 0.641739 0.735266 0.646957 0.752657 0.646087 0.762319 0.638696 0.758454 0.630870 0.753623 0.627391 0.735266 0.622609 0.716908 0.624783
0 0.715942 0.648696 0.693720 0.654783 0.691787 0.656957 0.692754 0.664783 0.700483 0.671304 0.713043 0.673478 0.726570 0.673478 0.746860 0.668696 0.753623 0.666087 0.757488 0.662609 0.756522 0.657826 0.750725 0.653478 0.742995 0.650435 0.730435 0.648696
0 0.605797 0.656522 0.598068 0.661739 0.598068 0.666957 0.603865 0.673478 0.617391 0.678696 0.628019 0.680435 0.640580 0.680435 0.653140 0.678696 0.660870 0.673913 0.665700 0.665652 0.661836 0.661739 0.650242 0.655217 0.640580 0.653043 0.627053 0.652609
0 0.650242 0.638696 0.643478 0.642174 0.641546 0.645217 0.644444 0.652609 0.663768 0.660000 0.675362 0.660000 0.685990 0.658696 0.690821 0.655217 0.692754 0.642609 0.683092 0.637826 0.675362 0.636957 0.657971 0.636957
0 0.673430 0.606087 0.654106 0.613913 0.648309 0.622174 0.648309 0.625652 0.654106 0.630435 0.660870 0.632609 0.670531 0.633913 0.685990 0.633913 0.698551 0.631304 0.705314 0.625217 0.704348 0.619130 0.700483 0.615217 0.685024 0.606957
0 0.568116 0.642609 0.560386 0.643913 0.556522 0.645652 0.546860 0.659130 0.548792 0.662174 0.559420 0.666087 0.566184 0.667391 0.578744 0.667826 0.596135 0.662174 0.599034 0.658696 0.599034 0.653478 0.594203 0.648696 0.585507 0.644783 0.576812 0.643043
0 0.593237 0.617826 0.586473 0.619130 0.584541 0.620870 0.577778 0.635652 0.583575 0.641739 0.592271 0.643043 0.606763 0.643043 0.613527 0.641739 0.626087 0.635217 0.628019 0.630000 0.624155 0.626087 0.615459 0.621304 0.604831 0.617826
0 0.508213 0.643043 0.497585 0.646522 0.493720 0.658261 0.499517 0.663478 0.508213 0.668261 0.518841 0.668696 0.540097 0.661739 0.544928 0.658261 0.546860 0.652174 0.545894 0.650435 0.535266 0.645652 0.517874 0.643043
0 0.563285 0.620870 0.542995 0.621304 0.530435 0.626087 0.524638 0.630870 0.523671 0.634783 0.532367 0.640000 0.542995 0.643478 0.555556 0.643478 0.563285 0.641304 0.572947 0.635652 0.577778 0.627391 0.576812 0.623478
0 0.430918 0.642609 0.427053 0.648261 0.429952 0.657826 0.438647 0.660870 0.457971 0.661739 0.475362 0.660435 0.487923 0.658261 0.491787 0.655217 0.491787 0.646087 0.485990 0.642174 0.472464 0.637826 0.449275 0.636522 0.435749 0.640000
0 0.470531 0.619130 0.465894 0.620696 0.464734 0.623043 0.464734 0.627826 0.473430 0.635217 0.482126 0.639565 0.489855 0.640870 0.509179 0.640000 0.518841 0.636957 0.521739 0.634783 0.520773 0.627826 0.523671 0.622609 0.517874 0.618696 0.504348 0.616087 0.491787 0.616087
0 0.525604 0.590000 0.517874 0.592174 0.501449 0.599565 0.495652 0.606522 0.495652 0.610000 0.499517 0.613043 0.519807 0.617391 0.535266 0.617826 0.544928 0.616087 0.548792 0.613478 0.549758 0.599130 0.542029 0.591304 0.535266 0.590000
0 0.560386 0.593913 0.556522 0.595652 0.553623 0.599130 0.552657 0.611739 0.555556 0.614348 0.568116 0.618261 0.579710 0.618261 0.586473 0.616522 0.604831 0.615652 0.604831 0.610435 0.599034 0.606522 0.596135 0.599565 0.578744 0.592609 0.569082 0.592174
0 0.601932 0.592174 0.599034 0.595652 0.598068 0.601304 0.600000 0.605652 0.608696 0.613913 0.621256 0.616087 0.638647 0.615652 0.653140 0.612609 0.662802 0.607826 0.663768 0.602174 0.658937 0.599130 0.643478 0.593913 0.630918 0.591304 0.617391 0.590000 0.609662 0.590000
0 0.655072 0.573478 0.646377 0.575217 0.637681 0.578696 0.629952 0.583913 0.629952 0.588696 0.633816 0.591304 0.654106 0.596957 0.665700 0.597391 0.676329 0.595217 0.683092 0.588261 0.684058 0.582609 0.681159 0.578696 0.673430 0.575217
0 0.692754 0.587391 0.686860 0.588217 0.683671 0.589913 0.682126 0.592174 0.679227 0.594348 0.682126 0.601304 0.689855 0.608261 0.709179 0.615217 0.718841 0.615217 0.730435 0.613043 0.743961 0.606087 0.745894 0.602174 0.744928 0.596087 0.730435 0.590000 0.717874 0.586522
0 0.772947 0.593478 0.759420 0.593043 0.746860 0.597391 0.741063 0.608261 0.741063 0.614348 0.742995 0.616957 0.749758 0.619565 0.760386 0.619565 0.767150 0.616957 0.787440 0.615217 0.796135 0.611739 0.798068 0.608696 0.796135 0.603478 0.778744 0.594783
0 0.792271 0.578696 0.782609 0.582174 0.776812 0.586087 0.776812 0.591739 0.780676 0.595217 0.800966 0.605652 0.816425 0.606957 0.829952 0.606087 0.835749 0.600870 0.835749 0.598261 0.827053 0.583913 0.822222 0.580870 0.813527 0.578261 0.800000 0.577391
0 0.733333 0.562609 0.725604 0.564348 0.717874 0.568261 0.712077 0.576087 0.714976 0.583478 0.722705 0.586087 0.734300 0.587826 0.745894 0.588261 0.753623 0.587391 0.767150 0.583478 0.770048 0.572174 0.765217 0.568261 0.752657 0.562609
0 0.987440 0.577391 0.978744 0.579130 0.971014 0.583913 0.965217 0.591739 0.970048 0.600000 0.976812 0.602174 1.000000 0.602174 1.000000 0.577391
0 0.952657 0.562174 0.937198 0.563913 0.925604 0.572174 0.922705 0.581304 0.924638 0.584348 0.934300 0.588261 0.940097 0.589130 0.959420 0.587826 0.970048 0.584348 0.973913 0.580435 0.970048 0.570435 0.959420 0.564348
0 0.949758 0.553043 0.948792 0.557826 0.950725 0.560435 0.962319 0.564348 0.971981 0.570000 0.983575 0.571739 1.000000 0.571739 1.000000 0.550000 0.977778 0.547391 0.960386 0.550000
0 0.892754 0.556522 0.879227 0.560870 0.878261 0.562609 0.873430 0.564348 0.871498 0.568696 0.880193 0.576087 0.890821 0.580870 0.917874 0.581304 0.922705 0.568696 0.919807 0.563913 0.909179 0.556957 0.900483 0.555652
0 0.821256 0.546957 0.816425 0.551739 0.816425 0.556957 0.825121 0.564783 0.835749 0.568696 0.847343 0.570435 0.864734 0.568696 0.871498 0.565652 0.877295 0.559565 0.885024 0.556957 0.885990 0.552174 0.862802 0.544348 0.836715 0.543043 0.828986 0.546087
0 0.892754 0.527391 0.884058 0.531304 0.877295 0.536957 0.876329 0.546087 0.878261 0.547826 0.888889 0.552174 0.913043 0.556087 0.926570 0.556087 0.940097 0.553043 0.942995 0.549565 0.941063 0.546087 0.929469 0.537826 0.922705 0.530870 0.902415 0.526087
0 0.921739 0.528696 0.936232 0.542174 0.942029 0.544348 0.960386 0.547391 0.976812 0.546522 0.986473 0.541304 0.994203 0.533478 0.993237 0.528696 0.986473 0.524348 0.976812 0.521739 0.963285 0.520000 0.949758 0.520000 0.940097 0.521739
0 0.995169 0.536522 0.989372 0.540435 0.990338 0.547826 0.992271 0.549130 1.000000 0.549565 1.000000 0.536522
0 0.994203 0.492174 0.988406 0.493478 0.978744 0.497826 0.974879 0.506087 0.975845 0.510000 0.979710 0.513913 0.989372 0.517826 1.000000 0.518696 1.000000 0.492174
0 0.961353 0.499130 0.941063 0.495217 0.933333 0.495217 0.922705 0.497826 0.916908 0.505217 0.914976 0.512174 0.917874 0.522174 0.928502 0.523478 0.943961 0.521739 0.955556 0.518696 0.973913 0.511739 0.975845 0.510000 0.973913 0.505652
0 0.865700 0.508696 0.848309 0.509565 0.841546 0.513913 0.834783 0.525652 0.834783 0.533913 0.837681 0.536087 0.843478 0.537391 0.855072 0.537391 0.876329 0.534783 0.882126 0.532609 0.891787 0.525652 0.891787 0.521304 0.884058 0.516087
0 0.822222 0.517826 0.810628 0.517391 0.792271 0.521304 0.779710 0.525652 0.775845 0.529130 0.775845 0.533913 0.781643 0.538261 0.796135 0.542174 0.813527 0.542609 0.824155 0.540870 0.832850 0.536957 0.833816 0.530870 0.831884 0.525652
0 0.809662 0.556087 0.797101 0.553913 0.786473 0.553913 0.771014 0.557391 0.768116 0.560000 0.768116 0.565652 0.778744 0.574783 0.788406 0.575217 0.798068 0.573478 0.809662 0.570000 0.820290 0.564783 0.817391 0.559565
0 0.764251 0.531304 0.743961 0.531304 0.723671 0.540435 0.718841 0.545217 0.717874 0.549130 0.719807 0.556957 0.725604 0.561739 0.752657 0.560870 0.766184 0.558261 0.782609 0.552609 0.787440 0.546087 0.785507 0.541304
0 0.682126 0.556087 0.672464 0.560000 0.667633 0.563913 0.672464 0.569130 0.690821 0.575652 0.702415 0.576522 0.709179 0.575217 0.717874 0.568261 0.719807 0.565217 0.718841 0.562609 0.708213 0.556087
0 0.662802 0.537391 0.659903 0.540000 0.660870 0.547391 0.668599 0.552174 0.681159 0.554348 0.696618 0.554783 0.705314 0.553913 0.717874 0.545217 0.718841 0.540870 0.708213 0.534783 0.701449 0.533478 0.674396 0.533913
0 0.649275 0.547391 0.636715 0.547826 0.621256 0.550000 0.609662 0.555652 0.605797 0.560435 0.608696 0.567391 0.612560 0.570435 0.619324 0.572609 0.641546 0.572609 0.660870 0.566087 0.661836 0.563478 0.657005 0.557391 0.660870 0.552174
0 0.580676 0.540435 0.576812 0.540435 0.561353 0.544783 0.555556 0.547826 0.550725 0.553913 0.550725 0.557391 0.553623 0.562174 0.558454 0.563913 0.581643 0.563913 0.596135 0.562609 0.601932 0.560435 0.602899 0.552174 0.600000 0.548696
0 0.571014 0.566087 0.551691 0.566522 0.534300 0.573043 0.527536 0.583478 0.531401 0.588261 0.545894 0.590870 0.561353 0.592174 0.574879 0.590000 0.584541 0.585652 0.587440 0.583043 0.587440 0.575652 0.583575 0.572174
0 0.481159 0.572174 0.475362 0.573478 0.467633 0.578261 0.463768 0.583478 0.463768 0.589130 0.468599 0.594783 0.482126 0.601304 0.492754 0.601739 0.521739 0.589130 0.520773 0.581739 0.512077 0.576087 0.492754 0.572174
0 0.502415 0.549565 0.496618 0.551304 0.492754 0.555652 0.492754 0.563043 0.497585 0.572174 0.516908 0.578261 0.526570 0.578696 0.535266 0.571739 0.549758 0.565217 0.550725 0.559565 0.548792 0.556957 0.542029 0.553043 0.532367 0.550000 0.525604 0.549130
0 0.440580 0.561739 0.426087 0.561739 0.417391 0.567391 0.411594 0.581304 0.412560 0.591739 0.424155 0.592174 0.433816 0.588696 0.457971 0.584348 0.465700 0.580435 0.465700 0.575652 0.462802 0.571739 0.457005 0.567826
0 0.471498 0.597391 0.454106 0.596522 0.438647 0.597391 0.429952 0.599130 0.425121 0.604348 0.425121 0.612174 0.428019 0.616087 0.434783 0.619565 0.446377 0.621304 0.458937 0.621304 0.485990 0.615217 0.489855 0.612174 0.487923 0.605652 0.481159 0.600870
0 0.371014 0.630870 0.370048 0.635217 0.376812 0.639565 0.397101 0.649130 0.409662 0.650870 0.418357 0.650435 0.425121 0.648261 0.430918 0.641304 0.439614 0.634783 0.434783 0.629565 0.417391 0.626087 0.386473 0.627826
0 0.344928 0.632609 0.337198 0.636522 0.331401 0.644783 0.331401 0.650435 0.339130 0.656522 0.347826 0.659130 0.361353 0.660000 0.380676 0.658261 0.390338 0.655652 0.395169 0.652609 0.395169 0.649130 0.383575 0.642174 0.363285 0.632174 0.350725 0.631304
0 0.377778 0.599130 0.368116 0.604348 0.365217 0.611304 0.365217 0.616087 0.373913 0.623913 0.385507 0.626522 0.405797 0.626087 0.421256 0.623913 0.428986 0.619565 0.424155 0.613043 0.423188 0.607826 0.418357 0.603478 0.397101 0.598261
0 0.335266 0.592174 0.321739 0.593478 0.314976 0.596957 0.310145 0.603043 0.310145 0.611304 0.314010 0.616957 0.317874 0.618696 0.325604 0.620000 0.341063 0.619565 0.358454 0.616522 0.363285 0.614348 0.365217 0.610000 0.365217 0.603913 0.363285 0.602174 0.343961 0.593478
0 0.347826 0.572609 0.339130 0.578261 0.335266 0.583478 0.340097 0.590435 0.348792 0.593913 0.362319 0.596522 0.380676 0.596957 0.387440 0.596087 0.393237 0.592609 0.397101 0.584348 0.391304 0.576087 0.378744 0.570870 0.370048 0.569130
0 0.276329 0.652174 0.269565 0.656087 0.267633 0.662174 0.272464 0.670000 0.280193 0.675217 0.294686 0.678261 0.314976 0.678261 0.326570 0.674783 0.341063 0.666522 0.339130 0.663043 0.318841 0.654783 0.291787 0.650870 0.281159 0.650870
0 0.290821 0.623478 0.272464 0.630870 0.272464 0.639565 0.278261 0.643913 0.294686 0.647826 0.300483 0.650870 0.308213 0.652174 0.317874 0.651739 0.329469 0.648696 0.335266 0.637391 0.341063 0.634348 0.343961 0.630870 0.333333 0.629565 0.325604 0.625652 0.318841 0.625217 0.309179 0.622609 0.299517 0.622174
0 0.257971 0.637391 0.249275 0.638261 0.243478 0.640435 0.235749 0.646957 0.232850 0.652174 0.232850 0.655217 0.237681 0.657826 0.251208 0.660000 0.258937 0.660000 0.266667 0.658261 0.277295 0.647826 0.271498 0.640435
0 0.197101 0.640870 0.186473 0.641304 0.170048 0.644783 0.158454 0.654348 0.157488 0.664348 0.160386 0.666957 0.170048 0.670000 0.186473 0.670870 0.200966 0.670435 0.205797 0.669130 0.210628 0.665217 0.224155 0.658696 0.222222 0.653913 0.216425 0.648696
0 0.203865 0.616957 0.195169 0.618696 0.189372 0.622609 0.193237 0.636957 0.196135 0.639565 0.210628 0.646087 0.223188 0.647826 0.228986 0.646522 0.249275 0.637391 0.252174 0.630435 0.244444 0.623913 0.232850 0.618696 0.216425 0.616957
0 0.240580 0.615217 0.240580 0.620000 0.244444 0.623913 0.257005 0.630870 0.263768 0.631304 0.273430 0.630435 0.284058 0.625652 0.303382 0.620870 0.309179 0.616087 0.308213 0.613478 0.303382 0.611304 0.262802 0.605652 0.253140 0.606087 0.245411 0.610000
0 0.279227 0.580000 0.263768 0.582609 0.256039 0.586087 0.250242 0.591739 0.248309 0.600000 0.251208 0.603478 0.255072 0.605217 0.291787 0.608696 0.304348 0.604783 0.307246 0.598696 0.304348 0.593478 0.293720 0.584783 0.283092 0.580000
0 0.214493 0.593043 0.199034 0.598261 0.194203 0.603478 0.196135 0.609130 0.202899 0.613043 0.215459 0.616957 0.228019 0.618261 0.238647 0.617826 0.250242 0.607826 0.250242 0.603043 0.243478 0.596957 0.230918 0.592609
0 0.133333 0.630870 0.125604 0.631739 0.112077 0.635217 0.106280 0.638696 0.106280 0.643043 0.112077 0.649130 0.121739 0.654783 0.132367 0.656957 0.137198 0.656957 0.154589 0.653043 0.161353 0.649565 0.164251 0.646087 0.162319 0.642609 0.148792 0.635217 0.141063 0.632174
0 0.057005 0.633913 0.049275 0.638261 0.048309 0.643478 0.052174 0.648261 0.073430 0.658261 0.099517 0.657391 0.108213 0.655217 0.111111 0.649565 0.105314 0.640435 0.105314 0.634348 0.093720 0.630870 0.080193 0.630000 0.064734 0.631739
0 0.075362 0.610435 0.068599 0.615217 0.066667 0.620000 0.069565 0.623913 0.079227 0.628261 0.106280 0.632609 0.117874 0.632174 0.126570 0.629565 0.132367 0.623478 0.133333 0.617826 0.125604 0.610000 0.117874 0.608696 0.098551 0.608261 0.081159 0.609130
0 0.138164 0.623478 0.135266 0.625652 0.137198 0.630435 0.160386 0.641739 0.175845 0.642609 0.190338 0.639130 0.192271 0.636522 0.191304 0.628261 0.188406 0.624348 0.180676 0.620435 0.172947 0.619130 0.155556 0.619130
0 0.181643 0.596522 0.171014 0.593913 0.159420 0.594348 0.149758 0.596522 0.142995 0.599565 0.138164 0.603043 0.134300 0.610435 0.134300 0.616087 0.142995 0.619130 0.179710 0.618696 0.195169 0.615652 0.198068 0.610870 0.194203 0.603478 0.191304 0.600870
0 0.107246 0.585652 0.099517 0.587826 0.087923 0.595652 0.089855 0.601304 0.099517 0.605652 0.107246 0.607391 0.127536 0.608696 0.131401 0.607391 0.137198 0.600000 0.142995 0.596087 0.142029 0.591304 0.137198 0.588696 0.122705 0.585217 0.114976 0.584783
0 0.099517 0.570870 0.087923 0.570435 0.075362 0.571304 0.056039 0.575217 0.053140 0.577391 0.051208 0.583478 0.055072 0.587826 0.064734 0.592609 0.075362 0.596087 0.084058 0.596522 0.087923 0.595652 0.093720 0.590870 0.112077 0.583478 0.112077 0.579130 0.109179 0.574783
0 0.115942 0.562609 0.111111 0.565652 0.109179 0.570435 0.110145 0.575217 0.114976 0.581304 0.126570 0.586087 0.142995 0.589130 0.159420 0.586957 0.167150 0.580435 0.167150 0.573478 0.158454 0.566087 0.150725 0.563478 0.136232 0.561304 0.122705 0.561304
0 0.207729 0.570435 0.196135 0.570000 0.188406 0.570870 0.174879 0.574348 0.171981 0.579130 0.164251 0.584348 0.163285 0.587391 0.169082 0.593043 0.186473 0.596522 0.197101 0.596522 0.228019 0.591304 0.229952 0.589565 0.229952 0.582609 0.228019 0.580000 0.217391 0.573478
0 0.196135 0.544348 0.186473 0.544348 0.174879 0.546957 0.160386 0.553478 0.156522 0.556522 0.156522 0.564783 0.169082 0.570870 0.177778 0.571739 0.200000 0.570000 0.206763 0.568261 0.210628 0.561739 0.209662 0.556522
0 0.047343 0.549130 0.047343 0.555217 0.053140 0.560435 0.065700 0.567391 0.072464 0.569565 0.101449 0.568696 0.119807 0.556957 0.115942 0.552609 0.110145 0.550000 0.091787 0.545652 0.083092 0.544783 0.054106 0.546522
0 0.141063 0.533043 0.131401 0.535217 0.115942 0.540870 0.113043 0.549130 0.118841 0.554783 0.125604 0.556957 0.142995 0.558261 0.154589 0.557826 0.159420 0.555652 0.166184 0.549130 0.163285 0.540435 0.159420 0.536522 0.152657 0.533478
0 0.287923 0.564348 0.273430 0.557826 0.265700 0.556522 0.256039 0.557391 0.236715 0.565652 0.228986 0.572174 0.230918 0.576087 0.237681 0.578696 0.268599 0.578261 0.279227 0.576957 0.283092 0.575652 0.290821 0.568696
0 0.340097 0.567826 0.319807 0.565217 0.306280 0.565217 0.294686 0.567391 0.289855 0.569565 0.284058 0.576522 0.287923 0.581304 0.293720 0.583913 0.299517 0.588696 0.310145 0.590000 0.326570 0.587826 0.333333 0.585652 0.345894 0.572609 0.344928 0.570435
0 0.307246 0.543478 0.299517 0.550435 0.298551 0.554348 0.300483 0.556957 0.310145 0.562174 0.330435 0.566522 0.344928 0.567826 0.360386 0.567391 0.370048 0.564348 0.371981 0.560870 0.370048 0.555217 0.367150 0.552609 0.353623 0.546957 0.330435 0.540000 0.314976 0.540435
0 0.231884 0.541304 0.231884 0.545217 0.254106 0.553913 0.271498 0.556522 0.284058 0.556522 0.295652 0.554783 0.305314 0.545217 0.308213 0.540000 0.304348 0.535217 0.293720 0.530870 0.286957 0.530000 0.268599 0.530000 0.255072 0.531739 0.239614 0.540870
0 0.082126 0.512609 0.059903 0.520435 0.057971 0.523043 0.057971 0.530000 0.063768 0.537391 0.068599 0.539565 0.082126 0.542609 0.092754 0.542609 0.119807 0.534783 0.121739 0.533043 0.121739 0.525217 0.114010 0.519130 0.106280 0.515652 0.097585 0.513478
0 0.191304 0.513478 0.171981 0.526087 0.170048 0.528696 0.171981 0.538261 0.183575 0.539565 0.206763 0.539565 0.230918 0.535652 0.235749 0.533478 0.237681 0.527826 0.235749 0.524783 0.226087 0.519130 0.207729 0.513043 0.195169 0.512609
0 0.239614 0.513913 0.235749 0.521739 0.245411 0.527826 0.256039 0.530000 0.278261 0.530000 0.287923 0.528261 0.291787 0.520870 0.287923 0.513478 0.281159 0.509130 0.266667 0.506957 0.257971 0.507391
0 0.290821 0.500870 0.286957 0.509130 0.288889 0.514348 0.294686 0.522609 0.304348 0.526957 0.316908 0.528261 0.322705 0.527826 0.334300 0.522174 0.343961 0.520435 0.347826 0.518696 0.348792 0.513043 0.346860 0.511304 0.331401 0.504783 0.315942 0.501739 0.301449 0.500435
0 0.327536 0.524348 0.325604 0.527391 0.327536 0.533478 0.335266 0.540000 0.353623 0.546522 0.362319 0.546957 0.376812 0.544783 0.398068 0.533478 0.395169 0.528261 0.379710 0.521304 0.371014 0.520435 0.345894 0.520435 0.333333 0.522174
0 0.396135 0.541304 0.391304 0.546087 0.391304 0.552174 0.399034 0.556957 0.420290 0.561304 0.435749 0.560870 0.448309 0.561739 0.454106 0.555652 0.448309 0.549565 0.444444 0.540870 0.438647 0.538261 0.430918 0.536522 0.420290 0.536087
0 0.476329 0.538696 0.458937 0.540000 0.452174 0.541304 0.447343 0.543913 0.448309 0.550000 0.455072 0.556087 0.455072 0.558261 0.452174 0.560435 0.452174 0.564783 0.464734 0.571304 0.474396 0.571304 0.481159 0.568696 0.485024 0.564783 0.487923 0.556522 0.491787 0.553043 0.492754 0.548696 0.489855 0.545217 0.482126 0.540000
0 0.498551 0.524348 0.483092 0.530435 0.480193 0.533043 0.479227 0.537391 0.486957 0.543478 0.504348 0.548261 0.529469 0.548696 0.533333 0.546522 0.533333 0.542174 0.528502 0.537826 0.524638 0.528261 0.512077 0.523913
0 0.397101 0.513043 0.391304 0.516957 0.389372 0.520435 0.390338 0.524783 0.395169 0.528261 0.401932 0.531304 0.413527 0.534348 0.429952 0.535652 0.440580 0.538696 0.448309 0.539565 0.452174 0.534783 0.459903 0.529565 0.460870 0.523478 0.454106 0.516957 0.446377 0.512174 0.438647 0.509130 0.418357 0.507826
0 0.545894 0.516957 0.536232 0.518261 0.531401 0.520000 0.526570 0.528261 0.526570 0.533043 0.532367 0.541304 0.538164 0.543913 0.553623 0.546522 0.570048 0.541739 0.583575 0.539565 0.590338 0.536087 0.592271 0.532609 0.586473 0.526087 0.578744 0.522174 0.561353 0.517391
0 0.478261 0.494783 0.458937 0.503478 0.449275 0.509565 0.449275 0.513913 0.462802 0.522609 0.491787 0.526087 0.508213 0.521739 0.510145 0.516522 0.489855 0.496957 0.484058 0.494783
0 0.505314 0.497391 0.502415 0.501739 0.502415 0.506522 0.504348 0.509565 0.512077 0.513478 0.542029 0.516957 0.563285 0.516957 0.566184 0.516087 0.569082 0.512609 0.569082 0.509130 0.555556 0.501739 0.535266 0.497826 0.518841 0.496087 0.508213 0.496087
0 0.620290 0.514348 0.613527 0.515652 0.600966 0.522174 0.596135 0.530000 0.597101 0.536957 0.600000 0.539565 0.611594 0.543913 0.628986 0.545652 0.640580 0.545217 0.647343 0.543913 0.657971 0.538696 0.657971 0.532609 0.643478 0.521739 0.628986 0.515652
0 0.651208 0.513478 0.648309 0.517826 0.655072 0.522609 0.658937 0.527826 0.662802 0.529565 0.680193 0.533478 0.700483 0.532174 0.704348 0.528261 0.709179 0.526087 0.711111 0.520870 0.709179 0.516522 0.696618 0.509565 0.684058 0.508261 0.665700 0.509565 0.657005 0.513043
0 0.723671 0.507826 0.717874 0.513478 0.716908 0.522174 0.719807 0.526522 0.726570 0.529565 0.734300 0.530870 0.761353 0.530435 0.773913 0.528261 0.787440 0.521304 0.788406 0.516957 0.784541 0.513478 0.775845 0.509130 0.767150 0.506957 0.740097 0.504783 0.729469 0.505652
0 0.818357 0.482609 0.806763 0.485652 0.798068 0.490000 0.792271 0.497826 0.793237 0.502174 0.797101 0.506087 0.811594 0.511304 0.820290 0.512174 0.839614 0.511739 0.849275 0.509130 0.854106 0.506087 0.855072 0.500000 0.852174 0.492609 0.849275 0.490000 0.832850 0.483478
0 0.742995 0.468696 0.737198 0.476957 0.738164 0.487391 0.742029 0.491739 0.750725 0.496087 0.768116 0.498696 0.787440 0.497826 0.791304 0.496087 0.800000 0.486522 0.791304 0.479565 0.771981 0.473043
0 0.715942 0.483913 0.708213 0.483478 0.700483 0.484783 0.691787 0.490000 0.691787 0.503043 0.699517 0.507826 0.718841 0.507826 0.739130 0.503478 0.746860 0.498261 0.738164 0.490435 0.727536 0.486522
0 0.628019 0.486087 0.625121 0.488261 0.625121 0.492609 0.628986 0.497826 0.639614 0.503043 0.656039 0.508696 0.664734 0.509565 0.678261 0.506957 0.688889 0.501739 0.691787 0.496522 0.690821 0.490435 0.678261 0.484348 0.671498 0.483043 0.653140 0.482174 0.642512 0.483043
0 0.598068 0.485652 0.569082 0.485652 0.562319 0.487826 0.557488 0.491739 0.557488 0.500870 0.563285 0.505652 0.574879 0.510435 0.585507 0.510435 0.597101 0.508261 0.612560 0.501739 0.616425 0.498696 0.617391 0.493043 0.608696 0.488261
0 0.554589 0.459565 0.548792 0.463043 0.543961 0.479130 0.549758 0.484348 0.557488 0.486087 0.570048 0.484783 0.587440 0.485217 0.592271 0.484348 0.599034 0.480870 0.601932 0.477391 0.600000 0.471739 0.590338 0.464783 0.583575 0.461739 0.569082 0.458696 0.559420 0.458261
0 0.496618 0.454348 0.485024 0.459130 0.483092 0.463043 0.497585 0.473913 0.505314 0.477391 0.517874 0.480000 0.537198 0.480435 0.541063 0.479565 0.547826 0.466522 0.545894 0.458261 0.535266 0.453043 0.528502 0.451739 0.515942 0.451304
0 0.640580 0.457391 0.628019 0.466087 0.628019 0.470435 0.633816 0.476087 0.641546 0.479565 0.650242 0.481739 0.674396 0.481739 0.681159 0.478261 0.683092 0.475652 0.683092 0.469565 0.678261 0.463913 0.659903 0.457826 0.648309 0.456522
0 0.722705 0.455652 0.709179 0.453043 0.697585 0.453478 0.690821 0.455217 0.684058 0.461739 0.683092 0.466087 0.685990 0.479130 0.695652 0.480435 0.710145 0.480435 0.736232 0.471304 0.739130 0.468696 0.738164 0.462609
0 0.591304 0.447826 0.583575 0.450870 0.583575 0.456522 0.590338 0.465217 0.602899 0.471739 0.613527 0.472174 0.622222 0.470870 0.626087 0.469130 0.629952 0.462609 0.634783 0.459130 0.635749 0.453913 0.628986 0.449130 0.620290 0.447391 0.601932 0.446957
0 0.438647 0.477826 0.418357 0.480435 0.409662 0.483478 0.406763 0.486087 0.406763 0.494348 0.409662 0.499565 0.420290 0.506087 0.433816 0.508696 0.444444 0.509130 0.450242 0.508261 0.472464 0.497826 0.481159 0.490435 0.481159 0.486087 0.472464 0.482174 0.463768 0.480000 0.446377 0.477826
0 0.882126 0.484348 0.864734 0.486957 0.854106 0.494348 0.856039 0.500435 0.860870 0.505652 0.869565 0.509130 0.885024 0.512174 0.897585 0.510435 0.904348 0.506957 0.912077 0.499130 0.912077 0.493478 0.909179 0.490000 0.899517 0.486087
0 0.995169 0.476957 0.991304 0.479565 0.990338 0.490435 0.994203 0.491739 1.000000 0.491739 0.999614 0.474174
0 0.975845 0.471304 0.951691 0.471739 0.935266 0.478696 0.929469 0.482174 0.926570 0.486522 0.938164 0.493043 0.950725 0.496087 0.961353 0.497391 0.974879 0.496087 0.985507 0.492174 0.991304 0.486522 0.992271 0.480435 0.984541 0.473913
0 0.915942 0.452174 0.896618 0.456522 0.885024 0.461739 0.880193 0.467391 0.885024 0.473478 0.894686 0.480435 0.909179 0.483913 0.926570 0.483913 0.949758 0.471304 0.950725 0.466087 0.939130 0.453478 0.936232 0.452174
0 0.954589 0.446957 0.950725 0.451304 0.973913 0.468696 0.985507 0.471739 1.000000 0.471739 1.000000 0.448696 0.995169 0.448696 0.970048 0.444348
0 0.863768 0.460870 0.857005 0.463043 0.844444 0.474348 0.844444 0.479565 0.850242 0.483043 0.870531 0.485217 0.883092 0.483478 0.889855 0.478261 0.876329 0.466957 0.875362 0.462609
0 0.802899 0.451304 0.794203 0.453478 0.787440 0.458261 0.788406 0.466522 0.796135 0.474783 0.804831 0.479130 0.812560 0.480870 0.822222 0.480870 0.834783 0.477391 0.846377 0.471739 0.850242 0.467391 0.850242 0.462609 0.832850 0.453043 0.819324 0.451304
0 0.760386 0.434783 0.751691 0.438696 0.742995 0.446087 0.742995 0.450435 0.746860 0.455217 0.756522 0.459130 0.768116 0.460870 0.786473 0.460870 0.789372 0.456087 0.800966 0.451304 0.800000 0.446957 0.787440 0.437826 0.778744 0.435652
0 0.828986 0.429130 0.810628 0.436957 0.802899 0.444783 0.803865 0.449565 0.807729 0.450870 0.824155 0.451739 0.837681 0.453913 0.857005 0.453043 0.860870 0.450435 0.860870 0.441304 0.857005 0.434348 0.852174 0.431739 0.840580 0.429130
0 0.913043 0.430870 0.894686 0.430870 0.879227 0.435217 0.863768 0.443043 0.863768 0.448696 0.868599 0.450870 0.887923 0.454783 0.900483 0.455217 0.918841 0.451304 0.921739 0.448696 0.920773 0.435217
0 0.934300 0.423043 0.920773 0.434783 0.922705 0.444348 0.927536 0.447826 0.934300 0.449565 0.949758 0.448261 0.962319 0.443913 0.964251 0.440870 0.964251 0.430870 0.961353 0.426957 0.956522 0.425217
0 0.993237 0.419565 0.987440 0.420435 0.971981 0.426957 0.970048 0.430000 0.970048 0.439130 0.972947 0.443913 0.995169 0.448696 1.000000 0.448696 1.000000 0.419565
0 0.995169 0.396957 0.990338 0.403478 0.990338 0.408261 0.995169 0.412609 1.000000 0.415957 1.000000 0.396957
0 0.968116 0.404348 0.956522 0.406957 0.945894 0.411304 0.937198 0.416087 0.935266 0.420435 0.938164 0.423043 0.956522 0.425217 0.970048 0.428696 0.976812 0.424348 0.994203 0.416522 0.994203 0.413913 0.986473 0.406957
0 0.911111 0.391304 0.902415 0.393913 0.894686 0.397826 0.894686 0.407391 0.908213 0.416087 0.914976 0.417391 0.932367 0.416957 0.942029 0.413478 0.948792 0.408261 0.949758 0.403913 0.947826 0.400000 0.942029 0.396522 0.929469 0.392609 0.919807 0.390870
0 0.893720 0.408696 0.881159 0.407826 0.873430 0.408696 0.861836 0.411739 0.853140 0.415652 0.842512 0.423043 0.840580 0.428261 0.857005 0.434348 0.864734 0.435652 0.875362 0.435652 0.892754 0.431304 0.909179 0.429565 0.911111 0.428261 0.910145 0.420000 0.904348 0.413478
0 0.867633 0.387826 0.855072 0.388696 0.836715 0.393478 0.830918 0.396087 0.827053 0.400435 0.829952 0.406957 0.838647 0.407391 0.847343 0.409130 0.857005 0.412609 0.879227 0.407826 0.884058 0.405652 0.885990 0.396087 0.878261 0.390870
0 0.847343 0.409565 0.839614 0.408261 0.820290 0.407391 0.808696 0.408696 0.801932 0.411304 0.800000 0.414348 0.800000 0.429565 0.805797 0.433478 0.814493 0.434783 0.836715 0.426522 0.852174 0.416087 0.852174 0.411739
0 0.778744 0.385652 0.771981 0.389130 0.766184 0.395217 0.766184 0.399130 0.771014 0.403913 0.775845 0.406087 0.798068 0.409130 0.805797 0.409130 0.821256 0.406957 0.825121 0.404783 0.828986 0.397826 0.828019 0.393043 0.822222 0.389130 0.812560 0.385652 0.804831 0.384348 0.786473 0.383913
0 0.759420 0.408261 0.746860 0.413478 0.744928 0.415652 0.745894 0.422174 0.762319 0.432609 0.787440 0.433478 0.791304 0.431739 0.792271 0.428261 0.799034 0.421304 0.800000 0.412174 0.787440 0.407391 0.768116 0.406957
0 0.721739 0.418261 0.710145 0.420435 0.706280 0.422609 0.697585 0.430870 0.696618 0.439130 0.700483 0.445217 0.704348 0.447391 0.716908 0.449130 0.729469 0.449130 0.738164 0.448261 0.742029 0.446522 0.750725 0.437826 0.755556 0.435217 0.756522 0.430870 0.752657 0.426522 0.741063 0.420000 0.731401 0.418261
0 0.720773 0.391739 0.714976 0.393478 0.711111 0.397391 0.711111 0.407826 0.719807 0.414348 0.723671 0.415652 0.737198 0.416957 0.742995 0.415652 0.758454 0.408261 0.758454 0.403478 0.754589 0.400435 0.738164 0.394348 0.726570 0.391304
0 0.694686 0.406522 0.685990 0.406522 0.676329 0.408261 0.670531 0.410435 0.667633 0.413043 0.665700 0.423913 0.667633 0.428696 0.672464 0.431304 0.681159 0.432174 0.693720 0.431304 0.698551 0.429130 0.704348 0.423913 0.706280 0.419565 0.701449 0.415652 0.698551 0.407826
0 0.648309 0.443043 0.641546 0.446522 0.637681 0.450435 0.640580 0.454783 0.645411 0.456522 0.659903 0.457826 0.673430 0.460870 0.682126 0.459565 0.687923 0.455652 0.683092 0.446522 0.676329 0.443043 0.665700 0.441304
0 0.603865 0.420000 0.586473 0.431304 0.586473 0.440000 0.591304 0.445217 0.595169 0.446522 0.623188 0.446957 0.638647 0.443478 0.640580 0.434348 0.630918 0.427826 0.613527 0.420870
0 0.625121 0.403043 0.606763 0.410000 0.605797 0.414783 0.607729 0.417826 0.639614 0.432174 0.649275 0.433043 0.659903 0.431739 0.665700 0.428261 0.665700 0.418261 0.658937 0.409565 0.653140 0.405217 0.646377 0.403043 0.636715 0.402174
0 0.664734 0.382174 0.653140 0.388261 0.649275 0.392174 0.648309 0.401739 0.656039 0.406522 0.663768 0.408261 0.700483 0.405652 0.706280 0.401304 0.706280 0.395652 0.694686 0.386087 0.683092 0.381739 0.672464 0.380870
0 0.623188 0.380870 0.612560 0.380435 0.602899 0.381739 0.596135 0.384783 0.593237 0.387826 0.590338 0.394783 0.590338 0.401304 0.599034 0.404348 0.603865 0.407826 0.613527 0.407826 0.627053 0.403043 0.639614 0.400870 0.647343 0.394348 0.647343 0.391304 0.642512 0.386957 0.631884 0.382609
0 0.599034 0.404783 0.594203 0.404348 0.565217 0.406957 0.547826 0.411739 0.540097 0.416522 0.539130 0.421304 0.541063 0.424783 0.549758 0.430000 0.567150 0.434348 0.579710 0.434348 0.583575 0.433043 0.600000 0.419565 0.603865 0.407826
0 0.559420 0.374783 0.546860 0.376522 0.535266 0.381304 0.530435 0.385652 0.530435 0.393478 0.545894 0.403478 0.561353 0.406087 0.577778 0.403913 0.583575 0.400870 0.589372 0.392609 0.589372 0.384783 0.585507 0.380000 0.578744 0.376957 0.570048 0.375217
0 0.550725 0.433913 0.541063 0.436087 0.535266 0.439130 0.531401 0.443043 0.534300 0.448696 0.545894 0.453913 0.557488 0.456087 0.563285 0.456087 0.574879 0.453913 0.582609 0.450435 0.584541 0.446957 0.580676 0.439130 0.571014 0.435217
0 0.479227 0.433043 0.477295 0.436522 0.477295 0.448261 0.481159 0.450435 0.493720 0.453043 0.505314 0.453043 0.525604 0.450435 0.527536 0.446087 0.524638 0.440000 0.513043 0.433913 0.494686 0.431304 0.485990 0.431304
0 0.533333 0.417826 0.527536 0.415652 0.515942 0.415652 0.500483 0.417826 0.485990 0.423913 0.484058 0.426957 0.485990 0.430435 0.514976 0.434348 0.534300 0.432609 0.539130 0.430000 0.540097 0.426957
0 0.491787 0.391739 0.485990 0.395217 0.485990 0.403478 0.496618 0.414783 0.503382 0.416522 0.531401 0.415217 0.542995 0.408696 0.542995 0.403043 0.535266 0.396957 0.528502 0.394348 0.511111 0.391304 0.496618 0.390870
0 0.447343 0.426957 0.428986 0.433913 0.423188 0.439565 0.422222 0.443478 0.429952 0.448261 0.447343 0.452609 0.467633 0.452609 0.473430 0.451304 0.476329 0.447391 0.475362 0.432609 0.457971 0.427391
0 0.471498 0.400000 0.446377 0.400870 0.441546 0.403478 0.433816 0.411739 0.435749 0.416957 0.441546 0.421304 0.449275 0.425217 0.459903 0.427391 0.472464 0.426957 0.487923 0.422609 0.495652 0.416522 0.488889 0.406957 0.475362 0.400435
0 0.448309 0.378261 0.439614 0.382174 0.434783 0.387826 0.435749 0.393043 0.443478 0.398696 0.457005 0.400435 0.473430 0.399130 0.482126 0.397391 0.488889 0.392609 0.487923 0.387826 0.483092 0.383478 0.466667 0.377391 0.454106 0.376957
0 0.377778 0.398696 0.374879 0.400000 0.372947 0.404783 0.380676 0.413478 0.389372 0.416957 0.400966 0.418261 0.412560 0.421304 0.422222 0.421304 0.430918 0.416087 0.431884 0.413043 0.437681 0.408261 0.438647 0.403478 0.434783 0.400435 0.421256 0.396522 0.410628 0.395652 0.392271 0.395652
0 0.374879 0.420000 0.371014 0.422609 0.370048 0.427826 0.381643 0.441304 0.398068 0.446087 0.407729 0.446087 0.416425 0.444783 0.420290 0.443043 0.428019 0.433043 0.427053 0.429565 0.420290 0.423913 0.410628 0.420435 0.397101 0.417826 0.385507 0.417391
0 0.344928 0.399565 0.338164 0.401739 0.326570 0.413043 0.324638 0.420870 0.327536 0.423913 0.334300 0.426957 0.342995 0.428261 0.354589 0.428261 0.364251 0.426522 0.373913 0.417391 0.375845 0.411304 0.371014 0.405652 0.365217 0.402174 0.355556 0.399565
0 0.316908 0.392174 0.303382 0.390870 0.290821 0.391304 0.280193 0.396087 0.281159 0.409130 0.279227 0.412609 0.282126 0.416522 0.290821 0.419565 0.300483 0.419565 0.313043 0.416957 0.333333 0.405217 0.329469 0.396522
0 0.257005 0.384783 0.238647 0.387826 0.228986 0.392609 0.220290 0.399565 0.220290 0.404348 0.225121 0.408261 0.237681 0.412609 0.247343 0.414348 0.269565 0.413478 0.280193 0.408696 0.280193 0.392609 0.265700 0.385652
0 0.402899 0.452609 0.395169 0.455217 0.385507 0.462609 0.382609 0.466087 0.382609 0.471739 0.387440 0.476522 0.393237 0.479130 0.403865 0.480870 0.413527 0.480870 0.438647 0.476087 0.447343 0.470870 0.446377 0.466522 0.438647 0.460870 0.428986 0.456522 0.413527 0.452609
0 0.351691 0.439130 0.344928 0.443043 0.342995 0.446087 0.342995 0.460435 0.356522 0.465217 0.379710 0.468696 0.396135 0.455217 0.397101 0.450000 0.387440 0.444348 0.376812 0.441304 0.362319 0.438696
0 0.316908 0.441739 0.311111 0.440870 0.302415 0.441739 0.285990 0.449130 0.281159 0.453043 0.278261 0.458261 0.278261 0.463478 0.281159 0.465652 0.318841 0.467391 0.331401 0.465652 0.337198 0.463043 0.339130 0.459565 0.337198 0.454348 0.331401 0.449565
0 0.342029 0.463913 0.326570 0.468696 0.324638 0.470870 0.327536 0.475652 0.341063 0.487826 0.347826 0.491304 0.360386 0.493478 0.368116 0.493043 0.372947 0.491304 0.376812 0.487391 0.386473 0.482174 0.384541 0.475652 0.374879 0.468261 0.352657 0.464348
0 0.198068 0.411739 0.193237 0.415652 0.193237 0.424348 0.196135 0.426957 0.200000 0.427826 0.222222 0.428261 0.238647 0.431739 0.248309 0.430000 0.256039 0.424348 0.253140 0.420870 0.244444 0.415652 0.232850 0.412174 0.215459 0.409565 0.202899 0.410000
0 0.151691 0.410435 0.144928 0.411739 0.135266 0.415652 0.133333 0.418696 0.134300 0.425652 0.152657 0.435217 0.158454 0.436522 0.170048 0.436957 0.173913 0.435652 0.176812 0.431739 0.192271 0.425652 0.191304 0.415217 0.186473 0.411739 0.177778 0.410435
0 0.183575 0.429130 0.175845 0.434348 0.175845 0.437826 0.191304 0.450435 0.205797 0.452609 0.222222 0.450000 0.235749 0.440000 0.235749 0.431304 0.230918 0.429565 0.209662 0.427826 0.191304 0.427826
0 0.230918 0.442609 0.223188 0.448261 0.224155 0.455217 0.220290 0.459130 0.229952 0.463478 0.237681 0.464783 0.258937 0.464783 0.264734 0.465652 0.274396 0.464783 0.277295 0.461739 0.278261 0.450435 0.274396 0.445217 0.265700 0.439130 0.257971 0.438261 0.250242 0.438696
0 0.283092 0.482174 0.280193 0.485652 0.280193 0.489565 0.290821 0.495652 0.306280 0.498696 0.321739 0.498696 0.329469 0.497826 0.335266 0.495652 0.338164 0.490870 0.338164 0.485652 0.333333 0.481739 0.328502 0.480000 0.317874 0.477826 0.308213 0.477826
0 0.387440 0.490870 0.377778 0.491739 0.369082 0.497826 0.368116 0.516522 0.369082 0.518261 0.376812 0.520435 0.386473 0.519130 0.392271 0.514783 0.403865 0.510000 0.407729 0.506522 0.407729 0.501739 0.403865 0.497826
0 0.246377 0.465652 0.226087 0.473043 0.225121 0.478696 0.238647 0.487826 0.253140 0.490435 0.268599 0.490435 0.276329 0.488261 0.281159 0.482609 0.286957 0.479130 0.285024 0.474783 0.270531 0.467391 0.257005 0.465217
0 0.145894 0.462609 0.136232 0.466087 0.132367 0.470000 0.134300 0.478696 0.142995 0.486522 0.160386 0.495217 0.169082 0.496957 0.176812 0.496087 0.191304 0.490435 0.192271 0.484783 0.195169 0.482609 0.195169 0.474783 0.187440 0.468261 0.178744 0.464783 0.169082 0.462609
0 0.112077 0.444348 0.110145 0.448696 0.114010 0.453043 0.123671 0.458696 0.134300 0.462174 0.178744 0.462174 0.188406 0.451304 0.176812 0.440435 0.168116 0.437826 0.148792 0.436957 0.130435 0.438261 0.123671 0.439565
0 0.079227 0.454783 0.075362 0.458261 0.074396 0.463043 0.077295 0.467391 0.084058 0.470870 0.103382 0.473913 0.117874 0.473478 0.126570 0.470870 0.131401 0.467391 0.133333 0.462609 0.114976 0.453478 0.103382 0.452609