0 0.508213 0.444348 0.500483 0.449130 0.497585 0.459565 0.502415 0.464783 0.509179 0.467391 0.517874 0.468696 0.540097 0.469130 0.545894 0.467826 0.555556 0.460870 0.555556 0.454783 0.543961 0.444783 0.539130 0.445217 0.525604 0.448261 0.517874 0.445217
0 0.491787 0.474348 0.493720 0.482609 0.500483 0.490870 0.506280 0.494348 0.517874 0.496522 0.531401 0.492609 0.555556 0.489565 0.559420 0.488261 0.561353 0.482609 0.559420 0.477826 0.549758 0.472174 0.540097 0.470000 0.531401 0.469130 0.507246 0.469130 0.496618 0.471304
0 0.455072 0.473913 0.446377 0.478261 0.443478 0.481739 0.444444 0.486522 0.447343 0.489130 0.466667 0.495652 0.477295 0.496957 0.482126 0.498696 0.494686 0.498696 0.502415 0.494348 0.502415 0.489565 0.498551 0.487391 0.491787 0.476957 0.485024 0.474348 0.474396 0.472174 0.463768 0.472174
0 0.582609 0.415217 0.577778 0.419565 0.577778 0.423913 0.593237 0.431304 0.611594 0.436957 0.630918 0.438261 0.648309 0.432609 0.652174 0.427826 0.652174 0.419565 0.648309 0.414783 0.642512 0.412174 0.628019 0.410435 0.621256 0.407826 0.612560 0.410000 0.602899 0.410435 0.591304 0.414348
0 0.556522 0.433478 0.552657 0.435652 0.548792 0.443913 0.554589 0.453478 0.562319 0.457391 0.570048 0.459130 0.604831 0.456957 0.617391 0.450435 0.620290 0.447826 0.620290 0.442609 0.616425 0.439565 0.604831 0.434783 0.594203 0.432174 0.582609 0.430870 0.567150 0.430870
0 0.657005 0.434783 0.646377 0.434348 0.636715 0.436522 0.627053 0.441304 0.617391 0.450870 0.619324 0.458261 0.630918 0.464783 0.637681 0.466957 0.648309 0.466957 0.657005 0.463043 0.679227 0.459565 0.685024 0.451739 0.684058 0.446957 0.678261 0.442609 0.666667 0.437391
0 0.628986 0.463043 0.622222 0.460435 0.600966 0.457826 0.585507 0.457826 0.569082 0.459565 0.559420 0.462609 0.556522 0.464783 0.556522 0.474783 0.563285 0.480000 0.571014 0.482174 0.578744 0.482609 0.597101 0.480435 0.613527 0.476522 0.630918 0.467391
0 0.402899 0.472174 0.398068 0.473043 0.389372 0.478261 0.390338 0.488696 0.393237 0.495217 0.397101 0.499565 0.400966 0.501304 0.411594 0.503478 0.421256 0.503478 0.439614 0.496522 0.445411 0.491304 0.438647 0.478261 0.431884 0.475217 0.413527 0.472609
0 0.447343 0.491304 0.438647 0.496957 0.425121 0.503043 0.423188 0.510000 0.429952 0.515217 0.458937 0.516957 0.466667 0.515217 0.474396 0.506522 0.484058 0.501739 0.457005 0.492174
0 0.667633 0.460870 0.657971 0.462609 0.651208 0.466522 0.647343 0.473913 0.647343 0.478696 0.654106 0.490435 0.658937 0.492609 0.683092 0.493913 0.685990 0.492609 0.690821 0.484783 0.699517 0.480870 0.708213 0.482174 0.711111 0.481739 0.714010 0.478261 0.709179 0.470435 0.698551 0.464783 0.682126 0.460870
0 0.742029 0.460000 0.731401 0.461739 0.716908 0.466957 0.713043 0.470000 0.713043 0.476087 0.715942 0.480000 0.727536 0.486522 0.735266 0.488261 0.742995 0.491739 0.754589 0.491739 0.764251 0.489565 0.771981 0.476957 0.771981 0.466957 0.763285 0.461739 0.755556 0.460435
0 0.731401 0.439565 0.719807 0.437826 0.712077 0.438261 0.690821 0.447826 0.683092 0.456957 0.683092 0.459565 0.688889 0.462609 0.717874 0.465217 0.743961 0.459130 0.743961 0.454783
0 0.720773 0.419565 0.715942 0.416087 0.706280 0.413043 0.690821 0.413043 0.682126 0.414783 0.670531 0.420000 0.662802 0.428261 0.661836 0.432174 0.690821 0.437826 0.710145 0.437391 0.723671 0.431739 0.724638 0.426522
0 0.741063 0.403043 0.731401 0.406957 0.726570 0.411739 0.729469 0.424348 0.739130 0.428696 0.751691 0.432174 0.770048 0.432174 0.776812 0.428696 0.776812 0.422609 0.773913 0.415217 0.767150 0.407826 0.766184 0.403043 0.762319 0.400870
0 0.770048 0.433043 0.751691 0.432609 0.742995 0.435652 0.739130 0.439130 0.739130 0.447391 0.742995 0.453043 0.748792 0.456087 0.756522 0.456522 0.764251 0.455652 0.771981 0.452174 0.776618 0.450609 0.784541 0.447391 0.785507 0.443043 0.782415 0.438565 0.778068 0.435304
0 0.795169 0.435652 0.789372 0.434783 0.779710 0.435217 0.787440 0.443478 0.786473 0.446087 0.771981 0.453478 0.756908 0.458174 0.762319 0.459130 0.778744 0.460870 0.804831 0.457391 0.806763 0.445217 0.800966 0.438261
0 0.809662 0.459565 0.787440 0.459565 0.772947 0.463478 0.771981 0.475217 0.773913 0.480435 0.786473 0.487391 0.795169 0.486957 0.814493 0.481304 0.818357 0.479130 0.823188 0.466087 0.820290 0.462609
0 0.793237 0.409130 0.786473 0.410435 0.778744 0.415652 0.777778 0.430435 0.784541 0.433913 0.795169 0.435652 0.805797 0.436087 0.809662 0.434348 0.812560 0.426522 0.818357 0.423043 0.827053 0.420435 0.824155 0.416522 0.808696 0.410000 0.804831 0.409130
0 0.809662 0.426957 0.810628 0.435217 0.824155 0.440435 0.838647 0.443043 0.872464 0.444783 0.881159 0.441304 0.885990 0.437826 0.887923 0.429565 0.883092 0.420870 0.878261 0.416957 0.867633 0.413478 0.854106 0.413043 0.844444 0.414348 0.834783 0.416957
0 0.810628 0.444783 0.806763 0.450870 0.807729 0.458261 0.827053 0.465652 0.837295 0.464043 0.859903 0.460000 0.866667 0.455652 0.865700 0.450000 0.857005 0.444783 0.848309 0.444348 0.827053 0.440870 0.820290 0.440870
0 0.861836 0.460870 0.850821 0.461739 0.825024 0.466478 0.820290 0.470870 0.820290 0.479565 0.823188 0.480870 0.838647 0.484348 0.847343 0.485217 0.857005 0.483913 0.865700 0.481304 0.875362 0.475217 0.875362 0.467826 0.870531 0.463043
0 1.000000 0.413478 0.970048 0.414348 0.951691 0.421739 0.947826 0.425217 0.946860 0.430870 0.953623 0.437826 0.968116 0.444348 0.978744 0.444783 0.983575 0.440435 0.994203 0.436522 1.000000 0.436087
0 0.936232 0.424783 0.928502 0.423043 0.914976 0.423478 0.895652 0.431304 0.877295 0.443913 0.876329 0.449130 0.878261 0.451739 0.881159 0.452609 0.905314 0.453043 0.920773 0.452174 0.949758 0.443478 0.949758 0.435217 0.942029 0.427826
0 0.940097 0.446087 0.924638 0.453043 0.922705 0.459130 0.926570 0.463913 0.931401 0.465652 0.948792 0.466957 0.960386 0.470000 0.970048 0.474348 0.978744 0.470435 0.989372 0.462609 0.991304 0.457826 0.987440 0.451304 0.976812 0.446087 0.971981 0.445217 0.948792 0.444783
0 0.882126 0.453478 0.870531 0.459130 0.870531 0.463478 0.875362 0.467391 0.876329 0.475217 0.880193 0.477826 0.885990 0.479130 0.902415 0.479130 0.909179 0.476957 0.915942 0.470435 0.926570 0.466957 0.925604 0.462609 0.920773 0.459130 0.907246 0.453478
0 0.995169 0.460870 0.979710 0.468696 0.974879 0.474783 0.978744 0.479130 0.995169 0.485652 1.000000 0.484652 1.000000 0.460870
0 0.402899 0.607826 0.395169 0.611739 0.392271 0.614783 0.392271 0.625217 0.397101 0.630870 0.404831 0.634783 0.412560 0.636522 0.422222 0.636087 0.435749 0.633913 0.451208 0.627391 0.448309 0.623043 0.448309 0.617826 0.413816 0.604739
0 0.823188 0.481304 0.812560 0.481739 0.802899 0.483913 0.791304 0.489130 0.791304 0.495217 0.795169 0.502609 0.800966 0.506522 0.812560 0.508261 0.822222 0.508261 0.833816 0.504783 0.846377 0.498261 0.848309 0.494783 0.847343 0.490000 0.835749 0.483478
0 0.864734 0.494783 0.848309 0.496957 0.840580 0.501739 0.836715 0.506087 0.839614 0.513043 0.845411 0.518261 0.854106 0.521739 0.871498 0.522609 0.878261 0.521739 0.888889 0.517391 0.893720 0.513043 0.897585 0.504348 0.892754 0.498696 0.886957 0.496522 0.874396 0.494783
0 0.960386 0.480435 0.948792 0.485217 0.943961 0.489565 0.942029 0.498696 0.946860 0.502174 0.960386 0.507391 0.967150 0.508696 0.987440 0.508261 0.996135 0.506087 1.000000 0.506087 1.000000 0.486913 0.995362 0.485870 0.987440 0.482174 0.974879 0.480000
0 0.950725 0.466522 0.932367 0.465652 0.921739 0.467826 0.914010 0.470870 0.907246 0.477826 0.907246 0.480870 0.914010 0.488696 0.919807 0.492174 0.926570 0.493478 0.941063 0.493043 0.950725 0.485217 0.961353 0.481304 0.964251 0.476522 0.963285 0.470435
0 1.000000 0.988261 0.995169 0.988261 0.992271 0.990000 0.986473 0.996957 0.986473 1.000000 1.000000 1.000000
0 0.995169 0.613043 0.982609 0.618261 0.980676 0.626957 0.982609 0.630870 0.989372 0.636087 0.995169 0.638696 1.000000 0.638696 1.000000 0.613043
0 0.116908 0.976087 0.112077 0.978261 0.110145 0.983043 0.118841 1.000000 0.158454 1.000000 0.158454 0.998261 0.166184 0.994783 0.170048 0.991304 0.170048 0.983913 0.145894 0.976087 0.138164 0.975217 0.122705 0.975217
0 0.157488 0.997826 0.157488 1.000000 0.201932 1.000000 0.201932 0.997826 0.192271 0.993043 0.189372 0.990000 0.178744 0.988696 0.171014 0.989130 0.165217 0.994783
0 0.240580 0.973043 0.228019 0.973478 0.219324 0.975217 0.208696 0.980000 0.201932 0.984783 0.197101 0.990000 0.197101 0.994348 0.202899 0.997391 0.203865 1.000000 0.253140 1.000000 0.253140 0.998261 0.258937 0.995652 0.261836 0.991304 0.261836 0.983478
0 0.261836 0.993043 0.261836 1.000000 0.322705 1.000000 0.325604 0.990870 0.324638 0.986522 0.317874 0.983913 0.291787 0.983043 0.283382 0.983478 0.273430 0.985217 0.267633 0.987826
0 0.327536 0.986957 0.323671 0.993913 0.323671 1.000000 0.390338 1.000000 0.388406 0.989565 0.380676 0.985652 0.359420 0.981304 0.342029 0.980870
0 0.272464 0.953478 0.265700 0.953913 0.246377 0.959130 0.242512 0.961304 0.238647 0.967391 0.239614 0.971304 0.243478 0.974783 0.259903 0.982174 0.275362 0.984348 0.285990 0.983043 0.296618 0.979565 0.304348 0.971739 0.304348 0.964783 0.299517 0.960000 0.293720 0.957391 0.283092 0.954348
0 0.466667 0.984783 0.448309 0.979565 0.438647 0.979565 0.424155 0.982174 0.417391 0.985217 0.412560 0.985652 0.403865 0.991304 0.402899 0.995217 0.404831 1.000000 0.462802 1.000000 0.468599 0.990435
0 0.345894 0.964783 0.342995 0.970000 0.343961 0.972609 0.347826 0.976087 0.357488 0.980435 0.376812 0.984348 0.388406 0.984783 0.395169 0.983478 0.412560 0.982609 0.417391 0.979130 0.418357 0.970870 0.393237 0.956087 0.378744 0.953913 0.370048 0.954348 0.362319 0.956087
0 0.422222 0.941304 0.412560 0.942174 0.403865 0.946087 0.395169 0.954348 0.396135 0.959130 0.414493 0.968696 0.423188 0.968696 0.437681 0.966522 0.444444 0.959130 0.444444 0.946957 0.435749 0.943043
0 0.449275 0.957391 0.440580 0.966522 0.441546 0.971304 0.447343 0.978696 0.469565 0.984783 0.485024 0.984783 0.513043 0.978696 0.511111 0.970000 0.508213 0.966522 0.494686 0.960000 0.465700 0.955217 0.456039 0.955652
0 0.526570 0.987826 0.517874 0.983478 0.509179 0.981304 0.499517 0.981739 0.485990 0.984348 0.472464 0.988696 0.467633 1.000000 0.528502 1.000000 0.529469 0.993913
0 0.568116 0.961739 0.552657 0.959130 0.545894 0.959565 0.529469 0.962609 0.520773 0.966957 0.515942 0.973478 0.516908 0.977826 0.521739 0.981739 0.532367 0.986522 0.549758 0.986522 0.570048 0.978696 0.574879 0.970435 0.571981 0.964348
0 0.604831 0.975652 0.597101 0.973478 0.591304 0.973478 0.571014 0.978261 0.560386 0.984348 0.556522 0.990000 0.551691 0.993043 0.551691 1.000000 0.613527 1.000000 0.618357 0.986087
0 0.627053 0.981739 0.619324 0.986087 0.618357 0.993478 0.614493 0.997391 0.614493 1.000000 0.663768 1.000000 0.663768 0.998261 0.667633 0.995652 0.667633 0.990000 0.663768 0.986957 0.645411 0.980870 0.636715 0.980435
0 0.650242 0.955652 0.642512 0.954783 0.629952 0.955217 0.623188 0.957826 0.612560 0.967391 0.608696 0.974783 0.621256 0.980435 0.636715 0.979130 0.652174 0.979565 0.665700 0.975217 0.668599 0.970000 0.660870 0.960435
0 0.726570 0.973913 0.719807 0.972609 0.713043 0.972609 0.693720 0.974348 0.685990 0.976522 0.674396 0.982174 0.670531 0.986087 0.671498 0.990870 0.675362 0.995217 0.684058 0.998261 0.684058 1.000000 0.723671 1.000000 0.723671 0.998261 0.730435 0.994348 0.734300 0.988696 0.733333 0.978261
0 0.691787 0.938261 0.681159 0.940435 0.675362 0.945217 0.664734 0.950870 0.662802 0.955217 0.663768 0.962609 0.670531 0.970870 0.678261 0.973478 0.685024 0.974348 0.693720 0.974348 0.711111 0.972174 0.720773 0.968696 0.724638 0.963913 0.723671 0.958261 0.714010 0.950870 0.710145 0.944348 0.696618 0.940870
0 0.727536 0.928261 0.722705 0.929130 0.715942 0.932609 0.711111 0.942609 0.712077 0.947826 0.720773 0.956087 0.727536 0.958261 0.734300 0.958261 0.752657 0.966087 0.757488 0.964783 0.758454 0.959565 0.769082 0.956957 0.777778 0.952174 0.781643 0.945217 0.779710 0.936957 0.771981 0.930870 0.763285 0.928261 0.754589 0.927391
0 0.629952 0.926087 0.623188 0.929565 0.619324 0.934348 0.618357 0.941304 0.624155 0.951304 0.629952 0.953913 0.648309 0.953913 0.662802 0.950870 0.674396 0.944783 0.679227 0.940000 0.677295 0.934348 0.672464 0.930000 0.661836 0.926522
0 0.578744 0.940435 0.563285 0.947826 0.560386 0.950435 0.566184 0.956087 0.573913 0.960000 0.586473 0.963913 0.593237 0.964783 0.613527 0.963913 0.621256 0.958261 0.624155 0.953913 0.624155 0.950870 0.616425 0.942174 0.610628 0.939130 0.600966 0.937826 0.593237 0.937826
0 0.759420 0.967826 0.751691 0.970000 0.745894 0.974348 0.737198 0.984348 0.737198 0.988261 0.742995 0.990435 0.768116 0.993478 0.779710 0.992609 0.787440 0.989130 0.791304 0.982174 0.787440 0.974348 0.778744 0.968696 0.770048 0.967391
0 0.834783 0.952174 0.812560 0.953043 0.798068 0.956087 0.787440 0.962174 0.785507 0.969565 0.788406 0.973043 0.794203 0.976087 0.811594 0.980870 0.831884 0.981739 0.840580 0.979565 0.848309 0.975652 0.851208 0.971739 0.851208 0.963478 0.841546 0.957826 0.838647 0.953478
0 0.827053 0.997826 0.818357 0.993043 0.810628 0.991739 0.800000 0.991739 0.774879 0.995652 0.768116 0.997826 0.768116 1.000000 0.827053 1.000000
0 0.821256 0.986087 0.819324 0.992174 0.821256 0.994348 0.826087 0.996087 0.828019 1.000000 0.885024 1.000000 0.886957 0.990870 0.875362 0.982609 0.864734 0.979565 0.847343 0.979565 0.830918 0.982609
0 0.922705 0.977391 0.915942 0.982174 0.914010 0.985652 0.915942 0.996087 0.919807 0.998261 0.919807 1.000000 0.970048 1.000000 0.970048 0.998261 0.975845 0.994348 0.972947 0.986522 0.958454 0.978261 0.943961 0.973478
0 0.993237 0.952609 0.971981 0.956957 0.958454 0.961739 0.954589 0.965652 0.954589 0.971304 0.959420 0.977826 0.965217 0.980435 0.980676 0.982609 1.000000 0.983478 1.000000 0.952609
0 0.936232 0.949565 0.921739 0.949130 0.906280 0.951739 0.885990 0.963043 0.883092 0.966522 0.885990 0.970435 0.897585 0.974348 0.916908 0.977391 0.929469 0.976522 0.942995 0.973043 0.952657 0.966957 0.953623 0.962609 0.946860 0.953913
0 0.856039 0.926522 0.848309 0.928696 0.837681 0.937826 0.836715 0.943913 0.838647 0.950870 0.842512 0.956957 0.850242 0.961739 0.855072 0.963043 0.867633 0.963478 0.884058 0.961304 0.894686 0.957826 0.903382 0.951304 0.903382 0.944348 0.897585 0.937391 0.885024 0.931304 0.874396 0.928261
0 0.965217 0.903478 0.943961 0.906522 0.936232 0.911739 0.936232 0.916087 0.940097 0.928261 0.947826 0.933913 0.957488 0.936522 0.971014 0.938261 0.978744 0.936957 0.996135 0.929130 1.000000 0.929130 1.000000 0.909565 0.996135 0.909565 0.987440 0.904783
0 0.879227 0.908696 0.869565 0.912609 0.867633 0.915217 0.867633 0.920435 0.871498 0.925217 0.890821 0.934348 0.901449 0.936957 0.918841 0.937826 0.930435 0.933478 0.939130 0.928261 0.938164 0.920000 0.934300 0.913043 0.924638 0.908261 0.917874 0.906522 0.898551 0.906087
0 0.848309 0.904783 0.834783 0.902609 0.815459 0.903043 0.796135 0.905217 0.785507 0.909130 0.783575 0.911304 0.784541 0.920870 0.791304 0.928696 0.798068 0.932609 0.808696 0.935217 0.825121 0.935217 0.843478 0.931304 0.857971 0.924783 0.862802 0.919565 0.863768 0.914783 0.859903 0.910870
0 0.766184 0.904783 0.751691 0.906957 0.741063 0.910870 0.736232 0.916522 0.736232 0.921304 0.741063 0.925217 0.771014 0.929565 0.782609 0.927826 0.788406 0.923478 0.784541 0.919565 0.785507 0.913043 0.783575 0.910000 0.771981 0.905217
0 0.682126 0.900000 0.671498 0.910870 0.669565 0.915217 0.669565 0.920000 0.674396 0.924783 0.682126 0.928696 0.690821 0.930870 0.717874 0.929565 0.731401 0.923913 0.733333 0.917826 0.731401 0.911739 0.710145 0.903043 0.695652 0.900435 0.691787 0.898696
0 0.708213 0.882609 0.701449 0.892174 0.706280 0.900435 0.720773 0.905652 0.725604 0.906522 0.732367 0.905652 0.752657 0.906087 0.765217 0.904348 0.771014 0.901304 0.778744 0.899565 0.778744 0.893478 0.771981 0.891304 0.768116 0.884348 0.765217 0.882609 0.735266 0.877391 0.716908 0.878261
0 0.822222 0.887826 0.800966 0.886957 0.786473 0.888696 0.779710 0.894783 0.782609 0.900435 0.794203 0.904783 0.799034 0.904783 0.823188 0.900435 0.829952 0.897826 0.830918 0.894783 0.828019 0.890435
0 0.832850 0.884783 0.830918 0.894783 0.832850 0.900000 0.836715 0.902174 0.857971 0.907826 0.873430 0.909565 0.894686 0.905217 0.899517 0.900870 0.901449 0.895652 0.897585 0.888696 0.892754 0.886087 0.881159 0.883043 0.861836 0.881739 0.847343 0.882174
0 0.965217 0.876957 0.953623 0.874783 0.929469 0.875652 0.914976 0.878261 0.903382 0.883043 0.900483 0.888261 0.903382 0.896087 0.906280 0.899565 0.914010 0.903478 0.925604 0.905652 0.943961 0.906087 0.964251 0.902609 0.977778 0.897826 0.980676 0.894783 0.978744 0.884783
0 0.995169 0.874348 0.983575 0.880435 0.986473 0.884348 0.983575 0.892609 0.987440 0.896522 0.995169 0.900000 1.000000 0.900000 1.000000 0.874348
0 0.966184 0.846522 0.957488 0.847826 0.948792 0.851739 0.944928 0.857391 0.944928 0.865217 0.948792 0.869565 0.957488 0.874348 0.967150 0.876087 0.973913 0.876087 0.987440 0.874348 0.996135 0.870435 1.000000 0.870435 1.000000 0.850435 0.996135 0.850435 0.988406 0.847826 0.978744 0.846522
0 0.899517 0.837391 0.890821 0.840870 0.886957 0.845217 0.889855 0.853043 0.909179 0.865652 0.924638 0.869565 0.939130 0.869565 0.942029 0.865652 0.942029 0.860435 0.945894 0.851739 0.945894 0.848696 0.940097 0.840870 0.932367 0.837391 0.924638 0.836087
0 0.873430 0.847826 0.866667 0.851739 0.846377 0.856957 0.842512 0.862174 0.843478 0.872609 0.850242 0.878261 0.857971 0.881304 0.891787 0.882174 0.902415 0.879130 0.905314 0.874348 0.905314 0.864348 0.892754 0.855217 0.883092 0.853043
0 0.836715 0.826087 0.829952 0.826957 0.817585 0.831217 0.813816 0.837348 0.812560 0.841304 0.810145 0.847348 0.810918 0.851478 0.812560 0.853478 0.817391 0.854783 0.849275 0.855652 0.865700 0.851739 0.870531 0.848696 0.872464 0.845217 0.867633 0.837391 0.862802 0.834348 0.848309 0.828261
0 0.804831 0.851304 0.795169 0.851304 0.794203 0.854348 0.781643 0.858261 0.768116 0.868261 0.765217 0.872174 0.765217 0.879130 0.767150 0.881739 0.786473 0.886087 0.805797 0.885217 0.813527 0.883913 0.822222 0.880435 0.830918 0.873478 0.831884 0.868261 0.828986 0.864348 0.814493 0.856087 0.807729 0.853913
0 0.746860 0.833913 0.733333 0.833478 0.719807 0.835652 0.703382 0.841739 0.691787 0.849130 0.690821 0.854783 0.692754 0.858261 0.703382 0.862609 0.716908 0.866087 0.734300 0.866957 0.743961 0.865217 0.750725 0.862174 0.759420 0.855652 0.763285 0.849565 0.762319 0.842609 0.753623 0.836087
0 0.637681 0.872609 0.637681 0.877391 0.643478 0.882174 0.662802 0.892609 0.681159 0.895652 0.688889 0.895652 0.699517 0.892174 0.708213 0.881304 0.707246 0.876522 0.704348 0.874783 0.696618 0.872609 0.685990 0.871304
0 0.623188 0.897826 0.601932 0.907391 0.602899 0.912174 0.618357 0.922609 0.629952 0.925652 0.649275 0.926087 0.658937 0.925217 0.665700 0.920435 0.669565 0.907826 0.664734 0.902174 0.656039 0.898261 0.647343 0.896522 0.635749 0.896087
0 0.578744 0.910870 0.566184 0.916522 0.566184 0.920870 0.569082 0.923478 0.593237 0.936087 0.613527 0.939130 0.617391 0.936957 0.619324 0.929565 0.608696 0.915652 0.603865 0.911739 0.599034 0.910000 0.586473 0.909565
0 0.566184 0.922609 0.553623 0.920870 0.542995 0.920870 0.534300 0.922609 0.523671 0.927826 0.520773 0.931304 0.523671 0.947391 0.532367 0.951739 0.546860 0.952609 0.555556 0.950870 0.568116 0.945217 0.576812 0.939565 0.581643 0.931304 0.577778 0.927391
0 0.485024 0.927391 0.471498 0.932609 0.468599 0.935217 0.469565 0.943913 0.481159 0.951304 0.497585 0.953043 0.509179 0.953043 0.521739 0.943913 0.520773 0.933913 0.509179 0.926957 0.496618 0.926087
0 0.429952 0.918261 0.417391 0.921739 0.410628 0.926957 0.410628 0.932174 0.414493 0.936957 0.423188 0.940870 0.434783 0.942609 0.447343 0.946087 0.457005 0.946522 0.463768 0.945217 0.466667 0.943913 0.466667 0.936087 0.469565 0.931739 0.466667 0.925217 0.457005 0.920435 0.448309 0.917826 0.438647 0.917391
0 0.458937 0.893043 0.439614 0.903478 0.443478 0.915217 0.458937 0.921304 0.473430 0.924348 0.489855 0.924783 0.500483 0.923043 0.506280 0.920000 0.514010 0.913043 0.514976 0.903913 0.512077 0.901304 0.502415 0.896522 0.492754 0.893913 0.478261 0.892174 0.463768 0.892174
0 0.534300 0.889565 0.527536 0.891739 0.519807 0.896957 0.515942 0.906957 0.515942 0.916087 0.525604 0.919130 0.535266 0.920000 0.551691 0.919565 0.563285 0.916957 0.577778 0.910435 0.580676 0.906522 0.579710 0.900435 0.576812 0.897391 0.570048 0.894348 0.548792 0.889565
0 0.584541 0.874783 0.571014 0.880870 0.566184 0.886522 0.567150 0.891739 0.582609 0.901304 0.591304 0.902609 0.610628 0.901739 0.628019 0.895217 0.633816 0.888261 0.632850 0.881739 0.625121 0.877391 0.615459 0.875217 0.606763 0.874348
0 0.556522 0.860870 0.542029 0.859565 0.528502 0.863043 0.514976 0.869565 0.507246 0.878696 0.508213 0.886957 0.513043 0.889130 0.526570 0.890435 0.546860 0.888696 0.565217 0.885217 0.570048 0.882609 0.575845 0.877391 0.574879 0.870435 0.571014 0.867391
0 0.596135 0.844348 0.575845 0.857391 0.573913 0.866957 0.575845 0.869130 0.586473 0.873478 0.615459 0.873913 0.628019 0.871304 0.635749 0.867391 0.636715 0.863913 0.632850 0.857391 0.617391 0.849130 0.613527 0.843913
0 0.624155 0.833043 0.619324 0.841304 0.620290 0.848696 0.623188 0.851739 0.635749 0.856087 0.646377 0.856957 0.674396 0.856522 0.685024 0.852609 0.693720 0.846087 0.685024 0.839565 0.661836 0.836957 0.648309 0.830435 0.633816 0.830435
0 0.661836 0.805652 0.649275 0.810435 0.644444 0.814783 0.643478 0.823478 0.646377 0.827826 0.660870 0.836957 0.668599 0.838261 0.691787 0.839130 0.705314 0.832174 0.714010 0.823043 0.712077 0.813913 0.702415 0.808261 0.692754 0.805652 0.684058 0.804783
0 0.637681 0.810000 0.623188 0.803043 0.611594 0.802609 0.599034 0.805217 0.577778 0.813478 0.574879 0.818261 0.567150 0.821739 0.568116 0.824783 0.574879 0.827391 0.586473 0.828696 0.601932 0.832174 0.626087 0.831304 0.636715 0.827826 0.641546 0.823478 0.641546 0.814783
0 0.579710 0.832174 0.568116 0.832609 0.560386 0.831739 0.551691 0.832609 0.532367 0.840435 0.526570 0.845217 0.524638 0.850000 0.533333 0.855652 0.551691 0.860000 0.560386 0.860000 0.571981 0.858261 0.575845 0.856522 0.588406 0.846087 0.588406 0.841304 0.583575 0.837826 0.582609 0.833913
0 0.510145 0.841739 0.491787 0.843913 0.479227 0.846522 0.473430 0.849130 0.470531 0.858261 0.472464 0.861304 0.487923 0.869130 0.499517 0.871304 0.510145 0.870870 0.515942 0.869130 0.529469 0.861739 0.530435 0.857391 0.525604 0.852174 0.523671 0.846957 0.518841 0.843478
0 0.419324 0.862174 0.412560 0.865217 0.411594 0.867826 0.412560 0.872609 0.418357 0.880000 0.437681 0.886087 0.447343 0.887826 0.465700 0.886522 0.475362 0.882609 0.482126 0.877391 0.484058 0.870870 0.481159 0.866957 0.467633 0.860000 0.456039 0.857826 0.438647 0.857391
0 0.380676 0.884348 0.380676 0.889565 0.385507 0.896087 0.395169 0.897826 0.412560 0.903913 0.430918 0.903478 0.449275 0.896522 0.447343 0.889565 0.436715 0.884783 0.420290 0.880435 0.393237 0.879130 0.388406 0.880000
0 0.386473 0.896087 0.389372 0.897391 0.389372 0.900435 0.399034 0.911304 0.399034 0.920000 0.401932 0.921304 0.410628 0.920870 0.428019 0.912609 0.430918 0.909565 0.430918 0.903913 0.413527 0.903478 0.396135 0.897391 0.389372 0.897391
0 0.347826 0.896087 0.341063 0.899565 0.337198 0.903913 0.337198 0.910000 0.341063 0.913913 0.365217 0.923043 0.378744 0.924348 0.392271 0.923913 0.398068 0.920435 0.399034 0.910870 0.393237 0.903478 0.384541 0.896522 0.378744 0.894348 0.370048 0.893043 0.359420 0.893478
0 0.361353 0.924783 0.355556 0.930435 0.355556 0.933913 0.369082 0.946957 0.386473 0.951304 0.396135 0.951739 0.412560 0.939565 0.410628 0.930870 0.406763 0.925652 0.396135 0.923478 0.391304 0.924348 0.369082 0.923478
0 0.358454 0.937391 0.342029 0.936087 0.325604 0.937826 0.311111 0.943043 0.299517 0.950000 0.296618 0.954783 0.298551 0.959130 0.305314 0.963043 0.316908 0.966522 0.327536 0.967391 0.341063 0.966087 0.350725 0.962609 0.365217 0.955217 0.367150 0.951739 0.366184 0.944783 0.362319 0.939565
0 0.336232 0.913478 0.324638 0.913913 0.314010 0.915652 0.311111 0.919565 0.310145 0.925652 0.313043 0.933043 0.316908 0.935652 0.325604 0.937391 0.337198 0.936522 0.343961 0.934783 0.353623 0.927826 0.344928 0.916087
0 0.282126 0.911304 0.264734 0.918696 0.259903 0.923478 0.255072 0.932609 0.255072 0.939130 0.264734 0.945652 0.272464 0.947391 0.294686 0.947391 0.309179 0.943478 0.314010 0.939565 0.310145 0.919565 0.303382 0.916522 0.292754 0.914783
0 0.255072 0.940000 0.249275 0.938696 0.237681 0.938261 0.215459 0.943043 0.205797 0.950870 0.207729 0.956522 0.213527 0.959130 0.222222 0.960435 0.246377 0.959130 0.258937 0.955652 0.263768 0.951304 0.263768 0.946522
0 0.213527 0.960435 0.198068 0.958261 0.181643 0.958696 0.173913 0.960870 0.160386 0.962609 0.157488 0.964783 0.151691 0.966087 0.151691 0.975652 0.171981 0.982174 0.186473 0.981739 0.204831 0.978696 0.213527 0.975652 0.218357 0.965652
0 0.136232 0.943478 0.127536 0.944348 0.119807 0.946957 0.112077 0.954783 0.112077 0.963043 0.118841 0.972609 0.125604 0.974348 0.135266 0.973043 0.144928 0.970000 0.163285 0.959565 0.161353 0.950870 0.151691 0.946957
0 0.208696 0.931304 0.197101 0.929565 0.184541 0.929565 0.173913 0.931304 0.165217 0.935652 0.160386 0.939565 0.160386 0.946087 0.164251 0.948261 0.165217 0.951304 0.163285 0.955217 0.168116 0.959130 0.191304 0.956522 0.197101 0.955217 0.203865 0.951304 0.212560 0.941304 0.212560 0.935217
0 0.116908 0.914348 0.113043 0.915652 0.110145 0.920000 0.111111 0.927826 0.114010 0.932174 0.125604 0.940000 0.132367 0.941304 0.143961 0.941304 0.156522 0.936087 0.164251 0.930435 0.167150 0.925217 0.166184 0.920000 0.161353 0.916957 0.143961 0.913913 0.124638 0.913478
0 0.186473 0.913478 0.179710 0.920435 0.182609 0.923913 0.187440 0.926087 0.203865 0.929130 0.215459 0.934348 0.221256 0.935652 0.243478 0.936522 0.251208 0.935217 0.254106 0.931739 0.254106 0.926087 0.248309 0.920000 0.234783 0.917826 0.215459 0.911304 0.212560 0.907826 0.200000 0.907826
0 0.239614 0.883043 0.235749 0.886522 0.224155 0.889130 0.218357 0.893043 0.213527 0.900435 0.214493 0.906087 0.223188 0.912174 0.229952 0.914783 0.246377 0.917391 0.261836 0.916522 0.269565 0.914783 0.278261 0.909130 0.275362 0.896522 0.266667 0.889130 0.249275 0.883043
0 0.200000 0.896087 0.178744 0.888261 0.164251 0.888261 0.139130 0.896957 0.134300 0.904783 0.142029 0.912174 0.158454 0.914348 0.179710 0.913913 0.186473 0.912174 0.202899 0.904348 0.203865 0.900000
0 0.162319 0.879565 0.152657 0.876957 0.141063 0.876957 0.127536 0.878696 0.099517 0.884348 0.097585 0.888696 0.108213 0.896522 0.116908 0.897826 0.129469 0.896957 0.140097 0.894783 0.146087 0.892609 0.152657 0.890870 0.158454 0.888261 0.162319 0.884783
0 0.114976 0.846522 0.110145 0.849130 0.108213 0.857391 0.112077 0.866087 0.116908 0.870870 0.121739 0.872609 0.125604 0.876087 0.133333 0.877391 0.143961 0.876087 0.154589 0.876522 0.161353 0.875652 0.167150 0.870000 0.167150 0.865652 0.152657 0.856957 0.149275 0.854783 0.146860 0.852609 0.142995 0.849130 0.134300 0.846087 0.122705 0.845652
0 0.151691 0.838261 0.148792 0.840000 0.146860 0.849130 0.151691 0.855217 0.160386 0.860870 0.166184 0.863348 0.171014 0.865217 0.173913 0.866087 0.185507 0.866957 0.196135 0.866522 0.214493 0.857826 0.218357 0.850000 0.214493 0.845217 0.202899 0.840870 0.182609 0.837826 0.158454 0.837391
0 0.214493 0.863913 0.206763 0.864348 0.200966 0.866522 0.178744 0.881739 0.178744 0.885652 0.181643 0.888261 0.195169 0.893043 0.203865 0.894348 0.217391 0.893043 0.228019 0.886957 0.234493 0.882348 0.240580 0.878696 0.243478 0.876957 0.240580 0.869130
0 0.267633 0.866522 0.257971 0.870435 0.250242 0.876522 0.250242 0.880870 0.253140 0.883913 0.258937 0.886522 0.275362 0.890870 0.283092 0.891739 0.305314 0.888696 0.308213 0.874348 0.302415 0.869565 0.283092 0.864783
0 0.247343 0.842609 0.229952 0.846087 0.223188 0.849565 0.217391 0.856522 0.217391 0.860435 0.225121 0.865217 0.237681 0.868261 0.247343 0.869565 0.258937 0.869130 0.273430 0.865217 0.281159 0.861304 0.273430 0.853913 0.273430 0.849130 0.270531 0.845217 0.262802 0.843043
0 0.361353 0.844348 0.347826 0.846957 0.326570 0.846087 0.309179 0.837391 0.302415 0.837826 0.279227 0.844348 0.274396 0.848696 0.275362 0.856522 0.282126 0.862609 0.292754 0.867391 0.298551 0.868261 0.313043 0.867391 0.346860 0.859130 0.361353 0.847391
0 0.372947 0.866957 0.355556 0.862174 0.344928 0.860870 0.334300 0.861739 0.322705 0.864783 0.314976 0.868261 0.308213 0.876957 0.307246 0.887391 0.312077 0.893478 0.315942 0.894783 0.345894 0.896087 0.365217 0.891739 0.375845 0.886957 0.381643 0.881739 0.379710 0.871739
0 0.278261 0.893913 0.276329 0.895652 0.276329 0.901304 0.279227 0.906957 0.291787 0.913043 0.298551 0.914348 0.315942 0.913913 0.328502 0.911739 0.335266 0.908696 0.339130 0.900870 0.336232 0.896522 0.314010 0.894783 0.302415 0.890870 0.288889 0.891304
0 0.376812 0.843913 0.367150 0.850435 0.357488 0.854783 0.355556 0.856522 0.355556 0.861304 0.377778 0.867826 0.387440 0.867826 0.393237 0.866522 0.402899 0.861304 0.408696 0.856957 0.409662 0.852174 0.399034 0.846957 0.388406 0.844783
0 0.322705 0.820000 0.308213 0.825217 0.304348 0.829565 0.304348 0.835217 0.313043 0.838261 0.326570 0.846087 0.345894 0.846957 0.356522 0.844783 0.369082 0.836957 0.369082 0.830870 0.367150 0.828696 0.354589 0.825217 0.347826 0.819130
0 0.401932 0.818696 0.378744 0.823043 0.371014 0.826087 0.368116 0.829565 0.371014 0.838261 0.379710 0.843478 0.385507 0.844783 0.395169 0.845217 0.402899 0.848261 0.414493 0.848261 0.418357 0.846957 0.427053 0.840000 0.430918 0.834783 0.431884 0.829130 0.428986 0.824783 0.424155 0.821739 0.413527 0.818696
0 0.446377 0.827826 0.434783 0.831739 0.429952 0.835652 0.423188 0.844348 0.424155 0.850000 0.427053 0.852609 0.438647 0.856957 0.465700 0.857826 0.470531 0.855652 0.475362 0.847826 0.488889 0.843043 0.488889 0.836957 0.480193 0.831304 0.467633 0.827391
0 0.498551 0.806087 0.489855 0.809565 0.487923 0.812609 0.486957 0.820000 0.494686 0.835652 0.514976 0.842609 0.521739 0.842609 0.540097 0.836957 0.545894 0.832609 0.548792 0.823478 0.546860 0.813478 0.542995 0.809565 0.534300 0.806522 0.523671 0.805217
0 0.262802 0.812609 0.254106 0.814348 0.240580 0.821739 0.237681 0.825217 0.238647 0.833913 0.242512 0.839130 0.247343 0.841304 0.259903 0.843043 0.274396 0.843478 0.293720 0.838696 0.301449 0.835217 0.305314 0.825652 0.290821 0.816522 0.273430 0.812609
0 0.232850 0.833478 0.228019 0.830000 0.229952 0.826087 0.226087 0.823913 0.216425 0.821739 0.205797 0.821739 0.186473 0.823043 0.172947 0.825217 0.158454 0.834348 0.164251 0.835652 0.181643 0.836087 0.194203 0.837826 0.217391 0.838261 0.223188 0.837826
0 0.166184 0.814348 0.136232 0.809130 0.127536 0.809565 0.121739 0.811304 0.116908 0.813913 0.114010 0.818261 0.114010 0.826957 0.112077 0.830435 0.108213 0.832609 0.106280 0.842174 0.108213 0.843913 0.118841 0.844348 0.134300 0.838696 0.149758 0.835652 0.159420 0.832174 0.160386 0.830000 0.172947 0.822609 0.171981 0.818261
0 0.171981 0.804348 0.167150 0.809130 0.168116 0.814783 0.171981 0.817826 0.184541 0.822174 0.225121 0.822174 0.230918 0.820435 0.235749 0.816522 0.237681 0.806957 0.230918 0.800000 0.223188 0.796957 0.195169 0.796522 0.183575 0.799565
0 0.116908 0.790870 0.115942 0.796522 0.118841 0.799130 0.131401 0.803913 0.135266 0.807391 0.139130 0.808696 0.152657 0.810000 0.165217 0.806522 0.167150 0.804348 0.166184 0.798696 0.147826 0.790435 0.137198 0.788696 0.123671 0.788696
0 0.176812 0.772174 0.168116 0.772174 0.145894 0.776087 0.142029 0.778261 0.142029 0.780435 0.150725 0.788696 0.161353 0.795652 0.167150 0.797391 0.178744 0.796957 0.185507 0.795652 0.190338 0.793478 0.195169 0.787826 0.194203 0.782174 0.184541 0.774783
0 0.211594 0.771739 0.203865 0.773913 0.196135 0.791304 0.201932 0.795652 0.210628 0.796522 0.228019 0.796087 0.237681 0.792609 0.243478 0.787391 0.243478 0.779130 0.239614 0.775652
0 0.131401 0.748696 0.117874 0.751304 0.110145 0.755652 0.109179 0.764348 0.112077 0.767826 0.120773 0.772609 0.133333 0.775217 0.142995 0.775217 0.157488 0.772174 0.162319 0.770000 0.164251 0.765652 0.162319 0.755217 0.157488 0.751739 0.150725 0.749565
0 0.230918 0.751739 0.217391 0.750000 0.194203 0.750435 0.187440 0.751739 0.175845 0.759130 0.175845 0.765217 0.181643 0.770435 0.187440 0.773043 0.194203 0.774348 0.203865 0.773478 0.207729 0.771739 0.208696 0.767826 0.222222 0.760870
0 0.263768 0.748261 0.255072 0.747826 0.235749 0.750435 0.228986 0.753478 0.222222 0.760000 0.222222 0.764783 0.227053 0.770435 0.239614 0.774783 0.246377 0.775652 0.266667 0.774783 0.281159 0.771739 0.286957 0.767826 0.287923 0.758696 0.285024 0.754783 0.275362 0.750870
0 0.267633 0.781739 0.256039 0.782174 0.246377 0.786522 0.238647 0.795217 0.238647 0.806957 0.242512 0.810870 0.247343 0.812609 0.257005 0.812609 0.284058 0.806957 0.291787 0.802609 0.296618 0.796087 0.296618 0.791739 0.292754 0.788696 0.284058 0.785217
0 0.334300 0.788261 0.323671 0.788261 0.310145 0.790435 0.300483 0.793913 0.288889 0.806087 0.288889 0.814783 0.295652 0.817391 0.318841 0.820435 0.341063 0.818696 0.348792 0.816087 0.350725 0.813043 0.350725 0.803913 0.354589 0.798261 0.350725 0.794783
0 0.380676 0.793043 0.369082 0.793043 0.358454 0.797391 0.350725 0.804348 0.350725 0.808261 0.354589 0.813913 0.353623 0.822609 0.360386 0.826522 0.370048 0.824348 0.371014 0.822609 0.375845 0.820870 0.407729 0.816087 0.412560 0.813043 0.414493 0.806522 0.411594 0.801739 0.397101 0.796522
0 0.452174 0.798261 0.438647 0.800870 0.425121 0.806522 0.416425 0.813478 0.416425 0.817391 0.432850 0.825217 0.447343 0.827391 0.459903 0.827391 0.473430 0.825217 0.482126 0.821739 0.485024 0.819130 0.485990 0.813478 0.473430 0.803043 0.466667 0.800000 0.457971 0.798261
0 0.431884 0.774783 0.421256 0.775652 0.410628 0.783043 0.403865 0.785652 0.400966 0.789565 0.401932 0.796522 0.421256 0.804348 0.432850 0.803478 0.457005 0.793478 0.458937 0.791304 0.457005 0.785217 0.443478 0.778696
0 0.422222 0.771304 0.406763 0.768696 0.370048 0.771304 0.358454 0.776522 0.357488 0.780435 0.359420 0.783478 0.374879 0.791304 0.394203 0.791304 0.403865 0.784348 0.413527 0.780435 0.420290 0.775652
0 0.317874 0.748696 0.308213 0.749130 0.299517 0.752174 0.290821 0.757391 0.290821 0.775217 0.300483 0.779565 0.307246 0.780435 0.327536 0.779565 0.341063 0.775652 0.349758 0.770870 0.349758 0.766522 0.336232 0.755217 0.327536 0.751304
0 0.398068 0.740000 0.362319 0.740000 0.345894 0.745217 0.343961 0.747391 0.344928 0.760435 0.346860 0.762609 0.360386 0.767826 0.367150 0.769130 0.383575 0.768696 0.400000 0.766087 0.414493 0.760435 0.417391 0.747826
0 0.465700 0.736957 0.455072 0.736087 0.436715 0.740000 0.428019 0.743478 0.422222 0.747826 0.420290 0.752174 0.425121 0.755652 0.447343 0.762174 0.457971 0.762174 0.464734 0.760435 0.470531 0.757826 0.474396 0.753913 0.475362 0.747391
0 0.470531 0.759565 0.463768 0.762174 0.458937 0.766522 0.464734 0.776522 0.472464 0.780000 0.480193 0.781304 0.492754 0.781304 0.506280 0.778696 0.516908 0.772174 0.516908 0.768261 0.512077 0.762609 0.500483 0.758261 0.477295 0.758261
0 0.526570 0.783913 0.510145 0.780435 0.505314 0.780435 0.483092 0.783043 0.474396 0.786087 0.471498 0.789565 0.472464 0.795217 0.484058 0.803043 0.490821 0.805217 0.501449 0.805217 0.517874 0.803478 0.526570 0.800870 0.533333 0.794783 0.534300 0.791739 0.533333 0.787826
0 0.588406 0.770435 0.576812 0.770000 0.569082 0.771304 0.559420 0.775217 0.550725 0.785652 0.551691 0.802609 0.558454 0.805217 0.560386 0.807826 0.572947 0.808261 0.582609 0.803043 0.596135 0.801304 0.609662 0.793913 0.616425 0.788261 0.616425 0.782174 0.613527 0.778261 0.605797 0.774348
0 0.542995 0.744783 0.534300 0.746087 0.525604 0.749130 0.516908 0.754348 0.514010 0.760435 0.519807 0.771739 0.524638 0.773913 0.531401 0.774783 0.559420 0.774348 0.575845 0.768261 0.577778 0.765217 0.576812 0.757826 0.564251 0.748696 0.552657 0.745217
0 0.539130 0.732609 0.525604 0.727391 0.519807 0.726522 0.509179 0.727391 0.486957 0.737391 0.485024 0.743913 0.481159 0.746957 0.480193 0.752174 0.484058 0.753043 0.501449 0.753478 0.523671 0.750435 0.541063 0.743478 0.543961 0.740870 0.542995 0.735652
0 0.493720 0.715652 0.480193 0.716957 0.460870 0.727826 0.459903 0.733043 0.464734 0.736087 0.473430 0.737826 0.484058 0.737391 0.507246 0.728696 0.510145 0.726087 0.509179 0.722174 0.505314 0.719130
0 0.564251 0.721739 0.551691 0.725217 0.544928 0.728696 0.542995 0.733913 0.548792 0.741739 0.569082 0.747826 0.574879 0.751304 0.582609 0.753478 0.596135 0.753913 0.604831 0.752174 0.604831 0.744783 0.607729 0.739565 0.604831 0.732609 0.598068 0.726957 0.589372 0.722174 0.580676 0.720435
0 0.621256 0.749130 0.596135 0.754348 0.593237 0.755652 0.590338 0.760435 0.581643 0.763913 0.579710 0.767826 0.612560 0.775652 0.631884 0.776087 0.652174 0.772174 0.657971 0.767391 0.650242 0.754348 0.640580 0.750435
0 0.690821 0.771739 0.674396 0.771739 0.668599 0.770435 0.660870 0.770435 0.634783 0.776522 0.623188 0.783043 0.620290 0.786522 0.624155 0.793043 0.647343 0.802609 0.655072 0.803913 0.665700 0.803913 0.683092 0.797826 0.697585 0.786957 0.698551 0.782174 0.694686 0.777826 0.694686 0.774783
0 0.739130 0.782609 0.716908 0.780870 0.702415 0.784348 0.692754 0.789565 0.683092 0.798696 0.683092 0.803043 0.687923 0.804783 0.708213 0.808261 0.723671 0.807826 0.750725 0.803478 0.754589 0.800435 0.754589 0.793913 0.746860 0.786087
0 0.787440 0.806957 0.779710 0.806522 0.771981 0.803478 0.756522 0.803043 0.726570 0.808261 0.716908 0.814348 0.715942 0.818696 0.721739 0.825217 0.731401 0.831304 0.742029 0.833478 0.751691 0.833478 0.769082 0.830000 0.782609 0.825652 0.790338 0.822174 0.793237 0.819130 0.790338 0.809130
0 0.800966 0.803043 0.794203 0.806522 0.793237 0.808696 0.794203 0.813043 0.798068 0.816522 0.816425 0.823913 0.828986 0.825652 0.848309 0.825652 0.851208 0.823043 0.854106 0.815217 0.854106 0.809130 0.849275 0.802609 0.840580 0.799130 0.826087 0.797826 0.811594 0.799565
0 0.790338 0.774783 0.789372 0.788696 0.795169 0.793043 0.802899 0.794783 0.827053 0.795652 0.840580 0.793913 0.852174 0.790435 0.860870 0.783478 0.860870 0.780000 0.857971 0.778261 0.825121 0.770870 0.801932 0.770870 0.794203 0.772609
0 0.731401 0.753043 0.719807 0.755652 0.709179 0.766522 0.704348 0.769130 0.703382 0.771739 0.707246 0.776522 0.713043 0.780000 0.743961 0.782609 0.759420 0.780000 0.774879 0.773913 0.777778 0.770435 0.777778 0.766957 0.771981 0.761739 0.761353 0.756522 0.749758 0.753478
0 0.664734 0.740435 0.657005 0.743913 0.651208 0.750870 0.651208 0.755217 0.657005 0.763913 0.661836 0.767826 0.666667 0.769565 0.680193 0.770870 0.691787 0.770000 0.705314 0.766087 0.712077 0.762609 0.716908 0.756522 0.712077 0.750435 0.690821 0.741304 0.684058 0.740000
0 0.665700 0.729130 0.657005 0.726087 0.649275 0.728261 0.605797 0.726522 0.603865 0.728696 0.611594 0.743043 0.621256 0.747391 0.629952 0.749565 0.642512 0.749565 0.647343 0.746957 0.654106 0.745652 0.663768 0.740435 0.667633 0.734783
0 0.607729 0.705652 0.599034 0.710000 0.596135 0.713043 0.595169 0.717391 0.600966 0.723478 0.605797 0.725652 0.635749 0.728696 0.651208 0.728261 0.657005 0.725217 0.660870 0.718261 0.659903 0.714783 0.654106 0.709130 0.647343 0.706522 0.628019 0.702609 0.621256 0.702174
0 0.754589 0.719565 0.743961 0.717391 0.732367 0.716957 0.723671 0.718261 0.714976 0.721304 0.707246 0.725217 0.700483 0.732174 0.696618 0.744348 0.708213 0.748696 0.724638 0.750000 0.736232 0.749565 0.747826 0.746957 0.766184 0.736957 0.769082 0.732609 0.767150 0.725652
0 0.783575 0.733478 0.774879 0.735217 0.761353 0.740000 0.749758 0.747826 0.748792 0.752174 0.770048 0.759130 0.796135 0.760000 0.807729 0.757826 0.815459 0.753478 0.815459 0.744783 0.811594 0.739565 0.805797 0.735652 0.797101 0.733478
0 0.854106 0.748696 0.845411 0.750435 0.828019 0.758261 0.825121 0.764348 0.828019 0.769565 0.831884 0.771739 0.850242 0.776522 0.865700 0.777391 0.884058 0.773913 0.887923 0.772174 0.890821 0.766087 0.893720 0.764348 0.893720 0.761304 0.889855 0.757391 0.867633 0.749130
0 0.890821 0.732609 0.878261 0.735217 0.869565 0.739130 0.866667 0.743043 0.866667 0.748261 0.899517 0.762609 0.906280 0.762609 0.913333 0.762217 0.920773 0.759043 0.920773 0.753043 0.921739 0.746957 0.919807 0.739565 0.909179 0.733913 0.901449 0.732174
0 0.858937 0.718261 0.839614 0.716522 0.829952 0.717826 0.819324 0.721739 0.812560 0.727826 0.809662 0.732174 0.810628 0.737391 0.815459 0.744348 0.822222 0.748261 0.821256 0.753478 0.830918 0.755217 0.834783 0.754348 0.844444 0.750000 0.857971 0.746522 0.863768 0.743913 0.875362 0.734348 0.877295 0.730435 0.875362 0.724783 0.871498 0.721739
0 0.785507 0.702609 0.763285 0.708696 0.759420 0.712609 0.758454 0.717391 0.764251 0.723478 0.774879 0.730000 0.787440 0.733043 0.799034 0.733478 0.811594 0.730000 0.816425 0.720000 0.813527 0.713913 0.801932 0.705217 0.796135 0.703043
0 0.711111 0.691739 0.698551 0.691304 0.690821 0.692609 0.664734 0.704348 0.660870 0.708261 0.662802 0.716957 0.678261 0.720870 0.685024 0.723913 0.690821 0.724783 0.702415 0.724348 0.711111 0.722609 0.730435 0.715217 0.735266 0.709130 0.734300 0.703913 0.728502 0.698261 0.719807 0.693478
0 0.543961 0.690000 0.539130 0.692609 0.531401 0.693478 0.526570 0.695217 0.511111 0.711739 0.512077 0.718261 0.527536 0.721304 0.545894 0.721739 0.556522 0.720435 0.564251 0.717826 0.571981 0.710000 0.571981 0.705217 0.567150 0.699130 0.554589 0.694783 0.546860 0.693478
0 0.514976 0.695652 0.499517 0.690000 0.488889 0.689565 0.480193 0.691739 0.464734 0.700435 0.457971 0.707826 0.457971 0.714783 0.463768 0.716522 0.475362 0.716957 0.495652 0.714348 0.499517 0.712609 0.507246 0.711304 0.514976 0.708261 0.518841 0.705217 0.519807 0.700435
0 0.436715 0.716522 0.421256 0.716087 0.412560 0.717826 0.400000 0.725652 0.398068 0.732609 0.404831 0.737826 0.414493 0.740870 0.422222 0.741739 0.432850 0.740435 0.451208 0.733913 0.456039 0.729565 0.455072 0.723043 0.446377 0.718696
0 0.427053 0.684783 0.412560 0.688261 0.400966 0.692609 0.396135 0.699565 0.397101 0.705217 0.415459 0.714348 0.420290 0.715217 0.431884 0.714783 0.442512 0.715652 0.453140 0.712174 0.457005 0.705652 0.463768 0.701304 0.462802 0.696087 0.459903 0.693478 0.461836 0.688696 0.458937 0.686957 0.445411 0.684783
0 0.369082 0.698261 0.342995 0.704348 0.335266 0.708261 0.335266 0.710870 0.342995 0.719565 0.349758 0.723478 0.365217 0.728261 0.379710 0.729130 0.392271 0.726522 0.397101 0.723043 0.399034 0.711304 0.393237 0.703478 0.387440 0.700435 0.378744 0.698696
0 0.348792 0.724348 0.327536 0.724348 0.314010 0.728261 0.310145 0.732609 0.308213 0.740000 0.309179 0.745652 0.312077 0.746957 0.326570 0.748696 0.339130 0.746522 0.361353 0.739130 0.363285 0.736957 0.362319 0.730435
0 0.289855 0.719130 0.273430 0.725652 0.265700 0.731739 0.258937 0.740000 0.259903 0.744783 0.263768 0.746957 0.282126 0.750435 0.300483 0.751304 0.308213 0.747826 0.309179 0.738261 0.312077 0.730870 0.311111 0.723043 0.309179 0.719565
0 0.250242 0.719565 0.247343 0.719130 0.235749 0.720870 0.200966 0.734783 0.200966 0.740435 0.207729 0.745217 0.219324 0.747391 0.239614 0.748696 0.250242 0.746957 0.255072 0.744783 0.263768 0.733478 0.263768 0.727391 0.259903 0.723478
0 0.161353 0.723913 0.151691 0.728261 0.151691 0.733043 0.157488 0.736522 0.156522 0.744348 0.160386 0.747826 0.165217 0.749565 0.177778 0.751304 0.189372 0.750870 0.196135 0.748696 0.201932 0.744348 0.196135 0.726957 0.189372 0.723913
0 0.171014 0.700870 0.168116 0.703478 0.167150 0.709565 0.182609 0.716087 0.192271 0.724348 0.203865 0.728261 0.213527 0.727391 0.221256 0.724783 0.221256 0.720435 0.217391 0.716522 0.197101 0.703043 0.187440 0.700000
0 0.221256 0.698696 0.211594 0.700870 0.210628 0.705217 0.218357 0.717826 0.224155 0.720870 0.230918 0.722174 0.239614 0.719130 0.248309 0.717826 0.257005 0.713478 0.257005 0.706087 0.248309 0.700435
0 0.299517 0.690435 0.289855 0.691304 0.279227 0.693913 0.267633 0.699130 0.261836 0.705217 0.264734 0.709130 0.274396 0.713913 0.291787 0.717826 0.301449 0.718696 0.311111 0.717391 0.316908 0.714783 0.330435 0.705217 0.330435 0.702174 0.325604 0.693043
0 0.106280 0.713913 0.103382 0.716087 0.101449 0.723043 0.102415 0.738261 0.106280 0.743478 0.115942 0.746957 0.131401 0.746957 0.147826 0.744348 0.153623 0.742174 0.155556 0.738696 0.154589 0.736087 0.149758 0.732609 0.149758 0.727826 0.143961 0.721304 0.134300 0.717826 0.115942 0.714348
0 0.108213 0.693043 0.099517 0.697826 0.104348 0.704783 0.114010 0.712174 0.120773 0.714783 0.133333 0.717391 0.143961 0.717826 0.152657 0.715652 0.164251 0.709130 0.167150 0.700000 0.162319 0.695652 0.151691 0.691739 0.135266 0.690000 0.126570 0.690000
0 0.169082 0.671739 0.160386 0.674783 0.155556 0.680435 0.151691 0.682174 0.149758 0.689565 0.169082 0.698261 0.183575 0.699130 0.195169 0.698696 0.205797 0.694783 0.210628 0.690870 0.209662 0.677826 0.201932 0.675652 0.189372 0.674348 0.178744 0.671304
0 0.112077 0.662609 0.103382 0.665652 0.101449 0.668261 0.102415 0.673478 0.110145 0.680870 0.120773 0.686087 0.126570 0.687391 0.140097 0.687826 0.145894 0.686957 0.156522 0.679565 0.160386 0.674783 0.168116 0.670870 0.166184 0.665652 0.160386 0.663043 0.153623 0.661739 0.122705 0.661304
0 0.212560 0.678696 0.210628 0.680870 0.212560 0.689565 0.219324 0.694348 0.228986 0.697826 0.238647 0.698696 0.248309 0.698261 0.268599 0.694348 0.277295 0.690000 0.276329 0.683043 0.248309 0.673043 0.235749 0.672609 0.228019 0.673478
0 0.215459 0.669565 0.215459 0.673913 0.231884 0.672609 0.248309 0.672609 0.257971 0.674783 0.263768 0.678261 0.274396 0.677826 0.271498 0.669565 0.262802 0.662609 0.257005 0.660870 0.250242 0.660000 0.230918 0.660870 0.219324 0.665652
0 0.181643 0.646087 0.173913 0.649565 0.168116 0.657391 0.173913 0.663913 0.180676 0.666957 0.201932 0.670435 0.213527 0.670000 0.232850 0.658261 0.229952 0.650435 0.222222 0.646957 0.213527 0.644783 0.194203 0.644348
0 0.108213 0.641304 0.104348 0.645652 0.104348 0.650870 0.108213 0.656087 0.114976 0.659565 0.122705 0.660870 0.141063 0.660870 0.152657 0.659130 0.160386 0.650870 0.160386 0.645217 0.149758 0.639565 0.140097 0.637826 0.132367 0.637826
0 0.178744 0.621304 0.160386 0.622609 0.149758 0.626957 0.145894 0.630435 0.146860 0.636522 0.150725 0.639565 0.162319 0.644348 0.176812 0.647391 0.186473 0.644783 0.198068 0.643478 0.206763 0.638696 0.204831 0.630870 0.200000 0.624783 0.194203 0.623043
0 0.228019 0.621304 0.216425 0.625217 0.207729 0.630435 0.207729 0.636087 0.209662 0.638261 0.216425 0.640870 0.220290 0.644348 0.237681 0.650870 0.266667 0.654348 0.276329 0.650000 0.273140 0.645609 0.273527 0.642130 0.274396 0.638261 0.265700 0.629130 0.257005 0.623913 0.239614 0.620435
0 0.288889 0.630435 0.280193 0.634348 0.275362 0.640435 0.275362 0.647826 0.285024 0.655217 0.286957 0.658696 0.300483 0.659565 0.326570 0.657391 0.335266 0.653478 0.342995 0.646087 0.343961 0.641739 0.342029 0.638696 0.334300 0.634348 0.319807 0.630435 0.310145 0.629565
0 0.282126 0.660870 0.277295 0.665217 0.277295 0.673043 0.281159 0.680435 0.290821 0.685652 0.307246 0.690000 0.317874 0.688696 0.335266 0.681304 0.341063 0.674783 0.340097 0.668696 0.334300 0.665217 0.318841 0.660870 0.300483 0.659565
0 0.347826 0.674348 0.338164 0.680870 0.335266 0.684783 0.335266 0.690435 0.338164 0.693043 0.345894 0.695652 0.359420 0.697826 0.380676 0.698261 0.385507 0.699130 0.396135 0.698261 0.398068 0.694348 0.396135 0.686087 0.390338 0.680435 0.374879 0.673043 0.364251 0.671739 0.354589 0.672609
0 0.378744 0.633913 0.361353 0.636522 0.349758 0.641739 0.343961 0.646087 0.338164 0.655652 0.339130 0.660000 0.346860 0.663913 0.361353 0.666957 0.379710 0.667826 0.389372 0.666087 0.396135 0.663478 0.400966 0.651304 0.400000 0.646522 0.396135 0.642174 0.387440 0.636522
0 0.414493 0.649565 0.407150 0.650652 0.403865 0.653913 0.397101 0.661304 0.398068 0.666087 0.410628 0.674783 0.418357 0.677826 0.428019 0.679565 0.438647 0.679130 0.451208 0.674348 0.459903 0.668261 0.461836 0.665652 0.460870 0.657826 0.457005 0.655217 0.439614 0.650000 0.430918 0.649130
0 0.517874 0.663913 0.512077 0.661739 0.503382 0.660435 0.492754 0.660870 0.481159 0.663043 0.463768 0.668261 0.456039 0.671739 0.449275 0.678261 0.448309 0.683478 0.452174 0.685217 0.478261 0.689565 0.501449 0.689130 0.513043 0.687826 0.522705 0.683913 0.526570 0.678261 0.523671 0.669565
0 0.531401 0.660000 0.525604 0.668261 0.528502 0.678261 0.531401 0.681304 0.550725 0.687391 0.572947 0.686957 0.608696 0.679565 0.609662 0.674348 0.604831 0.666087 0.591304 0.659130 0.564251 0.655217 0.548792 0.654783 0.541063 0.656087
0 0.450242 0.629565 0.436715 0.638261 0.434783 0.643478 0.437681 0.648261 0.471498 0.659130 0.480193 0.660435 0.491787 0.659130 0.509179 0.659565 0.516908 0.655217 0.514976 0.645652 0.511111 0.641304 0.504348 0.638696 0.497585 0.633913 0.485990 0.628696 0.475362 0.626087 0.465700 0.626087
0 0.324638 0.613478 0.323671 0.616522 0.325604 0.618696 0.340097 0.623913 0.361353 0.628696 0.371014 0.628696 0.380676 0.627391 0.383575 0.625652 0.388406 0.615652 0.386473 0.610870 0.379710 0.606522 0.363285 0.603478 0.352657 0.603913 0.332367 0.609565
0 0.256039 0.605217 0.249275 0.611304 0.249275 0.616087 0.254106 0.620870 0.261836 0.623913 0.285990 0.629130 0.315942 0.627826 0.318841 0.626957 0.319807 0.614783 0.309179 0.606522 0.300483 0.602609 0.283092 0.599565 0.273430 0.600000
0 0.692754 0.671739 0.683092 0.670000 0.666667 0.670000 0.646377 0.672174 0.633816 0.676522 0.629952 0.681304 0.629952 0.686087 0.637681 0.694348 0.645411 0.697826 0.654106 0.699565 0.672464 0.699130 0.696618 0.690000 0.699517 0.686087 0.699517 0.679565 0.697585 0.675217
0 0.626087 0.681304 0.606763 0.680870 0.598068 0.681739 0.575845 0.687391 0.568116 0.693913 0.566184 0.697826 0.576812 0.706957 0.584541 0.709565 0.596135 0.711304 0.612560 0.703913 0.627053 0.700870 0.631884 0.692609
0 0.765217 0.666087 0.758454 0.665217 0.725604 0.665652 0.719807 0.667391 0.704348 0.669565 0.699517 0.672174 0.698551 0.674783 0.705314 0.682609 0.709179 0.683913 0.719807 0.684783 0.743961 0.682174 0.752657 0.682174 0.763285 0.677826 0.767150 0.674348 0.764251 0.670000
0 0.731401 0.683913 0.724638 0.686957 0.723671 0.694348 0.744928 0.705652 0.751691 0.707826 0.761353 0.708696 0.778744 0.701739 0.778744 0.692174 0.770048 0.685652 0.759420 0.682609 0.750725 0.681739
0 0.785507 0.672609 0.775845 0.676957 0.772947 0.684783 0.774879 0.688696 0.782609 0.695217 0.788406 0.697391 0.795169 0.698696 0.808696 0.697826 0.815459 0.696087 0.829952 0.689565 0.832850 0.686522 0.830918 0.681739 0.822222 0.677391 0.806763 0.673043 0.797101 0.672174
0 0.869565 0.653043 0.857005 0.651304 0.846377 0.651304 0.831884 0.657826 0.827053 0.665217 0.826087 0.674348 0.834783 0.685652 0.837681 0.686522 0.854106 0.686087 0.870531 0.682609 0.877295 0.674783 0.885990 0.670870 0.888889 0.666522 0.885990 0.658696 0.882126 0.656087
0 0.769082 0.640435 0.758454 0.646522 0.755556 0.650000 0.757488 0.656957 0.765217 0.662174 0.788406 0.667391 0.809662 0.667826 0.823188 0.666087 0.828019 0.662609 0.828986 0.657826 0.823188 0.648261 0.814493 0.642174 0.804831 0.639130 0.791304 0.637826 0.777778 0.638261
0 0.743961 0.644348 0.735266 0.641739 0.723671 0.641304 0.716908 0.642174 0.696618 0.650435 0.688889 0.656087 0.687923 0.663043 0.690821 0.666087 0.710145 0.667391 0.721739 0.666087 0.735266 0.663043 0.746860 0.657826 0.749758 0.655217 0.749758 0.650870
0 0.673430 0.639565 0.664734 0.640870 0.660870 0.643478 0.656039 0.662174 0.663768 0.667391 0.681159 0.668261 0.690821 0.666087 0.685990 0.661304 0.685990 0.655217 0.695652 0.650435 0.695652 0.645652 0.685024 0.640870
0 0.641546 0.641304 0.626087 0.640870 0.611594 0.643478 0.603865 0.646957 0.598068 0.653478 0.598068 0.660000 0.611594 0.668261 0.618357 0.670435 0.618357 0.673913 0.621256 0.674783 0.641546 0.670870 0.656039 0.662609 0.659903 0.654783 0.659903 0.649565 0.657005 0.646522 0.648309 0.642609
0 0.884058 0.700870 0.880193 0.697391 0.874396 0.695652 0.864734 0.694783 0.844444 0.696087 0.813527 0.701304 0.807729 0.704783 0.808696 0.708261 0.814493 0.713478 0.831884 0.715652 0.857971 0.712609 0.872464 0.709565
0 0.906280 0.697826 0.887923 0.701739 0.878261 0.707826 0.875362 0.711739 0.874396 0.720870 0.882126 0.730000 0.894686 0.731739 0.909179 0.732174 0.928502 0.728696 0.931401 0.723478 0.928502 0.717391 0.927536 0.706522 0.917874 0.700435 0.910145 0.697826
0 0.942029 0.728696 0.931401 0.729565 0.924638 0.733043 0.921739 0.737826 0.921739 0.744783 0.923671 0.750000 0.931401 0.755217 0.936232 0.756957 0.944928 0.757391 0.956522 0.756087 0.968116 0.752174 0.974879 0.743478 0.974879 0.739130 0.971014 0.734783 0.962319 0.730870
0 0.909179 0.773913 0.900483 0.775652 0.881159 0.776522 0.867633 0.781304 0.861836 0.784783 0.854106 0.792609 0.853140 0.800000 0.857971 0.803913 0.871498 0.807391 0.890821 0.809130 0.911111 0.804348 0.921739 0.791739 0.921739 0.785217
0 0.856039 0.812174 0.852174 0.817826 0.853140 0.826522 0.857005 0.830000 0.866667 0.834348 0.871498 0.835217 0.888889 0.834783 0.900483 0.832609 0.912077 0.831739 0.917874 0.829565 0.921739 0.824783 0.921739 0.820435 0.909179 0.813913 0.900483 0.812609 0.890821 0.809565 0.876329 0.808261 0.865700 0.808696
0 0.971981 0.812174 0.951691 0.812609 0.938164 0.814348 0.931401 0.816087 0.922705 0.820435 0.922705 0.828261 0.931401 0.835217 0.942995 0.839565 0.955556 0.839565 0.964251 0.838261 0.973913 0.833478 0.982609 0.826522 0.984541 0.817826
0 0.995169 0.823043 0.985507 0.825652 0.973913 0.832174 0.970048 0.842174 0.974879 0.844783 0.994203 0.848261 1.000000 0.848261 1.000000 0.823043
0 0.994203 0.792609 0.977778 0.797391 0.974879 0.801739 0.974879 0.810000 0.979710 0.813913 0.993237 0.819130 1.000000 0.819130 1.000000 0.792609
0 0.926570 0.789565 0.920773 0.792609 0.914976 0.800000 0.914010 0.806522 0.916908 0.809565 0.932367 0.813478 0.946860 0.813478 0.970048 0.811304 0.974879 0.807391 0.976812 0.793478 0.967150 0.790000 0.952657 0.787391 0.942029 0.786957
0 0.941063 0.758261 0.925604 0.764783 0.923671 0.766957 0.923671 0.772609 0.931401 0.780870 0.942995 0.786522 0.961353 0.788261 0.969082 0.790000 0.980676 0.789565 0.983575 0.787826 0.984541 0.774783 0.978744 0.769130 0.960386 0.758261 0.953623 0.756957
0 0.995169 0.771304 0.985507 0.778696 0.983575 0.784783 0.984541 0.787391 0.989372 0.790000 1.000000 0.791304 1.000000 0.769435
0 0.995169 0.734348 0.976812 0.742174 0.966184 0.756522 0.971981 0.763913 0.977778 0.766522 1.000000 0.768261 1.000000 0.734348
0 0.995169 0.709565 0.985507 0.715652 0.982609 0.724783 0.995169 0.732174 1.000000 0.732174 1.000000 0.709565
0 0.989372 0.703478 0.973913 0.700870 0.955556 0.701304 0.945894 0.702609 0.933333 0.706957 0.930435 0.709565 0.929469 0.716957 0.931401 0.720870 0.940097 0.727391 0.962319 0.729130 0.976812 0.724348 0.984541 0.715217 0.992271 0.709565 0.992271 0.704783
0 0.995169 0.682609 0.991304 0.688696 0.991304 0.693913 0.995169 0.698696 1.000000 0.702087 1.000000 0.680000
0 0.922705 0.678261 0.920773 0.682174 0.925604 0.689565 0.933333 0.695217 0.945894 0.700000 0.951691 0.701304 0.971014 0.700870 0.979710 0.698696 0.987440 0.693043 0.991304 0.686087 0.991304 0.681739 0.985507 0.677826 0.971014 0.674348 0.948792 0.674348
0 0.882126 0.673478 0.874396 0.680435 0.874396 0.687826 0.878261 0.694783 0.889855 0.698696 0.900483 0.698261 0.914976 0.696087 0.924638 0.689565 0.919807 0.679130 0.900483 0.672609 0.888889 0.672174
0 0.927536 0.646522 0.915942 0.647391 0.905314 0.649565 0.898551 0.653043 0.891787 0.661304 0.891787 0.666087 0.895652 0.670870 0.916908 0.676957 0.929469 0.676957 0.938164 0.675652 0.953623 0.670435 0.957488 0.667826 0.955556 0.653913 0.943961 0.651304 0.937198 0.647826
0 1.000000 0.639565 0.987440 0.640870 0.967150 0.649565 0.959420 0.658261 0.958454 0.665652 0.960386 0.670000 0.967150 0.673478 0.985507 0.675652 1.000000 0.675652
0 0.950725 0.623913 0.937198 0.625217 0.929469 0.627391 0.917874 0.633913 0.915942 0.639130 0.923671 0.645217 0.936232 0.647391 0.943961 0.650435 0.956522 0.651304 0.966184 0.649565 0.978744 0.644348 0.982609 0.640870 0.982609 0.636087 0.979710 0.632174 0.971014 0.627826 0.961353 0.624783
0 0.864734 0.620435 0.854106 0.624348 0.850242 0.628261 0.849275 0.635217 0.857971 0.643478 0.872464 0.651739 0.880193 0.653478 0.893720 0.653043 0.907246 0.646522 0.912077 0.640435 0.911111 0.632174 0.903382 0.626522 0.885024 0.620435
0 0.930435 0.601739 0.925604 0.604348 0.917874 0.615217 0.919807 0.621304 0.925604 0.624348 0.931401 0.625217 0.962319 0.623043 0.969082 0.620435 0.971981 0.617826 0.972947 0.610000 0.971014 0.607826 0.953623 0.602174 0.944928 0.600870
0 0.926570 0.588696 0.917874 0.590000 0.912077 0.589130 0.903382 0.589565 0.893720 0.592609 0.878261 0.593913 0.867633 0.597826 0.863768 0.601739 0.863768 0.607391 0.869565 0.613043 0.888889 0.620435 0.900483 0.621304 0.912077 0.619130 0.917874 0.616087 0.927536 0.602174 0.928502 0.595217 0.931401 0.592609 0.931401 0.590870
0 0.811594 0.600435 0.807729 0.601739 0.800966 0.607391 0.801932 0.614783 0.807729 0.623043 0.815459 0.627391 0.826087 0.630870 0.838647 0.633043 0.844444 0.632609 0.848309 0.631304 0.859903 0.620000 0.858937 0.610870 0.851208 0.606087 0.832850 0.601739 0.823188 0.600435
0 0.995169 0.586522 0.986473 0.595652 0.984541 0.602174 0.988406 0.608261 0.995169 0.612174 1.000000 0.612174 1.000000 0.582348
0 0.987440 0.573478 0.975845 0.573478 0.949758 0.577391 0.944928 0.579130 0.940097 0.583043 0.939130 0.589130 0.943961 0.595652 0.960386 0.604348 0.969082 0.606522 0.974879 0.602174 0.987440 0.596087 0.995169 0.586087 0.995169 0.584522 0.994783 0.581609 0.994300 0.579391 0.992271 0.576304
0 0.899517 0.554348 0.889855 0.556522 0.879227 0.562174 0.879227 0.569130 0.887923 0.578261 0.899517 0.583478 0.906280 0.584348 0.926570 0.583478 0.938164 0.580435 0.944928 0.577391 0.947826 0.573478 0.947826 0.569130 0.952657 0.563913 0.944928 0.559565 0.935266 0.558696 0.921739 0.554348
0 0.993237 0.555478 0.991981 0.563348 1.000000 0.571217 1.000000 0.548957
0 1.000000 0.521739 0.984541 0.520870 0.969082 0.522609 0.956522 0.527826 0.950725 0.531739 0.948792 0.536957 0.954589 0.545652 0.963285 0.549565 0.975845 0.551739 1.000000 0.550870
0 0.900483 0.539130 0.891787 0.538261 0.885990 0.535652 0.876329 0.533913 0.857005 0.533913 0.847343 0.534783 0.843478 0.536087 0.835749 0.540870 0.833816 0.547391 0.835749 0.553043 0.845411 0.560870 0.855072 0.563478 0.866667 0.563478 0.882126 0.560000 0.896618 0.553913 0.899517 0.550435 0.911111 0.545217
0 0.916908 0.499130 0.902415 0.504348 0.896618 0.510000 0.893720 0.518261 0.899517 0.523478 0.909179 0.526957 0.923671 0.530000 0.941063 0.529565 0.966184 0.523913 0.970048 0.520435 0.970048 0.516087 0.960386 0.510870 0.958454 0.507826 0.940097 0.500000 0.928502 0.498696
0 0.802899 0.507826 0.799034 0.508696 0.794203 0.513043 0.785507 0.517391 0.783575 0.521304 0.784541 0.528696 0.795169 0.540870 0.800966 0.543043 0.813527 0.543478 0.821256 0.540870 0.833816 0.540435 0.839614 0.538696 0.846377 0.533913 0.847343 0.525217 0.843478 0.518261 0.834783 0.513043 0.819324 0.509130
0 0.775845 0.558696 0.771014 0.560435 0.762319 0.567391 0.759420 0.571739 0.759420 0.576522 0.764251 0.580000 0.790338 0.587391 0.799034 0.587826 0.809662 0.586522 0.816425 0.583043 0.828019 0.572174 0.825121 0.565652 0.816425 0.560870 0.804831 0.557826 0.785507 0.557391
0 0.863768 0.571739 0.857005 0.570000 0.843478 0.569565 0.835749 0.570435 0.827053 0.573043 0.816425 0.582609 0.815459 0.596957 0.817391 0.599565 0.829952 0.600000 0.837681 0.601304 0.846377 0.600870 0.857971 0.598696 0.873430 0.593913 0.880193 0.588696 0.881159 0.583478 0.876329 0.578696
0 0.739130 0.585217 0.731401 0.595217 0.732367 0.600870 0.737198 0.605652 0.750725 0.606957 0.774879 0.611304 0.788406 0.610000 0.800966 0.606957 0.804831 0.604348 0.798068 0.592174 0.791304 0.587391 0.774879 0.582609 0.766184 0.581304 0.749758 0.581739
0 0.736232 0.606522 0.722705 0.609130 0.713043 0.614783 0.711111 0.618261 0.713043 0.628261 0.725604 0.636522 0.733333 0.637391 0.754589 0.636522 0.770048 0.631304 0.780676 0.623043 0.779710 0.616087 0.775845 0.612609 0.764251 0.609130 0.746860 0.606522
0 0.682126 0.602174 0.673430 0.611304 0.675362 0.623913 0.679227 0.632609 0.685024 0.639130 0.689855 0.641304 0.709179 0.644783 0.712077 0.643043 0.710145 0.633043 0.713043 0.627391 0.710145 0.619130 0.717874 0.611304 0.719807 0.606957 0.709179 0.602609
0 0.640580 0.609130 0.616425 0.612609 0.606763 0.617391 0.603865 0.623913 0.610628 0.632174 0.625121 0.640000 0.648309 0.641304 0.662802 0.637826 0.676329 0.632174 0.675362 0.619565 0.668599 0.612174 0.656039 0.609565
0 0.542995 0.623478 0.529469 0.627826 0.523671 0.631304 0.521739 0.634348 0.523671 0.640000 0.534300 0.648696 0.544928 0.652609 0.550725 0.653478 0.569082 0.653043 0.583575 0.646522 0.586473 0.642609 0.586473 0.638261 0.583575 0.634348 0.575845 0.628696 0.561353 0.623913
0 0.483092 0.601739 0.468599 0.608261 0.464734 0.614348 0.466667 0.620435 0.474396 0.625217 0.499517 0.632174 0.520773 0.630870 0.527536 0.626522 0.538164 0.625217 0.540097 0.622174 0.537198 0.619565 0.537198 0.615217 0.530435 0.609565 0.519807 0.604783 0.509179 0.601739 0.492754 0.600870
0 0.569082 0.600000 0.563285 0.602174 0.556522 0.607391 0.556522 0.611304 0.553623 0.613913 0.555556 0.621304 0.571014 0.626522 0.577778 0.627826 0.586473 0.627391 0.600000 0.623478 0.604831 0.618696 0.611594 0.615217 0.614493 0.612174 0.613527 0.606522 0.610628 0.603913 0.602899 0.600870 0.580676 0.599565
0 0.525604 0.588261 0.517874 0.590000 0.512077 0.593043 0.508213 0.600435 0.514010 0.603913 0.521739 0.605652 0.528502 0.608696 0.537198 0.614783 0.541063 0.615652 0.550725 0.615217 0.557488 0.611304 0.557488 0.606522 0.565217 0.599130 0.547826 0.590000 0.536232 0.587826
0 0.571014 0.574783 0.558454 0.579130 0.552657 0.583478 0.551691 0.588696 0.553623 0.592174 0.562319 0.596522 0.570048 0.598696 0.584541 0.600435 0.596135 0.600435 0.602899 0.597391 0.609662 0.589130 0.608696 0.580435 0.601932 0.575652 0.595169 0.573478 0.584541 0.573043
0 0.609662 0.560870 0.596135 0.567826 0.595169 0.572609 0.613527 0.582174 0.636715 0.586522 0.651208 0.587391 0.661836 0.586087 0.666667 0.583043 0.672464 0.572609 0.669565 0.566087 0.663768 0.562174 0.655072 0.559565 0.645411 0.558261 0.627053 0.558696
0 0.690821 0.567391 0.681159 0.569130 0.673430 0.572609 0.667633 0.580435 0.667633 0.585652 0.673430 0.592174 0.674396 0.596522 0.682126 0.600870 0.705314 0.601739 0.711111 0.600870 0.730435 0.594783 0.738164 0.583043 0.732367 0.576522 0.721739 0.572174 0.701449 0.567826
0 0.724638 0.550870 0.719807 0.552609 0.716908 0.556087 0.717874 0.564348 0.720773 0.569565 0.736232 0.576957 0.742029 0.577826 0.752657 0.576957 0.768116 0.563478 0.769082 0.559130 0.767150 0.555652 0.762319 0.553043 0.754589 0.551739
0 0.657005 0.541739 0.654106 0.543478 0.655072 0.554348 0.661836 0.559565 0.669565 0.562609 0.682126 0.566087 0.697585 0.566522 0.704348 0.565652 0.714010 0.562174 0.716908 0.555217 0.722705 0.550435 0.722705 0.546957 0.720773 0.544783 0.710145 0.540000 0.691787 0.536957 0.681159 0.536522 0.670531 0.537826
0 0.741063 0.524783 0.729469 0.530000 0.722705 0.536522 0.723671 0.541739 0.729469 0.546522 0.740097 0.550000 0.771014 0.554348 0.789372 0.553043 0.794203 0.550000 0.793237 0.540000 0.781643 0.528696 0.763285 0.523043 0.748792 0.523043
0 0.663768 0.521304 0.673430 0.534348 0.680193 0.536522 0.709179 0.538696 0.718841 0.536522 0.724638 0.533913 0.731401 0.526087 0.731401 0.521304 0.719807 0.516522 0.711111 0.515217 0.683092 0.516087 0.673430 0.517826
0 0.635749 0.536087 0.609662 0.536087 0.592271 0.540870 0.588406 0.544348 0.588406 0.552174 0.592271 0.555652 0.600000 0.559130 0.603865 0.560000 0.616425 0.560000 0.646377 0.557826 0.650242 0.556087 0.652174 0.553913 0.651208 0.544783 0.645411 0.539565
0 0.535266 0.551304 0.530435 0.555217 0.529469 0.561739 0.537198 0.567826 0.542995 0.570435 0.568116 0.574348 0.581643 0.573478 0.591304 0.570435 0.597101 0.564783 0.597101 0.560000 0.593237 0.556087 0.586473 0.553043 0.573913 0.550000 0.553623 0.548696 0.542029 0.549565
0 0.507246 0.547826 0.497585 0.552174 0.504348 0.564783 0.518841 0.568696 0.534300 0.575652 0.546860 0.576087 0.547826 0.572174 0.535266 0.566087 0.530435 0.560870 0.530435 0.556957 0.535266 0.553043 0.537198 0.548696 0.519807 0.546087
0 0.493720 0.565652 0.485990 0.569565 0.480193 0.576522 0.480193 0.581304 0.484058 0.586087 0.489855 0.588696 0.498551 0.589565 0.518841 0.589565 0.533333 0.586957 0.538164 0.581739 0.537198 0.576522 0.520773 0.568261 0.502415 0.564783
0 0.447343 0.565652 0.438647 0.573478 0.433816 0.583913 0.433816 0.589130 0.436715 0.594348 0.441546 0.597391 0.453140 0.600435 0.465700 0.601739 0.478261 0.601304 0.486957 0.599130 0.489855 0.596957 0.485990 0.587391 0.477295 0.580000 0.455072 0.571739
0 0.423188 0.559565 0.414493 0.562174 0.409662 0.566957 0.400000 0.571739 0.396135 0.576087 0.396135 0.584348 0.400000 0.588261 0.406763 0.590435 0.427053 0.590000 0.431884 0.589130 0.434783 0.586522 0.441546 0.568261 0.430918 0.560870
0 0.415459 0.599130 0.415459 0.604348 0.438647 0.613913 0.447343 0.616522 0.457005 0.616522 0.463768 0.614348 0.472464 0.604348 0.470531 0.602174 0.452174 0.600000 0.438647 0.596087 0.431884 0.595652 0.422222 0.596522
0 0.330435 0.584348 0.328502 0.588261 0.332367 0.594348 0.345894 0.598696 0.351691 0.601739 0.385507 0.606087 0.393237 0.604783 0.399034 0.601739 0.402899 0.596522 0.402899 0.590000 0.392271 0.579130 0.388406 0.577391 0.381643 0.576087 0.357488 0.576957 0.336232 0.581739
0 0.263768 0.577391 0.261836 0.579130 0.261836 0.583913 0.274396 0.597391 0.302415 0.601739 0.317874 0.599130 0.324638 0.596087 0.327536 0.592609 0.322705 0.580000 0.314976 0.575217 0.304348 0.573043 0.284058 0.573043 0.269565 0.575217
0 0.235749 0.576957 0.227053 0.578261 0.217391 0.582609 0.211594 0.587391 0.209662 0.592174 0.229952 0.603478 0.238647 0.606087 0.250242 0.606957 0.268599 0.600000 0.268599 0.591304 0.263768 0.585217 0.257971 0.581304 0.247343 0.577826
0 0.175845 0.594348 0.168116 0.598261 0.168116 0.610000 0.171981 0.615652 0.186473 0.621739 0.194203 0.622609 0.212560 0.622174 0.223188 0.616522 0.226087 0.610870 0.223188 0.607391 0.224155 0.603043 0.222222 0.600435 0.206763 0.593043 0.192271 0.592609
0 0.146860 0.592609 0.132367 0.592609 0.116908 0.594783 0.107246 0.598696 0.099517 0.603913 0.099517 0.611739 0.108213 0.617826 0.116908 0.622174 0.124638 0.624348 0.140097 0.624348 0.153623 0.620870 0.167150 0.613913 0.169082 0.598696 0.166184 0.596957
0 0.170048 0.568696 0.160386 0.572609 0.158454 0.577391 0.159420 0.583043 0.165217 0.588261 0.176812 0.592609 0.203865 0.591739 0.213527 0.585652 0.216425 0.582174 0.222222 0.580000 0.217391 0.571739 0.207729 0.568261 0.196135 0.566957 0.181643 0.566957
0 0.110145 0.560435 0.093720 0.567391 0.089855 0.570435 0.087923 0.576522 0.090821 0.580435 0.108213 0.588261 0.126570 0.590870 0.140097 0.590435 0.156522 0.583913 0.158454 0.574783 0.156522 0.567826 0.151691 0.564783 0.135266 0.560435
0 0.169082 0.544783 0.161353 0.551739 0.160386 0.557826 0.166184 0.562174 0.176812 0.565652 0.192271 0.565652 0.203865 0.566957 0.212560 0.566087 0.215459 0.564348 0.215459 0.548696 0.210628 0.547826 0.205797 0.544783 0.189372 0.541739 0.177778 0.541739
0 0.099517 0.535652 0.092754 0.540870 0.091787 0.549565 0.098551 0.554783 0.109179 0.557391 0.128502 0.558261 0.139130 0.556957 0.163285 0.545652 0.155556 0.540870 0.139130 0.537826 0.126570 0.533913 0.114010 0.533043
0 0.246377 0.536957 0.232850 0.539565 0.222222 0.545652 0.217391 0.553913 0.217391 0.563478 0.221256 0.566957 0.235749 0.570435 0.259903 0.571304 0.269565 0.569130 0.276329 0.565217 0.282126 0.548696 0.270531 0.540435 0.257005 0.537391
0 0.282126 0.551304 0.279227 0.554348 0.279227 0.560000 0.275362 0.564348 0.276329 0.568696 0.287923 0.572609 0.309179 0.572174 0.318841 0.568696 0.323671 0.564783 0.324638 0.556087 0.320773 0.552609 0.309179 0.550000 0.293720 0.550000
0 0.366184 0.542609 0.348792 0.543043 0.340097 0.545217 0.331401 0.550000 0.326570 0.554783 0.326570 0.563913 0.333333 0.568696 0.336232 0.576087 0.342029 0.577826 0.369082 0.576087 0.380676 0.572609 0.381643 0.567826 0.387440 0.562609 0.392271 0.552609 0.390338 0.550000 0.384541 0.547391
0 0.287923 0.523478 0.274396 0.529565 0.271498 0.532609 0.270531 0.538696 0.275362 0.543478 0.285990 0.548696 0.291787 0.549565 0.326570 0.550000 0.334300 0.546957 0.340097 0.542609 0.340097 0.536522 0.334300 0.531304 0.323671 0.525217 0.315942 0.522609 0.297585 0.521739
0 0.212560 0.513913 0.203865 0.515217 0.195169 0.520000 0.188406 0.533478 0.195169 0.541304 0.203865 0.543478 0.222222 0.543478 0.235749 0.538261 0.249275 0.534783 0.249275 0.526522 0.239614 0.520870 0.233816 0.519130 0.230918 0.516522
0 0.116908 0.513043 0.115942 0.519130 0.119807 0.526087 0.134300 0.535652 0.151691 0.539130 0.177778 0.537826 0.182609 0.535652 0.186473 0.529130 0.194203 0.522609 0.193237 0.520435 0.183575 0.516522 0.148792 0.511739
0 0.551691 0.524783 0.544928 0.527826 0.542029 0.530870 0.540097 0.541739 0.542995 0.546957 0.546860 0.548261 0.560386 0.549565 0.579710 0.549565 0.587440 0.546087 0.595169 0.537826 0.593237 0.532174 0.583575 0.527826 0.571014 0.524783 0.563285 0.523913
0 0.475362 0.527826 0.468599 0.533043 0.467633 0.537826 0.470531 0.539565 0.490821 0.544783 0.510145 0.546087 0.525604 0.544783 0.537198 0.541304 0.539130 0.535217 0.536232 0.529565 0.529469 0.524348 0.520773 0.521739 0.510145 0.520435 0.488889 0.523043
0 0.428019 0.516957 0.421256 0.520000 0.417391 0.524783 0.417391 0.533478 0.421256 0.538261 0.427053 0.541739 0.437681 0.543478 0.461836 0.541304 0.468599 0.537391 0.473430 0.530000 0.468599 0.521304 0.456039 0.517391
0 0.473430 0.507826 0.468599 0.516087 0.468599 0.520435 0.473430 0.523913 0.483092 0.524783 0.507246 0.520435 0.527536 0.522174 0.528502 0.515652 0.524638 0.512609 0.524638 0.509565 0.514010 0.505217 0.502415 0.503043 0.490821 0.503043 0.478261 0.505217
0 0.517874 0.497826 0.519807 0.506957 0.542029 0.514783 0.563285 0.515652 0.580676 0.513478 0.582609 0.505652 0.578744 0.496522 0.561353 0.490000 0.551691 0.489565 0.525604 0.493913
0 0.577778 0.483043 0.571981 0.490435 0.579710 0.496522 0.583575 0.503913 0.592271 0.510000 0.597101 0.510870 0.613527 0.508696 0.621256 0.510870 0.630918 0.511304 0.635749 0.503043 0.643478 0.496957 0.642512 0.492609 0.630918 0.482174 0.617391 0.477826 0.611594 0.477391 0.596135 0.480870
0 0.644444 0.496522 0.635749 0.504783 0.635749 0.510435 0.640580 0.515217 0.649275 0.519130 0.666667 0.520435 0.676329 0.517391 0.697585 0.513913 0.702415 0.510870 0.703382 0.509130 0.699517 0.504783 0.680193 0.495217 0.663768 0.493043 0.654106 0.493043
0 0.699517 0.480870 0.690821 0.484348 0.686957 0.489130 0.687923 0.497391 0.705314 0.508261 0.715942 0.510870 0.726570 0.511304 0.735266 0.506957 0.743961 0.499130 0.742995 0.493478 0.732367 0.487826 0.722705 0.484783
0 0.770048 0.489565 0.760386 0.490870 0.746860 0.494783 0.732367 0.509130 0.737198 0.515217 0.745894 0.518696 0.753623 0.520000 0.771014 0.520435 0.779710 0.519565 0.786473 0.516957 0.796135 0.510435 0.797101 0.505217 0.792271 0.499130 0.776812 0.491304
0 0.386473 0.500870 0.372947 0.510000 0.370048 0.517826 0.372947 0.521304 0.384541 0.526957 0.404831 0.529565 0.412560 0.527826 0.418357 0.521739 0.426087 0.517391 0.426087 0.513043 0.420290 0.506957 0.415459 0.504348 0.397101 0.500435
0 0.351691 0.529130 0.355556 0.530435 0.355556 0.533478 0.360386 0.537826 0.370048 0.542609 0.384541 0.546522 0.394203 0.550435 0.408696 0.549130 0.407729 0.544348 0.411594 0.541739 0.415459 0.541304 0.416425 0.536957 0.403865 0.530870 0.397101 0.529130 0.382609 0.528261 0.362319 0.529565
0 0.307246 0.499130 0.304348 0.500870 0.306280 0.513913 0.314976 0.520435 0.329469 0.528261 0.334300 0.529565 0.347826 0.529130 0.353623 0.527826 0.368116 0.521739 0.371014 0.514783 0.368116 0.508261 0.360386 0.504783 0.346860 0.500435 0.337198 0.498696
0 0.299517 0.498261 0.283092 0.495217 0.270531 0.495652 0.244444 0.500435 0.231884 0.505217 0.228986 0.508696 0.230918 0.515652 0.252174 0.526957 0.262802 0.528261 0.275362 0.528261 0.306280 0.518261 0.303382 0.503478
0 0.100483 0.478261 0.091787 0.481739 0.088889 0.487826 0.090821 0.498261 0.098551 0.502609 0.107246 0.504783 0.128502 0.505652 0.149758 0.502609 0.160386 0.498261 0.164251 0.493043 0.164251 0.486087 0.162319 0.484783 0.145894 0.481739 0.138164 0.478261 0.126570 0.476522
0 0.185507 0.484348 0.183575 0.486522 0.186473 0.494348 0.195169 0.499130 0.225121 0.500000 0.235749 0.498696 0.245411 0.494783 0.249275 0.490435 0.248309 0.486087 0.243478 0.482609 0.232850 0.477826 0.223188 0.476087 0.206763 0.476522
0 0.160386 0.452609 0.156522 0.455652 0.148792 0.457826 0.140097 0.462609 0.138164 0.470870 0.142029 0.476957 0.153623 0.482609 0.169082 0.485217 0.182609 0.484783 0.189372 0.483043 0.208696 0.474783 0.210628 0.467826 0.205797 0.462174 0.197101 0.456957 0.188406 0.454348 0.178744 0.454348 0.171014 0.451739
0 0.106280 0.446957 0.098551 0.446957 0.089855 0.450870 0.085024 0.457391 0.086957 0.471304 0.090821 0.476087 0.097585 0.477826 0.121739 0.475217 0.139130 0.467826 0.141063 0.464783 0.140097 0.457391 0.127536 0.451739
0 0.124638 0.417391 0.112077 0.421739 0.097585 0.429565 0.093720 0.434348 0.093720 0.440000 0.099517 0.446522 0.116908 0.448261 0.126570 0.450435 0.140097 0.450435 0.148792 0.448696 0.157488 0.443043 0.156522 0.429565 0.154589 0.426957 0.136232 0.417391
0 0.161353 0.422609 0.156522 0.424348 0.155556 0.428261 0.158454 0.440435 0.167150 0.449565 0.177778 0.453043 0.190338 0.452609 0.203865 0.447826 0.207729 0.443043 0.214493 0.440000 0.211594 0.436087 0.211594 0.431304 0.201932 0.426957 0.187440 0.423043 0.178744 0.421739
0 0.210628 0.443043 0.204831 0.446957 0.202415 0.450522 0.200966 0.453478 0.202899 0.459565 0.211594 0.466522 0.221256 0.470870 0.231884 0.471304 0.240580 0.466087 0.252174 0.463478 0.253140 0.457391 0.251208 0.453478 0.230918 0.444783 0.220290 0.443043
0 0.247343 0.409565 0.243478 0.413913 0.238647 0.416087 0.229952 0.415652 0.221256 0.419565 0.218357 0.425217 0.218357 0.435217 0.220290 0.438261 0.223671 0.442261 0.231014 0.444304 0.237005 0.446478 0.242512 0.448261 0.248309 0.449565 0.257005 0.449565 0.269565 0.442174 0.278261 0.438696 0.281159 0.433913 0.281159 0.427826 0.275362 0.420870 0.259903 0.416087 0.257005 0.410435
0 0.280000 0.438739 0.264734 0.443913 0.255072 0.450870 0.256039 0.458696 0.258937 0.461957 0.265700 0.466522 0.291787 0.473043 0.300483 0.471304 0.309179 0.466522 0.312077 0.460435 0.312077 0.453913 0.300483 0.441304 0.286667 0.435957
0 0.288889 0.435217 0.302415 0.441739 0.305314 0.447391 0.315942 0.457391 0.335266 0.460000 0.346860 0.456087 0.353623 0.450000 0.353623 0.443478 0.340097 0.435217 0.317874 0.431304 0.305314 0.431739
0 0.404831 0.452609 0.380676 0.448261 0.371014 0.448696 0.358454 0.450870 0.346860 0.455652 0.334300 0.463478 0.334300 0.469130 0.338164 0.469130 0.347826 0.471739 0.351691 0.475217 0.355556 0.476087 0.389372 0.476522 0.400000 0.471739 0.407729 0.470870 0.412560 0.466957 0.409662 0.458261
0 0.337198 0.470435 0.325604 0.470435 0.316908 0.472174 0.295652 0.482174 0.293720 0.486087 0.294686 0.490435 0.299517 0.494348 0.308213 0.497826 0.319807 0.498261 0.327536 0.496957 0.334300 0.494348 0.344928 0.486522 0.349758 0.476087 0.348792 0.474348
0 0.240580 0.466522 0.234783 0.470435 0.238647 0.478696 0.248309 0.483043 0.256039 0.493043 0.263768 0.495652 0.283092 0.493478 0.289855 0.490000 0.292754 0.486522 0.292754 0.482174 0.283092 0.472174 0.270145 0.469217 0.265700 0.467826 0.251208 0.465652
0 0.353623 0.478261 0.336232 0.494348 0.340097 0.498261 0.357488 0.503043 0.370048 0.508261 0.382609 0.502609 0.389372 0.494783 0.387440 0.482609 0.378744 0.478261
0 0.363285 0.416957 0.342995 0.425652 0.339130 0.431304 0.340097 0.434348 0.359420 0.444783 0.374879 0.447391 0.397101 0.448696 0.400000 0.444348 0.399034 0.435217 0.394203 0.430870 0.390338 0.423478 0.378744 0.417391 0.371014 0.416087
0 0.385507 0.405217 0.378744 0.408696 0.377778 0.415217 0.387440 0.416957 0.390338 0.418696 0.391304 0.426957 0.395169 0.433043 0.404831 0.436522 0.413527 0.436522 0.434783 0.432609 0.445411 0.425217 0.444444 0.419565 0.435749 0.415217 0.433816 0.411739 0.412560 0.406087 0.405797 0.406087 0.398068 0.403913
0 0.453140 0.424348 0.443478 0.427826 0.439614 0.430870 0.439614 0.439130 0.443478 0.443478 0.456715 0.448478 0.473430 0.454348 0.493623 0.456609 0.497488 0.450522 0.499517 0.446957 0.504348 0.443913 0.492754 0.432174 0.491787 0.426087 0.476329 0.422609 0.463768 0.422609
0 0.428986 0.434348 0.418357 0.435652 0.409662 0.438261 0.402899 0.443478 0.401932 0.448261 0.412560 0.458696 0.427053 0.464783 0.433816 0.465652 0.435749 0.463391 0.444444 0.456957 0.457971 0.453043 0.460870 0.450870 0.443478 0.442609 0.439614 0.439130 0.439614 0.435217 0.436715 0.434348
0 0.446280 0.456304 0.438647 0.463043 0.432850 0.467391 0.430918 0.474783 0.438647 0.476957 0.447343 0.476957 0.453140 0.474348 0.462802 0.472174 0.473430 0.471739 0.482126 0.473478 0.491787 0.472609 0.493720 0.471304 0.492754 0.464348 0.485990 0.459565 0.476329 0.455217 0.465700 0.452609 0.461256 0.452304
0 0.510145 0.414783 0.504348 0.415652 0.496618 0.419565 0.493720 0.423043 0.493720 0.433478 0.510145 0.445217 0.527536 0.448261 0.537198 0.445652 0.547826 0.440000 0.557488 0.431739 0.557488 0.426957 0.550725 0.420435 0.539130 0.416087 0.530435 0.414783
0 0.421256 0.543913 0.421256 0.547391 0.428019 0.559130 0.437681 0.563043 0.449275 0.565652 0.458937 0.573478 0.469565 0.575217 0.478261 0.574348 0.487923 0.569130 0.490821 0.565652 0.500483 0.560870 0.495652 0.552174 0.478261 0.545652 0.459903 0.542609 0.448309 0.542609 0.438647 0.544348
0 0.995169 0.435652 0.978744 0.443043 0.979710 0.447391 0.988406 0.451739 0.991304 0.456087 0.995169 0.457826 1.000000 0.457826 1.000000 0.435652
0 0.418357 0.550435 0.410628 0.550000 0.394203 0.553043 0.381643 0.567826 0.381643 0.572609 0.386473 0.575217 0.396135 0.576522 0.398068 0.573913 0.408696 0.568261 0.415459 0.561304 0.423188 0.557391 0.423188 0.555217
0 0.594203 0.511739 0.581643 0.521304 0.581643 0.525652 0.591304 0.531304 0.604831 0.535652 0.638647 0.534783 0.645411 0.531304 0.648309 0.526957 0.648309 0.520870 0.640580 0.515217 0.616425 0.510000 0.602899 0.510000