0 0.954158 0.667484 0.953092 0.673203 0.954158 0.698529 0.958955 0.705882 0.974947 0.705065 0.985608 0.701797 0.992004 0.696895 0.996802 0.686275 0.996269 0.678105 0.987207 0.673203 0.982409 0.673203 0.974947 0.667484 0.966951 0.656046 0.959488 0.658497
0 0.970149 0.633987 0.966418 0.650327 0.972281 0.665033 0.981876 0.671569 0.984382 0.672141 0.993603 0.676471 1.000000 0.677288 1.000000 0.650327 0.990938 0.642974 0.983475 0.641340 0.974947 0.634804
0 0.970682 0.607026 0.966951 0.622549 0.966951 0.627451 0.980810 0.638072 1.000000 0.645425 1.000000 0.609477 0.982942 0.605392 0.973881 0.605392
0 0.954691 0.709150 0.952026 0.712418 0.948294 0.729575 0.949360 0.755719 0.950959 0.758987 0.963220 0.768791 0.968017 0.764706 0.976013 0.748366 0.979211 0.736928 0.978678 0.722222 0.975480 0.715686 0.963220 0.709150
0 0.939232 0.758170 0.936567 0.761438 0.929638 0.787582 0.928571 0.798203 0.929104 0.809641 0.933902 0.825163 0.945096 0.826797 0.948294 0.825163 0.960021 0.803922 0.965885 0.788399 0.965885 0.780229 0.958955 0.765523 0.956023 0.762827 0.951493 0.759804
0 0.945096 0.664216 0.942964 0.664216 0.936567 0.671569 0.928571 0.684641 0.931237 0.703431 0.931770 0.727941 0.934968 0.733660 0.939232 0.735294 0.943497 0.734477 0.947761 0.728758 0.952559 0.706699 0.952559 0.684641 0.948294 0.666667
0 0.939232 0.736928 0.931237 0.733660 0.922708 0.750817 0.916844 0.754085 0.912580 0.749183 0.909382 0.750817 0.905650 0.774510 0.905650 0.784314 0.907783 0.790033 0.918443 0.794935 0.924840 0.794935 0.931770 0.778595 0.934435 0.765523 0.939765 0.754902 0.940832 0.741013
0 0.915778 0.680556 0.910981 0.684641 0.910448 0.696895 0.901386 0.716503 0.902985 0.727124 0.909382 0.746732 0.915245 0.752451 0.920043 0.752451 0.924840 0.747549 0.931237 0.733660 0.931237 0.710784 0.930171 0.698529 0.926972 0.683007 0.922708 0.680556
0 0.896055 0.724673 0.885928 0.729575 0.880597 0.729575 0.876333 0.736111 0.875800 0.741013 0.880597 0.760621 0.886994 0.775327 0.894456 0.787582 0.897122 0.796569 0.900853 0.792484 0.906183 0.771242 0.906716 0.741830 0.902452 0.728758 0.899787 0.725490
0 0.896588 0.671569 0.891791 0.669935 0.885394 0.670752 0.881130 0.673203 0.876333 0.681373 0.875800 0.696078 0.878465 0.723039 0.881663 0.727941 0.885928 0.728758 0.892324 0.725490 0.906716 0.705882 0.909915 0.697712 0.910448 0.691176 0.908849 0.686275 0.903518 0.678105
0 0.900320 0.641340 0.898188 0.653595 0.899254 0.672386 0.906183 0.680556 0.928571 0.680556 0.939765 0.663399 0.938699 0.655229 0.929104 0.642157 0.919510 0.637255 0.904051 0.636438
0 0.959488 0.596405 0.954158 0.597222 0.947761 0.602124 0.934968 0.620915 0.931237 0.629085 0.931237 0.643791 0.941898 0.656863 0.949893 0.662582 0.955224 0.661765 0.959488 0.655229 0.965352 0.630719 0.965885 0.607026 0.964819 0.602124
0 0.997868 0.550654 0.985608 0.559641 0.984542 0.572712 0.986141 0.583333 0.988806 0.590686 0.997868 0.605392 1.000000 0.605392 1.000000 0.550654
0 0.951493 0.552288 0.949360 0.558824 0.949360 0.566176 0.950959 0.571895 0.958422 0.586601 0.970149 0.603758 0.980277 0.602124 0.984542 0.593137 0.985075 0.580882 0.983475 0.566176 0.978678 0.546569 0.974947 0.540850 0.970149 0.539216 0.956290 0.547386
0 0.938166 0.547386 0.930704 0.545752 0.926439 0.548203 0.913113 0.565359 0.902452 0.583333 0.901386 0.591503 0.903518 0.598039 0.914712 0.613562 0.923774 0.616830 0.928038 0.614379 0.931237 0.608660 0.936567 0.590686 0.939765 0.575163 0.941365 0.559641 0.943497 0.553922
0 0.967484 0.499183 0.964286 0.495098 0.961620 0.494281 0.940832 0.507353 0.933369 0.521242 0.930171 0.535948 0.930704 0.542484 0.942964 0.549837 0.952026 0.549837 0.971215 0.537582 0.973881 0.531863 0.973881 0.517157
0 0.978145 0.442810 0.973348 0.449346 0.970149 0.463235 0.968017 0.480392 0.968017 0.496732 0.972814 0.511438 0.975480 0.513889 0.983475 0.515523 0.992004 0.512255 0.997335 0.505719 0.997868 0.498366 0.995736 0.478758 0.995736 0.464052 0.988273 0.446895 0.981343 0.442810
0 0.997868 0.461601 0.995736 0.468137 0.995203 0.481209 0.997335 0.495915 0.997868 0.507353 1.000000 0.507353 1.000000 0.461601
0 0.981876 0.388072 0.978678 0.390523 0.977079 0.394608 0.977612 0.406046 0.980810 0.421569 0.981343 0.438725 0.982942 0.441993 0.992537 0.450163 1.000000 0.448529 1.000000 0.386438
0 0.981343 0.415850 0.972814 0.396242 0.968550 0.395425 0.958955 0.397876 0.948827 0.409314 0.945096 0.418301 0.938166 0.428105 0.936567 0.432190 0.936567 0.436275 0.941898 0.443627 0.948827 0.446895 0.959488 0.447712 0.974947 0.444444 0.980277 0.436275 0.980277 0.420752
0 0.940299 0.446895 0.938166 0.448529 0.934435 0.463235 0.931770 0.493464 0.933902 0.500817 0.944030 0.504902 0.955224 0.498366 0.962687 0.491830 0.966951 0.482026 0.967484 0.475490 0.963753 0.463235 0.954691 0.450980 0.946162 0.446895
0 0.908316 0.491830 0.905650 0.494281 0.902452 0.501634 0.899787 0.513072 0.909382 0.537582 0.915778 0.546569 0.923774 0.549837 0.928571 0.543301 0.931770 0.530229 0.932836 0.509804 0.930704 0.493464 0.924307 0.487745 0.918977 0.487745
0 0.901919 0.415850 0.895522 0.438725 0.895522 0.450163 0.896588 0.453431 0.906183 0.459967 0.923774 0.461601 0.931770 0.460784 0.936034 0.455882 0.936567 0.447712 0.934435 0.441993 0.926972 0.433007 0.916311 0.415850 0.909915 0.413399 0.905650 0.413399
0 0.908316 0.373366 0.906183 0.379085 0.906716 0.388889 0.912047 0.404412 0.921109 0.420752 0.928571 0.430556 0.931237 0.432190 0.935501 0.431373 0.947228 0.410948 0.949360 0.404412 0.948827 0.392157 0.928038 0.374183 0.915778 0.371732
0 0.934968 0.352124 0.931237 0.369281 0.932836 0.376634 0.937100 0.381536 0.958422 0.396242 0.969083 0.394608 0.974947 0.388072 0.974947 0.379902 0.970682 0.371732 0.967484 0.358660 0.952026 0.334967 0.943497 0.339052
0 0.979211 0.339052 0.971748 0.352124 0.970149 0.361111 0.971748 0.373366 0.974947 0.378268 0.985608 0.383987 1.000000 0.383987 1.000000 0.339052 0.988273 0.339052 0.984009 0.336601
0 1.000000 0.282680 0.997868 0.282680 0.982409 0.294118 0.980810 0.299837 0.981343 0.308007 0.986141 0.322712 0.994136 0.335784 1.000000 0.335784
0 0.947228 0.290033 0.945629 0.294118 0.946695 0.304739 0.946162 0.314542 0.950426 0.328431 0.962687 0.349673 0.966418 0.352124 0.971215 0.349673 0.983475 0.329248 0.983475 0.317810 0.973348 0.301471 0.966951 0.295752 0.958955 0.290850
0 0.973881 0.228758 0.970682 0.234477 0.969616 0.244281 0.972281 0.249183 0.971215 0.272876 0.967484 0.281046 0.967484 0.285131 0.972814 0.291667 0.981876 0.293301 0.996269 0.282680 0.997868 0.276961 1.000000 0.276144 1.000000 0.267157 0.997868 0.266340 0.994136 0.254085 0.981343 0.230392 0.978678 0.227941
0 0.939765 0.231209 0.937633 0.234477 0.933902 0.249183 0.933369 0.263889 0.936567 0.276144 0.939765 0.280229 0.945096 0.281863 0.967484 0.282680 0.971748 0.273693 0.974414 0.256536 0.973348 0.248366 0.952559 0.232026 0.944563 0.229575
0 0.997868 0.234477 0.995203 0.247549 0.995203 0.254902 0.997868 0.265523 1.000000 0.265523 1.000000 0.234477
0 1.000000 0.183824 0.994670 0.184641 0.991471 0.187092 0.976546 0.218137 0.980277 0.227941 0.987207 0.237745 0.989872 0.239379 0.994136 0.237745 0.998401 0.232026 1.000000 0.232026
0 0.982409 0.163399 0.974947 0.158497 0.968550 0.158497 0.964819 0.162582 0.958955 0.164216 0.959488 0.178922 0.955757 0.202614 0.955757 0.221405 0.957356 0.226307 0.963753 0.227124 0.968017 0.222222 0.974414 0.219771 0.985075 0.201797 0.986141 0.196895 0.990938 0.188725 0.992537 0.183824 0.991471 0.175654
0 0.997868 0.142974 0.990938 0.157680 0.990938 0.171569 0.995203 0.181373 1.000000 0.183007 1.000000 0.142974
0 0.977079 0.094771 0.970149 0.104575 0.963753 0.123366 0.961087 0.138889 0.961087 0.147059 0.966418 0.156046 0.969083 0.157680 0.973348 0.157680 0.980810 0.160948 0.987740 0.160131 0.991471 0.156863 0.994670 0.147059 0.994136 0.127451 0.990405 0.107843 0.986141 0.098856 0.982409 0.094771
0 0.997868 0.084967 0.992004 0.096405 0.990938 0.116830 0.995736 0.130719 1.000000 0.132353 1.000000 0.084967
0 1.000000 0.044935 0.980277 0.047386 0.976013 0.049837 0.970149 0.057190 0.969083 0.062092 0.976013 0.087418 0.980277 0.093137 0.985608 0.095588 0.990938 0.093954 0.998401 0.083333 1.000000 0.083333
0 0.980277 0.000000 0.976546 0.011438 0.971748 0.020425 0.968017 0.038399 0.968550 0.040850 0.974414 0.047386 1.000000 0.042484 1.000000 0.000000
0 0.946695 0.000000 0.948827 0.012255 0.954691 0.021242 0.960554 0.024510 0.970682 0.023693 0.977612 0.010621 0.978678 0.000000
0 0.964819 0.026961 0.957889 0.024510 0.948294 0.026961 0.936034 0.040850 0.932836 0.046569 0.931237 0.052288 0.931770 0.062908 0.939232 0.075980 0.944030 0.074346 0.957356 0.059641 0.965352 0.044935 0.966951 0.032680
0 0.966418 0.062092 0.957356 0.061275 0.953092 0.063725 0.940832 0.078431 0.937100 0.086601 0.937633 0.098856 0.940299 0.107026 0.942431 0.108660 0.963220 0.107026 0.967484 0.104575 0.973881 0.094771 0.974414 0.088235 0.972814 0.080065
0 0.963220 0.109477 0.950426 0.109477 0.941898 0.116830 0.940832 0.135621 0.936034 0.144608 0.931770 0.146242 0.931770 0.152778 0.940832 0.165033 0.948827 0.165850 0.955757 0.153595 0.959488 0.142157 0.963220 0.124183
0 0.958955 0.165850 0.953092 0.166667 0.944563 0.176471 0.944563 0.186275 0.938699 0.199346 0.939232 0.205882 0.941365 0.210784 0.947761 0.218954 0.951493 0.221405 0.955224 0.221405 0.956290 0.218954 0.956290 0.201797 0.960021 0.178105
0 0.918443 0.151144 0.915245 0.158497 0.914712 0.169935 0.912047 0.186275 0.912047 0.195261 0.915245 0.200163 0.918443 0.201797 0.935501 0.202614 0.938166 0.200980 0.941365 0.184641 0.942964 0.182190 0.942964 0.176471 0.940299 0.168301 0.932303 0.156046 0.928038 0.151961
0 0.931770 0.080882 0.927505 0.081699 0.917377 0.104575 0.911514 0.122549 0.909915 0.138889 0.916311 0.147876 0.926439 0.150327 0.931770 0.148693 0.938166 0.140523 0.940299 0.133987 0.940299 0.116830 0.938699 0.104575 0.934435 0.086601
0 0.799574 0.274510 0.793177 0.267157 0.785714 0.266340 0.775053 0.268791 0.760661 0.276961 0.758529 0.281046 0.757996 0.290850 0.762260 0.308007 0.767058 0.312092 0.772388 0.312092 0.786780 0.304739 0.796375 0.292484 0.800640 0.278595
0 0.904584 0.000000 0.904584 0.002451 0.897122 0.014706 0.895522 0.019608 0.897655 0.029412 0.901919 0.035948 0.918977 0.053922 0.923241 0.056373 0.929638 0.053922 0.935501 0.039216 0.935501 0.031046 0.923348 0.006781 0.917697 0.000000
0 0.918870 0.000000 0.925373 0.009804 0.936567 0.035131 0.939765 0.035948 0.946695 0.027778 0.947761 0.014706 0.945629 0.000000
0 0.904051 0.053105 0.900853 0.056373 0.899787 0.061275 0.898721 0.083333 0.900853 0.093954 0.904584 0.101307 0.905117 0.107026 0.907783 0.110294 0.913113 0.111111 0.916311 0.107843 0.924307 0.087418 0.928571 0.080065 0.929638 0.066176 0.927505 0.061275 0.916844 0.053105
0 0.896055 0.214869 0.896055 0.223856 0.900320 0.233660 0.904584 0.239379 0.915245 0.245915 0.926439 0.249183 0.930704 0.248366 0.936034 0.240196 0.938699 0.231209 0.938699 0.212418 0.937633 0.206699 0.935501 0.204248 0.915245 0.202614 0.904051 0.212418
0 0.926439 0.252451 0.916205 0.247386 0.912047 0.253268 0.905117 0.263072 0.897655 0.284314 0.896588 0.303105 0.898721 0.306373 0.904051 0.310458 0.908849 0.310458 0.930704 0.297386 0.935501 0.290850 0.937100 0.285131 0.937100 0.276961 0.932303 0.263072
0 0.941898 0.301471 0.932303 0.298203 0.923241 0.300654 0.917377 0.306373 0.908849 0.310458 0.901386 0.320261 0.900853 0.327614 0.905650 0.343954 0.913113 0.357843 0.915778 0.359477 0.922708 0.357843 0.931770 0.344771 0.944030 0.320261 0.944030 0.305556
0 0.906716 0.144608 0.903518 0.144608 0.896055 0.151961 0.894456 0.158497 0.890725 0.165033 0.884328 0.191176 0.885394 0.202614 0.896588 0.211601 0.904051 0.210784 0.908316 0.207516 0.911514 0.193627 0.914179 0.160131 0.910448 0.153595 0.908849 0.146242
0 0.891258 0.087418 0.886461 0.094771 0.880064 0.116013 0.879531 0.135621 0.881663 0.142157 0.888060 0.148693 0.897122 0.148693 0.908849 0.141340 0.910448 0.121732 0.899254 0.089869 0.896055 0.087418
0 0.881663 0.021242 0.875267 0.023693 0.873667 0.026961 0.873667 0.035131 0.876333 0.054739 0.876333 0.066176 0.873667 0.075163 0.879531 0.088235 0.883262 0.090686 0.886994 0.090686 0.892857 0.085784 0.897122 0.075163 0.900320 0.057190 0.900853 0.042484 0.898721 0.031046 0.894456 0.023693 0.889659 0.021242
0 0.871535 0.000000 0.873134 0.011438 0.875267 0.015523 0.879531 0.018791 0.889659 0.018791 0.896055 0.015523 0.901919 0.003268 0.901919 0.000000
0 0.840085 0.000000 0.840085 0.003268 0.843817 0.008987 0.852878 0.013072 0.859808 0.011438 0.865139 0.003268 0.865139 0.000000
0 0.828358 0.014706 0.825693 0.020425 0.825160 0.046569 0.828891 0.051471 0.840085 0.058007 0.850746 0.059641 0.855544 0.047386 0.857676 0.034314 0.857676 0.022059 0.854478 0.013889 0.847974 0.011928 0.843817 0.011438 0.836887 0.012255 0.834755 0.010621
0 0.869403 0.011438 0.865139 0.012255 0.863006 0.015523 0.859275 0.026961 0.855011 0.050654 0.851279 0.057190 0.851279 0.067810 0.852878 0.072712 0.856610 0.075163 0.869403 0.076797 0.872601 0.075163 0.875800 0.067810 0.876333 0.055556 0.872601 0.027778 0.873134 0.019608 0.872068 0.014706
0 0.831557 0.004902 0.813966 0.005719 0.795842 0.019608 0.794776 0.022059 0.795309 0.032680 0.801706 0.053922 0.806503 0.059641 0.814499 0.060458 0.823561 0.051471 0.825160 0.047386 0.824680 0.027206 0.825693 0.018791 0.827825 0.014706 0.830490 0.014706 0.835821 0.010621 0.836354 0.008987
0 0.873667 0.076797 0.863539 0.078431 0.848614 0.092320 0.846482 0.097222 0.847015 0.105392 0.850213 0.115196 0.856610 0.125817 0.864072 0.132353 0.869936 0.132353 0.881130 0.112745 0.885394 0.098039 0.885394 0.092320 0.880064 0.088235
0 0.847015 0.134804 0.844350 0.155229 0.844350 0.166667 0.845949 0.170752 0.853412 0.178922 0.869936 0.178105 0.880064 0.172386 0.889659 0.162582 0.890192 0.156863 0.888060 0.150327 0.877932 0.138889 0.858209 0.129902 0.849147 0.130719
0 0.857143 0.178922 0.854478 0.181373 0.851279 0.195261 0.851812 0.214052 0.850746 0.225490 0.857676 0.240196 0.861940 0.240196 0.869403 0.235294 0.880064 0.216503 0.883262 0.206699 0.883795 0.196078 0.882729 0.191993 0.878465 0.186275 0.871002 0.180556
0 0.881130 0.217320 0.867271 0.238562 0.866738 0.245098 0.868337 0.253268 0.875267 0.262255 0.891791 0.274510 0.900320 0.273693 0.904051 0.263072 0.904051 0.254085 0.900320 0.234477 0.895522 0.223856 0.890725 0.217320
0 0.890725 0.274510 0.877399 0.263889 0.872601 0.264706 0.868337 0.271242 0.865672 0.285131 0.861407 0.295752 0.861407 0.316176 0.863006 0.319444 0.865139 0.321078 0.874733 0.320261 0.894989 0.299020 0.896588 0.294118 0.896588 0.286765
0 0.848614 0.224673 0.845416 0.227941 0.843284 0.238562 0.843284 0.284314 0.847548 0.294935 0.850213 0.296569 0.860874 0.295752 0.865139 0.287582 0.865672 0.270425 0.861407 0.250817 0.850746 0.226307
0 0.841151 0.191993 0.835288 0.187908 0.827825 0.187092 0.823561 0.189542 0.818230 0.201797 0.812367 0.230392 0.812367 0.243464 0.813433 0.248366 0.822495 0.249183 0.830490 0.244281 0.839019 0.235294 0.850213 0.218137 0.850746 0.205882
0 0.839019 0.107026 0.825693 0.108660 0.816098 0.114379 0.813433 0.120098 0.815032 0.138072 0.824094 0.165033 0.828891 0.170752 0.833689 0.173203 0.838486 0.171569 0.843817 0.165033 0.847548 0.129902 0.845416 0.113562
0 0.804371 0.097222 0.808102 0.108660 0.813966 0.114379 0.834222 0.104575 0.843284 0.094771 0.851279 0.077614 0.851812 0.072712 0.849680 0.067810 0.842751 0.063725 0.815032 0.062908 0.805437 0.068627 0.802772 0.075163
0 0.810768 0.134804 0.807036 0.137255 0.798507 0.148693 0.793177 0.160948 0.790512 0.171569 0.789446 0.182190 0.789979 0.190359 0.795309 0.200980 0.798507 0.202614 0.815032 0.204248 0.818230 0.200980 0.823028 0.188725 0.823028 0.165033 0.821429 0.156046 0.814499 0.139706
0 0.794776 0.074346 0.781450 0.080882 0.771855 0.092320 0.770789 0.103758 0.792644 0.138072 0.800107 0.142974 0.802772 0.140523 0.805437 0.126634 0.804904 0.103758 0.800107 0.078431
0 0.841151 0.236928 0.837420 0.236928 0.833156 0.242647 0.825160 0.248366 0.814499 0.250000 0.811834 0.253268 0.811834 0.261438 0.821429 0.271242 0.826759 0.279412 0.830490 0.288399 0.837953 0.287582 0.842217 0.279412 0.843284 0.247549
0 0.794776 0.202614 0.787846 0.205882 0.784115 0.209967 0.783049 0.223039 0.789446 0.260621 0.799947 0.271569 0.803305 0.263072 0.808102 0.259804 0.810768 0.254902 0.811834 0.249183 0.811834 0.232026 0.815032 0.216503 0.815032 0.209150 0.811301 0.205065
0 0.836887 0.301471 0.835288 0.313725 0.828358 0.324346 0.824094 0.325980 0.826226 0.334150 0.841684 0.349673 0.845949 0.350490 0.850746 0.345588 0.856077 0.332516 0.858209 0.318627 0.858209 0.310458 0.856077 0.306373 0.847015 0.301471
0 0.805970 0.262255 0.803305 0.266340 0.802239 0.278595 0.800107 0.284314 0.800107 0.294935 0.808102 0.325163 0.810768 0.329248 0.815032 0.330065 0.827292 0.324346 0.834222 0.315359 0.835288 0.310458 0.835288 0.302288 0.828358 0.281863 0.823028 0.272876 0.811301 0.262255
0 0.884328 0.312908 0.878998 0.316993 0.876333 0.327614 0.876333 0.342320 0.878465 0.368464 0.883795 0.380719 0.891258 0.382353 0.900320 0.378268 0.906183 0.373366 0.908849 0.368464 0.909382 0.361111 0.907249 0.348856 0.904051 0.343954 0.898721 0.329248 0.891791 0.317810
0 0.861407 0.322712 0.847015 0.352124 0.847015 0.372549 0.848614 0.375000 0.868870 0.372549 0.877399 0.377451 0.878998 0.372549 0.874733 0.325980 0.871002 0.321895 0.864606 0.321078
0 0.881130 0.382353 0.876866 0.375000 0.872068 0.375000 0.870469 0.373366 0.857143 0.373366 0.848614 0.375817 0.844883 0.379902 0.842217 0.390523 0.843284 0.409314 0.849147 0.417484 0.865139 0.416667 0.881130 0.392157
0 0.900853 0.379085 0.895522 0.379902 0.886994 0.384804 0.873667 0.403595 0.867804 0.415850 0.867804 0.427288 0.871535 0.434641 0.884328 0.445261 0.891258 0.445261 0.893923 0.442810 0.904051 0.398693 0.904051 0.384804
0 0.895522 0.453431 0.884328 0.452614 0.881663 0.454248 0.875267 0.469771 0.874200 0.505719 0.878998 0.517974 0.880597 0.533497 0.885394 0.531863 0.888593 0.528595 0.898721 0.513072 0.905650 0.491830 0.907249 0.477124 0.906183 0.463235
0 0.901386 0.524510 0.892324 0.525327 0.884328 0.532680 0.880597 0.532680 0.880064 0.570261 0.884861 0.589869 0.892324 0.597222 0.896588 0.593954 0.900853 0.587418 0.905650 0.574346 0.908316 0.557190 0.907783 0.534314 0.905117 0.527778
0 0.857143 0.509804 0.853412 0.513072 0.850746 0.519608 0.850213 0.524510 0.852345 0.539216 0.860341 0.560458 0.868870 0.572712 0.873134 0.574346 0.875800 0.571895 0.877932 0.566176 0.879531 0.556373 0.878465 0.544118 0.878998 0.529412 0.877399 0.517157 0.873134 0.507353
0 0.852878 0.430556 0.841684 0.446078 0.840085 0.451797 0.840618 0.459967 0.851279 0.479575 0.857143 0.483660 0.861407 0.483660 0.873667 0.471405 0.877399 0.465686 0.880597 0.455882 0.880597 0.445261 0.878465 0.441176 0.874733 0.438725 0.868337 0.430556
0 0.885928 0.593954 0.880064 0.594771 0.872068 0.604575 0.871002 0.610294 0.872068 0.646242 0.874733 0.656046 0.879531 0.660131 0.886461 0.659314 0.896588 0.650327 0.900320 0.633170 0.903518 0.625817 0.903518 0.618464 0.890192 0.597222
0 0.865672 0.607843 0.851279 0.616830 0.836887 0.620098 0.836887 0.629085 0.840085 0.636438 0.841684 0.644608 0.844883 0.651144 0.858209 0.669118 0.866205 0.667484 0.868870 0.662582 0.871002 0.652778 0.869403 0.620098 0.868337 0.612745
0 0.865139 0.575980 0.861407 0.570261 0.856610 0.568627 0.845949 0.575980 0.836354 0.580065 0.826226 0.592320 0.824627 0.598856 0.825693 0.611928 0.837420 0.619281 0.852345 0.616013 0.861940 0.611928 0.867804 0.604575 0.868870 0.597222 0.868337 0.589052
0 0.817697 0.535948 0.816631 0.540850 0.816631 0.566176 0.824627 0.575980 0.832090 0.578431 0.843817 0.576797 0.858742 0.566176 0.859275 0.559641 0.850746 0.537582 0.847548 0.534314 0.832090 0.524510 0.825693 0.523693 0.822495 0.526144
0 0.856610 0.669935 0.849147 0.676471 0.844350 0.685458 0.843284 0.691993 0.845416 0.703431 0.849147 0.714052 0.861940 0.736928 0.867271 0.740196 0.873667 0.738562 0.876333 0.733660 0.877399 0.727941 0.875267 0.678922 0.869936 0.669118
0 0.860874 0.759804 0.851279 0.769608 0.851279 0.781046 0.860874 0.816176 0.865139 0.821078 0.870469 0.823529 0.873134 0.821895 0.880597 0.809641 0.884328 0.773693 0.882196 0.764706 0.880064 0.762255 0.874200 0.758987
0 0.828358 0.707516 0.827292 0.709150 0.828358 0.715686 0.827825 0.734477 0.829957 0.745915 0.834222 0.757353 0.839552 0.766340 0.845416 0.770425 0.850213 0.770425 0.854478 0.767157 0.862473 0.754902 0.864072 0.747549 0.863539 0.740196 0.847015 0.712418
0 0.848614 0.774510 0.847015 0.770425 0.841151 0.767157 0.834755 0.757353 0.828891 0.741013 0.824627 0.740196 0.817164 0.750000 0.804371 0.782680 0.805970 0.788399 0.812900 0.789216 0.817697 0.793301 0.827292 0.794118 0.843817 0.787582 0.848081 0.781863
0 0.796375 0.677288 0.790512 0.687908 0.787313 0.696895 0.784648 0.708333 0.785714 0.718137 0.791578 0.725490 0.815032 0.737745 0.819296 0.737745 0.824627 0.733660 0.827825 0.714869 0.823561 0.699346 0.809701 0.679739 0.803838 0.675654
0 0.830490 0.626634 0.821429 0.626634 0.813433 0.629085 0.809701 0.633170 0.808635 0.638889 0.808635 0.658497 0.811834 0.681373 0.821962 0.696078 0.826759 0.695261 0.833689 0.684641 0.839019 0.656046 0.840085 0.644608 0.839019 0.637255 0.836354 0.630719
0 0.818230 0.570261 0.808635 0.569444 0.802239 0.573529 0.789979 0.584150 0.785181 0.593137 0.784648 0.602124 0.786780 0.611111 0.791045 0.619281 0.800640 0.629902 0.810235 0.629902 0.814499 0.622549 0.821429 0.602941 0.823561 0.590686 0.823561 0.576797
0 0.798507 0.629085 0.787846 0.616830 0.777719 0.624183 0.770789 0.632353 0.762260 0.647059 0.760661 0.654412 0.761194 0.669935 0.763326 0.671569 0.770789 0.671569 0.779318 0.677288 0.784115 0.678105 0.798507 0.669118 0.802239 0.663399 0.803838 0.657680 0.803305 0.643791
0 0.815032 0.791667 0.812367 0.789216 0.805970 0.789216 0.789979 0.809641 0.778785 0.834967 0.779318 0.843137 0.787846 0.848039 0.800107 0.848039 0.815032 0.839869 0.819829 0.834967 0.823028 0.828431 0.823561 0.821895 0.821429 0.808824
0 0.780384 0.727124 0.792644 0.741830 0.794243 0.752451 0.794243 0.770425 0.793177 0.776144 0.797974 0.781046 0.802772 0.781863 0.807036 0.775327 0.812367 0.760621 0.813966 0.752451 0.813433 0.739379 0.807036 0.732843 0.798507 0.730392 0.795309 0.727124
0 0.759062 0.727124 0.755330 0.735294 0.753731 0.744281 0.753731 0.763889 0.756397 0.775327 0.760128 0.780229 0.767058 0.782680 0.787313 0.783497 0.789446 0.781046 0.794243 0.771242 0.794243 0.750000 0.791045 0.741013 0.786247 0.735294 0.773454 0.726307 0.763326 0.725490
0 0.746802 0.781046 0.740938 0.793301 0.740938 0.800654 0.743603 0.812092 0.753731 0.823529 0.764925 0.832516 0.771322 0.835784 0.777719 0.834967 0.782516 0.825980 0.786247 0.812908 0.786247 0.785948 0.784115 0.784314 0.764925 0.782680 0.756397 0.776144 0.751599 0.776961
0 0.747868 0.691176 0.747868 0.699346 0.750000 0.704248 0.765991 0.710784 0.777186 0.709967 0.780917 0.704248 0.781450 0.680556 0.773454 0.672386 0.762260 0.670752 0.754797 0.676471
0 0.702559 0.781863 0.704158 0.791667 0.706290 0.795752 0.711087 0.798203 0.722281 0.797386 0.740405 0.792484 0.745203 0.782680 0.750000 0.776961 0.750000 0.772876 0.740405 0.755719 0.729744 0.748366 0.712687 0.743464 0.708422 0.746732 0.705224 0.757353 0.702559 0.772876
0 0.726013 0.695261 0.720682 0.714869 0.720682 0.735294 0.722281 0.738562 0.726546 0.741013 0.738806 0.742647 0.752665 0.741830 0.756930 0.728758 0.759595 0.724673 0.763859 0.722222 0.760128 0.710784 0.748934 0.703431 0.745736 0.695261 0.737207 0.688725 0.731876 0.688725
0 0.752132 0.616830 0.740938 0.622549 0.731876 0.624183 0.731343 0.633170 0.732942 0.648693 0.734009 0.685458 0.741471 0.690359 0.747335 0.689542 0.751599 0.683824 0.758529 0.663399 0.764392 0.638889 0.762793 0.626634 0.760128 0.622549
0 0.720149 0.623366 0.712687 0.626634 0.703625 0.634804 0.697761 0.642974 0.697228 0.650327 0.700959 0.660131 0.713220 0.681373 0.719616 0.690359 0.724947 0.693627 0.728678 0.691176 0.732942 0.684641 0.734009 0.672386 0.731343 0.642974 0.729744 0.636438 0.724414 0.625817
0 0.686034 0.651961 0.684968 0.654412 0.684968 0.687908 0.687633 0.701797 0.694563 0.720588 0.700426 0.726307 0.706290 0.726307 0.718550 0.716503 0.722814 0.705882 0.723348 0.696078 0.722281 0.692810 0.715885 0.685458 0.704691 0.667484 0.697228 0.651961
0 0.714819 0.589052 0.714819 0.611111 0.720149 0.618464 0.725480 0.621732 0.741471 0.622549 0.744670 0.620915 0.753731 0.608660 0.755864 0.602124 0.754797 0.593137 0.748401 0.582516 0.723348 0.581699 0.716951 0.584150
0 0.748401 0.542484 0.742537 0.533497 0.734542 0.532680 0.722814 0.537582 0.713753 0.544935 0.703625 0.558824 0.703625 0.571895 0.708955 0.580065 0.713753 0.582516 0.747868 0.580882 0.750000 0.567810
0 0.763326 0.532680 0.759595 0.547386 0.756930 0.565359 0.756930 0.580882 0.758529 0.589869 0.762793 0.593954 0.776652 0.594771 0.784648 0.591503 0.788913 0.581699 0.788913 0.563725 0.783582 0.537582 0.780384 0.535131 0.770789 0.535948
0 0.784115 0.468137 0.767591 0.467320 0.758529 0.473039 0.755330 0.478758 0.755330 0.491013 0.758529 0.513072 0.761727 0.525327 0.765991 0.533497 0.771322 0.535948 0.780384 0.534314 0.783049 0.531863 0.788913 0.504085 0.789446 0.485294 0.787313 0.472222
0 0.813433 0.508170 0.801706 0.504902 0.793177 0.504902 0.788380 0.509804 0.785181 0.524510 0.785181 0.543301 0.787846 0.559641 0.791045 0.566176 0.796375 0.568627 0.803305 0.565359 0.814499 0.542484 0.818763 0.526144 0.818763 0.516340
0 0.840618 0.461601 0.838486 0.459967 0.829957 0.460784 0.825160 0.468137 0.817697 0.488562 0.815565 0.500000 0.816098 0.506536 0.819296 0.513072 0.821429 0.514706 0.829424 0.514706 0.836887 0.512255 0.845949 0.507353 0.852345 0.496732 0.853412 0.490196 0.852345 0.481209
0 0.810235 0.446895 0.796908 0.448529 0.790512 0.453431 0.787313 0.460784 0.787313 0.472222 0.789979 0.486928 0.794243 0.495098 0.797974 0.498366 0.806503 0.498366 0.816098 0.489379 0.820896 0.481209 0.825160 0.464052
0 0.853412 0.419935 0.846482 0.415033 0.841684 0.407680 0.834755 0.406046 0.816098 0.406863 0.811301 0.410948 0.809168 0.415033 0.810235 0.437092 0.813433 0.449346 0.818763 0.457516 0.821962 0.459967 0.827292 0.459150 0.838486 0.450163 0.852345 0.428922 0.853945 0.423203
0 0.825693 0.337418 0.816631 0.350490 0.814499 0.356209 0.813966 0.379902 0.810235 0.392157 0.809701 0.398693 0.817697 0.405229 0.830490 0.406046 0.834222 0.403595 0.836354 0.398693 0.839552 0.371732 0.839019 0.350490 0.834222 0.343954 0.832090 0.343954
0 0.808102 0.366830 0.788380 0.366830 0.775586 0.374183 0.771322 0.380719 0.771322 0.387255 0.775053 0.400327 0.786247 0.416667 0.793177 0.416667 0.795309 0.415033 0.809168 0.395425 0.812367 0.385621 0.812367 0.372549
0 0.794243 0.296569 0.785714 0.308824 0.781450 0.343954 0.781450 0.352941 0.783049 0.358660 0.787846 0.365196 0.807569 0.363562 0.813966 0.353758 0.812900 0.331699 0.808102 0.324346 0.800107 0.299020
0 0.767058 0.391340 0.763326 0.396242 0.761194 0.407680 0.760128 0.420752 0.760661 0.443627 0.763859 0.453431 0.767591 0.457516 0.779318 0.457516 0.788380 0.450163 0.791045 0.441993 0.791045 0.436275 0.785714 0.417484 0.777719 0.406046 0.771855 0.393791
0 0.751599 0.310458 0.747335 0.320261 0.746802 0.326797 0.749467 0.334150 0.763326 0.353758 0.767058 0.357026 0.772388 0.356209 0.780917 0.344771 0.783049 0.326797 0.783049 0.312908 0.781983 0.311275 0.777719 0.310458 0.768124 0.312908 0.763859 0.309641 0.756930 0.308007
0 0.736141 0.341503 0.733475 0.354575 0.732942 0.367647 0.737207 0.376634 0.739872 0.388072 0.744136 0.392157 0.761194 0.392974 0.764925 0.389706 0.769190 0.378268 0.768657 0.366830 0.765991 0.357843 0.763859 0.354575 0.762260 0.354575 0.759595 0.348856 0.751066 0.341503 0.745736 0.339869 0.738806 0.339869
0 0.739339 0.392974 0.734009 0.397059 0.730810 0.403595 0.730277 0.411765 0.731343 0.418301 0.738273 0.439542 0.739872 0.451797 0.744136 0.454248 0.752132 0.455065 0.755330 0.451797 0.759595 0.437908 0.760128 0.411765 0.761194 0.406046 0.760661 0.397059 0.757996 0.392974 0.748934 0.392974 0.747122 0.392239 0.746802 0.392157
0 0.723348 0.352124 0.716951 0.352941 0.712154 0.357026 0.700426 0.385621 0.700959 0.397059 0.705224 0.404412 0.714819 0.411765 0.727079 0.410948 0.729211 0.406863 0.732409 0.388072 0.732942 0.371732 0.731343 0.367647 0.730810 0.359477 0.729211 0.356209
0 0.744670 0.278595 0.731876 0.272876 0.724414 0.279412 0.720149 0.296569 0.716951 0.331699 0.721748 0.343137 0.725480 0.344771 0.734009 0.340686 0.743603 0.326797 0.752665 0.304739 0.753198 0.290033
0 0.781983 0.227941 0.776652 0.218954 0.771855 0.215686 0.767058 0.216503 0.748401 0.245098 0.739339 0.266340 0.738273 0.272876 0.743070 0.276144 0.752665 0.278595 0.758529 0.276961 0.781983 0.263889 0.787313 0.255719 0.787313 0.245915
0 0.787313 0.155229 0.783049 0.155229 0.773987 0.160948 0.760128 0.178105 0.756930 0.185458 0.756397 0.195261 0.757463 0.198529 0.769190 0.214052 0.773987 0.216503 0.778785 0.216503 0.781450 0.214869 0.785714 0.205882 0.788913 0.190359 0.791045 0.162582
0 0.747335 0.133987 0.747868 0.143791 0.750000 0.147059 0.757996 0.154412 0.773454 0.160131 0.787313 0.152778 0.791045 0.145425 0.791045 0.139706 0.789446 0.133987 0.771855 0.109477 0.765991 0.105392 0.757463 0.106209 0.751599 0.118464
0 0.783049 0.000000 0.784648 0.008987 0.791045 0.019608 0.801173 0.015523 0.812367 0.003268 0.812367 0.000000
0 0.783582 0.012255 0.779851 0.014706 0.773987 0.022876 0.771855 0.039216 0.772388 0.070261 0.775053 0.076797 0.779318 0.080065 0.798507 0.072712 0.800640 0.068627 0.801173 0.063725 0.800640 0.053105 0.792644 0.022876
0 0.738806 0.000000 0.739872 0.023693 0.743603 0.035131 0.747868 0.036765 0.758529 0.035131 0.772388 0.025327 0.781983 0.008987 0.780917 0.000000
0 0.763859 0.032680 0.758529 0.036765 0.755864 0.044118 0.755864 0.049837 0.752665 0.065359 0.746269 0.078431 0.739872 0.086601 0.744136 0.095588 0.749467 0.101307 0.755330 0.104575 0.761727 0.104575 0.767591 0.102124 0.771855 0.084150 0.772388 0.074346 0.770789 0.045752 0.768124 0.035948
0 0.714286 0.086601 0.711087 0.093137 0.711087 0.105392 0.728678 0.141340 0.730810 0.142974 0.736674 0.142974 0.746802 0.131536 0.752132 0.113562 0.752132 0.109477 0.748934 0.102941 0.740938 0.093137 0.732409 0.089052 0.724947 0.082516 0.718657 0.082843
0 0.753731 0.039216 0.743070 0.038399 0.727612 0.044118 0.720682 0.050654 0.719616 0.056373 0.720149 0.065359 0.723881 0.078431 0.728145 0.084150 0.733742 0.089869 0.744136 0.080882 0.752665 0.063725 0.755330 0.043301
0 0.718550 0.000000 0.718017 0.012255 0.715885 0.020425 0.716418 0.031863 0.724414 0.040850 0.729744 0.041667 0.732942 0.040033 0.736674 0.033497 0.737207 0.000000
0 0.678571 0.000000 0.678571 0.003268 0.682303 0.010621 0.687100 0.013889 0.692964 0.021242 0.702559 0.026144 0.709488 0.025327 0.715352 0.015523 0.716418 0.009804 0.716418 0.000000 0.686034 0.000000 0.685768 0.000000 0.684968 0.000000
0 0.706290 0.030229 0.696162 0.031046 0.693497 0.033497 0.692431 0.040850 0.691898 0.058007 0.695096 0.069444 0.692431 0.088235 0.695629 0.095588 0.700959 0.099673 0.708955 0.093137 0.718017 0.066176 0.718550 0.055556 0.720149 0.049837 0.720682 0.038399
0 0.694030 0.102124 0.690299 0.108660 0.688699 0.115196 0.693497 0.159314 0.695096 0.164216 0.699360 0.168301 0.710554 0.165850 0.724414 0.150327 0.726013 0.139706 0.710021 0.106209 0.702559 0.102124
0 0.756930 0.183824 0.756397 0.165033 0.754797 0.156046 0.752665 0.151144 0.745736 0.147876 0.721748 0.155229 0.712687 0.166667 0.711087 0.176471 0.718017 0.189542 0.728145 0.196078 0.747335 0.196078 0.751599 0.194444 0.755864 0.190359
0 0.724414 0.198529 0.722814 0.207516 0.723881 0.219771 0.738806 0.245098 0.743603 0.247549 0.746802 0.245915 0.757996 0.223856 0.760128 0.213235 0.759062 0.205065 0.756397 0.200163 0.753198 0.198529
0 0.727079 0.225490 0.723348 0.223039 0.718017 0.224673 0.712154 0.232026 0.703625 0.247549 0.699893 0.257353 0.698827 0.269608 0.696695 0.277778 0.700426 0.282680 0.710021 0.282680 0.729211 0.272876 0.734542 0.267157 0.737740 0.260621 0.737740 0.252451 0.735075 0.240196
0 0.698294 0.171569 0.694563 0.173203 0.692431 0.177288 0.685501 0.200980 0.683369 0.216503 0.686034 0.231209 0.687633 0.234477 0.692964 0.238562 0.697228 0.236928 0.701493 0.230392 0.709488 0.223039 0.719083 0.209150 0.721215 0.200980 0.719616 0.193627 0.713753 0.183824 0.708955 0.178105
0 0.692964 0.167484 0.689232 0.164216 0.674307 0.164216 0.662047 0.165850 0.654051 0.169935 0.649254 0.174837 0.647655 0.181373 0.647655 0.188725 0.650320 0.204248 0.654051 0.212418 0.661514 0.219771 0.675373 0.209967 0.688166 0.192810 0.689232 0.184641 0.694563 0.171569
0 0.687100 0.121732 0.681237 0.116013 0.670043 0.116830 0.653518 0.129902 0.650320 0.134804 0.649787 0.138889 0.651386 0.159314 0.657783 0.165850 0.688166 0.162582 0.691365 0.154412 0.691365 0.145425
0 0.654584 0.057190 0.653518 0.068627 0.659915 0.085784 0.665778 0.092320 0.671055 0.096405 0.676279 0.098039 0.681130 0.096569 0.689392 0.086846 0.693497 0.076797 0.693497 0.066176 0.692431 0.062092 0.687100 0.055556 0.681237 0.052288 0.666844 0.049837 0.657783 0.053105
0 0.651919 0.097222 0.652452 0.102124 0.656716 0.109477 0.667377 0.114379 0.686034 0.112745 0.690299 0.108660 0.694030 0.099673 0.689765 0.086601 0.681237 0.098039 0.670896 0.097631 0.664819 0.092075 0.662580 0.088235 0.657783 0.084967 0.655650 0.091503
0 0.675906 0.016340 0.674307 0.018791 0.672175 0.030229 0.667377 0.040850 0.666844 0.047386 0.668977 0.049837 0.689232 0.054739 0.691898 0.038399 0.690832 0.021242 0.686034 0.014706 0.680704 0.013889
0 0.643390 0.000000 0.643390 0.012255 0.649254 0.039216 0.657783 0.049837 0.663646 0.049020 0.673241 0.027778 0.675906 0.009804 0.675906 0.000000
0 0.639659 0.010621 0.634328 0.012255 0.628465 0.020425 0.621535 0.048203 0.621002 0.062908 0.624733 0.071078 0.630597 0.075163 0.640192 0.075163 0.651386 0.071078 0.655117 0.053105 0.654051 0.046569 0.648188 0.035948 0.646588 0.024510 0.642857 0.013072
0 0.609808 0.104575 0.609275 0.111928 0.610341 0.118464 0.621535 0.129085 0.633795 0.131536 0.649787 0.130719 0.656183 0.123366 0.656183 0.116013 0.652985 0.104575 0.643923 0.091503 0.631130 0.078431 0.619403 0.079248 0.615139 0.087418
0 0.643390 0.139706 0.637527 0.133987 0.624200 0.129902 0.618870 0.133170 0.615139 0.140523 0.611407 0.168301 0.612473 0.183007 0.615139 0.189542 0.622068 0.190359 0.625267 0.188725 0.628998 0.183007 0.636994 0.177288 0.646588 0.165033 0.648721 0.159314 0.648721 0.151961 0.647122 0.145425
0 0.644456 0.178922 0.638060 0.178105 0.629531 0.184641 0.626333 0.189542 0.620469 0.205065 0.615672 0.223856 0.615672 0.233660 0.621535 0.242647 0.628465 0.246732 0.642324 0.246732 0.646055 0.244281 0.648721 0.239379 0.651919 0.210784 0.648721 0.199346 0.646588 0.181373
0 0.666844 0.252451 0.662047 0.248366 0.644456 0.245915 0.630597 0.247549 0.625267 0.254902 0.623667 0.259804 0.624200 0.275327 0.626333 0.285948 0.630597 0.294935 0.634328 0.296569 0.646588 0.291667 0.649254 0.286765 0.657783 0.279412 0.663113 0.272059 0.666844 0.261438
0 0.668443 0.214869 0.660448 0.226307 0.657249 0.235294 0.658316 0.244281 0.660981 0.247549 0.665245 0.249183 0.668443 0.254902 0.666311 0.265523 0.667910 0.272059 0.671642 0.276961 0.694563 0.277778 0.697761 0.270425 0.698294 0.257353 0.694030 0.241830 0.687100 0.232843 0.681237 0.216503 0.675373 0.212418
0 0.696162 0.283497 0.690299 0.277778 0.675373 0.277778 0.657249 0.283497 0.655650 0.287582 0.655117 0.296569 0.657783 0.314542 0.660448 0.316993 0.673774 0.316176 0.684968 0.309641 0.696695 0.290850
0 1.000000 0.692810 0.996802 0.693627 0.989872 0.700980 0.981876 0.714052 0.980277 0.719771 0.981343 0.736928 0.986141 0.745915 0.990938 0.751634 0.995203 0.754085 1.000000 0.754085
0 0.717484 0.281863 0.705757 0.284314 0.698827 0.288399 0.686034 0.308007 0.684435 0.313725 0.684435 0.321078 0.686567 0.329248 0.688699 0.332516 0.704691 0.344771 0.708955 0.343954 0.715352 0.334150 0.716951 0.326797 0.720149 0.290850
0 0.667377 0.330882 0.665245 0.335784 0.665778 0.353758 0.676439 0.375817 0.688166 0.387255 0.697761 0.387255 0.703092 0.378268 0.709488 0.362745 0.710021 0.355392 0.707356 0.348039 0.705224 0.344771 0.685501 0.330065 0.678038 0.326797 0.674840 0.326797
0 0.667910 0.402778 0.667377 0.420752 0.668443 0.424837 0.679104 0.432190 0.686034 0.432190 0.691898 0.434641 0.698827 0.433824 0.706823 0.429739 0.711620 0.423203 0.711620 0.412582 0.703092 0.402778 0.697228 0.390523 0.685501 0.386438 0.681237 0.381536 0.677505 0.380719 0.675373 0.383987
0 0.727079 0.427288 0.718550 0.427288 0.710021 0.431373 0.705757 0.445261 0.706290 0.455882 0.709488 0.471405 0.712154 0.476307 0.713753 0.487745 0.715352 0.491830 0.719616 0.494281 0.723348 0.492647 0.729211 0.485294 0.735075 0.470588 0.738273 0.452614 0.737740 0.440359 0.735608 0.433824 0.732942 0.429739
0 0.739872 0.465686 0.735075 0.468954 0.728678 0.486928 0.722814 0.493464 0.722814 0.500000 0.726013 0.516340 0.734542 0.531046 0.744670 0.532680 0.750000 0.524510 0.753731 0.505719 0.754797 0.495098 0.754264 0.475490 0.752665 0.470588 0.749467 0.467320
0 0.683369 0.433007 0.679104 0.439542 0.680171 0.466503 0.683369 0.486111 0.687633 0.498366 0.691365 0.504085 0.697761 0.505719 0.705757 0.500000 0.712687 0.491830 0.713753 0.488562 0.712687 0.480392 0.705757 0.456699 0.705224 0.450980 0.694563 0.438725 0.687100 0.433007
0 0.668977 0.487745 0.662047 0.499183 0.657783 0.510621 0.656716 0.518791 0.674840 0.532680 0.681770 0.543301 0.689232 0.542484 0.695629 0.535131 0.698294 0.524510 0.697761 0.519608 0.694563 0.513072 0.693497 0.507353 0.684968 0.491013 0.679638 0.486111 0.672708 0.485294
0 0.676972 0.433824 0.670043 0.427288 0.665245 0.426471 0.654051 0.435458 0.640192 0.455065 0.638060 0.465686 0.634328 0.474673 0.634861 0.481209 0.638593 0.482843 0.649787 0.482843 0.673774 0.474673 0.678571 0.471405 0.680171 0.463235
0 0.664179 0.356209 0.650853 0.357026 0.646055 0.361928 0.644989 0.366830 0.646055 0.392157 0.649787 0.407680 0.653518 0.412582 0.658316 0.413399 0.660981 0.410948 0.668443 0.398693 0.674840 0.381536 0.674307 0.373366 0.666311 0.357843
0 0.681237 0.725490 0.673241 0.736928 0.668977 0.750817 0.667377 0.762255 0.668443 0.772059 0.672175 0.776144 0.686034 0.781046 0.694030 0.781863 0.699893 0.779412 0.703092 0.771242 0.704158 0.756536 0.691898 0.732843 0.685501 0.726307
0 0.669510 0.669118 0.664712 0.674837 0.659915 0.686275 0.655650 0.705065 0.655650 0.716503 0.657249 0.722222 0.663113 0.727941 0.675373 0.729575 0.681770 0.723856 0.683902 0.717320 0.685501 0.696078 0.682836 0.674837 0.678038 0.669118
0 0.657249 0.739379 0.641258 0.737745 0.635928 0.744281 0.634328 0.750817 0.633262 0.772876 0.631130 0.786765 0.634861 0.814542 0.639659 0.815359 0.650320 0.804739 0.658316 0.789216 0.665778 0.770425 0.666844 0.753268 0.662047 0.743464
0 0.654584 0.685458 0.651386 0.683007 0.635394 0.684641 0.617804 0.696895 0.614072 0.704248 0.613539 0.718954 0.618870 0.733660 0.622601 0.737745 0.630064 0.739379 0.641258 0.727941 0.655117 0.705882 0.655650 0.691176
0 0.656716 0.631536 0.651386 0.629902 0.646055 0.630719 0.627399 0.647876 0.618870 0.665850 0.619403 0.674020 0.630064 0.681373 0.633795 0.682190 0.659382 0.680556 0.663113 0.673203 0.663646 0.658497 0.662047 0.646242 0.658902 0.638725
0 0.664179 0.578431 0.661514 0.580882 0.657783 0.589052 0.657249 0.593137 0.658316 0.602124 0.657783 0.629085 0.662580 0.646242 0.665778 0.647876 0.671642 0.647059 0.681237 0.640523 0.687100 0.631536 0.688699 0.624183 0.679638 0.594771 0.672708 0.583333 0.666844 0.578431
0 0.681237 0.573529 0.679104 0.582516 0.679638 0.589869 0.689232 0.622549 0.695096 0.630719 0.699893 0.630719 0.704691 0.628268 0.714286 0.612745 0.714286 0.588235 0.704158 0.575163 0.695096 0.568627 0.688699 0.568627
0 0.650320 0.525327 0.647122 0.534314 0.643390 0.553105 0.645522 0.561275 0.665778 0.571078 0.682836 0.571078 0.688699 0.567810 0.688699 0.559641 0.680704 0.542484 0.675373 0.534314 0.659915 0.522059 0.655650 0.522059
0 0.610341 0.501634 0.609275 0.506536 0.615139 0.518791 0.633262 0.530229 0.644456 0.531863 0.649787 0.524510 0.652452 0.506536 0.652452 0.492647 0.650853 0.486111 0.648721 0.484477 0.635928 0.483660 0.619403 0.491013 0.615139 0.494281
0 0.607676 0.523693 0.605544 0.530229 0.605544 0.544935 0.601279 0.557190 0.601279 0.562908 0.602878 0.567810 0.609808 0.571078 0.628465 0.571895 0.636994 0.570261 0.640725 0.565359 0.642857 0.560458 0.642857 0.550654 0.644456 0.544118 0.643390 0.535948 0.637527 0.531863 0.631130 0.530229 0.615139 0.518791 0.610874 0.519608
0 0.648721 0.585784 0.642324 0.581699 0.634328 0.581699 0.630064 0.583333 0.624733 0.590686 0.615139 0.624183 0.616205 0.639706 0.618870 0.644608 0.626866 0.646242 0.632196 0.642974 0.647122 0.629085 0.655650 0.617647 0.657249 0.611928 0.657249 0.601307 0.655117 0.595588
0 0.583689 0.587418 0.583689 0.598039 0.585821 0.607026 0.600746 0.626634 0.605544 0.629902 0.614072 0.629085 0.616738 0.625817 0.617271 0.620915 0.620469 0.613562 0.621002 0.602124 0.623134 0.590686 0.622601 0.583333 0.620469 0.579248 0.616205 0.576797 0.598081 0.577614 0.591151 0.580065
0 0.568230 0.666667 0.569829 0.671569 0.574094 0.676471 0.581557 0.676471 0.587953 0.674020 0.608742 0.661765 0.616205 0.651144 0.616205 0.643791 0.600746 0.626634 0.582623 0.625000 0.575693 0.627451 0.572495 0.632353 0.568763 0.645425 0.567697 0.652778
0 0.599680 0.702614 0.593284 0.700163 0.583156 0.700980 0.579424 0.709150 0.576226 0.732843 0.575160 0.756536 0.575693 0.767157 0.577825 0.776961 0.579957 0.780229 0.587420 0.780229 0.593817 0.773693 0.594883 0.768791 0.602345 0.752451 0.609808 0.725490 0.610341 0.714869 0.609275 0.711601
0 0.608742 0.743464 0.604478 0.747549 0.600213 0.755719 0.594883 0.771242 0.594350 0.776961 0.599680 0.783497 0.612473 0.789216 0.618337 0.794935 0.623667 0.794935 0.628465 0.789216 0.631130 0.779412 0.633262 0.754085 0.632729 0.748366 0.631130 0.743464 0.619936 0.740196
0 0.583156 0.791667 0.578891 0.806373 0.577825 0.828431 0.579424 0.835784 0.583689 0.841503 0.599147 0.841503 0.607143 0.837418 0.615139 0.835784 0.620469 0.830065 0.625267 0.819444 0.625267 0.811275 0.623667 0.803105 0.617804 0.794118 0.614606 0.791667 0.594350 0.785948 0.589019 0.785948
0 0.573028 0.772059 0.566098 0.773693 0.556503 0.786765 0.547441 0.803105 0.545309 0.810458 0.545309 0.817810 0.553305 0.830065 0.559701 0.835784 0.566631 0.836601 0.569829 0.834967 0.578358 0.816993 0.579957 0.797386 0.583156 0.786765
0 0.541578 0.765523 0.529318 0.765523 0.525053 0.770425 0.521322 0.780229 0.516525 0.797386 0.514392 0.816993 0.515458 0.834150 0.519723 0.839869 0.528785 0.834967 0.537313 0.823529 0.544243 0.812092 0.549041 0.795752 0.552772 0.792484 0.554371 0.788399 0.552772 0.777778
0 0.541045 0.740196 0.539979 0.744281 0.539979 0.759804 0.544776 0.767157 0.551173 0.771242 0.564499 0.771242 0.570896 0.769608 0.573561 0.767157 0.573561 0.752451 0.575693 0.736928 0.574094 0.727124 0.564499 0.721405 0.558635 0.721405 0.554371 0.726307 0.551706 0.727124
0 0.556503 0.672386 0.544243 0.669118 0.537846 0.674837 0.534115 0.681373 0.530384 0.709150 0.529851 0.723856 0.533049 0.736928 0.536780 0.741830 0.541578 0.739379 0.550107 0.727941 0.554371 0.724673 0.558635 0.718137 0.564499 0.702614 0.566631 0.691993 0.566098 0.684641 0.559701 0.674837
0 0.568763 0.589052 0.562367 0.589869 0.555970 0.593137 0.543710 0.613562 0.539446 0.624183 0.537846 0.630719 0.537846 0.638889 0.540512 0.646242 0.549574 0.656046 0.555970 0.657680 0.561834 0.656863 0.566098 0.651144 0.572495 0.631536 0.574094 0.620098 0.573028 0.596405
0 0.537313 0.635621 0.533049 0.635621 0.527186 0.648693 0.522388 0.652778 0.517591 0.653595 0.515458 0.657680 0.514392 0.674020 0.521322 0.685458 0.525586 0.684641 0.529318 0.680556 0.533582 0.678922 0.544243 0.668301 0.547441 0.662582 0.547974 0.655229 0.538380 0.642157
0 0.514392 0.678105 0.511194 0.683824 0.507996 0.685458 0.505330 0.689542 0.504264 0.695261 0.504797 0.705882 0.511727 0.727941 0.517591 0.732843 0.521855 0.732026 0.529851 0.722222 0.529851 0.695261 0.524520 0.685458 0.521855 0.684641 0.518124 0.678105
0 0.504797 0.604575 0.490938 0.611029 0.491151 0.615196 0.492591 0.621977 0.494670 0.630719 0.495203 0.633987 0.501599 0.641340 0.516525 0.651961 0.522921 0.651961 0.527719 0.647876 0.535181 0.632353 0.535181 0.612745 0.534115 0.607843 0.530917 0.604575 0.522921 0.602941
0 0.587953 0.547386 0.580490 0.538399 0.575693 0.538399 0.567697 0.547386 0.542111 0.553105 0.539979 0.557190 0.540512 0.573529 0.544243 0.584967 0.548507 0.590686 0.551706 0.592320 0.556503 0.592320 0.569296 0.586601 0.574627 0.581699 0.583689 0.567810 0.587953 0.555556
0 0.536247 0.515523 0.534648 0.534314 0.535181 0.542484 0.536780 0.549020 0.540512 0.552288 0.545309 0.553105 0.567591 0.547141 0.572868 0.541258 0.575426 0.538399 0.577292 0.535948 0.580490 0.531046 0.580490 0.523693 0.575693 0.521242 0.562367 0.508170 0.544776 0.508987 0.539446 0.511438
0 0.559701 0.486928 0.559701 0.494281 0.562900 0.505719 0.570896 0.516340 0.583156 0.526144 0.588486 0.525327 0.593817 0.515523 0.598081 0.500000 0.598614 0.493464 0.597548 0.491830 0.589019 0.491013 0.578358 0.475490 0.567164 0.477124
0 0.607143 0.444444 0.600213 0.441176 0.595416 0.441176 0.591151 0.443627 0.583689 0.455065 0.579424 0.469771 0.579424 0.476307 0.582623 0.478758 0.587953 0.489379 0.593284 0.491013 0.605544 0.488562 0.615672 0.475490 0.617271 0.464869 0.616738 0.461601
0 0.569296 0.406046 0.567164 0.406046 0.563433 0.410131 0.554904 0.428105 0.552239 0.440359 0.550640 0.464052 0.552239 0.471405 0.556503 0.475490 0.568230 0.477124 0.577825 0.473039 0.579957 0.464052 0.582090 0.459150 0.583689 0.454248 0.582623 0.436275 0.578358 0.418301
0 0.594883 0.388072 0.590618 0.392974 0.584222 0.406046 0.579957 0.421569 0.580490 0.428105 0.582623 0.431373 0.592751 0.438725 0.603412 0.441176 0.607676 0.440359 0.608742 0.424837 0.610341 0.422386 0.616205 0.419935 0.617271 0.415850 0.605011 0.389706 0.599680 0.387255
0 0.650853 0.413399 0.647122 0.408497 0.638060 0.406046 0.627399 0.419118 0.618870 0.422386 0.614606 0.418301 0.610341 0.421569 0.608209 0.433824 0.609275 0.447712 0.617271 0.459967 0.622601 0.463235 0.626866 0.463235 0.639659 0.455882 0.652452 0.436275 0.652452 0.420752
0 0.635394 0.361928 0.630597 0.361111 0.619936 0.367647 0.608209 0.383987 0.607676 0.394608 0.608742 0.398693 0.620469 0.419118 0.626333 0.419935 0.631130 0.415033 0.638060 0.404412 0.643923 0.389706 0.643923 0.379902 0.638060 0.371732
0 0.642857 0.294935 0.627932 0.298203 0.619403 0.305556 0.616205 0.312092 0.616205 0.319444 0.621002 0.335784 0.632196 0.358660 0.635928 0.361111 0.638593 0.366830 0.642857 0.366830 0.643390 0.362745 0.647655 0.357026 0.648721 0.352124 0.650320 0.321895 0.649787 0.306373 0.648188 0.299837
0 0.607676 0.312908 0.603945 0.313725 0.598614 0.320261 0.593817 0.338235 0.591684 0.342320 0.587953 0.361111 0.588486 0.369281 0.591684 0.375000 0.606077 0.379902 0.611407 0.378268 0.617271 0.369281 0.618870 0.352941 0.617271 0.325163 0.612473 0.314542
0 0.604478 0.272059 0.589019 0.266340 0.583689 0.267157 0.578891 0.272059 0.575693 0.285948 0.574627 0.309641 0.573028 0.319444 0.574094 0.326797 0.576759 0.330065 0.583689 0.334150 0.587953 0.333333 0.601279 0.313725 0.607676 0.299020 0.610874 0.285948 0.609808 0.279412
0 0.564499 0.230392 0.563433 0.234477 0.563966 0.242647 0.574094 0.255719 0.589019 0.266340 0.598081 0.266340 0.602345 0.261438 0.602345 0.248366 0.598081 0.234477 0.595949 0.222222 0.592217 0.213235 0.588486 0.208333 0.583689 0.207516 0.578891 0.209967 0.568230 0.223039
0 0.579424 0.138072 0.576226 0.140523 0.571962 0.148693 0.566631 0.164216 0.562900 0.183824 0.561834 0.196895 0.563433 0.200980 0.568230 0.204248 0.585288 0.205882 0.590085 0.202614 0.592217 0.198529 0.593284 0.178105 0.590618 0.158497 0.587953 0.147876 0.583689 0.138889
0 0.601812 0.000000 0.601812 0.003268 0.603945 0.004902 0.625267 0.010621 0.628465 0.009804 0.633795 0.003268 0.633795 0.000000
0 0.606077 0.006536 0.599147 0.009804 0.594883 0.013889 0.591151 0.022059 0.590618 0.027778 0.591684 0.035948 0.595949 0.050654 0.607143 0.067810 0.611940 0.067810 0.615139 0.065359 0.619936 0.057190 0.621002 0.046569 0.627399 0.019608 0.624200 0.008987
0 0.554371 0.000000 0.554371 0.003268 0.568763 0.022876 0.574627 0.025327 0.580490 0.024510 0.583156 0.022059 0.589552 0.010621 0.591684 0.003268 0.591684 0.000000
0 0.574627 0.043301 0.571962 0.047386 0.569829 0.056373 0.571962 0.082516 0.581023 0.105392 0.592217 0.105392 0.599147 0.098856 0.605544 0.087418 0.606610 0.079248 0.605011 0.069444 0.599680 0.060458 0.589552 0.048203 0.584222 0.044118
0 0.580490 0.107026 0.572495 0.092320 0.572495 0.085784 0.570896 0.083333 0.565565 0.081699 0.560235 0.083333 0.551706 0.089869 0.540512 0.105392 0.536780 0.112745 0.535181 0.120915 0.535181 0.129085 0.538913 0.131536 0.563433 0.132353 0.571429 0.129085 0.578358 0.123366 0.579957 0.120098
0 0.567164 0.147059 0.555437 0.138889 0.534648 0.139706 0.525053 0.144608 0.521322 0.153595 0.521322 0.167484 0.525053 0.183824 0.528785 0.191176 0.530917 0.191993 0.539979 0.190359 0.545309 0.187092 0.564499 0.168301 0.568763 0.153595
0 0.527719 0.000000 0.527719 0.013072 0.534648 0.039216 0.541045 0.053105 0.546908 0.058007 0.552772 0.057190 0.561834 0.046569 0.568763 0.034314 0.568230 0.023693 0.565032 0.021242 0.557036 0.008170 0.549041 0.003268 0.548507 0.000000
0 0.525053 0.052288 0.520256 0.055556 0.518124 0.070261 0.518124 0.084967 0.519723 0.091503 0.520256 0.104575 0.524520 0.111111 0.533582 0.112745 0.537313 0.108660 0.549041 0.080882 0.550640 0.066993 0.549574 0.062092 0.545842 0.058007 0.541045 0.057190 0.535181 0.053105
0 0.498401 0.000000 0.496802 0.008170 0.496269 0.021242 0.500000 0.045752 0.503198 0.050654 0.506930 0.053105 0.518657 0.053922 0.529318 0.049020 0.533049 0.040033 0.533049 0.036765 0.527719 0.017974 0.526652 0.009804 0.522921 0.002451 0.522921 0.000000
0 0.462687 0.000000 0.463220 0.008987 0.470149 0.019608 0.483475 0.027778 0.488806 0.027778 0.494136 0.021242 0.497335 0.004085 0.497335 0.000000
0 0.460021 0.031863 0.457889 0.043301 0.456823 0.060458 0.457889 0.065359 0.464286 0.072712 0.482409 0.074346 0.491471 0.071895 0.500000 0.064542 0.503198 0.058007 0.503198 0.053105 0.497335 0.040033 0.486141 0.029412 0.472281 0.022059 0.466951 0.022059 0.463220 0.025327
0 0.475480 0.080065 0.466951 0.075980 0.462687 0.076797 0.453092 0.093137 0.448827 0.113562 0.448827 0.131536 0.451493 0.142157 0.462154 0.144608 0.472281 0.143791 0.477079 0.142157 0.481343 0.138072 0.482409 0.129902 0.481876 0.112745 0.477612 0.084150
0 0.483475 0.098856 0.481876 0.103758 0.481876 0.111111 0.484009 0.123366 0.489872 0.136438 0.497868 0.149510 0.501599 0.153595 0.506397 0.155229 0.515458 0.147059 0.519190 0.136438 0.519190 0.127451 0.515991 0.116830 0.510128 0.107026 0.507463 0.104575 0.499467 0.102941 0.494136 0.098856
0 0.473881 0.164216 0.472281 0.177288 0.473881 0.182190 0.478678 0.188725 0.485608 0.191176 0.495203 0.197712 0.512793 0.196895 0.517058 0.195261 0.518657 0.191993 0.518124 0.182190 0.514392 0.172386 0.505864 0.157680 0.496269 0.149510 0.494670 0.146242 0.486141 0.147059 0.481876 0.149510
0 0.474947 0.191993 0.471748 0.195261 0.466418 0.211601 0.465885 0.236928 0.468550 0.247549 0.472281 0.250000 0.484542 0.250000 0.490405 0.248366 0.496802 0.243464 0.502132 0.230392 0.502665 0.222222 0.501599 0.218137 0.486674 0.194444 0.479211 0.191176
0 0.528785 0.197712 0.525053 0.205882 0.521855 0.223039 0.522921 0.229575 0.525586 0.233660 0.534648 0.240196 0.543710 0.241013 0.547974 0.243464 0.552772 0.243464 0.561834 0.237745 0.563433 0.232026 0.561834 0.220588 0.557036 0.210784 0.543177 0.191993 0.538913 0.191176 0.534115 0.192810
0 0.571962 0.261438 0.569829 0.254085 0.563966 0.245098 0.558102 0.242647 0.541578 0.254085 0.538380 0.258987 0.529318 0.263889 0.522921 0.277778 0.522921 0.284314 0.533049 0.294118 0.543177 0.296569 0.550107 0.296569 0.566631 0.290850 0.571429 0.284314 0.572495 0.273693
0 0.520789 0.229575 0.510128 0.227124 0.504264 0.228758 0.497335 0.243464 0.495736 0.275327 0.497335 0.290850 0.500000 0.299020 0.506397 0.298203 0.512260 0.294118 0.520789 0.280229 0.529851 0.258170 0.532516 0.247549 0.532516 0.241830
0 0.493070 0.272876 0.488806 0.268791 0.484009 0.268791 0.468017 0.277778 0.462687 0.283497 0.454158 0.301471 0.454158 0.308007 0.461087 0.316993 0.466418 0.321078 0.472814 0.321078 0.478678 0.317810 0.498401 0.297386
0 0.535714 0.295752 0.533049 0.299837 0.531983 0.305556 0.531450 0.347222 0.533049 0.354575 0.536780 0.361111 0.542111 0.361111 0.552772 0.357026 0.560768 0.349673 0.563433 0.344771 0.563966 0.336601 0.562900 0.331699 0.547441 0.299837 0.541045 0.295752
0 0.557036 0.357843 0.540512 0.361928 0.535714 0.369281 0.533049 0.370915 0.524520 0.384804 0.523454 0.398693 0.525053 0.402778 0.538913 0.417484 0.549041 0.416667 0.554904 0.400327 0.557569 0.376634
0 0.489339 0.319444 0.489872 0.329248 0.492004 0.336601 0.507996 0.352941 0.521855 0.357026 0.526652 0.350490 0.528785 0.344771 0.530384 0.335784 0.530384 0.313725 0.525586 0.308824 0.518657 0.307190 0.505330 0.308007 0.496802 0.311275
0 0.485608 0.325163 0.479744 0.323529 0.464286 0.324346 0.458955 0.326797 0.455757 0.332516 0.454691 0.344771 0.456290 0.356209 0.462687 0.373366 0.469083 0.382353 0.473348 0.382353 0.478678 0.378268 0.484009 0.366830 0.487207 0.346405 0.487207 0.335784
0 0.523454 0.368464 0.520789 0.358660 0.518657 0.357026 0.504797 0.354575 0.487207 0.365196 0.483475 0.370098 0.480277 0.378268 0.471748 0.385621 0.471215 0.392157 0.496802 0.404412 0.502665 0.405229 0.516525 0.402778 0.521855 0.397876 0.523987 0.382353
0 0.498934 0.409314 0.497868 0.413399 0.498934 0.441176 0.501066 0.446078 0.513326 0.453431 0.518124 0.454248 0.525586 0.451797 0.531983 0.445261 0.535181 0.429739 0.535181 0.419118 0.533582 0.414216 0.525586 0.406863 0.520256 0.408497 0.512793 0.406046 0.503198 0.406046
0 0.545842 0.448529 0.533049 0.448529 0.527186 0.452614 0.521322 0.453431 0.517591 0.455882 0.514925 0.464052 0.515991 0.477941 0.521322 0.493464 0.528785 0.506536 0.536780 0.511438 0.541578 0.508170 0.545309 0.500817 0.550107 0.470588 0.548507 0.464052 0.549041 0.456699 0.548507 0.451797
0 0.452559 0.415850 0.453092 0.422386 0.455757 0.425654 0.458955 0.434641 0.473348 0.443627 0.484009 0.445261 0.494670 0.444444 0.497335 0.440359 0.497335 0.409314 0.494136 0.403595 0.482942 0.399510 0.469616 0.399510 0.457889 0.405229
0 0.462154 0.454248 0.461620 0.463235 0.472281 0.478758 0.482409 0.490196 0.493603 0.497549 0.502132 0.498366 0.506930 0.495915 0.509595 0.491830 0.514925 0.477124 0.514925 0.457516 0.510128 0.451797 0.502132 0.450980 0.496802 0.446895 0.479211 0.446895 0.464286 0.451797
0 0.526652 0.505719 0.521855 0.495098 0.519190 0.493464 0.512260 0.494281 0.497868 0.500000 0.487740 0.507353 0.480810 0.517974 0.480810 0.525327 0.483475 0.530229 0.493070 0.539216 0.507463 0.542484 0.520789 0.542484 0.523987 0.539216 0.525586 0.532680
0 0.506397 0.544118 0.502132 0.554739 0.505864 0.566993 0.512793 0.576797 0.524520 0.585784 0.533582 0.584150 0.538380 0.578431 0.539979 0.571895 0.539446 0.553922 0.533049 0.540033 0.526119 0.539216 0.523987 0.542484 0.519190 0.544118
0 0.511194 0.575163 0.501066 0.558824 0.494670 0.559641 0.488273 0.564542 0.481343 0.572712 0.469616 0.592320 0.467484 0.602124 0.468550 0.611928 0.470682 0.615196 0.478678 0.615196 0.494670 0.608660 0.497868 0.604575 0.502665 0.603758 0.506397 0.600490 0.512260 0.589869 0.512793 0.581699
0 0.489872 0.616013 0.485608 0.613562 0.469083 0.617647 0.463753 0.627451 0.461620 0.644608 0.459488 0.649510 0.459488 0.656863 0.462154 0.659314 0.468550 0.659314 0.472814 0.651961 0.488806 0.636438 0.491471 0.632353
0 0.514925 0.654412 0.512260 0.649510 0.502665 0.642157 0.494670 0.633170 0.490405 0.633170 0.469616 0.656863 0.467484 0.674837 0.476546 0.678105 0.482409 0.683824 0.492004 0.684641 0.499467 0.683007 0.513326 0.671569
0 0.502132 0.733660 0.498401 0.731209 0.490405 0.730392 0.484542 0.733660 0.480810 0.738562 0.471215 0.767974 0.471748 0.774510 0.475480 0.781046 0.481343 0.785131 0.489339 0.785948 0.506397 0.779412 0.512260 0.771242 0.513859 0.765523 0.513326 0.750817
0 0.506930 0.780229 0.489872 0.785131 0.485608 0.790033 0.483475 0.797386 0.483475 0.807190 0.490405 0.842320 0.494670 0.852941 0.497335 0.856209 0.502132 0.855392 0.506397 0.852124 0.509595 0.847222 0.510128 0.840686 0.513859 0.830882 0.513859 0.815359 0.516525 0.799020 0.516525 0.790850 0.513326 0.783497
0 0.470149 0.768791 0.464819 0.766340 0.458422 0.767157 0.452026 0.775327 0.445629 0.790033 0.438699 0.812908 0.437100 0.828431 0.438699 0.835784 0.449360 0.834967 0.464819 0.824346 0.480277 0.805556 0.482409 0.799837 0.481876 0.790850 0.479744 0.785131 0.471215 0.774510
0 0.447761 0.687092 0.433369 0.696078 0.428038 0.704248 0.426439 0.716503 0.429104 0.727941 0.438166 0.747549 0.446695 0.751634 0.452026 0.751634 0.459488 0.741830 0.461087 0.735294 0.462154 0.703431 0.461087 0.696078 0.458422 0.690359 0.455224 0.687908
0 0.415245 0.024510 0.415778 0.044935 0.418977 0.050654 0.422175 0.062092 0.433902 0.080882 0.436567 0.082516 0.445096 0.081699 0.449893 0.077614 0.454158 0.071078 0.456290 0.065359 0.456823 0.038399 0.443497 0.026961 0.426972 0.022876 0.416844 0.022876
0 0.405650 0.000000 0.406716 0.011438 0.415778 0.022876 0.443497 0.025327 0.450426 0.017157 0.450426 0.011438 0.447761 0.000000
0 0.360874 0.025327 0.360874 0.029412 0.364072 0.033497 0.372601 0.039216 0.381130 0.040033 0.404051 0.035948 0.409382 0.027778 0.409915 0.020425 0.402985 0.000000 0.372601 0.000000 0.372601 0.002451 0.363006 0.017157
0 0.416844 0.047386 0.414712 0.044118 0.405117 0.037582 0.393923 0.038399 0.388593 0.042484 0.380597 0.043301 0.375267 0.051471 0.375267 0.068627 0.376333 0.074346 0.381663 0.084967 0.386461 0.087418 0.400320 0.083333 0.407783 0.077614 0.416311 0.066176 0.418977 0.058007
0 0.333689 0.029412 0.332623 0.040033 0.335288 0.050654 0.341684 0.065359 0.350213 0.078431 0.357409 0.081291 0.366205 0.081699 0.375267 0.069444 0.375267 0.044118 0.371002 0.038399 0.350213 0.027778 0.336887 0.027778
0 0.336887 0.022876 0.339552 0.026144 0.351279 0.025327 0.366205 0.006536 0.367271 0.000000 0.335288 0.000000 0.334755 0.008987
0 0.310768 0.000000 0.310768 0.003268 0.315032 0.008987 0.328891 0.012255 0.336887 0.009804 0.339019 0.003268 0.339019 0.000000
0 0.330490 0.016340 0.325693 0.011438 0.314499 0.010621 0.300107 0.014706 0.293710 0.018791 0.289979 0.026144 0.289446 0.037582 0.295842 0.058007 0.299574 0.061275 0.305437 0.062092 0.314499 0.059641 0.320362 0.053922 0.331023 0.039216 0.333156 0.026144
0 0.342751 0.067810 0.334755 0.051471 0.321962 0.053922 0.317164 0.057190 0.309115 0.064869 0.306503 0.067810 0.304904 0.070261 0.304904 0.086601 0.306503 0.089869 0.319296 0.093954 0.322495 0.091503 0.327292 0.082516 0.335288 0.081699 0.340085 0.078431 0.342217 0.075163
0 0.337420 0.082516 0.329424 0.082516 0.326759 0.084150 0.309168 0.111928 0.304371 0.123366 0.305437 0.138072 0.311834 0.147059 0.319296 0.153595 0.327292 0.156046 0.333156 0.152778 0.335288 0.149510 0.342217 0.126634 0.346482 0.104575 0.344883 0.093137
0 0.347015 0.090686 0.345416 0.098039 0.347015 0.104575 0.368870 0.130719 0.373134 0.133170 0.381130 0.133170 0.386461 0.129902 0.388593 0.126634 0.390725 0.119281 0.390725 0.113562 0.388593 0.104575 0.382196 0.093954 0.374733 0.085784 0.369936 0.082516 0.352345 0.080882
0 0.420043 0.128268 0.404584 0.118464 0.396055 0.117647 0.390192 0.120915 0.384328 0.167484 0.385928 0.180556 0.388593 0.189542 0.392857 0.190359 0.401919 0.184641 0.408316 0.176471 0.417910 0.153595 0.421109 0.137255
0 0.434968 0.098039 0.431237 0.100490 0.427505 0.107026 0.421642 0.129902 0.420043 0.159314 0.424307 0.165850 0.444030 0.166667 0.448294 0.161765 0.449893 0.156046 0.449893 0.140523 0.448294 0.133170 0.447228 0.116013 0.443497 0.101307 0.440299 0.098039
0 0.440299 0.168301 0.432303 0.166667 0.425906 0.167484 0.406183 0.185458 0.401919 0.191176 0.399787 0.196895 0.399787 0.207516 0.407249 0.220588 0.413646 0.226307 0.424307 0.227124 0.431237 0.223039 0.436567 0.215686 0.438166 0.202614 0.443497 0.191993 0.443497 0.179739
0 0.469083 0.192810 0.449360 0.192810 0.439232 0.199346 0.438166 0.201797 0.437633 0.217320 0.446162 0.248366 0.449893 0.255719 0.461087 0.257353 0.468550 0.249183 0.465885 0.236928 0.465352 0.225490 0.467484 0.205065 0.470682 0.195261
0 0.410448 0.245098 0.406183 0.254085 0.406183 0.261438 0.412580 0.274510 0.426439 0.293301 0.438166 0.299837 0.441898 0.299020 0.447761 0.281046 0.447761 0.266340 0.445096 0.254902 0.437100 0.239379 0.432836 0.234477 0.424840 0.234477 0.418443 0.237745
0 0.368337 0.235294 0.368337 0.237745 0.372601 0.243464 0.381130 0.262255 0.388060 0.265523 0.402452 0.261438 0.406716 0.253268 0.408849 0.241013 0.408849 0.234477 0.407249 0.229575 0.399254 0.218137 0.392857 0.215686 0.380064 0.218137
0 0.358209 0.151144 0.351279 0.160131 0.350746 0.165850 0.351812 0.173203 0.356610 0.186275 0.367271 0.203431 0.368870 0.209150 0.373134 0.209150 0.377399 0.200980 0.378465 0.174837 0.376866 0.160948 0.374733 0.152778 0.372601 0.149510 0.364072 0.148693
0 0.357143 0.230392 0.353412 0.235294 0.349680 0.245915 0.346482 0.278595 0.348614 0.283497 0.357676 0.294118 0.364606 0.296569 0.375267 0.294935 0.376866 0.293301 0.381130 0.276961 0.379531 0.261438 0.366738 0.235294 0.361940 0.230392
0 0.407783 0.267974 0.401919 0.264706 0.392324 0.265523 0.388060 0.267157 0.384861 0.271242 0.379531 0.282680 0.377399 0.290850 0.377399 0.314542 0.379531 0.318627 0.387527 0.323529 0.391258 0.322712 0.407783 0.310458 0.415778 0.299020 0.417377 0.293301 0.416844 0.283497
0 0.427505 0.295752 0.420576 0.301471 0.418977 0.308824 0.419510 0.319444 0.427505 0.352124 0.430704 0.357026 0.437633 0.357026 0.444030 0.352124 0.453625 0.339869 0.457356 0.326797 0.456823 0.320261 0.447761 0.308824 0.439765 0.301471
0 0.455224 0.359477 0.447761 0.357843 0.431237 0.360294 0.427505 0.366830 0.427505 0.386438 0.431237 0.410131 0.435501 0.425654 0.439232 0.427288 0.447761 0.426471 0.450959 0.421569 0.456290 0.405229 0.457356 0.397876 0.459488 0.392974 0.461620 0.376634 0.459488 0.366013
0 0.389659 0.325163 0.383262 0.343954 0.382729 0.350490 0.384861 0.357026 0.396055 0.368464 0.403518 0.372549 0.413646 0.374183 0.424840 0.368464 0.426439 0.357843 0.425906 0.349673 0.422708 0.338235 0.422175 0.331699 0.417910 0.323529 0.415245 0.321895 0.408849 0.312908 0.403518 0.312908
0 0.425373 0.371732 0.405650 0.375817 0.399787 0.381536 0.398188 0.385621 0.398188 0.395425 0.401919 0.410948 0.408849 0.425654 0.410448 0.433007 0.412580 0.435458 0.418977 0.437092 0.423774 0.435458 0.431237 0.416667
0 0.429104 0.428922 0.425906 0.433007 0.424307 0.439542 0.424307 0.448529 0.428038 0.464869 0.433902 0.479575 0.438699 0.484477 0.444030 0.484477 0.451493 0.477941 0.459488 0.463235 0.462687 0.452614 0.462687 0.441176 0.458955 0.435458 0.444030 0.433824 0.436034 0.428105
0 0.466951 0.471405 0.460554 0.471405 0.455224 0.473856 0.445629 0.492647 0.438699 0.523693 0.440832 0.535948 0.442431 0.538399 0.449360 0.541667 0.454158 0.540850 0.470682 0.526144 0.478678 0.513889 0.481876 0.502451 0.481876 0.491830
0 0.432836 0.481209 0.414179 0.488562 0.409915 0.499183 0.410981 0.510621 0.414179 0.521242 0.419510 0.531046 0.427505 0.540033 0.435501 0.539216 0.439232 0.536765 0.439232 0.517157 0.444563 0.495098 0.442431 0.486928
0 0.421642 0.440359 0.416311 0.437092 0.410981 0.437092 0.396588 0.446895 0.386994 0.455882 0.380064 0.466503 0.378465 0.475490 0.379531 0.482026 0.385394 0.488562 0.394989 0.491013 0.412047 0.488562 0.425373 0.480392 0.428038 0.474673 0.428571 0.468954 0.428038 0.464869 0.425373 0.459967
0 0.362473 0.424020 0.363539 0.450163 0.367271 0.458333 0.372601 0.460784 0.381130 0.459967 0.394989 0.446895 0.403518 0.441993 0.408849 0.434641 0.408849 0.427288 0.403518 0.415033 0.399787 0.410948 0.393390 0.408497 0.371002 0.408497 0.365139 0.415033
0 0.478678 0.524510 0.470149 0.526144 0.452559 0.541667 0.450959 0.547386 0.450959 0.556373 0.454158 0.564542 0.463220 0.575980 0.471215 0.577614 0.473348 0.580882 0.478145 0.579248 0.485608 0.566176 0.485608 0.534314
0 0.447228 0.566993 0.437100 0.582516 0.432303 0.595588 0.431770 0.602941 0.433369 0.607843 0.437100 0.611928 0.446695 0.618464 0.463753 0.624183 0.469616 0.614379 0.466951 0.607843 0.466951 0.601307 0.469616 0.589869 0.465352 0.579248 0.457356 0.567810 0.452559 0.565359
0 0.456290 0.622549 0.447228 0.620915 0.440832 0.624183 0.421642 0.643791 0.418443 0.653595 0.419510 0.662582 0.421642 0.668301 0.430704 0.681373 0.437633 0.683007 0.443497 0.678922 0.448827 0.670752 0.458955 0.649510 0.460554 0.641340 0.460554 0.629902
0 0.429104 0.596405 0.415245 0.591503 0.411514 0.593954 0.406183 0.602124 0.400320 0.629902 0.400320 0.644608 0.404584 0.656046 0.408849 0.656863 0.418443 0.649510 0.424840 0.638889 0.430171 0.635621 0.437100 0.625817 0.438166 0.620098 0.437633 0.612745 0.431770 0.605392
0 0.439765 0.549020 0.436034 0.541667 0.433369 0.540850 0.412580 0.545752 0.400853 0.555556 0.397122 0.564542 0.397122 0.571078 0.405117 0.584150 0.413646 0.589869 0.423241 0.593954 0.431770 0.593954 0.434435 0.589869 0.440832 0.572712
0 0.406183 0.658497 0.403518 0.674837 0.404584 0.681373 0.407783 0.685458 0.421642 0.685458 0.430171 0.680556 0.419510 0.663399 0.416311 0.652778 0.411514 0.653595
0 0.420043 0.696895 0.412047 0.712418 0.409382 0.722222 0.405650 0.745098 0.405117 0.759804 0.407249 0.765523 0.410448 0.767157 0.427505 0.767974 0.433902 0.761438 0.437100 0.753268 0.437100 0.749183 0.426439 0.721405 0.425373 0.709150 0.428038 0.703431 0.424307 0.698529
0 0.405117 0.696895 0.396588 0.700980 0.391791 0.707516 0.379531 0.739379 0.378998 0.753268 0.380064 0.759804 0.383262 0.764706 0.391791 0.770425 0.400853 0.771242 0.404584 0.769608 0.406716 0.764706 0.405650 0.758987 0.406183 0.741830 0.408849 0.724673 0.413113 0.708333 0.412047 0.703431
0 0.369403 0.768791 0.359808 0.785948 0.357676 0.796569 0.359275 0.805556 0.370469 0.813725 0.379531 0.824346 0.396055 0.824346 0.400320 0.819444 0.400320 0.799837 0.396588 0.786765 0.393390 0.784314 0.390725 0.770425 0.384861 0.763889 0.381130 0.763072
0 0.369403 0.814542 0.359808 0.807190 0.354478 0.807190 0.334222 0.839869 0.327825 0.857026 0.328891 0.872549 0.332623 0.881536 0.344350 0.877451 0.361940 0.861111 0.374733 0.844771 0.376333 0.834150 0.374200 0.824346
0 0.351279 0.788399 0.349680 0.785948 0.347015 0.785948 0.342217 0.790033 0.333689 0.792484 0.323028 0.799020 0.317164 0.808007 0.307036 0.816993 0.306503 0.825980 0.307569 0.829248 0.311834 0.833333 0.323028 0.833333 0.341151 0.826797 0.352878 0.807190 0.352878 0.796569
0 0.294243 0.767974 0.286780 0.773693 0.280917 0.785131 0.278785 0.793301 0.280384 0.810458 0.289446 0.817810 0.305437 0.818627 0.319296 0.803922 0.323028 0.789216 0.322495 0.781046 0.320362 0.780229 0.310768 0.767974
0 0.313966 0.764706 0.313433 0.769608 0.316631 0.775327 0.329957 0.788399 0.335288 0.790850 0.340618 0.790033 0.349147 0.782680 0.353945 0.781863 0.357676 0.775327 0.358742 0.761438 0.343284 0.742647 0.335821 0.739379 0.329424 0.739379 0.325693 0.741830
0 0.395522 0.679739 0.386994 0.678105 0.373934 0.677696 0.371002 0.683824 0.360341 0.695261 0.356077 0.703431 0.354211 0.709967 0.355544 0.716503 0.359275 0.727941 0.368337 0.739379 0.372601 0.741013 0.378465 0.740196 0.381130 0.736111 0.392324 0.705882 0.397122 0.698529 0.397655 0.687092
0 0.348614 0.701797 0.337420 0.709150 0.329957 0.718137 0.325160 0.727124 0.324094 0.739379 0.325693 0.742647 0.330490 0.738562 0.340085 0.740196 0.357676 0.759804 0.360874 0.757353 0.363006 0.751634 0.364072 0.739379 0.359808 0.727941 0.355544 0.721405 0.354478 0.716503 0.354478 0.703431
0 0.404584 0.664216 0.403518 0.656046 0.400853 0.649510 0.399254 0.631536 0.397655 0.628268 0.387527 0.628268 0.380597 0.631536 0.373667 0.637255 0.371695 0.639951 0.366205 0.644608 0.358742 0.655229 0.359275 0.661765 0.366738 0.672386 0.372601 0.676471 0.397122 0.677288 0.402452 0.674020
0 0.400853 0.579248 0.392324 0.565359 0.384328 0.564542 0.380597 0.566176 0.364072 0.591503 0.360235 0.598284 0.359009 0.603350 0.361407 0.613562 0.364606 0.617647 0.374627 0.614542 0.380490 0.614379 0.383795 0.616013 0.389126 0.616830 0.398721 0.607843 0.401919 0.600490 0.402452 0.591503
0 0.350213 0.607026 0.350746 0.620098 0.356077 0.640523 0.360341 0.644608 0.365672 0.644608 0.385928 0.626634 0.388593 0.620098 0.388060 0.616013 0.375267 0.615196 0.365672 0.617647 0.361407 0.612745 0.357676 0.601307 0.352345 0.603758
0 0.376866 0.536765 0.372068 0.536765 0.366205 0.540850 0.358209 0.551471 0.352878 0.566993 0.348081 0.574346 0.345416 0.582516 0.343817 0.596405 0.345949 0.602941 0.350746 0.604575 0.358742 0.598039 0.383795 0.561275 0.386461 0.552288
0 0.405117 0.491013 0.395522 0.492647 0.388060 0.504902 0.380597 0.521242 0.378998 0.528595 0.378465 0.540850 0.385394 0.550654 0.394989 0.554739 0.400320 0.554739 0.403518 0.550654 0.409382 0.547386 0.412047 0.538399 0.412580 0.519608 0.409382 0.508987 0.408849 0.497549
0 0.377932 0.464869 0.362473 0.455882 0.351812 0.457516 0.337420 0.463235 0.331557 0.469771 0.331557 0.489379 0.335821 0.502451 0.341151 0.510621 0.345949 0.513072 0.356077 0.508170 0.375267 0.482843 0.378465 0.470588
0 0.331557 0.355392 0.329957 0.361111 0.329957 0.368464 0.331557 0.374183 0.342217 0.389706 0.352878 0.401144 0.366205 0.401144 0.368870 0.397876 0.369936 0.394608 0.371002 0.371732 0.368337 0.356209 0.361407 0.339869 0.357676 0.336601 0.347548 0.337418 0.337953 0.346405
0 0.311301 0.429739 0.302772 0.438725 0.295309 0.450980 0.293710 0.458333 0.293710 0.465686 0.297974 0.474673 0.303305 0.479575 0.321429 0.490196 0.331023 0.489379 0.331023 0.470588 0.332623 0.465686 0.330490 0.454248 0.325693 0.442810 0.317697 0.431373 0.314499 0.428922
0 0.299574 0.393791 0.295309 0.391340 0.286247 0.393791 0.281450 0.398693 0.274520 0.430556 0.273987 0.450980 0.277186 0.457516 0.283049 0.457516 0.294243 0.452614 0.302239 0.438725 0.311834 0.428105 0.312900 0.415850 0.310768 0.408497
0 0.264925 0.365196 0.264925 0.379085 0.266525 0.391340 0.270789 0.395425 0.283582 0.396242 0.287313 0.392974 0.298507 0.388889 0.311834 0.375000 0.313966 0.369281 0.307036 0.355392 0.299041 0.349673 0.278252 0.348039 0.272921 0.349673 0.267591 0.356209
0 0.357676 0.512255 0.355544 0.510621 0.349147 0.511438 0.342751 0.516340 0.338486 0.522876 0.333689 0.535948 0.327825 0.558824 0.327292 0.566176 0.329957 0.570261 0.336887 0.574346 0.347015 0.575163 0.350213 0.572712 0.355544 0.557190 0.362473 0.542484 0.361940 0.521242
0 0.342217 0.592320 0.337420 0.591503 0.329957 0.598039 0.326759 0.607026 0.323561 0.638072 0.325693 0.648693 0.328891 0.652778 0.337420 0.653595 0.346482 0.651961 0.350746 0.649510 0.355011 0.643791 0.355544 0.637255 0.350746 0.620915 0.349680 0.607843 0.344883 0.601307
0 0.353945 0.656046 0.349680 0.653595 0.340085 0.653595 0.333689 0.657680 0.329424 0.666667 0.325693 0.687908 0.321962 0.696895 0.322495 0.704248 0.324627 0.709967 0.334222 0.711601 0.342217 0.704248 0.351279 0.699346 0.359808 0.686275 0.362473 0.680556 0.363006 0.672386
0 0.301706 0.702614 0.297974 0.706699 0.296375 0.711601 0.291045 0.746732 0.291045 0.755719 0.294776 0.765523 0.312900 0.765523 0.323028 0.745915 0.324094 0.723039 0.319829 0.709150 0.307036 0.702614
0 0.321429 0.636438 0.313433 0.635621 0.309168 0.637255 0.290512 0.673203 0.289979 0.679739 0.291045 0.686275 0.296375 0.696078 0.300640 0.700163 0.309168 0.703431 0.315032 0.703431 0.319829 0.700163 0.324627 0.690359 0.327825 0.671569 0.328358 0.658497
0 0.271855 0.790033 0.259595 0.790850 0.250000 0.799837 0.240938 0.816176 0.241471 0.824346 0.247335 0.839052 0.259062 0.854575 0.263859 0.857026 0.271855 0.856209 0.275586 0.851307 0.277186 0.843954 0.277719 0.812908 0.276119 0.802288
0 0.248401 0.768791 0.243603 0.764706 0.236141 0.762255 0.229744 0.767974 0.217484 0.785948 0.208955 0.805556 0.207889 0.824346 0.210021 0.830065 0.212154 0.831699 0.223348 0.830065 0.238806 0.820261 0.252665 0.797386 0.256930 0.794118 0.250000 0.781046
0 0.283049 0.730392 0.278785 0.728758 0.265458 0.737745 0.257463 0.750817 0.251066 0.764706 0.248934 0.773693 0.250000 0.781046 0.253731 0.786765 0.257996 0.790033 0.270256 0.790033 0.277719 0.786765 0.282516 0.781046 0.284648 0.772876 0.285714 0.752451 0.285181 0.737745
0 0.263859 0.699346 0.253731 0.700163 0.247868 0.702614 0.235608 0.727941 0.231876 0.741013 0.231876 0.752451 0.236141 0.759804 0.247868 0.766340 0.251066 0.765523 0.257996 0.754085 0.263326 0.740196 0.268124 0.733660 0.270256 0.733660 0.270256 0.727124
0 0.279851 0.680556 0.267058 0.691993 0.265458 0.696895 0.266525 0.706699 0.269190 0.715686 0.271322 0.730392 0.281450 0.728758 0.286780 0.737745 0.291578 0.735294 0.297974 0.705065 0.297974 0.700163 0.287313 0.679739
0 0.237740 0.643791 0.238273 0.664216 0.249467 0.690359 0.255330 0.696895 0.260661 0.696078 0.265991 0.692810 0.280384 0.674020 0.279851 0.665850 0.276119 0.653595 0.267591 0.641340 0.259595 0.639706 0.251066 0.642974 0.245203 0.639706 0.240405 0.639706
0 0.314499 0.621732 0.301173 0.620098 0.295309 0.611111 0.286780 0.613562 0.281450 0.625000 0.278785 0.640523 0.279318 0.661765 0.281983 0.674020 0.286780 0.675654 0.289979 0.674020 0.307036 0.640523 0.310235 0.636438 0.314499 0.634804
0 0.302772 0.565359 0.297441 0.571895 0.297974 0.577614 0.294776 0.591503 0.294243 0.604575 0.296908 0.615196 0.302772 0.620098 0.307569 0.620098 0.314499 0.616830 0.326226 0.606209 0.329957 0.596405 0.330490 0.589052 0.327292 0.578431 0.323028 0.571078 0.314499 0.571078
0 0.335821 0.503268 0.333689 0.501634 0.323561 0.508170 0.311834 0.526961 0.309168 0.533497 0.307569 0.542484 0.302772 0.553922 0.302772 0.563725 0.314499 0.571078 0.320896 0.571078 0.325693 0.566176 0.333156 0.535131 0.340618 0.513072
0 0.302239 0.481209 0.291045 0.486111 0.285714 0.495915 0.285181 0.504902 0.287846 0.517157 0.295309 0.533497 0.301173 0.540850 0.307036 0.544118 0.314499 0.522059 0.320362 0.512255 0.320896 0.492647 0.317697 0.487745 0.307036 0.482026
0 0.271322 0.524510 0.263326 0.535948 0.261727 0.540850 0.263326 0.554739 0.270789 0.571078 0.276652 0.578431 0.278785 0.584150 0.283049 0.584967 0.289979 0.589869 0.293177 0.589052 0.295842 0.584150 0.296375 0.575163 0.298507 0.567810 0.298507 0.540850 0.297441 0.535948 0.287313 0.519608 0.281450 0.519608
0 0.270789 0.454248 0.263859 0.457516 0.259595 0.464052 0.258529 0.487745 0.263326 0.514706 0.270789 0.522876 0.273454 0.522876 0.284115 0.508987 0.285181 0.495915 0.292111 0.483660 0.294243 0.469771 0.291578 0.462418 0.288913 0.459150 0.278785 0.459150 0.274520 0.455065
0 0.291578 0.594771 0.288913 0.590686 0.277719 0.582516 0.271855 0.573529 0.263326 0.578431 0.256397 0.589869 0.247868 0.612745 0.246802 0.638072 0.250000 0.640523 0.263859 0.638072 0.280384 0.624183 0.292111 0.607026 0.293177 0.601307
0 0.220149 0.491830 0.219083 0.499183 0.220149 0.514706 0.224414 0.526144 0.227612 0.527778 0.240938 0.524510 0.255864 0.513072 0.259595 0.506536 0.259595 0.498366 0.256930 0.487745 0.250000 0.481209 0.231876 0.477941 0.222281 0.486111
0 0.208422 0.440359 0.208955 0.464869 0.213753 0.473856 0.220682 0.474673 0.223348 0.472222 0.237207 0.467320 0.248401 0.458333 0.252132 0.452614 0.250533 0.445261 0.234009 0.429739 0.220149 0.428105 0.212687 0.430556
0 0.231876 0.397876 0.231343 0.411765 0.232409 0.419118 0.239872 0.432190 0.251066 0.443627 0.258529 0.443627 0.262793 0.441176 0.272388 0.424020 0.273454 0.417484 0.272921 0.406046 0.269723 0.397876 0.262793 0.391340 0.256397 0.389706 0.238273 0.391340
0 0.294776 0.266340 0.286780 0.266340 0.283049 0.269608 0.280917 0.274510 0.279318 0.311275 0.281450 0.318627 0.286780 0.327614 0.291578 0.326797 0.303305 0.310458 0.310768 0.290850 0.311834 0.285131 0.311301 0.278595 0.307036 0.272059
0 0.275053 0.191176 0.272388 0.189542 0.267058 0.191176 0.254797 0.212418 0.248401 0.234477 0.248934 0.242647 0.252665 0.248366 0.258529 0.251634 0.276119 0.251634 0.283582 0.243464 0.284648 0.238562 0.283582 0.209967 0.280917 0.200163
0 0.246269 0.265523 0.237740 0.270425 0.228678 0.278595 0.225480 0.285948 0.224947 0.291667 0.226013 0.297386 0.230810 0.308824 0.243603 0.329248 0.256930 0.334150 0.260661 0.330882 0.263326 0.316993 0.261727 0.284314 0.260128 0.274510 0.255864 0.264706
0 0.212687 0.358660 0.212154 0.363562 0.217484 0.376634 0.232409 0.388072 0.237740 0.389706 0.251599 0.388072 0.255864 0.380719 0.257463 0.375000 0.258529 0.356209 0.256397 0.347222 0.252665 0.343137 0.235608 0.342320 0.230277 0.343954 0.227079 0.347222 0.219083 0.350490 0.215352 0.357026
0 0.243070 0.331699 0.241471 0.325980 0.232942 0.312908 0.227612 0.302288 0.224947 0.293301 0.218017 0.299020 0.200426 0.326797 0.198827 0.334150 0.198827 0.343954 0.200426 0.347222 0.204691 0.350490 0.213753 0.352124 0.237740 0.339869
0 0.194563 0.230392 0.196695 0.248366 0.198827 0.254085 0.204691 0.262255 0.213753 0.267157 0.217484 0.276144 0.225480 0.278595 0.234009 0.271242 0.239872 0.249183 0.239872 0.241830 0.236674 0.233660 0.229744 0.229575 0.210554 0.223856 0.200959 0.224673
0 0.211087 0.265523 0.204691 0.263889 0.197228 0.273693 0.192431 0.284314 0.190299 0.299020 0.191365 0.314542 0.194563 0.321078 0.197761 0.323529 0.202026 0.324346 0.204691 0.321895 0.211620 0.308824 0.213220 0.303105 0.213753 0.289216 0.215885 0.275327
0 0.200959 0.357026 0.192964 0.363562 0.189232 0.385621 0.186034 0.397059 0.186034 0.417484 0.188166 0.423203 0.192431 0.427288 0.208422 0.428105 0.216418 0.423203 0.219616 0.415033 0.219616 0.397876 0.216418 0.379902 0.212687 0.368464 0.207356 0.358660
0 0.200959 0.437908 0.196695 0.441176 0.187100 0.457516 0.185501 0.489379 0.187633 0.504085 0.191898 0.509804 0.201493 0.509804 0.217484 0.501634 0.219083 0.497549 0.219616 0.486928 0.218550 0.480392 0.210021 0.470588 0.207356 0.455882 0.206823 0.440359
0 0.232409 0.553922 0.224414 0.553105 0.218017 0.557190 0.210021 0.568627 0.200959 0.577614 0.196162 0.589869 0.196695 0.602124 0.199893 0.608660 0.205224 0.610294 0.221748 0.607026 0.235608 0.599673 0.240405 0.593954 0.241471 0.589052 0.240405 0.574346 0.236141 0.560458
0 0.200959 0.577614 0.192431 0.575163 0.184435 0.575163 0.171109 0.579248 0.165778 0.587418 0.163646 0.594771 0.163646 0.607026 0.165245 0.616013 0.169510 0.620098 0.186034 0.617647 0.198827 0.608660 0.196162 0.598856 0.196162 0.589869
0 0.221748 0.610294 0.211620 0.610294 0.202559 0.612745 0.197228 0.621732 0.192431 0.644608 0.191898 0.656046 0.194030 0.664216 0.200959 0.667484 0.208955 0.665033 0.211620 0.661765 0.223348 0.656046 0.228145 0.647876 0.230810 0.638072 0.230810 0.629085 0.229211 0.623366
0 0.203092 0.695261 0.203092 0.699346 0.206823 0.706699 0.219083 0.711601 0.225480 0.711601 0.242537 0.706699 0.250533 0.698529 0.250000 0.691993 0.247868 0.685458 0.240938 0.670752 0.236674 0.664216 0.225480 0.659314 0.219616 0.659314 0.212154 0.663399 0.208422 0.667484
0 0.177505 0.719771 0.179104 0.734477 0.181237 0.741830 0.189232 0.750817 0.197761 0.756536 0.207356 0.758170 0.214819 0.756536 0.218550 0.748366 0.222281 0.734477 0.222814 0.715686 0.219083 0.711601 0.208955 0.708333 0.202026 0.700980 0.194030 0.703431 0.179638 0.715686
0 0.213753 0.766340 0.202026 0.759804 0.195096 0.759804 0.188166 0.763889 0.176972 0.798203 0.174840 0.822712 0.175373 0.835784 0.177505 0.839052 0.181770 0.839052 0.191898 0.830065 0.202026 0.811275 0.209488 0.800654 0.214819 0.785131 0.215885 0.777778 0.215352 0.769608
0 0.135928 0.711601 0.128998 0.725490 0.128998 0.732843 0.134861 0.741013 0.139659 0.754085 0.149254 0.770425 0.152985 0.772876 0.158316 0.770425 0.163646 0.763072 0.171642 0.744281 0.173241 0.735294 0.171642 0.726307 0.165778 0.720588 0.158849 0.717320 0.146588 0.714869 0.139126 0.710784
0 0.114606 0.744281 0.114606 0.752451 0.117804 0.756536 0.120469 0.764706 0.130064 0.782680 0.140725 0.799837 0.146055 0.799837 0.147655 0.794118 0.147122 0.774510 0.144989 0.764706 0.142857 0.762255 0.141258 0.754902 0.135394 0.741830 0.129531 0.733660 0.126333 0.732843 0.119403 0.741013
0 0.187100 0.624183 0.183369 0.620915 0.161514 0.620915 0.154051 0.622549 0.141791 0.631536 0.139126 0.636438 0.138593 0.647059 0.142324 0.667484 0.144456 0.671569 0.148721 0.674020 0.154584 0.674020 0.164179 0.668301 0.181770 0.644608 0.183902 0.636438 0.187100 0.631536
0 0.139126 0.538399 0.138060 0.550654 0.135928 0.558824 0.136994 0.565359 0.138966 0.582435 0.139126 0.587418 0.141258 0.594771 0.145522 0.599673 0.154584 0.600490 0.162580 0.596405 0.168977 0.580065 0.167910 0.571078 0.164179 0.560458 0.154051 0.540033 0.142857 0.536765
0 0.134861 0.558824 0.130597 0.560458 0.127399 0.566993 0.127932 0.593954 0.125267 0.614379 0.121002 0.625000 0.123134 0.629085 0.127932 0.632353 0.139126 0.632353 0.155650 0.620915 0.156716 0.616830 0.155650 0.602124 0.154584 0.600490 0.147655 0.599673 0.139339 0.593056
0 0.162580 0.455065 0.156716 0.455065 0.149254 0.459150 0.140725 0.477941 0.132196 0.504902 0.133262 0.515523 0.138060 0.522059 0.144989 0.525327 0.158849 0.525327 0.164179 0.522059 0.168443 0.515523 0.170576 0.503268 0.170043 0.491013 0.167377 0.469771
0 0.135394 0.669935 0.123134 0.674837 0.109808 0.685458 0.098081 0.703431 0.094883 0.710784 0.094350 0.718954 0.095949 0.727941 0.100213 0.734477 0.109275 0.742647 0.113006 0.743464 0.118870 0.741013 0.126866 0.730392 0.135928 0.709150 0.137527 0.699346 0.137527 0.676471
0 0.092217 0.731209 0.087420 0.736111 0.078358 0.750817 0.076226 0.757353 0.076226 0.763889 0.079957 0.772059 0.091151 0.783497 0.099680 0.788399 0.107676 0.787582 0.118337 0.771242 0.119403 0.762255 0.113539 0.748366 0.109275 0.741830 0.103945 0.739379 0.096482 0.729575
0 0.074627 0.660131 0.074627 0.680556 0.077292 0.687092 0.081557 0.689542 0.093817 0.689542 0.107676 0.686275 0.122068 0.674020 0.104478 0.653595 0.103945 0.648693 0.105011 0.642974 0.100213 0.638889 0.086354 0.638072 0.082623 0.640523 0.078891 0.646242
0 0.104478 0.643791 0.103945 0.651144 0.105011 0.655229 0.118870 0.675654 0.135928 0.669118 0.140725 0.663399 0.136994 0.635621 0.134861 0.633987 0.127932 0.632353 0.120469 0.626634 0.114072 0.627451
0 0.120469 0.549020 0.117804 0.549020 0.113539 0.553922 0.109808 0.566176 0.104478 0.574346 0.102878 0.579248 0.097548 0.608660 0.097548 0.620915 0.099147 0.624183 0.103412 0.625817 0.118337 0.625817 0.121535 0.623366 0.125267 0.615196 0.127932 0.590686 0.126866 0.565359 0.122601 0.551471
0 0.104478 0.538399 0.094883 0.535131 0.090085 0.538399 0.086887 0.543301 0.076226 0.580882 0.073561 0.602941 0.078891 0.603758 0.083689 0.602124 0.089019 0.597222 0.098081 0.583333 0.100746 0.575980 0.106610 0.549020 0.106610 0.541667
0 0.060235 0.479575 0.056503 0.484477 0.053838 0.497549 0.054371 0.514706 0.059168 0.535131 0.065565 0.544935 0.072495 0.544935 0.078358 0.542484 0.085821 0.535948 0.092217 0.526144 0.094350 0.518791 0.093284 0.508170 0.091151 0.503268 0.085821 0.497549 0.082623 0.487745 0.076759 0.481209 0.071429 0.478758
0 0.096482 0.424837 0.092217 0.426471 0.083156 0.449346 0.083156 0.488562 0.085288 0.495915 0.091684 0.503268 0.101279 0.501634 0.107676 0.498366 0.117271 0.487745 0.119936 0.477941 0.118870 0.472222 0.113006 0.460784 0.104478 0.433007 0.101279 0.428105
0 0.108209 0.427288 0.108209 0.445261 0.116205 0.467320 0.121002 0.477124 0.126333 0.482843 0.131130 0.482026 0.140192 0.474673 0.152452 0.452614 0.150320 0.442810 0.147655 0.438725 0.138060 0.433007 0.131663 0.424837 0.122068 0.421569 0.112473 0.420752
0 0.126866 0.357026 0.121535 0.356209 0.117804 0.358660 0.107143 0.379085 0.103412 0.393791 0.104478 0.415850 0.107143 0.419935 0.121002 0.419118 0.126866 0.415850 0.135394 0.406046 0.141258 0.391340 0.141258 0.379902 0.133795 0.370098
0 0.133795 0.410948 0.133795 0.423203 0.136461 0.428922 0.143923 0.434641 0.156183 0.440359 0.177505 0.440359 0.182836 0.434641 0.184968 0.428105 0.183902 0.419935 0.175373 0.407680 0.169510 0.406863 0.163646 0.401961 0.151919 0.387255 0.148721 0.387255 0.141791 0.392157
0 0.130064 0.320261 0.125800 0.325980 0.126333 0.347222 0.130597 0.360294 0.138060 0.375000 0.142324 0.378268 0.146588 0.379085 0.149787 0.376634 0.154051 0.366830 0.165778 0.350490 0.166844 0.343954 0.143390 0.320261
0 0.187633 0.303922 0.181770 0.294935 0.176972 0.294118 0.164712 0.299837 0.147655 0.300654 0.145522 0.302288 0.142857 0.310458 0.145522 0.321895 0.164179 0.340686 0.168443 0.343137 0.173241 0.343137 0.179104 0.339869 0.182836 0.334967 0.187633 0.312908
0 0.180171 0.249183 0.175373 0.245098 0.164712 0.245098 0.154051 0.252451 0.139126 0.267974 0.138060 0.272059 0.139126 0.287582 0.146055 0.298203 0.148188 0.299020 0.167377 0.298203 0.180171 0.292484 0.182836 0.286765 0.184435 0.276961 0.184435 0.262255
0 0.192431 0.339869 0.190299 0.338235 0.181237 0.339869 0.177505 0.343954 0.170576 0.347222 0.157783 0.362745 0.152452 0.373366 0.152452 0.381536 0.156716 0.392157 0.162047 0.399510 0.169510 0.405229 0.177505 0.405229 0.182836 0.399510 0.187633 0.389706 0.191898 0.365196 0.194030 0.359477 0.194030 0.343137
0 0.115139 0.027778 0.113006 0.032680 0.113006 0.039216 0.114606 0.045752 0.125267 0.066176 0.138060 0.081699 0.141791 0.083333 0.147122 0.081699 0.153518 0.069444 0.153518 0.062908 0.146055 0.036765 0.143923 0.018791 0.139659 0.016340 0.132729 0.017157 0.122601 0.021242
0 0.124200 0.127451 0.123667 0.141340 0.126866 0.147059 0.134328 0.152778 0.158316 0.152778 0.163646 0.150327 0.172175 0.140523 0.172175 0.130719 0.166311 0.121732 0.156183 0.114379 0.147655 0.105392 0.137527 0.104575 0.134328 0.107026 0.126866 0.116830
0 0.162580 0.152778 0.146588 0.154412 0.145522 0.158497 0.140192 0.164216 0.137527 0.170752 0.129531 0.183007 0.126866 0.191176 0.126866 0.197712 0.130597 0.206699 0.138593 0.214052 0.144456 0.215686 0.153518 0.215686 0.157249 0.213235 0.162580 0.196078 0.162580 0.180556 0.165778 0.167484 0.164712 0.156863
0 0.191365 0.102124 0.190832 0.087418 0.186034 0.079248 0.169510 0.085784 0.164712 0.085784 0.158849 0.080065 0.156183 0.080065 0.151386 0.083333 0.145522 0.084150 0.143390 0.086601 0.143390 0.094771 0.146588 0.102124 0.154051 0.111111 0.173241 0.126634 0.181237 0.125000 0.186034 0.120098 0.189765 0.112745
0 0.197761 0.048203 0.193497 0.042484 0.191898 0.042484 0.190299 0.038399 0.186034 0.035131 0.180704 0.034314 0.162580 0.038399 0.156716 0.044935 0.156716 0.051471 0.155117 0.058007 0.155650 0.071078 0.159915 0.080882 0.165245 0.084150 0.185501 0.079248 0.193497 0.070261 0.196695 0.063725 0.198294 0.057190
0 0.172708 0.013889 0.167910 0.012255 0.154051 0.012255 0.144989 0.017974 0.144989 0.033497 0.147655 0.045752 0.154051 0.062092 0.155650 0.057190 0.155117 0.045752 0.163646 0.036765 0.179638 0.032680 0.179104 0.026144
0 0.171642 0.000000 0.173241 0.013072 0.179104 0.026144 0.185501 0.034314 0.189232 0.036765 0.193497 0.036765 0.194030 0.025327 0.197761 0.000000
0 0.197228 0.044935 0.200426 0.047386 0.208955 0.044935 0.213220 0.041667 0.228145 0.020425 0.232409 0.008987 0.231876 0.000000 0.197228 0.000000 0.193497 0.021242 0.193497 0.033497
0 0.169510 0.157680 0.167910 0.160948 0.162580 0.187092 0.163646 0.202614 0.167377 0.218954 0.171109 0.225490 0.173774 0.227124 0.189232 0.225490 0.195096 0.221405 0.201493 0.213235 0.202559 0.209150 0.202559 0.197712 0.200959 0.192810 0.182836 0.157680
0 0.205757 0.122549 0.199893 0.129085 0.198294 0.134804 0.198827 0.147059 0.200959 0.159314 0.204158 0.168301 0.210554 0.178922 0.216951 0.183007 0.222175 0.183007 0.220203 0.171650 0.220362 0.160539 0.224147 0.146569 0.231343 0.138889 0.232409 0.134804 0.231876 0.125817 0.230277 0.121732 0.225480 0.118464 0.216418 0.118464
0 0.224414 0.147059 0.220682 0.160948 0.220682 0.172386 0.222281 0.183007 0.239339 0.191993 0.249467 0.191993 0.257996 0.187092 0.259595 0.183007 0.258529 0.171569 0.251066 0.152778 0.242537 0.137255 0.238273 0.134804 0.234009 0.135621
0 0.214286 0.092320 0.213753 0.100490 0.217484 0.112745 0.219616 0.116013 0.233475 0.123366 0.248401 0.126634 0.254264 0.121732 0.257463 0.115196 0.257996 0.089869 0.256397 0.083333 0.252132 0.077614 0.239872 0.076797 0.230810 0.079248 0.216418 0.088235
0 0.262260 0.017974 0.258529 0.016340 0.250533 0.017157 0.243603 0.020425 0.236674 0.026961 0.226546 0.042484 0.226013 0.053105 0.227612 0.059641 0.239872 0.074346 0.243603 0.075980 0.256397 0.074346 0.258529 0.071078 0.255864 0.058007 0.256397 0.050654 0.264392 0.042484 0.267058 0.036765 0.266525 0.026961
0 0.256930 0.047386 0.254797 0.050654 0.254797 0.058007 0.257463 0.067810 0.260128 0.071078 0.261727 0.076797 0.272388 0.091503 0.280384 0.095588 0.285181 0.094771 0.288913 0.085784 0.289979 0.070261 0.292644 0.057190 0.288913 0.040033 0.287313 0.037582 0.270256 0.038399
0 0.303305 0.123366 0.299574 0.116013 0.299041 0.109477 0.296908 0.103758 0.294776 0.101307 0.283049 0.102124 0.278785 0.103758 0.259595 0.119281 0.256930 0.125000 0.255330 0.138889 0.256397 0.142157 0.266525 0.149510 0.289979 0.148693 0.299041 0.143791 0.303838 0.136438
0 0.350213 0.175654 0.342217 0.163399 0.337953 0.160948 0.329957 0.161765 0.314499 0.176471 0.310235 0.183007 0.309701 0.201797 0.313966 0.209967 0.317697 0.212418 0.331023 0.212418 0.334755 0.210784 0.346482 0.201797 0.350746 0.195261 0.352345 0.188725 0.352345 0.182190
0 1.000000 0.760621 0.998401 0.760621 0.995736 0.755719 0.982409 0.743464 0.979211 0.745915 0.969083 0.765523 0.966951 0.774510 0.968017 0.786765 0.962687 0.801471 0.962154 0.806373 0.965885 0.809641 0.968550 0.809641 0.972814 0.809395 0.979211 0.804739 0.991471 0.797386 0.998401 0.787582 1.000000 0.787582
0 1.000000 0.795752 0.993603 0.796569 0.983475 0.801471 0.977079 0.807190 0.974947 0.811275 0.976013 0.829248 0.979744 0.842320 0.984542 0.852941 0.989339 0.857843 0.995203 0.857843 1.000000 0.855392
0 0.880597 0.812908 0.880064 0.818627 0.881130 0.823529 0.890725 0.839052 0.904051 0.848039 0.910981 0.850490 0.917377 0.850490 0.921642 0.846405 0.924840 0.830065 0.924840 0.810458 0.920576 0.797386 0.917910 0.797386 0.913646 0.794118 0.901386 0.795752 0.889126 0.801471