0 0.550107 0.080065 0.543177 0.078431 0.536780 0.080882 0.523454 0.096405 0.514925 0.110294 0.513326 0.124183 0.520256 0.136438 0.529318 0.142974 0.537313 0.144608 0.539446 0.142157 0.540512 0.136438 0.547441 0.128268 0.548507 0.124183 0.551173 0.120915 0.553838 0.111111 0.553305 0.086601
0 0.142857 0.000000 0.138060 0.013889 0.135928 0.026144 0.135928 0.036765 0.137527 0.045752 0.144456 0.053922 0.148721 0.053922 0.160448 0.048203 0.161514 0.044118 0.158316 0.034314 0.156716 0.023693 0.156183 0.000000
0 0.157783 0.000000 0.156716 0.006536 0.157783 0.032680 0.160448 0.044118 0.168977 0.051471 0.177505 0.049837 0.186567 0.035948 0.190299 0.034314 0.193497 0.026961 0.191365 0.019608 0.191898 0.008170 0.190299 0.004902 0.190299 0.000000
0 0.199893 0.014706 0.199360 0.019608 0.196162 0.022059 0.195629 0.032680 0.196695 0.041667 0.201493 0.052288 0.207889 0.059641 0.212154 0.062092 0.219083 0.061275 0.223881 0.058007 0.227079 0.053105 0.232409 0.033497 0.230810 0.023693 0.225480 0.020425 0.221215 0.020425 0.219083 0.017157 0.208955 0.013072
0 0.193497 0.031863 0.187100 0.038399 0.177505 0.056373 0.170576 0.080882 0.170043 0.088235 0.172175 0.093137 0.177505 0.096405 0.187100 0.098039 0.188699 0.084967 0.198827 0.074346 0.200426 0.066176 0.199893 0.054739
0 0.140725 0.059641 0.138593 0.063725 0.138593 0.074346 0.146055 0.093954 0.154584 0.107026 0.160981 0.112745 0.165245 0.111928 0.171642 0.099673 0.171642 0.095588 0.170043 0.092320 0.170576 0.080882 0.174840 0.057190 0.164712 0.050654 0.159915 0.050654 0.148188 0.054739
0 0.141791 0.097222 0.125267 0.109477 0.118870 0.120915 0.118870 0.129902 0.122068 0.137255 0.130597 0.147876 0.139659 0.156046 0.146588 0.159314 0.150320 0.142974 0.152985 0.138889 0.159382 0.133987 0.160981 0.127451 0.157249 0.116830 0.156716 0.111111 0.150853 0.104575 0.147122 0.097222
0 0.174840 0.137255 0.167377 0.134804 0.157249 0.136438 0.151386 0.142157 0.148188 0.149510 0.146588 0.159314 0.150320 0.189542 0.151919 0.195261 0.157249 0.201797 0.165778 0.202614 0.170043 0.198529 0.174307 0.186275 0.181770 0.171569 0.183369 0.151961 0.182303 0.147059 0.178571 0.140523
0 0.157783 0.202614 0.150853 0.196078 0.142324 0.196078 0.124733 0.200163 0.119403 0.205882 0.117804 0.210784 0.117271 0.219771 0.118870 0.229575 0.124200 0.245915 0.127932 0.249183 0.135928 0.248366 0.142324 0.243464 0.154584 0.228758 0.160448 0.225490 0.162580 0.219771 0.162580 0.213235
0 0.166311 0.234477 0.162047 0.235294 0.149787 0.245915 0.138593 0.260621 0.134328 0.269608 0.132729 0.278595 0.134328 0.283497 0.139659 0.290850 0.146588 0.296569 0.152452 0.299020 0.159382 0.299020 0.163113 0.296569 0.166311 0.290850 0.170576 0.278595 0.171642 0.262255 0.174307 0.254902 0.171109 0.243464 0.166844 0.239379
0 0.176439 0.187092 0.175373 0.188725 0.175373 0.193627 0.165245 0.205882 0.164179 0.211601 0.165245 0.218137 0.169510 0.223039 0.173241 0.231209 0.183369 0.243464 0.198294 0.245098 0.201493 0.242647 0.202559 0.223856 0.200426 0.214869 0.194563 0.205882 0.193497 0.201797 0.190299 0.198529 0.186034 0.182190 0.183369 0.182190 0.180171 0.186275
0 0.185501 0.163399 0.183902 0.169118 0.184435 0.178922 0.194030 0.205065 0.202559 0.214052 0.208955 0.215686 0.211087 0.208333 0.209488 0.194444 0.211087 0.180556 0.213753 0.171569 0.213220 0.164216 0.205757 0.152778 0.191898 0.158497
0 0.219616 0.097222 0.208422 0.096405 0.199893 0.098039 0.191365 0.102124 0.186567 0.110294 0.186034 0.120098 0.187100 0.129085 0.192964 0.138072 0.199360 0.142974 0.216951 0.141340 0.219616 0.135621 0.220149 0.124183 0.222814 0.116013 0.222281 0.104575
0 0.169510 0.106209 0.166844 0.110294 0.164712 0.120915 0.164179 0.129085 0.165245 0.133170 0.174307 0.135621 0.182303 0.142974 0.184435 0.150327 0.184968 0.160948 0.192964 0.156863 0.196162 0.147876 0.196162 0.141340 0.189765 0.138889 0.187633 0.134804 0.188699 0.131536 0.187633 0.123366 0.189232 0.114379 0.188699 0.106209 0.181237 0.102941 0.173774 0.102941
0 0.229744 0.074346 0.226013 0.067810 0.216418 0.067810 0.201493 0.074346 0.192964 0.080065 0.189765 0.087418 0.192964 0.095588 0.224947 0.094771 0.229211 0.092320 0.230277 0.089869 0.230810 0.082516
0 0.236141 0.026144 0.233475 0.031863 0.231343 0.043301 0.228145 0.049020 0.228145 0.067810 0.231876 0.088235 0.234009 0.092320 0.247868 0.093137 0.259062 0.081699 0.259062 0.074346 0.253731 0.066993 0.247335 0.051471 0.247335 0.045752 0.250000 0.040033 0.248401 0.032680
0 0.251066 0.038399 0.248934 0.044118 0.249467 0.053922 0.255330 0.069444 0.267591 0.081699 0.276652 0.082516 0.279318 0.080882 0.280917 0.075163 0.279318 0.056373 0.275586 0.038399 0.271855 0.031863 0.263326 0.030229 0.257463 0.032680
0 0.235075 0.000000 0.233475 0.005719 0.233475 0.017157 0.236141 0.022876 0.251066 0.032680 0.256397 0.032680 0.268124 0.026961 0.270789 0.011438 0.269723 0.000000
0 0.213753 0.000000 0.213753 0.004085 0.215352 0.007353 0.223348 0.015523 0.230277 0.016340 0.234009 0.012255 0.235075 0.000000
0 0.271322 0.000000 0.272921 0.008987 0.278785 0.017157 0.281450 0.017157 0.296908 0.003268 0.296908 0.000000
0 0.331023 0.014706 0.323028 0.002451 0.323028 0.000000 0.306503 0.000000 0.306503 0.002451 0.304904 0.004085 0.296375 0.006536 0.285181 0.013072 0.281983 0.018791 0.281450 0.027778 0.285714 0.034314 0.292644 0.035948 0.299041 0.040033 0.315565 0.039216 0.319829 0.040850 0.322495 0.040033
0 0.323028 0.038399 0.323028 0.047386 0.325160 0.051471 0.325693 0.057190 0.331557 0.062908 0.349147 0.063725 0.357143 0.058824 0.361940 0.058007 0.365672 0.052288 0.365672 0.044935 0.364072 0.038399 0.353945 0.026144 0.342217 0.019608 0.329957 0.021242 0.326759 0.026144
0 0.328358 0.062092 0.323561 0.056373 0.322495 0.048203 0.320896 0.045752 0.313433 0.040850 0.305970 0.040033 0.295309 0.048203 0.289979 0.056373 0.285181 0.071078 0.282516 0.074346 0.281983 0.082516 0.284648 0.083333 0.291045 0.080882 0.302239 0.073529 0.308102 0.073529 0.315565 0.077614 0.319829 0.077614 0.323028 0.074346
0 0.312367 0.075163 0.301706 0.074346 0.279851 0.086601 0.277186 0.093954 0.276652 0.101307 0.280917 0.114379 0.295309 0.129902 0.304371 0.129902 0.311301 0.117647 0.314499 0.105392 0.316098 0.084967 0.314499 0.077614
0 0.255330 0.086601 0.250533 0.093137 0.247335 0.104575 0.247868 0.111111 0.251599 0.120098 0.257996 0.130719 0.267591 0.142157 0.280917 0.143791 0.287313 0.131536 0.287846 0.125000 0.287313 0.122549 0.282516 0.117647 0.276119 0.104575 0.275053 0.086601 0.264925 0.081699
0 0.227079 0.107026 0.224414 0.110294 0.221215 0.124183 0.220149 0.153595 0.224947 0.152778 0.222281 0.146242 0.224414 0.142974 0.234542 0.146242 0.238273 0.153595 0.244670 0.154412 0.248934 0.148693 0.255330 0.134804 0.255864 0.128268 0.245203 0.107843 0.237740 0.104575 0.231343 0.104575
0 0.220149 0.156046 0.215352 0.167484 0.210021 0.191176 0.210021 0.200980 0.212687 0.208333 0.215885 0.211601 0.229744 0.213235 0.237740 0.210784 0.242004 0.207516 0.247335 0.196895 0.246269 0.173203 0.242537 0.158497 0.240405 0.155229
0 0.250000 0.153595 0.247868 0.186275 0.250000 0.191993 0.255864 0.195261 0.273987 0.193627 0.278785 0.191993 0.281450 0.188725 0.280917 0.180556 0.279318 0.176471 0.283582 0.166667 0.283049 0.158497 0.274520 0.151144 0.263326 0.145425 0.255330 0.146242
0 0.307569 0.133987 0.302239 0.132353 0.296375 0.133170 0.287846 0.150327 0.282516 0.174020 0.283049 0.187908 0.287313 0.195261 0.295842 0.197712 0.304371 0.194444 0.310768 0.170752 0.312367 0.150327 0.311834 0.139706
0 0.345949 0.165850 0.337420 0.151144 0.332623 0.149510 0.325693 0.151961 0.311301 0.168301 0.308102 0.178105 0.304904 0.195261 0.310235 0.202614 0.330490 0.201797 0.343284 0.195261 0.347015 0.189542
0 0.344350 0.066993 0.340618 0.065359 0.328358 0.066176 0.321962 0.076797 0.317697 0.088235 0.316098 0.098039 0.316098 0.111928 0.317164 0.116830 0.322495 0.125817 0.329957 0.127451 0.340085 0.111111 0.346482 0.104575 0.350213 0.084967 0.348081 0.073529
0 0.333689 0.120915 0.332090 0.127451 0.332090 0.134804 0.333689 0.141340 0.341684 0.154412 0.355011 0.165850 0.357143 0.171569 0.359275 0.172386 0.367804 0.170752 0.373134 0.165033 0.372068 0.159314 0.365672 0.147876 0.361940 0.130719 0.361407 0.116013 0.356610 0.107843 0.353945 0.106209 0.345949 0.107026 0.342217 0.110294 0.340725 0.111438 0.339232 0.114379 0.337420 0.116830
0 0.348614 0.068627 0.349147 0.077614 0.352345 0.089052 0.360874 0.110294 0.368337 0.107843 0.380597 0.110294 0.383262 0.106209 0.382196 0.068627 0.379531 0.060458 0.373667 0.056373 0.365672 0.056373 0.360874 0.060458 0.355011 0.062092
0 0.401386 0.000000 0.380597 0.000000 0.380597 0.002451 0.376866 0.004902 0.372068 0.013889 0.372068 0.026961 0.375800 0.045752 0.378998 0.053105 0.384328 0.058824 0.397122 0.049020 0.405650 0.032680 0.407249 0.024510 0.407249 0.013072 0.406183 0.008987 0.401386 0.002451
0 0.326759 0.000000 0.327292 0.004902 0.336354 0.015523 0.352878 0.023693 0.357676 0.023693 0.359808 0.019608 0.360874 0.012255 0.359808 0.000000
0 0.407783 0.000000 0.407783 0.003268 0.412580 0.008987 0.417377 0.010621 0.422708 0.009804 0.427505 0.003268 0.427505 0.000000
0 0.447228 0.031046 0.440832 0.022876 0.427505 0.024510 0.418443 0.030229 0.415245 0.034314 0.410448 0.046569 0.412047 0.060458 0.416311 0.066176 0.426972 0.062908 0.436567 0.057190 0.447228 0.045752 0.448294 0.039216
0 0.404584 0.044118 0.400320 0.044118 0.394989 0.051471 0.387527 0.056373 0.383795 0.062908 0.383795 0.100490 0.390725 0.112745 0.393390 0.112745 0.402985 0.099673 0.412580 0.080065 0.412580 0.062908 0.409915 0.058007 0.409382 0.049837 0.407249 0.045752
0 0.447761 0.048203 0.446695 0.047386 0.431770 0.060458 0.415778 0.067810 0.413113 0.081699 0.415778 0.085784 0.425373 0.092320 0.437100 0.093137 0.443497 0.090686 0.447761 0.082516 0.450426 0.056373
0 0.449360 0.000000 0.449360 0.002451 0.443497 0.011438 0.442431 0.021242 0.448827 0.031863 0.452559 0.041667 0.456290 0.047386 0.464286 0.053105 0.471215 0.054739 0.478145 0.052288 0.480277 0.044935 0.481343 0.026144 0.474414 0.006536 0.471748 0.002451 0.471748 0.000000
0 0.477079 0.000000 0.476546 0.011438 0.481343 0.024510 0.493603 0.042484 0.497868 0.046569 0.502132 0.046569 0.506930 0.042484 0.518657 0.015523 0.517591 0.010621 0.510661 0.003268 0.510128 0.000000
0 0.529851 0.008170 0.523454 0.013889 0.514925 0.025327 0.513859 0.031046 0.514925 0.039216 0.522388 0.051471 0.531983 0.062908 0.539446 0.069444 0.549041 0.073529 0.553305 0.057190 0.552772 0.044935 0.545309 0.027778 0.541578 0.008170 0.539979 0.006536
0 0.518657 0.047386 0.502132 0.048203 0.498401 0.049837 0.495203 0.056373 0.494670 0.076797 0.497335 0.097222 0.499467 0.103758 0.505330 0.113562 0.510661 0.113562 0.517058 0.106209 0.523987 0.090686 0.529851 0.069444 0.528785 0.059641
0 0.452026 0.055556 0.448294 0.078431 0.448827 0.087418 0.465885 0.098039 0.481876 0.098856 0.492004 0.093137 0.493603 0.077614 0.493070 0.073529 0.486141 0.069444 0.479744 0.061275 0.460554 0.053105 0.455224 0.053105
0 0.465885 0.101307 0.462687 0.112745 0.462154 0.130719 0.462687 0.135621 0.466418 0.143791 0.487740 0.142974 0.494136 0.139706 0.498934 0.134804 0.498934 0.118464 0.500533 0.110294 0.496269 0.103758 0.484009 0.098856 0.470149 0.098039
0 0.447228 0.088235 0.440832 0.093954 0.434968 0.105392 0.432303 0.116013 0.433369 0.123366 0.436034 0.128268 0.445096 0.136438 0.454158 0.138889 0.460021 0.138072 0.461620 0.133987 0.463220 0.098856 0.460021 0.093954
0 0.424840 0.110294 0.412580 0.110294 0.404584 0.116013 0.401386 0.121732 0.399787 0.128268 0.398188 0.153595 0.404051 0.167484 0.408849 0.169118 0.415245 0.160948 0.422708 0.155229 0.430704 0.140523 0.432836 0.129085 0.432303 0.121732 0.430171 0.116013
0 0.364072 0.111928 0.362473 0.115196 0.362473 0.129902 0.366205 0.146242 0.371002 0.157680 0.375267 0.164216 0.380597 0.167484 0.388593 0.166667 0.392857 0.163399 0.396055 0.158497 0.398188 0.151144 0.399254 0.126634 0.398188 0.123366 0.389126 0.115196 0.380064 0.111111 0.368337 0.109477
0 0.428571 0.181373 0.420576 0.158497 0.418977 0.158497 0.408316 0.170752 0.405117 0.169118 0.400320 0.162582 0.396055 0.162582 0.392857 0.165033 0.386994 0.175654 0.385928 0.189542 0.387527 0.192810 0.398188 0.200980 0.420576 0.200163 0.426972 0.189542
0 0.431770 0.140523 0.422708 0.157680 0.425906 0.171569 0.429638 0.180556 0.432836 0.184641 0.444030 0.186275 0.447761 0.183824 0.455757 0.171569 0.455757 0.156863 0.456823 0.154412 0.455757 0.141340 0.447228 0.138072 0.438699 0.138072
0 0.457356 0.156046 0.456290 0.165850 0.461087 0.177288 0.466418 0.184641 0.482409 0.196895 0.491471 0.195261 0.494136 0.186275 0.495203 0.174837 0.497868 0.164216 0.496802 0.151961 0.488273 0.146242 0.476013 0.146242 0.465352 0.147876
0 0.500533 0.159314 0.494670 0.183824 0.494670 0.192810 0.496269 0.196078 0.516525 0.204248 0.535181 0.205065 0.540512 0.200980 0.535181 0.183824 0.536247 0.177288 0.535181 0.170752 0.525053 0.158497 0.514925 0.149510 0.509595 0.148693 0.505330 0.151961
0 0.568763 0.156046 0.564499 0.151961 0.560235 0.151961 0.549574 0.158497 0.534115 0.175654 0.534115 0.187908 0.538380 0.194444 0.535181 0.198529 0.535181 0.200980 0.537313 0.203431 0.545309 0.205882 0.550107 0.200980 0.572495 0.190359 0.574094 0.185458 0.574627 0.175654 0.572495 0.164216
0 0.572495 0.121732 0.566098 0.110294 0.560235 0.110294 0.536780 0.143791 0.536780 0.153595 0.540512 0.156863 0.546908 0.157680 0.563966 0.150327 0.573028 0.135621 0.574094 0.127451
0 0.560235 0.053922 0.555970 0.068627 0.554904 0.077614 0.555970 0.084150 0.560768 0.091503 0.568230 0.098856 0.577825 0.104575 0.584222 0.103758 0.592217 0.080882 0.593817 0.070261 0.593284 0.062908 0.591151 0.059641 0.584755 0.056373 0.566631 0.053105
0 0.551173 0.000000 0.545842 0.018791 0.547441 0.030229 0.552772 0.037582 0.561301 0.044118 0.568763 0.045752 0.571429 0.043301 0.574627 0.037582 0.577292 0.027778 0.581557 0.000000
0 0.602878 0.000000 0.585821 0.000000 0.581023 0.021242 0.576759 0.030229 0.576226 0.045752 0.588486 0.053105 0.593817 0.053105 0.596482 0.050654 0.600746 0.028595
0 0.641258 0.059641 0.634328 0.038399 0.631663 0.036765 0.622601 0.038399 0.621535 0.040850 0.603412 0.055556 0.602345 0.062908 0.599147 0.067810 0.599147 0.070261 0.602345 0.075980 0.609275 0.081699 0.614072 0.083333 0.633795 0.083333 0.636994 0.081699 0.641258 0.075163
0 0.619936 0.096405 0.615672 0.089052 0.608209 0.081699 0.599147 0.080065 0.594350 0.086601 0.586887 0.103758 0.583689 0.119281 0.584222 0.133987 0.587420 0.136438 0.600746 0.135621 0.611940 0.129085 0.613539 0.125817 0.617271 0.123366 0.622068 0.116013 0.623134 0.111928 0.622601 0.104575
0 0.605544 0.164216 0.598614 0.158497 0.588486 0.153595 0.583689 0.153595 0.581023 0.157680 0.576226 0.176471 0.574094 0.196895 0.574094 0.206699 0.576226 0.217320 0.577825 0.219771 0.584222 0.219771 0.594350 0.208333 0.598614 0.200980 0.607676 0.177288 0.607676 0.169118
0 0.628998 0.164216 0.620469 0.156863 0.614072 0.156863 0.609275 0.161765 0.607676 0.166667 0.607676 0.177288 0.596482 0.203431 0.596482 0.212418 0.599147 0.218137 0.609275 0.218954 0.614606 0.216503 0.623134 0.209150 0.633262 0.196895 0.636461 0.188725 0.636461 0.180556 0.635394 0.175654
0 0.654584 0.077614 0.650853 0.075163 0.644989 0.077614 0.637527 0.091503 0.629531 0.116013 0.629531 0.129902 0.630597 0.134804 0.641258 0.135621 0.647655 0.126634 0.658316 0.125000 0.667910 0.111111 0.667910 0.099673 0.666844 0.096405
0 0.634328 0.014706 0.632729 0.019608 0.633795 0.032680 0.643923 0.059641 0.651919 0.071895 0.654584 0.072712 0.661514 0.069444 0.666844 0.056373 0.671642 0.050654 0.672175 0.038399 0.670043 0.031863 0.651919 0.013889 0.638060 0.013072
0 0.664179 0.067810 0.665778 0.081699 0.669510 0.093954 0.671642 0.096405 0.673774 0.102941 0.676439 0.103758 0.684968 0.098856 0.694563 0.088235 0.703092 0.069444 0.701493 0.062908 0.691365 0.055556 0.682836 0.053922 0.670043 0.053922 0.665778 0.058007
0 0.681237 0.102941 0.667377 0.116013 0.665778 0.120098 0.665778 0.124183 0.667377 0.125817 0.669510 0.134804 0.686034 0.163399 0.692964 0.169935 0.697761 0.170752 0.701493 0.165850 0.703092 0.159314 0.700426 0.145425 0.699893 0.127451 0.698294 0.116013 0.693497 0.102941 0.689765 0.100490
0 0.646588 0.128268 0.643923 0.133170 0.644456 0.151961 0.646588 0.165033 0.652452 0.180556 0.658849 0.191993 0.662047 0.194444 0.670043 0.194444 0.675373 0.191176 0.681237 0.183007 0.684968 0.174837 0.685501 0.165033 0.673241 0.142157 0.668443 0.136438 0.658849 0.129085
0 0.677505 0.196895 0.671109 0.194444 0.660448 0.196078 0.648721 0.200163 0.642324 0.205882 0.641791 0.215686 0.645522 0.231209 0.652452 0.244281 0.656716 0.247549 0.663113 0.247549 0.666311 0.245098 0.678038 0.226307 0.680171 0.216503 0.680704 0.204248
0 0.635928 0.245915 0.625267 0.230392 0.620469 0.229575 0.617271 0.232026 0.607143 0.245098 0.599147 0.259804 0.593817 0.276961 0.594350 0.290850 0.599680 0.294118 0.610341 0.292484 0.622601 0.285131 0.635928 0.272876 0.639126 0.263889 0.638593 0.254085
0 0.549041 0.223856 0.550107 0.230392 0.554371 0.236111 0.560235 0.251634 0.567164 0.261438 0.575693 0.269608 0.580490 0.269608 0.584222 0.267157 0.589552 0.260621 0.594350 0.249183 0.595949 0.237745 0.595416 0.231209 0.591684 0.223856 0.588486 0.221405 0.579424 0.223039 0.573561 0.218137 0.566098 0.217320 0.560235 0.218137
0 0.504264 0.216503 0.503731 0.224673 0.505864 0.243464 0.507463 0.248366 0.513326 0.256536 0.533582 0.249183 0.541578 0.241013 0.546375 0.230392 0.548507 0.219771 0.546908 0.212418 0.544776 0.209150 0.532516 0.205882 0.512260 0.205882 0.506397 0.210784
0 0.489872 0.198529 0.482409 0.205882 0.478678 0.218954 0.478678 0.240196 0.481343 0.253268 0.483475 0.257353 0.487740 0.258987 0.500000 0.258170 0.503731 0.254902 0.504797 0.249183 0.502665 0.212418 0.493070 0.199346
0 0.464819 0.221405 0.462154 0.223856 0.458422 0.236928 0.452559 0.245915 0.448294 0.264706 0.447228 0.279412 0.449360 0.289216 0.453625 0.294118 0.460554 0.296569 0.474414 0.297386 0.478678 0.294118 0.480810 0.289216 0.482409 0.275327 0.481343 0.257353 0.476013 0.233660 0.470682 0.222222
0 0.447228 0.235294 0.442431 0.234477 0.427505 0.245915 0.417377 0.259804 0.415245 0.266340 0.415778 0.273693 0.419510 0.281863 0.428038 0.290850 0.435501 0.294935 0.439765 0.294118 0.442964 0.290033 0.447761 0.278595 0.448827 0.260621 0.452026 0.250817 0.452026 0.245915
0 0.446162 0.191993 0.436567 0.187092 0.430704 0.187092 0.427505 0.189542 0.420576 0.203431 0.418443 0.212418 0.415778 0.217320 0.414712 0.232843 0.418977 0.241830 0.428038 0.243464 0.444030 0.232026 0.453092 0.219771 0.454691 0.213235 0.454158 0.206699
0 0.391258 0.200980 0.388593 0.204248 0.386461 0.224673 0.388593 0.236928 0.396588 0.257353 0.400853 0.261438 0.405650 0.261438 0.412047 0.255719 0.419510 0.244281 0.422708 0.241830 0.420043 0.236928 0.415778 0.235294 0.415778 0.218954 0.408849 0.207516 0.401386 0.202614
0 0.372601 0.169118 0.361407 0.174837 0.352345 0.184641 0.350213 0.189542 0.350213 0.195261 0.353412 0.206699 0.363006 0.221405 0.368870 0.233660 0.373134 0.236928 0.378465 0.237745 0.381130 0.241013 0.385394 0.236928 0.385928 0.229575 0.384328 0.223856 0.386461 0.211601 0.386461 0.197712 0.381130 0.175654 0.376866 0.169118
0 0.334755 0.241830 0.335821 0.250000 0.338486 0.255719 0.342217 0.260621 0.349147 0.263072 0.361407 0.263889 0.369403 0.267157 0.380064 0.260621 0.382196 0.254902 0.381130 0.247549 0.376866 0.238562 0.369403 0.235294 0.365139 0.227124 0.360874 0.223039 0.359808 0.218137 0.351812 0.212418 0.348614 0.212418 0.341151 0.220588
0 0.295309 0.223856 0.297441 0.240196 0.299574 0.244281 0.302772 0.245915 0.307569 0.245915 0.317697 0.240196 0.329957 0.236928 0.337953 0.228758 0.335821 0.212418 0.330490 0.205065 0.325693 0.203431 0.310235 0.203431 0.302239 0.208333 0.298507 0.213235
0 0.270256 0.198529 0.265458 0.208333 0.265991 0.219771 0.270256 0.229575 0.284648 0.252451 0.293710 0.255719 0.298507 0.254902 0.297974 0.242647 0.295842 0.236111 0.294776 0.224673 0.295309 0.219771 0.300107 0.208333 0.299041 0.201797 0.291045 0.198529 0.283582 0.191176 0.278785 0.191993
0 0.305437 0.249183 0.303838 0.254085 0.304371 0.265523 0.311301 0.276144 0.327292 0.291667 0.338486 0.294118 0.342217 0.290850 0.341151 0.272876 0.343284 0.267974 0.343284 0.264706 0.335821 0.251634 0.334222 0.242647 0.332090 0.238562 0.321429 0.238562 0.310235 0.243464
0 0.342217 0.272059 0.341684 0.281863 0.343284 0.298203 0.348081 0.307190 0.353945 0.311275 0.365672 0.312092 0.369936 0.310458 0.374733 0.306373 0.385928 0.288399 0.384861 0.279412 0.381663 0.274510 0.373134 0.267974 0.352878 0.263889 0.349680 0.264706
0 0.387527 0.290850 0.386994 0.310458 0.388060 0.313725 0.404051 0.340686 0.409915 0.344771 0.415778 0.344771 0.421642 0.339869 0.431770 0.318627 0.432836 0.307190 0.431237 0.301471 0.417377 0.290033 0.408849 0.286765 0.394456 0.286765
0 0.268124 0.289216 0.270789 0.307190 0.275053 0.312092 0.306503 0.308007 0.319296 0.296569 0.320896 0.292484 0.319829 0.286765 0.315032 0.283497 0.313433 0.277778 0.307036 0.271242 0.296375 0.264706 0.282516 0.263072 0.278785 0.265523 0.270256 0.280229
0 0.248401 0.208333 0.243070 0.219771 0.241471 0.227124 0.244670 0.248366 0.247868 0.258170 0.259062 0.276144 0.264392 0.277778 0.271322 0.274510 0.275586 0.266340 0.279851 0.263889 0.282516 0.256536 0.281983 0.249183 0.271322 0.232843 0.264392 0.214052 0.261727 0.209967 0.257463 0.207516
0 0.204158 0.230392 0.203625 0.238562 0.204691 0.243464 0.219083 0.245098 0.231876 0.249183 0.238806 0.257353 0.243603 0.257353 0.247335 0.254902 0.245203 0.248366 0.244670 0.241830 0.241471 0.234477 0.240405 0.224673 0.236674 0.218137 0.231876 0.214052 0.215352 0.212418 0.207889 0.221405
0 0.357143 0.325980 0.352345 0.329248 0.350746 0.332516 0.351279 0.338235 0.346482 0.366013 0.346482 0.375817 0.347548 0.382353 0.350213 0.387255 0.358742 0.393791 0.364606 0.393791 0.368870 0.388889 0.384328 0.358660 0.385928 0.352124 0.385928 0.343137 0.380597 0.334150 0.365672 0.325980
0 0.352345 0.330882 0.343284 0.331699 0.342217 0.335784 0.325693 0.345588 0.317164 0.356209 0.316098 0.361928 0.317164 0.374183 0.324627 0.387255 0.333156 0.392157 0.336354 0.392157 0.342751 0.387255 0.346482 0.380719 0.346482 0.363562 0.349680 0.348856 0.350213 0.339052 0.352878 0.333333
0 0.339019 0.301471 0.333689 0.295752 0.325693 0.293301 0.315565 0.302288 0.312367 0.307190 0.305437 0.311275 0.302239 0.317810 0.301173 0.330882 0.302239 0.338235 0.305970 0.344771 0.311834 0.346405 0.323028 0.345588 0.337420 0.336601 0.342751 0.327614 0.342751 0.316993
0 0.296908 0.346405 0.288913 0.360294 0.288380 0.370098 0.289446 0.381536 0.294243 0.402778 0.295309 0.404412 0.302772 0.405229 0.307036 0.402778 0.320896 0.386438 0.320896 0.383987 0.315565 0.370915 0.315565 0.360294 0.313966 0.354575 0.310235 0.349673 0.304904 0.346405
0 0.295309 0.311275 0.276119 0.312908 0.268657 0.320261 0.264925 0.329248 0.264925 0.340686 0.265991 0.345588 0.271855 0.355392 0.281450 0.362745 0.286780 0.361928 0.289446 0.358660 0.296375 0.343137 0.300107 0.325980 0.300107 0.319444 0.297441 0.312908
0 0.265991 0.281046 0.259062 0.281046 0.254264 0.284314 0.243603 0.294935 0.236674 0.307190 0.236674 0.321078 0.237740 0.325163 0.242537 0.334150 0.250533 0.340686 0.255864 0.341503 0.263326 0.335784 0.267591 0.321895 0.272388 0.314542 0.269190 0.303105 0.268124 0.292484 0.266525 0.290033 0.267058 0.282680
0 0.248401 0.260621 0.245203 0.258987 0.240405 0.260621 0.237207 0.270425 0.233475 0.276144 0.219616 0.290033 0.223348 0.294935 0.228678 0.307190 0.236141 0.307190 0.243603 0.294935 0.258529 0.280229 0.258529 0.276961
0 0.192964 0.258987 0.193497 0.271242 0.197761 0.285948 0.200426 0.290850 0.204691 0.294118 0.210021 0.294118 0.216951 0.290033 0.223881 0.290033 0.227612 0.284314 0.228678 0.278595 0.232409 0.278595 0.236141 0.272059 0.238273 0.261438 0.234009 0.252451 0.227612 0.248366 0.204158 0.245098 0.198294 0.248366
0 0.184968 0.245915 0.179638 0.248366 0.175373 0.254085 0.172708 0.261438 0.171642 0.275327 0.174840 0.297386 0.177505 0.299837 0.186567 0.301471 0.193497 0.296569 0.197761 0.289216 0.192964 0.266340 0.194030 0.257353 0.196162 0.254902 0.196162 0.248366
0 0.220682 0.292484 0.215352 0.291667 0.209488 0.294935 0.204691 0.294935 0.201493 0.291667 0.197228 0.292484 0.189765 0.299020 0.186034 0.304739 0.184968 0.316176 0.193497 0.332516 0.196162 0.334967 0.198827 0.334967 0.212154 0.323529 0.222814 0.308824 0.224414 0.299837
0 0.234542 0.313725 0.230810 0.310458 0.216418 0.312908 0.207889 0.321895 0.206290 0.326797 0.195629 0.330882 0.196162 0.342320 0.200959 0.355392 0.208422 0.363562 0.213220 0.361928 0.215352 0.358660 0.220682 0.339052 0.224947 0.334967 0.229744 0.333333 0.234542 0.326797
0 0.255864 0.348039 0.253198 0.342320 0.245203 0.335784 0.238806 0.332516 0.236141 0.329248 0.232409 0.330065 0.226546 0.334967 0.219083 0.345588 0.216418 0.356209 0.211620 0.364379 0.211087 0.369281 0.212687 0.374183 0.224414 0.379902 0.232942 0.381536 0.239872 0.379085 0.252132 0.368464 0.256397 0.357843
0 0.204691 0.362745 0.199360 0.354575 0.193497 0.336601 0.191365 0.334150 0.186034 0.334150 0.181237 0.337418 0.162047 0.357843 0.157249 0.366013 0.154584 0.380719 0.157783 0.387255 0.162047 0.388889 0.175906 0.389706 0.194030 0.382353 0.203092 0.374183 0.205224 0.368464
0 0.183369 0.311275 0.171642 0.298203 0.164712 0.297386 0.157783 0.301471 0.146588 0.319444 0.138060 0.345588 0.137527 0.352124 0.141258 0.362745 0.145522 0.365196 0.153518 0.364379 0.165245 0.354575 0.167377 0.350490 0.182303 0.336601 0.184435 0.333333 0.186034 0.326797
0 0.193497 0.404412 0.196162 0.417484 0.200959 0.423203 0.205757 0.424837 0.223881 0.417484 0.235075 0.410948 0.240938 0.402778 0.242004 0.397059 0.230810 0.383170 0.221215 0.381536 0.213220 0.376634 0.206823 0.375817 0.200959 0.378268 0.196695 0.383170
0 0.246802 0.415850 0.245203 0.414216 0.231876 0.412582 0.228145 0.415850 0.224414 0.415850 0.220149 0.420752 0.215352 0.420752 0.205224 0.427288 0.200426 0.434641 0.199893 0.437908 0.200959 0.455065 0.205757 0.464869 0.212687 0.470588 0.216951 0.470588 0.225480 0.466503 0.244670 0.439542
0 0.157783 0.444444 0.158316 0.452614 0.177505 0.478758 0.188166 0.484477 0.195096 0.484477 0.197761 0.482843 0.199893 0.478758 0.204158 0.464052 0.200959 0.457516 0.199360 0.450163 0.199893 0.438725 0.191898 0.420752 0.187633 0.418301 0.177505 0.419935 0.165245 0.431373
0 0.249467 0.372549 0.248934 0.388072 0.260128 0.405229 0.268124 0.412582 0.275053 0.415850 0.287313 0.416667 0.291045 0.414216 0.293177 0.405229 0.292111 0.396242 0.287313 0.376634 0.280917 0.364379 0.268124 0.352941 0.263859 0.353758 0.258529 0.357843
0 0.283582 0.425654 0.272921 0.415850 0.264392 0.416667 0.257463 0.421569 0.251066 0.433824 0.247868 0.444444 0.247335 0.458333 0.248401 0.465686 0.251066 0.468137 0.260661 0.466503 0.275053 0.455065 0.279851 0.443627 0.284115 0.428922
0 0.444030 0.330882 0.438166 0.339052 0.436034 0.351307 0.431770 0.361928 0.430171 0.371732 0.430171 0.385621 0.431770 0.392974 0.434968 0.397059 0.449360 0.398693 0.454158 0.397059 0.463220 0.389706 0.465885 0.383170 0.466418 0.374183 0.463220 0.358660 0.455757 0.338235 0.450959 0.332516
0 0.329957 0.584150 0.325693 0.583333 0.319296 0.588235 0.297974 0.613562 0.295842 0.622549 0.296375 0.629085 0.305970 0.644608 0.314499 0.649510 0.319296 0.648693 0.326759 0.639706 0.332623 0.627451 0.336887 0.611111 0.336354 0.591503
0 0.189232 0.486111 0.183902 0.493464 0.180171 0.502451 0.179638 0.535131 0.181237 0.543301 0.185501 0.551471 0.194030 0.552288 0.204691 0.548203 0.212687 0.539216 0.215352 0.531863 0.215352 0.522876 0.210554 0.507353 0.201493 0.490196 0.197228 0.486928
0 0.144989 0.516340 0.143923 0.524510 0.146055 0.531046 0.163113 0.560458 0.170043 0.568627 0.179638 0.571895 0.182303 0.569444 0.184968 0.560458 0.185501 0.553105 0.180171 0.536765 0.179638 0.504085 0.173774 0.496732 0.167377 0.497549 0.154051 0.506536
0 0.249467 0.491013 0.249467 0.479575 0.245736 0.469771 0.240938 0.467320 0.210554 0.471405 0.202559 0.475490 0.199893 0.479575 0.200426 0.486111 0.205224 0.493464 0.210021 0.504902 0.226546 0.515523 0.232942 0.516340 0.241471 0.512255 0.244670 0.508170
0 0.254797 0.513889 0.240405 0.513889 0.230277 0.521242 0.226546 0.529412 0.227079 0.543301 0.234009 0.571895 0.239872 0.583333 0.244670 0.584150 0.253198 0.579248 0.252665 0.553105 0.259062 0.536765 0.258529 0.520425
0 0.226546 0.549837 0.221215 0.549837 0.209488 0.553922 0.200426 0.560458 0.196695 0.566176 0.197228 0.577614 0.207889 0.611111 0.216418 0.621732 0.221748 0.621732 0.223348 0.620098 0.230277 0.596405 0.233475 0.570261 0.228145 0.551471
0 0.200426 0.607843 0.193497 0.598039 0.190299 0.596405 0.184435 0.596405 0.177505 0.600490 0.170043 0.613562 0.163113 0.630719 0.158849 0.652778 0.159382 0.659314 0.161514 0.661765 0.170043 0.662582 0.190299 0.647876 0.198294 0.639706 0.202559 0.632353 0.204691 0.620915
0 0.212687 0.655229 0.211087 0.650327 0.206290 0.643791 0.202026 0.641340 0.197228 0.642157 0.171642 0.661765 0.168443 0.669118 0.164179 0.674020 0.163646 0.680556 0.166844 0.687092 0.174840 0.692810 0.190299 0.696078 0.201493 0.695261 0.207356 0.691176 0.212154 0.681373 0.213753 0.669118
0 0.254797 0.582516 0.250533 0.581699 0.240938 0.584967 0.230277 0.598039 0.223348 0.621732 0.223348 0.627451 0.224947 0.632353 0.239872 0.643791 0.245203 0.643791 0.255330 0.632353 0.259062 0.619281 0.260661 0.599673 0.257463 0.586601
0 0.265458 0.536765 0.260128 0.538399 0.254797 0.544935 0.252665 0.553922 0.253731 0.578431 0.257996 0.587418 0.261727 0.602941 0.263326 0.605392 0.268124 0.605392 0.272921 0.602941 0.275586 0.598856 0.285714 0.566176 0.286780 0.558007 0.285181 0.553922 0.276119 0.545752 0.271322 0.537582
0 0.296375 0.484477 0.294243 0.484477 0.280917 0.503268 0.271322 0.524510 0.270789 0.528595 0.271322 0.537582 0.278252 0.548203 0.289446 0.555556 0.294776 0.551471 0.307569 0.513072 0.307036 0.500817
0 0.336354 0.451797 0.329424 0.451797 0.321962 0.449346 0.311301 0.451797 0.302772 0.458333 0.298507 0.464052 0.296908 0.469771 0.296908 0.482026 0.302239 0.494281 0.308635 0.500000 0.315565 0.499183 0.325693 0.485294 0.330490 0.482026 0.332090 0.469771 0.336887 0.458333
0 0.303305 0.427288 0.294776 0.422386 0.290512 0.422386 0.286247 0.426471 0.276652 0.455882 0.277186 0.470588 0.278785 0.473039 0.284648 0.473039 0.292644 0.469771 0.296375 0.466503 0.300107 0.458333 0.305437 0.454248 0.306503 0.440359 0.304904 0.429739
0 0.321962 0.388072 0.302772 0.409314 0.302772 0.418301 0.307036 0.425654 0.316098 0.435458 0.325160 0.448529 0.329424 0.450980 0.334755 0.450163 0.340618 0.440359 0.338486 0.396242 0.335288 0.392157
0 0.345416 0.385621 0.341684 0.388072 0.339019 0.392974 0.339019 0.420752 0.343284 0.441993 0.345416 0.445261 0.350746 0.445261 0.359275 0.437908 0.366738 0.422386 0.369936 0.409314 0.369936 0.396242 0.368870 0.394608 0.358209 0.393791
0 0.403518 0.379902 0.396588 0.373366 0.391258 0.370915 0.380064 0.371732 0.374200 0.379902 0.371002 0.392157 0.369403 0.424020 0.373134 0.432190 0.376333 0.434641 0.381663 0.434641 0.386994 0.432190 0.402985 0.408497 0.407783 0.393791 0.407249 0.385621
0 0.395522 0.417484 0.389659 0.427288 0.388060 0.433007 0.388593 0.441176 0.401386 0.459150 0.414712 0.473039 0.422175 0.474673 0.428571 0.473856 0.431237 0.464869 0.431237 0.455882 0.429104 0.441176 0.425373 0.428105 0.417377 0.410948 0.413646 0.407680 0.406716 0.408497
0 0.421642 0.477124 0.413113 0.475490 0.407783 0.477124 0.399254 0.486111 0.390192 0.499183 0.384328 0.511438 0.384328 0.519608 0.391258 0.530229 0.394989 0.532680 0.400853 0.532680 0.408316 0.524510 0.420576 0.498366 0.423241 0.482843
0 0.386461 0.445261 0.380597 0.445261 0.377932 0.448529 0.370469 0.464052 0.365139 0.479575 0.359808 0.501634 0.366205 0.512255 0.373134 0.514706 0.382729 0.513889 0.396055 0.488562 0.393390 0.458333 0.390725 0.450163
0 0.373134 0.437092 0.368337 0.436275 0.365139 0.438725 0.358742 0.439542 0.344883 0.450163 0.334755 0.464052 0.333156 0.476307 0.336354 0.486111 0.340085 0.492647 0.344350 0.497549 0.351812 0.501634 0.357143 0.501634 0.359808 0.499183 0.370469 0.463235 0.373667 0.457516 0.375267 0.446078
0 0.343817 0.498366 0.334755 0.486111 0.328891 0.485294 0.325693 0.486928 0.313966 0.504085 0.308635 0.518791 0.305437 0.522876 0.302239 0.535131 0.302772 0.538399 0.305437 0.543301 0.308102 0.544935 0.318763 0.545752 0.343284 0.530229 0.347548 0.524510 0.348614 0.519608 0.347548 0.508987
0 0.302239 0.533497 0.293710 0.553105 0.293177 0.561275 0.295842 0.569444 0.302239 0.580882 0.307569 0.583333 0.316631 0.580065 0.318230 0.578431 0.318230 0.574346 0.315565 0.558824 0.318230 0.547386 0.306503 0.544118 0.304904 0.541667 0.303305 0.533497
0 0.353945 0.538399 0.351279 0.534314 0.345416 0.531046 0.341151 0.531863 0.321429 0.543301 0.317164 0.549020 0.315565 0.557190 0.315565 0.562908 0.317697 0.572712 0.334222 0.587418 0.344883 0.588235 0.348081 0.586601 0.350746 0.582516 0.355011 0.567810 0.355544 0.544118
0 0.315565 0.584150 0.314499 0.582516 0.306503 0.582516 0.303305 0.580065 0.300640 0.571895 0.297441 0.569444 0.293177 0.560458 0.291045 0.560458 0.285181 0.570261 0.280384 0.583333 0.278785 0.593137 0.275586 0.601307 0.276119 0.607843 0.278785 0.611928 0.285714 0.614379 0.299041 0.609477 0.316098 0.589869
0 0.274520 0.611111 0.271322 0.612745 0.263859 0.623366 0.262793 0.627451 0.262793 0.640523 0.267591 0.661765 0.270789 0.668301 0.276119 0.673203 0.283049 0.669935 0.289979 0.663399 0.297974 0.651961 0.300640 0.642157 0.293177 0.620915 0.287846 0.616013 0.283582 0.616013
0 0.366205 0.579248 0.352878 0.589052 0.342751 0.605392 0.336354 0.623366 0.337420 0.630719 0.340618 0.636438 0.351279 0.644608 0.356077 0.646242 0.363006 0.645425 0.368870 0.638072 0.372068 0.624183 0.374200 0.620098 0.374200 0.611928 0.371535 0.604575 0.369936 0.583333
0 0.395522 0.535948 0.389659 0.529412 0.382196 0.517157 0.377399 0.517974 0.371002 0.525327 0.358209 0.546569 0.356610 0.552288 0.356077 0.568627 0.361407 0.573529 0.367271 0.573529 0.388593 0.566993 0.392857 0.547386 0.394989 0.542484
0 0.431237 0.526144 0.424307 0.517157 0.417910 0.516340 0.402452 0.531863 0.393390 0.546569 0.389659 0.562908 0.390192 0.573529 0.395522 0.577614 0.401919 0.577614 0.418443 0.566176 0.423774 0.560458 0.432836 0.547386 0.433902 0.535131
0 0.380597 0.570261 0.375267 0.573529 0.371535 0.586601 0.371535 0.598856 0.375800 0.619281 0.380064 0.625000 0.384861 0.625000 0.406183 0.598856 0.407783 0.589052 0.404584 0.580065 0.393390 0.576797 0.388593 0.570261
0 0.421642 0.602124 0.420043 0.599673 0.409915 0.599673 0.404051 0.602124 0.396588 0.608660 0.380597 0.629085 0.379531 0.640523 0.381663 0.647059 0.388060 0.654412 0.396055 0.656863 0.401386 0.655229 0.407783 0.650327 0.415245 0.636438 0.421109 0.620915
0 0.396055 0.660131 0.393390 0.656863 0.384861 0.651961 0.381130 0.644608 0.376333 0.645425 0.363006 0.665033 0.354478 0.683824 0.354478 0.691993 0.356610 0.703431 0.363539 0.707516 0.375267 0.705065 0.383262 0.700163 0.393923 0.689542 0.398721 0.678922 0.398721 0.669935
0 0.338486 0.635621 0.334222 0.638072 0.331023 0.642974 0.321962 0.681373 0.321962 0.695261 0.324094 0.699346 0.325693 0.707516 0.328891 0.710784 0.334222 0.709967 0.339019 0.705065 0.345416 0.694444 0.351812 0.687092 0.356610 0.678105 0.360874 0.665033 0.361407 0.655229 0.359275 0.650327 0.349147 0.645425
0 0.325693 0.654412 0.322495 0.649510 0.314499 0.650327 0.306503 0.647876 0.296908 0.654412 0.283049 0.671569 0.278785 0.673203 0.277186 0.678922 0.278785 0.684641 0.283582 0.687908 0.287313 0.694444 0.304371 0.699346 0.320896 0.698529 0.321962 0.680556 0.324627 0.668301
0 0.465885 0.461601 0.463220 0.457516 0.458955 0.455065 0.453625 0.457516 0.441365 0.468954 0.429104 0.486928 0.427505 0.491830 0.428038 0.500000 0.432303 0.504902 0.439765 0.505719 0.448294 0.504085 0.456290 0.499183 0.463753 0.489379 0.468017 0.476307 0.468017 0.468954
0 0.443497 0.421569 0.443497 0.436275 0.446695 0.441993 0.468550 0.448529 0.475480 0.448529 0.485608 0.440359 0.485608 0.433824 0.481343 0.420752 0.466951 0.397876 0.462154 0.393791 0.457889 0.393791 0.453625 0.397059 0.447228 0.409314
0 0.512260 0.446078 0.503198 0.437092 0.492004 0.438725 0.478678 0.446078 0.472814 0.455065 0.470682 0.463235 0.471748 0.475490 0.474414 0.483660 0.482409 0.493464 0.487740 0.491830 0.498401 0.475490 0.509595 0.466503 0.512260 0.457516
0 0.507996 0.472222 0.505330 0.470588 0.499467 0.473856 0.482409 0.496732 0.475480 0.510621 0.471215 0.524510 0.470682 0.531046 0.472814 0.535948 0.479211 0.541667 0.497335 0.543301 0.502665 0.536765 0.506930 0.526144 0.507996 0.505719 0.510661 0.490196
0 0.469083 0.497549 0.465885 0.491830 0.462687 0.490196 0.456823 0.499183 0.441365 0.507353 0.431770 0.515523 0.430704 0.519608 0.432836 0.525327 0.436567 0.529412 0.442964 0.531863 0.452559 0.530229 0.460554 0.524510 0.465885 0.517974 0.469616 0.507353
0 0.468017 0.516340 0.466418 0.516340 0.460554 0.524510 0.451493 0.530229 0.439765 0.535131 0.435501 0.531863 0.434435 0.549020 0.439765 0.562908 0.446695 0.573529 0.451493 0.574346 0.454691 0.572712 0.464819 0.558824 0.469616 0.537582 0.469616 0.520425
0 0.470149 0.539216 0.465352 0.558007 0.465885 0.566993 0.469083 0.577614 0.481876 0.595588 0.488273 0.594771 0.494670 0.589869 0.500533 0.578431 0.505330 0.560458 0.502665 0.549020 0.498934 0.544118 0.486674 0.541667 0.480277 0.542484
0 0.462687 0.565359 0.449893 0.575980 0.446162 0.581699 0.445096 0.590686 0.448294 0.598856 0.455757 0.607026 0.466951 0.623366 0.470149 0.625000 0.474414 0.624183 0.478678 0.619281 0.483475 0.608660 0.482942 0.599673 0.470682 0.580065 0.466951 0.569444
0 0.434968 0.607843 0.431237 0.617647 0.431770 0.623366 0.437100 0.625000 0.458422 0.651961 0.464286 0.651961 0.469616 0.649510 0.471215 0.638889 0.469616 0.626634 0.452026 0.602124 0.448294 0.599673 0.444030 0.599673
0 0.431237 0.619281 0.429104 0.629902 0.429104 0.639706 0.433369 0.655229 0.437633 0.680556 0.442431 0.690359 0.450959 0.690359 0.459488 0.682190 0.468017 0.668301 0.468550 0.660948 0.466951 0.653595 0.458955 0.651144 0.453625 0.645425 0.448294 0.636438 0.440832 0.631536 0.439232 0.625817 0.436034 0.620915
0 0.419510 0.633170 0.414179 0.638072 0.409915 0.649510 0.407249 0.669935 0.407249 0.692810 0.408316 0.698529 0.410448 0.701797 0.417377 0.705065 0.423241 0.705065 0.429638 0.702614 0.439232 0.692810 0.439765 0.684641 0.436034 0.673203 0.432303 0.650327 0.427505 0.640523
0 0.432836 0.549837 0.430171 0.550654 0.419510 0.564542 0.408316 0.572712 0.406183 0.576797 0.409915 0.590686 0.415245 0.598039 0.422175 0.602124 0.422708 0.613562 0.425373 0.615196 0.432303 0.615196 0.440832 0.597222 0.441898 0.573529 0.438166 0.558007
0 0.176972 0.695261 0.168443 0.703431 0.165778 0.709150 0.165778 0.724673 0.175906 0.760621 0.181237 0.767157 0.189765 0.769608 0.192431 0.766340 0.198827 0.751634 0.198827 0.736928 0.200959 0.727941 0.201493 0.718954 0.200959 0.702614 0.197228 0.696895
0 0.214286 0.706699 0.206823 0.717320 0.200426 0.732026 0.199360 0.741830 0.200959 0.749183 0.206290 0.754902 0.214286 0.759804 0.237207 0.766340 0.245736 0.754902 0.246802 0.751634 0.245736 0.745098 0.237207 0.734477 0.228145 0.707516 0.226013 0.704248 0.220149 0.703431
0 0.242004 0.678922 0.236141 0.682190 0.228145 0.691993 0.226013 0.696078 0.226013 0.703431 0.238273 0.736928 0.247868 0.748366 0.252132 0.750000 0.258529 0.745915 0.256397 0.724673 0.256397 0.702614 0.260661 0.685458 0.259062 0.680556 0.256397 0.678105
0 0.275586 0.682190 0.265991 0.683007 0.261727 0.685458 0.257996 0.691993 0.256397 0.698529 0.255864 0.721405 0.256930 0.736111 0.258529 0.741013 0.266525 0.754085 0.271855 0.754085 0.278252 0.747549 0.283582 0.732843 0.288913 0.704248 0.288913 0.699346 0.287313 0.694444
0 0.284115 0.750817 0.274520 0.752451 0.268124 0.755719 0.261727 0.761438 0.260128 0.767157 0.263326 0.794118 0.270256 0.817810 0.278785 0.827614 0.282516 0.823529 0.284115 0.816176 0.288913 0.808007 0.289979 0.803105 0.288913 0.790033 0.289446 0.756536 0.287846 0.753268
0 0.260128 0.750000 0.255864 0.748366 0.251066 0.750817 0.243603 0.758170 0.235075 0.769608 0.227612 0.785131 0.222814 0.801471 0.222814 0.811275 0.228678 0.820261 0.242537 0.826797 0.248934 0.825980 0.251599 0.822712 0.262260 0.794118 0.259595 0.772059 0.259595 0.766340 0.262260 0.755719
0 0.208955 0.760621 0.195629 0.768791 0.192964 0.775327 0.193497 0.790033 0.195629 0.801471 0.204158 0.821895 0.215885 0.823529 0.218550 0.821895 0.222281 0.815359 0.222281 0.805556 0.227612 0.781863 0.228145 0.768791 0.226546 0.764706 0.221748 0.762255
0 0.191898 0.772059 0.180704 0.767157 0.172175 0.755719 0.165778 0.754902 0.153518 0.758170 0.148188 0.764706 0.145522 0.776144 0.145522 0.790850 0.147122 0.801471 0.150853 0.808824 0.154051 0.809641 0.162047 0.808007 0.170576 0.803105 0.191898 0.787582
0 0.176439 0.808007 0.169510 0.805556 0.151919 0.810458 0.146055 0.815359 0.143923 0.819444 0.142324 0.830065 0.144456 0.852941 0.146055 0.859477 0.152452 0.871732 0.159915 0.873366 0.165778 0.872549 0.175373 0.859477 0.176972 0.853758 0.179638 0.829248 0.179104 0.816176
0 0.184968 0.818627 0.180171 0.823529 0.176972 0.848039 0.181237 0.870915 0.183369 0.877451 0.187100 0.879902 0.194030 0.878268 0.203625 0.870915 0.210554 0.861111 0.211087 0.857026 0.209488 0.844771 0.196695 0.823529 0.191898 0.820261
0 0.223348 0.825163 0.213753 0.838235 0.211087 0.845588 0.211620 0.854575 0.213220 0.859477 0.216951 0.865196 0.233475 0.882353 0.240938 0.881536 0.247335 0.877451 0.247868 0.870098 0.245736 0.862745 0.245736 0.838235 0.243603 0.829248 0.229744 0.821895
0 0.263859 0.803105 0.259595 0.803105 0.250000 0.825980 0.246802 0.841503 0.245736 0.862745 0.248401 0.873366 0.251066 0.875817 0.261194 0.875817 0.270789 0.871732 0.277719 0.866013 0.280384 0.858660 0.280917 0.846405 0.278785 0.831699 0.275053 0.823529 0.268657 0.816176
0 0.329424 0.799837 0.327292 0.798203 0.320896 0.798203 0.305970 0.804739 0.293710 0.804739 0.288380 0.810458 0.285181 0.816993 0.284648 0.825163 0.286780 0.835784 0.294776 0.847222 0.302239 0.849673 0.317697 0.848856 0.326759 0.842320 0.332090 0.835784 0.333156 0.830065 0.331023 0.820261 0.330490 0.803105
0 0.311834 0.726307 0.306503 0.726307 0.297974 0.735294 0.294776 0.740196 0.290512 0.756536 0.289979 0.787582 0.290512 0.794118 0.294776 0.803922 0.301706 0.804739 0.313433 0.801471 0.318763 0.797386 0.324094 0.788399 0.323561 0.775327 0.320362 0.756536 0.319296 0.732843
0 0.326226 0.721405 0.323028 0.730392 0.320362 0.733660 0.320362 0.750000 0.325693 0.786765 0.329424 0.796569 0.333156 0.796569 0.345416 0.789216 0.351812 0.781863 0.355011 0.775327 0.355011 0.768791 0.353945 0.764706 0.348081 0.761438 0.343817 0.754902 0.335288 0.727941 0.329957 0.721405
0 0.380597 0.709150 0.376333 0.706699 0.367804 0.708333 0.360341 0.707516 0.349680 0.712418 0.344883 0.716503 0.339019 0.730392 0.339552 0.739379 0.344350 0.754085 0.348614 0.760621 0.356077 0.763889 0.361940 0.761438 0.367804 0.755719 0.380064 0.733660 0.381130 0.719771
0 0.385928 0.697712 0.383795 0.702614 0.381130 0.717320 0.381130 0.732843 0.385394 0.741830 0.396055 0.746732 0.412580 0.745915 0.419510 0.742647 0.425373 0.733660 0.426439 0.722222 0.425373 0.714869 0.418977 0.705882 0.410448 0.701797 0.406183 0.695261 0.397122 0.691176 0.392324 0.691176
0 0.410981 0.756536 0.404051 0.752451 0.391258 0.748366 0.377932 0.749183 0.368870 0.754085 0.365672 0.761438 0.364606 0.772059 0.365139 0.783497 0.368870 0.798203 0.371002 0.799837 0.380597 0.799837 0.391791 0.794935 0.401386 0.788399 0.409915 0.774510
0 0.362473 0.776144 0.355011 0.777778 0.348081 0.786765 0.336887 0.797386 0.331557 0.807190 0.331023 0.815359 0.332623 0.824346 0.337420 0.832516 0.344350 0.839052 0.353945 0.839869 0.358209 0.836601 0.361407 0.830882 0.368337 0.811275 0.369403 0.799020 0.365139 0.780229
0 0.410448 0.782680 0.412047 0.788399 0.417910 0.794118 0.425906 0.794118 0.439765 0.789216 0.444563 0.785948 0.451493 0.776144 0.456290 0.772876 0.457889 0.770425 0.457889 0.763072 0.452559 0.753268 0.442964 0.745915 0.428571 0.741830 0.419510 0.742647 0.414179 0.749183 0.411514 0.758170
0 0.451493 0.776144 0.440299 0.794935 0.437100 0.805556 0.437633 0.815359 0.442964 0.821895 0.460021 0.833333 0.466951 0.839869 0.478145 0.839052 0.480810 0.831699 0.479744 0.805556 0.472814 0.794935 0.471748 0.785948 0.465352 0.776144 0.459488 0.772059
0 0.438699 0.694444 0.433369 0.700163 0.430171 0.707516 0.430171 0.715686 0.433369 0.727941 0.440299 0.742647 0.445629 0.748366 0.455757 0.753268 0.461620 0.752451 0.463220 0.748366 0.464286 0.737745 0.461087 0.725490 0.457889 0.693627 0.454158 0.689542 0.443497 0.691176
0 0.469616 0.672386 0.461620 0.678922 0.459488 0.695261 0.459488 0.716503 0.462687 0.733660 0.465352 0.737745 0.474947 0.745098 0.479211 0.739379 0.481876 0.730392 0.487740 0.718954 0.491471 0.704248 0.490405 0.684641 0.488806 0.679739
0 0.473881 0.785131 0.473348 0.794118 0.474414 0.798203 0.485075 0.806373 0.493603 0.809641 0.505864 0.811275 0.512793 0.809641 0.517058 0.805556 0.517591 0.799020 0.513859 0.779412 0.499467 0.774510 0.492537 0.769608 0.486141 0.762255 0.481876 0.763072 0.476546 0.775327
0 0.493603 0.714052 0.484009 0.727124 0.480810 0.738562 0.481343 0.752451 0.484542 0.760621 0.493070 0.770425 0.500533 0.775327 0.512260 0.776144 0.514925 0.770425 0.515991 0.756536 0.515458 0.742647 0.512260 0.727124 0.508529 0.719771 0.501066 0.713235 0.496802 0.712418
0 0.526119 0.654412 0.520256 0.654412 0.512793 0.658497 0.492004 0.685458 0.491471 0.691993 0.493070 0.697712 0.501599 0.713235 0.508529 0.719771 0.512260 0.719771 0.517058 0.715686 0.530384 0.687908 0.532516 0.679739 0.532516 0.669935 0.530917 0.660948
0 0.491471 0.603758 0.489339 0.603758 0.484542 0.607843 0.481343 0.617647 0.476546 0.621732 0.473348 0.631536 0.469616 0.651961 0.469083 0.661765 0.471215 0.669118 0.473881 0.672386 0.485075 0.677288 0.491471 0.677288 0.498401 0.674020 0.501599 0.668301 0.502132 0.653595 0.500533 0.645425 0.500533 0.618464 0.496802 0.610294
0 0.501066 0.625000 0.500000 0.631536 0.500533 0.646242 0.502132 0.651144 0.509062 0.655229 0.517591 0.654412 0.531983 0.649510 0.538380 0.644608 0.536780 0.637255 0.537313 0.616013 0.534115 0.611111 0.523454 0.612745 0.509595 0.608660 0.504797 0.613562
0 0.505864 0.562092 0.498934 0.584150 0.501599 0.594771 0.510128 0.607843 0.520256 0.611111 0.531450 0.610294 0.538380 0.602124 0.540512 0.594771 0.538380 0.582516 0.535181 0.575163 0.530384 0.571078 0.521855 0.567810 0.513859 0.559641 0.509595 0.558824
0 0.545309 0.535948 0.540512 0.547386 0.539446 0.553922 0.538913 0.580882 0.542111 0.596405 0.548507 0.602124 0.555970 0.602124 0.568230 0.595588 0.573561 0.585784 0.572495 0.565359 0.568763 0.550654 0.563966 0.540033 0.558102 0.535131
0 0.539446 0.613562 0.537846 0.620098 0.537313 0.638889 0.545309 0.657680 0.556503 0.673203 0.565565 0.675654 0.570896 0.671569 0.579957 0.656046 0.581557 0.640523 0.579424 0.633170 0.573561 0.625817 0.557569 0.613562
0 0.592217 0.582516 0.587953 0.583333 0.583689 0.588235 0.579424 0.602941 0.580490 0.633170 0.590085 0.643791 0.595416 0.642157 0.602345 0.631536 0.607143 0.620098 0.609808 0.609477 0.609275 0.598039 0.600746 0.586601
0 0.599680 0.567810 0.599147 0.577614 0.601279 0.584150 0.609275 0.596405 0.612473 0.610294 0.617271 0.617647 0.623667 0.618464 0.627932 0.615196 0.640192 0.590686 0.641258 0.584967 0.640192 0.579248 0.628998 0.566993 0.607676 0.565359 0.603945 0.567810
0 0.598081 0.533497 0.596482 0.544118 0.597548 0.558007 0.599680 0.567810 0.602878 0.565359 0.623667 0.566993 0.636461 0.559641 0.634861 0.549837 0.615139 0.521242 0.608209 0.520425 0.604478 0.522059 0.600746 0.526144
0 0.647655 0.541667 0.642324 0.546569 0.640192 0.551471 0.641258 0.559641 0.640725 0.566993 0.644456 0.577614 0.644989 0.583333 0.652452 0.593954 0.662047 0.593954 0.667377 0.589052 0.672708 0.578431 0.675373 0.568627 0.674840 0.557190 0.666844 0.550654 0.654051 0.544935 0.651386 0.541667
0 0.670576 0.585784 0.659915 0.593137 0.650853 0.592320 0.646588 0.585784 0.642857 0.588235 0.641258 0.595588 0.642324 0.612745 0.644989 0.627451 0.649254 0.635621 0.657783 0.635621 0.668977 0.624183 0.675373 0.611928 0.676439 0.598039 0.674307 0.591503
0 0.630597 0.632353 0.627932 0.638889 0.626333 0.653595 0.626866 0.669118 0.628465 0.674020 0.631663 0.676471 0.641258 0.676471 0.652985 0.671569 0.660448 0.651144 0.660448 0.642974 0.658849 0.639706 0.655650 0.637255 0.650320 0.637255 0.641791 0.629902 0.633262 0.629902
0 0.677505 0.633987 0.673774 0.633170 0.670043 0.636438 0.665778 0.643791 0.662580 0.645425 0.653518 0.669935 0.650853 0.683007 0.650853 0.691993 0.659382 0.700163 0.665778 0.702614 0.673241 0.702614 0.676439 0.698529 0.676439 0.691993 0.673774 0.685458 0.673241 0.675654 0.678038 0.657680 0.681770 0.650327 0.682303 0.645425
0 0.695629 0.634804 0.693497 0.633987 0.687633 0.638889 0.682303 0.647059 0.675906 0.663399 0.672708 0.680556 0.674840 0.689542 0.678038 0.694444 0.698294 0.697712 0.701493 0.696078 0.708422 0.685458 0.709488 0.677288 0.708955 0.656863 0.703092 0.643791
0 0.716418 0.596405 0.710554 0.598856 0.702559 0.607026 0.698827 0.616013 0.697761 0.629902 0.708955 0.657680 0.715885 0.664216 0.718017 0.664216 0.719083 0.662582 0.720149 0.629085 0.724947 0.615196 0.725480 0.606209 0.721748 0.598039
0 0.731343 0.602124 0.727079 0.607026 0.722814 0.620098 0.718550 0.644608 0.720362 0.667565 0.725320 0.673284 0.734009 0.664216 0.740405 0.659314 0.747335 0.649510 0.753198 0.635621 0.753731 0.622549 0.745736 0.609477 0.736674 0.602941
0 0.764392 0.642157 0.761194 0.637255 0.754797 0.637255 0.744670 0.652778 0.736674 0.662582 0.727079 0.670752 0.725480 0.674020 0.732942 0.675654 0.739872 0.679739 0.751599 0.678922 0.759595 0.674020 0.763326 0.668301 0.765458 0.660948
0 0.720682 0.669118 0.714286 0.665850 0.709488 0.666667 0.709488 0.678922 0.707889 0.684641 0.700426 0.695261 0.697761 0.696895 0.682303 0.692810 0.679104 0.694444 0.680171 0.709150 0.684435 0.720588 0.691365 0.729575 0.698294 0.730392 0.706290 0.720588 0.715885 0.694444 0.721215 0.687092 0.722814 0.682190 0.722814 0.672386
0 0.726013 0.688725 0.720149 0.693627 0.716418 0.694444 0.712687 0.702614 0.706823 0.721405 0.705224 0.740196 0.706823 0.745098 0.711620 0.751634 0.723348 0.755719 0.729744 0.755719 0.733475 0.752451 0.737740 0.745098 0.738806 0.712418 0.737740 0.702614 0.734542 0.692810 0.730810 0.688725
0 0.545309 0.683824 0.540512 0.684641 0.536247 0.689542 0.530917 0.703431 0.527186 0.720588 0.528252 0.732026 0.537313 0.742647 0.547974 0.741013 0.557036 0.732843 0.562900 0.723039 0.562900 0.716503 0.556503 0.709967 0.554371 0.701797 0.551706 0.697712 0.550107 0.687092
0 0.552772 0.678922 0.550107 0.690359 0.550640 0.697712 0.555437 0.709967 0.560768 0.716503 0.567697 0.718137 0.582090 0.716503 0.586354 0.710784 0.586887 0.689542 0.585288 0.684641 0.577292 0.678922 0.569829 0.676471 0.564499 0.677288 0.556503 0.674837
0 0.608742 0.668301 0.599680 0.668301 0.596482 0.670752 0.589552 0.683824 0.586887 0.698529 0.587953 0.715686 0.595416 0.739379 0.603412 0.741830 0.607676 0.740196 0.609275 0.727941 0.614072 0.715686 0.616205 0.699346 0.615672 0.678105 0.614072 0.673203
0 0.634861 0.684641 0.630064 0.683007 0.623134 0.685458 0.617804 0.696078 0.613006 0.727124 0.615139 0.746732 0.617804 0.751634 0.622601 0.751634 0.623667 0.749183 0.627399 0.748366 0.633262 0.741830 0.641791 0.727124 0.648721 0.709967 0.646588 0.696895
0 0.643390 0.723856 0.643390 0.732843 0.647655 0.741013 0.661514 0.747549 0.671642 0.748366 0.678038 0.746732 0.681237 0.742647 0.684435 0.733660 0.684435 0.724673 0.680704 0.710784 0.678038 0.705065 0.674840 0.703431 0.657783 0.701797 0.652452 0.705882
0 0.632196 0.743464 0.627932 0.750817 0.628465 0.764706 0.636461 0.781046 0.643390 0.791667 0.648721 0.796569 0.653518 0.796569 0.660448 0.789216 0.666311 0.769608 0.666311 0.754902 0.662580 0.750000 0.650853 0.743464 0.639659 0.741830
0 0.616738 0.772059 0.608742 0.790850 0.607143 0.798203 0.608209 0.808824 0.615672 0.816176 0.634328 0.828431 0.639659 0.829248 0.645522 0.824346 0.647655 0.821078 0.649254 0.812908 0.647122 0.796569 0.628998 0.767974 0.622601 0.767157
0 0.607143 0.748366 0.597015 0.747549 0.592751 0.750000 0.585821 0.766340 0.585288 0.781863 0.587420 0.803105 0.590085 0.812092 0.595416 0.819444 0.599680 0.816176 0.602878 0.806373 0.606077 0.802288 0.615672 0.769608 0.615139 0.756536 0.611940 0.751634
0 0.587953 0.718954 0.584222 0.716503 0.567697 0.718137 0.562900 0.724673 0.556503 0.754085 0.556503 0.760621 0.562367 0.772059 0.570896 0.776144 0.579957 0.772059 0.586354 0.763072 0.592751 0.750000 0.594350 0.744281 0.594350 0.737745 0.590618 0.723039
0 0.556503 0.756536 0.551173 0.771242 0.549041 0.781046 0.549041 0.794935 0.552772 0.799837 0.559168 0.802288 0.568230 0.801471 0.578358 0.795752 0.583156 0.786765 0.583689 0.773693 0.582090 0.771242 0.578358 0.771242 0.572495 0.774510 0.565032 0.772876 0.560768 0.767157
0 0.547441 0.743464 0.545309 0.741830 0.541578 0.743464 0.537313 0.742647 0.529318 0.735294 0.524520 0.736111 0.519723 0.740196 0.517058 0.749183 0.514925 0.768791 0.515991 0.790850 0.518657 0.800654 0.521322 0.802288 0.533582 0.801471 0.543710 0.785948 0.547974 0.775327 0.551706 0.758170 0.551173 0.750817
0 0.514925 0.809641 0.510661 0.823529 0.509062 0.833333 0.508529 0.848039 0.510661 0.854575 0.524520 0.858660 0.539979 0.857026 0.546908 0.854575 0.553305 0.846405 0.554371 0.838235 0.552772 0.829248 0.546375 0.819444 0.537313 0.810458 0.525586 0.803105 0.520256 0.803105
0 0.686034 0.732843 0.679638 0.746732 0.677505 0.756536 0.676439 0.772059 0.678038 0.778595 0.683369 0.784314 0.689232 0.786765 0.703625 0.786765 0.715885 0.781863 0.720149 0.772876 0.720149 0.766340 0.718550 0.759804 0.714819 0.754085 0.710554 0.750817 0.699360 0.733660 0.691365 0.730392
0 0.701493 0.787582 0.693497 0.787582 0.686034 0.785131 0.682303 0.785948 0.681770 0.787582 0.680171 0.784314 0.662047 0.788399 0.657249 0.792484 0.654584 0.798203 0.654584 0.808007 0.659915 0.830065 0.663113 0.835784 0.669510 0.838235 0.678571 0.834150 0.697761 0.807190 0.702026 0.794935
0 0.708955 0.812092 0.702559 0.808824 0.697228 0.808824 0.692964 0.812908 0.687100 0.824346 0.683902 0.847222 0.683902 0.871732 0.689765 0.877451 0.700959 0.875000 0.703092 0.869281 0.718017 0.846405 0.718550 0.822712
0 0.724414 0.808007 0.718550 0.829248 0.719083 0.844771 0.723348 0.851307 0.728678 0.853758 0.744136 0.852941 0.756930 0.854575 0.764392 0.847222 0.765458 0.843954 0.764925 0.837418 0.758529 0.825980 0.751599 0.819444 0.744136 0.808824 0.733475 0.801471 0.728678 0.802288
0 0.751066 0.794118 0.749467 0.807190 0.750000 0.813725 0.752132 0.817810 0.765991 0.831699 0.776119 0.839052 0.780917 0.839869 0.784648 0.836601 0.786780 0.830065 0.790512 0.804739 0.789979 0.793301 0.787313 0.788399 0.784115 0.785948 0.766525 0.785948 0.756930 0.789216
0 0.750000 0.742647 0.744670 0.740196 0.742004 0.741013 0.728145 0.758170 0.722814 0.771242 0.721215 0.779412 0.721748 0.788399 0.724414 0.792484 0.728145 0.794935 0.745203 0.794935 0.753198 0.792484 0.760128 0.785948 0.761194 0.781863 0.760661 0.768791 0.756397 0.759804 0.753731 0.748366
0 0.776119 0.696078 0.772388 0.697712 0.764392 0.709150 0.755864 0.732843 0.754797 0.743464 0.755330 0.754085 0.757463 0.762255 0.761194 0.767157 0.768124 0.767974 0.773454 0.764706 0.780917 0.750000 0.783049 0.741830 0.784115 0.726307 0.781450 0.717320 0.779851 0.701797
0 0.774520 0.666667 0.765991 0.664216 0.755864 0.676471 0.746802 0.679739 0.735608 0.680556 0.734542 0.691993 0.737740 0.700980 0.740405 0.714869 0.744136 0.720588 0.746802 0.722222 0.753198 0.720588 0.762793 0.711601 0.771322 0.698529 0.773987 0.691993 0.776652 0.675654 0.776652 0.670752
0 0.784115 0.674837 0.780917 0.683824 0.779851 0.691176 0.780917 0.709967 0.783049 0.719771 0.787313 0.724673 0.796375 0.726307 0.803838 0.725490 0.809701 0.722222 0.812367 0.714869 0.812900 0.694444 0.809168 0.684641 0.804371 0.676471 0.795842 0.671569 0.789446 0.671569
0 0.809701 0.723856 0.788913 0.726307 0.785181 0.730392 0.781983 0.753268 0.788380 0.772059 0.794776 0.784314 0.799041 0.785131 0.807569 0.780229 0.811301 0.772876 0.813433 0.755719 0.813966 0.737745 0.812900 0.729575
0 0.793710 0.794118 0.793177 0.807190 0.795309 0.817810 0.803838 0.826797 0.811834 0.830882 0.816098 0.830882 0.823561 0.827614 0.833156 0.817810 0.836887 0.808824 0.840618 0.792484 0.830490 0.783497 0.807036 0.781046 0.797441 0.785948
0 0.790512 0.854575 0.792111 0.860294 0.796375 0.864379 0.807036 0.864379 0.820896 0.861111 0.833156 0.847222 0.833156 0.840686 0.826759 0.825980 0.813433 0.830065 0.805970 0.826797 0.799041 0.819444 0.794776 0.818627 0.791045 0.836601
0 0.738806 0.544935 0.733475 0.548203 0.729744 0.558824 0.729744 0.583333 0.731876 0.591503 0.736674 0.600490 0.745203 0.601307 0.748934 0.598039 0.757463 0.576797 0.761194 0.563725 0.761194 0.558824 0.756397 0.550654 0.745203 0.544935
0 0.773454 0.562908 0.761727 0.562908 0.749467 0.595588 0.747868 0.610294 0.755864 0.625000 0.763326 0.623366 0.768124 0.606209 0.775053 0.591503 0.778252 0.578431 0.778785 0.570261 0.776652 0.565359
0 0.797974 0.590686 0.795309 0.589052 0.785714 0.589052 0.774520 0.593954 0.768657 0.605392 0.764392 0.618464 0.764392 0.626634 0.772388 0.634804 0.776119 0.636438 0.787846 0.638072 0.791045 0.635621 0.795842 0.624183 0.798507 0.609477 0.799041 0.593137
0 0.812367 0.585784 0.803305 0.585784 0.799574 0.589869 0.799041 0.607026 0.795309 0.625000 0.791045 0.635621 0.792111 0.642974 0.795842 0.647059 0.800107 0.647876 0.807036 0.645425 0.815565 0.631536 0.818763 0.621732 0.819829 0.607026 0.816098 0.601307 0.813966 0.589052
0 0.769723 0.638072 0.768657 0.645425 0.777719 0.668301 0.782516 0.675654 0.791045 0.671569 0.804371 0.674837 0.808102 0.670752 0.809168 0.651961 0.807569 0.645425 0.797974 0.647059 0.790512 0.640523 0.780384 0.636438 0.771322 0.635621
0 0.821962 0.632353 0.815565 0.634804 0.810768 0.639706 0.809168 0.645425 0.809701 0.669118 0.811301 0.681373 0.816631 0.695261 0.821962 0.701797 0.826759 0.701797 0.829424 0.699346 0.832090 0.691176 0.833156 0.679739 0.832623 0.669935 0.828891 0.648693 0.825160 0.637255
0 0.828358 0.615196 0.823561 0.624183 0.823028 0.632353 0.831557 0.651961 0.841684 0.665033 0.852878 0.669118 0.857676 0.667484 0.860874 0.656046 0.861407 0.648693 0.858742 0.625000 0.852878 0.609477 0.846482 0.602941 0.843817 0.602941 0.837420 0.611111
0 0.859808 0.619281 0.861940 0.647059 0.872601 0.672386 0.878998 0.682190 0.889659 0.682190 0.899254 0.671569 0.902985 0.660948 0.903518 0.648693 0.901919 0.642157 0.897655 0.635621 0.884861 0.625000 0.874733 0.619281
0 0.841684 0.669118 0.835821 0.675654 0.833156 0.683824 0.831023 0.695261 0.831023 0.701797 0.833156 0.709967 0.839552 0.718137 0.844883 0.721405 0.854478 0.723039 0.860341 0.720588 0.866205 0.712418 0.867804 0.702614 0.867271 0.690359 0.862473 0.672386 0.857676 0.668301 0.851812 0.669118 0.845416 0.667484
0 0.815565 0.717320 0.813433 0.721405 0.815032 0.736928 0.821429 0.752451 0.833689 0.771242 0.839552 0.774510 0.846482 0.773693 0.851812 0.767157 0.858742 0.746732 0.858209 0.738562 0.855544 0.728758 0.850746 0.723856 0.842217 0.720588 0.837420 0.716503 0.819829 0.714869
0 0.867804 0.711601 0.859808 0.720588 0.857676 0.725490 0.857676 0.736111 0.860341 0.746732 0.874200 0.772876 0.889126 0.775327 0.891791 0.757353 0.888060 0.722222 0.885928 0.713235 0.881663 0.708333 0.877932 0.707516
0 0.856077 0.786765 0.856077 0.795752 0.863006 0.807190 0.872601 0.816176 0.885394 0.821078 0.893390 0.821895 0.897122 0.821078 0.900320 0.815359 0.902452 0.790033 0.901386 0.785131 0.898188 0.781046 0.883262 0.774510 0.865139 0.772876
0 0.848081 0.795752 0.842751 0.799020 0.839019 0.807190 0.840618 0.839052 0.843284 0.853758 0.847548 0.864379 0.853412 0.871732 0.857676 0.870915 0.865672 0.854575 0.869936 0.830882 0.871002 0.816176 0.858742 0.799837 0.853412 0.795752
0 0.901386 0.817810 0.894456 0.821078 0.886994 0.821078 0.875800 0.817810 0.873667 0.820261 0.873134 0.847222 0.875267 0.863562 0.877399 0.868464 0.884328 0.871732 0.888060 0.870098 0.900320 0.849673 0.905650 0.836601 0.905117 0.823529
0 0.941365 0.794935 0.933902 0.785131 0.927505 0.785131 0.921642 0.790850 0.908849 0.812092 0.906183 0.821895 0.906183 0.836601 0.907249 0.839052 0.912047 0.842320 0.924307 0.842320 0.933902 0.838235 0.945629 0.830065 0.948294 0.824346 0.948294 0.821078
0 0.945629 0.745098 0.942964 0.748366 0.940299 0.774510 0.941365 0.789216 0.944030 0.803922 0.949893 0.823529 0.953625 0.825980 0.964819 0.824346 0.972281 0.816176 0.976546 0.807190 0.977079 0.797386 0.975480 0.788399 0.971748 0.777778 0.964286 0.766340 0.958422 0.753268 0.947761 0.745098
0 0.970149 0.720588 0.966951 0.722222 0.960554 0.732026 0.958422 0.741013 0.957889 0.752451 0.961087 0.760621 0.969083 0.773693 0.976013 0.776961 0.980810 0.774510 0.985608 0.767974 0.996269 0.740196 0.996269 0.732026 0.994670 0.729575 0.988273 0.730392 0.978145 0.727124
0 1.000000 0.768791 0.992537 0.768791 0.986141 0.772059 0.982942 0.777778 0.978678 0.779412 0.976546 0.783497 0.976546 0.792484 0.978678 0.804739 0.986141 0.821078 0.989339 0.818627 0.990938 0.810458 0.996269 0.799837 1.000000 0.798203
0 0.997335 0.796569 0.993070 0.801471 0.987740 0.818627 0.989872 0.828431 0.997868 0.844771 1.000000 0.844771 1.000000 0.796569
0 0.890725 0.744281 0.891258 0.750817 0.897122 0.763889 0.913646 0.776144 0.926439 0.782680 0.932303 0.783497 0.935501 0.781046 0.938699 0.775327 0.940299 0.764706 0.940832 0.747549 0.937633 0.738562 0.923774 0.734477 0.907249 0.734477 0.894456 0.738562
0 0.921109 0.665033 0.918977 0.665033 0.916311 0.668301 0.912047 0.679739 0.907783 0.709150 0.908316 0.727941 0.909915 0.731209 0.915778 0.733660 0.921642 0.733660 0.925373 0.731209 0.928571 0.719771 0.929638 0.678922 0.928038 0.672386
0 0.904051 0.652778 0.901386 0.665033 0.894456 0.677288 0.888060 0.682190 0.880064 0.682190 0.878465 0.683824 0.878465 0.690359 0.881663 0.699346 0.889126 0.705882 0.896588 0.708333 0.903518 0.707516 0.907783 0.703431 0.910448 0.693627 0.910981 0.679739 0.908316 0.656046
0 0.900320 0.602941 0.899254 0.605392 0.902452 0.630719 0.909382 0.649510 0.918443 0.663399 0.925373 0.663399 0.934968 0.649510 0.938699 0.638889 0.939232 0.626634 0.938166 0.622549 0.916844 0.602941 0.913646 0.601307
0 0.955757 0.624183 0.950426 0.622549 0.945629 0.627451 0.930704 0.656046 0.929104 0.665033 0.931237 0.679739 0.939765 0.681373 0.952559 0.676471 0.959488 0.671569 0.967484 0.661765 0.969083 0.656863 0.969083 0.650327
0 0.955224 0.680556 0.950959 0.678105 0.942431 0.681373 0.933902 0.693627 0.929104 0.707516 0.928571 0.720588 0.926972 0.725490 0.926972 0.731209 0.928571 0.733660 0.939232 0.737745 0.946162 0.736111 0.958422 0.729575 0.965352 0.722222 0.966418 0.718137 0.965885 0.709150 0.959488 0.687908
0 1.000000 0.705065 1.000000 0.654412 0.989872 0.656863 0.972814 0.656863 0.969083 0.659314 0.961620 0.669935 0.961087 0.675654 0.967484 0.689542 0.986674 0.700980
0 0.969083 0.692810 0.968017 0.696895 0.968017 0.712418 0.970149 0.719771 0.973881 0.724673 0.978145 0.727941 0.989339 0.731209 0.994670 0.730392 0.998401 0.725490 1.000000 0.725490 1.000000 0.705065 0.981876 0.698529 0.973348 0.692810
0 0.953625 0.610294 0.952559 0.613562 0.953625 0.619281 0.958422 0.627451 0.961620 0.636438 0.968017 0.646242 0.981876 0.656046 0.987207 0.656863 0.992537 0.652778 0.996269 0.638889 0.996802 0.630719 0.995736 0.622549 0.989872 0.611928 0.978678 0.603758 0.976013 0.605392 0.959488 0.605392
0 0.996269 0.560458 0.986674 0.566993 0.984542 0.570261 0.980810 0.583333 0.980277 0.602124 0.990405 0.611928 0.996269 0.615196 1.000000 0.615196 1.000000 0.560458
0 0.953092 0.551471 0.948827 0.558007 0.945096 0.571078 0.944563 0.580882 0.947228 0.591503 0.952559 0.599673 0.958955 0.604575 0.974947 0.605392 0.977079 0.603758 0.979211 0.598039 0.979744 0.580065 0.973348 0.556373 0.970149 0.550654 0.965352 0.548203 0.957356 0.549020
0 0.931770 0.570261 0.924840 0.581699 0.917377 0.589869 0.916311 0.595588 0.916844 0.601307 0.921642 0.607843 0.929104 0.612745 0.939232 0.622549 0.947761 0.622549 0.952026 0.614379 0.952026 0.607026 0.950426 0.599673 0.940299 0.575163 0.936567 0.570261
0 0.900320 0.538399 0.898188 0.542484 0.897655 0.552288 0.898188 0.573529 0.899787 0.585784 0.902452 0.589869 0.907783 0.592320 0.915245 0.591503 0.922175 0.584967 0.929638 0.574346 0.930704 0.571078 0.930171 0.559641 0.926972 0.551471 0.924307 0.548203 0.913113 0.546569 0.903518 0.538399
0 0.880064 0.527778 0.874200 0.535131 0.871535 0.544935 0.872601 0.559641 0.876866 0.570261 0.888593 0.590686 0.891791 0.592320 0.897655 0.590686 0.898721 0.581699 0.897122 0.555556 0.895522 0.546569 0.888060 0.527778
0 0.869403 0.551471 0.860874 0.555556 0.856077 0.563725 0.852345 0.584150 0.851812 0.596405 0.853412 0.609477 0.857143 0.615196 0.862473 0.614379 0.868870 0.610294 0.885928 0.589869 0.885394 0.583333 0.876866 0.569444
0 0.845949 0.540850 0.833689 0.544118 0.817697 0.567810 0.813433 0.576797 0.812367 0.584150 0.816098 0.600490 0.820896 0.607843 0.826226 0.611928 0.834222 0.612745 0.836887 0.611111 0.841684 0.602941 0.851279 0.567810 0.850213 0.548203
0 0.802772 0.507353 0.794243 0.507353 0.790512 0.509804 0.782516 0.519608 0.772921 0.535948 0.772388 0.543301 0.775053 0.551471 0.781983 0.562908 0.788380 0.569444 0.793710 0.570261 0.798507 0.566993 0.804904 0.556373 0.811834 0.533497 0.812367 0.521242 0.810768 0.514706
0 0.529851 0.495915 0.521322 0.495915 0.513859 0.498366 0.510661 0.500817 0.507996 0.507353 0.507463 0.520425 0.511194 0.553105 0.513859 0.558824 0.520789 0.565359 0.523987 0.563725 0.528785 0.553105 0.534115 0.546569 0.536780 0.536765 0.536247 0.530229 0.533049 0.525327 0.531983 0.520425 0.533049 0.500000
0 0.553838 0.460784 0.551173 0.461601 0.543177 0.470588 0.534115 0.494281 0.531983 0.510621 0.531983 0.521242 0.533582 0.526144 0.538380 0.531863 0.544776 0.534314 0.555970 0.534314 0.560768 0.531863 0.565032 0.524510 0.566631 0.511438 0.564499 0.477124 0.562900 0.472222
0 0.539446 0.433007 0.530384 0.429739 0.521322 0.430556 0.517591 0.433007 0.513326 0.448529 0.510661 0.468954 0.510661 0.483660 0.514925 0.495915 0.518657 0.496732 0.527719 0.491830 0.538913 0.477941 0.546375 0.462418 0.548507 0.451797 0.542644 0.437092
0 0.516525 0.370915 0.509595 0.376634 0.501066 0.390523 0.498934 0.396242 0.498934 0.409314 0.504797 0.419935 0.516525 0.430556 0.527186 0.428922 0.531983 0.425654 0.535181 0.420752 0.533582 0.392157 0.530917 0.381536 0.526652 0.373366 0.523987 0.370915
0 0.525053 0.340686 0.522921 0.348856 0.524520 0.365196 0.538913 0.386438 0.544776 0.390523 0.557569 0.391340 0.566098 0.376634 0.568230 0.369281 0.568230 0.359477 0.548507 0.340686 0.542111 0.338235
0 0.592217 0.324346 0.589552 0.319444 0.585821 0.317810 0.573028 0.318627 0.560235 0.324346 0.556503 0.330065 0.551706 0.331699 0.550640 0.339869 0.553838 0.345588 0.575160 0.362745 0.586354 0.364379 0.589019 0.362745 0.591151 0.354575
0 0.549041 0.291667 0.537846 0.293301 0.524520 0.292484 0.517591 0.298203 0.514925 0.303105 0.512793 0.312092 0.513326 0.321895 0.515458 0.328431 0.518657 0.333333 0.527186 0.338235 0.539979 0.338235 0.549041 0.334150 0.554371 0.327614 0.555437 0.321895 0.554904 0.310458
0 0.472814 0.309641 0.472281 0.315359 0.474947 0.321895 0.492004 0.335784 0.500000 0.339052 0.510128 0.339052 0.513859 0.337418 0.516525 0.333333 0.513326 0.323529 0.512793 0.315359 0.510661 0.307190 0.503731 0.291667 0.498934 0.285131 0.493603 0.283497 0.485075 0.287582 0.476013 0.300654
0 0.559168 0.267974 0.551173 0.290033 0.552239 0.303105 0.556503 0.310458 0.570362 0.316176 0.583689 0.316176 0.592217 0.312092 0.593817 0.309641 0.593817 0.300654 0.590085 0.290850 0.575693 0.270425 0.565565 0.262255 0.562900 0.263072
0 0.622601 0.300654 0.614072 0.294935 0.607676 0.294118 0.600746 0.297386 0.597548 0.302288 0.594350 0.315359 0.592217 0.341503 0.592751 0.357026 0.595416 0.361111 0.599147 0.363562 0.605544 0.363562 0.623667 0.335784 0.627932 0.321078 0.628465 0.312908 0.626333 0.305556
0 0.619403 0.350490 0.614606 0.351307 0.606610 0.362745 0.604478 0.384804 0.604478 0.401961 0.606610 0.416667 0.609808 0.423203 0.614606 0.424837 0.630597 0.419118 0.635928 0.413399 0.637527 0.407680 0.637527 0.397059 0.633262 0.375000 0.628998 0.367647 0.625800 0.357843
0 0.583156 0.372549 0.579424 0.381536 0.575693 0.397059 0.575693 0.432190 0.576759 0.437092 0.578891 0.439542 0.588486 0.441176 0.604478 0.432190 0.606610 0.428105 0.607676 0.421569 0.602878 0.397876 0.596482 0.382353 0.587953 0.373366
0 0.560235 0.403595 0.551173 0.410948 0.544243 0.419118 0.542644 0.424837 0.542644 0.433824 0.549041 0.450980 0.560235 0.468137 0.575160 0.468137 0.577825 0.464869 0.578358 0.448529 0.573561 0.417484 0.568763 0.403595
0 0.602345 0.433824 0.587953 0.442810 0.580490 0.456699 0.580490 0.465686 0.583156 0.473856 0.590618 0.483660 0.594883 0.492647 0.602878 0.499183 0.609275 0.499183 0.612473 0.495915 0.615139 0.486111 0.614606 0.450980 0.611940 0.440359 0.608742 0.435458
0 0.584755 0.477124 0.577825 0.480392 0.567697 0.496732 0.566631 0.517974 0.562900 0.529412 0.562900 0.534314 0.565565 0.539216 0.570362 0.543301 0.578358 0.545752 0.587953 0.544935 0.591684 0.542484 0.593817 0.537582 0.595949 0.520425 0.594883 0.495915 0.591684 0.486111
0 0.614072 0.495098 0.611940 0.498366 0.611940 0.501634 0.614072 0.507353 0.615672 0.517974 0.626333 0.537582 0.634328 0.547386 0.640192 0.547386 0.647655 0.539216 0.654584 0.513889 0.654584 0.508987 0.652985 0.504902 0.644989 0.502451 0.639126 0.495915 0.631663 0.491830 0.622601 0.491830
0 0.641791 0.427288 0.637527 0.428922 0.633795 0.434641 0.636461 0.488562 0.639659 0.496732 0.642857 0.500817 0.651386 0.503268 0.664179 0.492647 0.667377 0.487745 0.670576 0.475490 0.668977 0.467320 0.659382 0.450163 0.657249 0.443627
0 0.622068 0.421569 0.618337 0.424837 0.616738 0.431373 0.615139 0.447712 0.615139 0.482026 0.616205 0.486928 0.618870 0.490196 0.631663 0.489379 0.634861 0.486111 0.635928 0.482026 0.635928 0.464052 0.632729 0.433824 0.625800 0.422386
0 0.670576 0.378268 0.666311 0.379085 0.656183 0.385621 0.639659 0.403595 0.638060 0.408497 0.638060 0.415850 0.640725 0.424020 0.649787 0.436275 0.658849 0.437908 0.670576 0.419935 0.673774 0.406863 0.671642 0.379902
0 0.671109 0.417484 0.657249 0.441176 0.668443 0.466503 0.672708 0.472222 0.676439 0.472222 0.682303 0.466503 0.690299 0.450163 0.692431 0.439542 0.689765 0.433824 0.678038 0.418301
0 0.679104 0.477124 0.675373 0.477941 0.668977 0.491013 0.661514 0.513072 0.657249 0.534314 0.657249 0.540850 0.659915 0.546569 0.673774 0.555556 0.679104 0.555556 0.685501 0.552288 0.691365 0.540850 0.690299 0.513889 0.688166 0.495915 0.684435 0.482843
0 0.716951 0.471405 0.710021 0.473039 0.703625 0.480392 0.694030 0.508987 0.691898 0.519608 0.691898 0.531863 0.694030 0.537582 0.700426 0.543301 0.704691 0.544935 0.718017 0.544118 0.723348 0.536765 0.724947 0.531046 0.724947 0.492647 0.721748 0.479575
0 0.726546 0.449346 0.724414 0.442810 0.720682 0.438725 0.713220 0.437908 0.705757 0.441176 0.687100 0.456699 0.683902 0.464052 0.684435 0.470588 0.691365 0.477941 0.704691 0.477124 0.724414 0.465686 0.727612 0.458333
0 0.676439 0.370098 0.672708 0.374183 0.671642 0.378268 0.671642 0.398693 0.678571 0.417484 0.686034 0.430556 0.689232 0.433824 0.694030 0.435458 0.706290 0.424837 0.713220 0.415033 0.714819 0.410131 0.714286 0.401144 0.711620 0.393791 0.702559 0.379085 0.698294 0.374183 0.690299 0.369281 0.681237 0.368464
0 0.717484 0.400327 0.712687 0.397059 0.713753 0.402778 0.713220 0.412582 0.706823 0.423203 0.693497 0.433824 0.697228 0.444444 0.701493 0.445261 0.714819 0.436275 0.719083 0.425654 0.720149 0.419118 0.720149 0.404412
0 0.761194 0.398693 0.752132 0.394608 0.745203 0.394608 0.730277 0.401144 0.722814 0.407680 0.721215 0.410948 0.720149 0.419118 0.722814 0.437908 0.725480 0.444444 0.730277 0.449346 0.736674 0.450163 0.753198 0.431373 0.761727 0.418301 0.762793 0.406046
0 0.756930 0.432190 0.749467 0.435458 0.742004 0.443627 0.726546 0.466503 0.723881 0.473856 0.723348 0.484477 0.724414 0.488562 0.729211 0.495098 0.739339 0.504085 0.743603 0.505719 0.748401 0.504085 0.753198 0.491830 0.757463 0.474673 0.759062 0.458333 0.759062 0.434641
0 0.776652 0.488562 0.763859 0.489379 0.751599 0.495915 0.748401 0.503268 0.747868 0.512255 0.750000 0.522876 0.754264 0.533497 0.760128 0.542484 0.765458 0.543301 0.771322 0.539216 0.781983 0.520425 0.785181 0.511438 0.785714 0.503268
0 0.816098 0.454248 0.815032 0.452614 0.811301 0.453431 0.801706 0.462418 0.794243 0.465686 0.789446 0.465686 0.783049 0.462418 0.777719 0.475490 0.777186 0.482843 0.778252 0.488562 0.784115 0.498366 0.792644 0.505719 0.802772 0.505719 0.808102 0.498366 0.812367 0.485294 0.816098 0.466503
0 0.823028 0.415850 0.815032 0.405229 0.811301 0.402778 0.806503 0.401961 0.802772 0.405229 0.797441 0.413399 0.787313 0.439542 0.784115 0.457516 0.785181 0.464052 0.789979 0.466503 0.799041 0.464869 0.820362 0.447712 0.827825 0.434641 0.827292 0.428105
0 0.784648 0.423203 0.775586 0.419935 0.769190 0.419935 0.763859 0.423203 0.761194 0.429739 0.759062 0.442810 0.759595 0.472222 0.763326 0.482843 0.763326 0.486111 0.765458 0.488562 0.769723 0.487745 0.776652 0.477124 0.782516 0.462418 0.788913 0.434641 0.788913 0.428105
0 0.829424 0.433007 0.824627 0.440359 0.820896 0.450163 0.818230 0.468137 0.818230 0.477124 0.820896 0.481209 0.826226 0.483660 0.834222 0.492647 0.837953 0.494281 0.852345 0.464869 0.855544 0.453431 0.856077 0.445261 0.850746 0.436275 0.842217 0.437092
0 0.818230 0.480392 0.811834 0.486928 0.809701 0.493464 0.809168 0.500817 0.813433 0.527778 0.816631 0.538399 0.821429 0.545752 0.828358 0.545752 0.836354 0.540033 0.844350 0.528595 0.845949 0.524510 0.845416 0.511438 0.837953 0.495098 0.832090 0.487745
0 0.865672 0.493464 0.852345 0.493464 0.848614 0.499183 0.847015 0.509804 0.847015 0.532680 0.848081 0.540850 0.850746 0.547386 0.851812 0.559641 0.853412 0.562092 0.857676 0.561275 0.861407 0.554739 0.866738 0.550654 0.871002 0.544118 0.878465 0.524510 0.878998 0.510621 0.875267 0.502451
0 0.826759 0.392974 0.824094 0.417484 0.825693 0.424837 0.829424 0.432190 0.836887 0.436275 0.847015 0.437092 0.857143 0.431373 0.863539 0.430556 0.866738 0.427288 0.867804 0.424020 0.867271 0.412582 0.856077 0.397876 0.835288 0.387255 0.830490 0.388889
0 0.800640 0.367647 0.795842 0.361111 0.788913 0.361111 0.780917 0.366830 0.768657 0.383170 0.763859 0.397059 0.763859 0.408497 0.772921 0.415850 0.787313 0.414216 0.800107 0.408497 0.804904 0.401144 0.805970 0.397059 0.805970 0.388889 0.803838 0.376634
0 0.763859 0.319444 0.761194 0.321078 0.755330 0.339869 0.753198 0.343137 0.748934 0.345588 0.747868 0.348856 0.748401 0.370915 0.751066 0.378268 0.755330 0.381536 0.766525 0.381536 0.771855 0.379085 0.780384 0.365196 0.780384 0.355392 0.776652 0.339869
0 0.760661 0.269608 0.754797 0.270425 0.747335 0.276144 0.744670 0.284314 0.734542 0.302288 0.729211 0.319444 0.729211 0.330065 0.736141 0.339052 0.745203 0.345588 0.751066 0.344771 0.755330 0.339869 0.761727 0.318627 0.765458 0.290033 0.764925 0.283497
0 0.728145 0.332516 0.722814 0.339869 0.716418 0.357026 0.712687 0.373366 0.712154 0.388889 0.715352 0.393791 0.727612 0.398693 0.736141 0.398693 0.742537 0.395425 0.744670 0.390523 0.746269 0.376634 0.745736 0.357843 0.743603 0.346405 0.732409 0.333333
0 0.800107 0.273693 0.794776 0.275327 0.781450 0.288399 0.769723 0.319444 0.770256 0.328431 0.774520 0.336601 0.780917 0.342320 0.786247 0.344771 0.796908 0.344771 0.802239 0.336601 0.804904 0.320261 0.805437 0.287582 0.804371 0.281046
0 0.826226 0.283497 0.818230 0.281863 0.814499 0.284314 0.807569 0.300654 0.805437 0.308007 0.804371 0.326797 0.802239 0.338235 0.804904 0.343954 0.808102 0.344771 0.815565 0.340686 0.833156 0.309641 0.834755 0.303105 0.834222 0.296569
0 0.844350 0.313725 0.831023 0.316993 0.826226 0.321078 0.823028 0.329248 0.823561 0.342320 0.828891 0.364379 0.829424 0.375000 0.833156 0.380719 0.841151 0.386438 0.844883 0.383170 0.850746 0.370098 0.854478 0.339052 0.854478 0.330065 0.852345 0.317810 0.850213 0.315359
0 0.821962 0.343137 0.816631 0.342320 0.810768 0.345588 0.806503 0.356209 0.804371 0.368464 0.804371 0.377451 0.806503 0.392974 0.808635 0.395425 0.812367 0.396242 0.824627 0.393791 0.832090 0.387255 0.834222 0.380719 0.829957 0.375817 0.828891 0.361111 0.824627 0.346405
0 0.845949 0.285948 0.840618 0.294118 0.839552 0.301471 0.840085 0.312908 0.850213 0.315359 0.853412 0.321895 0.854478 0.331699 0.856077 0.334967 0.860874 0.337418 0.866205 0.336601 0.869936 0.330065 0.875267 0.315359 0.875267 0.293301 0.872601 0.288399 0.853945 0.284314
0 0.633795 0.304739 0.631130 0.308007 0.631130 0.313725 0.624733 0.333333 0.625800 0.353758 0.631130 0.371732 0.633262 0.373366 0.643923 0.372549 0.656716 0.362745 0.659382 0.357843 0.659915 0.349673 0.658316 0.342320 0.651919 0.326797 0.638060 0.307190
0 0.631130 0.277778 0.628998 0.283497 0.630064 0.290850 0.636994 0.304739 0.650320 0.324346 0.657249 0.329248 0.662047 0.328431 0.664712 0.321078 0.666844 0.303105 0.665245 0.278595 0.663113 0.267974 0.657783 0.263072 0.650320 0.263072 0.640192 0.267974
0 0.682303 0.250000 0.674840 0.250000 0.668443 0.254085 0.664179 0.265523 0.665245 0.282680 0.667910 0.299837 0.672708 0.308824 0.674840 0.318627 0.676439 0.319444 0.681237 0.316993 0.691898 0.295752 0.698827 0.262255 0.698294 0.257353 0.695629 0.254902
0 0.698827 0.263072 0.696162 0.272059 0.694030 0.287582 0.694030 0.296569 0.698827 0.305556 0.704691 0.308007 0.721215 0.306373 0.730810 0.303105 0.737740 0.295752 0.738806 0.290033 0.737207 0.285131 0.729744 0.274510 0.721215 0.268791 0.716418 0.261438 0.709488 0.256536 0.704691 0.256536
0 0.553838 0.250817 0.549041 0.244281 0.540512 0.242647 0.532516 0.250000 0.514392 0.258170 0.511727 0.263072 0.509595 0.278595 0.517591 0.284314 0.523454 0.291667 0.537313 0.293301 0.550107 0.289216 0.552239 0.285948 0.555970 0.272876
0 0.859808 0.453431 0.857676 0.456699 0.857143 0.463235 0.858209 0.473856 0.866205 0.492647 0.880597 0.509804 0.889126 0.511438 0.893390 0.507353 0.901386 0.489379 0.901919 0.476307 0.900320 0.471405 0.892857 0.464052 0.882196 0.458333 0.873134 0.448529 0.864606 0.450163
0 0.882729 0.407680 0.876866 0.412582 0.871535 0.420752 0.869936 0.426471 0.870469 0.437092 0.875267 0.449346 0.881663 0.458333 0.886461 0.462418 0.892324 0.464052 0.896588 0.468954 0.899254 0.468137 0.901386 0.445261 0.898188 0.432190 0.897122 0.421569 0.893390 0.411765 0.885394 0.406863
0 0.928038 0.384804 0.921642 0.388889 0.910448 0.392157 0.902985 0.410948 0.898721 0.425654 0.898721 0.434641 0.906183 0.443627 0.912580 0.447712 0.916844 0.447712 0.921642 0.441993 0.925906 0.432190 0.929638 0.417484 0.931770 0.402778 0.931770 0.395425
0 0.935501 0.385621 0.932303 0.391340 0.932836 0.398693 0.926439 0.429739 0.921642 0.439542 0.920576 0.446078 0.932303 0.456699 0.937633 0.459150 0.944563 0.458333 0.947761 0.455065 0.950959 0.443627 0.952559 0.420752 0.952026 0.403595 0.947228 0.389706 0.940299 0.385621
0 0.904051 0.446078 0.902985 0.452614 0.905117 0.459967 0.916844 0.480392 0.925906 0.489379 0.934435 0.492647 0.939765 0.491013 0.940832 0.484477 0.944030 0.478758 0.944563 0.474673 0.934968 0.459967 0.929104 0.453431 0.921109 0.447712 0.912047 0.448529 0.908849 0.445261
0 0.898721 0.496732 0.894989 0.504902 0.898721 0.522059 0.898721 0.537582 0.899787 0.539216 0.904051 0.539216 0.907783 0.544118 0.915778 0.549020 0.924307 0.549020 0.928038 0.531046 0.928038 0.512255 0.925373 0.495098 0.921109 0.490196 0.914712 0.490196
0 0.963220 0.506536 0.959488 0.503268 0.955757 0.504085 0.933902 0.517157 0.928571 0.526144 0.926439 0.541667 0.927505 0.549837 0.934435 0.552288 0.951493 0.552288 0.964819 0.545752 0.966951 0.542484 0.967484 0.530229
0 0.995203 0.508987 0.989872 0.508987 0.977079 0.515523 0.971215 0.524510 0.968017 0.533497 0.968017 0.543301 0.969616 0.548203 0.977612 0.560458 0.985608 0.566176 0.990405 0.565359 0.996802 0.558007 0.997868 0.551471 1.000000 0.550654 1.000000 0.516340 0.998401 0.516340
0 0.988806 0.450163 0.983475 0.454248 0.979744 0.461601 0.977612 0.468954 0.978145 0.479575 0.986674 0.499183 0.990938 0.504902 1.000000 0.509804 1.000000 0.458333 0.998401 0.458333 0.996802 0.453431 0.993603 0.450163
0 0.958422 0.456699 0.951493 0.466503 0.947228 0.477124 0.946695 0.482843 0.948827 0.488562 0.959488 0.502451 0.966951 0.508987 0.976546 0.513889 0.982942 0.511438 0.985608 0.507353 0.986141 0.500000 0.978145 0.480392 0.976546 0.467320 0.972814 0.458333 0.968550 0.455065
0 0.953092 0.410948 0.952026 0.445261 0.953625 0.450163 0.957356 0.454248 0.967484 0.455065 0.982409 0.452614 0.987207 0.449346 0.989339 0.445261 0.994670 0.440359 0.996802 0.435458 0.996269 0.428922 0.992004 0.423203 0.989339 0.415033 0.974947 0.406046 0.966951 0.402778 0.957356 0.404412
0 0.966951 0.363562 0.959488 0.383170 0.958955 0.387255 0.960554 0.392157 0.969083 0.402778 0.977612 0.408497 0.989339 0.414216 0.996269 0.413399 0.997868 0.406863 1.000000 0.406046 1.000000 0.400327 0.997868 0.399510 0.992537 0.382353 0.987740 0.374183 0.977079 0.363562
0 0.966418 0.329248 0.965352 0.333333 0.972281 0.358660 0.985075 0.370098 0.989872 0.378268 0.994670 0.378268 0.997335 0.370915 0.997868 0.355392 0.997335 0.326797 0.994670 0.316993 0.989872 0.314542 0.987207 0.321078 0.982409 0.325163 0.973881 0.325163
0 0.955757 0.307190 0.956823 0.321078 0.966418 0.334150 0.970149 0.333333 0.974947 0.327614 0.981343 0.327614 0.990405 0.318627 0.993603 0.323529 0.994670 0.322712 0.992537 0.308007 0.984542 0.290033 0.979211 0.283497 0.970149 0.282680 0.967484 0.284314 0.960554 0.293301
0 0.942964 0.325980 0.938166 0.330065 0.934435 0.337418 0.936034 0.368464 0.942964 0.384804 0.950426 0.390523 0.955224 0.390523 0.962687 0.371732 0.964286 0.364379 0.964286 0.334967 0.958955 0.325980
0 0.915778 0.324346 0.907249 0.332516 0.904584 0.337418 0.900853 0.348856 0.901919 0.357026 0.909915 0.370915 0.919510 0.379902 0.923774 0.381536 0.931237 0.380719 0.934435 0.374183 0.932836 0.342320 0.927505 0.325980 0.923774 0.322712
0 0.873667 0.362745 0.866738 0.375817 0.866738 0.381536 0.869403 0.386438 0.884861 0.405229 0.896055 0.412582 0.900320 0.413399 0.905650 0.405229 0.908849 0.393791 0.909382 0.376634 0.907249 0.367647 0.900853 0.360294 0.887527 0.359477
0 0.858209 0.336601 0.855544 0.337418 0.853945 0.340686 0.850746 0.369281 0.845949 0.379902 0.848081 0.390523 0.853412 0.395425 0.857676 0.395425 0.861940 0.389706 0.866205 0.375000 0.872068 0.361928 0.874733 0.351307 0.873667 0.347222 0.869936 0.342320
0 0.897122 0.286765 0.889126 0.292484 0.881130 0.304739 0.873667 0.320261 0.869936 0.331699 0.870469 0.340686 0.874733 0.347222 0.884328 0.355392 0.894456 0.356209 0.897122 0.354575 0.899254 0.351307 0.903518 0.334967 0.904584 0.321895 0.903518 0.300654 0.901386 0.290850
0 0.929638 0.241830 0.923241 0.235294 0.914179 0.233660 0.904051 0.235294 0.891791 0.244281 0.889659 0.247549 0.889126 0.256536 0.893390 0.275327 0.900853 0.288399 0.908316 0.288399 0.914179 0.284314 0.930171 0.258987 0.931770 0.246732
0 0.931237 0.259804 0.924307 0.267974 0.915245 0.284314 0.916311 0.290033 0.925373 0.303922 0.941365 0.322712 0.944563 0.324346 0.953092 0.322712 0.955224 0.315359 0.955757 0.299020 0.954691 0.290850 0.948827 0.272059 0.944030 0.262255 0.939765 0.258170
0 0.994136 0.225490 0.989872 0.220588 0.979211 0.215686 0.967484 0.215686 0.956823 0.218137 0.953092 0.223039 0.953092 0.246732 0.954158 0.253268 0.956823 0.258987 0.961087 0.262255 0.973348 0.261438 0.981343 0.257353 0.990405 0.247549 0.992004 0.237745 0.995203 0.231209
0 0.997868 0.255719 0.988273 0.280229 0.987207 0.291667 0.990938 0.302288 0.994670 0.308007 1.000000 0.309641 1.000000 0.255719
0 0.850213 0.253268 0.848081 0.278595 0.851279 0.283497 0.872068 0.287582 0.878998 0.286765 0.884861 0.283497 0.891258 0.272876 0.888060 0.258987 0.877399 0.245915 0.862473 0.236111 0.856610 0.236928
0 0.807569 0.238562 0.802239 0.261438 0.802239 0.272059 0.804904 0.278595 0.812900 0.282680 0.838486 0.283497 0.846482 0.273693 0.845949 0.266340 0.836887 0.245098 0.825693 0.241013 0.815032 0.232843 0.810768 0.232843
0 0.787846 0.233660 0.781450 0.233660 0.777186 0.236928 0.769723 0.254085 0.764925 0.270425 0.765458 0.284314 0.768124 0.289216 0.770789 0.290850 0.779851 0.289216 0.799041 0.270425 0.800107 0.266340 0.799041 0.254085 0.795309 0.245098
0 0.755330 0.235294 0.750000 0.227124 0.744670 0.225490 0.737207 0.226307 0.719616 0.234477 0.709488 0.245098 0.708422 0.248366 0.708955 0.254902 0.724947 0.271242 0.733475 0.275327 0.746269 0.276144 0.751066 0.272876 0.753731 0.268791 0.756397 0.251634
0 0.653518 0.000000 0.655650 0.011438 0.665778 0.026144 0.669510 0.025327 0.679638 0.008987 0.679638 0.000000
0 0.679104 0.010621 0.680171 0.015523 0.685501 0.020425 0.691898 0.019608 0.695629 0.017157 0.704691 0.003268 0.704691 0.000000 0.679638 0.000000
0 0.719083 0.000000 0.708955 0.000000 0.708422 0.003268 0.704158 0.004085 0.696162 0.016340 0.689232 0.035948 0.689232 0.047386 0.692964 0.054739 0.707889 0.065359 0.713220 0.064542 0.715352 0.062092 0.715352 0.039216 0.717484 0.031863 0.722281 0.024510 0.723348 0.018791 0.722814 0.011438
0 0.724414 0.022876 0.721215 0.024510 0.715885 0.032680 0.713753 0.044935 0.720149 0.074346 0.727079 0.081699 0.732409 0.084150 0.742004 0.056373 0.744136 0.035948 0.742004 0.027778 0.738273 0.023693
0 0.695629 0.094771 0.695629 0.106209 0.696695 0.110294 0.699360 0.114379 0.704691 0.116830 0.718017 0.117647 0.728145 0.115196 0.736674 0.108660 0.738806 0.098856 0.732409 0.085784 0.720682 0.075980 0.709488 0.071078 0.704158 0.071895 0.699893 0.076797
0 0.742537 0.128268 0.739872 0.124183 0.731343 0.117647 0.705224 0.118464 0.700959 0.125817 0.700959 0.143791 0.703092 0.155229 0.707889 0.165033 0.713220 0.165850 0.721748 0.160948 0.738273 0.141340 0.742004 0.133987
0 0.777186 0.143791 0.763859 0.141340 0.759595 0.142157 0.742537 0.157680 0.738273 0.165033 0.737207 0.169935 0.737740 0.178922 0.741471 0.188725 0.747868 0.198529 0.755330 0.202614 0.760128 0.200163 0.765458 0.193627 0.769190 0.187092 0.777719 0.163399 0.778785 0.146242
0 0.721215 0.162582 0.715885 0.165033 0.711087 0.175654 0.707356 0.204248 0.707889 0.218954 0.709488 0.226307 0.712687 0.231209 0.716418 0.232843 0.722281 0.232843 0.736674 0.227124 0.739339 0.224673 0.740938 0.218954 0.739339 0.197712 0.734009 0.177288 0.730277 0.170752
0 0.692964 0.185458 0.689232 0.187908 0.682836 0.201797 0.679104 0.223856 0.678571 0.238562 0.679638 0.245098 0.682836 0.250000 0.690299 0.253268 0.696162 0.253268 0.708422 0.245915 0.711087 0.241830 0.712154 0.234477 0.707356 0.218954 0.705757 0.208333 0.699893 0.195261
0 0.789979 0.189542 0.785714 0.183824 0.778785 0.182190 0.768124 0.190359 0.757996 0.203431 0.755864 0.212418 0.752665 0.218137 0.752665 0.227941 0.756397 0.232843 0.767058 0.236928 0.776119 0.236928 0.787846 0.232026 0.793710 0.223856 0.795842 0.213235 0.794243 0.200980
0 0.797974 0.204248 0.797441 0.207516 0.798507 0.210784 0.811834 0.229575 0.825693 0.241013 0.834755 0.241830 0.840618 0.228758 0.843284 0.205882 0.841684 0.198529 0.839019 0.195261 0.818230 0.191993 0.808635 0.195261 0.800640 0.200163
0 0.858209 0.149510 0.856077 0.144608 0.853412 0.142974 0.844883 0.142974 0.832623 0.148693 0.812367 0.166667 0.810235 0.170752 0.810235 0.178922 0.824094 0.191993 0.841151 0.195261 0.855011 0.192810 0.859275 0.187092 0.860341 0.183007 0.860341 0.165850
0 0.824094 0.130719 0.814499 0.115196 0.810235 0.116013 0.801173 0.124183 0.785181 0.147876 0.781450 0.158497 0.781450 0.165033 0.784648 0.169118 0.791045 0.172386 0.810235 0.168301 0.826226 0.152778 0.827292 0.143791
0 0.799574 0.066176 0.797974 0.066176 0.790512 0.080065 0.779851 0.093954 0.778785 0.102124 0.779851 0.112745 0.781983 0.120098 0.785714 0.123366 0.799041 0.124183 0.809168 0.116830 0.811834 0.111928 0.811834 0.100490 0.809168 0.088235
0 0.797441 0.034314 0.793177 0.033497 0.785181 0.040850 0.779851 0.042484 0.764392 0.065359 0.763326 0.068627 0.763859 0.075980 0.773987 0.091503 0.780384 0.093137 0.789979 0.081699 0.797974 0.065359 0.801706 0.053105 0.801706 0.044118
0 0.773987 0.016340 0.765458 0.010621 0.759595 0.010621 0.753198 0.020425 0.746269 0.052288 0.747868 0.072712 0.754264 0.074346 0.761194 0.069444 0.778252 0.043301 0.780917 0.034314 0.780917 0.026144
0 0.751599 0.077614 0.747335 0.084967 0.746802 0.101307 0.748934 0.120098 0.752665 0.133987 0.755330 0.138072 0.763859 0.139706 0.776119 0.129085 0.779851 0.123366 0.780384 0.116830 0.776119 0.103758 0.764392 0.084967 0.759062 0.079248
0 0.730277 0.000000 0.730277 0.008987 0.732942 0.013889 0.739872 0.019608 0.752132 0.022059 0.759595 0.009804 0.760128 0.000000
0 0.772388 0.000000 0.772388 0.003268 0.786780 0.026961 0.790512 0.029412 0.799041 0.019608 0.804904 0.003268 0.804904 0.000000
0 0.807569 0.000000 0.807569 0.003268 0.810768 0.010621 0.817697 0.017157 0.824094 0.015523 0.833689 0.003268 0.833689 0.000000
0 0.842751 0.000000 0.844883 0.012255 0.848614 0.017974 0.851812 0.018791 0.864072 0.015523 0.868337 0.011438 0.872601 0.003268 0.872601 0.000000
0 0.880064 0.005719 0.878465 0.007353 0.876333 0.016340 0.876333 0.028595 0.880064 0.055556 0.885928 0.070261 0.888593 0.071895 0.897122 0.071078 0.909382 0.057190 0.912580 0.051471 0.912580 0.044118 0.908316 0.032680 0.892857 0.009804 0.887527 0.006536
0 0.872068 0.020425 0.869403 0.017974 0.864606 0.017974 0.849147 0.022059 0.843817 0.026144 0.839019 0.032680 0.837420 0.037582 0.839019 0.045752 0.843817 0.057190 0.849147 0.062908 0.859808 0.066176 0.869403 0.066176 0.873134 0.064542 0.876333 0.057190 0.877399 0.049020 0.875267 0.026961
0 0.846482 0.076797 0.845949 0.081699 0.848614 0.093954 0.861407 0.109477 0.870469 0.116013 0.876866 0.115196 0.878465 0.112745 0.884328 0.090686 0.884861 0.071895 0.883262 0.068627 0.880064 0.066993 0.856077 0.068627
0 0.829424 0.079248 0.821962 0.084967 0.816631 0.092320 0.813433 0.099673 0.813433 0.110294 0.827825 0.133987 0.837953 0.139706 0.845949 0.138072 0.848081 0.132353 0.848614 0.116830 0.843817 0.089052 0.838486 0.079248 0.834222 0.077614
0 0.815565 0.022059 0.809168 0.023693 0.805970 0.028595 0.803838 0.038399 0.803838 0.072712 0.805970 0.081699 0.810235 0.085784 0.821429 0.084150 0.832623 0.076797 0.835288 0.073529 0.836887 0.067810 0.836354 0.058007 0.830490 0.042484 0.822495 0.027778
0 0.877932 0.117647 0.872601 0.116830 0.869403 0.118464 0.865672 0.125000 0.860341 0.157680 0.861407 0.178105 0.864606 0.182190 0.884328 0.180556 0.888060 0.178105 0.891791 0.171569 0.891791 0.162582 0.886994 0.139706 0.882729 0.125000
0 0.918977 0.115196 0.914712 0.112745 0.908849 0.112745 0.905650 0.115196 0.898721 0.128268 0.895522 0.140523 0.895522 0.153595 0.894456 0.157680 0.896588 0.168301 0.901919 0.169118 0.916311 0.162582 0.924840 0.155229 0.930171 0.147059 0.930704 0.138889 0.929638 0.133987
0 0.904584 0.167484 0.890192 0.176471 0.886994 0.182190 0.886994 0.193627 0.894456 0.216503 0.906183 0.232026 0.913113 0.233660 0.915245 0.231209 0.917910 0.214869 0.916311 0.186275 0.912580 0.169118 0.910981 0.167484
0 0.855544 0.193627 0.850746 0.208333 0.849147 0.218137 0.853412 0.228758 0.858742 0.234477 0.879531 0.245098 0.885928 0.242647 0.892324 0.236928 0.892857 0.229575 0.891258 0.215686 0.881130 0.199346 0.870469 0.189542 0.865672 0.187908 0.859808 0.188725
0 0.944563 0.175654 0.942431 0.193627 0.942964 0.206699 0.944563 0.213235 0.947761 0.216503 0.956290 0.218137 0.976013 0.214052 0.985075 0.208333 0.989872 0.199346 0.990405 0.193627 0.985608 0.183007 0.974414 0.174020 0.959488 0.166667 0.952026 0.166667 0.947761 0.168301
0 0.982942 0.107026 0.977612 0.107026 0.970682 0.115196 0.965885 0.117647 0.950959 0.140523 0.950959 0.152778 0.960554 0.166667 0.969616 0.172386 0.975480 0.173203 0.980277 0.164216 0.982409 0.143791 0.986674 0.127451 0.985608 0.112745
0 1.000000 0.120098 0.997868 0.120098 0.992537 0.125000 0.984542 0.136438 0.981876 0.149510 0.982942 0.157680 1.000000 0.163399
0 1.000000 0.064542 0.997868 0.064542 0.984542 0.074346 0.980810 0.080065 0.980277 0.094771 0.981343 0.100490 0.986141 0.112745 0.993070 0.120915 1.000000 0.120098
0 0.935501 0.074346 0.934435 0.082516 0.940832 0.096405 0.956290 0.112745 0.962154 0.116013 0.968017 0.116013 0.973348 0.111928 0.976546 0.106209 0.979211 0.093954 0.979744 0.077614 0.976013 0.069444 0.965885 0.064542 0.953625 0.064542 0.945629 0.066176 0.941898 0.071078
0 0.928571 0.047386 0.923241 0.046569 0.918977 0.049020 0.899254 0.070261 0.896588 0.075980 0.896055 0.084967 0.898188 0.092320 0.904051 0.102124 0.912047 0.110294 0.915245 0.111928 0.920043 0.110294 0.928038 0.095588 0.932836 0.082516 0.934968 0.071895 0.934968 0.056373 0.932836 0.051471
0 0.922708 0.000000 0.922708 0.002451 0.917377 0.008987 0.915778 0.014706 0.916844 0.023693 0.919510 0.031046 0.931237 0.049837 0.947228 0.060458 0.950959 0.058824 0.950959 0.024510 0.946162 0.000000
0 0.974947 0.000000 0.957889 0.000000 0.957889 0.002451 0.954158 0.008987 0.952026 0.022876 0.952026 0.046569 0.955757 0.060458 0.957889 0.063725 0.963753 0.063725 0.969616 0.057190 0.981343 0.033497 0.984542 0.020425 0.984542 0.011438 0.981343 0.004902 0.975480 0.003268
0 0.997868 0.004085 0.996269 0.007353 0.992537 0.028595 0.992004 0.049020 0.995736 0.059641 1.000000 0.061275 1.000000 0.004085