0 0.798068 0.595652 0.789372 0.601739 0.790338 0.606522 0.798068 0.613043 0.813527 0.620000 0.829952 0.624348 0.838647 0.623913 0.844444 0.617826 0.845411 0.612609 0.830918 0.594783 0.824155 0.593043 0.811594 0.593043
0 0.534300 0.965652 0.529469 0.969130 0.526570 0.976522 0.527536 0.988696 0.533333 0.992609 0.540097 0.993913 0.550725 0.993913 0.577778 0.988261 0.585507 0.983478 0.583575 0.974348 0.557488 0.966522 0.545894 0.965217
0 0.591304 0.997826 0.569082 0.991739 0.543961 0.997826 0.543961 1.000000 0.591304 1.000000
0 0.605797 0.975652 0.591304 0.986087 0.590338 0.994783 0.596522 0.999783 0.643092 1.000000 0.646377 0.998261 0.653140 0.995652 0.657005 0.990435 0.656039 0.985217 0.653140 0.982609 0.642512 0.978261 0.624155 0.974783 0.612560 0.974348
0 0.658937 0.997826 0.658937 1.000000 0.711111 1.000000 0.711111 0.997826 0.696618 0.991304 0.685024 0.989565 0.670531 0.991304
0 0.741063 0.973043 0.725604 0.972174 0.717874 0.973478 0.699517 0.978261 0.693720 0.981739 0.693720 0.988261 0.696618 0.991304 0.710145 0.996522 0.715942 0.997826 0.721739 0.997826 0.724155 0.998609 0.726377 0.998826 0.728502 0.997826 0.739130 0.996522 0.743961 0.994348 0.747826 0.990435 0.750725 0.983478 0.750725 0.976957 0.746860 0.974348
0 0.807729 0.980435 0.788406 0.975217 0.770048 0.975217 0.759420 0.977391 0.754589 0.980435 0.747826 0.992174 0.752367 0.998826 0.775266 0.999696 0.800000 0.998261 0.807729 0.996957 0.811594 0.994783 0.812560 0.985652
0 0.860870 0.972609 0.849275 0.971304 0.839614 0.972174 0.822222 0.980000 0.816425 0.986522 0.816425 0.990870 0.821256 0.996522 0.826087 0.998261 0.834396 0.998870 0.859903 0.999174 0.866667 0.998261 0.872464 0.996522 0.877295 0.990870 0.878261 0.985652 0.872464 0.978261
0 0.931401 0.986522 0.919807 0.983043 0.911111 0.981739 0.886957 0.984348 0.880193 0.988261 0.876812 0.999522 0.914106 1.000000 0.922705 0.998261 0.928502 0.996522 0.932367 0.993043 0.933333 0.989130
0 0.952657 0.984783 0.946860 0.993043 0.945894 1.000000 0.996618 0.999696 0.998937 0.992174 0.996135 0.987391 0.992271 0.985217 0.984541 0.983913 0.978744 0.981304 0.958454 0.982609
0 0.993237 0.959565 0.987440 0.962609 0.985507 0.971304 0.995169 0.983478 1.000000 0.983478 1.000000 0.959565
0 0.985507 0.952609 0.978744 0.951304 0.951691 0.952174 0.933333 0.958696 0.927536 0.963043 0.926570 0.970870 0.929469 0.975217 0.938164 0.979130 0.949758 0.982174 0.961353 0.982174 0.972947 0.979130 0.982609 0.972174 0.988406 0.962609 0.989372 0.958261
0 0.913043 0.956957 0.899517 0.956522 0.889855 0.958261 0.871498 0.964783 0.867633 0.967391 0.867633 0.975217 0.889855 0.982609 0.900483 0.982609 0.913043 0.980870 0.923671 0.974783 0.923671 0.963478 0.919807 0.959565
0 0.848309 0.956087 0.839614 0.953478 0.824155 0.952609 0.805797 0.953043 0.793237 0.955217 0.789372 0.957826 0.784541 0.966522 0.791304 0.975217 0.801932 0.978261 0.822222 0.978261 0.829952 0.976957 0.840580 0.972174 0.850242 0.969565 0.856039 0.962609 0.853140 0.958696
0 0.884058 0.933043 0.858937 0.933913 0.845411 0.938261 0.841546 0.942609 0.841546 0.949130 0.845411 0.954348 0.864734 0.961304 0.874396 0.962174 0.891787 0.957826 0.898551 0.954348 0.904348 0.947826 0.906280 0.942609 0.903382 0.937826 0.897585 0.935217
0 0.908213 0.931739 0.906280 0.936087 0.913043 0.943478 0.926570 0.950000 0.943961 0.953478 0.958454 0.951304 0.962319 0.949565 0.967150 0.943913 0.968116 0.938261 0.965217 0.934348 0.956522 0.930000 0.952657 0.929130 0.942029 0.929130
0 0.780676 0.946957 0.754589 0.946957 0.742029 0.949565 0.731401 0.953913 0.728502 0.956957 0.729469 0.963913 0.733333 0.967391 0.742995 0.972174 0.757488 0.974348 0.769082 0.973913 0.782609 0.967826 0.786473 0.964348 0.791304 0.954783 0.787440 0.949130
0 0.666667 0.946957 0.662802 0.950870 0.662802 0.955652 0.677295 0.966087 0.688889 0.970435 0.699517 0.972174 0.715942 0.972609 0.726570 0.970870 0.725604 0.954783 0.717874 0.946957 0.712077 0.943478 0.700483 0.940870 0.690821 0.940870 0.674396 0.943913
0 0.637681 0.955652 0.628986 0.958261 0.623188 0.961739 0.618357 0.970000 0.619324 0.972609 0.624155 0.974783 0.640580 0.977826 0.659903 0.977826 0.669565 0.974348 0.673430 0.971304 0.675362 0.966087 0.672464 0.962609 0.664734 0.957391 0.658937 0.955217 0.645411 0.954783
0 0.590338 0.949130 0.570048 0.955217 0.566184 0.959130 0.566184 0.967391 0.571014 0.970000 0.585507 0.973913 0.593237 0.974783 0.612560 0.973913 0.617391 0.971304 0.622222 0.963913 0.622222 0.958261 0.619324 0.953913 0.607729 0.949130
0 0.581643 0.937391 0.570048 0.934348 0.552657 0.932609 0.542995 0.933043 0.530435 0.935217 0.528502 0.949565 0.534300 0.955652 0.543961 0.958696 0.555556 0.958696 0.566184 0.956522 0.587440 0.949565 0.590338 0.947826 0.590338 0.942174
0 0.521739 0.932609 0.510145 0.931304 0.504348 0.931739 0.484058 0.936087 0.475362 0.936957 0.472464 0.938261 0.468599 0.942609 0.469565 0.946957 0.482126 0.953913 0.512077 0.953913 0.519807 0.952609 0.524638 0.950435 0.528502 0.946522 0.529469 0.939565 0.527536 0.935652
0 0.465700 0.945217 0.443478 0.945217 0.433816 0.946522 0.426087 0.949565 0.422222 0.956087 0.423188 0.963478 0.427053 0.966957 0.435749 0.970000 0.449275 0.971739 0.463768 0.969130 0.476329 0.964348 0.480193 0.959565 0.481159 0.954348 0.470531 0.946957
0 0.382609 0.926522 0.374879 0.935652 0.382609 0.943043 0.395169 0.946957 0.413527 0.947391 0.427053 0.945652 0.444444 0.937826 0.445411 0.934348 0.441546 0.931304 0.413527 0.923043 0.393237 0.923478
0 0.492754 0.906522 0.472464 0.907391 0.460870 0.910000 0.452174 0.913478 0.446377 0.917391 0.445411 0.921739 0.451208 0.928696 0.468599 0.934348 0.485024 0.934783 0.489855 0.933478 0.502415 0.923478 0.502415 0.911739 0.497585 0.907826
0 0.342995 0.940435 0.331401 0.944783 0.327536 0.950870 0.328502 0.953478 0.342995 0.966522 0.349758 0.969130 0.371014 0.973043 0.376812 0.971304 0.384541 0.964348 0.383575 0.944348 0.376812 0.941304 0.366184 0.938696
0 0.307246 0.951304 0.294686 0.957391 0.292754 0.959130 0.293720 0.963043 0.303382 0.966522 0.304348 0.973043 0.310145 0.974783 0.319807 0.975217 0.335266 0.972174 0.342029 0.966522 0.333333 0.956087 0.325604 0.952174
0 0.294686 0.935217 0.279227 0.935217 0.266667 0.936957 0.249275 0.942174 0.245411 0.947391 0.249275 0.951304 0.259903 0.956522 0.283092 0.960435 0.291787 0.958696 0.305314 0.951739 0.309179 0.947391 0.308213 0.940000 0.302415 0.936522
0 0.240580 0.946087 0.219324 0.945217 0.207729 0.948261 0.200000 0.951739 0.197101 0.954348 0.196135 0.959565 0.197101 0.966522 0.200000 0.968261 0.226087 0.969565 0.234783 0.968261 0.248309 0.964348 0.254106 0.959565 0.255072 0.955217
0 0.142029 0.953913 0.134300 0.957391 0.129469 0.962609 0.130435 0.966957 0.135266 0.969565 0.137198 0.976087 0.142995 0.981304 0.165217 0.979565 0.173913 0.977391 0.185507 0.970870 0.184541 0.963478 0.171981 0.956957 0.154589 0.953913
0 0.142995 0.935217 0.134300 0.934348 0.114010 0.935217 0.099517 0.940435 0.090821 0.946087 0.086957 0.950435 0.086957 0.955652 0.092754 0.959130 0.111111 0.963478 0.121739 0.963478 0.133333 0.959130 0.146860 0.946087 0.145894 0.937826
0 0.228019 0.935217 0.210628 0.930000 0.199034 0.928261 0.183575 0.928261 0.159420 0.931304 0.149758 0.937826 0.149758 0.944783 0.160386 0.954348 0.168116 0.956087 0.178744 0.955652 0.194203 0.952609 0.216425 0.945652 0.225121 0.939565
0 0.220290 0.915652 0.214493 0.920000 0.214493 0.929130 0.216425 0.931739 0.236715 0.934783 0.250242 0.935217 0.260870 0.933913 0.268599 0.930435 0.273430 0.923043 0.270531 0.919565 0.261836 0.915652 0.241546 0.913043
0 0.190338 0.905217 0.167150 0.904348 0.155556 0.906522 0.136232 0.914348 0.133333 0.918261 0.133333 0.924348 0.142029 0.930000 0.148792 0.931304 0.161353 0.931304 0.170048 0.929565 0.194203 0.927391 0.205797 0.923043 0.207729 0.921304 0.205797 0.914783 0.199034 0.909130
0 0.085990 0.889130 0.082126 0.893478 0.082126 0.901304 0.091787 0.909130 0.098551 0.912609 0.110145 0.916087 0.127536 0.916957 0.134300 0.915652 0.147826 0.908261 0.146860 0.904783 0.117874 0.903478 0.105314 0.900435 0.111111 0.896522 0.115652 0.894217 0.120676 0.891870 0.122705 0.890870 0.118841 0.889130 0.095652 0.888261
0 0.175845 0.896522 0.172947 0.894348 0.152657 0.889565 0.142029 0.888261 0.122705 0.890870 0.114976 0.895217 0.109855 0.898348 0.107729 0.900174 0.115749 0.902826 0.126570 0.903913 0.149855 0.904565 0.163285 0.904783 0.172947 0.902609 0.175845 0.900870
0 0.208696 0.883478 0.178744 0.892609 0.176812 0.896087 0.179710 0.901304 0.195169 0.907826 0.204831 0.910435 0.222222 0.913043 0.228019 0.910870 0.232850 0.902174 0.231884 0.888261 0.221256 0.884348
0 0.166184 0.863478 0.154589 0.866522 0.145894 0.873043 0.144928 0.883043 0.147826 0.886957 0.153623 0.889565 0.171014 0.893043 0.179710 0.892174 0.201932 0.885652 0.204831 0.879130 0.203865 0.876087 0.198068 0.871739 0.185507 0.868696 0.176812 0.864348
0 0.142029 0.872174 0.135266 0.870000 0.121739 0.868696 0.106280 0.869130 0.098551 0.870435 0.086957 0.874783 0.085024 0.876957 0.085024 0.882174 0.087923 0.886087 0.101449 0.888261 0.126570 0.887391 0.142029 0.885217 0.143961 0.883478 0.143961 0.874783
0 0.247343 0.885217 0.241546 0.886522 0.234783 0.890870 0.232850 0.907826 0.236715 0.910000 0.246377 0.912609 0.265700 0.913913 0.292754 0.904783 0.292754 0.895217 0.288889 0.890870 0.277295 0.886957 0.260870 0.885217
0 0.331401 0.911739 0.317874 0.903478 0.307246 0.902609 0.291787 0.905217 0.274396 0.911739 0.270531 0.916522 0.273430 0.919565 0.281159 0.922174 0.305314 0.925217 0.315942 0.925217 0.318841 0.924348 0.320773 0.919565
0 0.329469 0.913478 0.319807 0.919565 0.321739 0.929130 0.327536 0.934783 0.334300 0.937826 0.341063 0.939130 0.354589 0.939130 0.365217 0.937391 0.375845 0.932174 0.383575 0.924348 0.379710 0.920000 0.367150 0.914783 0.344928 0.912609
0 0.381643 0.900870 0.373913 0.908696 0.373913 0.916087 0.383575 0.921304 0.392271 0.923043 0.408696 0.922609 0.422222 0.920435 0.430918 0.917826 0.433816 0.913043 0.432850 0.909130 0.416425 0.899130 0.406763 0.897391 0.393237 0.897391
0 0.370048 0.886087 0.356522 0.883478 0.344928 0.883478 0.330435 0.886087 0.325604 0.888261 0.321739 0.894348 0.320773 0.904783 0.327536 0.909565 0.334300 0.910870 0.348792 0.910870 0.363285 0.908696 0.374879 0.905652 0.382609 0.900435 0.383575 0.894783 0.382609 0.892174
0 0.290821 0.866522 0.281159 0.868696 0.269565 0.873913 0.267633 0.876087 0.269565 0.881739 0.272464 0.884348 0.291787 0.892174 0.297585 0.893043 0.313043 0.893043 0.321739 0.890435 0.328502 0.883478 0.327536 0.876522 0.320773 0.870870 0.310145 0.866957
0 0.554589 0.907391 0.533333 0.905652 0.516908 0.906957 0.506280 0.910870 0.505314 0.923478 0.515942 0.930870 0.524638 0.932609 0.542029 0.932174 0.560386 0.924348 0.562319 0.911739
0 0.455072 0.878696 0.437681 0.883913 0.426087 0.889130 0.422222 0.893913 0.421256 0.900435 0.430918 0.906957 0.457971 0.909565 0.466667 0.908696 0.476329 0.905652 0.481159 0.900870 0.483092 0.893913 0.480193 0.887826 0.465700 0.880000
0 0.380676 0.866957 0.371981 0.875652 0.372947 0.885217 0.379710 0.890435 0.393237 0.893043 0.406763 0.893043 0.418357 0.891304 0.436715 0.881739 0.434783 0.876957 0.427053 0.871304 0.416425 0.867391 0.406763 0.865652 0.394203 0.865217
0 0.601932 0.928696 0.597101 0.932174 0.600000 0.939130 0.606763 0.946087 0.614493 0.949130 0.628019 0.951739 0.641546 0.950000 0.654106 0.943478 0.655072 0.940870 0.653140 0.934783 0.648309 0.930435 0.625121 0.927391
0 0.577778 0.906087 0.568116 0.910870 0.569082 0.920870 0.575845 0.929565 0.587440 0.932174 0.600966 0.927391 0.606763 0.922174 0.609662 0.916522 0.608696 0.911739 0.605797 0.909130 0.597101 0.906522
0 0.656039 0.920000 0.651208 0.922609 0.650242 0.925217 0.652174 0.931739 0.658937 0.940000 0.672464 0.942609 0.680193 0.942174 0.690821 0.940000 0.701449 0.932174 0.698551 0.923478 0.690821 0.920870 0.674396 0.918696
0 0.736232 0.912174 0.714010 0.914783 0.705314 0.919565 0.704348 0.923913 0.708213 0.927826 0.717874 0.931304 0.725604 0.932609 0.745894 0.931739 0.751691 0.928261 0.754589 0.924348 0.755556 0.919565 0.752657 0.916957 0.743961 0.913478
0 0.684058 0.887826 0.669565 0.890435 0.656039 0.895652 0.650242 0.903913 0.651208 0.908696 0.658937 0.912609 0.670531 0.915217 0.695652 0.915652 0.705314 0.913913 0.713043 0.910435 0.718841 0.905217 0.718841 0.902174 0.714976 0.894783 0.706280 0.889130 0.700483 0.887826
0 0.783575 0.911739 0.769082 0.915217 0.759420 0.919130 0.755556 0.929130 0.759420 0.933043 0.767150 0.935652 0.775845 0.936522 0.797101 0.936087 0.802899 0.933913 0.804831 0.931739 0.807729 0.919565 0.795169 0.912174
0 0.751691 0.886522 0.739130 0.887826 0.730435 0.891304 0.725604 0.895217 0.725604 0.898696 0.731401 0.904783 0.742995 0.911739 0.756522 0.913478 0.767150 0.912174 0.778744 0.906087 0.782609 0.902174 0.782609 0.895652 0.774879 0.889130 0.770048 0.887391
0 0.847343 0.883478 0.839614 0.883043 0.831884 0.881304 0.821256 0.881304 0.800966 0.884348 0.793237 0.888261 0.787440 0.896522 0.786473 0.900435 0.791304 0.904783 0.800000 0.908696 0.818357 0.911739 0.836715 0.910000 0.849275 0.907391 0.857005 0.903478 0.858937 0.896087 0.857005 0.890435
0 0.821256 0.912174 0.812560 0.919130 0.811594 0.929130 0.815459 0.932609 0.821256 0.935217 0.833816 0.935652 0.857005 0.932174 0.861836 0.928261 0.860870 0.923478 0.857005 0.919565 0.839614 0.913043 0.831884 0.911739
0 0.874396 0.904348 0.864734 0.907826 0.861836 0.911739 0.862802 0.920870 0.866667 0.925217 0.881159 0.928261 0.889855 0.928696 0.909179 0.926957 0.917874 0.921304 0.917874 0.915652 0.909179 0.907826 0.899517 0.904348 0.893720 0.903478
0 0.962319 0.898696 0.938164 0.900435 0.924638 0.907826 0.924638 0.913043 0.934300 0.920435 0.950725 0.927391 0.971014 0.923913 0.975845 0.921304 0.978744 0.916522 0.977778 0.908261 0.974879 0.903478 0.969082 0.900000
0 0.995169 0.906522 0.982609 0.911304 0.977778 0.916522 0.989372 0.931739 0.995169 0.935652 1.000000 0.935652 1.000000 0.906522
0 0.995169 0.887826 0.991304 0.892174 0.995169 0.905217 1.000000 0.905217 1.000000 0.887826
0 0.974879 0.865217 0.956522 0.869130 0.952657 0.872609 0.952657 0.878261 0.960386 0.887391 0.967150 0.890435 0.977778 0.892174 0.987440 0.892174 0.996135 0.888696 1.000000 0.888696 1.000000 0.866087
0 0.916908 0.876957 0.907246 0.878696 0.900483 0.881304 0.898551 0.884348 0.899517 0.891304 0.903382 0.896957 0.910145 0.901739 0.914976 0.903043 0.927536 0.903043 0.943961 0.896957 0.945894 0.890000 0.937198 0.880870 0.926570 0.877391
0 0.855072 0.873478 0.847343 0.876087 0.847343 0.878261 0.856039 0.885652 0.865700 0.890435 0.869565 0.896087 0.872464 0.897391 0.881159 0.898261 0.895652 0.896957 0.897585 0.880000 0.891787 0.872609 0.879227 0.870870 0.864734 0.871739
0 0.925604 0.856087 0.912077 0.862174 0.911111 0.869565 0.916908 0.873478 0.925604 0.876522 0.943961 0.878261 0.955556 0.869130 0.956522 0.864783 0.942995 0.856522 0.935266 0.855652
0 0.918841 0.840870 0.899517 0.838261 0.882126 0.839565 0.871498 0.842174 0.869565 0.844783 0.871498 0.853043 0.876329 0.857826 0.883092 0.861304 0.891787 0.863043 0.907246 0.863043 0.922705 0.856522 0.925604 0.852174 0.925604 0.845217
0 0.719807 0.866522 0.716908 0.870000 0.716908 0.874783 0.720773 0.877826 0.728502 0.881304 0.742995 0.883478 0.754589 0.883478 0.779710 0.880870 0.784541 0.878261 0.791304 0.869565 0.773913 0.861304 0.754589 0.859130 0.738164 0.859565 0.727536 0.862609
0 0.843478 0.836957 0.829952 0.836087 0.805797 0.837826 0.790338 0.841739 0.790338 0.846087 0.813527 0.857826 0.824155 0.859565 0.839614 0.858696 0.848309 0.853913 0.853140 0.847826 0.853140 0.841739 0.848309 0.838261
0 0.725604 0.834348 0.719807 0.837826 0.718841 0.840000 0.719807 0.845652 0.724638 0.850000 0.737198 0.855217 0.746860 0.855652 0.752657 0.854783 0.763285 0.848696 0.767150 0.837391 0.753623 0.833478 0.733333 0.833478
0 0.671498 0.848261 0.662802 0.852609 0.658937 0.857391 0.658937 0.861739 0.664734 0.868696 0.669565 0.871739 0.679227 0.873043 0.697585 0.872174 0.711111 0.866087 0.712077 0.861304 0.700483 0.852174 0.689855 0.847826
0 0.637681 0.860435 0.619324 0.864783 0.613527 0.867391 0.610628 0.870870 0.609662 0.876957 0.614493 0.881304 0.621256 0.883913 0.628019 0.885217 0.642512 0.885652 0.649275 0.884783 0.660870 0.880435 0.664734 0.876522 0.664734 0.869130 0.659903 0.863478 0.651208 0.860870
0 0.551691 0.876522 0.547826 0.880435 0.545894 0.886087 0.552657 0.897391 0.559420 0.901304 0.564251 0.902174 0.578744 0.902174 0.585507 0.900870 0.597101 0.896522 0.599034 0.888696 0.591304 0.884348 0.561353 0.876522
0 0.513043 0.873913 0.503382 0.875652 0.496618 0.878261 0.486957 0.884783 0.485024 0.890000 0.497585 0.899565 0.505314 0.901304 0.519807 0.901739 0.532367 0.899130 0.541063 0.893478 0.542029 0.880000 0.535266 0.875652 0.530435 0.874348
0 0.436715 0.856957 0.432850 0.861304 0.437681 0.866522 0.447343 0.873043 0.464734 0.878261 0.478261 0.877391 0.484058 0.874783 0.487923 0.871304 0.486957 0.864783 0.465700 0.855652 0.447343 0.855217
0 0.494686 0.856957 0.492754 0.860000 0.493720 0.865217 0.503382 0.869565 0.524638 0.873478 0.534300 0.873913 0.542029 0.872609 0.545894 0.870870 0.548792 0.865217 0.547826 0.857391 0.544928 0.853913 0.541063 0.852174 0.529469 0.850870 0.515942 0.850870 0.506280 0.852609
0 0.600966 0.849130 0.575845 0.846522 0.569082 0.846957 0.557488 0.850435 0.553623 0.856957 0.553623 0.866522 0.560386 0.871304 0.568116 0.873478 0.581643 0.873478 0.589372 0.872174 0.607729 0.866522 0.611594 0.857391 0.607729 0.852609
0 0.686957 0.828696 0.673430 0.827391 0.664734 0.828696 0.655072 0.832174 0.638647 0.841739 0.641546 0.845652 0.652174 0.847826 0.659614 0.848087 0.691787 0.846522 0.699517 0.842174 0.700483 0.837826 0.696618 0.833913
0 0.610628 0.818696 0.598068 0.820870 0.583575 0.827391 0.578744 0.834348 0.579710 0.837826 0.586473 0.841739 0.600966 0.843913 0.615459 0.844348 0.638647 0.840870 0.644444 0.837391 0.646377 0.832609 0.640580 0.825652 0.628986 0.821739 0.617391 0.819130
0 0.507246 0.833043 0.505314 0.836087 0.506280 0.844783 0.509179 0.846957 0.520773 0.850000 0.539130 0.851304 0.552657 0.850870 0.570048 0.846087 0.572947 0.844348 0.572947 0.839565 0.568116 0.833478 0.563285 0.830870 0.553623 0.828261 0.544928 0.826957 0.517874 0.826957 0.513043 0.828696
0 0.432850 0.836087 0.430918 0.842174 0.433816 0.845217 0.440580 0.848696 0.452174 0.851739 0.460870 0.852609 0.471498 0.851739 0.484058 0.852174 0.490821 0.851739 0.495652 0.849565 0.499517 0.841739 0.498551 0.838261 0.490821 0.833478 0.483092 0.831739 0.465700 0.829565 0.456039 0.830000 0.440580 0.832609
0 0.399034 0.837826 0.381643 0.844783 0.376812 0.853478 0.377778 0.858261 0.385507 0.861304 0.397101 0.863043 0.413527 0.863478 0.424155 0.862174 0.428019 0.860870 0.435749 0.854348 0.435749 0.845217 0.418357 0.837826
0 0.349758 0.855652 0.342995 0.857826 0.332367 0.858261 0.322705 0.862174 0.320773 0.863913 0.320773 0.869565 0.328502 0.877391 0.332367 0.879130 0.345894 0.881304 0.354589 0.881304 0.362319 0.880000 0.366184 0.878261 0.375845 0.869130 0.377778 0.864783 0.375845 0.861304 0.370048 0.857826 0.362319 0.856087
0 0.378744 0.827391 0.366184 0.827391 0.358454 0.829130 0.351691 0.833478 0.348792 0.840000 0.342029 0.847826 0.342029 0.850870 0.346860 0.851739 0.351691 0.854348 0.364251 0.854783 0.368116 0.853913 0.371981 0.850870 0.380676 0.836087 0.380676 0.829565
0 0.291787 0.835217 0.280193 0.840870 0.281159 0.850000 0.295652 0.858696 0.312077 0.861304 0.318841 0.861304 0.324638 0.860000 0.331401 0.856957 0.334300 0.853478 0.338164 0.851739 0.342029 0.846087 0.341063 0.841739 0.330435 0.836087 0.323671 0.834783 0.298551 0.834348
0 0.278261 0.850000 0.265700 0.848261 0.256039 0.848696 0.241546 0.853478 0.237681 0.858696 0.236715 0.866087 0.244444 0.871304 0.252174 0.872609 0.271498 0.871739 0.291787 0.865217 0.293720 0.862174 0.292754 0.857391
0 0.214493 0.837391 0.206763 0.837826 0.200966 0.841739 0.192271 0.843913 0.183575 0.849130 0.176812 0.856087 0.176812 0.860435 0.180676 0.865217 0.188406 0.869565 0.200966 0.870870 0.219324 0.870870 0.227053 0.869565 0.232850 0.865652 0.235749 0.856957 0.238647 0.854348 0.236715 0.845652 0.231884 0.842174 0.222222 0.840435
0 0.188406 0.833478 0.179710 0.831739 0.169082 0.831304 0.161353 0.832174 0.150725 0.835652 0.140097 0.841304 0.137198 0.844348 0.136232 0.850000 0.140097 0.855652 0.148792 0.861304 0.161353 0.862609 0.175845 0.859565 0.182609 0.850000 0.197101 0.840870 0.198068 0.837826
0 0.090821 0.849130 0.086957 0.856087 0.086957 0.862174 0.090821 0.865652 0.098551 0.867391 0.117874 0.867391 0.125604 0.866087 0.136232 0.860000 0.138164 0.853043 0.133333 0.849130 0.127536 0.847826 0.117874 0.847826 0.109179 0.846522 0.098551 0.846957
0 0.313043 0.809130 0.303382 0.811739 0.293720 0.817826 0.293720 0.823478 0.297585 0.831739 0.308213 0.833913 0.334300 0.835217 0.349758 0.832174 0.356522 0.826087 0.356522 0.816957 0.340097 0.809565 0.330435 0.808261
0 0.229952 0.824348 0.224155 0.828261 0.223188 0.835217 0.226087 0.838261 0.236715 0.842609 0.256039 0.846957 0.266667 0.846522 0.276329 0.843043 0.278261 0.836522 0.273430 0.833478 0.259903 0.828261 0.248309 0.826522 0.239614 0.823478
0 0.107246 0.818696 0.098551 0.820000 0.088889 0.823043 0.084058 0.831304 0.084058 0.838696 0.087923 0.842174 0.094686 0.844783 0.117874 0.846087 0.129469 0.844348 0.142029 0.840870 0.146860 0.838261 0.147826 0.833043 0.142029 0.826957 0.136232 0.823478 0.126570 0.820870
0 0.208696 0.817391 0.199034 0.812609 0.185507 0.811304 0.157488 0.814348 0.151691 0.816522 0.144928 0.823043 0.146860 0.825217 0.161353 0.830435 0.188406 0.832609 0.206763 0.830435 0.208696 0.827391
0 0.105314 0.793043 0.097585 0.796522 0.092754 0.802174 0.091787 0.809130 0.093720 0.814348 0.098551 0.816087 0.117874 0.819130 0.132367 0.820000 0.143961 0.819130 0.154589 0.813043 0.154589 0.806522 0.150725 0.802609 0.140097 0.797391 0.117874 0.792174
0 0.194203 0.781739 0.188406 0.780870 0.169082 0.781304 0.156522 0.784348 0.146860 0.788696 0.141063 0.795217 0.147826 0.800000 0.157488 0.804348 0.172947 0.806522 0.189372 0.806522 0.200000 0.804348 0.206763 0.796957 0.207729 0.789565 0.204831 0.786087
0 0.211594 0.806522 0.207729 0.810435 0.207729 0.815652 0.211594 0.820000 0.216425 0.822174 0.228986 0.824348 0.248309 0.823913 0.257005 0.820435 0.260870 0.817391 0.262802 0.810435 0.257005 0.806957 0.231884 0.804783 0.219324 0.804783
0 0.272464 0.816087 0.259903 0.820435 0.259903 0.824348 0.261836 0.826522 0.270531 0.830000 0.279227 0.835217 0.285024 0.835652 0.291787 0.834348 0.293720 0.832174 0.291787 0.821304 0.283092 0.815652
0 0.272464 0.790435 0.256039 0.794783 0.255072 0.800435 0.257971 0.806522 0.269565 0.813478 0.291787 0.815652 0.314010 0.807826 0.315942 0.805217 0.314976 0.797391 0.302415 0.791739 0.286957 0.790435
0 0.085024 0.767391 0.082126 0.783478 0.085990 0.787826 0.090821 0.790000 0.100483 0.791304 0.126570 0.790435 0.136232 0.787826 0.146860 0.783043 0.149758 0.780000 0.147826 0.776087 0.135266 0.771304 0.117874 0.766957 0.109179 0.766087 0.089855 0.765652
0 0.210628 0.773478 0.207729 0.775217 0.206763 0.783478 0.208696 0.787391 0.225121 0.791304 0.237681 0.792174 0.245411 0.791304 0.251208 0.788261 0.255072 0.783913 0.251208 0.775217 0.246377 0.773913 0.224155 0.772609
0 0.204831 0.755652 0.192271 0.757391 0.180676 0.761739 0.169082 0.763913 0.163285 0.766522 0.159420 0.770435 0.159420 0.773043 0.169082 0.779565 0.173913 0.780435 0.187440 0.780435 0.199034 0.777391 0.210628 0.772174 0.212560 0.767391 0.217391 0.763478 0.213527 0.760000
0 0.115942 0.740000 0.102415 0.743913 0.099517 0.747826 0.099517 0.756957 0.109179 0.762609 0.115942 0.765217 0.120773 0.765217 0.149758 0.760000 0.156522 0.756087 0.157488 0.750870 0.143961 0.743478
0 0.112077 0.716522 0.107246 0.719565 0.103382 0.725217 0.104348 0.733043 0.113043 0.738696 0.132367 0.741304 0.143961 0.741304 0.157488 0.735652 0.161353 0.732609 0.161353 0.727826 0.157488 0.722609 0.147826 0.718696 0.135266 0.716087 0.118841 0.715652
0 0.206763 0.730870 0.177778 0.730870 0.163285 0.733043 0.159420 0.735217 0.158454 0.741304 0.160386 0.745217 0.167150 0.750435 0.177778 0.755217 0.189372 0.756087 0.200966 0.752174 0.206763 0.746522 0.219324 0.740435 0.217391 0.734783
0 0.219324 0.743478 0.210628 0.748261 0.208696 0.752609 0.223188 0.766522 0.230918 0.770435 0.237681 0.772174 0.245411 0.773043 0.256039 0.772609 0.261836 0.769565 0.270531 0.760000 0.265700 0.746957 0.257005 0.742609 0.248309 0.740870 0.237681 0.740870
0 0.273430 0.759130 0.263768 0.768696 0.258937 0.771304 0.265700 0.784348 0.271498 0.788261 0.278261 0.790000 0.302415 0.790435 0.313043 0.788696 0.315942 0.785652 0.314976 0.775652 0.300483 0.762174 0.283092 0.758261
0 0.287923 0.733478 0.268599 0.736087 0.262802 0.739130 0.262802 0.743043 0.273430 0.753478 0.278261 0.755652 0.291787 0.757826 0.300483 0.755217 0.310145 0.753913 0.315942 0.751304 0.319807 0.746522 0.319807 0.741739 0.316908 0.739130 0.307246 0.735217
0 0.329469 0.802174 0.329469 0.806957 0.342995 0.809565 0.359420 0.816522 0.366184 0.817826 0.373913 0.817826 0.382609 0.815217 0.384541 0.807826 0.372947 0.800435 0.349758 0.799565 0.334300 0.800870
0 0.367150 0.776087 0.361353 0.775217 0.342029 0.775652 0.330435 0.778261 0.318841 0.784783 0.315942 0.787826 0.315942 0.791739 0.320773 0.796522 0.329469 0.800000 0.334300 0.800870 0.349758 0.799565 0.362319 0.800435 0.370048 0.799565 0.376812 0.797391 0.382609 0.790870 0.383575 0.786522
0 0.317874 0.754348 0.308213 0.759565 0.308213 0.764348 0.314976 0.771304 0.325604 0.776522 0.335266 0.776957 0.343961 0.775217 0.346860 0.773043 0.346860 0.767391 0.340097 0.756087 0.330435 0.755217 0.326570 0.753913
0 0.342029 0.729130 0.326570 0.734783 0.322705 0.740000 0.322705 0.750000 0.327536 0.753478 0.339130 0.755652 0.345894 0.758696 0.357488 0.759130 0.368116 0.758261 0.374879 0.753913 0.379710 0.748261 0.373913 0.735217 0.362319 0.730000
0 0.415459 0.726087 0.401932 0.726087 0.390338 0.728261 0.380676 0.731304 0.377778 0.735217 0.377778 0.740870 0.382609 0.747391 0.389372 0.750870 0.400966 0.751739 0.403865 0.753043 0.430918 0.749565 0.433816 0.748261 0.436715 0.743043 0.435749 0.736087 0.430918 0.731739 0.422222 0.727391
0 0.377778 0.754783 0.375845 0.757391 0.369082 0.759565 0.366184 0.766087 0.368116 0.775652 0.383575 0.784783 0.395169 0.786522 0.404831 0.785652 0.425121 0.776522 0.425121 0.770000 0.419324 0.764783 0.409662 0.760870 0.403575 0.755783 0.395266 0.753739 0.385507 0.754783
0 0.415459 0.751739 0.413527 0.758261 0.415459 0.763043 0.430918 0.772609 0.435749 0.773478 0.450242 0.772609 0.461836 0.769565 0.471498 0.760435 0.471498 0.755217 0.465700 0.751739 0.451208 0.750000 0.426087 0.750000
0 0.445411 0.773043 0.434783 0.774783 0.424155 0.779130 0.422222 0.787391 0.442512 0.798261 0.447343 0.799565 0.457971 0.799130 0.469565 0.796522 0.475362 0.792609 0.475362 0.783043 0.471498 0.779565 0.458937 0.773913
0 0.401932 0.786957 0.391304 0.788261 0.381643 0.791304 0.378744 0.794348 0.378744 0.801739 0.386473 0.810435 0.393237 0.813478 0.399034 0.814783 0.410628 0.814783 0.416425 0.813913 0.437681 0.803043 0.438647 0.797826 0.435749 0.795217 0.418357 0.787826
0 0.447343 0.800870 0.426087 0.810435 0.421256 0.815652 0.421256 0.821739 0.424155 0.824348 0.431884 0.827391 0.444444 0.828696 0.459903 0.828696 0.467633 0.827391 0.471498 0.825217 0.474396 0.820000 0.475362 0.811739 0.457971 0.800870
0 0.507246 0.806957 0.487923 0.807826 0.479227 0.810435 0.476329 0.813913 0.475362 0.819130 0.478261 0.825217 0.486957 0.829130 0.498551 0.830870 0.509179 0.830000 0.520773 0.824783 0.524638 0.819565 0.525604 0.814348 0.523671 0.812174 0.515942 0.808261
0 0.540097 0.803478 0.530435 0.809565 0.527536 0.813478 0.527536 0.817826 0.530435 0.821739 0.538164 0.824783 0.552657 0.827826 0.575845 0.827826 0.583575 0.826522 0.595169 0.820435 0.596135 0.817826 0.593237 0.814783 0.574879 0.806087 0.564251 0.805217 0.553623 0.803043 0.542995 0.802609
0 0.538164 0.777391 0.515942 0.777826 0.506280 0.779565 0.495652 0.783043 0.483092 0.790000 0.484058 0.799130 0.499517 0.805652 0.505314 0.806522 0.518841 0.806087 0.530435 0.801739 0.534300 0.796957 0.536232 0.787826 0.542029 0.780000
0 0.500483 0.756087 0.490821 0.755652 0.482126 0.756957 0.472464 0.760435 0.466667 0.769565 0.466667 0.773913 0.473430 0.780000 0.477295 0.781304 0.485024 0.782174 0.500483 0.781739 0.505314 0.779565 0.515942 0.777391 0.522705 0.774348 0.524638 0.767391 0.519807 0.762174 0.514010 0.759130
0 0.528502 0.731739 0.513043 0.731739 0.499517 0.733913 0.494686 0.735652 0.490821 0.740000 0.490821 0.746957 0.494686 0.750870 0.500483 0.753478 0.514010 0.756087 0.524638 0.755652 0.535266 0.752609 0.544928 0.748261 0.548792 0.744348 0.548792 0.740435 0.544928 0.736522 0.539130 0.733913
0 0.512077 0.708696 0.502415 0.707826 0.482126 0.708696 0.472464 0.712609 0.469565 0.720870 0.473430 0.726522 0.482126 0.730870 0.489855 0.732174 0.501449 0.732174 0.519807 0.723478 0.521739 0.721739 0.520773 0.712609
0 0.513043 0.690435 0.508213 0.693043 0.506280 0.705652 0.525604 0.711739 0.534300 0.710870 0.549758 0.705652 0.550725 0.700870 0.531401 0.691739 0.518841 0.690000
0 0.428986 0.675217 0.420290 0.676957 0.413527 0.681304 0.409662 0.693913 0.411594 0.697391 0.415459 0.699565 0.427053 0.701739 0.440580 0.701739 0.457971 0.697391 0.465700 0.694348 0.468599 0.691304 0.468599 0.685217 0.465700 0.681739 0.457005 0.678261 0.443478 0.675652
0 0.367150 0.680435 0.352657 0.686522 0.346860 0.690870 0.345894 0.695652 0.349758 0.700870 0.357488 0.704348 0.387440 0.710435 0.408696 0.710870 0.411594 0.709565 0.410628 0.699565 0.400000 0.686957 0.384541 0.679130 0.375845 0.678696
0 0.376812 0.706522 0.359420 0.706087 0.338164 0.708696 0.328502 0.712609 0.333333 0.720435 0.342995 0.726957 0.361353 0.729130 0.371014 0.727826 0.380676 0.724783 0.389372 0.717391 0.389372 0.711739
0 0.308213 0.709565 0.296618 0.711304 0.285990 0.714348 0.276329 0.724783 0.291787 0.732174 0.310145 0.734348 0.326570 0.731739 0.331401 0.719565 0.327536 0.714348 0.319807 0.710435
0 0.279227 0.709565 0.272464 0.709130 0.266667 0.710435 0.248309 0.711304 0.240580 0.712609 0.227053 0.717391 0.224155 0.719565 0.224155 0.724783 0.238647 0.732609 0.246377 0.734783 0.255072 0.734783 0.257971 0.733913 0.262802 0.729565 0.279227 0.720870 0.282126 0.715652 0.282126 0.711739
0 0.157488 0.702609 0.149758 0.708261 0.150725 0.713043 0.156522 0.717826 0.175845 0.724783 0.184541 0.725652 0.199034 0.725217 0.209662 0.722174 0.215459 0.715652 0.215459 0.710435 0.209662 0.703478 0.203865 0.700870 0.195169 0.698696 0.182609 0.698261 0.172947 0.699130
0 0.171014 0.693043 0.145894 0.684783 0.115942 0.684783 0.098551 0.689130 0.094686 0.693043 0.098551 0.703913 0.102415 0.707391 0.109179 0.710000 0.126570 0.711304 0.147826 0.709130 0.155556 0.703043 0.162319 0.700000 0.172947 0.697391
0 0.171014 0.666087 0.152657 0.658696 0.142995 0.658696 0.128502 0.661739 0.108213 0.673043 0.107246 0.678261 0.111111 0.682609 0.114976 0.683913 0.129469 0.684348 0.144928 0.683913 0.163285 0.681739 0.167150 0.677826 0.173913 0.674348 0.173913 0.669130
0 0.169082 0.676522 0.164251 0.680435 0.164251 0.682174 0.169082 0.687826 0.176812 0.691304 0.188406 0.693913 0.202899 0.695652 0.211594 0.695217 0.216425 0.693913 0.219324 0.690000 0.219324 0.685217 0.213527 0.678696 0.209662 0.676957 0.200966 0.675217 0.180676 0.675217
0 0.276329 0.693043 0.263768 0.683043 0.257005 0.680870 0.245411 0.681304 0.226087 0.685652 0.219324 0.690870 0.207729 0.696522 0.207729 0.698261 0.213527 0.701739 0.228019 0.705217 0.236715 0.706087 0.258937 0.706087 0.267633 0.703913 0.275362 0.700435 0.277295 0.698261
0 0.289855 0.689130 0.277295 0.695652 0.277295 0.698696 0.280193 0.700435 0.298551 0.706522 0.308213 0.708261 0.317874 0.708696 0.330435 0.706087 0.335266 0.702174 0.336232 0.696522 0.333333 0.691304 0.326570 0.686957 0.314976 0.685652
0 0.245411 0.649565 0.242512 0.650435 0.243478 0.653913 0.238647 0.656087 0.236715 0.661304 0.238647 0.665652 0.249275 0.674348 0.256039 0.677826 0.261836 0.678696 0.271498 0.677826 0.283092 0.674348 0.291787 0.670000 0.291787 0.663478 0.278261 0.656522 0.265700 0.653043 0.259903 0.652609 0.253140 0.650000
0 0.169082 0.632609 0.160386 0.636087 0.151691 0.642174 0.153623 0.646957 0.166184 0.651739 0.183575 0.654348 0.197101 0.654348 0.204831 0.652609 0.209662 0.649130 0.209662 0.640870 0.202899 0.634348 0.188406 0.630435 0.177778 0.630870
0 0.238647 0.622609 0.229952 0.624783 0.224155 0.630000 0.223188 0.634783 0.226087 0.638696 0.238647 0.643913 0.257005 0.643043 0.268599 0.637391 0.268599 0.630870 0.250242 0.623478
0 0.344928 0.623043 0.331401 0.626522 0.320773 0.634783 0.320773 0.636522 0.312077 0.641739 0.310145 0.646087 0.312077 0.647826 0.318841 0.650435 0.328502 0.652174 0.345894 0.652609 0.351691 0.650870 0.355556 0.646522 0.358454 0.638696 0.358454 0.630435 0.352657 0.625217
0 0.355556 0.660870 0.360386 0.672609 0.369082 0.676087 0.381643 0.676087 0.404831 0.673913 0.415459 0.671304 0.430918 0.662174 0.422222 0.657826 0.407729 0.656087 0.382609 0.655217 0.361353 0.656522 0.357488 0.657826
0 0.395169 0.638261 0.391304 0.642174 0.391304 0.646957 0.396135 0.650000 0.420290 0.655652 0.432850 0.656087 0.439614 0.654783 0.444444 0.650435 0.442512 0.640000 0.438647 0.637391 0.430918 0.634783 0.419324 0.634348
0 0.456039 0.628261 0.447343 0.630870 0.444444 0.641304 0.446377 0.647826 0.449275 0.650435 0.455072 0.652174 0.467633 0.652609 0.475362 0.651739 0.487923 0.648696 0.501449 0.642609 0.500483 0.639130 0.485024 0.631739 0.468599 0.628696
0 0.439614 0.656522 0.435749 0.662609 0.455072 0.672174 0.470531 0.676087 0.485024 0.676087 0.492754 0.673913 0.495652 0.670870 0.496618 0.663913 0.495652 0.661304 0.489855 0.657826 0.483092 0.656087 0.462802 0.654783 0.446377 0.654783
0 0.536232 0.677826 0.529469 0.681739 0.530435 0.688261 0.534300 0.692609 0.556522 0.700870 0.565217 0.701739 0.578744 0.700870 0.591304 0.690435 0.590338 0.684783 0.582609 0.681304 0.564251 0.676522 0.550725 0.676087
0 0.547826 0.653478 0.542995 0.657826 0.542029 0.663913 0.542995 0.670000 0.544928 0.671913 0.548792 0.673478 0.553623 0.674783 0.569082 0.676087 0.587440 0.674348 0.601932 0.663913 0.600966 0.660000 0.595169 0.656087 0.585507 0.652174 0.573913 0.650435 0.559420 0.650870
0 0.603865 0.633913 0.587440 0.638696 0.587440 0.650870 0.592271 0.654783 0.605797 0.660435 0.612560 0.662174 0.622222 0.663043 0.632850 0.659130 0.642512 0.652609 0.646377 0.648696 0.645411 0.642174 0.639614 0.635652 0.633816 0.633478
0 0.594203 0.612609 0.584541 0.611739 0.566184 0.613478 0.558454 0.615217 0.548792 0.619565 0.545894 0.623043 0.547826 0.630000 0.555556 0.636087 0.561353 0.638696 0.566184 0.639565 0.579710 0.639565 0.607729 0.631739 0.610628 0.628261 0.609662 0.621739 0.605797 0.617826
0 0.517874 0.612174 0.509179 0.612609 0.487923 0.623043 0.488889 0.631304 0.495652 0.634783 0.502415 0.636522 0.516908 0.636522 0.524638 0.634783 0.529469 0.631304 0.529469 0.618696 0.526570 0.615217
0 0.491787 0.594348 0.481159 0.592609 0.462802 0.595652 0.454106 0.601304 0.450048 0.606435 0.447343 0.610000 0.446377 0.613478 0.447343 0.616957 0.453140 0.619130 0.467633 0.620870 0.485024 0.621304 0.501449 0.615652 0.504348 0.612174 0.504348 0.603478
0 0.405797 0.588696 0.388406 0.589130 0.374879 0.594348 0.374879 0.601304 0.377778 0.606522 0.389372 0.615652 0.395169 0.617826 0.402899 0.616522 0.417391 0.610435 0.429952 0.600000 0.428986 0.595217 0.426087 0.592609
0 0.224155 0.594783 0.208696 0.602174 0.205797 0.609565 0.209662 0.614348 0.220290 0.618696 0.228019 0.619565 0.249275 0.620000 0.260870 0.617826 0.265700 0.614783 0.266667 0.610870 0.257005 0.598696 0.248309 0.594783 0.239614 0.593478
0 0.145894 0.596522 0.133333 0.598261 0.116908 0.603913 0.114010 0.606957 0.114010 0.611739 0.116908 0.615652 0.130435 0.623043 0.140097 0.624783 0.154589 0.624783 0.170048 0.622174 0.185507 0.615217 0.187440 0.611739 0.187440 0.602609 0.183575 0.600000 0.157488 0.596522
0 0.176812 0.575652 0.168116 0.581739 0.167150 0.590000 0.169082 0.593043 0.176812 0.597391 0.187440 0.600435 0.209662 0.600000 0.222222 0.593043 0.224155 0.589565 0.222222 0.581739 0.213527 0.577391 0.194203 0.574783
0 0.145894 0.544783 0.136232 0.552609 0.137198 0.556957 0.160386 0.568696 0.173913 0.569565 0.181643 0.568261 0.187440 0.563913 0.192271 0.556957 0.192271 0.552174 0.187440 0.546087 0.173913 0.543478 0.153623 0.543478
0 0.220290 0.529130 0.211594 0.536087 0.209662 0.539565 0.211594 0.549130 0.221256 0.553043 0.231884 0.553478 0.241546 0.552609 0.247343 0.551304 0.257005 0.546957 0.257005 0.540000 0.253140 0.536957 0.239614 0.530870
0 0.279227 0.556087 0.278261 0.561739 0.281159 0.569565 0.291787 0.575217 0.308213 0.579130 0.319807 0.579565 0.328502 0.578696 0.345894 0.568696 0.343961 0.560435 0.336232 0.556522 0.310145 0.552174 0.298551 0.552174
0 0.345894 0.570000 0.331401 0.577826 0.330435 0.580435 0.334300 0.586957 0.341063 0.590000 0.367150 0.593913 0.375845 0.593043 0.389372 0.587391 0.389372 0.577391 0.386473 0.572609 0.382609 0.570870 0.369082 0.568696
0 0.420290 0.564348 0.398068 0.568261 0.394686 0.569478 0.390338 0.572174 0.388406 0.581304 0.391304 0.585652 0.397101 0.587391 0.425121 0.590435 0.431884 0.590000 0.439614 0.587391 0.442512 0.584348 0.443478 0.576087 0.439614 0.569565 0.435749 0.566957 0.428986 0.564783
0 0.462802 0.568261 0.461836 0.572609 0.467633 0.579130 0.469565 0.585217 0.481159 0.591304 0.500483 0.594348 0.510145 0.592609 0.517874 0.589130 0.522705 0.585217 0.522705 0.582174 0.508213 0.576087 0.501836 0.572130 0.490821 0.571739
0 0.571981 0.561739 0.558454 0.561304 0.550725 0.562174 0.541063 0.564348 0.532367 0.567826 0.528502 0.571739 0.528502 0.577391 0.533333 0.581739 0.539130 0.584348 0.548792 0.585652 0.561353 0.585652 0.573913 0.583913 0.584541 0.580000 0.586473 0.575217 0.582609 0.567826 0.578744 0.564348
0 0.351691 0.540000 0.346860 0.544783 0.345894 0.549130 0.349758 0.553478 0.360386 0.557391 0.369082 0.559130 0.383575 0.560000 0.393237 0.559565 0.401932 0.557391 0.404831 0.554783 0.404831 0.547391 0.399034 0.541304 0.386473 0.536522 0.380676 0.535652 0.369082 0.536087
0 0.356522 0.520435 0.352657 0.525217 0.353623 0.529130 0.362319 0.531739 0.382609 0.534783 0.395169 0.534348 0.402899 0.532174 0.404831 0.529130 0.401932 0.523478 0.396135 0.518261 0.387440 0.513913 0.372947 0.513913
0 0.311111 0.493043 0.309179 0.493913 0.304251 0.495043 0.299517 0.498261 0.294686 0.500870 0.297585 0.509565 0.310145 0.517826 0.325604 0.523043 0.335266 0.523478 0.345894 0.517391 0.348792 0.513913 0.340097 0.497826 0.326570 0.492609
0 0.220290 0.493913 0.217391 0.496957 0.217391 0.502174 0.223188 0.506957 0.238647 0.512174 0.258937 0.515217 0.270531 0.515217 0.275362 0.513913 0.276329 0.509565 0.271498 0.494348 0.264734 0.489565 0.257005 0.488261 0.237681 0.488696 0.229952 0.490000
0 0.318841 0.480435 0.301449 0.480000 0.275362 0.482174 0.267633 0.485652 0.267633 0.490435 0.282126 0.498696 0.291787 0.500870 0.305314 0.493913 0.320773 0.492609 0.324638 0.491304 0.324638 0.486087
0 0.370048 0.478261 0.362319 0.482174 0.358454 0.488261 0.349758 0.493913 0.344928 0.499565 0.345894 0.506522 0.348792 0.507826 0.360386 0.509130 0.377778 0.507826 0.385507 0.506087 0.391304 0.502174 0.392271 0.499130 0.390338 0.491739 0.381643 0.486522 0.378744 0.481739
0 0.372947 0.453913 0.358454 0.453913 0.352657 0.455217 0.342995 0.461304 0.341063 0.467826 0.342995 0.475652 0.346860 0.478696 0.354589 0.481304 0.362319 0.481739 0.391304 0.475217 0.400000 0.471304 0.400966 0.466087 0.396135 0.461304 0.387440 0.456957
0 0.421256 0.465217 0.413527 0.466522 0.405797 0.469565 0.400966 0.475217 0.400966 0.482609 0.412560 0.495217 0.431884 0.495652 0.453140 0.490435 0.457005 0.488261 0.462802 0.481739 0.461836 0.474783 0.457005 0.471304 0.443478 0.466522
0 0.497585 0.491304 0.493720 0.493913 0.496618 0.500870 0.492754 0.505652 0.494686 0.509565 0.514010 0.513478 0.524638 0.513478 0.538164 0.511304 0.543961 0.506957 0.544928 0.503043 0.543961 0.498261 0.538164 0.492174 0.532367 0.489565 0.519807 0.487826 0.509179 0.488696
0 0.464734 0.513478 0.464734 0.519130 0.467633 0.521739 0.488889 0.530435 0.500483 0.530435 0.508213 0.528696 0.518841 0.522174 0.515942 0.515652 0.504348 0.513478 0.491787 0.509130 0.482126 0.508696 0.477295 0.510870
0 0.487923 0.531739 0.474396 0.534783 0.464734 0.540000 0.464734 0.548696 0.474396 0.555217 0.491787 0.560870 0.501449 0.561739 0.509179 0.560435 0.520773 0.553913 0.522705 0.550000 0.521739 0.540870 0.518841 0.537826 0.512077 0.534783 0.495652 0.531739
0 0.594203 0.521304 0.580676 0.517826 0.571014 0.516957 0.560386 0.517826 0.551691 0.520000 0.545894 0.524348 0.545894 0.537391 0.551691 0.543478 0.570048 0.543478 0.595169 0.536957 0.600966 0.529130 0.599034 0.524348
0 0.576812 0.498696 0.567150 0.508696 0.570048 0.514783 0.574879 0.516957 0.597101 0.521739 0.622222 0.522174 0.627053 0.518261 0.628986 0.509130 0.628019 0.505652 0.619324 0.498261 0.604831 0.493913 0.599034 0.493913 0.587440 0.495652
0 0.575845 0.474348 0.569082 0.482174 0.562319 0.485652 0.562319 0.490435 0.569082 0.496087 0.579710 0.497826 0.594203 0.494348 0.606763 0.493043 0.610628 0.490435 0.610628 0.484783 0.607729 0.482174 0.595169 0.476957 0.588406 0.475217
0 0.702415 0.474348 0.699517 0.473478 0.684058 0.474348 0.669565 0.478261 0.664734 0.480870 0.656039 0.488696 0.657005 0.493478 0.664734 0.497391 0.686957 0.498261 0.692754 0.496957 0.700483 0.489130 0.706280 0.479565
0 0.677295 0.504783 0.659903 0.501304 0.644444 0.501739 0.632850 0.505652 0.629952 0.508696 0.628019 0.517391 0.629952 0.521739 0.638647 0.524783 0.650242 0.524783 0.665700 0.523043 0.684058 0.517826 0.685990 0.514783 0.685024 0.509565
0 0.631884 0.524783 0.608696 0.528696 0.601932 0.532174 0.599034 0.536522 0.600966 0.544348 0.603865 0.546957 0.612560 0.550000 0.622222 0.550435 0.630918 0.549565 0.646377 0.545652 0.652174 0.541304 0.654106 0.535652 0.651208 0.530870 0.643478 0.527391
0 0.720773 0.474348 0.708213 0.479565 0.705314 0.483043 0.703382 0.490870 0.708213 0.494783 0.712077 0.495652 0.739130 0.495217 0.743961 0.496087 0.762319 0.490435 0.757488 0.480435 0.749758 0.475652 0.738164 0.473478 0.725604 0.473478
0 0.774879 0.470435 0.768116 0.479130 0.771014 0.482174 0.771014 0.486522 0.775845 0.490435 0.797101 0.493043 0.813527 0.489565 0.818357 0.485217 0.818357 0.481739 0.814493 0.478261 0.788406 0.469565
0 0.836715 0.462174 0.821256 0.471304 0.821256 0.476957 0.826087 0.486957 0.837681 0.488696 0.848309 0.487826 0.857005 0.488261 0.866667 0.482609 0.866667 0.475217 0.861836 0.470870 0.853140 0.466522 0.845411 0.464783 0.842512 0.462609
0 0.885990 0.462609 0.878261 0.465217 0.871498 0.470435 0.871498 0.479130 0.876329 0.483913 0.884058 0.486957 0.895652 0.487826 0.908213 0.486522 0.922705 0.480870 0.924638 0.477391 0.923671 0.472609 0.908213 0.463043 0.898551 0.462174
0 1.000000 0.481739 0.985507 0.482174 0.976812 0.485217 0.971014 0.491304 0.969082 0.498261 0.978744 0.506087 0.985507 0.509565 1.000000 0.508696
0 0.931401 0.487826 0.916908 0.491304 0.914976 0.493043 0.914010 0.498696 0.918841 0.510000 0.928502 0.516087 0.942029 0.519130 0.952657 0.519565 0.964251 0.516957 0.979710 0.510000 0.978744 0.506087 0.973333 0.501130 0.967150 0.496087 0.963285 0.492609 0.951691 0.489565
0 0.876329 0.488261 0.859903 0.493478 0.856039 0.498696 0.855072 0.506522 0.864734 0.509565 0.892754 0.510870 0.912077 0.506087 0.913043 0.496522 0.911111 0.493913 0.894686 0.489130 0.885024 0.487826
0 0.851208 0.489130 0.827053 0.488261 0.812560 0.490870 0.802899 0.495652 0.803865 0.505652 0.808696 0.507826 0.821256 0.510000 0.840580 0.508696 0.853140 0.505217 0.856039 0.500000 0.856039 0.493043
0 0.760386 0.491739 0.753623 0.493913 0.750725 0.496957 0.749758 0.504348 0.745894 0.508696 0.745894 0.513913 0.752657 0.516957 0.760386 0.518696 0.780676 0.518696 0.790338 0.516957 0.796135 0.513913 0.802899 0.506087 0.802899 0.500000 0.800000 0.496087 0.794203 0.493913 0.779710 0.491304
0 0.745894 0.497826 0.735266 0.495652 0.709179 0.496957 0.697585 0.501739 0.697585 0.506957 0.712077 0.515652 0.714976 0.516522 0.726570 0.516522 0.735266 0.514783 0.746860 0.508696 0.750725 0.501739
0 0.710145 0.518261 0.690821 0.517826 0.681159 0.519130 0.667633 0.523043 0.664734 0.528696 0.665700 0.533913 0.673430 0.540435 0.680193 0.543043 0.690821 0.544783 0.701449 0.544348 0.716908 0.541304 0.724638 0.536522 0.725604 0.528261 0.723671 0.525217
0 0.770048 0.520000 0.758454 0.523043 0.748792 0.527391 0.742029 0.534348 0.742029 0.538261 0.746860 0.541304 0.759420 0.544783 0.778744 0.545217 0.787440 0.543478 0.797101 0.539130 0.801932 0.532174 0.799034 0.528696 0.789372 0.523478 0.778744 0.520000
0 0.822222 0.510870 0.804831 0.514783 0.800000 0.516957 0.797101 0.520435 0.797101 0.526087 0.812560 0.536522 0.821256 0.538261 0.835749 0.539130 0.848309 0.535652 0.859903 0.529565 0.859903 0.520435 0.855072 0.517391 0.834783 0.511304
0 0.873430 0.511304 0.865700 0.514348 0.862802 0.516957 0.862802 0.528696 0.871498 0.532174 0.889855 0.535217 0.896618 0.534783 0.904348 0.531304 0.913043 0.523478 0.914010 0.520870 0.911111 0.516522 0.907246 0.514348 0.895652 0.511304
0 0.952657 0.522174 0.948792 0.520435 0.935266 0.518261 0.916908 0.522174 0.905314 0.529130 0.902415 0.532609 0.903382 0.537826 0.907246 0.539130 0.926570 0.538696 0.942995 0.541304 0.952657 0.539565 0.959420 0.533478 0.958454 0.528261
0 0.969082 0.514783 0.963285 0.517826 0.961353 0.524783 0.962319 0.530000 0.967150 0.535217 0.969082 0.540435 0.977778 0.541304 0.989372 0.545217 1.000000 0.546087 1.000000 0.518261 0.996135 0.518261 0.978744 0.514348
0 0.975845 0.544348 0.960386 0.546957 0.955556 0.550000 0.952657 0.555217 0.952657 0.562609 0.955556 0.567391 0.969082 0.573913 0.980676 0.574348 1.000000 0.571739 1.000000 0.546957
0 0.938164 0.539565 0.926570 0.538261 0.912077 0.539130 0.903382 0.540870 0.896618 0.544783 0.895652 0.550000 0.897585 0.555217 0.906280 0.562174 0.910145 0.563043 0.923671 0.562174 0.937198 0.558696 0.944928 0.554348 0.947826 0.548261 0.944928 0.543913
0 0.865700 0.530870 0.856039 0.531739 0.836715 0.540870 0.835749 0.545217 0.840580 0.550435 0.842512 0.555652 0.853140 0.558261 0.868599 0.558261 0.876329 0.556957 0.884058 0.553043 0.890821 0.545652 0.891787 0.540870 0.889855 0.536522 0.885024 0.534348
0 0.828019 0.542609 0.814493 0.540000 0.800000 0.540000 0.780676 0.547391 0.777778 0.551304 0.777778 0.556957 0.782609 0.563043 0.789372 0.567391 0.793237 0.568261 0.804831 0.567826 0.831884 0.561304 0.837681 0.556522 0.838647 0.550870 0.834783 0.545217
0 0.690821 0.547391 0.683092 0.553043 0.697585 0.560870 0.710145 0.565217 0.727536 0.565217 0.732367 0.563913 0.736232 0.560870 0.738164 0.556087 0.735266 0.548261 0.728502 0.544783 0.719807 0.543043 0.714010 0.543043 0.700483 0.544783
0 0.663768 0.556087 0.657005 0.558696 0.653140 0.567391 0.655072 0.572609 0.667633 0.578261 0.673430 0.579565 0.691787 0.577826 0.707246 0.571304 0.709179 0.569565 0.708213 0.564783 0.697585 0.561304 0.683092 0.560000
0 0.633816 0.570435 0.627053 0.575217 0.627053 0.582609 0.629952 0.586957 0.634783 0.590000 0.644444 0.593043 0.665700 0.593043 0.670531 0.592174 0.674396 0.590435 0.678261 0.586087 0.678261 0.583478 0.672464 0.579130 0.654106 0.571304 0.640580 0.569565
0 0.726570 0.575217 0.734300 0.583478 0.733333 0.592174 0.728502 0.597391 0.714976 0.601304 0.702415 0.601739 0.681159 0.598696 0.675362 0.596522 0.673430 0.591304 0.696618 0.576957 0.718551 0.571217
0 0.763285 0.553913 0.753623 0.554348 0.746860 0.556087 0.741063 0.558696 0.732367 0.566087 0.729469 0.572609 0.733333 0.576087 0.740097 0.578696 0.774879 0.577391 0.781643 0.575217 0.784541 0.572609 0.784541 0.566957 0.778744 0.560000 0.771981 0.556087
0 0.830918 0.563478 0.812560 0.566087 0.799034 0.571304 0.800000 0.576522 0.813527 0.583043 0.820290 0.584783 0.832850 0.584783 0.847343 0.576522 0.850242 0.572609 0.849275 0.568261 0.839614 0.564783
0 0.861836 0.564348 0.854106 0.568261 0.855072 0.575217 0.859903 0.578696 0.875362 0.582609 0.886957 0.587391 0.900483 0.587826 0.907246 0.586522 0.915942 0.580000 0.918841 0.575217 0.918841 0.570435 0.914010 0.565652 0.901449 0.561304 0.877295 0.561304
0 0.931401 0.566087 0.921739 0.570000 0.919807 0.572174 0.917874 0.581304 0.920773 0.588261 0.941063 0.590870 0.952657 0.590870 0.963285 0.589130 0.971981 0.584783 0.972947 0.579565 0.969082 0.573913 0.952657 0.566522
0 0.847343 0.578696 0.835749 0.585652 0.832850 0.591304 0.833816 0.596087 0.838647 0.601739 0.845411 0.605217 0.857005 0.607391 0.859903 0.606087 0.867633 0.605217 0.880193 0.598696 0.883092 0.596087 0.883092 0.587826 0.874396 0.582609 0.857971 0.579130
0 0.742995 0.581304 0.737198 0.584348 0.734300 0.590000 0.734300 0.596087 0.740097 0.600435 0.748792 0.602174 0.778744 0.602174 0.789372 0.599130 0.794203 0.595217 0.790338 0.586522 0.783575 0.582174 0.771981 0.578261 0.752657 0.578696
0 0.909179 0.586957 0.897585 0.590435 0.884058 0.599130 0.884058 0.608261 0.888889 0.612609 0.894686 0.615217 0.899517 0.615652 0.911111 0.615217 0.917874 0.613478 0.927536 0.605217 0.927536 0.596522 0.918841 0.590435
0 0.949758 0.593913 0.930435 0.598696 0.928502 0.607391 0.941063 0.615652 0.952657 0.619130 0.963285 0.615217 0.967150 0.610000 0.971014 0.607826 0.970048 0.600000 0.960386 0.595217
0 1.000000 0.606087 0.985507 0.606087 0.969082 0.608696 0.963285 0.614783 0.962319 0.620000 0.965024 0.623826 0.968116 0.627826 0.976812 0.633913 0.985507 0.633913 0.996135 0.628696 1.000000 0.628696
0 0.674396 0.598696 0.663768 0.599565 0.652174 0.603043 0.645411 0.610435 0.645411 0.616522 0.648309 0.623043 0.654106 0.626087 0.664734 0.627826 0.675362 0.627391 0.693720 0.624348 0.703382 0.616087 0.703382 0.610870 0.697585 0.605652 0.691787 0.603043
0 0.757488 0.603478 0.737198 0.607391 0.732367 0.610870 0.732367 0.615652 0.736232 0.619130 0.757488 0.631304 0.770048 0.631739 0.785507 0.620435 0.787440 0.610435 0.779710 0.605217 0.771014 0.603478
0 0.731401 0.618261 0.718841 0.616957 0.708213 0.617391 0.703382 0.619130 0.697585 0.624348 0.698551 0.635217 0.702415 0.642609 0.708213 0.645217 0.718841 0.643478 0.726570 0.640435 0.732367 0.639565 0.746860 0.631304 0.743961 0.624348
0 0.642512 0.631304 0.639614 0.635217 0.648309 0.648261 0.654106 0.652174 0.658937 0.653043 0.684058 0.652174 0.698551 0.643913 0.697585 0.637826 0.678261 0.631739 0.666667 0.629565 0.654106 0.629565
0 0.747826 0.632609 0.739130 0.636522 0.733333 0.641739 0.736232 0.648696 0.742029 0.650435 0.768116 0.650435 0.772947 0.649565 0.776812 0.644783 0.776812 0.640435 0.773913 0.636087 0.763285 0.632174 0.751691 0.631739
0 0.786473 0.621304 0.779710 0.624348 0.775845 0.629565 0.778744 0.638696 0.790338 0.644348 0.800966 0.644783 0.818357 0.643478 0.834783 0.634783 0.835749 0.630000 0.829952 0.624348 0.813527 0.620435
0 0.843478 0.621739 0.844444 0.626522 0.851208 0.628261 0.884058 0.629565 0.891787 0.627826 0.894686 0.625652 0.892754 0.617826 0.889855 0.616087 0.883092 0.614783 0.866667 0.614783 0.854106 0.616522 0.845411 0.619565
0 0.926570 0.621739 0.918841 0.623478 0.912077 0.627391 0.907246 0.637826 0.910145 0.643043 0.925604 0.648696 0.946860 0.647826 0.958454 0.645217 0.964251 0.642609 0.967150 0.637826 0.967150 0.630870 0.958454 0.623913 0.942029 0.621739
0 0.836715 0.634783 0.836715 0.647391 0.845411 0.651304 0.853140 0.652174 0.864734 0.655652 0.883092 0.653913 0.905314 0.646522 0.906280 0.641739 0.902415 0.638261 0.891787 0.633478 0.883092 0.631739 0.869565 0.630435 0.847343 0.630870
0 0.987440 0.643478 0.962319 0.644348 0.956522 0.645652 0.950725 0.648696 0.942029 0.656087 0.941063 0.659565 0.943961 0.663913 0.952657 0.668261 0.960386 0.670000 0.979710 0.668261 0.992271 0.664348 0.996135 0.660435 0.996618 0.657087 0.996812 0.652087 0.996135 0.646957
0 0.917874 0.646522 0.907246 0.646957 0.900483 0.648696 0.881159 0.656087 0.878261 0.660000 0.878261 0.665652 0.882126 0.668261 0.900483 0.671304 0.909179 0.670435 0.917874 0.666957 0.923671 0.654348 0.922705 0.650435
0 0.853140 0.653043 0.845411 0.652609 0.838647 0.655217 0.828019 0.655652 0.815459 0.661739 0.811594 0.670870 0.814493 0.674783 0.820290 0.676957 0.835749 0.679565 0.857005 0.677391 0.867633 0.672174 0.870531 0.667826 0.868599 0.661739 0.859903 0.655217
0 0.794203 0.645217 0.775845 0.650870 0.774879 0.655217 0.784541 0.662174 0.795169 0.664348 0.804831 0.664783 0.810628 0.663913 0.816425 0.660000 0.822222 0.658261 0.826087 0.654348 0.826087 0.650435 0.815459 0.645652
0 0.684058 0.653043 0.656039 0.653913 0.642512 0.658261 0.641546 0.663043 0.643478 0.665652 0.657005 0.672174 0.665700 0.673043 0.680193 0.670435 0.684058 0.668696 0.693720 0.658696 0.692754 0.656957
0 0.722705 0.649565 0.711111 0.651304 0.701449 0.654348 0.695652 0.657826 0.693720 0.664348 0.697585 0.669130 0.712077 0.676522 0.728502 0.680000 0.736232 0.680435 0.742995 0.678261 0.742995 0.666087 0.749758 0.662174 0.750725 0.656957 0.746860 0.652174 0.735266 0.649130
0 0.595169 0.670000 0.591304 0.677391 0.592271 0.683043 0.599034 0.687826 0.613527 0.690870 0.630918 0.691304 0.640580 0.690435 0.652174 0.686957 0.658937 0.681739 0.657971 0.676522 0.653140 0.672174 0.638647 0.667391 0.626087 0.665652 0.612560 0.665217 0.603865 0.666087
0 0.681159 0.670870 0.666667 0.673913 0.661836 0.676522 0.658937 0.686522 0.673430 0.693043 0.691787 0.694783 0.704348 0.690435 0.710145 0.680870 0.710145 0.676957 0.707246 0.673913 0.700483 0.671304
0 0.747826 0.663478 0.743961 0.665652 0.742995 0.668261 0.743961 0.674783 0.747826 0.679130 0.765217 0.686957 0.779710 0.687391 0.799034 0.680870 0.802899 0.672609 0.798068 0.665652 0.787440 0.663043 0.764251 0.661304
0 0.715942 0.682174 0.708213 0.683913 0.706280 0.693913 0.709179 0.699565 0.718841 0.703043 0.735266 0.703913 0.740097 0.700870 0.758454 0.695652 0.760386 0.694348 0.760386 0.689130 0.744928 0.683478 0.736232 0.682174
0 0.995169 0.665652 0.985507 0.667391 0.977778 0.670435 0.966184 0.672174 0.961353 0.676957 0.960386 0.682174 0.963285 0.685652 0.969082 0.688261 0.986473 0.693043 1.000000 0.693913 1.000000 0.665652
0 0.903382 0.672174 0.890821 0.672174 0.867633 0.679130 0.858937 0.684783 0.860870 0.688261 0.867633 0.691304 0.890821 0.695217 0.908213 0.693478 0.919807 0.690000 0.922705 0.685217 0.918841 0.678261 0.908213 0.673043
0 0.825121 0.681304 0.804831 0.680870 0.795169 0.682609 0.782609 0.686522 0.774879 0.692174 0.774879 0.696087 0.777778 0.699130 0.794203 0.705217 0.805797 0.706087 0.813527 0.704348 0.819324 0.700435 0.821256 0.696087 0.831884 0.686522 0.829952 0.683043
0 0.838647 0.683478 0.832850 0.684348 0.819324 0.696957 0.814493 0.706087 0.817391 0.708696 0.822222 0.710000 0.843478 0.711739 0.857005 0.710000 0.862802 0.706957 0.865700 0.703043 0.865700 0.696087 0.862802 0.690000 0.857971 0.686957 0.852174 0.684783
0 0.611594 0.690870 0.594203 0.690000 0.582609 0.696957 0.578744 0.700870 0.577778 0.705652 0.580676 0.711304 0.585507 0.713913 0.597101 0.713913 0.606763 0.711739 0.619324 0.704783 0.621256 0.696522
0 0.626087 0.709565 0.630918 0.711739 0.639614 0.713043 0.666667 0.709130 0.676329 0.706522 0.686957 0.701304 0.689855 0.696957 0.685024 0.695217 0.662802 0.692609 0.635749 0.692609 0.628986 0.694348 0.624155 0.697391 0.623188 0.704348
0 0.551691 0.706087 0.538164 0.710000 0.529469 0.715652 0.529469 0.725217 0.546860 0.733043 0.562319 0.734348 0.584541 0.728696 0.585507 0.720435 0.580676 0.713913 0.569082 0.707826 0.563285 0.706522
0 0.600966 0.713043 0.593237 0.716522 0.598068 0.727826 0.604831 0.729565 0.620290 0.730870 0.630918 0.734783 0.641546 0.728696 0.641546 0.720870 0.635749 0.713478 0.630918 0.711739 0.622222 0.710870
0 0.535266 0.753478 0.529469 0.756087 0.527536 0.758696 0.527536 0.767826 0.532367 0.773478 0.545894 0.778696 0.570048 0.776957 0.577778 0.771739 0.578744 0.763478 0.575845 0.756522 0.570048 0.753478 0.564251 0.752609 0.542995 0.752174
0 0.622222 0.731304 0.591304 0.728696 0.578744 0.730000 0.567150 0.733913 0.562319 0.739130 0.562319 0.745652 0.566184 0.751304 0.575845 0.756087 0.584541 0.757391 0.595169 0.756087 0.601932 0.751739 0.620290 0.745652 0.628019 0.737391 0.626087 0.733043
0 0.547826 0.780000 0.537198 0.788261 0.536232 0.795217 0.539130 0.798696 0.544928 0.801304 0.560386 0.804348 0.569082 0.805217 0.578744 0.804348 0.581643 0.802609 0.584541 0.796957 0.584541 0.789130 0.579710 0.782174 0.575845 0.780000 0.564251 0.777826
0 0.624155 0.750000 0.615459 0.748696 0.610628 0.749130 0.584541 0.760870 0.581643 0.763478 0.580676 0.768261 0.583575 0.769565 0.604831 0.772609 0.613527 0.773043 0.624155 0.771304 0.629952 0.768261 0.628986 0.763478 0.625121 0.759565 0.626087 0.751739
0 0.588406 0.796522 0.582609 0.803043 0.582609 0.807826 0.587440 0.812609 0.602899 0.817391 0.618357 0.816087 0.627053 0.812609 0.630918 0.808261 0.628986 0.800435 0.621256 0.796522 0.612560 0.795217 0.598068 0.795217
0 0.577778 0.773043 0.572947 0.775652 0.571981 0.779565 0.581643 0.783913 0.586473 0.793913 0.593237 0.795217 0.615459 0.794348 0.619324 0.790435 0.620290 0.782174 0.607729 0.773043 0.587440 0.770870
0 0.668599 0.773913 0.657005 0.772174 0.645411 0.772174 0.632850 0.775652 0.627053 0.778696 0.622222 0.785217 0.621256 0.790435 0.623188 0.796087 0.626087 0.798261 0.632850 0.799565 0.657005 0.799565 0.669565 0.796957 0.677295 0.793913 0.685990 0.787391 0.685024 0.783043
0 0.633816 0.805217 0.629952 0.818261 0.632850 0.822174 0.641546 0.825217 0.656039 0.826087 0.684058 0.825217 0.693720 0.823043 0.704348 0.818696 0.703382 0.813913 0.699517 0.812609 0.694686 0.808261 0.676329 0.802174 0.653140 0.800435 0.643478 0.801739
0 0.630918 0.752174 0.628986 0.760000 0.632850 0.763913 0.640580 0.767826 0.656039 0.771739 0.665700 0.770870 0.674396 0.768696 0.685990 0.763913 0.685024 0.755652 0.671498 0.750870 0.638647 0.749565
0 0.683092 0.732174 0.672464 0.726957 0.665700 0.725652 0.655072 0.726087 0.644444 0.727826 0.637681 0.731304 0.628986 0.738696 0.626087 0.743478 0.628019 0.746522 0.635749 0.749130 0.664734 0.750435 0.677295 0.750000 0.685990 0.745652 0.685990 0.738696
0 0.694686 0.703478 0.674396 0.710870 0.669565 0.716522 0.673430 0.720870 0.681159 0.724348 0.695652 0.726957 0.711111 0.727826 0.722705 0.726087 0.727536 0.724348 0.730435 0.721304 0.729469 0.712174 0.726570 0.709130 0.715942 0.703478 0.710145 0.702609
0 0.770048 0.693478 0.760386 0.693478 0.753623 0.697391 0.741063 0.700435 0.731401 0.705652 0.729469 0.707826 0.729469 0.715217 0.735266 0.720435 0.743961 0.721739 0.768116 0.721304 0.782609 0.715217 0.785507 0.709130 0.784541 0.703478 0.772947 0.697391
0 0.691787 0.730435 0.686957 0.732174 0.685990 0.734348 0.686957 0.742609 0.700483 0.756957 0.707246 0.760000 0.712077 0.760000 0.732367 0.756522 0.741063 0.751739 0.741063 0.745652 0.737198 0.740870 0.713043 0.730870 0.702415 0.729565
0 0.789372 0.725652 0.766184 0.723043 0.757488 0.723913 0.744928 0.726957 0.741063 0.728696 0.737198 0.733043 0.737198 0.737826 0.741063 0.742174 0.750725 0.745217 0.770048 0.745652 0.793237 0.733913 0.793237 0.727826
0 0.715942 0.810870 0.707246 0.815652 0.702415 0.821304 0.707246 0.827826 0.714010 0.830435 0.724638 0.832609 0.749758 0.832609 0.759420 0.831304 0.765217 0.827391 0.767150 0.820870 0.766184 0.817826 0.757488 0.812174 0.743961 0.807391 0.726570 0.807826
0 0.699517 0.787391 0.688889 0.790870 0.682126 0.797826 0.682126 0.802609 0.693720 0.806957 0.707246 0.810000 0.717874 0.810435 0.725604 0.806957 0.723671 0.796957 0.716908 0.790435 0.709179 0.787391
0 0.699517 0.761304 0.686957 0.763913 0.676329 0.768261 0.673430 0.771304 0.674396 0.775652 0.690821 0.785217 0.699517 0.786522 0.715942 0.786087 0.720773 0.784348 0.729469 0.776087 0.727536 0.767391 0.717874 0.761739
0 0.748792 0.772609 0.741063 0.773478 0.727536 0.777826 0.722705 0.785652 0.722705 0.790870 0.725604 0.797391 0.730435 0.800435 0.752657 0.802174 0.760386 0.801304 0.783575 0.793043 0.785507 0.791304 0.785507 0.786522 0.769082 0.774348
0 0.786473 0.793478 0.762319 0.800870 0.757488 0.810870 0.760386 0.813913 0.773913 0.820000 0.796135 0.821739 0.814493 0.818261 0.820290 0.810870 0.819324 0.806087 0.814493 0.800000 0.804831 0.794783 0.796135 0.793478
0 0.821256 0.811304 0.815459 0.816522 0.815459 0.819130 0.821256 0.826957 0.828986 0.830435 0.852174 0.830435 0.858937 0.826957 0.865700 0.820435 0.865700 0.814348 0.858937 0.811304 0.849275 0.809565 0.835749 0.809130
0 0.879227 0.811304 0.870531 0.816087 0.862802 0.826087 0.862802 0.830435 0.865700 0.833478 0.879227 0.836522 0.901449 0.836957 0.911111 0.836087 0.914976 0.833913 0.920773 0.825652 0.917874 0.819565 0.910145 0.812609 0.893720 0.810000
0 0.886957 0.785217 0.880193 0.785217 0.871014 0.786043 0.864734 0.787826 0.856039 0.790870 0.859903 0.803913 0.874396 0.810000 0.883092 0.810435 0.886957 0.809565 0.903382 0.802174 0.907246 0.799130 0.908213 0.793478 0.906280 0.790870
0 0.794203 0.774783 0.790338 0.778261 0.790338 0.786957 0.795169 0.789565 0.836715 0.787826 0.846377 0.783478 0.845411 0.779565 0.841546 0.776522 0.822222 0.772174 0.808696 0.771304
0 0.760386 0.748261 0.745894 0.750870 0.732367 0.759130 0.731401 0.763913 0.734300 0.767391 0.745894 0.771739 0.771014 0.773913 0.780676 0.771739 0.787440 0.768696 0.791304 0.763478 0.788406 0.759130 0.770048 0.749130
0 0.825121 0.738696 0.800966 0.739130 0.782609 0.741826 0.784541 0.752609 0.786473 0.756087 0.796135 0.763043 0.803865 0.763913 0.822222 0.763043 0.829952 0.759565 0.832850 0.756522 0.832850 0.747826 0.829952 0.741739
0 1.000000 0.834348 1.000000 0.858261 0.978744 0.857826 0.973913 0.849565 0.980966 0.837565
0 0.971981 0.821304 0.949758 0.821304 0.938164 0.822609 0.917874 0.830000 0.914976 0.833478 0.914976 0.838261 0.938164 0.850435 0.942995 0.851304 0.958454 0.851304 0.965217 0.850435 0.974879 0.846957 0.983575 0.835652 0.983575 0.828261 0.978744 0.822609
0 1.000000 0.796522 0.980676 0.796522 0.972947 0.797826 0.966184 0.800870 0.962319 0.806522 0.962319 0.815217 0.967150 0.819565 0.977778 0.821739 0.987440 0.821739 0.996135 0.818696 1.000000 0.818696
0 0.953623 0.780435 0.934300 0.780870 0.926570 0.782609 0.917874 0.786522 0.913043 0.790870 0.914010 0.798696 0.917874 0.803043 0.925604 0.807391 0.932367 0.809130 0.945894 0.809565 0.956522 0.808261 0.962319 0.805217 0.967150 0.799565 0.968116 0.790000 0.963285 0.783478
0 0.995169 0.818261 0.989372 0.822174 0.988406 0.826957 0.994203 0.833043 1.000000 0.833478 1.000000 0.818261
0 0.987440 0.752174 0.976812 0.751739 0.948792 0.758696 0.942995 0.763043 0.942029 0.772174 0.944928 0.776522 0.950725 0.779565 0.959420 0.781739 0.971981 0.782174 1.000000 0.773652 0.997585 0.762565 0.992560 0.756696
0 0.912077 0.754348 0.893720 0.754348 0.860870 0.764783 0.857971 0.770000 0.857971 0.776522 0.861836 0.779565 0.881159 0.783478 0.892754 0.783478 0.910145 0.781304 0.924638 0.775652 0.928502 0.768261 0.926570 0.763043 0.920773 0.757391
0 0.836715 0.712174 0.825121 0.710435 0.812560 0.710000 0.797101 0.713478 0.794203 0.716087 0.793237 0.726522 0.795169 0.733043 0.802899 0.738261 0.815459 0.738696 0.819324 0.737826 0.837681 0.729565 0.841546 0.725217 0.841546 0.716522
0 0.855072 0.728261 0.840580 0.730000 0.830918 0.733043 0.828986 0.735217 0.828986 0.740870 0.835749 0.755217 0.850242 0.761739 0.854106 0.762609 0.865700 0.762609 0.888889 0.755217 0.892754 0.749565 0.893720 0.743913 0.889855 0.736957 0.885990 0.734348 0.876329 0.730435 0.868599 0.728696
0 0.891787 0.703043 0.881159 0.702609 0.869565 0.704783 0.854106 0.711739 0.850242 0.716087 0.850242 0.721304 0.855072 0.725217 0.859903 0.726957 0.868599 0.728261 0.882126 0.727826 0.905314 0.719130 0.907246 0.717391 0.906280 0.710000
0 0.935266 0.717391 0.924638 0.716957 0.910145 0.718261 0.899517 0.720870 0.891787 0.724348 0.888889 0.730435 0.889855 0.733043 0.895652 0.736957 0.909179 0.738696 0.917874 0.737391 0.923671 0.735217 0.932367 0.728696 0.938164 0.721739 0.938164 0.719565
0 0.955556 0.719565 0.938164 0.719565 0.936232 0.720435 0.936232 0.724348 0.929469 0.729565 0.919807 0.734348 0.911111 0.736087 0.934300 0.744348 0.943961 0.742174 0.963285 0.732174 0.966184 0.723913
0 0.983575 0.735217 0.978744 0.733043 0.966184 0.733043 0.951691 0.737391 0.931401 0.746957 0.927536 0.750870 0.929469 0.754783 0.933333 0.756087 0.953623 0.756087 0.976812 0.750870 0.990338 0.744783 0.990338 0.740435
0 0.994203 0.711739 0.972947 0.714783 0.968116 0.720870 0.970048 0.725217 0.979710 0.733043 0.991304 0.737826 1.000000 0.738261 1.000000 0.711739
0 0.987440 0.695217 0.978744 0.692609 0.967150 0.691739 0.959420 0.692609 0.945894 0.696957 0.941063 0.706522 0.938164 0.708696 0.940097 0.711739 0.947826 0.713478 0.971014 0.713913 0.990338 0.711304 0.994203 0.708696 0.995169 0.704348
0 0.930435 0.688696 0.923671 0.688696 0.893720 0.696522 0.892754 0.701739 0.894686 0.703478 0.913043 0.712174 0.932367 0.712174 0.937198 0.710000 0.941063 0.706087 0.942995 0.700435 0.942029 0.693913 0.939130 0.691304
0 0.995169 0.741304 0.989372 0.748696 0.995169 0.756957 1.000000 0.756957 1.000000 0.739696
0 0.081159 0.967826 0.077295 0.969130 0.073430 0.973478 0.073430 0.981304 0.079227 0.990870 0.087923 0.995217 0.103382 0.996957 0.118841 0.996957 0.122705 0.996087 0.131401 0.992174 0.142029 0.983043 0.141063 0.977826 0.133333 0.968261 0.124638 0.965652 0.118841 0.965217 0.093720 0.966087
0 0.195169 0.970870 0.185507 0.972609 0.171014 0.978261 0.168116 0.983043 0.169082 0.990435 0.172947 0.994783 0.183575 0.998261 0.188889 0.998913 0.205604 0.999000 0.212560 0.998261 0.221256 0.995217 0.228986 0.989130 0.230918 0.985652 0.229952 0.979565 0.225121 0.974348 0.216425 0.971739
0 0.223188 0.993478 0.224155 1.000000 0.274396 1.000000 0.271498 0.993913 0.265700 0.990000 0.238647 0.989565 0.226087 0.991739
0 0.275362 0.997826 0.275362 1.000000 0.315942 1.000000 0.315942 0.997826 0.300483 0.995652 0.286957 0.995652
0 0.354300 0.998043 0.352850 0.999913 0.408696 1.000000 0.403478 0.997391 0.385507 0.993913 0.378551 0.993217 0.371498 0.994087 0.360580 0.995696
0 0.334300 0.973043 0.324638 0.974783 0.318841 0.977391 0.316908 0.986957 0.324638 0.993913 0.333333 0.998261 0.333333 1.000000 0.351691 1.000000 0.352657 0.996957 0.361353 0.989565 0.364251 0.984348 0.364251 0.978261 0.362319 0.976087 0.354589 0.973478
0 0.395169 0.964783 0.384541 0.967391 0.379710 0.970000 0.371014 0.978261 0.369082 0.981739 0.370048 0.986957 0.380676 0.992174 0.393237 0.993478 0.412560 0.993478 0.421256 0.991739 0.430918 0.985652 0.432850 0.980000 0.430918 0.974783 0.425121 0.970000 0.415459 0.966087 0.406763 0.964348
0 0.304348 0.966522 0.292754 0.962609 0.275362 0.962174 0.234783 0.968261 0.229952 0.970870 0.228019 0.974783 0.235749 0.984783 0.246377 0.987826 0.266667 0.988261 0.278261 0.986087 0.298551 0.977826 0.303382 0.972174
0 0.419324 0.997826 0.419324 1.000000 0.462802 1.000000 0.460870 0.996957 0.445411 0.993478 0.433816 0.993913
0 0.538164 0.997391 0.528502 0.991304 0.514976 0.990435 0.491787 0.993913 0.485990 0.997826 0.485990 1.000000 0.538164 1.000000
0 0.471498 0.966957 0.465700 0.967826 0.447343 0.973913 0.444444 0.976957 0.444444 0.983043 0.448309 0.986957 0.459903 0.993913 0.468599 0.996087 0.477295 0.996522 0.484058 0.995652 0.505314 0.989565 0.508213 0.984348 0.508213 0.978261 0.500483 0.971739 0.483092 0.967391