0 0.647122 0.668088 0.640725 0.660981 0.630064 0.663824 0.615672 0.679460 0.613539 0.689410 0.614606 0.695807 0.618870 0.700071 0.626866 0.702914 0.639126 0.702914 0.649254 0.700071 0.652452 0.695807 0.652452 0.685146 0.649787 0.673774
0 0.647814 0.617626 0.638593 0.625444 0.636994 0.631841 0.638593 0.646766 0.642324 0.657427 0.652985 0.673063 0.657249 0.675906 0.663113 0.675906 0.670576 0.665245 0.671109 0.642502 0.666844 0.625444 0.662047 0.619758 0.656716 0.616915
0 0.693497 0.604122 0.679638 0.605544 0.673774 0.607676 0.669510 0.611940 0.666738 0.618479 0.671642 0.639659 0.678571 0.653163 0.684968 0.660270 0.690299 0.660270 0.693497 0.658138 0.698827 0.634684 0.699360 0.616205 0.697761 0.609097
0 0.687100 0.543710 0.681237 0.541578 0.673241 0.551528 0.663646 0.559346 0.652985 0.563611 0.651919 0.570718 0.654051 0.578536 0.660448 0.587065 0.668443 0.592040 0.679104 0.592040 0.686567 0.586354 0.691151 0.582942 0.694563 0.565743 0.693497 0.553660
0 0.706397 0.548543 0.700959 0.553660 0.698188 0.559275 0.692964 0.568586 0.691898 0.576404 0.689765 0.580668 0.690299 0.592040 0.692431 0.600569 0.696695 0.604122 0.711087 0.605544 0.718550 0.601279 0.720682 0.597015 0.721215 0.589908 0.714286 0.560057
0 0.736141 0.601990 0.732409 0.601279 0.720682 0.605544 0.712687 0.616915 0.705757 0.631841 0.706823 0.643213 0.712687 0.649609 0.723881 0.656006 0.728678 0.655295 0.734542 0.649609 0.739339 0.624733 0.739339 0.615494
0 0.713753 0.651031 0.708422 0.650320 0.698827 0.653163 0.695416 0.662687 0.694030 0.673774 0.696162 0.691542 0.704158 0.704335 0.708955 0.703625 0.715352 0.698650 0.723881 0.675195 0.726546 0.664534 0.726013 0.658849 0.724414 0.656716
0 0.676972 0.673774 0.670576 0.680881 0.669510 0.686567 0.670576 0.706468 0.672708 0.717129 0.678038 0.731343 0.682303 0.737740 0.684968 0.739872 0.687633 0.739872 0.689765 0.738451 0.692964 0.727079 0.693497 0.709311 0.695629 0.693674 0.695096 0.679460 0.692431 0.675195 0.689765 0.673774
0 0.624200 0.722814 0.619403 0.730633 0.617271 0.737029 0.616738 0.742715 0.618870 0.748401 0.628465 0.759773 0.636994 0.766169 0.648721 0.772566 0.654584 0.771144 0.657249 0.766169 0.657249 0.757640 0.655757 0.751102 0.652985 0.742715 0.647122 0.728500 0.644776 0.724662 0.642324 0.721393 0.639126 0.717129 0.634328 0.716418
0 0.626866 0.767591 0.617804 0.762615 0.607676 0.762615 0.599147 0.766880 0.591151 0.774698 0.584755 0.784648 0.583156 0.789623 0.593817 0.808813 0.598081 0.810945 0.603945 0.810945 0.617804 0.800284 0.625267 0.788913 0.626866 0.784648
0 0.630597 0.766880 0.629104 0.769936 0.629104 0.773916 0.629424 0.777683 0.632729 0.801706 0.636461 0.815920 0.639126 0.821606 0.650853 0.820896 0.655650 0.816631 0.662047 0.807392 0.663113 0.803838 0.662580 0.796020 0.657783 0.787491 0.643390 0.771144 0.638593 0.768301
0 0.664499 0.726510 0.656183 0.742715 0.656183 0.751955 0.660448 0.760483 0.675906 0.769723 0.682836 0.771144 0.686994 0.771002 0.694403 0.769225 0.695043 0.758991 0.691898 0.751955 0.675906 0.728500 0.671322 0.724733
0 0.664712 0.798863 0.670576 0.808813 0.678571 0.809524 0.698294 0.796020 0.705224 0.785359 0.705224 0.779673 0.697761 0.772566 0.677505 0.772566 0.670043 0.774698 0.665778 0.777541 0.662260 0.784151 0.663646 0.791756
0 0.615139 0.803838 0.602878 0.813077 0.601812 0.819474 0.602345 0.825160 0.609275 0.842217 0.615139 0.850036 0.626866 0.857143 0.631663 0.851457 0.635928 0.841507 0.636461 0.819474 0.632729 0.808102 0.630064 0.804549 0.626866 0.803127
0 0.590618 0.850746 0.587953 0.863539 0.587953 0.871357 0.590085 0.877754 0.591684 0.879176 0.598614 0.881308 0.607676 0.879886 0.619403 0.880597 0.627932 0.872068 0.628465 0.866382 0.626333 0.859986 0.621002 0.854300 0.613006 0.850036 0.608209 0.842217 0.599147 0.840796 0.593284 0.845060
0 0.583689 0.896233 0.581023 0.903340 0.581557 0.909737 0.587420 0.918266 0.607676 0.925373 0.611940 0.925373 0.617804 0.921109 0.620469 0.906894 0.620469 0.893390 0.618870 0.886994 0.616205 0.883440 0.603412 0.882729 0.594883 0.886283
0 0.623667 0.934613 0.619403 0.928927 0.616738 0.928216 0.602878 0.929638 0.591684 0.936034 0.587953 0.941720 0.585288 0.952381 0.589019 0.957356 0.597548 0.963042 0.607143 0.964463 0.610341 0.966596 0.615139 0.965885 0.624200 0.958067 0.625267 0.948117
0 0.647655 0.876333 0.639659 0.872779 0.630597 0.872779 0.626866 0.877043 0.622601 0.895522 0.619936 0.917555 0.621002 0.925373 0.625267 0.933191 0.631130 0.933902 0.640192 0.926795 0.657783 0.898365 0.657249 0.888415
0 0.637527 0.845771 0.644456 0.862118 0.647655 0.864250 0.650853 0.864250 0.666844 0.850036 0.671109 0.847903 0.674307 0.843639 0.676439 0.835110 0.671642 0.825800 0.643923 0.823738 0.640725 0.825160 0.638060 0.830135
0 0.686567 0.848614 0.683369 0.847193 0.672708 0.847903 0.664179 0.852878 0.650320 0.866382 0.650320 0.874200 0.661514 0.894101 0.665778 0.896944 0.671109 0.896944 0.689765 0.872779 0.691898 0.856432
0 0.658316 0.914001 0.652985 0.913291 0.650320 0.914712 0.641258 0.929638 0.633795 0.950249 0.633795 0.956645 0.642324 0.963042 0.647122 0.962331 0.662047 0.953092 0.665778 0.952381 0.672175 0.945984 0.672708 0.936745 0.671109 0.929638
0 0.693497 0.874200 0.689232 0.875622 0.678038 0.887704 0.670043 0.899787 0.664179 0.913291 0.664712 0.917555 0.670043 0.925373 0.676972 0.931059 0.689765 0.933902 0.692964 0.931770 0.696695 0.925373 0.697228 0.908316 0.700426 0.892679 0.700426 0.886283 0.697228 0.877754
0 0.701493 0.889837 0.697761 0.909737 0.698294 0.918266 0.700959 0.922530 0.719083 0.925373 0.731876 0.924662 0.738806 0.920398 0.744136 0.914712 0.743603 0.908316 0.738806 0.899787 0.720682 0.885572 0.708422 0.883440 0.703625 0.885572
0 0.692964 0.865672 0.693497 0.869936 0.697228 0.876333 0.706290 0.882729 0.725480 0.883440 0.729211 0.879886 0.731343 0.872779 0.730277 0.855011 0.729211 0.851457 0.724947 0.845771 0.714819 0.845771 0.707889 0.848614 0.698294 0.856432
0 0.675373 0.814499 0.675373 0.825871 0.679104 0.836532 0.683369 0.844350 0.692964 0.855011 0.697228 0.856432 0.710021 0.843639 0.712687 0.835821 0.712687 0.829424 0.711620 0.825871 0.704158 0.817342 0.696162 0.812367 0.679638 0.811656
0 0.697228 0.799574 0.696695 0.806681 0.698827 0.812367 0.705757 0.818053 0.715352 0.830135 0.719936 0.834471 0.724414 0.835821 0.728678 0.837242 0.737207 0.820896 0.738273 0.815920 0.737207 0.804549 0.731343 0.798863 0.715885 0.796020 0.700959 0.795309
0 0.724947 0.746269 0.721215 0.746269 0.716951 0.749112 0.711620 0.754797 0.703625 0.759773 0.700426 0.764748 0.699360 0.769012 0.705757 0.777541 0.706823 0.787491 0.707889 0.788913 0.714819 0.791045 0.725480 0.791045 0.730277 0.789623 0.734542 0.785359 0.735608 0.773276 0.731876 0.754797
0 0.729744 0.711443 0.714819 0.701493 0.712687 0.701493 0.707356 0.705757 0.700426 0.724236 0.696695 0.739161 0.697228 0.754797 0.698827 0.758351 0.702559 0.759062 0.710554 0.755508 0.733475 0.729922 0.734542 0.719972
0 0.639126 0.962331 0.634861 0.959488 0.622601 0.961620 0.611940 0.970149 0.600213 0.985075 0.599147 0.988628 0.599680 1.000000 0.631663 1.000000 0.634968 0.997797 0.636994 0.987918 0.640192 0.978678 0.640725 0.966596
0 0.672175 0.959488 0.666311 0.954513 0.661514 0.955224 0.652452 0.960199 0.646588 0.965885 0.639659 0.980810 0.637527 1.000000 0.670576 1.000000 0.672122 0.999929 0.673774 0.996446 0.678038 0.992182 0.679638 0.988628 0.679638 0.980100 0.678038 0.972992
0 0.720682 0.980810 0.717484 0.975835 0.714286 0.975124 0.692964 0.976546 0.684435 0.981521 0.682303 0.986496 0.682303 0.992893 0.684435 0.996446 0.684435 1.000000 0.720682 1.000000
0 0.721215 0.995736 0.721215 1.000000 0.743070 1.000000 0.743070 0.997157 0.736141 0.988628 0.733475 0.987207 0.726546 0.987918 0.722281 0.992182
0 0.773454 0.958067 0.769403 0.953163 0.759062 0.954513 0.742004 0.963753 0.735075 0.970860 0.735075 0.983653 0.736141 0.987207 0.744136 0.997868 0.744136 1.000000 0.762260 1.000000 0.764392 0.992182 0.773454 0.970860 0.774520 0.966596 0.774520 0.959488
0 0.713220 0.938166 0.710554 0.933902 0.706823 0.931770 0.696695 0.932480 0.682836 0.937456 0.675906 0.942431 0.671642 0.950249 0.672175 0.955224 0.675373 0.961620 0.680171 0.965885 0.692431 0.968728 0.698827 0.972281 0.708955 0.971571 0.712687 0.967306 0.714819 0.957356 0.714819 0.946695
0 0.751066 0.934613 0.745203 0.927505 0.740405 0.924662 0.736141 0.925373 0.730810 0.928927 0.718550 0.948827 0.715352 0.966596 0.720682 0.970149 0.735075 0.968728 0.746802 0.959488 0.753731 0.956645 0.755864 0.950249
0 0.777186 0.963753 0.768124 0.982942 0.763859 0.996446 0.763859 1.000000 0.795842 1.000000 0.795842 0.997868 0.800640 0.989339 0.799041 0.980100 0.792111 0.970149 0.787313 0.965885 0.780917 0.963042
0 0.796375 0.997157 0.796375 1.000000 0.821962 1.000000 0.821962 0.997157 0.818763 0.992893 0.815032 0.990760 0.802772 0.990760
0 0.833689 0.965885 0.830490 0.970860 0.827825 0.980100 0.825693 1.000000 0.854478 1.000000 0.854478 0.997868 0.859808 0.987918 0.859275 0.981521 0.845949 0.968017 0.839019 0.965174
0 0.794776 0.943141 0.794243 0.955935 0.797441 0.966596 0.810235 0.985785 0.816631 0.987207 0.820362 0.985075 0.827292 0.975124 0.831023 0.965885 0.831557 0.960910 0.828891 0.955935 0.815032 0.944563 0.808635 0.942431 0.805437 0.939588 0.801173 0.939588 0.797122 0.939659
0 0.775053 0.901208 0.764925 0.905473 0.757463 0.911869 0.754264 0.917555 0.754264 0.924662 0.758529 0.933902 0.768657 0.948827 0.775053 0.953092 0.780917 0.953802 0.783582 0.952381 0.787313 0.945274 0.787313 0.926084 0.783049 0.906894 0.780384 0.902630
0 0.744136 0.866382 0.740938 0.869225 0.739872 0.873490 0.738806 0.896233 0.745736 0.911869 0.748934 0.914712 0.751599 0.913291 0.768124 0.892679 0.769190 0.882729 0.765991 0.874200 0.753198 0.866382
0 0.859275 0.994314 0.859275 1.000000 0.901386 1.000000 0.900853 0.995025 0.898188 0.992182 0.887527 0.985785 0.875800 0.982232 0.863006 0.982942 0.860874 0.985785
0 0.925373 0.955224 0.923241 0.960910 0.923774 0.964463 0.927505 0.974414 0.929638 0.976546 0.956823 0.987207 0.963220 0.985785 0.966418 0.976546 0.967484 0.966596 0.965885 0.955935 0.963220 0.949538 0.952026 0.948117 0.934435 0.948827
0 0.965885 0.997157 0.960021 0.986496 0.950959 0.987207 0.940832 0.997157 0.940832 1.000000 0.965885 1.000000
0 0.974414 0.997157 0.974414 1.000000 1.000000 1.000000 1.000000 0.996446 0.988273 0.992182 0.984542 0.992182 0.981290 0.992324 0.978145 0.994314
0 0.997335 0.962331 0.993603 0.969439 0.989872 0.988628 0.992004 0.992893 0.997335 0.996446 1.000000 0.996446 1.000000 0.962331
0 0.984009 0.934613 0.974414 0.936034 0.966951 0.941009 0.965352 0.944563 0.965352 0.950959 0.971748 0.982232 0.978145 0.991471 0.981876 0.992182 0.987740 0.990050 0.990405 0.986496 0.996269 0.963042 0.997335 0.953092 0.996269 0.941720 0.992537 0.938166
0 0.893390 0.955935 0.888060 0.970149 0.888060 0.980100 0.890725 0.985785 0.901919 0.991471 0.913113 0.995025 0.920576 0.995025 0.926972 0.987207 0.927505 0.980100 0.923241 0.968017 0.908316 0.950249 0.905117 0.948827 0.900853 0.949538
0 0.881663 0.934613 0.877399 0.928927 0.871002 0.928927 0.858209 0.937456 0.845949 0.955224 0.844883 0.959488 0.845949 0.965885 0.854478 0.970149 0.873667 0.970149 0.883795 0.967306 0.886461 0.962331 0.886994 0.954513
0 0.898721 0.894101 0.896055 0.896233 0.893923 0.902630 0.893390 0.918266 0.894989 0.927505 0.899254 0.940299 0.903518 0.946695 0.906716 0.948117 0.913113 0.947406 0.920576 0.941720 0.929104 0.930348 0.930171 0.923241 0.928038 0.917555 0.925480 0.911727 0.921642 0.908316 0.910448 0.895522 0.906716 0.893390
0 0.936567 0.874911 0.927505 0.877754 0.921642 0.882018 0.920043 0.886283 0.920043 0.894101 0.921642 0.904762 0.928038 0.916134 0.931237 0.924662 0.939179 0.934044 0.944936 0.933689 0.946162 0.923241 0.950426 0.911869 0.950426 0.896233 0.946695 0.877754 0.944030 0.874911
0 0.945629 0.935323 0.954158 0.945274 0.960554 0.946695 0.962687 0.945984 0.969616 0.938166 0.981876 0.932480 0.982942 0.928927 0.971215 0.911869 0.954158 0.910448 0.951493 0.911869 0.947761 0.918977 0.945629 0.928927
0 0.972281 0.902630 0.971748 0.910448 0.980810 0.926795 0.993070 0.936745 0.997868 0.942431 1.000000 0.942431 1.000000 0.901208 0.990938 0.897655 0.985608 0.897655
0 0.966418 0.867804 0.966418 0.884861 0.968550 0.893390 0.973348 0.899076 0.986141 0.896944 1.000000 0.889126 1.000000 0.864250 0.973881 0.859986 0.969616 0.862118
0 0.850213 0.887704 0.847548 0.899076 0.847548 0.906183 0.860341 0.921819 0.870469 0.927505 0.881130 0.928216 0.885394 0.925373 0.889126 0.920398 0.888060 0.903340 0.885394 0.896233 0.878998 0.887704 0.868337 0.879886 0.864072 0.878465 0.858742 0.879176
0 0.842751 0.907605 0.832090 0.910448 0.828891 0.914001 0.825693 0.922530 0.827292 0.945984 0.836887 0.960910 0.840085 0.960199 0.849680 0.949538 0.856077 0.938166 0.859275 0.924662 0.855011 0.914712 0.849680 0.910448
0 0.787313 0.902630 0.785714 0.907605 0.786247 0.914712 0.787846 0.921109 0.791045 0.926084 0.798507 0.931059 0.804904 0.938877 0.817164 0.943852 0.823561 0.943852 0.825160 0.942431 0.825693 0.930348 0.821962 0.915423 0.813966 0.896944 0.807036 0.888415 0.802239 0.887704 0.793710 0.894812
0 0.772921 0.841507 0.770256 0.843639 0.765458 0.855721 0.766525 0.870647 0.770789 0.887704 0.774520 0.894812 0.779851 0.900498 0.787313 0.900498 0.797441 0.891969 0.800373 0.888699 0.802239 0.884151 0.801706 0.878465 0.796908 0.864250 0.790512 0.852878 0.776119 0.841507
0 0.802772 0.857143 0.799041 0.862118 0.799041 0.867804 0.803305 0.877754 0.804371 0.883440 0.815565 0.895522 0.823028 0.896233 0.826759 0.894101 0.835288 0.878465 0.835821 0.865672 0.834222 0.861407 0.829424 0.857854 0.819829 0.855011
0 0.867271 0.845771 0.861407 0.840796 0.855011 0.837953 0.849680 0.837242 0.843817 0.840796 0.839019 0.857854 0.839019 0.868515 0.836887 0.877043 0.841151 0.886994 0.845416 0.886994 0.851812 0.884151 0.865672 0.869936 0.869403 0.863539 0.871002 0.857143 0.870469 0.850746
0 0.871002 0.862118 0.868337 0.873490 0.869403 0.877043 0.873667 0.882729 0.885928 0.886994 0.897655 0.887704 0.900320 0.886283 0.904584 0.879176 0.904584 0.876333 0.897655 0.859986 0.891258 0.850746 0.885394 0.846482 0.881130 0.848614
0 0.907249 0.814499 0.904051 0.818053 0.900320 0.829424 0.899787 0.854300 0.900853 0.864250 0.905117 0.874200 0.914179 0.874911 0.923241 0.872068 0.928038 0.868515 0.930704 0.864250 0.930171 0.850746 0.923241 0.832267 0.919510 0.825871 0.912047 0.816631
0 0.851279 0.820185 0.851279 0.825871 0.853412 0.831557 0.856610 0.835821 0.861940 0.838664 0.872068 0.847903 0.880597 0.846482 0.885394 0.842217 0.889659 0.835821 0.890192 0.829424 0.885928 0.819474 0.870469 0.811656 0.865139 0.810945 0.856077 0.813788
0 0.810235 0.809524 0.806503 0.818763 0.806503 0.828714 0.809168 0.839375 0.819296 0.852168 0.829424 0.856432 0.834222 0.856432 0.838486 0.851457 0.841684 0.841507 0.841684 0.832267 0.839019 0.823738 0.834222 0.815210 0.828358 0.809524 0.818763 0.806681
0 0.803305 0.798863 0.795309 0.799574 0.789446 0.802416 0.775053 0.823738 0.772921 0.830135 0.773454 0.836532 0.778785 0.842928 0.787846 0.849325 0.794776 0.850746 0.799041 0.849325 0.802772 0.844350 0.805437 0.837242 0.807569 0.812367 0.807569 0.803838
0 0.734009 0.828003 0.731343 0.835110 0.730810 0.852168 0.732942 0.862118 0.734542 0.864250 0.742004 0.865672 0.747868 0.863539 0.754264 0.863539 0.762260 0.857143 0.764925 0.852168 0.765991 0.846482 0.765458 0.840796 0.761727 0.835110 0.757463 0.831557 0.743070 0.824449 0.737740 0.824449
0 0.754797 0.781805 0.744670 0.787491 0.739872 0.794598 0.738806 0.800995 0.754264 0.828003 0.764925 0.835110 0.771855 0.827292 0.772921 0.823738 0.772388 0.816631 0.763326 0.785359 0.760661 0.782516
0 0.778785 0.746979 0.769723 0.742004 0.755330 0.742715 0.747335 0.745558 0.735075 0.754797 0.734009 0.759773 0.735608 0.771144 0.738806 0.781095 0.745736 0.785359 0.760661 0.780384 0.775586 0.757640
0 0.807036 0.756930 0.803305 0.755508 0.793710 0.756930 0.786247 0.760483 0.771855 0.771144 0.765991 0.780384 0.765991 0.787491 0.769190 0.794598 0.775586 0.797441 0.791578 0.799574 0.805970 0.796731 0.810768 0.792466 0.812367 0.786780 0.811834 0.766880
0 0.829957 0.783227 0.828358 0.803127 0.829424 0.807392 0.834222 0.811656 0.854478 0.812367 0.858209 0.810235 0.863539 0.800284 0.863006 0.793888 0.860874 0.790334 0.855011 0.786780 0.842217 0.774698 0.836887 0.774698
0 0.834222 0.747690 0.832623 0.751244 0.832090 0.759062 0.840618 0.771855 0.857143 0.786780 0.861940 0.787491 0.868870 0.782516 0.871002 0.773987 0.870469 0.766880 0.865672 0.749112 0.859808 0.737740 0.854478 0.734897 0.848081 0.734897
0 0.871002 0.779673 0.868337 0.787491 0.866738 0.800995 0.868337 0.806681 0.871535 0.810235 0.887527 0.818053 0.899787 0.815920 0.906183 0.810235 0.906716 0.804549 0.904584 0.799574 0.889659 0.783937 0.877399 0.777541 0.873134 0.777541
0 0.869403 0.723525 0.864606 0.727790 0.862473 0.732765 0.861940 0.738451 0.871535 0.770434 0.874200 0.773276 0.877932 0.773987 0.881663 0.771855 0.884328 0.766880 0.889659 0.744136 0.889659 0.730633 0.888593 0.727079 0.885394 0.724236
0 0.890725 0.744136 0.886461 0.756930 0.885394 0.768301 0.893923 0.778962 0.903518 0.785359 0.915245 0.788202 0.922175 0.787491 0.923774 0.784648 0.923774 0.778252 0.921642 0.761194 0.914712 0.746269 0.910981 0.741294 0.906183 0.738451 0.899787 0.739161
0 0.958422 0.759062 0.955224 0.755508 0.943497 0.749822 0.928038 0.753376 0.922708 0.757640 0.921642 0.761905 0.923774 0.779673 0.930704 0.789623 0.939232 0.790334 0.942431 0.788913 0.952559 0.778962 0.957356 0.771144 0.958955 0.765458
0 0.932303 0.803838 0.930171 0.809524 0.929638 0.816631 0.931770 0.828714 0.936567 0.841507 0.944030 0.852168 0.946695 0.853589 0.952559 0.854300 0.959488 0.850746 0.967484 0.837242 0.967484 0.831557 0.965352 0.823738 0.955224 0.812367 0.944030 0.803127 0.936567 0.802416
0 1.000000 0.807392 0.997868 0.807392 0.980277 0.825871 0.975480 0.835821 0.978145 0.842217 0.986141 0.845771 1.000000 0.843639
0 0.960075 0.771926 0.953092 0.782516 0.953092 0.789623 0.956290 0.800284 0.965352 0.817342 0.969616 0.822317 0.978145 0.823738 0.981343 0.821606 0.982942 0.818763 0.985608 0.798863 0.980810 0.771855 0.978678 0.770434 0.967377 0.768515
0 0.993603 0.749112 0.986141 0.752665 0.982409 0.757640 0.982409 0.777541 0.985608 0.793177 0.988273 0.799574 0.994136 0.803838 1.000000 0.804549 1.000000 0.749112
0 0.937100 0.720682 0.934968 0.737740 0.937633 0.742715 0.942964 0.746979 0.963753 0.752665 0.974947 0.748401 0.977612 0.742715 0.976013 0.736318 0.968550 0.722104 0.961620 0.714996 0.951759 0.711230 0.946695 0.710021 0.940832 0.714996
0 0.820362 0.710732 0.808635 0.714286 0.803838 0.719261 0.801173 0.725657 0.801173 0.733475 0.805970 0.751955 0.811301 0.762615 0.817697 0.769012 0.823028 0.769723 0.828358 0.764748 0.830490 0.757640 0.831557 0.734897 0.828358 0.715707 0.825693 0.712154
0 0.778785 0.676617 0.773454 0.685146 0.771322 0.693674 0.769723 0.714286 0.770256 0.722814 0.771855 0.728500 0.774520 0.732054 0.778785 0.733475 0.789446 0.732054 0.796908 0.726368 0.797974 0.717839 0.797441 0.710732 0.787846 0.683724 0.783582 0.677328
0 0.739339 0.687278 0.735608 0.694385 0.734542 0.701493 0.734542 0.716418 0.736141 0.732054 0.741471 0.743426 0.744136 0.744847 0.748401 0.744136 0.754797 0.737740 0.759595 0.727079 0.764925 0.710732 0.765458 0.700071 0.759062 0.691542
0 0.734542 0.660270 0.732942 0.663824 0.728945 0.668941 0.731876 0.675195 0.734009 0.680171 0.739872 0.685856 0.747868 0.689410 0.756397 0.690832 0.760661 0.689410 0.763859 0.685146 0.763859 0.663824 0.757996 0.652452 0.753731 0.650320 0.747868 0.651031
0 0.802239 0.669510 0.800640 0.673063 0.799041 0.687278 0.796375 0.694385 0.796375 0.702914 0.798507 0.708600 0.802239 0.712154 0.810768 0.712864 0.824094 0.707889 0.827825 0.700782 0.827825 0.690121 0.824627 0.680881 0.818763 0.673063 0.809168 0.666667 0.806503 0.665956
0 0.857143 0.683014 0.853412 0.685146 0.844350 0.697228 0.837420 0.712154 0.836887 0.720682 0.837953 0.724236 0.847015 0.732054 0.858209 0.734897 0.864072 0.727790 0.866205 0.719972 0.865139 0.691542 0.863006 0.684435
0 0.866205 0.689410 0.866205 0.712864 0.867804 0.719972 0.870469 0.722814 0.888593 0.722814 0.898188 0.716418 0.907249 0.705757 0.905650 0.700071 0.900320 0.697228 0.889126 0.685856 0.872068 0.683724 0.868870 0.684435
0 0.961087 0.685856 0.954691 0.678749 0.948827 0.678749 0.934435 0.689410 0.930171 0.695807 0.925373 0.700071 0.921642 0.705757 0.922175 0.711443 0.929104 0.717129 0.934595 0.719474 0.939765 0.717129 0.947228 0.708600 0.953358 0.709879 0.956290 0.711443 0.961780 0.713717 0.963220 0.708600 0.963220 0.699360
0 0.938699 0.661692 0.929104 0.655295 0.924307 0.653873 0.919510 0.655295 0.916311 0.660270 0.909382 0.679460 0.910981 0.701493 0.912047 0.703625 0.920576 0.704335 0.938699 0.683724 0.943497 0.675195 0.942964 0.668799
0 0.890192 0.643923 0.887527 0.647477 0.889659 0.660270 0.898721 0.675906 0.904051 0.680881 0.908316 0.680881 0.915778 0.661692 0.921109 0.653873 0.920576 0.648188 0.917377 0.644634 0.906716 0.641791 0.896588 0.641791
0 0.864072 0.631841 0.852345 0.646766 0.851812 0.655295 0.860341 0.670931 0.874200 0.681592 0.889126 0.685146 0.891791 0.676617 0.891791 0.665245 0.886461 0.649609 0.874733 0.631130 0.867804 0.629709
0 0.833156 0.646766 0.829957 0.648898 0.821962 0.665245 0.820896 0.670220 0.830490 0.690832 0.837420 0.695807 0.842751 0.695807 0.856610 0.680171 0.858209 0.675906 0.858209 0.670220 0.856077 0.664534 0.849680 0.654584 0.844350 0.650320
0 0.789446 0.632552 0.789446 0.638237 0.792111 0.648188 0.802772 0.659559 0.813966 0.668088 0.818763 0.668088 0.820362 0.666667 0.828891 0.650320 0.828891 0.637527 0.827825 0.634684 0.819296 0.628287 0.801706 0.626155
0 0.761194 0.613362 0.757463 0.619048 0.756930 0.627576 0.759062 0.649609 0.763326 0.660270 0.766525 0.663824 0.771855 0.663824 0.778252 0.660981 0.787313 0.653873 0.789979 0.648898 0.787846 0.637527 0.782516 0.628287 0.772388 0.615494 0.763859 0.612651
0 0.803305 0.568586 0.797974 0.567875 0.790512 0.572850 0.786247 0.577825 0.778785 0.591329 0.776119 0.606965 0.779851 0.613362 0.786780 0.619048 0.793177 0.620469 0.799041 0.619758 0.803838 0.613362 0.806503 0.596304 0.807036 0.577825
0 0.811834 0.571429 0.808102 0.574271 0.808635 0.593461 0.813433 0.613362 0.818230 0.624023 0.821962 0.628287 0.826759 0.628287 0.831557 0.623312 0.836887 0.610519 0.839552 0.591329 0.838486 0.575693 0.835821 0.571429 0.827825 0.568586
0 0.869403 0.610519 0.866205 0.605544 0.858742 0.600569 0.852878 0.600569 0.840618 0.610519 0.834222 0.617626 0.830490 0.627576 0.830490 0.633973 0.833689 0.643213 0.837420 0.646055 0.850213 0.645345 0.853412 0.643213 0.869403 0.625444 0.870469 0.617626
0 0.878465 0.609097 0.877399 0.627576 0.880597 0.638237 0.884861 0.642502 0.892857 0.642502 0.903518 0.639659 0.911514 0.633262 0.914712 0.628287 0.914179 0.621891 0.912047 0.616915 0.908316 0.611940 0.900320 0.606254 0.887527 0.604122 0.881130 0.605544
0 0.849147 0.570718 0.847548 0.576404 0.848614 0.586354 0.857143 0.598436 0.868337 0.603412 0.877932 0.603412 0.881663 0.599858 0.885928 0.590618 0.887527 0.573561 0.885394 0.567164 0.883262 0.565032 0.873667 0.562900 0.856610 0.564321
0 0.888593 0.558635 0.887527 0.567164 0.890192 0.579247 0.895522 0.592751 0.902985 0.604122 0.908849 0.606965 0.920043 0.597015 0.924307 0.591329 0.924307 0.580668 0.908316 0.562900 0.896588 0.555792
0 0.923241 0.593461 0.915778 0.601279 0.914179 0.606254 0.914712 0.616205 0.924840 0.634684 0.932836 0.646055 0.936567 0.648188 0.942964 0.647477 0.953625 0.632552 0.955757 0.624733 0.955224 0.616205 0.949893 0.607676 0.937633 0.597726 0.928571 0.593461
0 0.941365 0.649609 0.940299 0.661692 0.946695 0.672353 0.962687 0.683724 0.968017 0.683724 0.977079 0.679460 0.978145 0.663824 0.970149 0.647477 0.965352 0.641791 0.960021 0.637527 0.953092 0.635394
0 0.986141 0.695807 0.973881 0.710021 0.971748 0.714996 0.970682 0.722814 0.974414 0.731343 0.979744 0.738451 1.000000 0.744136 1.000000 0.704335 0.998401 0.704335 0.990938 0.697228
0 0.980810 0.665956 0.979211 0.668088 0.978678 0.675195 0.979744 0.682303 0.986141 0.692253 0.997868 0.702203 1.000000 0.702203 1.000000 0.670220
0 0.971748 0.638237 0.970149 0.644634 0.973881 0.654584 0.978678 0.660981 1.000000 0.668088 1.000000 0.632552 0.980810 0.631841
0 0.966418 0.591329 0.958955 0.611230 0.958955 0.616915 0.963220 0.624023 0.974414 0.629709 0.987207 0.630419 0.995736 0.626866 0.996802 0.620469 0.995203 0.614783 0.981876 0.594172 0.973348 0.588486 0.970149 0.588486
0 0.996802 0.569296 0.988273 0.574982 0.985608 0.579957 0.984009 0.589908 0.986141 0.597726 0.990938 0.604122 0.994136 0.611230 0.997335 0.615494 1.000000 0.615494 1.000000 0.569296
0 0.966418 0.558635 0.962687 0.557925 0.957356 0.561478 0.950426 0.563611 0.936567 0.574982 0.934968 0.578536 0.934968 0.587775 0.942964 0.600569 0.950959 0.606254 0.955224 0.605544 0.971215 0.584222 0.974947 0.570007
0 1.000000 0.528074 0.993603 0.528074 0.974414 0.539446 0.968550 0.551528 0.968550 0.557925 0.974947 0.567164 0.978678 0.569296 0.993603 0.570007 1.000000 0.567164
0 0.933369 0.518834 0.932836 0.523810 0.935501 0.531628 0.942431 0.541578 0.950959 0.558635 0.955224 0.560057 0.959488 0.557925 0.969083 0.547264 0.972281 0.540156 0.971215 0.528785 0.961620 0.515991 0.953092 0.513149 0.942964 0.512438 0.939232 0.513149
0 0.903518 0.542289 0.904051 0.553660 0.907783 0.558635 0.921642 0.566453 0.936567 0.571429 0.939765 0.570718 0.942431 0.567164 0.945629 0.565743 0.947761 0.561478 0.946695 0.552239 0.941898 0.542289 0.933902 0.532338 0.924307 0.525231 0.915778 0.523810 0.912047 0.526652
0 0.852345 0.523810 0.851812 0.529495 0.855011 0.540156 0.858209 0.544421 0.865139 0.549396 0.883262 0.557214 0.886461 0.557214 0.893390 0.552239 0.893390 0.542999 0.890192 0.533760 0.872068 0.510306 0.869403 0.508884 0.863539 0.509595
0 0.837953 0.513859 0.833689 0.516702 0.829957 0.523810 0.825693 0.539446 0.824094 0.560768 0.825160 0.565743 0.827292 0.567875 0.836887 0.571429 0.845949 0.571429 0.849147 0.569296 0.852345 0.563611 0.851812 0.535892 0.849147 0.523099 0.846482 0.517413 0.841684 0.513859
0 0.816631 0.517413 0.811834 0.515281 0.804371 0.515991 0.793710 0.524520 0.782516 0.536603 0.780917 0.544421 0.789979 0.559346 0.797974 0.565032 0.803305 0.565032 0.808102 0.559346 0.813966 0.545842 0.817697 0.533049 0.818230 0.520256
0 0.747868 0.554371 0.739872 0.564321 0.736141 0.572139 0.734542 0.578536 0.735075 0.587775 0.743070 0.597015 0.755864 0.604122 0.764925 0.605544 0.773987 0.602701 0.776119 0.596304 0.774520 0.585643 0.756930 0.559346 0.752132 0.555082
0 0.744136 0.512438 0.740405 0.511016 0.730810 0.512438 0.713753 0.523810 0.705757 0.533760 0.705757 0.540156 0.707356 0.545131 0.714819 0.557214 0.723348 0.562900 0.727612 0.562189 0.732942 0.557214 0.740405 0.538735 0.745203 0.518834
0 0.760661 0.454158 0.756930 0.452026 0.749467 0.452026 0.744136 0.455579 0.743603 0.462687 0.736994 0.476688 0.734542 0.489694 0.736141 0.502488 0.739339 0.507463 0.752132 0.505330 0.763859 0.493248 0.771322 0.481876 0.772921 0.471002 0.766525 0.460554
0 0.796908 0.424307 0.786780 0.416489 0.778785 0.414357 0.770789 0.423596 0.766525 0.434968 0.767591 0.451315 0.768177 0.462971 0.772761 0.464534 0.785181 0.461976 0.796375 0.449893 0.801599 0.441791 0.801439 0.431130
0 0.839126 0.447832 0.836354 0.433547 0.834222 0.431414 0.816098 0.433547 0.805970 0.439232 0.796908 0.451315 0.797974 0.454869 0.804904 0.464819 0.820896 0.471926 0.826759 0.471926 0.835821 0.467662 0.837953 0.463397
0 0.841684 0.471215 0.837953 0.468372 0.831023 0.469794 0.827825 0.471926 0.821962 0.481876 0.815032 0.496802 0.815565 0.509595 0.819829 0.514570 0.826759 0.515991 0.835821 0.513859 0.843284 0.510306 0.849680 0.503909 0.851279 0.498934 0.850746 0.488984 0.848081 0.481876
0 0.847015 0.460554 0.844883 0.466240 0.844350 0.472637 0.850746 0.484719 0.860874 0.493959 0.872601 0.499645 0.877399 0.497512 0.879531 0.494670 0.881130 0.488273 0.881130 0.476190 0.879531 0.469083 0.868870 0.452026 0.865672 0.449893 0.859808 0.449893 0.852345 0.454869
0 0.883795 0.490405 0.874200 0.501066 0.872601 0.508173 0.886461 0.526652 0.893923 0.539446 0.900853 0.540867 0.907249 0.533760 0.912580 0.524520 0.914179 0.519545 0.914179 0.512438 0.909915 0.505330 0.892857 0.492537
0 0.897122 0.438522 0.889126 0.438522 0.886994 0.439943 0.884328 0.444208 0.880864 0.465814 0.881663 0.484719 0.884328 0.488984 0.886994 0.490405 0.892857 0.490405 0.898188 0.485430 0.913113 0.462687 0.912047 0.451102 0.901386 0.441294
0 0.916151 0.444208 0.913113 0.458422 0.913113 0.467662 0.915778 0.477612 0.935501 0.478323 0.946695 0.474769 0.954691 0.465529 0.955224 0.457711 0.952026 0.452026 0.948827 0.449183 0.941365 0.446340 0.934435 0.439943 0.928571 0.438522 0.919670 0.438664
0 0.944563 0.478323 0.917910 0.479744 0.910981 0.486141 0.909915 0.492537 0.912047 0.506041 0.919510 0.518834 0.925906 0.519545 0.929638 0.518124 0.939765 0.508884 0.940832 0.505330 0.947228 0.496802 0.948294 0.491827 0.947761 0.482587
0 0.966951 0.481166 0.958422 0.491827 0.958422 0.498223 0.962687 0.513859 0.972281 0.529495 0.973881 0.535181 0.978678 0.535892 0.985075 0.530206 0.986674 0.525942 0.988273 0.506041 0.988273 0.486141 0.986674 0.482587 0.981876 0.480455
0 1.000000 0.484719 0.992537 0.486141 0.989339 0.491827 0.988273 0.523810 0.990405 0.527363 1.000000 0.527363
0 0.969083 0.442075 0.966951 0.452736 0.966418 0.467662 0.967484 0.475480 0.969616 0.479033 0.988273 0.480455 1.000000 0.474769 1.000000 0.449183 0.979211 0.439232 0.973881 0.438522
0 0.941365 0.408671 0.935501 0.416489 0.932836 0.426439 0.933902 0.436389 0.937100 0.441365 0.942964 0.446340 0.957889 0.447050 0.962687 0.445629 0.968017 0.439943 0.970682 0.429993 0.970149 0.424307 0.963220 0.412225 0.955224 0.402985 0.950426 0.402274
0 0.981343 0.410092 0.978678 0.412935 0.972281 0.429282 0.972814 0.437100 0.985608 0.441365 0.994670 0.447050 1.000000 0.447761 1.000000 0.421535 0.998401 0.418621 0.996269 0.414357 0.990938 0.410092 0.987207 0.408671
0 0.743070 0.378820 0.740938 0.382374 0.742537 0.389481 0.742537 0.405828 0.744136 0.415778 0.749467 0.431414 0.754264 0.435679 0.760128 0.435679 0.765458 0.432836 0.770256 0.423596 0.777186 0.414357 0.777186 0.408671 0.771855 0.399431 0.754797 0.380952 0.748934 0.378820
0 0.743603 0.316986 0.739339 0.321962 0.735608 0.335466 0.738806 0.367448 0.740405 0.373845 0.742537 0.376688 0.753731 0.379531 0.760661 0.375267 0.767058 0.368870 0.768124 0.358920 0.766525 0.351102 0.763326 0.346127 0.760341 0.339730 0.754797 0.328358 0.752132 0.320540
0 0.775053 0.371713 0.772921 0.374556 0.771322 0.380242 0.771322 0.391613 0.776119 0.405117 0.780917 0.410803 0.794776 0.421464 0.799041 0.421464 0.807036 0.412225 0.809701 0.403696 0.809701 0.398721 0.808102 0.393746 0.802772 0.385217 0.793177 0.375267 0.783582 0.370291
0 0.764925 0.340441 0.766525 0.351102 0.776119 0.362473 0.782516 0.367448 0.794776 0.373845 0.798507 0.373134 0.803305 0.368159 0.806290 0.354158 0.807569 0.347548 0.807569 0.339730 0.803465 0.331912 0.786461 0.330277 0.775853 0.331201 0.771322 0.332623
0 0.829957 0.345416 0.819829 0.341151 0.812900 0.341862 0.808102 0.345416 0.803838 0.366027 0.804371 0.383795 0.806503 0.390903 0.809168 0.393035 0.815032 0.392324 0.834222 0.373845 0.836354 0.367448 0.836887 0.361052 0.835288 0.353234
0 0.857676 0.379531 0.851279 0.373134 0.844296 0.370647 0.837473 0.371855 0.815565 0.393035 0.811780 0.396873 0.819829 0.408671 0.824627 0.412935 0.837953 0.415068 0.852345 0.413646 0.857676 0.407960 0.859808 0.398721
0 0.826759 0.324094 0.825693 0.328358 0.827825 0.341862 0.843284 0.363895 0.848614 0.368870 0.852878 0.370291 0.856077 0.368870 0.863060 0.359204 0.866471 0.345558 0.867271 0.340441 0.865672 0.336176 0.861407 0.330490 0.851279 0.321251 0.842217 0.317697 0.836887 0.317697 0.833156 0.321251
0 0.881130 0.339730 0.872068 0.337598 0.868550 0.341933 0.866578 0.348045 0.859275 0.381663 0.859808 0.393746 0.861407 0.395167 0.868337 0.393746 0.881663 0.383085 0.886461 0.377399 0.891791 0.367448 0.894616 0.362544 0.894616 0.354869 0.888593 0.346127
0 0.916738 0.352168 0.911514 0.346127 0.906716 0.346127 0.902985 0.348259 0.898721 0.354655 0.890192 0.372424 0.887527 0.380952 0.886994 0.404407 0.892857 0.405117 0.900320 0.402985 0.912047 0.393746 0.920043 0.383085 0.924840 0.373134 0.925373 0.366738 0.923241 0.359630
0 0.910981 0.335466 0.910981 0.345416 0.920576 0.356077 0.926972 0.369581 0.933902 0.373845 0.939232 0.373134 0.942431 0.369581 0.945629 0.361763 0.948827 0.348259 0.948827 0.339019 0.947228 0.335466 0.938699 0.330490 0.919510 0.330490
0 0.571962 0.727790 0.566631 0.736318 0.565032 0.751244 0.567697 0.783227 0.571962 0.788202 0.576759 0.789623 0.580490 0.788202 0.592217 0.769723 0.596482 0.759062 0.598081 0.743426 0.594350 0.736318 0.587420 0.730633
0 0.534648 0.694385 0.531450 0.700782 0.531450 0.706468 0.532036 0.711727 0.533262 0.718479 0.536247 0.721393 0.546375 0.731343 0.550107 0.737740 0.556503 0.740583 0.560235 0.740583 0.565032 0.738451 0.569296 0.732765 0.573028 0.725657 0.575693 0.716418 0.575160 0.710732 0.571429 0.705046 0.564499 0.698650 0.546908 0.691542 0.541045 0.691542
0 0.580490 0.655295 0.580490 0.658849 0.575160 0.669510 0.574627 0.683014 0.577292 0.688699 0.587953 0.695096 0.594350 0.696517 0.608316 0.697655 0.613966 0.695025 0.613006 0.679460 0.603412 0.663824 0.592217 0.653873
0 0.572495 0.611230 0.568230 0.612651 0.560235 0.619758 0.549041 0.637527 0.549574 0.660270 0.551706 0.663824 0.559168 0.669510 0.564499 0.670931 0.574627 0.670220 0.582090 0.653873 0.581023 0.622601 0.578891 0.617626
0 0.519190 0.643213 0.515458 0.647477 0.515458 0.654584 0.517058 0.660981 0.525053 0.675906 0.536247 0.687989 0.542111 0.688699 0.544776 0.686567 0.548507 0.676617 0.549041 0.660981 0.547441 0.641080 0.544776 0.637527 0.536247 0.636105 0.528252 0.637527
0 0.612473 0.605544 0.607676 0.606965 0.599147 0.617626 0.592751 0.631841 0.590618 0.639659 0.591684 0.651031 0.599147 0.658849 0.602878 0.660270 0.611940 0.660981 0.616205 0.658849 0.619403 0.653873 0.622068 0.641791 0.622601 0.629709 0.620469 0.616205
0 0.630064 0.560768 0.623667 0.563611 0.621535 0.567875 0.618870 0.582800 0.617804 0.609097 0.618870 0.614072 0.623134 0.620469 0.635394 0.621891 0.648188 0.614783 0.650320 0.611230 0.650853 0.606254 0.647655 0.590618 0.641258 0.574982 0.633795 0.562900
0 0.680171 0.506752 0.667377 0.503198 0.654051 0.503198 0.649787 0.504620 0.638060 0.513149 0.634861 0.518124 0.635394 0.525231 0.641258 0.544421 0.649787 0.552239 0.655650 0.552239 0.668977 0.542289 0.674307 0.535892 0.680171 0.525231 0.681770 0.514570
0 0.628465 0.519545 0.623134 0.515991 0.618870 0.515991 0.613539 0.520256 0.609275 0.525942 0.605544 0.535181 0.600213 0.540156 0.599147 0.542999 0.599147 0.555082 0.605544 0.562900 0.611940 0.564321 0.619403 0.561478 0.628465 0.560768 0.632729 0.558635 0.637527 0.552239 0.638593 0.549396 0.637527 0.540867 0.632196 0.525231
0 0.587953 0.550817 0.579424 0.551528 0.575693 0.555082 0.572495 0.562189 0.571962 0.606965 0.579957 0.619048 0.584222 0.618337 0.594350 0.606254 0.602345 0.585643 0.605011 0.574982 0.605011 0.562900 0.597548 0.553660
0 0.568763 0.585643 0.559701 0.584222 0.545309 0.590618 0.530384 0.601990 0.529318 0.605544 0.529851 0.613362 0.534115 0.623312 0.540512 0.633262 0.543710 0.634684 0.550640 0.633262 0.559701 0.619758 0.567164 0.611940 0.569296 0.607676 0.570896 0.589908
0 0.709488 0.422886 0.705224 0.429282 0.704158 0.434968 0.705224 0.439232 0.705437 0.442502 0.706823 0.446340 0.710554 0.460554 0.716418 0.474769 0.720682 0.477612 0.726013 0.478323 0.732942 0.476901 0.740938 0.466951 0.742537 0.461976 0.743070 0.454869 0.741471 0.449893 0.733475 0.434257 0.725480 0.422886 0.721748 0.420753
0 0.681237 0.429282 0.676439 0.432836 0.669510 0.444918 0.671642 0.454158 0.681237 0.469794 0.686567 0.474058 0.693497 0.476190 0.698294 0.471926 0.703625 0.461265 0.706023 0.457214 0.705224 0.452026 0.704691 0.445629 0.702559 0.439943 0.697761 0.434257
0 0.648721 0.446340 0.647122 0.449183 0.647655 0.471215 0.656716 0.493248 0.659915 0.498223 0.665778 0.501066 0.668977 0.500355 0.675906 0.495380 0.682836 0.487562 0.684435 0.481876 0.683369 0.473348 0.667377 0.450604 0.658316 0.446340
0 0.639126 0.466240 0.634328 0.465529 0.628465 0.471215 0.622068 0.480455 0.618870 0.488984 0.617271 0.501777 0.618337 0.508173 0.623134 0.513859 0.627932 0.516702 0.632196 0.516702 0.647122 0.506041 0.652985 0.498223 0.654051 0.491116 0.650853 0.479744 0.644989 0.470505
0 0.586354 0.484719 0.582623 0.486851 0.581557 0.491827 0.582090 0.517413 0.586887 0.533760 0.591151 0.539446 0.597015 0.540156 0.602345 0.536603 0.607143 0.527363 0.612473 0.507463 0.612473 0.496802 0.609275 0.489694 0.603945 0.486141
0 0.527186 0.557925 0.527719 0.571429 0.530384 0.582090 0.536780 0.591329 0.542644 0.591329 0.559168 0.582800 0.566098 0.574982 0.569296 0.565743 0.568230 0.559346 0.563966 0.552950 0.561301 0.551528 0.534115 0.551528 0.528785 0.554371
0 0.506397 0.532338 0.498934 0.539446 0.495736 0.550817 0.494670 0.567164 0.497868 0.581379 0.505864 0.589908 0.514925 0.590618 0.521855 0.589197 0.524520 0.586354 0.526119 0.570007 0.526119 0.557214 0.522388 0.540156 0.517058 0.532338
0 0.529851 0.509595 0.526119 0.521677 0.525586 0.535181 0.530917 0.542999 0.545842 0.550107 0.562900 0.550107 0.572495 0.543710 0.573561 0.539446 0.573028 0.534471 0.569296 0.525942 0.566631 0.523099 0.560021 0.516560 0.555544 0.510590 0.549574 0.508529 0.541578 0.506041 0.534115 0.506041
0 0.546375 0.475480 0.545309 0.479744 0.545842 0.488273 0.549041 0.496802 0.557036 0.510306 0.568763 0.520967 0.576759 0.520256 0.579424 0.518124 0.580490 0.506041 0.579957 0.491827 0.574094 0.470505 0.568763 0.463397 0.565032 0.463397 0.554371 0.468372
0 0.526119 0.449893 0.529851 0.474058 0.534648 0.476901 0.546908 0.475480 0.555970 0.468372 0.567164 0.462687 0.569296 0.457001 0.567697 0.451315 0.564499 0.447761 0.554904 0.441365 0.542111 0.436389 0.535714 0.436389 0.530917 0.438522 0.528252 0.442075
0 0.538913 0.412935 0.535714 0.425729 0.536780 0.429993 0.543177 0.436389 0.560235 0.442075 0.565032 0.442075 0.571429 0.439232 0.574094 0.435679 0.575160 0.423596 0.573561 0.413646 0.569829 0.402985 0.566098 0.399431 0.558102 0.398721 0.551706 0.400853 0.543710 0.406539
0 0.631130 0.437811 0.618870 0.432125 0.608689 0.445345 0.605544 0.452736 0.600213 0.461976 0.598081 0.476190 0.606077 0.483298 0.619403 0.484719 0.625267 0.473348 0.634861 0.463397 0.637527 0.457711 0.636994 0.448472
0 0.592217 0.431414 0.586887 0.431414 0.578891 0.434257 0.575693 0.438522 0.576226 0.456290 0.578891 0.476901 0.581023 0.482587 0.583689 0.484719 0.594350 0.483298 0.597548 0.480455 0.600213 0.464108 0.606077 0.449183 0.605544 0.441365 0.602878 0.437100
0 0.611940 0.391613 0.609275 0.395878 0.608209 0.402985 0.608742 0.408671 0.616205 0.424307 0.622068 0.432125 0.628998 0.435679 0.633262 0.435679 0.638753 0.432125 0.640618 0.426510 0.642857 0.420043 0.645576 0.413859 0.645522 0.408671 0.642857 0.400853 0.624200 0.386638 0.617271 0.388060
0 0.658316 0.396304 0.654584 0.399431 0.649254 0.407249 0.641258 0.429282 0.641258 0.435679 0.647122 0.442786 0.662580 0.447050 0.667377 0.440654 0.669510 0.431414 0.668977 0.406539 0.666311 0.400142
0 0.670043 0.406539 0.669510 0.421464 0.671109 0.425018 0.674307 0.427150 0.699360 0.430704 0.704691 0.427861 0.707889 0.420753 0.707889 0.417910 0.705757 0.414357 0.681770 0.402274 0.674307 0.402274
0 0.730277 0.333333 0.726546 0.333333 0.720149 0.337598 0.716418 0.343284 0.712687 0.353234 0.709488 0.371002 0.709488 0.376688 0.713753 0.382374 0.719083 0.383085 0.724414 0.380952 0.733475 0.380952 0.736141 0.379531 0.737207 0.376688 0.737740 0.365316 0.736674 0.352523 0.734542 0.340441
0 0.704691 0.395593 0.703038 0.399645 0.703092 0.405828 0.707356 0.413646 0.712687 0.419332 0.720149 0.420256 0.724733 0.421962 0.728145 0.424307 0.732942 0.424307 0.740938 0.416489 0.742004 0.411514 0.741471 0.389481 0.740405 0.386638 0.735075 0.382374 0.723348 0.382374 0.720149 0.382658 0.714819 0.384506 0.710021 0.386638
0 0.692591 0.362402 0.688433 0.368159 0.683742 0.374840 0.681237 0.382658 0.678571 0.394456 0.680171 0.398721 0.684968 0.404407 0.692431 0.405828 0.697228 0.409382 0.701493 0.410092 0.702559 0.408671 0.703252 0.397015 0.710021 0.387349 0.710554 0.382374 0.704957 0.372281 0.696162 0.363895
0 0.678038 0.339019 0.673774 0.339730 0.666311 0.345416 0.655117 0.368159 0.651226 0.381947 0.655650 0.387349 0.665778 0.395167 0.673241 0.396588 0.677505 0.395167 0.682303 0.378109 0.683369 0.371002 0.683369 0.351102
0 0.638593 0.347548 0.634328 0.349680 0.629531 0.359630 0.628465 0.367448 0.624733 0.377399 0.624733 0.383795 0.630064 0.390192 0.638593 0.396517 0.643923 0.400142 0.649787 0.400853 0.653038 0.391898 0.651386 0.383795 0.651386 0.376688 0.656183 0.363184 0.656716 0.355366 0.652985 0.351102 0.645522 0.349680 0.642857 0.347548
0 0.583689 0.347548 0.583156 0.352523 0.586354 0.362473 0.603945 0.382374 0.609275 0.385217 0.616738 0.386638 0.621535 0.384506 0.624200 0.380242 0.626866 0.364606 0.626866 0.356077 0.625800 0.351102 0.619403 0.346127 0.608209 0.343284 0.594350 0.343994
0 0.582090 0.382374 0.578358 0.386638 0.576759 0.393746 0.582623 0.420753 0.587420 0.429993 0.603412 0.427861 0.605544 0.425018 0.607143 0.418621 0.608209 0.403696 0.607676 0.392324 0.603412 0.385217 0.599680 0.382374
0 0.551173 0.343284 0.549574 0.345416 0.547974 0.355366 0.549041 0.362473 0.553305 0.375977 0.563966 0.393035 0.567164 0.395167 0.574627 0.393746 0.581557 0.383085 0.586887 0.379531 0.587953 0.371002 0.586354 0.366027 0.575160 0.351102 0.569296 0.345416 0.561301 0.341151 0.555437 0.341151
0 0.499467 0.520256 0.486674 0.511727 0.482409 0.512438 0.478145 0.516702 0.473881 0.525231 0.467484 0.546553 0.467484 0.562900 0.470149 0.567875 0.486674 0.558635 0.490938 0.557925 0.493070 0.555082 0.497868 0.540156 0.504264 0.532338 0.504264 0.527363
0 0.489872 0.484009 0.486674 0.496091 0.486674 0.501777 0.490938 0.510306 0.501066 0.518834 0.504797 0.524520 0.512793 0.528785 0.518124 0.529495 0.524520 0.523099 0.530384 0.503909 0.529851 0.496091 0.526119 0.490405 0.521855 0.487562 0.501599 0.481166 0.493603 0.481166
0 0.525586 0.452736 0.514392 0.443497 0.507463 0.444918 0.500000 0.448472 0.495736 0.452736 0.489872 0.454869 0.486141 0.460554 0.486674 0.471215 0.490938 0.479744 0.500533 0.479744 0.514392 0.484719 0.521855 0.484719 0.526652 0.479744 0.528252 0.474058
0 0.522388 0.406539 0.511194 0.400853 0.505330 0.400853 0.485608 0.434968 0.485608 0.443497 0.489339 0.453447 0.493070 0.453447 0.504264 0.446340 0.517058 0.442075 0.527719 0.432836 0.529318 0.429282 0.529318 0.424307 0.527186 0.416489
0 0.547974 0.361763 0.540512 0.360341 0.532516 0.363184 0.517591 0.371713 0.512793 0.377399 0.511727 0.383085 0.514392 0.393035 0.518124 0.400142 0.526652 0.410803 0.534648 0.411514 0.546375 0.392324 0.549574 0.383085 0.550640 0.373134 0.550107 0.366738
0 0.526119 0.331201 0.522921 0.329780 0.517058 0.329780 0.514925 0.331201 0.504797 0.347548 0.500000 0.364606 0.500000 0.371002 0.502132 0.378820 0.504264 0.380242 0.510661 0.379531 0.518124 0.371002 0.529851 0.363895 0.535181 0.362473 0.538913 0.358920 0.538913 0.351102 0.537313 0.346837
0 0.466418 0.459844 0.462687 0.464108 0.461620 0.468372 0.456290 0.476190 0.453625 0.484719 0.452026 0.498223 0.454691 0.504620 0.466418 0.513149 0.474414 0.515281 0.478145 0.514570 0.481876 0.510306 0.484542 0.501777 0.485608 0.481876 0.484009 0.470505 0.482409 0.466240 0.473348 0.459844
0 0.461087 0.410803 0.450426 0.424307 0.448827 0.428571 0.449360 0.437811 0.452559 0.444208 0.461087 0.454869 0.466951 0.458422 0.476546 0.459133 0.479211 0.461265 0.482942 0.456290 0.485661 0.453589 0.484542 0.447761 0.484542 0.439232 0.481876 0.429282 0.474414 0.414357 0.468550 0.409382
0 0.470149 0.382374 0.468017 0.386638 0.468017 0.393035 0.469616 0.398721 0.473348 0.405828 0.486141 0.421464 0.491471 0.421464 0.505330 0.398721 0.502665 0.388060 0.492537 0.379531 0.487740 0.377399 0.481876 0.377399
0 0.499467 0.326937 0.497335 0.326226 0.494136 0.328358 0.488806 0.328358 0.483475 0.330490 0.470149 0.346127 0.469083 0.349680 0.469083 0.358920 0.478145 0.372424 0.488806 0.377399 0.493070 0.376688 0.495736 0.373845 0.502665 0.346837 0.501066 0.329069
0 0.464286 0.338308 0.460554 0.339019 0.452026 0.344705 0.448881 0.347406 0.447655 0.349964 0.445629 0.352523 0.437633 0.366738 0.437633 0.378109 0.442964 0.384506 0.454691 0.391613 0.463753 0.390903 0.469083 0.378820 0.469616 0.363184 0.468017 0.356787 0.468017 0.344705
0 0.441898 0.339730 0.434968 0.335466 0.424840 0.335466 0.413646 0.340441 0.405650 0.346127 0.400853 0.356077 0.402985 0.368159 0.406183 0.374556 0.415778 0.385217 0.421109 0.385928 0.428038 0.383085 0.434968 0.373845 0.439232 0.361763 0.441311 0.357498 0.444030 0.349680 0.444563 0.345416
0 0.422175 0.387349 0.419510 0.397299 0.419510 0.403696 0.421109 0.408671 0.426972 0.417200 0.433369 0.422175 0.437633 0.428571 0.442964 0.432125 0.446162 0.430704 0.454691 0.416489 0.459488 0.411514 0.460021 0.402274 0.455224 0.393746 0.435341 0.380668 0.426972 0.385928
0 0.423774 0.415778 0.411514 0.416489 0.406183 0.423596 0.404584 0.443497 0.403678 0.454371 0.405650 0.461976 0.407783 0.464819 0.419510 0.462687 0.428038 0.454158 0.437633 0.440654 0.437633 0.429282
0 0.378998 0.410092 0.376333 0.412935 0.375800 0.422886 0.376866 0.434968 0.380597 0.454158 0.383795 0.461265 0.391791 0.466240 0.396588 0.466240 0.400853 0.461265 0.401919 0.457001 0.401386 0.450604 0.405650 0.421464 0.404584 0.414357 0.402452 0.410803 0.398188 0.408671
0 0.444563 0.437811 0.441365 0.439232 0.433369 0.447050 0.421642 0.463397 0.420576 0.466951 0.420949 0.472850 0.426706 0.474129 0.444563 0.484009 0.449360 0.484009 0.454691 0.479744 0.459488 0.469794 0.460554 0.460554 0.451493 0.442786 0.448294 0.438522
0 0.406183 0.486851 0.406183 0.492537 0.405490 0.496304 0.408849 0.503198 0.413113 0.508173 0.419510 0.512438 0.437100 0.511727 0.445096 0.506752 0.446162 0.499645 0.445096 0.486141 0.440778 0.481095 0.426066 0.477114 0.422068 0.478038 0.418497 0.478252 0.408316 0.483298
0 0.430171 0.522388 0.430704 0.531628 0.433902 0.537313 0.461087 0.555792 0.465352 0.554371 0.473881 0.524520 0.473348 0.518124 0.471748 0.515991 0.447761 0.509595 0.442431 0.509595 0.436567 0.513149 0.431343 0.515352
0 0.417217 0.556859 0.419510 0.572139 0.423774 0.576404 0.439232 0.575693 0.446162 0.578536 0.450426 0.578536 0.460554 0.570718 0.461087 0.563611 0.456290 0.555082 0.442964 0.545131 0.432303 0.539446 0.426972 0.538735 0.423241 0.540156
0 0.396588 0.503909 0.391791 0.512438 0.390192 0.519545 0.389659 0.533760 0.390725 0.538735 0.399787 0.541578 0.417910 0.541578 0.423827 0.540156 0.426759 0.532196 0.427719 0.523952 0.422175 0.517413 0.417910 0.512438 0.404051 0.501777 0.399254 0.501777
0 0.501066 0.591329 0.500533 0.585643 0.495469 0.574698 0.492537 0.563611 0.490405 0.561478 0.481876 0.562189 0.468550 0.570718 0.465885 0.574271 0.461620 0.584932 0.462687 0.588486 0.473348 0.599147 0.481343 0.601990 0.486674 0.601990 0.497868 0.594883
0 0.523454 0.590618 0.520789 0.589908 0.501599 0.593461 0.488273 0.601279 0.489872 0.614783 0.497868 0.631841 0.505330 0.636816 0.510661 0.636816 0.515458 0.633262 0.522921 0.622601 0.527719 0.604122 0.527186 0.596304
0 0.478145 0.641791 0.477079 0.653873 0.479211 0.661692 0.479211 0.666667 0.481343 0.670220 0.505864 0.669510 0.515991 0.663824 0.515991 0.655295 0.512793 0.646055 0.495736 0.631841 0.486674 0.628998 0.482409 0.631841
0 0.448507 0.627719 0.445576 0.628145 0.442964 0.632552 0.440832 0.637527 0.440832 0.643923 0.449893 0.659559 0.454691 0.663113 0.459488 0.669510 0.466951 0.674485 0.472281 0.675195 0.478785 0.675338 0.479584 0.667946 0.478998 0.663184 0.475480 0.652452 0.469829 0.639801 0.462154 0.633973 0.459115 0.631272 0.454211 0.628643
0 0.443497 0.596304 0.440832 0.602701 0.439765 0.612651 0.441365 0.617626 0.446695 0.624733 0.455597 0.627150 0.462687 0.633262 0.469616 0.635394 0.479211 0.635394 0.483475 0.629709 0.483475 0.622601 0.479211 0.608387 0.475480 0.602701 0.463220 0.589908 0.457889 0.587775 0.450959 0.587775
0 0.447228 0.582090 0.440299 0.578536 0.433369 0.577114 0.421109 0.578536 0.411514 0.582090 0.406716 0.585643 0.405117 0.589908 0.406716 0.606254 0.411514 0.616915 0.418443 0.624023 0.424840 0.624023 0.438699 0.612651 0.441898 0.599147 0.448827 0.587065
0 0.414712 0.551528 0.407249 0.542289 0.398188 0.542999 0.394989 0.544421 0.392324 0.545416 0.388593 0.547974 0.375800 0.568586 0.375800 0.576404 0.377932 0.580668 0.382729 0.584222 0.393923 0.587065 0.402452 0.587775 0.410448 0.583511 0.418443 0.576404 0.417377 0.560768
0 0.400853 0.588486 0.390725 0.586354 0.381130 0.587065 0.377399 0.588628 0.373134 0.593461 0.365139 0.605544 0.363539 0.614072 0.365672 0.620469 0.380597 0.638948 0.386461 0.637527 0.390725 0.633973 0.401919 0.614783 0.405117 0.604833 0.405117 0.598436 0.402985 0.591329
0 0.503731 0.678749 0.498934 0.689410 0.498401 0.714996 0.499467 0.719972 0.505864 0.726368 0.519723 0.725657 0.526652 0.723525 0.529851 0.717129 0.530384 0.710021 0.528785 0.699360 0.525586 0.688699 0.515991 0.677328 0.508529 0.676617
0 0.458955 0.673774 0.456823 0.679460 0.457889 0.695807 0.466951 0.718550 0.473881 0.727079 0.476013 0.727790 0.481343 0.727079 0.486674 0.723525 0.495736 0.710732 0.496802 0.704335 0.495203 0.696517 0.490405 0.690121 0.476013 0.678749 0.465352 0.674485
0 0.408849 0.674485 0.408849 0.686567 0.414179 0.692253 0.434968 0.700071 0.450959 0.699360 0.454158 0.697939 0.455224 0.695807 0.454158 0.667377 0.450426 0.661692 0.445629 0.660270 0.422175 0.660981 0.413113 0.665245
0 0.436034 0.637527 0.431770 0.631130 0.424307 0.628287 0.413646 0.628287 0.394456 0.631841 0.390192 0.636816 0.391258 0.659559 0.395522 0.666667 0.403518 0.669510 0.408316 0.668088 0.413646 0.663113 0.429104 0.656716 0.436567 0.643923
0 0.365139 0.663824 0.363539 0.669510 0.367271 0.689410 0.382196 0.708600 0.384861 0.710021 0.391258 0.708600 0.398721 0.700782 0.403518 0.691542 0.404584 0.680881 0.400853 0.673063 0.375267 0.660270 0.371535 0.660270
0 0.365139 0.707889 0.357143 0.712864 0.355544 0.715707 0.355011 0.722814 0.357143 0.736318 0.364072 0.753376 0.373134 0.762615 0.376866 0.763326 0.381663 0.753376 0.382729 0.734186 0.385928 0.715707 0.381130 0.708600
0 0.396588 0.704335 0.392324 0.708600 0.387473 0.712225 0.385874 0.721891 0.384328 0.727790 0.383262 0.746979 0.389126 0.754087 0.400853 0.756930 0.404051 0.756219 0.415778 0.744136 0.414925 0.732623 0.413966 0.726937 0.412047 0.720682 0.407249 0.711443 0.402452 0.705757
0 0.416311 0.696517 0.410448 0.707178 0.409382 0.711443 0.418443 0.739161 0.420576 0.742004 0.425906 0.743426 0.432303 0.743426 0.439232 0.739872 0.448294 0.726368 0.449360 0.719261 0.447228 0.711443 0.444030 0.707178 0.428571 0.697228 0.421109 0.695096
0 0.547974 0.735608 0.541045 0.727079 0.537313 0.724947 0.528785 0.723525 0.521322 0.726368 0.505330 0.727079 0.501066 0.729211 0.497335 0.734897 0.497868 0.753376 0.499467 0.759062 0.505864 0.768301 0.510661 0.769723 0.518657 0.767591 0.531450 0.759773 0.546375 0.742004
0 0.523454 0.769723 0.523454 0.780384 0.530384 0.790334 0.536247 0.794598 0.554904 0.800284 0.560768 0.797441 0.565032 0.789623 0.566098 0.784648 0.565032 0.767591 0.563433 0.761905 0.559168 0.758351 0.541631 0.756716 0.530384 0.761905 0.525693 0.764250
0 0.585821 0.799574 0.582623 0.798152 0.570896 0.798152 0.560235 0.800284 0.552772 0.804549 0.547974 0.813077 0.547974 0.820896 0.554371 0.837242 0.559701 0.842928 0.566098 0.842928 0.574094 0.836532 0.584755 0.820185 0.589019 0.810235 0.589019 0.804549
0 0.498934 0.792466 0.497335 0.797441 0.497868 0.808102 0.507996 0.818053 0.514925 0.822317 0.523454 0.824449 0.527719 0.823738 0.534648 0.819474 0.535714 0.810235 0.533582 0.798152 0.522388 0.779673 0.519190 0.777541 0.512793 0.777541 0.505864 0.783227
0 0.463753 0.718550 0.458422 0.717839 0.453092 0.719972 0.448294 0.726368 0.440832 0.742004 0.437846 0.747050 0.439232 0.753376 0.442431 0.766169 0.443497 0.777541 0.447761 0.778962 0.452878 0.775267 0.456290 0.771855 0.475480 0.756219 0.479744 0.749112 0.480810 0.739872 0.478678 0.733475 0.474414 0.727790
0 0.493603 0.778252 0.490405 0.768301 0.486674 0.761905 0.482409 0.757640 0.475480 0.757640 0.467484 0.762615 0.450959 0.778962 0.450426 0.794598 0.454691 0.798863 0.483475 0.800995 0.493070 0.794598 0.494670 0.788913
0 0.411514 0.748401 0.404584 0.756930 0.403518 0.763326 0.412047 0.785359 0.417377 0.794598 0.422708 0.798863 0.430171 0.801706 0.437633 0.800284 0.441365 0.789623 0.442431 0.780384 0.441365 0.768301 0.437633 0.750533 0.432836 0.744847 0.424307 0.743426 0.417377 0.744847
0 0.380597 0.770434 0.376333 0.776119 0.374200 0.783227 0.375267 0.789623 0.380064 0.798863 0.387527 0.809524 0.392857 0.814499 0.398721 0.817342 0.409382 0.816631 0.412580 0.809524 0.413646 0.798863 0.409915 0.781805 0.403518 0.764748 0.399787 0.761905 0.393923 0.761905
0 0.430704 0.807392 0.424840 0.813077 0.421642 0.820185 0.420043 0.830135 0.421642 0.840085 0.427505 0.849325 0.430704 0.851457 0.436567 0.851457 0.444030 0.847903 0.452026 0.840085 0.454158 0.836532 0.454158 0.825160 0.448294 0.814499 0.439232 0.808102
0 0.452026 0.805259 0.449893 0.810235 0.453092 0.824449 0.457889 0.831557 0.466951 0.840796 0.473881 0.843639 0.478678 0.843639 0.483475 0.841507 0.486674 0.837242 0.490405 0.828003 0.490938 0.818053 0.487740 0.809524 0.482409 0.803838 0.474947 0.801706 0.458422 0.800995
0 0.501599 0.822317 0.499467 0.826581 0.499467 0.837953 0.505864 0.857143 0.509595 0.864250 0.514392 0.867804 0.522388 0.867804 0.526652 0.864961 0.532516 0.857854 0.533582 0.840796 0.527186 0.831557 0.518124 0.825160 0.509595 0.821606 0.504797 0.820896
0 0.530384 0.862118 0.531983 0.872068 0.541045 0.879176 0.564499 0.882018 0.573028 0.877754 0.576759 0.873490 0.576226 0.866382 0.567697 0.852878 0.561301 0.845771 0.550107 0.838664 0.544776 0.837953 0.539979 0.840085 0.535181 0.846482
0 0.591151 0.960910 0.583689 0.959488 0.579957 0.960910 0.577292 0.964463 0.568230 0.984364 0.565565 1.000000 0.598081 1.000000 0.598081 0.981521 0.594350 0.965174
0 0.565032 0.885572 0.560235 0.884151 0.553838 0.884861 0.550640 0.886994 0.542004 0.908529 0.538699 0.916063 0.536727 0.921891 0.537846 0.924662 0.544776 0.935323 0.566098 0.924662 0.575160 0.910448 0.577292 0.904762 0.576226 0.899076
0 0.577825 0.934613 0.573561 0.928927 0.568763 0.925373 0.559168 0.928927 0.551706 0.937456 0.544776 0.953802 0.546375 0.965174 0.552239 0.968017 0.565565 0.967306 0.577825 0.961620 0.581557 0.954513 0.581557 0.946695
0 0.502132 0.877754 0.500000 0.882018 0.501066 0.894812 0.502132 0.898365 0.504851 0.903198 0.507996 0.905473 0.521855 0.914712 0.527719 0.916134 0.533049 0.915423 0.537313 0.910448 0.542111 0.893390 0.542111 0.887704 0.537846 0.879176 0.531450 0.875622 0.514392 0.872779 0.505330 0.874200
0 0.505330 0.918266 0.502132 0.931770 0.502132 0.943852 0.503198 0.950959 0.505864 0.955935 0.515458 0.956645 0.531450 0.951670 0.539979 0.945984 0.542644 0.940299 0.542111 0.934613 0.537313 0.926084 0.529318 0.918977 0.514392 0.914001 0.509062 0.914712
0 0.533582 0.965885 0.527186 0.982942 0.526119 1.000000 0.554904 1.000000 0.554904 0.997157 0.559168 0.988628 0.559168 0.981521 0.550107 0.970149 0.542111 0.965174 0.536247 0.964463
0 0.482942 0.877043 0.470149 0.887704 0.467484 0.894812 0.468017 0.902630 0.472814 0.911158 0.484009 0.924662 0.490405 0.928927 0.497335 0.931059 0.500533 0.930348 0.502132 0.926084 0.503198 0.906894 0.498934 0.893390 0.497868 0.883440 0.494136 0.877754 0.490938 0.875622
0 0.438699 0.903340 0.434968 0.913291 0.434435 0.926795 0.435501 0.931059 0.439232 0.935323 0.442964 0.937456 0.455224 0.937456 0.463753 0.933191 0.468017 0.928927 0.469616 0.924662 0.469616 0.916134 0.468017 0.910448 0.453092 0.895522 0.446695 0.894812
0 0.465352 0.943852 0.457356 0.949538 0.453625 0.961620 0.454158 0.985785 0.458422 0.997157 0.458422 1.000000 0.474414 1.000000 0.477612 0.988628 0.486674 0.969439 0.488273 0.963042 0.488273 0.955935 0.486141 0.950249 0.474947 0.943852
0 0.419510 0.943852 0.418977 0.966596 0.425906 0.984364 0.429638 0.989339 0.432836 0.990760 0.439765 0.990760 0.445629 0.987207 0.453092 0.975124 0.453625 0.959488 0.452559 0.955935 0.448294 0.950959 0.432303 0.941009 0.423774 0.940299
0 0.453092 0.867804 0.447761 0.856432 0.444030 0.852878 0.437633 0.852168 0.431237 0.853589 0.424467 0.861123 0.420576 0.867093 0.417804 0.871429 0.414712 0.875622 0.413113 0.888415 0.414712 0.891258 0.421642 0.894812 0.440299 0.894812 0.447761 0.892679 0.452026 0.889126 0.454691 0.882018
0 0.413113 0.825160 0.406716 0.825160 0.403518 0.829424 0.396588 0.832978 0.395522 0.836532 0.392164 0.841436 0.389126 0.846482 0.386940 0.850746 0.386461 0.853589 0.382942 0.861052 0.383795 0.869225 0.385928 0.872779 0.400320 0.880597 0.408849 0.880597 0.410981 0.877754 0.415778 0.862118 0.417377 0.852168 0.416844 0.837242
0 0.361407 0.807676 0.357143 0.816631 0.356610 0.821606 0.357143 0.825871 0.364606 0.841507 0.373667 0.852168 0.384861 0.852878 0.391791 0.841507 0.394723 0.836816 0.397122 0.832267 0.397655 0.824449 0.396588 0.820185 0.385394 0.811656 0.372068 0.808102
0 0.324094 0.772566 0.312367 0.777541 0.308635 0.784648 0.310768 0.799574 0.318230 0.824449 0.320896 0.828003 0.326759 0.831557 0.339019 0.820896 0.343284 0.807392 0.343817 0.788913 0.341684 0.781805 0.335821 0.774698
0 0.357143 0.877043 0.349147 0.888415 0.349147 0.896233 0.352878 0.902630 0.365139 0.914712 0.373134 0.918266 0.381130 0.916844 0.386994 0.906894 0.389659 0.892679 0.389126 0.884861 0.381130 0.877043 0.375267 0.875622 0.369403 0.872068
0 0.379531 0.937456 0.372601 0.953802 0.373134 0.961620 0.377399 0.967306 0.391791 0.977257 0.403518 0.982942 0.413646 0.979389 0.416311 0.976546 0.417377 0.970149 0.414179 0.955224 0.401386 0.934613 0.394989 0.931770 0.388060 0.931770
0 0.428038 0.997157 0.421642 0.985785 0.414179 0.982942 0.404051 0.989339 0.396588 0.997157 0.396588 1.000000 0.428038 1.000000
0 0.350213 0.997157 0.350213 1.000000 0.383795 1.000000 0.383795 0.996446 0.377932 0.988628 0.369936 0.983653 0.362473 0.981521 0.357676 0.982232 0.353412 0.985785
0 0.307036 0.997157 0.307036 1.000000 0.334755 1.000000 0.334755 0.997157 0.322495 0.990760 0.313966 0.991471
0 0.333689 0.923952 0.323561 0.921109 0.314499 0.921819 0.310768 0.923241 0.308102 0.928216 0.306503 0.952381 0.308635 0.966596 0.314499 0.978678 0.317697 0.982232 0.321962 0.980100 0.327825 0.972992 0.333689 0.960910 0.338486 0.945984 0.339552 0.937456 0.339019 0.929638
0 0.334755 0.859986 0.323561 0.855792 0.317164 0.855011 0.311301 0.859275 0.308102 0.870647 0.307569 0.892679 0.305437 0.903340 0.305437 0.909026 0.309168 0.916134 0.313433 0.916134 0.324627 0.906894 0.334222 0.891969 0.339552 0.880597 0.341684 0.872779 0.341151 0.867804
0 0.262793 0.882729 0.263326 0.902630 0.268657 0.909737 0.282516 0.916134 0.287846 0.920398 0.296375 0.919687 0.303305 0.910448 0.306503 0.891258 0.306503 0.886994 0.304371 0.881308 0.292111 0.875622 0.279318 0.874911 0.267591 0.877754
0 0.274520 0.833689 0.270789 0.840796 0.267591 0.854300 0.268124 0.862829 0.270256 0.867804 0.276119 0.871357 0.289446 0.874200 0.299574 0.874200 0.305437 0.872068 0.308102 0.869225 0.310768 0.855721 0.303038 0.843141 0.296908 0.835821 0.291578 0.831557 0.284648 0.829424
0 0.291045 0.786780 0.285181 0.791045 0.280384 0.798152 0.280384 0.809524 0.281983 0.814499 0.289979 0.830135 0.300107 0.837953 0.306503 0.847193 0.310768 0.847903 0.314499 0.843639 0.318230 0.825160 0.315032 0.816631 0.309168 0.789623 0.304904 0.783937 0.299041 0.783937
0 0.349147 0.566453 0.343284 0.570007 0.341684 0.574271 0.340085 0.611230 0.345416 0.622601 0.350746 0.624023 0.361940 0.613362 0.364072 0.606254 0.371002 0.592751 0.372601 0.586354 0.372601 0.579957 0.365672 0.572139
0 0.205757 0.846482 0.205224 0.852878 0.208422 0.861407 0.211620 0.864961 0.214126 0.871215 0.218017 0.872068 0.221215 0.874911 0.238806 0.877754 0.244670 0.874911 0.250533 0.867804 0.252132 0.859986 0.251066 0.845060 0.248934 0.840796 0.240405 0.835821 0.225480 0.835821 0.213220 0.840796
0 0.192964 0.857854 0.189765 0.861407 0.189765 0.866382 0.186567 0.875622 0.185501 0.882729 0.185501 0.904051 0.188166 0.909737 0.192964 0.911869 0.211087 0.909737 0.216418 0.903340 0.216951 0.891258 0.215352 0.881308 0.209488 0.866382 0.205757 0.860697 0.200959 0.856432
0 0.232942 0.877754 0.224414 0.879176 0.219083 0.886283 0.217484 0.891969 0.216951 0.906183 0.222814 0.924662 0.227612 0.928927 0.232409 0.928216 0.247335 0.921109 0.254797 0.910448 0.254797 0.902630 0.251066 0.894812 0.240938 0.882018
0 0.255864 0.911869 0.248934 0.922530 0.248401 0.925373 0.254264 0.936034 0.257463 0.947406 0.263326 0.955935 0.267591 0.958067 0.278038 0.958706 0.287846 0.945984 0.291045 0.937456 0.291578 0.932480 0.287313 0.921109 0.283049 0.918266 0.278465 0.915423 0.274520 0.914001 0.263859 0.909026
0 0.290512 0.965885 0.286247 0.960910 0.281983 0.960910 0.256930 0.969439 0.254264 0.976546 0.254264 0.988628 0.256930 1.000000 0.289979 1.000000 0.289979 0.997157 0.293710 0.988628 0.293710 0.978678
0 0.239339 0.924662 0.231343 0.928927 0.226013 0.936745 0.224414 0.941009 0.224414 0.955935 0.226546 0.961620 0.228145 0.975835 0.232409 0.983653 0.239339 0.987918 0.248934 0.987918 0.252132 0.984364 0.253731 0.972992 0.256930 0.967306 0.256397 0.953802 0.253198 0.938166 0.250000 0.930348 0.244670 0.925373
0 0.256930 0.997157 0.252665 0.990050 0.247868 0.989339 0.239872 0.990050 0.234009 0.994314 0.225480 0.996446 0.224947 1.000000 0.256930 1.000000
0 0.193497 0.959488 0.189765 0.965174 0.189232 0.981521 0.190832 0.985785 0.199360 0.997157 0.206610 0.999574 0.221748 1.000000 0.223348 0.980100 0.219083 0.955224 0.216951 0.952381 0.208422 0.951670
0 0.162047 0.996446 0.162047 1.000000 0.198294 1.000000 0.198294 0.997157 0.189765 0.985075 0.186567 0.983653 0.174307 0.983653 0.169510 0.985785 0.164179 0.991471
0 0.174307 0.914001 0.175906 0.920398 0.177505 0.941009 0.181770 0.952381 0.190299 0.955224 0.196695 0.955224 0.202559 0.953092 0.211087 0.945984 0.214286 0.933191 0.213220 0.928216 0.208422 0.921819 0.201493 0.916844 0.189765 0.914001 0.186034 0.911158 0.177505 0.910448
0 0.168977 0.909026 0.158849 0.904051 0.152985 0.904051 0.149787 0.906183 0.141258 0.929638 0.140192 0.941720 0.142857 0.951670 0.147655 0.955935 0.150853 0.955935 0.158316 0.949538 0.164712 0.946695 0.172175 0.939588 0.174840 0.926795 0.172175 0.913291
0 0.177505 0.951670 0.172175 0.948117 0.164712 0.948117 0.148188 0.958778 0.139126 0.968728 0.136994 0.976546 0.137527 0.981521 0.141791 0.988628 0.150853 0.997868 0.154318 0.999502 0.159115 0.999645 0.160448 0.997868 0.166844 0.987207 0.172175 0.984364 0.176439 0.978678 0.180171 0.966596 0.180171 0.958778
0 0.114072 0.996446 0.114072 1.000000 0.146588 1.000000 0.146588 0.997157 0.138060 0.985785 0.132729 0.981521 0.127399 0.980100 0.118870 0.982232
0 0.087420 0.978678 0.086354 0.982232 0.086887 1.000000 0.114606 1.000000 0.116205 0.989339 0.116205 0.983653 0.114606 0.978678 0.103945 0.972992 0.092217 0.974414
0 0.102345 0.950249 0.100746 0.960199 0.102345 0.967306 0.105544 0.972281 0.113539 0.977257 0.130064 0.979389 0.134861 0.978678 0.141258 0.962331 0.141791 0.955224 0.140192 0.943852 0.134861 0.936745 0.122601 0.936745 0.114606 0.938877 0.108209 0.943141
0 0.073561 0.903340 0.071429 0.908316 0.071962 0.915423 0.082090 0.934613 0.091684 0.946695 0.098614 0.949538 0.103412 0.946695 0.108209 0.935323 0.108209 0.928927 0.105544 0.921819 0.104478 0.912580 0.105544 0.903340 0.103412 0.899076 0.099147 0.894812 0.091684 0.894101 0.080490 0.897655
0 0.106077 0.902630 0.106077 0.916134 0.108742 0.931059 0.114072 0.937456 0.131663 0.933902 0.139126 0.930348 0.141791 0.926084 0.144989 0.914712 0.144989 0.908316 0.143390 0.903340 0.140725 0.899787 0.134861 0.896944 0.114072 0.896944
0 0.187100 0.856432 0.180704 0.852878 0.164712 0.859986 0.159382 0.868515 0.152452 0.886994 0.152985 0.898365 0.157783 0.902630 0.170043 0.907605 0.182303 0.905473 0.184968 0.899787 0.184968 0.881308 0.188166 0.867804
0 0.138593 0.851457 0.132729 0.857854 0.129531 0.866382 0.131663 0.882729 0.137527 0.896233 0.144456 0.900498 0.150853 0.899787 0.152452 0.898365 0.152985 0.884861 0.158849 0.870647 0.164179 0.862118 0.165245 0.856432 0.160448 0.852878 0.144456 0.850746
0 0.087420 0.867093 0.085821 0.874200 0.085821 0.883440 0.092751 0.889837 0.103412 0.894101 0.128465 0.895522 0.132729 0.891258 0.131130 0.880597 0.128998 0.874200 0.126333 0.870647 0.113539 0.862118 0.103945 0.853589 0.098081 0.852878 0.095416 0.854300 0.091684 0.858564
0 0.163113 0.789623 0.160981 0.793177 0.165245 0.820896 0.169510 0.833689 0.173241 0.839375 0.182836 0.840085 0.189765 0.837953 0.199893 0.825871 0.200959 0.820896 0.200426 0.814499 0.192431 0.798152 0.186034 0.788913 0.174840 0.783937 0.170576 0.783937
0 0.142857 0.793888 0.139659 0.800284 0.141258 0.847193 0.144456 0.850036 0.154051 0.851457 0.162580 0.850746 0.168443 0.847903 0.172708 0.842217 0.172708 0.840085 0.168977 0.833689 0.164712 0.821606 0.162580 0.805970 0.158316 0.793888 0.151919 0.790334
0 0.136461 0.803696 0.130437 0.804407 0.122495 0.805402 0.117111 0.809666 0.113539 0.816631 0.104478 0.840796 0.104478 0.852168 0.113539 0.861407 0.122068 0.866382 0.127399 0.867093 0.140725 0.847193 0.138593 0.814499
0 0.109808 0.810945 0.103412 0.803127 0.095949 0.797441 0.091151 0.797441 0.087420 0.799574 0.079424 0.810945 0.069296 0.830135 0.067697 0.842217 0.068230 0.850746 0.071962 0.852878 0.084222 0.850746 0.101812 0.840796 0.106077 0.836532 0.110874 0.825160 0.111940 0.818763
0 0.142324 0.778252 0.138060 0.768301 0.131663 0.762615 0.121535 0.762615 0.110341 0.772566 0.107676 0.773276 0.102878 0.778962 0.099147 0.785359 0.098614 0.795309 0.107143 0.802416 0.127932 0.803127 0.137527 0.800284 0.142857 0.790334
0 0.072495 0.733475 0.071962 0.742004 0.075693 0.759062 0.085288 0.778962 0.090618 0.784648 0.096482 0.785359 0.100213 0.783227 0.115672 0.766169 0.116738 0.763326 0.115672 0.754797 0.110341 0.748401 0.095949 0.737740 0.093817 0.734186 0.084755 0.730633 0.075160 0.730633
0 0.175906 0.739872 0.171642 0.737029 0.165245 0.738451 0.152452 0.749822 0.141258 0.762615 0.140192 0.770434 0.146055 0.784648 0.153518 0.789623 0.158849 0.791045 0.165778 0.786780 0.173774 0.778962 0.178038 0.769012 0.178038 0.744136
0 0.276119 0.792466 0.270256 0.792466 0.262793 0.796020 0.252665 0.804549 0.241471 0.819474 0.240405 0.828003 0.242004 0.833689 0.245469 0.838308 0.251599 0.843639 0.255330 0.845771 0.261727 0.846482 0.266898 0.844918 0.271162 0.839517 0.272921 0.833689 0.278785 0.810945 0.278785 0.798863
0 0.198827 0.771855 0.188699 0.783227 0.187633 0.787491 0.188166 0.791045 0.201493 0.815920 0.208422 0.825160 0.215885 0.829424 0.221215 0.828714 0.226546 0.820896 0.227079 0.812367 0.219616 0.773987 0.216951 0.770434 0.211620 0.768301
0 0.179104 0.746979 0.179104 0.768301 0.181237 0.772566 0.186034 0.776119 0.192431 0.776119 0.199360 0.771144 0.213753 0.766169 0.219616 0.759062 0.219616 0.755508 0.216418 0.747690 0.210021 0.743426 0.197761 0.740583 0.184968 0.739872 0.181237 0.741294
0 0.226013 0.764748 0.218977 0.766809 0.223881 0.796020 0.227079 0.805970 0.228145 0.813788 0.231876 0.817342 0.237207 0.818053 0.242537 0.811656 0.254264 0.788913 0.256397 0.782516 0.256930 0.775409 0.255330 0.771144 0.251066 0.767591 0.240405 0.764037 0.231876 0.763326
0 0.259595 0.754087 0.257463 0.766169 0.257463 0.773987 0.261194 0.779673 0.276119 0.783227 0.295842 0.784648 0.303305 0.783227 0.308635 0.778962 0.307569 0.773276 0.300107 0.759773 0.292111 0.751955 0.284648 0.746979 0.275586 0.742715 0.267058 0.742715
0 0.326226 0.718550 0.316631 0.726368 0.315032 0.732054 0.313966 0.754087 0.315565 0.764037 0.317697 0.769723 0.321429 0.771855 0.334222 0.771144 0.341684 0.768301 0.345949 0.764037 0.347015 0.760483 0.345949 0.749112 0.336354 0.726368
0 0.360874 0.680171 0.357143 0.675195 0.351279 0.672353 0.348081 0.672353 0.340618 0.676617 0.336354 0.681592 0.327825 0.697939 0.327825 0.715707 0.329424 0.717129 0.351812 0.716418 0.364072 0.707889 0.366205 0.705046 0.366738 0.697228 0.365139 0.689410
0 0.380064 0.642502 0.369403 0.624733 0.364072 0.623312 0.356610 0.626155 0.343284 0.642502 0.339019 0.653163 0.339552 0.664534 0.345949 0.668799 0.365139 0.663113 0.376333 0.654584 0.380597 0.648898
0 0.310768 0.629709 0.306663 0.639161 0.310235 0.656006 0.318230 0.675906 0.321962 0.680881 0.329957 0.683724 0.335288 0.676617 0.337420 0.670220 0.336887 0.661692 0.340618 0.646055 0.339552 0.633973 0.336354 0.628998 0.331557 0.626155 0.321429 0.625444
0 0.269190 0.668799 0.268124 0.676617 0.269190 0.685856 0.275053 0.690832 0.288380 0.692964 0.301706 0.692253 0.306503 0.690121 0.311834 0.685146 0.312367 0.678749 0.307036 0.670220 0.296375 0.658138 0.287313 0.653163 0.278252 0.653163 0.274520 0.655295
0 0.293177 0.715707 0.287313 0.701493 0.284115 0.697228 0.279318 0.693674 0.273454 0.694385 0.268284 0.696446 0.263326 0.700071 0.250533 0.712864 0.248401 0.716418 0.244670 0.732765 0.246802 0.737740 0.254797 0.742004 0.275053 0.737740 0.289979 0.729211 0.293177 0.724236
0 0.242537 0.699360 0.228198 0.695807 0.221748 0.700071 0.217484 0.731343 0.218017 0.747690 0.220149 0.754087 0.224947 0.759773 0.229744 0.760483 0.240405 0.749112 0.243070 0.742715 0.243603 0.736318 0.244403 0.730561 0.246802 0.717839 0.251066 0.710732 0.251599 0.705757
0 0.219616 0.662402 0.217484 0.670931 0.218017 0.676617 0.224414 0.684435 0.234009 0.691542 0.246802 0.695096 0.254264 0.695096 0.260128 0.688699 0.263326 0.680171 0.263859 0.673774 0.262793 0.667377 0.255864 0.656716 0.247868 0.656077 0.237207 0.653163 0.231876 0.653163 0.224414 0.656716
0 0.259595 0.621180 0.259595 0.638948 0.263326 0.651031 0.269190 0.653873 0.275586 0.653873 0.290512 0.649609 0.298507 0.643923 0.307569 0.630419 0.307569 0.626866 0.297441 0.616915 0.276439 0.613433 0.262260 0.616205
0 0.311834 0.570007 0.309168 0.575693 0.309168 0.582800 0.308475 0.587918 0.309701 0.597015 0.312367 0.612651 0.315032 0.617626 0.321962 0.624023 0.331023 0.624023 0.334755 0.618337 0.339019 0.601990 0.339552 0.575693 0.332090 0.570007 0.316631 0.568586
0 0.307569 0.565032 0.301706 0.563611 0.294243 0.565743 0.280917 0.574982 0.272388 0.585643 0.271855 0.591329 0.274520 0.599858 0.287313 0.612651 0.292644 0.614783 0.300107 0.614072 0.307036 0.602701 0.308102 0.598436 0.307036 0.578536 0.309168 0.567875
0 0.151386 0.728500 0.142857 0.721393 0.135394 0.721393 0.115139 0.726368 0.113006 0.734186 0.113006 0.748401 0.116205 0.753376 0.123667 0.755508 0.130597 0.759773 0.141791 0.759773 0.151919 0.749112 0.152452 0.734897
0 0.106610 0.678749 0.101812 0.682303 0.092751 0.684435 0.086887 0.687989 0.082623 0.695807 0.081557 0.711443 0.083156 0.718550 0.087420 0.724947 0.094350 0.729922 0.107676 0.733475 0.117271 0.724236 0.119403 0.714286 0.119403 0.702203 0.116205 0.686567
0 0.216951 0.678749 0.213220 0.676617 0.208422 0.677328 0.200959 0.683014 0.199893 0.687278 0.197228 0.689410 0.185501 0.710732 0.185501 0.722104 0.187100 0.727079 0.191365 0.730633 0.207356 0.735608 0.213753 0.735608 0.217484 0.732054 0.221215 0.695096 0.219083 0.690121 0.219083 0.684435
0 0.154051 0.688699 0.146055 0.703625 0.144989 0.710021 0.144989 0.717839 0.146055 0.720682 0.150853 0.724947 0.167377 0.732765 0.173241 0.734186 0.178571 0.732765 0.181770 0.724947 0.182836 0.708600 0.178038 0.699360 0.173348 0.695736 0.166844 0.688699
0 0.156716 0.663824 0.156716 0.671642 0.158849 0.675906 0.165778 0.685146 0.181770 0.699360 0.189232 0.699360 0.193497 0.695096 0.194563 0.691542 0.202026 0.680881 0.201493 0.674485 0.198827 0.670220 0.189232 0.663824 0.168977 0.658849 0.164712 0.658849 0.160448 0.663113
0 0.118337 0.652452 0.110874 0.663824 0.109275 0.668799 0.113006 0.680171 0.122601 0.690832 0.130064 0.695807 0.141258 0.700782 0.146588 0.700071 0.152985 0.687278 0.152985 0.677328 0.149254 0.667377 0.138060 0.653163 0.132729 0.649609 0.123134 0.648898
0 0.122068 0.614072 0.116738 0.614072 0.107143 0.618337 0.098614 0.626866 0.087420 0.641791 0.085821 0.647477 0.087420 0.655295 0.099147 0.668088 0.107676 0.670931 0.111407 0.660981 0.123667 0.644634 0.126866 0.633262 0.126866 0.624023 0.125800 0.618337
0 0.130064 0.617626 0.128998 0.621180 0.130064 0.633262 0.133262 0.638237 0.139126 0.653873 0.146055 0.662402 0.149254 0.663824 0.153518 0.663113 0.165778 0.653873 0.169510 0.648898 0.170576 0.642502 0.168443 0.639659 0.164179 0.626866 0.159915 0.621891 0.141791 0.612651 0.134328 0.613362
0 0.168977 0.614072 0.164712 0.621180 0.164712 0.624023 0.173241 0.649609 0.181237 0.659559 0.187633 0.662402 0.191365 0.662402 0.194030 0.660270 0.195629 0.656716 0.196162 0.641080 0.199360 0.617626 0.197228 0.612651 0.194030 0.609097 0.181770 0.609097
0 0.216418 0.617626 0.202026 0.616915 0.199360 0.620469 0.195629 0.645345 0.195629 0.660270 0.197228 0.665245 0.204158 0.676617 0.210554 0.675195 0.213753 0.672353 0.227079 0.648898 0.227612 0.626155 0.223348 0.621180
0 0.243603 0.593461 0.236141 0.601279 0.233475 0.606254 0.228145 0.631841 0.228145 0.643213 0.230810 0.648898 0.239339 0.653873 0.255864 0.656006 0.260661 0.650320 0.260661 0.642502 0.258529 0.633262 0.259595 0.618337 0.256397 0.603412 0.248934 0.593461
0 0.196695 0.603412 0.198827 0.610519 0.203092 0.616205 0.219616 0.616915 0.232942 0.606965 0.237740 0.599858 0.242537 0.595593 0.244670 0.591329 0.244136 0.585643 0.240938 0.582090 0.231343 0.577114 0.209488 0.573561 0.204691 0.574271 0.197228 0.580668 0.196162 0.585643
0 0.172175 0.566453 0.167910 0.574271 0.160981 0.595593 0.163113 0.606965 0.165245 0.609808 0.169510 0.611940 0.178571 0.609097 0.194563 0.606965 0.195629 0.604122 0.195096 0.580668 0.188166 0.570718 0.180171 0.565032 0.176439 0.564321
0 0.124733 0.572139 0.122068 0.569296 0.115139 0.569296 0.101279 0.580668 0.091684 0.595593 0.090618 0.601990 0.091151 0.612651 0.109275 0.615494 0.129531 0.607676 0.132729 0.601279 0.128465 0.596304
0 0.123134 0.547974 0.121002 0.553660 0.121002 0.560768 0.123134 0.565743 0.127399 0.590618 0.130597 0.599147 0.133795 0.603412 0.139659 0.605544 0.149254 0.605544 0.156183 0.600569 0.160448 0.594883 0.162580 0.587775 0.159382 0.575693 0.151386 0.569296 0.146588 0.561478 0.139126 0.554371 0.128465 0.547974
0 0.363539 0.509595 0.359808 0.511727 0.358209 0.515991 0.358209 0.535181 0.361940 0.559346 0.368337 0.565743 0.374200 0.566453 0.381130 0.558635 0.387527 0.544421 0.389659 0.535892 0.389126 0.517413 0.383795 0.511727 0.374200 0.508173
0 0.337953 0.493248 0.333689 0.496091 0.323561 0.508173 0.321429 0.513149 0.321429 0.518834 0.323561 0.522388 0.342217 0.540156 0.346482 0.542999 0.354478 0.544421 0.356610 0.542999 0.357676 0.536603 0.356610 0.518124 0.352345 0.502488 0.345416 0.493248
0 0.304158 0.545203 0.303838 0.557214 0.305970 0.560768 0.310235 0.563611 0.314499 0.562900 0.319296 0.566453 0.339019 0.572139 0.349680 0.562189 0.349680 0.557925 0.345416 0.544421 0.337953 0.535892 0.321962 0.523099 0.317697 0.522388 0.311301 0.526652 0.307569 0.536603
0 0.310235 0.514570 0.304371 0.513859 0.286780 0.518834 0.277186 0.524520 0.272388 0.533760 0.271855 0.539446 0.282516 0.558635 0.292111 0.557925 0.300107 0.552239 0.302772 0.548685 0.308102 0.531628 0.312900 0.523810 0.312900 0.518124
0 0.257463 0.531628 0.250533 0.539446 0.249467 0.542999 0.249467 0.549396 0.252132 0.560057 0.252665 0.576404 0.255864 0.580668 0.263326 0.584222 0.271855 0.582090 0.283049 0.570007 0.283049 0.563611 0.275586 0.547264 0.269936 0.535750 0.265458 0.533049 0.260661 0.530917
0 0.221215 0.535892 0.214286 0.548685 0.215885 0.565032 0.221748 0.569296 0.227079 0.575693 0.243070 0.581379 0.249467 0.579247 0.252132 0.572850 0.251599 0.559346 0.250000 0.552239 0.245203 0.542999 0.239872 0.536603 0.232942 0.533049 0.224947 0.533049
0 0.201493 0.520967 0.197228 0.520967 0.195096 0.523810 0.190832 0.536603 0.185501 0.543710 0.181237 0.554371 0.182303 0.562189 0.187633 0.569296 0.192964 0.572139 0.205224 0.570718 0.214286 0.563611 0.213753 0.548685 0.214819 0.542289 0.212687 0.532338 0.209488 0.526652
0 0.376333 0.463397 0.371535 0.466240 0.369510 0.473205 0.368923 0.479531 0.368124 0.486851 0.368870 0.491827 0.369936 0.498223 0.375267 0.506752 0.379531 0.508884 0.385928 0.508884 0.392324 0.505330 0.401919 0.492537 0.404051 0.486851 0.404051 0.481166 0.400320 0.471926 0.396588 0.468372 0.384861 0.463397
0 0.329424 0.467662 0.327559 0.479602 0.333156 0.486851 0.342751 0.490405 0.350213 0.496091 0.360874 0.500355 0.366205 0.496091 0.367271 0.493248 0.366738 0.479744 0.367804 0.465529 0.365139 0.461976 0.358742 0.459844 0.340085 0.459133 0.333689 0.461265
0 0.334755 0.418621 0.329957 0.417910 0.325693 0.421464 0.317697 0.432836 0.312473 0.444705 0.310235 0.448472 0.309701 0.457711 0.312367 0.466951 0.325693 0.468372 0.329424 0.466240 0.333689 0.460554 0.347015 0.457001 0.349680 0.454158 0.351279 0.450604 0.349680 0.444918 0.345416 0.438522 0.340618 0.426439
0 0.343817 0.412935 0.341151 0.416489 0.340618 0.425729 0.343284 0.434257 0.350213 0.446340 0.359275 0.457711 0.368870 0.464108 0.375800 0.461976 0.378998 0.455579 0.378998 0.450604 0.376333 0.436389 0.375267 0.420043 0.372068 0.410092 0.367271 0.405828 0.363539 0.405117 0.353412 0.406539
0 0.412580 0.383795 0.404584 0.371713 0.392857 0.371713 0.386994 0.375267 0.375267 0.388770 0.373134 0.397299 0.373667 0.402985 0.378998 0.409382 0.392324 0.407960 0.404584 0.409382 0.411514 0.407249 0.414179 0.404407 0.415245 0.400853 0.415245 0.395167
0 0.389659 0.351102 0.380597 0.348969 0.360341 0.356077 0.347548 0.366027 0.348614 0.377399 0.352878 0.385928 0.359275 0.393746 0.364072 0.397299 0.371002 0.396588 0.377932 0.384506 0.392857 0.368159 0.393923 0.356787
0 0.354478 0.393035 0.348614 0.379531 0.343284 0.377399 0.324627 0.378820 0.317697 0.381663 0.310235 0.388060 0.309168 0.395167 0.311301 0.401564 0.318230 0.407960 0.329424 0.413646 0.338486 0.415778 0.342217 0.414357 0.353945 0.403696
0 0.310768 0.468372 0.297441 0.476190 0.294243 0.481166 0.294243 0.487562 0.300640 0.499645 0.308635 0.511016 0.313966 0.515281 0.316631 0.515281 0.329957 0.500355 0.331557 0.491827 0.327292 0.481876 0.327292 0.476190 0.325160 0.470505 0.318230 0.468372
0 0.265032 0.499289 0.265458 0.515281 0.268657 0.518834 0.275053 0.521677 0.279851 0.522388 0.289446 0.517413 0.296908 0.516702 0.306503 0.512438 0.306503 0.507463 0.298507 0.498223 0.295309 0.490405 0.289446 0.485430 0.283049 0.483298 0.277719 0.483298 0.271855 0.486851 0.267591 0.491827
0 0.245736 0.477612 0.239872 0.483298 0.238273 0.486851 0.236141 0.513149 0.238806 0.518124 0.242537 0.530917 0.248934 0.535892 0.252132 0.535181 0.257463 0.529495 0.264392 0.514570 0.264392 0.498934 0.267591 0.492537 0.267591 0.488273 0.265458 0.483298 0.262260 0.480455
0 0.235075 0.483298 0.227612 0.481876 0.221748 0.482587 0.210554 0.491827 0.200426 0.506752 0.198827 0.512438 0.199893 0.518124 0.213753 0.530206 0.226546 0.531628 0.230810 0.529495 0.234009 0.523810 0.235608 0.515991 0.236674 0.486141
0 0.304371 0.444208 0.300107 0.438522 0.295842 0.435679 0.289979 0.434968 0.286780 0.436389 0.264925 0.457711 0.263859 0.461976 0.264925 0.476901 0.275053 0.481876 0.281983 0.479744 0.289979 0.479744 0.295309 0.478323 0.307569 0.469083 0.309701 0.466240 0.309168 0.459844
0 0.228145 0.450604 0.227079 0.454869 0.227612 0.464108 0.238806 0.474058 0.247335 0.476901 0.259062 0.476901 0.261194 0.474769 0.262793 0.461265 0.264925 0.456290 0.264925 0.450604 0.261994 0.443355 0.259062 0.439943 0.250533 0.438522 0.240405 0.440654
0 0.259062 0.398721 0.254797 0.402274 0.253198 0.407249 0.252665 0.414357 0.254797 0.425018 0.258529 0.437100 0.262260 0.442075 0.264392 0.447761 0.267058 0.450604 0.271322 0.449893 0.288913 0.432836 0.289446 0.425018 0.285714 0.417200 0.279318 0.412935 0.272388 0.405117 0.264392 0.398721
0 0.290512 0.394456 0.285714 0.402274 0.285714 0.411514 0.288380 0.419332 0.294243 0.429993 0.305970 0.442786 0.311301 0.442075 0.322495 0.424307 0.323561 0.420753 0.322495 0.415778 0.317697 0.408671 0.312900 0.405828 0.306503 0.397299 0.301706 0.395167
0 0.282516 0.339019 0.282516 0.358920 0.289979 0.378109 0.293710 0.384506 0.300107 0.390192 0.307036 0.391613 0.311301 0.385217 0.324627 0.375977 0.324627 0.365316 0.313966 0.353234 0.296375 0.339730 0.289446 0.338308
0 0.291578 0.381663 0.285714 0.370291 0.280917 0.354655 0.278785 0.353234 0.269723 0.356787 0.259062 0.366738 0.256930 0.370291 0.249467 0.375267 0.245203 0.383085 0.244136 0.388770 0.255864 0.397299 0.280917 0.395878 0.288380 0.392324 0.290512 0.388770
0 0.206823 0.366738 0.206823 0.372424 0.208422 0.378109 0.210554 0.378820 0.213220 0.383085 0.223881 0.388770 0.232409 0.388060 0.237207 0.390192 0.243070 0.389481 0.247335 0.378109 0.246802 0.371713 0.236674 0.366738
0 0.217484 0.402985 0.213753 0.412225 0.214286 0.418621 0.223348 0.430704 0.240938 0.439232 0.250000 0.438522 0.253198 0.435679 0.254264 0.423596 0.252132 0.415068 0.245203 0.401564 0.240938 0.396588 0.235608 0.393035 0.227612 0.392324 0.224414 0.393746
0 0.219616 0.432836 0.211620 0.432836 0.198294 0.443497 0.190832 0.459133 0.188166 0.470505 0.189232 0.476901 0.195096 0.484009 0.207356 0.490405 0.212687 0.490405 0.221215 0.481166 0.224947 0.464108 0.226013 0.449183 0.224414 0.437811
0 0.189765 0.501066 0.179104 0.501066 0.164179 0.507463 0.157249 0.513149 0.154584 0.518124 0.154051 0.523099 0.155650 0.537313 0.159915 0.542999 0.171642 0.552950 0.176972 0.554371 0.180704 0.552950 0.188699 0.540156 0.195629 0.519545 0.195096 0.508173
0 0.130597 0.540867 0.130064 0.545842 0.132729 0.550107 0.146588 0.561478 0.150320 0.567875 0.156716 0.571429 0.160981 0.577114 0.166311 0.576404 0.169510 0.570718 0.171109 0.564321 0.166844 0.551528 0.158316 0.541578 0.150853 0.529495 0.147122 0.526652 0.142324 0.528074 0.136461 0.533049
0 0.155650 0.511727 0.147655 0.501066 0.141258 0.499645 0.114072 0.504620 0.111407 0.506752 0.109275 0.511727 0.109275 0.518124 0.115139 0.535892 0.122601 0.542999 0.127399 0.543710 0.137527 0.530917 0.142324 0.529495 0.149254 0.524520 0.152452 0.520256
0 0.146588 0.475480 0.147122 0.499645 0.157783 0.511727 0.166844 0.506041 0.187100 0.499645 0.194030 0.488273 0.193497 0.482587 0.186567 0.474769 0.181770 0.471926 0.157249 0.469083 0.149787 0.471215
0 0.142857 0.469794 0.131663 0.461265 0.122601 0.461265 0.119403 0.462687 0.110341 0.470505 0.103412 0.479744 0.102345 0.486851 0.097548 0.498223 0.099680 0.501777 0.110874 0.505330 0.142857 0.498223 0.146588 0.492537 0.146055 0.481166
0 0.164872 0.421606 0.161674 0.431414 0.161194 0.441294 0.161194 0.445913 0.161194 0.449964 0.166844 0.455579 0.173774 0.457001 0.181770 0.461265 0.189232 0.461265 0.197761 0.445629 0.197761 0.434257 0.193497 0.425018 0.189765 0.421464 0.182836 0.420043
0 0.158316 0.415778 0.154051 0.417200 0.132729 0.434968 0.127932 0.442786 0.127399 0.451315 0.129531 0.457711 0.138593 0.466240 0.145522 0.470505 0.152452 0.470505 0.157783 0.468372 0.162580 0.457001 0.162580 0.453447 0.160448 0.449183 0.160981 0.431414 0.163113 0.425729 0.163113 0.422175
0 0.184968 0.368870 0.181770 0.377399 0.181770 0.383085 0.190299 0.409382 0.192431 0.412225 0.200426 0.415778 0.212687 0.414357 0.214286 0.408671 0.220149 0.398721 0.219616 0.388060 0.212687 0.383085 0.204158 0.373134 0.190832 0.368159
0 0.161514 0.369581 0.157783 0.377399 0.156183 0.389481 0.156716 0.410803 0.158316 0.414357 0.164712 0.420043 0.172708 0.420043 0.179638 0.418621 0.187100 0.413646 0.188699 0.410803 0.188699 0.403696 0.180171 0.379531 0.173774 0.371002 0.166311 0.367448
0 0.147122 0.388060 0.140192 0.384506 0.132196 0.383795 0.127399 0.385928 0.124733 0.390192 0.122068 0.400853 0.121535 0.425018 0.123134 0.434968 0.125800 0.438522 0.131130 0.437811 0.138593 0.429282 0.141791 0.427861 0.156716 0.414357 0.155650 0.397299
0 0.578358 0.705757 0.576759 0.710021 0.577292 0.714286 0.588486 0.729211 0.592217 0.730633 0.597548 0.737029 0.606610 0.741294 0.612473 0.741294 0.615672 0.739161 0.621002 0.725657 0.623134 0.716418 0.622601 0.709311 0.620469 0.703625 0.616205 0.700071 0.591151 0.698650 0.584222 0.700071