0 0.421109 0.329069 0.405117 0.342573 0.400320 0.357498 0.401919 0.366027 0.406183 0.372424 0.419510 0.380242 0.424307 0.380242 0.431770 0.376688 0.434435 0.371002 0.436567 0.346127 0.434435 0.339730 0.429104 0.331201 0.426439 0.329069
0 0.259595 0.432125 0.254797 0.423596 0.244670 0.413646 0.239872 0.412935 0.234542 0.415778 0.218017 0.438522 0.216258 0.443639 0.214606 0.450320 0.214606 0.457001 0.217484 0.461265 0.220149 0.464108 0.225480 0.464819 0.237207 0.461976 0.246802 0.457711 0.253198 0.449183 0.259062 0.445629 0.260661 0.442075
0 0.215352 0.437811 0.208955 0.425729 0.204691 0.421464 0.200959 0.420753 0.187100 0.428571 0.182836 0.434257 0.177505 0.437100 0.175906 0.442786 0.176439 0.453447 0.177505 0.457001 0.180704 0.459844 0.192431 0.463397 0.199360 0.459844 0.212687 0.459133 0.213753 0.457001
0 0.202026 0.381663 0.198827 0.391613 0.198827 0.394456 0.200959 0.398721 0.201493 0.408671 0.205757 0.416489 0.206290 0.420043 0.216418 0.432125 0.220682 0.431414 0.235075 0.413646 0.237207 0.409382 0.236141 0.402985 0.228678 0.394456 0.223348 0.391613 0.220682 0.388060 0.217484 0.387349 0.212687 0.382374
0 0.237207 0.379531 0.232942 0.386638 0.231343 0.393746 0.242004 0.411514 0.257463 0.423596 0.261194 0.424307 0.264392 0.422886 0.276119 0.402274 0.276652 0.398010 0.273987 0.391613 0.259062 0.378820 0.250533 0.376688 0.242537 0.376688
0 0.263326 0.366027 0.261727 0.376688 0.263326 0.381663 0.275586 0.390903 0.283049 0.393746 0.295309 0.395878 0.305970 0.381663 0.306503 0.371002 0.301706 0.361052 0.297441 0.356787 0.275053 0.358209
0 0.238806 0.358920 0.229744 0.339019 0.226013 0.335466 0.221748 0.335466 0.203092 0.346837 0.196162 0.360341 0.188699 0.367448 0.186567 0.372424 0.189232 0.375977 0.198827 0.380952 0.222281 0.380952 0.232409 0.378820 0.236141 0.375977 0.238806 0.369581
0 0.197761 0.329780 0.192964 0.326226 0.189232 0.325515 0.184968 0.330490 0.171642 0.356077 0.170576 0.363184 0.172708 0.366738 0.182303 0.370291 0.193497 0.362473 0.199360 0.353945 0.203625 0.340441
0 0.172175 0.374556 0.161514 0.388770 0.160448 0.392324 0.161514 0.403696 0.165778 0.407960 0.168443 0.408671 0.171642 0.414357 0.186034 0.424307 0.191898 0.425018 0.197228 0.422175 0.199893 0.419332 0.200959 0.408671 0.197761 0.397299 0.193497 0.388060 0.187633 0.378820 0.182303 0.373845 0.176972 0.372424
0 0.156716 0.410803 0.150320 0.418621 0.145522 0.430704 0.141791 0.444918 0.141258 0.457001 0.143923 0.463397 0.151386 0.467662 0.169510 0.465529 0.173774 0.461976 0.174307 0.429993 0.173241 0.424307 0.169510 0.413646 0.166311 0.411514
0 0.103945 0.455579 0.102878 0.461976 0.104478 0.465529 0.104478 0.472637 0.114072 0.485430 0.130597 0.495380 0.140192 0.491827 0.143923 0.487562 0.143923 0.481876 0.145522 0.476901 0.143923 0.468372 0.135394 0.454158 0.125267 0.444208 0.121002 0.442786 0.114072 0.443497
0 0.100213 0.457711 0.095949 0.454158 0.095416 0.449893 0.092217 0.445629 0.087953 0.442786 0.078891 0.442786 0.075160 0.444918 0.062367 0.459133 0.056503 0.469794 0.056503 0.476901 0.053838 0.485430 0.054371 0.491116 0.055437 0.492537 0.063433 0.492537 0.065032 0.491116 0.090085 0.487562 0.094883 0.485430 0.102878 0.476190 0.102878 0.469083
0 0.101279 0.410092 0.091684 0.413646 0.086354 0.417910 0.082090 0.425018 0.082090 0.429993 0.084755 0.437100 0.092751 0.447761 0.099147 0.454158 0.103945 0.454158 0.109808 0.447050 0.117804 0.440654 0.117804 0.437811 0.115672 0.434257 0.111940 0.432836 0.106610 0.424307 0.105011 0.410803
0 0.107676 0.405259 0.106077 0.418763 0.111940 0.429282 0.120469 0.438522 0.135394 0.443497 0.140192 0.443497 0.149254 0.419332 0.148721 0.413646 0.146588 0.407960 0.140725 0.402274 0.131130 0.399431 0.126333 0.399431
0 0.163113 0.346127 0.153518 0.346127 0.133262 0.366738 0.128998 0.373134 0.127932 0.383085 0.130064 0.390903 0.132729 0.395167 0.147655 0.405828 0.157249 0.405828 0.159915 0.403696 0.159915 0.392324 0.161514 0.388060 0.169510 0.377399 0.167910 0.353234 0.166311 0.348259
0 0.131130 0.351102 0.124200 0.350391 0.118870 0.351812 0.107676 0.363895 0.105544 0.368870 0.101812 0.373134 0.099680 0.381663 0.099147 0.388060 0.101812 0.393746 0.107676 0.399431 0.113539 0.401564 0.126333 0.399431 0.131663 0.395878 0.132196 0.393035 0.129531 0.389481 0.127932 0.383795 0.127932 0.375267 0.133795 0.366027 0.134861 0.360341 0.133262 0.353945
0 0.083689 0.312011 0.080490 0.314854 0.076226 0.327647 0.075160 0.350391 0.076759 0.362473 0.078891 0.368159 0.084755 0.373845 0.087953 0.375267 0.099414 0.374485 0.105117 0.367235 0.111301 0.358493 0.112473 0.352523 0.107676 0.341862 0.087953 0.313433
0 0.113539 0.547264 0.109275 0.552239 0.108209 0.570718 0.113539 0.581379 0.113006 0.586354 0.114606 0.590618 0.119936 0.597726 0.123667 0.597726 0.134861 0.591329 0.139659 0.586354 0.142857 0.576404 0.143390 0.568586 0.141258 0.555082 0.131130 0.547264
0 0.467484 0.303483 0.450959 0.302772 0.433902 0.313433 0.431237 0.318408 0.430704 0.329780 0.436034 0.341862 0.447228 0.351812 0.452559 0.351812 0.460554 0.341151 0.468017 0.323383 0.469083 0.304904
0 0.138593 0.892679 0.132729 0.887704 0.123134 0.884151 0.118337 0.884861 0.112473 0.890547 0.102878 0.916134 0.103945 0.928927 0.107676 0.938877 0.112473 0.939588 0.118870 0.935323 0.126866 0.932480 0.136994 0.925373 0.139659 0.914712 0.145522 0.909026 0.145522 0.903340
0 0.040512 0.897655 0.033049 0.909026 0.030384 0.918266 0.031450 0.925373 0.037313 0.930348 0.047441 0.935323 0.063966 0.941009 0.066098 0.940299 0.070362 0.933902 0.075693 0.929638 0.076759 0.924662 0.074094 0.921109 0.068763 0.908316 0.067697 0.902630 0.065032 0.898365 0.060768 0.894812 0.053838 0.891969 0.047441 0.892679
0 0.066098 0.940299 0.061301 0.953802 0.062367 0.963753 0.063966 0.966596 0.075693 0.972992 0.082623 0.971571 0.098614 0.972992 0.105011 0.966596 0.104478 0.955935 0.106610 0.948117 0.106610 0.938877 0.100746 0.930348 0.092751 0.926084 0.082623 0.926795 0.073561 0.932480
0 0.570362 0.520967 0.567697 0.524520 0.566098 0.531628 0.565565 0.540867 0.566631 0.545131 0.587953 0.571429 0.603412 0.576404 0.608209 0.576404 0.606077 0.548685 0.594883 0.521677 0.592217 0.518124 0.584755 0.513859 0.578891 0.514570
0 0.704691 0.476190 0.697228 0.475480 0.692964 0.478323 0.691365 0.484009 0.691365 0.495380 0.685501 0.506752 0.685501 0.512438 0.681770 0.516702 0.682836 0.523810 0.686034 0.528785 0.692964 0.533049 0.710021 0.528074 0.714286 0.523810 0.717484 0.516702 0.718550 0.509595 0.718017 0.492537 0.711087 0.480455
0 0.641791 0.496091 0.642324 0.512438 0.643923 0.518834 0.646588 0.524520 0.652985 0.528785 0.657249 0.528785 0.665245 0.521677 0.680171 0.516702 0.687633 0.503198 0.686567 0.496802 0.670043 0.486141 0.662580 0.484009 0.650320 0.483298 0.647122 0.484719 0.644456 0.487562
0 0.748401 0.447761 0.732409 0.449183 0.729744 0.452736 0.716951 0.462687 0.713220 0.472637 0.712687 0.478323 0.716418 0.487562 0.722814 0.495380 0.730277 0.499645 0.737207 0.499645 0.740405 0.497512 0.745203 0.487562 0.748934 0.469083 0.752665 0.461265 0.750533 0.451315
0 0.726013 0.401564 0.716418 0.402274 0.708422 0.414357 0.708955 0.429993 0.705757 0.447761 0.707356 0.454158 0.712687 0.462687 0.716951 0.462687 0.729744 0.451315 0.734009 0.445629 0.740938 0.429282 0.741471 0.415068 0.733475 0.405828 0.728678 0.404407
0 0.716418 0.361763 0.714286 0.366027 0.714286 0.369581 0.716418 0.376688 0.716951 0.383795 0.721748 0.393035 0.727079 0.400142 0.739872 0.411514 0.744136 0.410092 0.753731 0.391613 0.756930 0.383085 0.755864 0.378820 0.752665 0.375267 0.744136 0.371713 0.732409 0.363184
0 0.618870 0.480455 0.612473 0.486141 0.609275 0.493959 0.606610 0.512438 0.607143 0.523099 0.610874 0.528074 0.615139 0.525942 0.619936 0.525942 0.627399 0.528785 0.633795 0.523810 0.640192 0.515991 0.641791 0.509595 0.641791 0.502488 0.640192 0.496091 0.632196 0.486851 0.623134 0.480455
0 0.578358 0.483298 0.572495 0.478323 0.568230 0.478323 0.554904 0.485430 0.546375 0.491827 0.539446 0.499645 0.537846 0.510306 0.538380 0.515281 0.544243 0.518834 0.548507 0.519545 0.552239 0.523099 0.568763 0.522388 0.579957 0.513149 0.583156 0.508173 0.583316 0.502488 0.581023 0.496802
0 0.591151 0.461265 0.583156 0.466240 0.580490 0.476190 0.580490 0.488984 0.586354 0.511727 0.595416 0.520256 0.600213 0.520256 0.605544 0.515281 0.608209 0.496802 0.611940 0.486141 0.612473 0.478323 0.610874 0.470505 0.607143 0.464108 0.599680 0.461265
0 0.595949 0.424307 0.594883 0.430704 0.596482 0.434257 0.597015 0.445629 0.602878 0.457711 0.615139 0.475480 0.623667 0.475480 0.634861 0.461265 0.636994 0.455579 0.636461 0.449183 0.632729 0.439232 0.627932 0.433547 0.608209 0.421464 0.599147 0.422175
0 0.646055 0.415068 0.634328 0.422886 0.632729 0.429993 0.636461 0.442075 0.638593 0.455579 0.646055 0.464108 0.649787 0.465529 0.654051 0.464819 0.658316 0.461976 0.666311 0.452736 0.669510 0.445629 0.668977 0.438522 0.666311 0.434257 0.666311 0.432338 0.663646 0.429282 0.654584 0.417200 0.651386 0.415068
0 0.664179 0.408671 0.661514 0.417200 0.662047 0.425018 0.669510 0.436389 0.680171 0.446340 0.689765 0.452736 0.696695 0.452026 0.703092 0.445629 0.706823 0.435679 0.707889 0.427861 0.707356 0.419332 0.703625 0.412935 0.678038 0.400853 0.670576 0.402274
0 0.627399 0.378820 0.622601 0.380242 0.615139 0.387349 0.605544 0.408671 0.606077 0.415068 0.608209 0.420753 0.624733 0.430704 0.627932 0.430704 0.630064 0.427861 0.634328 0.405828 0.633262 0.385928
0 0.634861 0.392324 0.634861 0.405117 0.637527 0.408671 0.661514 0.409382 0.673241 0.398721 0.672708 0.393035 0.668977 0.388060 0.650853 0.383085 0.638060 0.385217
0 0.672708 0.368870 0.671109 0.372424 0.671109 0.378109 0.677505 0.389481 0.681237 0.393035 0.697761 0.400853 0.705224 0.400853 0.708955 0.398721 0.712154 0.392324 0.714286 0.383085 0.714286 0.371713 0.713220 0.366738 0.708955 0.360341 0.696695 0.356787 0.690832 0.359630 0.682836 0.360341 0.677505 0.363184
0 0.735075 0.304193 0.727079 0.304193 0.725480 0.307036 0.715352 0.314144 0.704158 0.326226 0.702026 0.330490 0.700959 0.341151 0.702559 0.345416 0.716418 0.358920 0.719616 0.360341 0.725480 0.359630 0.734009 0.342573 0.740938 0.321251 0.740405 0.310590
0 0.700959 0.304904 0.692964 0.304193 0.684968 0.308458 0.670043 0.331201 0.669510 0.336887 0.670576 0.343994 0.672175 0.348259 0.682303 0.357498 0.690299 0.357498 0.697228 0.354655 0.699360 0.347548 0.699893 0.334755 0.703092 0.326226 0.702559 0.309168
0 0.652452 0.339730 0.647122 0.346127 0.642857 0.366027 0.642857 0.372424 0.645522 0.378820 0.649787 0.381663 0.664712 0.385217 0.670043 0.384506 0.671109 0.383085 0.670043 0.371713 0.672175 0.365316 0.675373 0.362473 0.674840 0.356077 0.671109 0.350391 0.662580 0.341862 0.658316 0.339019
0 0.640725 0.316276 0.638060 0.316276 0.625800 0.325515 0.619403 0.335466 0.614072 0.348259 0.612473 0.356077 0.614072 0.362473 0.616738 0.367448 0.623134 0.372424 0.636461 0.375977 0.640192 0.373845 0.642857 0.368159 0.643390 0.359630 0.647122 0.348259 0.648188 0.330490 0.642857 0.317697
0 0.599680 0.313433 0.595416 0.317697 0.590618 0.328358 0.586887 0.346127 0.587953 0.353945 0.593284 0.360341 0.611407 0.370291 0.614072 0.367448 0.613006 0.358920 0.613539 0.350391 0.621535 0.331201 0.622068 0.324805 0.620469 0.320540 0.615672 0.316276 0.606077 0.312722
0 0.575160 0.358920 0.574094 0.361052 0.574627 0.375267 0.577292 0.389481 0.580490 0.392324 0.586354 0.402274 0.591684 0.406539 0.598081 0.408671 0.605544 0.406539 0.610874 0.398010 0.614072 0.389481 0.612473 0.375977 0.610341 0.370291 0.602345 0.363895 0.589552 0.357498 0.582090 0.356787
0 0.584222 0.402274 0.576226 0.405117 0.569829 0.415778 0.566098 0.433547 0.566631 0.440654 0.564499 0.447761 0.564499 0.452026 0.566098 0.456290 0.570362 0.461265 0.576226 0.461265 0.589019 0.452736 0.595949 0.445629 0.595949 0.434968 0.594350 0.433547 0.593284 0.429282 0.596482 0.423596 0.597548 0.417910 0.592751 0.410803
0 0.540512 0.407249 0.537846 0.413646 0.538913 0.417200 0.539446 0.445629 0.541045 0.449893 0.541951 0.454016 0.544243 0.457001 0.550640 0.461976 0.556503 0.461976 0.561834 0.456290 0.563433 0.450604 0.565565 0.430704 0.568763 0.422175 0.568230 0.413646 0.560235 0.407960 0.552772 0.406539
0 0.515458 0.444918 0.509595 0.454869 0.509595 0.464819 0.517058 0.476190 0.536247 0.489694 0.545309 0.490405 0.549041 0.486851 0.549574 0.475480 0.547974 0.465529 0.533049 0.437811 0.529851 0.436389 0.526119 0.437100
0 0.493603 0.479033 0.491471 0.486851 0.490938 0.502488 0.492004 0.508173 0.496269 0.513859 0.506930 0.518124 0.529851 0.518124 0.536247 0.513859 0.537313 0.501777 0.535714 0.491827 0.521322 0.481876 0.502132 0.473348 0.498401 0.474058
0 0.453625 0.465529 0.450959 0.470505 0.449360 0.481166 0.449893 0.487562 0.452559 0.493959 0.463753 0.508173 0.472814 0.508884 0.481876 0.513859 0.484542 0.512438 0.490405 0.502488 0.490938 0.481166 0.478678 0.471215 0.473348 0.469794 0.462154 0.463397 0.457889 0.463397
0 0.458955 0.443497 0.457356 0.448472 0.457889 0.457711 0.458955 0.461265 0.463220 0.464819 0.476546 0.469794 0.489872 0.478323 0.494670 0.476190 0.500533 0.467662 0.502132 0.459133 0.501599 0.446340 0.500533 0.442786 0.495736 0.436389 0.486141 0.431414 0.481343 0.431414 0.464286 0.437811
0 0.496802 0.410092 0.495203 0.418621 0.496802 0.435679 0.498934 0.440654 0.503198 0.445629 0.513859 0.445629 0.525586 0.436389 0.531450 0.434968 0.535714 0.428571 0.536247 0.416489 0.533582 0.412225 0.518657 0.405828 0.506397 0.402985 0.499467 0.404407
0 0.113539 0.887704 0.109808 0.882729 0.101279 0.878465 0.082623 0.881308 0.070362 0.886994 0.067164 0.894101 0.067164 0.900498 0.069296 0.909737 0.074094 0.921109 0.078891 0.926084 0.084755 0.926084 0.101279 0.916844
0 0.515991 0.365316 0.504264 0.378109 0.500000 0.390192 0.501066 0.397299 0.505864 0.401564 0.528252 0.409382 0.537313 0.406539 0.541045 0.400142 0.542644 0.393746 0.542644 0.387349 0.536247 0.366738 0.534115 0.364606 0.526652 0.362473
0 0.154584 0.845060 0.150853 0.864250 0.150853 0.884861 0.155650 0.901208 0.158316 0.902630 0.178571 0.899787 0.182303 0.896233 0.183902 0.885572 0.183902 0.875622 0.174307 0.853589 0.170043 0.847903 0.159915 0.843639
0 0.202559 0.865672 0.189765 0.867804 0.186034 0.874200 0.184435 0.879886 0.181770 0.904051 0.185501 0.909737 0.187633 0.917555 0.190299 0.919687 0.199893 0.919687 0.211087 0.916134 0.222281 0.902630 0.222281 0.892679 0.219616 0.886283 0.211087 0.873490
0 0.245203 0.791045 0.235608 0.788913 0.224414 0.791045 0.205757 0.810235 0.203625 0.814499 0.203625 0.820896 0.215885 0.841507 0.225480 0.840085 0.230810 0.830846 0.240405 0.820896 0.246802 0.803838 0.246802 0.793888
0 0.264392 0.717129 0.256930 0.707889 0.248934 0.701493 0.243603 0.700782 0.237207 0.704335 0.228145 0.716418 0.221215 0.733475 0.220149 0.744136 0.222281 0.753376 0.226546 0.758351 0.231876 0.760483 0.238806 0.757640 0.264392 0.732765 0.266525 0.727790 0.266525 0.721393
0 0.274520 0.735608 0.263859 0.734186 0.238273 0.758351 0.231876 0.768301 0.231343 0.775409 0.233475 0.781805 0.236674 0.786070 0.244136 0.790334 0.247868 0.794598 0.255864 0.794598 0.259062 0.788202 0.268124 0.778252 0.273987 0.761905 0.275586 0.753376 0.275586 0.739872
0 0.267058 0.780384 0.262793 0.783227 0.259062 0.788202 0.257463 0.793888 0.259062 0.815210 0.264392 0.834399 0.271322 0.841507 0.275053 0.848614 0.279318 0.848614 0.288913 0.830846 0.287313 0.814499 0.290512 0.794598 0.290512 0.786780 0.288380 0.782516 0.285181 0.781095
0 0.226546 0.840796 0.227612 0.863539 0.232409 0.870647 0.235608 0.872779 0.247335 0.870647 0.254797 0.864961 0.260128 0.862829 0.265991 0.857143 0.273614 0.848543 0.267058 0.838664 0.256930 0.830135 0.236141 0.827292 0.230277 0.832267
0 0.556503 0.348259 0.548507 0.352523 0.544243 0.356787 0.538913 0.366027 0.538913 0.373134 0.543177 0.383085 0.550640 0.393746 0.560235 0.401564 0.562900 0.401564 0.573028 0.393035 0.574627 0.390192 0.574094 0.375977 0.572495 0.367448 0.567164 0.354655 0.560768 0.348969
0 0.539979 0.319829 0.541045 0.324805 0.547974 0.338308 0.569296 0.353945 0.581023 0.355366 0.583156 0.353945 0.586354 0.346837 0.588486 0.326937 0.586354 0.319119 0.584222 0.316276 0.574627 0.312722 0.557569 0.312011 0.546375 0.314854
0 0.519190 0.308458 0.514392 0.314854 0.513326 0.319119 0.512793 0.334755 0.515991 0.356077 0.521322 0.361052 0.537313 0.363184 0.547974 0.352523 0.546908 0.339730 0.538380 0.319119 0.533582 0.312011 0.525586 0.307747
0 0.507996 0.339730 0.500533 0.339019 0.488806 0.343994 0.478678 0.351102 0.474947 0.356787 0.475480 0.366738 0.479211 0.374556 0.493603 0.390903 0.498401 0.390903 0.503198 0.379531 0.512793 0.366738 0.514392 0.362473 0.514392 0.351102 0.510661 0.342573
0 0.490938 0.312011 0.486674 0.309168 0.481876 0.308458 0.477612 0.310590 0.468550 0.324094 0.462154 0.341151 0.462154 0.349680 0.463753 0.354655 0.469083 0.358209 0.472281 0.358209 0.480277 0.348969 0.503198 0.336176 0.501066 0.324805
0 0.422708 0.393746 0.419510 0.399431 0.418443 0.410092 0.421109 0.419332 0.424307 0.425018 0.434968 0.438522 0.443497 0.442786 0.451493 0.441365 0.453625 0.427150 0.453092 0.411514 0.450426 0.397299 0.446162 0.388060 0.444030 0.385928 0.433369 0.387349
0 0.447228 0.353945 0.442431 0.360341 0.441365 0.367448 0.441898 0.377399 0.445096 0.381663 0.452559 0.398721 0.458422 0.400853 0.461087 0.400142 0.474947 0.375977 0.474947 0.368159 0.470682 0.361052 0.463753 0.356077 0.451493 0.353234
0 0.200426 0.459844 0.197228 0.460554 0.192431 0.466951 0.189765 0.479744 0.189765 0.493959 0.190832 0.503198 0.194030 0.514570 0.197228 0.518834 0.205224 0.520967 0.205757 0.516702 0.213753 0.508884 0.215885 0.504620 0.216951 0.498223 0.216951 0.476901 0.220682 0.473348 0.221215 0.470505 0.219616 0.466240 0.216418 0.463397 0.210021 0.460554
0 0.406183 0.324805 0.398721 0.320540 0.388060 0.320540 0.372601 0.324805 0.365139 0.330490 0.363006 0.335466 0.364072 0.348969 0.374733 0.368159 0.380597 0.371002 0.385394 0.370291 0.399254 0.358920 0.408849 0.332623 0.408849 0.329780
0 0.383795 0.372424 0.381130 0.377399 0.380064 0.388060 0.382196 0.395167 0.391258 0.407960 0.397655 0.412935 0.404051 0.421464 0.411514 0.416489 0.416311 0.410803 0.418443 0.400142 0.422708 0.393746 0.422708 0.388060 0.418443 0.380242 0.406183 0.373134 0.393923 0.369581 0.389659 0.369581
0 0.432836 0.449893 0.428571 0.452026 0.423241 0.458422 0.420043 0.464819 0.418977 0.473348 0.415778 0.479033 0.414712 0.489694 0.415245 0.492537 0.426972 0.503198 0.437633 0.507463 0.443497 0.507463 0.447228 0.503909 0.449360 0.496802 0.449893 0.491827 0.448294 0.488273 0.447761 0.480455 0.449893 0.466240 0.445629 0.457711 0.439765 0.454158 0.436034 0.449893
0 0.414712 0.416489 0.404051 0.423596 0.395522 0.434968 0.389232 0.447832 0.404051 0.451315 0.418443 0.461976 0.420576 0.461976 0.426972 0.452736 0.432303 0.447761 0.432836 0.444208 0.431770 0.439232 0.420576 0.419332
0 0.379531 0.457711 0.378998 0.463397 0.381130 0.477612 0.388060 0.487562 0.397122 0.488984 0.406183 0.493248 0.411514 0.493248 0.413113 0.491827 0.417910 0.469083 0.417910 0.465529 0.413113 0.458422 0.400320 0.450604 0.391258 0.450604
0 0.390192 0.407249 0.384861 0.403696 0.369403 0.405117 0.367271 0.407960 0.358209 0.439232 0.359275 0.447050 0.368337 0.455579 0.374200 0.455579 0.385394 0.452026 0.392324 0.437100 0.400320 0.425018 0.400320 0.418621 0.397655 0.415068 0.394350 0.412082
0 0.328358 0.447050 0.327292 0.452026 0.328891 0.458422 0.331023 0.481876 0.337953 0.489694 0.347015 0.491827 0.353412 0.488984 0.362473 0.479033 0.366205 0.476901 0.367804 0.472637 0.367804 0.464819 0.367431 0.458991 0.364072 0.455579 0.358742 0.448472 0.351279 0.444918 0.333689 0.442075
0 0.328358 0.377399 0.329424 0.382374 0.333689 0.385928 0.345949 0.385217 0.358209 0.390903 0.363006 0.391613 0.369936 0.390192 0.373667 0.383795 0.373667 0.372424 0.371535 0.365316 0.365139 0.353234 0.359808 0.350391 0.351279 0.350391 0.342217 0.356077 0.331557 0.367448
0 0.348081 0.334755 0.339552 0.329780 0.332090 0.329780 0.313966 0.336176 0.305437 0.341151 0.300640 0.346127 0.300640 0.356787 0.306503 0.369581 0.311301 0.375267 0.317164 0.379531 0.325693 0.378820 0.327825 0.376688 0.330490 0.367448 0.333156 0.363895 0.336354 0.362473 0.349147 0.349680 0.349680 0.337598
0 0.327825 0.456290 0.324094 0.449183 0.319829 0.444918 0.316098 0.444918 0.304371 0.449893 0.288380 0.460554 0.286780 0.464819 0.286780 0.479033 0.290512 0.484009 0.302239 0.490405 0.307569 0.489694 0.317164 0.484719 0.326812 0.480952 0.329424 0.471215
0 0.292111 0.398721 0.287313 0.395167 0.283049 0.395167 0.277186 0.401564 0.262260 0.427861 0.262260 0.441365 0.263326 0.444208 0.276652 0.447050 0.287846 0.445629 0.301173 0.437100 0.304371 0.433547 0.305437 0.427861 0.301706 0.421464 0.296375 0.405828
0 0.281450 0.449893 0.263326 0.445629 0.260128 0.448472 0.253198 0.450604 0.250000 0.454869 0.250000 0.461976 0.254264 0.476190 0.261727 0.486851 0.263326 0.493248 0.270416 0.499076 0.275586 0.489694 0.284115 0.481166 0.284115 0.454869
0 0.280384 0.485430 0.269723 0.501777 0.268124 0.507463 0.269190 0.517413 0.272921 0.520967 0.284648 0.524520 0.294776 0.533049 0.301173 0.533760 0.307036 0.531628 0.309168 0.528785 0.308635 0.520256 0.305437 0.511727 0.299574 0.501777 0.296908 0.493248 0.292644 0.487562 0.287846 0.484009
0 0.373667 0.678749 0.369403 0.677328 0.364606 0.678038 0.359275 0.681592 0.348614 0.701493 0.347015 0.715707 0.348081 0.721393 0.352345 0.728500 0.357143 0.732054 0.376866 0.732054 0.381130 0.728500 0.382729 0.724236 0.383262 0.714996 0.381130 0.697228
0 0.405650 0.613362 0.399254 0.611230 0.392857 0.614783 0.388060 0.615494 0.367271 0.631130 0.365139 0.635394 0.365139 0.641080 0.367804 0.648898 0.372601 0.657427 0.380597 0.663824 0.386461 0.663824 0.396588 0.655295 0.407249 0.638237 0.408849 0.620469
0 0.362473 0.578536 0.350746 0.579957 0.344883 0.587065 0.335288 0.594172 0.334222 0.598436 0.329957 0.605544 0.329957 0.611230 0.334222 0.619758 0.341684 0.626866 0.349147 0.631130 0.354904 0.632623 0.360341 0.628998 0.365672 0.614783 0.368337 0.599858 0.367271 0.584932
0 0.317697 0.574982 0.312900 0.573561 0.306503 0.574271 0.301706 0.580668 0.296908 0.611940 0.296908 0.621891 0.302239 0.630419 0.318230 0.624023 0.322495 0.619758 0.327825 0.611230 0.331023 0.599147 0.334222 0.596304 0.334755 0.590618 0.330490 0.584932
0 0.334222 0.643923 0.332090 0.641080 0.330490 0.633262 0.327292 0.628998 0.322495 0.625444 0.317697 0.624733 0.309701 0.626866 0.301173 0.631841 0.294243 0.640227 0.289979 0.643213 0.287846 0.648188 0.287846 0.655295 0.289979 0.659559 0.295309 0.663113 0.301706 0.664534 0.318763 0.664534 0.327825 0.661692 0.333156 0.656716 0.334755 0.653873
0 0.307036 0.666667 0.305437 0.673063 0.305437 0.681592 0.308102 0.687989 0.309595 0.692395 0.311301 0.695096 0.312900 0.697228 0.333156 0.710021 0.340085 0.707889 0.347015 0.697228 0.349680 0.688699 0.350746 0.679460 0.349680 0.675195 0.343284 0.667377 0.334222 0.663113 0.309701 0.665245
0 0.302772 0.683014 0.293177 0.681592 0.274520 0.685146 0.265458 0.701493 0.277186 0.716418 0.289979 0.724236 0.296375 0.724236 0.298507 0.722814 0.300640 0.712864 0.305437 0.705757 0.308102 0.698650 0.307036 0.687278
0 0.302772 0.708600 0.299041 0.722814 0.299041 0.729211 0.304904 0.740583 0.309168 0.741294 0.316631 0.745558 0.326226 0.746269 0.339552 0.743426 0.344883 0.739161 0.345416 0.735608 0.341151 0.725657 0.340618 0.721393 0.334222 0.712154 0.318230 0.701493 0.310235 0.700071
0 0.284648 0.726368 0.276119 0.737029 0.276119 0.758351 0.282516 0.769012 0.285181 0.776830 0.288380 0.778962 0.293177 0.778962 0.305970 0.773276 0.313433 0.764748 0.313433 0.756930 0.307036 0.744847 0.295842 0.728500 0.288380 0.725657
0 0.328358 0.747690 0.323561 0.757640 0.319829 0.769723 0.319296 0.780384 0.320362 0.782516 0.330490 0.789623 0.344883 0.795309 0.354478 0.795309 0.362473 0.792466 0.365139 0.789623 0.365672 0.783937 0.363006 0.772566 0.357143 0.762615 0.345949 0.748401 0.339552 0.744847
0 0.319829 0.783227 0.308102 0.776830 0.301173 0.776830 0.290512 0.783227 0.290512 0.793888 0.287846 0.808813 0.287313 0.820896 0.289446 0.828714 0.289446 0.833689 0.291045 0.836532 0.295309 0.837242 0.299041 0.834399 0.305970 0.832267 0.315032 0.825160 0.319296 0.819474 0.324094 0.808813 0.325693 0.801706 0.325160 0.791756
0 0.471748 0.950249 0.470149 0.956645 0.472281 0.965174 0.471748 0.971571 0.472814 0.976546 0.477612 0.987207 0.485075 0.997868 0.485075 1.000000 0.504797 1.000000 0.504797 0.997868 0.512793 0.982942 0.512793 0.971571 0.510128 0.965885 0.503731 0.959488 0.486674 0.948117 0.482409 0.947406 0.479744 0.950249
0 0.431770 0.996446 0.431770 1.000000 0.461620 1.000000 0.458955 0.986496 0.452026 0.975835 0.448827 0.973703 0.444030 0.974414 0.435501 0.987207
0 0.484542 0.891969 0.481876 0.886994 0.474414 0.879886 0.468550 0.878465 0.462687 0.879886 0.453625 0.887704 0.445096 0.900498 0.438166 0.916844 0.436567 0.923952 0.438699 0.928216 0.451493 0.930348 0.480277 0.918266 0.485608 0.912580 0.487207 0.907605 0.487207 0.901208
0 0.435501 0.858564 0.425906 0.858564 0.411514 0.864961 0.408849 0.868515 0.408316 0.883440 0.413646 0.895522 0.420043 0.902630 0.427505 0.904762 0.432303 0.904051 0.437633 0.900498 0.444030 0.889837 0.446162 0.872068 0.443497 0.864961
0 0.405117 0.774698 0.401386 0.776119 0.398721 0.779673 0.392324 0.783937 0.383795 0.805259 0.382196 0.814499 0.383262 0.821606 0.387527 0.828714 0.392324 0.831557 0.405650 0.832267 0.410448 0.830846 0.415778 0.825871 0.417377 0.820896 0.416311 0.801706 0.413646 0.788913 0.409915 0.778962
0 0.357143 0.839375 0.356077 0.842217 0.357143 0.854300 0.371535 0.870647 0.381130 0.877754 0.385394 0.878465 0.392324 0.874911 0.396588 0.869225 0.400853 0.854300 0.400320 0.845771 0.397122 0.840085 0.387527 0.834399 0.378465 0.832267 0.365139 0.832978
0 0.347015 0.830135 0.343284 0.824449 0.340085 0.823028 0.326759 0.823738 0.315565 0.828003 0.306503 0.834399 0.304904 0.840796 0.305970 0.850746 0.310235 0.855721 0.325693 0.864961 0.339019 0.864961 0.342217 0.863539 0.345949 0.857854 0.347548 0.851457 0.348081 0.840085
0 0.361940 0.876333 0.352878 0.875622 0.342751 0.879176 0.340085 0.883440 0.336887 0.897655 0.333156 0.903340 0.336887 0.916844 0.341151 0.922530 0.345949 0.926084 0.351812 0.926795 0.360341 0.923241 0.365139 0.915423 0.369403 0.904762 0.370469 0.898365 0.369936 0.885572 0.365672 0.878465
0 0.329957 0.873490 0.325693 0.866382 0.318763 0.862118 0.314499 0.862118 0.306503 0.865672 0.302239 0.869225 0.292111 0.885572 0.286780 0.888415 0.285181 0.896233 0.282516 0.900498 0.282516 0.904051 0.290512 0.906183 0.293710 0.909026 0.306503 0.907605 0.318230 0.904051 0.330490 0.893390 0.331557 0.882729
0 0.282516 0.860697 0.279851 0.857143 0.273987 0.854300 0.270789 0.854300 0.263326 0.859275 0.259062 0.864250 0.244136 0.875622 0.241471 0.882729 0.241471 0.893390 0.248401 0.902630 0.255330 0.905473 0.269190 0.904051 0.281450 0.899787 0.287846 0.884151 0.287313 0.872779
0 0.365139 0.923952 0.364606 0.933902 0.366205 0.946695 0.372601 0.962331 0.378998 0.968728 0.388060 0.969439 0.392857 0.968017 0.397655 0.962331 0.405117 0.948827 0.405650 0.941720 0.404584 0.936745 0.396588 0.928216 0.376333 0.920398 0.371002 0.920398
0 0.393390 0.996446 0.390192 0.985785 0.385928 0.977257 0.381130 0.973703 0.376333 0.973703 0.371535 0.975835 0.355011 0.988628 0.350746 0.996446 0.350746 1.000000 0.393390 1.000000
0 0.323561 0.950249 0.319829 0.958067 0.319829 0.968017 0.321962 0.979389 0.325053 0.984009 0.326759 0.987918 0.331023 0.995736 0.331557 1.000000 0.350213 1.000000 0.350746 0.994314 0.354478 0.987207 0.356077 0.977257 0.356077 0.959488 0.353412 0.950249 0.350213 0.945984 0.347015 0.944563 0.336354 0.944563
0 0.297974 0.982942 0.297441 1.000000 0.329424 1.000000 0.328358 0.991471 0.323028 0.983653 0.318230 0.980100 0.309701 0.977967 0.300107 0.980810
0 0.307036 0.915423 0.291578 0.910448 0.285714 0.910448 0.280917 0.914712 0.276652 0.923952 0.275586 0.929638 0.275053 0.955224 0.278785 0.966596 0.283582 0.969439 0.288380 0.969439 0.292644 0.966596 0.304904 0.948117 0.311301 0.931059 0.311301 0.922530
0 0.260661 0.997157 0.260661 1.000000 0.296908 1.000000 0.296908 0.986496 0.293710 0.980810 0.275053 0.975835 0.267377 0.983298
0 0.235608 0.968728 0.233475 0.979389 0.234542 0.991471 0.236674 1.000000 0.260128 1.000000 0.261834 0.991898 0.264339 0.988060 0.273454 0.975835 0.273454 0.971571 0.268124 0.967306 0.264339 0.965387 0.252665 0.962331 0.243603 0.962331
0 0.260128 0.908316 0.255864 0.907605 0.251599 0.910448 0.242537 0.923952 0.241471 0.933902 0.241844 0.938237 0.240192 0.951812 0.239872 0.956645 0.243603 0.960910 0.260128 0.963042 0.273454 0.955935 0.275053 0.936034 0.273987 0.930348 0.265991 0.913291
0 0.235608 0.903340 0.221748 0.904762 0.218017 0.907605 0.212687 0.915423 0.211087 0.951670 0.216418 0.965885 0.218550 0.968017 0.232409 0.969439 0.236674 0.966596 0.238806 0.961620 0.243070 0.918266 0.240938 0.909737
0 0.234009 0.985785 0.231343 0.978678 0.229211 0.977257 0.212687 0.974414 0.200959 0.979389 0.193497 0.984364 0.187100 0.992893 0.186567 1.000000 0.231343 1.000000 0.234009 0.992182
0 0.162900 0.996802 0.162367 0.999716 0.186567 1.000000 0.186034 0.995736 0.182836 0.992182 0.175373 0.989339 0.165299 0.991045
0 0.158316 0.970149 0.154584 0.965885 0.146055 0.964463 0.131663 0.977257 0.125267 0.986496 0.129531 1.000000 0.161514 1.000000 0.161514 0.997868 0.164712 0.992893 0.164712 0.990050
0 0.125800 0.991471 0.123667 0.986496 0.120469 0.984364 0.110341 0.986496 0.102878 0.997157 0.102878 1.000000 0.125800 1.000000
0 0.074094 0.978678 0.071429 0.987207 0.070896 1.000000 0.103412 1.000000 0.103945 0.996446 0.108742 0.987918 0.108209 0.981521 0.099680 0.975124 0.079957 0.972992
0 0.038380 0.976546 0.037846 0.988628 0.039446 1.000000 0.070362 1.000000 0.070362 0.992182 0.073028 0.977967 0.071429 0.970860 0.062900 0.967306 0.046908 0.968017 0.041578 0.970860
0 0.169510 0.965885 0.172708 0.975835 0.175906 0.977967 0.185501 0.980100 0.197228 0.980100 0.205224 0.977257 0.213220 0.972281 0.215352 0.968017 0.214819 0.960910 0.207889 0.950249 0.190299 0.935323 0.181237 0.935323 0.176439 0.939588 0.175906 0.944563 0.171109 0.955224
0 0.184435 0.908316 0.175906 0.901919 0.157249 0.904051 0.152985 0.909026 0.150320 0.918977 0.149254 0.928216 0.150320 0.936034 0.162047 0.943141 0.174307 0.941009 0.182836 0.933191 0.186567 0.925373 0.186567 0.914001
0 0.452559 0.664534 0.450426 0.665956 0.446695 0.673774 0.447228 0.687278 0.452026 0.708600 0.452559 0.716418 0.460021 0.727790 0.470149 0.728500 0.472281 0.727079 0.475480 0.718550 0.480277 0.695807 0.481343 0.685856 0.477559 0.664819 0.477612 0.668088 0.470682 0.664534
0 0.409915 0.730633 0.412047 0.747690 0.416311 0.754797 0.421109 0.759062 0.428038 0.759062 0.448294 0.749112 0.458955 0.737029 0.460554 0.732054 0.459488 0.727079 0.456290 0.723383 0.453092 0.719972 0.449360 0.717129 0.430704 0.713575 0.419510 0.713575 0.413646 0.717129 0.411514 0.721393
0 0.399254 0.653163 0.397868 0.655224 0.398028 0.658138 0.400373 0.662544 0.405437 0.666027 0.414179 0.671642 0.433369 0.680881 0.444030 0.681592 0.449360 0.664534 0.449360 0.650320 0.447228 0.646055 0.442964 0.643923 0.418017 0.636887 0.410608 0.636603 0.404051 0.645203
0 0.482942 0.380242 0.478678 0.378109 0.474414 0.378820 0.463753 0.396588 0.457516 0.404620 0.454158 0.415778 0.453625 0.429282 0.456290 0.435679 0.458422 0.437100 0.464286 0.437100 0.480810 0.430704 0.492537 0.421464 0.494670 0.417910 0.497335 0.405117 0.496802 0.400142 0.489872 0.388060
0 0.338486 0.387349 0.334222 0.394456 0.333156 0.400853 0.332623 0.419332 0.333689 0.436389 0.337953 0.440654 0.348081 0.444918 0.351812 0.444918 0.355011 0.442075 0.359275 0.432836 0.361407 0.420043 0.365672 0.413646 0.367271 0.402274 0.365139 0.395167 0.356077 0.390903 0.351279 0.387065
0 0.307889 0.379744 0.302772 0.388060 0.297441 0.393746 0.296375 0.396588 0.297441 0.407960 0.305970 0.427150 0.316631 0.442075 0.326759 0.445629 0.328891 0.444208 0.332090 0.435679 0.331023 0.416489 0.331557 0.398721 0.331983 0.385714 0.326919 0.380384 0.311674 0.380384
0 0.230810 0.325515 0.229211 0.331201 0.230864 0.341151 0.232942 0.346837 0.243603 0.362473 0.249467 0.367448 0.256397 0.371002 0.260128 0.371002 0.267591 0.359630 0.273987 0.356787 0.276119 0.353234 0.276652 0.345416 0.275586 0.339730 0.271855 0.334755 0.267591 0.331912 0.248401 0.324094 0.234542 0.324094
0 0.818230 0.997157 0.818230 1.000000 0.860874 1.000000 0.860874 0.997157 0.858209 0.992893 0.851812 0.986496 0.835288 0.978678 0.829424 0.978678 0.825693 0.980810 0.821429 0.986496
0 0.738806 0.746979 0.734009 0.741294 0.724414 0.742004 0.715885 0.745558 0.702559 0.762615 0.703625 0.773987 0.715352 0.781095 0.737740 0.778962 0.741471 0.774698 0.741471 0.757640
0 0.833156 0.934613 0.829957 0.938877 0.825693 0.950249 0.824094 0.960199 0.825160 0.963042 0.833689 0.975124 0.838486 0.978678 0.852878 0.985075 0.860874 0.981521 0.865139 0.975835 0.865672 0.968728 0.861940 0.958067 0.845949 0.930348 0.841151 0.929638
0 0.872601 0.977257 0.872601 1.000000 0.912580 1.000000 0.912580 0.997157 0.917377 0.987207 0.911514 0.978678 0.905650 0.975124 0.894456 0.971571 0.884328 0.972281 0.876333 0.974414
0 0.945629 0.997157 0.939232 0.987918 0.934968 0.987207 0.929104 0.989339 0.920043 0.988628 0.912580 0.997157 0.912580 1.000000 0.945629 1.000000
0 0.915778 0.936034 0.910981 0.939588 0.904051 0.948827 0.902985 0.953092 0.903518 0.962331 0.909382 0.970860 0.910448 0.974414 0.918977 0.984364 0.926439 0.987918 0.933369 0.987207 0.938699 0.982232 0.939765 0.977967 0.939232 0.961620 0.933369 0.938877 0.929638 0.933902 0.921109 0.933902
0 0.950959 0.948117 0.943497 0.955224 0.941365 0.959488 0.940832 0.966596 0.942431 0.975124 0.950426 1.000000 0.963220 1.000000 0.964286 0.996446 0.970682 0.992182 0.974947 0.986496 0.974947 0.972281 0.962154 0.950249 0.956823 0.948117
0 1.000000 0.972992 0.996802 0.973703 0.992004 0.980810 0.990405 1.000000 1.000000 1.000000
0 0.966418 0.922530 0.961620 0.929638 0.961087 0.936745 0.962687 0.947406 0.978145 0.977257 0.985608 0.980810 0.990938 0.980100 0.993070 0.977257 0.995736 0.965174 0.994670 0.938877 0.991471 0.921819 0.987207 0.916844 0.981876 0.916844
0 0.964819 0.897655 0.947761 0.891969 0.941898 0.891969 0.938699 0.895522 0.933369 0.918266 0.933369 0.935323 0.936567 0.946695 0.939232 0.950249 0.943497 0.952381 0.951493 0.945984 0.957889 0.931059 0.961620 0.927505 0.962687 0.921109 0.966951 0.909737 0.966951 0.902630
0 0.894456 0.881308 0.893923 0.886994 0.895522 0.898365 0.909382 0.921109 0.915245 0.925373 0.924840 0.924662 0.929104 0.921109 0.935501 0.905473 0.937633 0.896944 0.937100 0.890547 0.931770 0.883440 0.905117 0.873490 0.900853 0.874911
0 0.844350 0.910448 0.842751 0.913291 0.842751 0.920398 0.844883 0.926795 0.850746 0.933902 0.857676 0.947406 0.862473 0.953092 0.868337 0.955224 0.872601 0.954513 0.876333 0.951670 0.881130 0.944563 0.885394 0.930348 0.885394 0.922530 0.881663 0.915423 0.859275 0.906894 0.848614 0.907605
0 0.825160 0.908316 0.802239 0.906894 0.799041 0.908316 0.797441 0.911869 0.796375 0.920398 0.796908 0.934613 0.802239 0.950959 0.803838 0.960910 0.806503 0.967306 0.810235 0.970149 0.814499 0.968728 0.819296 0.960910 0.828358 0.931770 0.829424 0.916844 0.828358 0.911869
0 0.755864 0.905473 0.755330 0.911869 0.756397 0.916134 0.776652 0.940299 0.780384 0.942431 0.785714 0.942431 0.788913 0.940299 0.792644 0.933902 0.796375 0.920398 0.797441 0.909026 0.795842 0.906894 0.787313 0.902630 0.767591 0.897655 0.762793 0.897655
0 0.752665 0.916134 0.743070 0.915423 0.738273 0.921109 0.731343 0.941720 0.730810 0.958067 0.735075 0.962331 0.736141 0.965885 0.745736 0.966596 0.760661 0.950249 0.767058 0.938877 0.766525 0.929638
0 0.728678 0.884151 0.724414 0.884151 0.722814 0.886283 0.716418 0.887704 0.707889 0.901208 0.702026 0.914712 0.700959 0.922530 0.701493 0.928927 0.703625 0.933902 0.708955 0.938877 0.718550 0.941720 0.726013 0.941009 0.730277 0.937456 0.734542 0.930348 0.735075 0.906894 0.732942 0.893390 0.730277 0.890547
0 0.685501 0.845060 0.679638 0.852168 0.678571 0.856432 0.680171 0.867804 0.680171 0.879886 0.684435 0.898365 0.685501 0.899787 0.697228 0.900498 0.708955 0.894812 0.715352 0.884151 0.715885 0.877754 0.713753 0.872068 0.702026 0.856432 0.698294 0.848614 0.692431 0.845060
0 0.697761 0.835110 0.701493 0.846482 0.702026 0.852878 0.714286 0.867804 0.716951 0.873490 0.723348 0.877754 0.729211 0.874200 0.734009 0.868515 0.740405 0.852878 0.740938 0.845771 0.738806 0.840796 0.729211 0.833689 0.718550 0.830135 0.703092 0.828714
0 0.776119 0.813077 0.771855 0.810235 0.767591 0.810945 0.754797 0.818053 0.747868 0.824449 0.739339 0.835821 0.740938 0.842928 0.743603 0.846482 0.752665 0.847193 0.762260 0.850746 0.768124 0.851457 0.778252 0.848614 0.781450 0.843639 0.781983 0.834399
0 0.754797 0.854300 0.746269 0.855011 0.734542 0.877043 0.733475 0.887704 0.735608 0.899787 0.738273 0.904762 0.745203 0.905473 0.752132 0.903340 0.761194 0.896233 0.771322 0.882729 0.771855 0.874200 0.768657 0.867093 0.760128 0.857854
0 0.773987 0.872068 0.774520 0.888415 0.779851 0.894812 0.798507 0.904762 0.815565 0.904762 0.819829 0.903340 0.820362 0.898365 0.818230 0.887704 0.808102 0.872068 0.795309 0.857143 0.791578 0.855721 0.785181 0.856432 0.778785 0.863539
0 0.797441 0.840085 0.798507 0.852878 0.803838 0.864250 0.807569 0.867093 0.809701 0.872779 0.815032 0.879176 0.819296 0.880597 0.822495 0.878465 0.834222 0.861407 0.836887 0.849325 0.835288 0.842217 0.831557 0.838664 0.817697 0.834399 0.803305 0.835110
0 0.856077 0.867093 0.850213 0.861407 0.840618 0.859986 0.834755 0.863539 0.829957 0.869225 0.824094 0.880597 0.821962 0.892679 0.822495 0.898365 0.825693 0.904051 0.829424 0.906183 0.839019 0.906183 0.845949 0.904051 0.857676 0.894812 0.860341 0.889126 0.860341 0.882729 0.858742 0.872779
0 0.865139 0.845771 0.859275 0.850746 0.857676 0.855011 0.857676 0.861407 0.862473 0.878465 0.864072 0.889126 0.865672 0.893390 0.871535 0.900498 0.877932 0.904051 0.883795 0.904762 0.889126 0.894101 0.891791 0.883440 0.889659 0.863539 0.886994 0.852878 0.882196 0.845771 0.877932 0.843639
0 0.881130 0.828714 0.876866 0.818053 0.866738 0.803838 0.860874 0.803838 0.854478 0.809524 0.841151 0.830135 0.839552 0.839375 0.840085 0.845060 0.841684 0.848614 0.844350 0.850036 0.857676 0.849325 0.861407 0.846482 0.876333 0.840796 0.881130 0.832978
0 0.904051 0.829424 0.890725 0.845771 0.889126 0.850746 0.890192 0.858564 0.893390 0.863539 0.904584 0.871357 0.914179 0.874911 0.918977 0.874200 0.921642 0.871357 0.923241 0.866382 0.923241 0.856432 0.920576 0.845060 0.917377 0.837242 0.912580 0.830135
0 0.938166 0.847903 0.930171 0.861407 0.926972 0.870647 0.927505 0.877754 0.932836 0.883440 0.941898 0.889837 0.963220 0.894101 0.968017 0.884861 0.968017 0.879176 0.962154 0.867093 0.945096 0.846482 0.941365 0.845771
0 0.992537 0.860697 0.989872 0.862829 0.985608 0.875622 0.986141 0.893390 0.987740 0.899076 0.989872 0.901919 1.000000 0.904051 1.000000 0.860697
0 0.986674 0.840085 0.972814 0.840796 0.966951 0.842928 0.962687 0.849325 0.961087 0.855721 0.961620 0.862829 0.965885 0.872779 0.969616 0.877043 0.974947 0.877754 0.981343 0.873490 0.984009 0.869225 0.984542 0.866382 0.985928 0.863611 0.990352 0.857001 0.989339 0.855011 0.992004 0.847193
0 0.963220 0.781805 0.957889 0.785359 0.954691 0.797441 0.955757 0.825871 0.960021 0.836532 0.964286 0.838664 0.972281 0.838664 0.982409 0.832978 0.985608 0.826581 0.986141 0.820185 0.983475 0.807392 0.974947 0.787491 0.971215 0.783227
0 0.953625 0.804549 0.950959 0.799574 0.948294 0.798152 0.928571 0.800284 0.912047 0.809524 0.909382 0.814499 0.909382 0.820896 0.912580 0.827292 0.918977 0.832978 0.940299 0.840085 0.946695 0.839375 0.951493 0.835110 0.954158 0.828003
0 0.872601 0.786780 0.870469 0.793888 0.871002 0.800284 0.880597 0.825160 0.882729 0.828003 0.888060 0.830846 0.900853 0.829424 0.902985 0.826581 0.905117 0.816631 0.904051 0.808813 0.900853 0.799574 0.889126 0.787491 0.878465 0.784648
0 0.825160 0.776119 0.818763 0.780384 0.811301 0.790334 0.809701 0.801706 0.812900 0.819474 0.816631 0.829424 0.820362 0.832978 0.831023 0.834399 0.836354 0.830135 0.841151 0.820896 0.842751 0.811656 0.842751 0.799574 0.841684 0.793177 0.838486 0.786070 0.831023 0.778252
0 0.786780 0.773987 0.783049 0.776119 0.778252 0.783937 0.776119 0.792466 0.777186 0.810945 0.779318 0.815210 0.779851 0.822317 0.783049 0.833689 0.785714 0.836532 0.795842 0.836532 0.807569 0.829424 0.811834 0.823738 0.812367 0.818053 0.809168 0.805970 0.803305 0.791756 0.797441 0.783937 0.791578 0.781095
0 0.760661 0.783227 0.751599 0.777541 0.716418 0.783227 0.715352 0.788202 0.716418 0.803127 0.723348 0.819474 0.726013 0.823028 0.731343 0.825160 0.736674 0.823738 0.752132 0.809524 0.758529 0.799574 0.761727 0.789623
0 0.662580 0.731343 0.649787 0.746269 0.648721 0.751955 0.649787 0.756930 0.654051 0.762615 0.663113 0.769723 0.668443 0.771855 0.676972 0.778962 0.683369 0.778252 0.686567 0.774698 0.687100 0.762615 0.679104 0.732765 0.672708 0.728500 0.668443 0.728500
0 0.615139 0.685146 0.612473 0.689410 0.609808 0.698650 0.609808 0.701493 0.622601 0.720682 0.634328 0.732765 0.638593 0.735608 0.646588 0.734186 0.650853 0.727790 0.651919 0.710732 0.640192 0.683014 0.635394 0.678038 0.624200 0.678038
0 0.640192 0.662402 0.639126 0.670931 0.639659 0.680171 0.651386 0.709311 0.654051 0.712864 0.662580 0.711443 0.670576 0.702914 0.674307 0.695096 0.675906 0.685856 0.674840 0.676617 0.658849 0.667377 0.654051 0.662402
0 0.657783 0.616915 0.650320 0.624023 0.645522 0.631841 0.645522 0.644634 0.660981 0.665245 0.674840 0.675195 0.678038 0.675906 0.682303 0.671642 0.683369 0.667377 0.682836 0.652452 0.678038 0.633262 0.674307 0.622601 0.670043 0.616915 0.665778 0.615494
0 0.568763 0.550107 0.563433 0.550107 0.558635 0.554371 0.552239 0.567875 0.550640 0.576404 0.549574 0.592040 0.551706 0.603412 0.554371 0.610519 0.558635 0.614783 0.573561 0.612651 0.578358 0.610519 0.581557 0.606965 0.581023 0.597015 0.582623 0.587775 0.581023 0.571429 0.578891 0.563611
0 0.587420 0.577114 0.585821 0.580668 0.585821 0.585643 0.583689 0.588486 0.583156 0.605544 0.588486 0.614072 0.591684 0.616915 0.601279 0.617626 0.606610 0.614783 0.617804 0.612651 0.621002 0.608387 0.622068 0.602701 0.621535 0.594172 0.619403 0.589908 0.611407 0.582090 0.597548 0.574982 0.590085 0.574271
0 0.629531 0.582800 0.625267 0.588486 0.624200 0.592040 0.624200 0.602701 0.625267 0.606254 0.628465 0.609808 0.649254 0.620469 0.655650 0.617626 0.659915 0.611940 0.661514 0.602701 0.660981 0.587775 0.659382 0.581379 0.655650 0.576404 0.650320 0.573561 0.643923 0.574271
0 0.692964 0.561478 0.687100 0.557925 0.678571 0.557925 0.669510 0.570007 0.662047 0.585643 0.662580 0.611940 0.672708 0.614072 0.681770 0.613362 0.693497 0.602701 0.699893 0.594172 0.703625 0.586354 0.703625 0.579247 0.702559 0.575693
0 0.700959 0.593461 0.691365 0.606254 0.690832 0.618337 0.692964 0.624023 0.701493 0.634684 0.708955 0.641080 0.714819 0.641791 0.716951 0.639659 0.724947 0.640370 0.727612 0.635394 0.727612 0.626866 0.718017 0.599147 0.715352 0.595593 0.710554 0.592751
0 0.726546 0.646055 0.722814 0.643213 0.711620 0.643213 0.686034 0.653163 0.684435 0.658138 0.685501 0.674485 0.695096 0.687989 0.705224 0.686567 0.712154 0.680171 0.720149 0.669510 0.726546 0.654584
0 0.689232 0.700782 0.690832 0.702203 0.692964 0.709311 0.704691 0.719261 0.715352 0.732054 0.720682 0.734186 0.726013 0.733475 0.730810 0.726368 0.735075 0.711443 0.735075 0.702914 0.729744 0.695096 0.716951 0.691542 0.696695 0.690121 0.692964 0.692253
0 0.681770 0.710732 0.678571 0.718550 0.678571 0.729211 0.686034 0.758351 0.690832 0.763326 0.699360 0.763326 0.704691 0.759062 0.713220 0.747690 0.713753 0.741294 0.711620 0.729922 0.706290 0.725657 0.702559 0.717839 0.694563 0.711443 0.689765 0.710021
0 0.743603 0.746269 0.743603 0.754797 0.746802 0.770434 0.749467 0.774698 0.755864 0.778962 0.763859 0.777541 0.779318 0.764037 0.782516 0.759062 0.784648 0.749112 0.783049 0.744847 0.771322 0.736318 0.751599 0.736318 0.747868 0.737740 0.744670 0.742004
0 0.737207 0.701493 0.734009 0.722814 0.739872 0.729922 0.752665 0.734897 0.772388 0.736318 0.780384 0.732054 0.783049 0.727790 0.781450 0.719972 0.778252 0.714286 0.768124 0.705046 0.751066 0.693674 0.744136 0.692253
0 0.820896 0.734897 0.813966 0.734186 0.803838 0.741294 0.790512 0.757640 0.786780 0.765458 0.786780 0.771144 0.793177 0.779673 0.805437 0.788202 0.810768 0.788202 0.818230 0.778252 0.823028 0.759773 0.824627 0.741294
0 0.869403 0.748401 0.863539 0.745558 0.852345 0.745558 0.833156 0.755508 0.831557 0.757640 0.831557 0.768301 0.834755 0.778962 0.842751 0.790334 0.845949 0.791045 0.853945 0.786780 0.861407 0.778252 0.867804 0.766880 0.871002 0.757640 0.871002 0.751244
0 0.880064 0.687989 0.876333 0.686567 0.864072 0.688699 0.855011 0.700071 0.851279 0.717129 0.846482 0.730633 0.850213 0.740583 0.855011 0.742715 0.865139 0.742004 0.876333 0.733475 0.886994 0.718550 0.890192 0.712154 0.890192 0.706468
0 0.802772 0.695096 0.802239 0.702914 0.805970 0.714996 0.824094 0.728500 0.834755 0.732765 0.843817 0.732054 0.849147 0.721393 0.852345 0.706468 0.852345 0.700782 0.850746 0.695096 0.845416 0.690121 0.839019 0.687989 0.810235 0.688699
0 0.888593 0.747690 0.876866 0.762615 0.877399 0.767591 0.888593 0.785359 0.900320 0.796731 0.909382 0.796020 0.910448 0.794598 0.909382 0.778962 0.901386 0.758351 0.897122 0.749822 0.893923 0.747690
0 0.921642 0.762615 0.921109 0.774698 0.922175 0.783937 0.924840 0.789623 0.930704 0.795309 0.939232 0.794598 0.953092 0.786780 0.957356 0.781805 0.960021 0.775409 0.960554 0.765458 0.959488 0.762615 0.948294 0.755508 0.927505 0.754797 0.924307 0.756930
0 0.977079 0.752665 0.973881 0.755508 0.972814 0.760483 0.974414 0.781805 0.982942 0.800284 0.989872 0.809524 0.995203 0.810235 0.997868 0.804549 1.000000 0.803838 1.000000 0.749822 0.989872 0.749112
0 0.974414 0.710732 0.972814 0.714996 0.972281 0.722814 0.972814 0.732054 0.971748 0.743426 0.972814 0.746979 0.976013 0.749822 1.000000 0.746979 1.000000 0.716418 0.985075 0.710021 0.977079 0.709311
0 0.944563 0.705046 0.937633 0.716418 0.937633 0.726368 0.939232 0.732054 0.951493 0.755508 0.955224 0.758351 0.963220 0.760483 0.966951 0.753376 0.970149 0.742004 0.971215 0.713575 0.967484 0.705046 0.963220 0.702203 0.956290 0.702203
0 0.894989 0.709311 0.890192 0.715707 0.884328 0.729211 0.884861 0.737029 0.888593 0.741294 0.910448 0.755508 0.917377 0.755508 0.922708 0.752665 0.925373 0.747690 0.925373 0.737740 0.914179 0.714286 0.904584 0.706468
0 0.923774 0.679460 0.915778 0.684435 0.914179 0.690121 0.915778 0.705046 0.915245 0.712154 0.923241 0.730633 0.925373 0.733475 0.928571 0.734186 0.931770 0.731343 0.934435 0.725657 0.936567 0.714286 0.940299 0.705046 0.941898 0.688699 0.938699 0.683014 0.930171 0.679460
0 0.879531 0.658138 0.876333 0.663824 0.876333 0.672353 0.882729 0.690121 0.888593 0.700782 0.893923 0.706468 0.899254 0.705757 0.904584 0.701493 0.913646 0.687989 0.914179 0.683014 0.913113 0.678749 0.909915 0.674485 0.905117 0.671642 0.899787 0.663824 0.894989 0.662402 0.889126 0.658138
0 0.920043 0.631841 0.917377 0.635394 0.908316 0.641791 0.903518 0.648898 0.901386 0.658138 0.901386 0.664534 0.914179 0.677328 0.928038 0.677328 0.931770 0.671642 0.934435 0.660270 0.934435 0.641791 0.932249 0.626795 0.925373 0.631841
0 1.000000 0.668799 0.992537 0.668088 0.972281 0.673774 0.966418 0.677328 0.960554 0.684435 0.960554 0.690832 0.966418 0.699360 0.978678 0.706468 0.995203 0.711443 0.998401 0.707889 1.000000 0.707889
0 0.979744 0.633973 0.975480 0.629709 0.968550 0.629709 0.955757 0.637527 0.947228 0.648898 0.945096 0.656006 0.943230 0.659986 0.942964 0.664534 0.950959 0.669510 0.960021 0.670931 0.971748 0.667377 0.980810 0.660981 0.984009 0.657427 0.985075 0.652452
0 0.997868 0.615494 0.984009 0.625444 0.981876 0.628998 0.981343 0.633262 0.985075 0.644634 0.990405 0.651741 0.993603 0.658849 0.996802 0.661692 1.000000 0.661692 1.000000 0.615494
0 0.852878 0.631841 0.840618 0.660270 0.840618 0.668799 0.844350 0.674485 0.850213 0.678038 0.856610 0.679460 0.868337 0.678038 0.874200 0.670220 0.875267 0.660270 0.874733 0.653163 0.869936 0.638237 0.861940 0.630419
0 0.849680 0.611940 0.837420 0.611940 0.821429 0.621891 0.811834 0.632552 0.810235 0.636816 0.811301 0.643923 0.819296 0.656006 0.824627 0.660981 0.830490 0.660981 0.834222 0.658138 0.839552 0.651031 0.845416 0.635394 0.847548 0.632552 0.847548 0.628998 0.850213 0.626155 0.851279 0.614783
0 0.781983 0.656716 0.778785 0.670220 0.780917 0.677328 0.785714 0.682303 0.795309 0.686567 0.805437 0.688699 0.823028 0.687278 0.824627 0.685146 0.822495 0.673774 0.819296 0.665956 0.813433 0.658138 0.799574 0.645345 0.795842 0.643213 0.791045 0.643923 0.785714 0.649609
0 0.740405 0.635394 0.734542 0.636816 0.729744 0.642502 0.727079 0.656006 0.723881 0.663113 0.723881 0.669510 0.727612 0.678749 0.730810 0.682303 0.736141 0.684435 0.743070 0.683724 0.752132 0.680171 0.757996 0.674485 0.760661 0.668088 0.760661 0.662402 0.755864 0.653163 0.744136 0.637527
0 0.744136 0.616915 0.742537 0.621180 0.743603 0.627576 0.743070 0.633262 0.748401 0.641080 0.748934 0.643923 0.766525 0.664534 0.770789 0.666667 0.777186 0.665245 0.787846 0.643923 0.787846 0.636816 0.786247 0.633262 0.774520 0.623312 0.752132 0.615494
0 0.739872 0.595593 0.739872 0.601990 0.743603 0.609808 0.747868 0.613362 0.754797 0.614783 0.773987 0.623312 0.778252 0.621180 0.780384 0.616205 0.781983 0.607676 0.781450 0.591329 0.779851 0.584222 0.776119 0.580668 0.754264 0.580668 0.748934 0.584222 0.743070 0.593461
0 0.791045 0.579957 0.780917 0.584932 0.782516 0.612651 0.786247 0.621891 0.788380 0.632552 0.793710 0.638948 0.796375 0.638948 0.802772 0.636105 0.805437 0.631841 0.812900 0.606965 0.813966 0.590618 0.811834 0.585643 0.807569 0.582090 0.800640 0.579957
0 0.818230 0.565032 0.816631 0.569296 0.817697 0.576404 0.821429 0.585643 0.825693 0.591329 0.837420 0.601990 0.843284 0.601990 0.846482 0.599147 0.849680 0.592040 0.851812 0.581379 0.851812 0.570718 0.848081 0.561478 0.843284 0.559346 0.826226 0.560768
0 0.615139 0.527363 0.610341 0.530917 0.608209 0.538735 0.607676 0.550817 0.609275 0.565743 0.613539 0.574982 0.618337 0.579957 0.621002 0.581379 0.631130 0.580668 0.637527 0.575693 0.642324 0.568586 0.642857 0.564321 0.640192 0.553660 0.633262 0.539446 0.627399 0.530917 0.619403 0.526652
0 0.678038 0.520967 0.673774 0.520256 0.664712 0.523099 0.657783 0.530206 0.654051 0.531628 0.641258 0.549396 0.641258 0.555792 0.643923 0.562189 0.651386 0.571429 0.658849 0.577114 0.663113 0.577114 0.674307 0.560768 0.678038 0.550817 0.681237 0.531628 0.680704 0.525942
0 0.696162 0.535181 0.692964 0.538735 0.690832 0.545842 0.690832 0.550817 0.692964 0.559346 0.706290 0.581379 0.715352 0.587065 0.719083 0.587065 0.722814 0.584932 0.724947 0.582090 0.726013 0.562189 0.724947 0.551528 0.721215 0.537313 0.716951 0.530917 0.713220 0.528785 0.709488 0.528785
0 0.780917 0.568586 0.780384 0.557925 0.778252 0.549396 0.773987 0.542289 0.767591 0.540156 0.755864 0.540867 0.745736 0.543710 0.741471 0.547264 0.730277 0.563611 0.730277 0.565743 0.736674 0.572850 0.759595 0.579247 0.776119 0.579247 0.778252 0.577114
0 0.783049 0.532338 0.783049 0.537313 0.787313 0.545131 0.792111 0.550107 0.803305 0.557214 0.816098 0.560057 0.818763 0.559346 0.822495 0.552950 0.824094 0.542289 0.824094 0.527363 0.822495 0.522388 0.819296 0.518834 0.807569 0.518124 0.791045 0.523099 0.786780 0.525942
0 0.821962 0.507463 0.821962 0.518124 0.823561 0.521677 0.825746 0.526084 0.827825 0.530917 0.841684 0.545131 0.851279 0.546553 0.857676 0.537313 0.859275 0.526652 0.861940 0.518834 0.858742 0.512438 0.849680 0.506041 0.837953 0.500355 0.831557 0.501066
0 0.880064 0.512438 0.875800 0.511016 0.868870 0.511727 0.863539 0.517413 0.860874 0.523810 0.858209 0.538735 0.855544 0.543710 0.855011 0.553660 0.856610 0.564321 0.858209 0.568586 0.860341 0.570007 0.868870 0.568586 0.876866 0.561478 0.880064 0.555082 0.880597 0.549396 0.882729 0.543710 0.891258 0.533760 0.891791 0.527363 0.890725 0.522388
0 0.921109 0.539446 0.916311 0.533049 0.905117 0.528785 0.895522 0.532338 0.889446 0.536247 0.884861 0.541578 0.880064 0.549396 0.881130 0.552239 0.881130 0.565743 0.884328 0.569296 0.896588 0.572850 0.905117 0.566453 0.918977 0.561478 0.921109 0.559346 0.923241 0.552950
0 0.887527 0.601279 0.884328 0.604122 0.880064 0.613362 0.875267 0.617626 0.874200 0.626155 0.876866 0.638237 0.881663 0.648898 0.886994 0.653873 0.891791 0.653873 0.899787 0.649609 0.906183 0.642502 0.908316 0.638237 0.908316 0.630419 0.905650 0.621891 0.898188 0.609808 0.890192 0.601279
0 0.911514 0.565032 0.903518 0.569296 0.896055 0.577114 0.895522 0.587775 0.900320 0.601990 0.906716 0.613362 0.914712 0.623312 0.919510 0.626866 0.924840 0.625444 0.929638 0.618337 0.930171 0.603412 0.928571 0.579957 0.924840 0.570007 0.921109 0.565032
0 0.931237 0.581379 0.931237 0.621180 0.934968 0.628998 0.941365 0.631841 0.947761 0.629709 0.955224 0.624733 0.960021 0.616915 0.961087 0.609808 0.960021 0.601990 0.944030 0.585643 0.939339 0.583795
0 0.973881 0.565743 0.968017 0.567875 0.962687 0.579247 0.963220 0.606965 0.964819 0.615494 0.968017 0.622601 0.972814 0.625444 0.978678 0.625444 0.984009 0.623312 0.994670 0.615494 0.996269 0.612651 0.997335 0.604122 0.994670 0.591329 0.990938 0.585643 0.987207 0.573561 0.979744 0.566453
0 0.930171 0.549396 0.927505 0.558635 0.927505 0.573561 0.930171 0.579247 0.945629 0.584932 0.955757 0.584222 0.962154 0.580668 0.962687 0.575693 0.965352 0.570718 0.965352 0.565032 0.963753 0.559346 0.959488 0.553660 0.948827 0.543710 0.943497 0.541578 0.934968 0.542999
0 0.990938 0.515281 0.986141 0.515281 0.977079 0.519545 0.966418 0.533049 0.962154 0.542289 0.961620 0.551528 0.963486 0.556148 0.965885 0.560768 0.981343 0.565743 0.986141 0.570007 0.990938 0.565743 0.994670 0.557214 0.996802 0.529495 0.995736 0.518124
0 0.939232 0.484009 0.937633 0.486851 0.936034 0.496802 0.936567 0.518124 0.941898 0.537313 0.946162 0.540867 0.955224 0.540156 0.961087 0.537313 0.968550 0.528074 0.969616 0.523099 0.967484 0.515991 0.950959 0.485430 0.944563 0.483298
0 0.958955 0.461265 0.950426 0.470505 0.950959 0.479033 0.954158 0.488984 0.960021 0.498223 0.964286 0.508884 0.969083 0.514570 0.973348 0.516702 0.982409 0.514570 0.986674 0.504620 0.986674 0.489694 0.979211 0.462687 0.976546 0.459844 0.968017 0.457711
0 0.997335 0.484009 0.991471 0.488984 0.988273 0.496802 0.988806 0.508173 0.993070 0.513149 0.997868 0.516702 1.000000 0.516702 1.000000 0.484009
0 0.986141 0.432125 0.978678 0.437811 0.978145 0.447050 0.979744 0.451315 0.981876 0.466951 0.986141 0.479033 0.989872 0.484719 0.994670 0.485430 1.000000 0.483298 1.000000 0.437242 0.995203 0.432836
0 0.933902 0.491827 0.931237 0.486851 0.925906 0.483298 0.919510 0.483298 0.910981 0.486851 0.893923 0.503909 0.892324 0.507463 0.892857 0.518834 0.907249 0.528785 0.915245 0.530917 0.924307 0.528785 0.930704 0.523810 0.933902 0.518834 0.934968 0.513859 0.934968 0.497512
0 0.868870 0.451315 0.867271 0.457001 0.867271 0.467662 0.873134 0.486851 0.884861 0.507463 0.891258 0.507463 0.893923 0.502488 0.897655 0.500355 0.901919 0.493959 0.906716 0.489694 0.906716 0.479744 0.898721 0.467662 0.897655 0.464108 0.889659 0.454869 0.881663 0.449893
0 0.809701 0.449183 0.799041 0.471215 0.798507 0.486851 0.802239 0.501066 0.805970 0.506041 0.809701 0.508173 0.818230 0.508173 0.828891 0.499645 0.830490 0.494670 0.830490 0.489694 0.826759 0.471926 0.822495 0.459133 0.815032 0.449893
0 0.795842 0.467662 0.787313 0.464819 0.775586 0.471215 0.762793 0.486851 0.760128 0.491827 0.759595 0.501777 0.761727 0.507463 0.766525 0.513859 0.772921 0.519545 0.777719 0.521677 0.782516 0.521677 0.787313 0.518124 0.797441 0.493248 0.797974 0.469794
0 0.802772 0.436389 0.789979 0.427861 0.778252 0.427150 0.766525 0.429282 0.759595 0.432836 0.758529 0.434968 0.759595 0.453447 0.763326 0.464108 0.765991 0.467662 0.770789 0.470505 0.775586 0.469794 0.787313 0.461976 0.795309 0.453447 0.800640 0.443497 0.803305 0.441365
0 0.823561 0.428571 0.821962 0.446340 0.823561 0.457001 0.827825 0.463397 0.841684 0.463397 0.850746 0.461265 0.856610 0.457711 0.863539 0.450604 0.861940 0.438522 0.857676 0.431414 0.853945 0.431414 0.843284 0.427150 0.834222 0.421464 0.826226 0.423596
0 0.894989 0.424307 0.892324 0.429282 0.888593 0.442786 0.888593 0.449893 0.891258 0.455579 0.900853 0.463397 0.910981 0.467662 0.918443 0.468372 0.934968 0.466240 0.934968 0.459844 0.929638 0.442786 0.913646 0.424307 0.909382 0.421464 0.899254 0.420753
0 0.936567 0.411514 0.931237 0.415778 0.929638 0.422175 0.931237 0.438522 0.937633 0.461265 0.942964 0.468372 0.947761 0.469794 0.957889 0.459844 0.963220 0.457711 0.966951 0.450604 0.966418 0.446340 0.963220 0.437811 0.956290 0.426439 0.950426 0.420043 0.947228 0.413646 0.942431 0.411514
0 0.975586 0.378820 0.965885 0.387349 0.957889 0.400142 0.954691 0.408671 0.954691 0.412225 0.956823 0.420043 0.960554 0.425018 0.969616 0.430704 0.979744 0.431414 0.982942 0.429282 0.986141 0.420043 0.987740 0.397299 0.988060 0.389481 0.985394 0.385217
0 0.900320 0.375267 0.897655 0.379531 0.896055 0.385928 0.896588 0.395167 0.906183 0.415068 0.915778 0.424307 0.920043 0.425729 0.925906 0.425018 0.930171 0.417910 0.931237 0.412225 0.930704 0.392324 0.926439 0.380242 0.922175 0.373134 0.918977 0.371002
0 0.885394 0.366738 0.868337 0.371002 0.865672 0.373845 0.864072 0.380242 0.864606 0.390192 0.871002 0.411514 0.873667 0.415778 0.881023 0.422388 0.885394 0.421464 0.889126 0.417910 0.893390 0.402985 0.893390 0.380952 0.892324 0.373845 0.890192 0.369581
0 0.824094 0.396588 0.821962 0.404407 0.828891 0.415778 0.840618 0.425018 0.845416 0.425729 0.852345 0.429993 0.857676 0.429993 0.865139 0.412225 0.865139 0.393035 0.859808 0.386638 0.840618 0.386638 0.834222 0.390903 0.828358 0.392324
0 0.797441 0.369581 0.791045 0.375977 0.788913 0.381663 0.784648 0.400142 0.785181 0.417910 0.786247 0.420753 0.791045 0.425018 0.800640 0.429993 0.804904 0.429993 0.814499 0.424307 0.816631 0.415068 0.816098 0.403696 0.810768 0.375267 0.805437 0.371002
0 0.771855 0.382374 0.763326 0.385217 0.753731 0.393035 0.747868 0.404407 0.746802 0.414357 0.748401 0.420753 0.759062 0.428571 0.763859 0.428571 0.776652 0.425018 0.783582 0.419332 0.783582 0.402985 0.782516 0.398721 0.777186 0.388060
0 0.729211 0.356645 0.733475 0.361763 0.738806 0.367448 0.745203 0.370291 0.747868 0.373134 0.752132 0.373845 0.755864 0.377399 0.772388 0.380242 0.776652 0.377399 0.780384 0.368870 0.780384 0.361763 0.775586 0.355366 0.762793 0.349680 0.758529 0.346127 0.746802 0.346127 0.733369 0.349751
0 0.788913 0.324094 0.787313 0.314854 0.783049 0.309168 0.775053 0.307747 0.761194 0.309168 0.751599 0.312011 0.742537 0.322672 0.742004 0.326937 0.743603 0.331201 0.753198 0.342573 0.763859 0.347548 0.770256 0.352523 0.775586 0.353234 0.779851 0.351812 0.785181 0.338308 0.787313 0.336176
0 0.806503 0.319829 0.797974 0.318408 0.794243 0.320540 0.789446 0.326937 0.788380 0.335466 0.784648 0.341151 0.781450 0.351102 0.782516 0.368870 0.783582 0.370291 0.807036 0.366027 0.818763 0.353234 0.819829 0.349680 0.819296 0.337598 0.816098 0.330490
0 0.865139 0.345416 0.861407 0.341862 0.832836 0.341009 0.821429 0.350391 0.820896 0.357498 0.822495 0.363895 0.826226 0.370291 0.842217 0.383795 0.849147 0.385928 0.855011 0.385217 0.859808 0.382374 0.865672 0.368159
0 0.823028 0.324805 0.826226 0.331201 0.832090 0.337598 0.835288 0.339019 0.858742 0.341151 0.864606 0.339730 0.867271 0.335466 0.867804 0.319829 0.865672 0.307747 0.862473 0.300640 0.859808 0.298507 0.841151 0.299218 0.832090 0.304193 0.827825 0.309879
0 0.895522 0.319829 0.888060 0.314144 0.882729 0.312011 0.877932 0.312011 0.873667 0.314854 0.870469 0.324094 0.869936 0.330490 0.867271 0.335466 0.866738 0.358920 0.868870 0.368159 0.882729 0.365316 0.890725 0.356077 0.896588 0.346127 0.900320 0.337598 0.900853 0.329780
0 0.931397 0.327647 0.924840 0.320540 0.918977 0.320540 0.914712 0.323383 0.899254 0.341151 0.892857 0.351812 0.887687 0.364677 0.891791 0.369581 0.896588 0.373845 0.904584 0.373845 0.918443 0.369581 0.925373 0.363184 0.934968 0.351812 0.936567 0.346837 0.936567 0.342573
0 0.934968 0.352523 0.925373 0.363184 0.924307 0.366738 0.924840 0.373134 0.929104 0.383085 0.944030 0.404407 0.946695 0.406539 0.952026 0.407249 0.954691 0.404407 0.955224 0.399431 0.957889 0.394456 0.958422 0.383795 0.957889 0.375267 0.953625 0.355366 0.949893 0.350391
0 0.963753 0.299218 0.959488 0.297797 0.952559 0.299218 0.934435 0.314854 0.931770 0.319829 0.930490 0.324378 0.932516 0.329282 0.934968 0.333333 0.938699 0.338308 0.946162 0.341151 0.955757 0.341862 0.968550 0.331201 0.969616 0.326937 0.969083 0.316276 0.967484 0.307036
0 0.985608 0.289268 0.973348 0.304193 0.969083 0.314854 0.969616 0.324094 0.974414 0.333333 0.979744 0.335466 0.994670 0.336176 1.000000 0.332623 1.000000 0.298507 0.998401 0.298507 0.990405 0.289268
0 0.990405 0.338308 0.987207 0.336887 0.978678 0.336887 0.970149 0.333333 0.955224 0.343284 0.953092 0.352523 0.955224 0.357498 0.958955 0.375267 0.962154 0.381663 0.965352 0.383085 0.970149 0.382374 0.981343 0.374556 0.986141 0.368159 0.994136 0.351812 0.993070 0.343284
0 0.996535 0.351031 0.990405 0.360341 0.989339 0.379531 0.989872 0.387349 0.992004 0.393035 0.997335 0.397299 1.000000 0.397299 0.999574 0.349964
0 0.997868 0.399431 0.992537 0.407960 0.990405 0.413646 0.990405 0.419332 0.994616 0.429922 0.998241 0.433191 1.000000 0.435039 1.000000 0.399431
0 0.139126 0.927505 0.133795 0.928216 0.126333 0.933191 0.116738 0.936745 0.108742 0.943141 0.105011 0.954513 0.106077 0.965174 0.111407 0.974414 0.117804 0.981521 0.122068 0.983653 0.126866 0.982232 0.138060 0.970860 0.147655 0.956645 0.150320 0.947406 0.150320 0.938877
0 0.549041 0.521677 0.543710 0.521677 0.537846 0.527363 0.529318 0.543710 0.520789 0.565032 0.520789 0.572139 0.522921 0.575693 0.543710 0.585643 0.549041 0.584222 0.550107 0.574271 0.555970 0.556503 0.554904 0.538735 0.551706 0.525942
0 0.531983 0.523099 0.524520 0.518124 0.497335 0.520256 0.493603 0.522388 0.492004 0.529495 0.500000 0.555082 0.503198 0.556503 0.512793 0.556503 0.518657 0.551528 0.523987 0.550107 0.530917 0.540867 0.532516 0.535181
0 0.462687 0.511727 0.462154 0.522388 0.463220 0.533760 0.478678 0.559346 0.484542 0.560057 0.496269 0.555082 0.497335 0.550817 0.496269 0.543710 0.488273 0.524520 0.479211 0.512438 0.472814 0.510306 0.465885 0.509595
0 0.472281 0.555792 0.469616 0.545842 0.463753 0.538024 0.462154 0.533760 0.450959 0.531628 0.441898 0.538024 0.431237 0.548685 0.428571 0.554371 0.427505 0.565743 0.429104 0.568586 0.442431 0.576404 0.447228 0.577114 0.468017 0.568586 0.470682 0.565743 0.472281 0.560768
0 0.307036 0.491116 0.304371 0.496091 0.303838 0.504620 0.311301 0.527363 0.316098 0.533049 0.320362 0.542289 0.325693 0.544421 0.330490 0.544421 0.333689 0.542289 0.336354 0.538024 0.338486 0.529495 0.337953 0.513149 0.340085 0.499645 0.337953 0.489694 0.331023 0.484719 0.321429 0.484719 0.315565 0.486141
0 0.343817 0.495380 0.339552 0.506041 0.337953 0.516702 0.338486 0.523099 0.340618 0.527363 0.360874 0.535181 0.366205 0.533049 0.369670 0.531770 0.376333 0.530917 0.378465 0.529495 0.379531 0.525231 0.378998 0.518124 0.373667 0.510306 0.373134 0.507463 0.356610 0.489694 0.351812 0.489694 0.345949 0.492537
0 0.318763 0.559346 0.318763 0.567164 0.320896 0.570718 0.335288 0.576404 0.357676 0.576404 0.365139 0.570718 0.365139 0.564321 0.363006 0.559346 0.361407 0.540156 0.358742 0.535181 0.352345 0.532338 0.341684 0.531628 0.333689 0.542999 0.322495 0.551528
0 0.363006 0.538735 0.364606 0.561478 0.367271 0.567164 0.371535 0.571429 0.377932 0.570718 0.390192 0.563611 0.399787 0.561478 0.401919 0.560057 0.403518 0.555082 0.404051 0.548827 0.403945 0.540654 0.394989 0.536958 0.384435 0.532196 0.368337 0.533049 0.365672 0.534471
0 0.408849 0.564321 0.396055 0.562900 0.388060 0.565032 0.373134 0.573561 0.369403 0.579957 0.369403 0.587775 0.371535 0.595593 0.380597 0.609097 0.385394 0.613362 0.391258 0.613362 0.400853 0.608387 0.408849 0.595593 0.408849 0.584932 0.412580 0.574982 0.412580 0.569296
0 0.377399 0.491827 0.373667 0.501777 0.373667 0.508173 0.375267 0.511727 0.383262 0.520967 0.387527 0.523099 0.398721 0.536603 0.404584 0.538735 0.407783 0.534471 0.419510 0.508173 0.418443 0.502488 0.402452 0.492537 0.390192 0.488273
0 0.440299 0.510306 0.428571 0.504620 0.423241 0.505330 0.420576 0.508173 0.417751 0.514712 0.414179 0.520256 0.410448 0.528074 0.407783 0.542999 0.408316 0.556503 0.410981 0.562189 0.416311 0.562900 0.423774 0.560057 0.435501 0.542289 0.439765 0.540156 0.448827 0.531628 0.449360 0.524520 0.448294 0.521677
0 0.414712 0.570007 0.409382 0.584932 0.409382 0.594883 0.412047 0.601990 0.429638 0.604833 0.439765 0.608387 0.446695 0.614072 0.452026 0.614072 0.453092 0.612651 0.455224 0.601279 0.447228 0.582090 0.439232 0.574982 0.436034 0.574271 0.431770 0.570007 0.428038 0.568586 0.416844 0.567875
0 0.412047 0.609808 0.410981 0.615494 0.412047 0.628287 0.426972 0.639659 0.450959 0.643923 0.456290 0.637527 0.456290 0.632552 0.451493 0.619048 0.448294 0.614072 0.441365 0.608387 0.429638 0.604833 0.415778 0.603412
0 0.391791 0.660270 0.388593 0.665956 0.388593 0.688699 0.390192 0.700071 0.393390 0.710732 0.397655 0.716418 0.401919 0.717839 0.412580 0.717129 0.421109 0.710732 0.424840 0.705757 0.425906 0.701493 0.424307 0.687989 0.411514 0.672353 0.395522 0.660981
0 0.504797 0.646766 0.503891 0.641720 0.501599 0.636816 0.500000 0.631130 0.494670 0.626866 0.490938 0.626866 0.485608 0.628998 0.474414 0.629709 0.470149 0.633262 0.466418 0.633973 0.457356 0.643213 0.456290 0.648898 0.458422 0.653873 0.473348 0.665245 0.485075 0.671642 0.493603 0.671642 0.497335 0.670220 0.502665 0.663824 0.504797 0.654584
0 0.456823 0.598436 0.454691 0.611230 0.455224 0.616205 0.457356 0.619758 0.465352 0.626155 0.473881 0.628287 0.486141 0.628287 0.493070 0.626155 0.496269 0.622601 0.496802 0.615494 0.492537 0.603412 0.480810 0.587775 0.475480 0.583511 0.470149 0.582800 0.466418 0.584932
0 0.478678 0.563611 0.478145 0.574982 0.485608 0.591329 0.488273 0.592040 0.489872 0.594883 0.494136 0.589197 0.500533 0.587775 0.510661 0.589197 0.512793 0.587775 0.514392 0.581379 0.518124 0.577114 0.519190 0.572139 0.518124 0.562189 0.517058 0.559346 0.513859 0.557214 0.494670 0.557214 0.482942 0.560057
0 0.504264 0.587775 0.499467 0.596304 0.498934 0.614072 0.501066 0.629709 0.505864 0.643923 0.510128 0.644634 0.521855 0.638237 0.523454 0.633973 0.523454 0.621180 0.517058 0.601990 0.507463 0.587775
0 0.533049 0.584222 0.520789 0.597015 0.518657 0.601279 0.518657 0.604122 0.521855 0.613362 0.526652 0.620469 0.528785 0.626155 0.536247 0.633973 0.539446 0.633973 0.545309 0.629709 0.546375 0.623312 0.553305 0.617626 0.553305 0.610519 0.549041 0.601279 0.549041 0.595593 0.545309 0.587065
0 0.548507 0.625444 0.548507 0.633262 0.556503 0.643213 0.575160 0.654584 0.581557 0.656716 0.585288 0.656716 0.588486 0.654584 0.593284 0.643923 0.595416 0.630419 0.594883 0.622601 0.589019 0.616915 0.558102 0.616205
0 0.559701 0.647477 0.557569 0.644634 0.546908 0.637527 0.535714 0.638237 0.516525 0.642502 0.509062 0.646055 0.505864 0.652452 0.506397 0.664534 0.511194 0.678749 0.517058 0.686567 0.522388 0.685856 0.528252 0.682303 0.536247 0.680171 0.542644 0.675906 0.555437 0.660981 0.559168 0.653873
0 0.497335 0.673063 0.489872 0.673063 0.484542 0.678749 0.482409 0.686567 0.480277 0.705046 0.478145 0.710732 0.478145 0.716418 0.485608 0.731343 0.487740 0.732765 0.491471 0.732765 0.503731 0.724236 0.508529 0.716418 0.511727 0.700782 0.516525 0.690832 0.515991 0.686567 0.509062 0.678749
0 0.514392 0.695807 0.511194 0.705046 0.511194 0.712864 0.526652 0.728500 0.535181 0.731343 0.542644 0.731343 0.551706 0.726368 0.552239 0.720682 0.550640 0.710732 0.542644 0.692964 0.535714 0.683724 0.528785 0.683014 0.518657 0.688699
0 0.542111 0.679460 0.543177 0.685146 0.551706 0.695807 0.561301 0.699360 0.575693 0.699360 0.584222 0.697939 0.586354 0.694385 0.586354 0.676617 0.584755 0.665956 0.579957 0.658138 0.576759 0.656716 0.568763 0.656716 0.560768 0.658849 0.550640 0.666667
0 0.603945 0.643213 0.594350 0.646055 0.590085 0.652452 0.586887 0.662402 0.587953 0.679460 0.587420 0.696517 0.590085 0.702914 0.599147 0.707178 0.605011 0.704335 0.607676 0.700782 0.610874 0.690832 0.620469 0.678038 0.623134 0.665956 0.622601 0.658138 0.619403 0.653163 0.615672 0.649609
0 0.599680 0.623312 0.598614 0.626155 0.598614 0.634684 0.602345 0.641080 0.624733 0.656006 0.635394 0.657427 0.640725 0.653873 0.642324 0.649609 0.643923 0.633262 0.643390 0.621891 0.640725 0.616915 0.631663 0.614072 0.621002 0.614072 0.606610 0.616915
0 0.426439 0.767591 0.425906 0.773987 0.429104 0.778962 0.430704 0.786070 0.442964 0.794598 0.450959 0.796731 0.455224 0.796020 0.458955 0.793888 0.463220 0.786780 0.464286 0.779673 0.463753 0.765458 0.460554 0.756930 0.456290 0.753376 0.452026 0.751955 0.444030 0.752665 0.435501 0.757640
0 0.505864 0.746979 0.501066 0.741294 0.497868 0.739872 0.487207 0.741294 0.480277 0.746269 0.468550 0.759773 0.466951 0.766880 0.468017 0.776830 0.479211 0.782516 0.489872 0.782516 0.505864 0.778962 0.509062 0.773987 0.507463 0.763326 0.507996 0.756930
0 0.476013 0.793177 0.474947 0.800284 0.477079 0.810235 0.481876 0.816631 0.487740 0.820896 0.504264 0.825871 0.510128 0.825871 0.513859 0.823738 0.518124 0.817342 0.521322 0.797441 0.519190 0.790334 0.512260 0.783227 0.494670 0.783227 0.488273 0.787491 0.482409 0.786780 0.478145 0.789623
0 0.514392 0.727079 0.509595 0.735608 0.507996 0.746269 0.509595 0.772566 0.517058 0.779673 0.529318 0.778962 0.537846 0.768301 0.538380 0.756930 0.533049 0.741294 0.523454 0.727790 0.520256 0.726368
0 0.557569 0.786780 0.551706 0.781095 0.540512 0.776119 0.536780 0.776119 0.531983 0.779673 0.520789 0.805970 0.519190 0.820896 0.524520 0.827292 0.539446 0.825871 0.545309 0.821606 0.555437 0.809524 0.559701 0.800284 0.559701 0.793177
0 0.543710 0.731343 0.540512 0.734897 0.536780 0.745558 0.536780 0.749822 0.539979 0.758351 0.547974 0.768301 0.554371 0.782516 0.563433 0.787491 0.568230 0.786780 0.570362 0.782516 0.573028 0.769723 0.572495 0.746979 0.568230 0.733475 0.564499 0.729211 0.554904 0.727790
0 0.609808 0.715707 0.601812 0.709311 0.592751 0.706468 0.575693 0.707889 0.572495 0.710021 0.568230 0.717129 0.567697 0.731343 0.570362 0.734897 0.571962 0.742004 0.574520 0.746055 0.577292 0.747690 0.587953 0.747690 0.593284 0.744136 0.598081 0.734897 0.609275 0.721393
0 0.464286 0.803127 0.450959 0.803127 0.442964 0.805970 0.438166 0.813077 0.438166 0.821606 0.442964 0.844350 0.446162 0.852878 0.454158 0.862829 0.457356 0.862829 0.460554 0.859986 0.467484 0.847903 0.471215 0.833689 0.472281 0.825160 0.471748 0.811656 0.467484 0.804549
0 0.489339 0.850746 0.486674 0.867093 0.487740 0.878465 0.493070 0.883440 0.507996 0.883440 0.522921 0.879886 0.526652 0.877043 0.532516 0.867804 0.528252 0.862118 0.524520 0.853589 0.515458 0.845771 0.502132 0.838664 0.496269 0.839375 0.492537 0.843639
0 0.558635 0.867804 0.552772 0.861407 0.546908 0.861407 0.538913 0.866382 0.537313 0.869225 0.530917 0.874200 0.525053 0.887704 0.525586 0.891969 0.528785 0.899076 0.536780 0.904051 0.545842 0.904051 0.561834 0.897655 0.564499 0.894101 0.565032 0.886283 0.563966 0.880597
0 0.523987 0.891969 0.518657 0.889837 0.513326 0.890547 0.508529 0.896233 0.503198 0.908316 0.497868 0.926795 0.497868 0.933191 0.499467 0.938166 0.505864 0.944563 0.511727 0.943852 0.531450 0.927505 0.537313 0.920398 0.537313 0.909026
0 0.531450 0.955224 0.532516 0.960910 0.536780 0.966596 0.551173 0.977257 0.560235 0.981521 0.568763 0.980810 0.571429 0.976546 0.572495 0.966596 0.575693 0.957356 0.575693 0.950959 0.572495 0.945984 0.569829 0.944563 0.549041 0.944563 0.536247 0.948827
0 0.514925 0.986496 0.514925 1.000000 0.559701 1.000000 0.559701 0.997157 0.556503 0.991471 0.542644 0.983653 0.532516 0.980810 0.518657 0.982232
0 0.561834 0.997157 0.561834 1.000000 0.589552 1.000000 0.589552 0.997157 0.581557 0.990760 0.578358 0.990050 0.567164 0.991471
0 0.575693 0.962331 0.573561 0.968728 0.574094 0.976546 0.581023 0.982942 0.597548 0.994314 0.602878 0.996446 0.610341 0.995736 0.614072 0.990760 0.616738 0.982942 0.617804 0.973703 0.617271 0.960199 0.614606 0.954513 0.609275 0.951670 0.597015 0.952381 0.577292 0.960199
0 0.598614 0.891969 0.591151 0.903340 0.587420 0.915423 0.586354 0.941720 0.587420 0.945274 0.591151 0.948117 0.601279 0.948827 0.611940 0.946695 0.617271 0.941009 0.619936 0.930348 0.619403 0.923241 0.615672 0.912580 0.607676 0.898365 0.603412 0.893390
0 0.592751 0.854300 0.578358 0.854300 0.575693 0.855721 0.571962 0.862118 0.570896 0.877043 0.571429 0.891969 0.578891 0.906894 0.581557 0.909026 0.584222 0.909026 0.590085 0.903340 0.595949 0.891258 0.596482 0.887704 0.599680 0.883440 0.601279 0.877754 0.600746 0.860697 0.597548 0.856432
0 0.579424 0.796731 0.575693 0.800284 0.571962 0.807392 0.571962 0.840085 0.574094 0.846482 0.576226 0.849325 0.582623 0.852878 0.589019 0.852168 0.601279 0.846482 0.605544 0.835110 0.604478 0.823738 0.592217 0.803838 0.584222 0.796731
0 0.583689 0.783227 0.583689 0.793177 0.587953 0.796731 0.590085 0.796731 0.592751 0.800995 0.605011 0.803838 0.616205 0.803838 0.624200 0.799574 0.626866 0.794598 0.626333 0.788913 0.623667 0.783937 0.615672 0.773987 0.600213 0.760483 0.594883 0.761194 0.591151 0.764748
0 0.601812 0.730633 0.595949 0.742004 0.595949 0.746269 0.602345 0.759062 0.606610 0.761194 0.609808 0.766880 0.621535 0.776119 0.631130 0.773276 0.634861 0.763326 0.634861 0.755508 0.632729 0.746269 0.629957 0.740156 0.628358 0.733404 0.625267 0.724236 0.620469 0.720682 0.614072 0.720682
0 0.627932 0.803127 0.618870 0.807392 0.607143 0.837953 0.605544 0.847193 0.607143 0.862118 0.609275 0.864250 0.617804 0.863539 0.623134 0.856432 0.625800 0.855721 0.630064 0.850036 0.638593 0.842928 0.644989 0.830846 0.644989 0.825160 0.640725 0.815920 0.635928 0.809524
0 0.642857 0.855721 0.636994 0.855011 0.630597 0.857143 0.622601 0.864250 0.610874 0.882018 0.606610 0.894101 0.613539 0.904051 0.625800 0.910448 0.631663 0.909737 0.636461 0.904762 0.639659 0.899076 0.640725 0.889837 0.647655 0.872779 0.647122 0.866382 0.644456 0.862118
0 0.630064 0.915423 0.624200 0.923952 0.616205 0.946695 0.615672 0.951670 0.618870 0.967306 0.622068 0.971571 0.627932 0.973703 0.638593 0.972992 0.649254 0.966596 0.651919 0.959488 0.651919 0.953092 0.646588 0.933902 0.644456 0.932480 0.642857 0.927505 0.635394 0.916844
0 0.613539 0.996446 0.613539 1.000000 0.647655 1.000000 0.648721 0.992893 0.648188 0.986496 0.645522 0.982232 0.639126 0.979389 0.622068 0.980810 0.616205 0.985785
0 0.656183 0.955224 0.648721 0.970860 0.648188 0.982232 0.649787 0.987207 0.663646 0.997157 0.664179 1.000000 0.685501 1.000000 0.685501 0.997157 0.687633 0.993603 0.687633 0.983653 0.682303 0.968017 0.670043 0.953802 0.661514 0.952381
0 0.665778 0.918977 0.663646 0.923241 0.663113 0.928216 0.664179 0.939588 0.665778 0.943141 0.680704 0.963753 0.684435 0.965885 0.689765 0.964463 0.695096 0.958067 0.698827 0.950959 0.702026 0.941720 0.702559 0.934613 0.698827 0.928216 0.682303 0.918266 0.673774 0.916134
0 0.669510 0.867093 0.663113 0.866382 0.653518 0.872068 0.647122 0.882729 0.639659 0.902630 0.639659 0.911158 0.642324 0.918977 0.651386 0.919687 0.670576 0.911158 0.679104 0.904051 0.681770 0.899787 0.682303 0.891258 0.676972 0.877043
0 0.668977 0.817342 0.663646 0.815920 0.658316 0.817342 0.654051 0.823028 0.645522 0.851457 0.645522 0.857143 0.648188 0.864250 0.654051 0.869936 0.674307 0.855721 0.681770 0.846482 0.683902 0.841507 0.680704 0.830846
0 0.674307 0.778962 0.665778 0.772566 0.645522 0.773276 0.638060 0.775409 0.632729 0.784648 0.632729 0.799574 0.638060 0.809524 0.643923 0.815210 0.647122 0.815920 0.653518 0.811656 0.658316 0.810945 0.666844 0.805259 0.672175 0.798863 0.676439 0.790334 0.676439 0.785359
0 0.711620 0.783937 0.700426 0.783937 0.678571 0.792466 0.671109 0.803127 0.670576 0.810235 0.672175 0.817342 0.684435 0.832267 0.688699 0.834399 0.694030 0.832978 0.705224 0.819474 0.712687 0.805259 0.713753 0.801706 0.713753 0.791045
0 0.713220 0.941720 0.708422 0.942431 0.703625 0.945984 0.691898 0.965885 0.689232 0.978678 0.689232 0.988628 0.693497 1.000000 0.718550 1.000000 0.720149 0.981521 0.721748 0.975835 0.721215 0.953802 0.718550 0.946695
0 0.751066 0.971571 0.745736 0.968728 0.728145 0.970860 0.722814 0.976546 0.720682 0.985785 0.722814 1.000000 0.752665 1.000000 0.753198 0.976546
0 0.759595 0.970149 0.757996 0.975124 0.754797 0.979389 0.753731 1.000000 0.783049 1.000000 0.778252 0.976546 0.775053 0.969439 0.769723 0.965885 0.765458 0.965174
0 0.780384 0.977967 0.780384 0.984364 0.783582 1.000000 0.818763 1.000000 0.819829 0.986496 0.818230 0.982232 0.813966 0.977257 0.807036 0.972992 0.798507 0.972992 0.795842 0.974414 0.786247 0.973703 0.781983 0.975124
0 0.147655 0.834399 0.140192 0.834399 0.131130 0.837953 0.126333 0.843639 0.122068 0.852168 0.117271 0.867093 0.117271 0.878465 0.120469 0.882729 0.138060 0.890547 0.147122 0.887704 0.150320 0.884861 0.150853 0.864250 0.154051 0.847193 0.154051 0.840796
0 0.106610 0.829424 0.098614 0.836532 0.094350 0.845060 0.094350 0.851457 0.099147 0.872779 0.103412 0.877754 0.113006 0.880597 0.116205 0.877754 0.117804 0.863539 0.127399 0.841507 0.127399 0.836532 0.125267 0.832978 0.122068 0.831557
0 0.052239 0.850036 0.049574 0.861407 0.049574 0.868515 0.051173 0.873490 0.055437 0.877754 0.070896 0.882018 0.078891 0.882018 0.097548 0.877754 0.097548 0.871357 0.094350 0.856432 0.089019 0.850746 0.076226 0.842217 0.068763 0.838664 0.060235 0.838664 0.055437 0.843639
0 0.168443 0.830135 0.169510 0.845060 0.176439 0.857143 0.181770 0.863539 0.202026 0.864250 0.209488 0.857143 0.211087 0.852878 0.213220 0.840085 0.201493 0.821606 0.197761 0.820185 0.184968 0.820185 0.171642 0.825160
0 0.205224 0.755508 0.199893 0.755508 0.194563 0.757640 0.192431 0.760483 0.191365 0.765458 0.192431 0.801706 0.194563 0.807392 0.200959 0.813788 0.204158 0.812367 0.215885 0.799574 0.227079 0.783227 0.228678 0.778962 0.228678 0.773276 0.224947 0.766880 0.215885 0.759062
0 0.222814 0.699360 0.210021 0.692253 0.204691 0.692964 0.200959 0.698650 0.195629 0.710021 0.191365 0.724947 0.188166 0.731343 0.188166 0.737029 0.188166 0.750888 0.193497 0.753376 0.200959 0.753376 0.209488 0.747690 0.218550 0.736318 0.230277 0.711443 0.229211 0.707178
0 0.145522 0.736318 0.146055 0.754087 0.150320 0.760483 0.162047 0.760483 0.173774 0.755508 0.182303 0.754087 0.186034 0.749112 0.186034 0.736318 0.182836 0.731343 0.169510 0.726368 0.152452 0.724236 0.149254 0.727079
0 0.161514 0.761194 0.157783 0.767591 0.161514 0.788202 0.165245 0.795309 0.168977 0.809524 0.177505 0.820185 0.186034 0.818763 0.188699 0.815920 0.191365 0.808102 0.191365 0.791045 0.190299 0.785359 0.190832 0.764748 0.189232 0.758351 0.184435 0.755508 0.170043 0.756930
0 0.146588 0.761194 0.142324 0.762615 0.136461 0.767591 0.133262 0.772566 0.129531 0.796731 0.129531 0.808102 0.131663 0.817342 0.136994 0.823028 0.157783 0.820896 0.161514 0.818053 0.165778 0.810235 0.165245 0.800995 0.156716 0.770434
0 0.115139 0.764748 0.109808 0.771144 0.107676 0.777541 0.106610 0.793177 0.105277 0.803127 0.105277 0.813006 0.106077 0.818763 0.106077 0.825871 0.111940 0.828714 0.129531 0.828714 0.133795 0.825871 0.133795 0.820185 0.130597 0.815210 0.129531 0.808102 0.129531 0.794598 0.131130 0.789623 0.130597 0.778252 0.125800 0.768301 0.119403 0.764037
0 0.083156 0.788913 0.078358 0.792466 0.073028 0.804549 0.069296 0.823738 0.069296 0.830135 0.070896 0.834399 0.078358 0.842928 0.086887 0.847903 0.092217 0.847903 0.096482 0.839375 0.103412 0.831557 0.104478 0.828003 0.103412 0.819474 0.103412 0.795309 0.100213 0.792466
0 0.070896 0.804549 0.064499 0.794598 0.057036 0.788913 0.051706 0.787491 0.046908 0.790334 0.034648 0.804549 0.025586 0.820896 0.022388 0.835110 0.023454 0.841507 0.043710 0.841507 0.063433 0.830846 0.068763 0.825871 0.071962 0.810945
0 0.138593 0.709311 0.131130 0.710732 0.115139 0.735608 0.112473 0.746979 0.113006 0.753376 0.115139 0.758351 0.130064 0.770434 0.133795 0.769012 0.145522 0.757640 0.143923 0.741294 0.148721 0.726368 0.149254 0.719972
0 0.103731 0.762473 0.099733 0.756219 0.094883 0.751244 0.091684 0.747690 0.087953 0.747690 0.086354 0.742004 0.079424 0.742004 0.069829 0.749112 0.055437 0.769012 0.052772 0.776119 0.052772 0.784648 0.062367 0.790334 0.074094 0.789623 0.085288 0.785359 0.095416 0.778962 0.100213 0.773987 0.101279 0.770434
0 0.087420 0.709311 0.077079 0.712509 0.079424 0.732054 0.083689 0.739161 0.089552 0.743426 0.098614 0.754087 0.109808 0.753376 0.109808 0.747690 0.118870 0.727079 0.118870 0.721393 0.113006 0.715707 0.094350 0.708600
0 0.052239 0.690832 0.048507 0.693674 0.044243 0.703625 0.041578 0.719972 0.041045 0.732054 0.044776 0.746979 0.052772 0.751955 0.063966 0.751244 0.077825 0.742004 0.080490 0.736318 0.075160 0.717129 0.068763 0.702914 0.057569 0.691542
0 0.068230 0.663113 0.062900 0.673063 0.063433 0.690121 0.065565 0.695807 0.069829 0.701493 0.080490 0.707178 0.085288 0.707889 0.093817 0.705757 0.095416 0.685146 0.098614 0.675906 0.098081 0.668799 0.095949 0.662402 0.084222 0.659559 0.075693 0.659559
0 0.095416 0.685146 0.094883 0.702914 0.098614 0.708600 0.114606 0.712154 0.125800 0.711443 0.130064 0.708600 0.138593 0.706468 0.141791 0.700782 0.137527 0.688699 0.124200 0.674485 0.119403 0.674485 0.117271 0.672353 0.112473 0.671642 0.101812 0.673063 0.099147 0.675906
0 0.114072 0.651741 0.114072 0.658849 0.117271 0.667377 0.119936 0.670931 0.126333 0.674485 0.134861 0.683724 0.142324 0.687989 0.147122 0.687989 0.155650 0.672353 0.158316 0.664534 0.158316 0.658849 0.156183 0.655295 0.150853 0.651741 0.134328 0.645345 0.122068 0.644634
0 0.170043 0.658849 0.164179 0.659559 0.159382 0.663824 0.152452 0.680171 0.144989 0.693674 0.141791 0.705046 0.142857 0.710732 0.151386 0.718550 0.165245 0.723525 0.170043 0.723525 0.179104 0.718550 0.182303 0.712864 0.183369 0.706468 0.183369 0.681592 0.182303 0.678749 0.175906 0.673063 0.175373 0.663824
0 0.177505 0.653163 0.176439 0.660270 0.176972 0.673063 0.184968 0.682303 0.210021 0.687989 0.214286 0.687989 0.219616 0.685146 0.219083 0.669510 0.220149 0.653163 0.211087 0.646766 0.184968 0.643213 0.181770 0.645345
0 0.220149 0.660270 0.219083 0.683014 0.221215 0.687278 0.225480 0.690832 0.237207 0.692253 0.256397 0.688699 0.264925 0.680171 0.264925 0.673774 0.258529 0.665245 0.254371 0.660697 0.250000 0.658849 0.244670 0.655295 0.232409 0.653163 0.228678 0.653731 0.224414 0.655295
0 0.255864 0.627576 0.248934 0.638948 0.248401 0.648188 0.250000 0.654584 0.253198 0.659559 0.259062 0.664534 0.265991 0.675195 0.273987 0.680881 0.284115 0.680881 0.287313 0.671642 0.287846 0.660981 0.284648 0.653873 0.285714 0.648188 0.285181 0.642502 0.281450 0.631130 0.278252 0.627576 0.271855 0.624733 0.261194 0.625444
0 0.210021 0.635394 0.212687 0.646055 0.220149 0.651031 0.227612 0.651741 0.236674 0.650320 0.245736 0.645345 0.251599 0.633973 0.260128 0.626866 0.258529 0.622601 0.253198 0.616915 0.244136 0.613362 0.216418 0.611940 0.212687 0.614072 0.211087 0.616915 0.210021 0.621891
0 0.266525 0.572850 0.264392 0.575693 0.263859 0.582090 0.267591 0.599858 0.273454 0.616915 0.285714 0.628287 0.287846 0.628287 0.294776 0.623312 0.299041 0.597015 0.299041 0.580668 0.296375 0.571429 0.291578 0.567875 0.278252 0.567875
0 0.245203 0.555082 0.239339 0.555082 0.235075 0.557214 0.223881 0.567164 0.211620 0.584932 0.212687 0.591329 0.215352 0.597015 0.223348 0.604122 0.235075 0.610519 0.241471 0.609808 0.247335 0.603412 0.252132 0.592040 0.254264 0.574271 0.251599 0.562900
0 0.248401 0.528074 0.246269 0.535892 0.246802 0.555082 0.251599 0.563611 0.255330 0.567164 0.270256 0.565032 0.288380 0.558635 0.292644 0.554371 0.296375 0.544421 0.296375 0.537313 0.293710 0.533049 0.279851 0.523099 0.268657 0.519545 0.258529 0.518834 0.252665 0.521677
0 0.218550 0.510306 0.218550 0.515281 0.220149 0.520256 0.227612 0.532338 0.232409 0.537313 0.245203 0.535892 0.246802 0.534471 0.248934 0.527363 0.267697 0.512722 0.265352 0.501066 0.241578 0.507178 0.229211 0.504620 0.222281 0.504620
0 0.218550 0.476901 0.216951 0.492537 0.220149 0.500355 0.233475 0.506041 0.240405 0.506752 0.251173 0.504407 0.255864 0.503909 0.263859 0.497512 0.260661 0.487562 0.250533 0.469794 0.244670 0.463397 0.228145 0.464819 0.223348 0.468372
0 0.216951 0.509595 0.211087 0.511727 0.207356 0.516702 0.205224 0.523810 0.203092 0.526652 0.200959 0.556503 0.201493 0.560768 0.203625 0.564321 0.213220 0.566453 0.223881 0.565743 0.229744 0.562189 0.234542 0.555792 0.230810 0.535892 0.226013 0.526652 0.220149 0.520256 0.219083 0.512438
0 0.198827 0.579957 0.190299 0.589908 0.184435 0.602701 0.180171 0.624733 0.180171 0.633973 0.182303 0.638237 0.192431 0.643213 0.204158 0.645345 0.209488 0.644634 0.210554 0.643213 0.209488 0.621180 0.211087 0.615494 0.214286 0.611940 0.213753 0.599147 0.208955 0.586354 0.202026 0.579957
0 0.154584 0.600569 0.151919 0.611940 0.151919 0.638948 0.152985 0.648188 0.161514 0.658849 0.170043 0.657427 0.178038 0.646766 0.180704 0.639659 0.180171 0.623312 0.182836 0.606254 0.178038 0.601990 0.172175 0.599858
0 0.121002 0.600569 0.117271 0.606965 0.117804 0.615494 0.121002 0.624733 0.129531 0.638237 0.132729 0.641791 0.139126 0.645345 0.144456 0.646766 0.150853 0.646055 0.151386 0.607676 0.152452 0.602701 0.150853 0.598436 0.145522 0.593461 0.138593 0.590618
0 0.046908 0.632552 0.049574 0.643213 0.058102 0.653873 0.067164 0.660270 0.071962 0.660270 0.078891 0.657427 0.095949 0.658138 0.101279 0.656716 0.109808 0.651031 0.113006 0.644634 0.109808 0.631841 0.107143 0.629709 0.104478 0.624023 0.100213 0.622601 0.092751 0.616205 0.088486 0.616205 0.073028 0.609808 0.067697 0.611230 0.058635 0.616915 0.053305 0.621891 0.047974 0.628998
0 0.101812 0.592040 0.093817 0.603412 0.093817 0.614783 0.103412 0.624023 0.110874 0.634684 0.114606 0.646766 0.120469 0.646055 0.125800 0.643213 0.127932 0.637527 0.117804 0.617626 0.116738 0.612651 0.117804 0.601279 0.113006 0.592040 0.108209 0.589197
0 0.168977 0.522388 0.167377 0.526652 0.167377 0.534471 0.168977 0.542999 0.168977 0.552239 0.170576 0.557214 0.177505 0.562189 0.184968 0.564321 0.190832 0.569296 0.194030 0.569296 0.200959 0.564321 0.199893 0.555082 0.200426 0.545842 0.203092 0.533049 0.202026 0.528074 0.198827 0.522388 0.193497 0.516702 0.184435 0.515281
0 0.144456 0.570007 0.144456 0.587065 0.154051 0.599147 0.175906 0.597726 0.186567 0.591329 0.190299 0.584932 0.195096 0.580668 0.189765 0.570007 0.184968 0.565743 0.174840 0.562189 0.166311 0.557214 0.157249 0.555792 0.150320 0.558635
0 0.078891 0.532338 0.078891 0.535892 0.081557 0.539446 0.089019 0.542289 0.102878 0.552239 0.108849 0.554513 0.106077 0.543710 0.102345 0.540156 0.093817 0.525231 0.082623 0.528074
0 0.093817 0.588344 0.092058 0.588628 0.090458 0.588486 0.087953 0.587775 0.083262 0.586567 0.080011 0.585359 0.076013 0.583014 0.073561 0.578536 0.064712 0.568230 0.063966 0.565032 0.055437 0.574982 0.047441 0.590618 0.046908 0.607676 0.048507 0.610519 0.052239 0.611940 0.058635 0.609808 0.065565 0.610519 0.070896 0.608387 0.076759 0.603412 0.086354 0.598436 0.089552 0.592751 0.092751 0.591329
0 0.057569 0.538735 0.058102 0.545842 0.064499 0.565032 0.067697 0.572139 0.076759 0.582800 0.084222 0.586354 0.092217 0.587775 0.100213 0.579957 0.106077 0.569296 0.107143 0.565743 0.106610 0.555082 0.100586 0.551457 0.078305 0.538095 0.071962 0.537313 0.065565 0.533760 0.060235 0.533760
0 0.134861 0.515281 0.130597 0.536603 0.130597 0.540867 0.134861 0.547974 0.146588 0.557214 0.162580 0.553660 0.166844 0.550107 0.167910 0.541578 0.166311 0.533760 0.166311 0.523099 0.162580 0.517413 0.150853 0.507463 0.146588 0.507463 0.136994 0.512438
0 0.109275 0.491827 0.097548 0.487562 0.066631 0.491827 0.063966 0.496091 0.063966 0.504620 0.068230 0.519545 0.071962 0.527363 0.075693 0.530917 0.078891 0.530917 0.088486 0.525942 0.094883 0.524520 0.102345 0.511016 0.104478 0.503198 0.108209 0.497512
0 0.115139 0.489694 0.109808 0.493959 0.102878 0.506041 0.097548 0.519545 0.097548 0.529495 0.102878 0.540156 0.110874 0.547264 0.115139 0.545842 0.127932 0.545842 0.130064 0.544421 0.134328 0.515281 0.134328 0.507463 0.131130 0.501066 0.124733 0.493248 0.119403 0.489694
0 0.184435 0.472637 0.175906 0.466240 0.150853 0.470505 0.146055 0.475480 0.144989 0.484719 0.145522 0.492537 0.149787 0.504620 0.153518 0.509595 0.160981 0.513859 0.166311 0.513149 0.173774 0.508173 0.181770 0.497512 0.186567 0.482587