0 0.795154 0.373016 0.785793 0.371776 0.770925 0.374504 0.757159 0.380704 0.756057 0.385417 0.758260 0.388145 0.769273 0.392609 0.779736 0.392361 0.783756 0.390699 0.786894 0.387475 0.792126 0.379216 0.797907 0.377480
0 0.813877 0.375000 0.808370 0.375744 0.797357 0.379216 0.791300 0.385417 0.790749 0.389385 0.793502 0.392609 0.796256 0.394097 0.803414 0.395833 0.814427 0.395833 0.824890 0.394593 0.830396 0.392113 0.830947 0.388517 0.830837 0.384797 0.828084 0.381374 0.819383 0.376240
0 0.882159 0.407490 0.876542 0.411706 0.875991 0.417163 0.877863 0.420561 0.881333 0.422421 0.887115 0.424107 0.890969 0.424851 0.899780 0.424107 0.908590 0.419395 0.910242 0.416171 0.908590 0.412946 0.906938 0.411458 0.899780 0.408730 0.892070 0.407490
0 0.817731 0.399058 0.811123 0.408234 0.825165 0.412897 0.830507 0.413641 0.840033 0.411657 0.852423 0.411954 0.854075 0.410516 0.856443 0.407316 0.855452 0.404886 0.844989 0.399678 0.839207 0.397321 0.832599 0.397073 0.821586 0.397817
0 0.849670 0.411706 0.840308 0.411954 0.831498 0.413690 0.826542 0.415427 0.822137 0.419395 0.819934 0.423363 0.820485 0.428323 0.821586 0.430308 0.824339 0.431796 0.829846 0.433036 0.837004 0.431796 0.840308 0.430308 0.841960 0.428075 0.856828 0.421627 0.858480 0.419891 0.859031 0.415675 0.856828 0.413442
0 0.813326 0.409226 0.804515 0.409226 0.796806 0.410714 0.792952 0.411954 0.787610 0.415551 0.784416 0.420188 0.785242 0.423537 0.788106 0.425769 0.795705 0.427083 0.805066 0.427331 0.816630 0.425099 0.819824 0.421677 0.825551 0.415179 0.823238 0.412202
0 0.752203 0.408482 0.744493 0.410218 0.741740 0.411706 0.739537 0.415675 0.740088 0.417163 0.743943 0.420883 0.748348 0.422867 0.759361 0.426091 0.762665 0.426339 0.767511 0.424107 0.772852 0.420139 0.773018 0.416295 0.772026 0.412202 0.768172 0.409474 0.762115 0.408234
0 0.673458 0.644345 0.666300 0.646577 0.661894 0.650050 0.660793 0.653522 0.661344 0.656746 0.664648 0.659970 0.672907 0.662946 0.678414 0.666915 0.682819 0.668403 0.690529 0.666419 0.693282 0.663194 0.701542 0.659970 0.703194 0.658234 0.702093 0.653770 0.698789 0.648810 0.692181 0.645337 0.683370 0.644097
0 0.713656 0.659970 0.709802 0.659226 0.699890 0.659474 0.693282 0.661954 0.691079 0.665179 0.683370 0.668155 0.681718 0.669643 0.686123 0.674107 0.691079 0.675595 0.700441 0.676339 0.709802 0.673115 0.714758 0.669891 0.715859 0.667411 0.715859 0.661458
0 0.839207 0.655010 0.819934 0.654266 0.815529 0.655506 0.813877 0.657986 0.808370 0.661954 0.808921 0.666171 0.815529 0.671627 0.816630 0.673859 0.821586 0.675843 0.828194 0.675099 0.838106 0.672123 0.843062 0.669891 0.848018 0.666419 0.849670 0.663194 0.848018 0.658730
0 0.812225 0.654266 0.806167 0.650050 0.802863 0.649058 0.795154 0.648065 0.783590 0.650050 0.772577 0.654266 0.773128 0.657738 0.774229 0.658482 0.787445 0.660962 0.794604 0.661458 0.803414 0.661210 0.807269 0.660466 0.811674 0.658482
0 0.797907 0.637649 0.795705 0.638641 0.794053 0.642113 0.796256 0.646577 0.808370 0.651786 0.812775 0.653026 0.821586 0.652778 0.825991 0.652034 0.830396 0.649554 0.832599 0.646577 0.832599 0.641617 0.827643 0.637897 0.822687 0.636409 0.811123 0.636409
0 0.846916 0.625496 0.837004 0.627976 0.833150 0.629960 0.831498 0.633185 0.832048 0.638641 0.834802 0.640129 0.846366 0.641865 0.857379 0.641865 0.863987 0.639881 0.869493 0.637153 0.871696 0.635169 0.870595 0.631944 0.868392 0.629960 0.860132 0.626736 0.854626 0.625744
0 0.883260 0.608631 0.875551 0.611359 0.872247 0.614335 0.871145 0.616815 0.872247 0.622768 0.875551 0.625496 0.880507 0.627232 0.892070 0.627480 0.900330 0.625000 0.908590 0.621280 0.910793 0.619296 0.910793 0.615079 0.908590 0.612847 0.903084 0.610615 0.892621 0.608383
0 0.824339 0.608879 0.821035 0.611359 0.822137 0.615575 0.827093 0.619792 0.833150 0.621776 0.838656 0.623016 0.848568 0.623512 0.857930 0.622024 0.863436 0.619544 0.864537 0.616071 0.863436 0.612103 0.854626 0.607391 0.848568 0.606399 0.837004 0.605903 0.829295 0.607143
0 0.796806 0.620536 0.792952 0.622520 0.790198 0.625992 0.790198 0.631200 0.795154 0.636409 0.806718 0.636905 0.818282 0.636409 0.822137 0.635665 0.825991 0.633681 0.828744 0.630952 0.826542 0.626736 0.822137 0.623264 0.817731 0.621528 0.805066 0.619296
0 0.734581 0.625744 0.729626 0.627976 0.726872 0.630456 0.725771 0.635169 0.727974 0.638889 0.737335 0.644097 0.742841 0.645089 0.748899 0.644593 0.756608 0.641865 0.760463 0.639137 0.759912 0.635045 0.756498 0.630804 0.751652 0.627232 0.743392 0.625744
0 0.769273 0.618304 0.763216 0.619048 0.759361 0.620784 0.757159 0.622768 0.756608 0.626984 0.764317 0.634177 0.766520 0.635169 0.770374 0.635665 0.779185 0.634425 0.785352 0.630035 0.787390 0.627604 0.788656 0.625446 0.787390 0.622966 0.780837 0.619544 0.778084 0.618800
0 0.688546 0.631696 0.686344 0.636359 0.691740 0.641319 0.699174 0.642063 0.707048 0.642609 0.717511 0.642609 0.721366 0.634921 0.718062 0.631448 0.715859 0.630456 0.711454 0.628522 0.699725 0.628447
0 0.664648 0.625000 0.651432 0.629712 0.650330 0.630704 0.650881 0.634921 0.656938 0.637897 0.664097 0.639385 0.674559 0.639137 0.683921 0.635417 0.685573 0.630704 0.678965 0.625744 0.675661 0.625000
0 0.731278 0.604415 0.725771 0.605903 0.721916 0.609871 0.721366 0.612103 0.723018 0.615823 0.729075 0.620784 0.733480 0.622768 0.742291 0.624752 0.752203 0.625248 0.753855 0.623016 0.759361 0.619544 0.758260 0.612351 0.753304 0.605655 0.747247 0.603423 0.739537 0.603423
0 0.692731 0.609871 0.688326 0.611607 0.685573 0.614335 0.687225 0.620784 0.696035 0.625496 0.707048 0.627728 0.710352 0.627728 0.714207 0.626736 0.718447 0.623437 0.720209 0.619196 0.720264 0.615327 0.713656 0.611607 0.708150 0.609623 0.696586 0.609375
0 0.650881 0.614087 0.649229 0.615823 0.651432 0.618552 0.657489 0.622768 0.661894 0.624504 0.676211 0.624752 0.679515 0.623760 0.683921 0.620536 0.683921 0.616815 0.682819 0.614831 0.680617 0.613591 0.664648 0.611855 0.656388 0.612351
0 0.621696 0.616319 0.616740 0.622520 0.617841 0.626488 0.621696 0.628472 0.629956 0.630208 0.639868 0.630456 0.647577 0.629464 0.652533 0.627232 0.655837 0.622768 0.652533 0.619048 0.647026 0.615575 0.639868 0.613839 0.630507 0.614087
0 0.661344 0.597470 0.658590 0.598958 0.656938 0.602431 0.656938 0.607143 0.659692 0.610615 0.662996 0.611855 0.673458 0.613343 0.683370 0.612847 0.690529 0.609871 0.692731 0.608135 0.692731 0.606895 0.688326 0.601687 0.683921 0.599454 0.674559 0.596726
0 0.812225 0.597966 0.805066 0.595486 0.796806 0.594990 0.787445 0.595734 0.782489 0.596974 0.773128 0.601190 0.765969 0.607391 0.766520 0.610863 0.768722 0.613343 0.776982 0.614583 0.795705 0.614831 0.804515 0.613591 0.812775 0.611359 0.816079 0.609871 0.818282 0.607143 0.817731 0.603423
0 0.672357 0.588046 0.670705 0.592014 0.673458 0.595734 0.681167 0.598958 0.691079 0.601438 0.708150 0.599702 0.712555 0.597470 0.718612 0.595734 0.718062 0.591766 0.713106 0.590774 0.707599 0.587302 0.703194 0.585813 0.692731 0.584573 0.681167 0.584821 0.676762 0.585813
0 0.648678 0.592758 0.638216 0.592758 0.634912 0.593502 0.622247 0.599454 0.620595 0.601935 0.622247 0.607391 0.631057 0.611111 0.640419 0.611855 0.650330 0.609127 0.655837 0.605655 0.658040 0.600446 0.657489 0.597470 0.655286 0.594494 0.653084 0.593502
0 0.602423 0.583085 0.600771 0.584077 0.600220 0.588046 0.603524 0.591518 0.609031 0.595238 0.612885 0.596726 0.620595 0.598214 0.622797 0.598214 0.628304 0.596478 0.635463 0.592014 0.635463 0.587550 0.633811 0.585565 0.622247 0.582341 0.612335 0.582093
0 0.624449 0.574405 0.622247 0.580357 0.623899 0.582093 0.628855 0.583829 0.638216 0.584821 0.648678 0.584077 0.660793 0.581845 0.663546 0.580357 0.662445 0.576389 0.660793 0.574653 0.652533 0.570437 0.648678 0.569444 0.637665 0.568948 0.632159 0.570437
0 0.664648 0.566220 0.660793 0.568204 0.660242 0.570933 0.661894 0.576389 0.664097 0.578373 0.667401 0.580109 0.672907 0.581101 0.682819 0.580605 0.689978 0.576637 0.689978 0.574653 0.687775 0.571181 0.682269 0.568204 0.676762 0.567212 0.674559 0.566220
0 0.696586 0.564236 0.692731 0.567460 0.693282 0.573413 0.696586 0.577877 0.703744 0.581597 0.716960 0.584821 0.726322 0.584325 0.728524 0.580605 0.727974 0.573165 0.726322 0.568948 0.721916 0.564980 0.716960 0.562500 0.710903 0.561756 0.705947 0.562004
0 0.666850 0.551587 0.655286 0.550843 0.647577 0.552083 0.639868 0.554315 0.636013 0.556796 0.633811 0.560268 0.635463 0.564732 0.639317 0.566716 0.645925 0.567956 0.656388 0.568204 0.670154 0.563740 0.672357 0.561260 0.672357 0.556052 0.669604 0.553075
0 0.602423 0.566468 0.597467 0.567708 0.592511 0.569940 0.590859 0.572669 0.590859 0.576389 0.601322 0.581845 0.606278 0.582093 0.615639 0.581349 0.621696 0.579117 0.626101 0.572173 0.615639 0.566964 0.612885 0.566468
0 0.587555 0.576885 0.576542 0.576637 0.571586 0.577629 0.567731 0.579613 0.567181 0.592262 0.572137 0.594494 0.579295 0.595238 0.586454 0.594246 0.591960 0.591766 0.596916 0.588046 0.597467 0.582589 0.596366 0.580109 0.591960 0.577629
0 0.523678 0.591270 0.524229 0.596230 0.525881 0.597222 0.535242 0.599702 0.542401 0.600694 0.554515 0.600694 0.565529 0.599702 0.567181 0.595486 0.564427 0.591270 0.558921 0.588046 0.552313 0.585565 0.545705 0.584573 0.534692 0.584573 0.528084 0.587798
0 0.536894 0.569940 0.530837 0.572669 0.528084 0.576389 0.534692 0.582341 0.538546 0.584077 0.552313 0.585813 0.555617 0.584573 0.562225 0.580109 0.564978 0.575893 0.561674 0.573413 0.552313 0.569940 0.546806 0.569444
0 0.579295 0.561012 0.569934 0.561260 0.564978 0.566468 0.563326 0.572917 0.569383 0.577133 0.581498 0.575893 0.583700 0.574901 0.586454 0.571429 0.587500 0.568353 0.584802 0.562996
0 0.508260 0.561012 0.503855 0.564236 0.503855 0.568700 0.508811 0.573661 0.515969 0.576141 0.526432 0.577133 0.537996 0.568700 0.534692 0.562996 0.531388 0.561260 0.526432 0.560020 0.515969 0.560020
0 0.481828 0.566220 0.473018 0.572173 0.474119 0.579365 0.475220 0.580605 0.482379 0.583085 0.492291 0.582589 0.502753 0.580109 0.506608 0.578125 0.508260 0.576389 0.507709 0.571925 0.505507 0.569692 0.501652 0.567956 0.492841 0.566220
0 0.471366 0.628224 0.465308 0.630704 0.465308 0.634921 0.470264 0.643353 0.475771 0.646577 0.482379 0.648065 0.491740 0.647569 0.500551 0.642113 0.501101 0.637649 0.500000 0.634921 0.495595 0.630952 0.491740 0.629216 0.483480 0.627480
0 0.473018 0.607639 0.464758 0.605407 0.457048 0.604167 0.447137 0.605655 0.444383 0.607391 0.443282 0.615575 0.447137 0.617808 0.457048 0.618056 0.468612 0.615327 0.474119 0.613343 0.475771 0.611607
0 0.436674 0.624256 0.431718 0.622768 0.421806 0.623264 0.412996 0.625000 0.409141 0.626736 0.406938 0.629712 0.406938 0.631944 0.408590 0.634425 0.411894 0.636657 0.423458 0.637153 0.430617 0.635913 0.439978 0.632440 0.441630 0.631200 0.441079 0.627976 0.439427 0.625744
0 0.370044 0.627976 0.363987 0.631200 0.361233 0.633929 0.360132 0.638641 0.362885 0.641121 0.371145 0.644097 0.385463 0.646329 0.388216 0.646329 0.398678 0.644345 0.401982 0.642857 0.402533 0.637897 0.400881 0.634673 0.398128 0.632440 0.393722 0.630208 0.386564 0.627976 0.379405 0.626984
0 0.366189 0.618056 0.356828 0.617560 0.350771 0.618304 0.347467 0.619544 0.343612 0.623016 0.340308 0.624256 0.334802 0.630208 0.335903 0.634673 0.343062 0.637153 0.353524 0.636905 0.356828 0.636161 0.367291 0.629712 0.370595 0.626240 0.370595 0.621528
0 0.312775 0.641865 0.306718 0.644345 0.303414 0.646825 0.300661 0.650298 0.302313 0.654266 0.308921 0.656994 0.316630 0.658730 0.325441 0.659722 0.336454 0.659722 0.339758 0.658978 0.340859 0.657738 0.338656 0.653770 0.338106 0.649802 0.331498 0.644841 0.325991 0.642361 0.321586 0.641369 0.316079 0.641121
0 0.301762 0.639385 0.290749 0.639385 0.277533 0.642113 0.270374 0.644593 0.268722 0.646577 0.268172 0.650794 0.272026 0.654018 0.278084 0.656498 0.282489 0.657242 0.291300 0.656250 0.297907 0.653770 0.306718 0.642857 0.304515 0.640377
0 0.334802 0.623264 0.331498 0.622520 0.324339 0.622272 0.308370 0.624008 0.301762 0.626984 0.294383 0.629861 0.295705 0.635665 0.298458 0.637897 0.309471 0.640377 0.317181 0.639137 0.329846 0.634921 0.333700 0.632192 0.337004 0.627232
0 0.289648 0.626240 0.283590 0.625248 0.274780 0.626240 0.265419 0.626240 0.259361 0.627976 0.251652 0.632440 0.248899 0.634673 0.251101 0.636905 0.257709 0.639881 0.264317 0.641865 0.274780 0.642361 0.289097 0.639881 0.292952 0.638641 0.293502 0.630704 0.291850 0.627480
0 0.296806 0.613343 0.285793 0.611855 0.281773 0.612574 0.277093 0.614360 0.275220 0.615749 0.267126 0.623239 0.267621 0.624504 0.273678 0.625992 0.285793 0.624504 0.297357 0.619048 0.299009 0.615079
0 0.435573 0.570188 0.432819 0.570933 0.425661 0.576141 0.426762 0.584077 0.429515 0.585813 0.437775 0.587798 0.448238 0.587550 0.453194 0.586558 0.457599 0.584821 0.458700 0.579861 0.455396 0.575645 0.449339 0.570685 0.441630 0.569940
0 0.308370 0.608135 0.302863 0.611359 0.300661 0.614583 0.302313 0.619048 0.307269 0.621776 0.310573 0.622520 0.317731 0.622768 0.334251 0.621032 0.340308 0.617808 0.342511 0.615575 0.340859 0.612351 0.336454 0.609127 0.332599 0.607887 0.327643 0.607391 0.316079 0.607143
0 0.341960 0.600198 0.337555 0.601687 0.335352 0.603423 0.335352 0.607391 0.343612 0.615575 0.351872 0.617808 0.361233 0.617560 0.365639 0.616815 0.367841 0.615823 0.370044 0.613095 0.371696 0.607887 0.371145 0.604911 0.368943 0.602431 0.364537 0.599950 0.359581 0.598958 0.350220 0.598710
0 0.404185 0.604167 0.393722 0.603919 0.381057 0.605407 0.375000 0.607143 0.371696 0.609375 0.369493 0.615823 0.375000 0.619296 0.386564 0.621032 0.396476 0.621032 0.409141 0.617808 0.411344 0.615823 0.412445 0.610615 0.410793 0.607391
0 0.433370 0.603919 0.428965 0.603919 0.424009 0.604911 0.416300 0.608135 0.414097 0.610367 0.412445 0.615823 0.415198 0.618552 0.421256 0.620784 0.432269 0.621032 0.438326 0.619544 0.441630 0.617312 0.441630 0.607143 0.437225 0.604663
0 0.458150 0.586062 0.444383 0.588294 0.441079 0.590526 0.441079 0.596478 0.443833 0.599702 0.447137 0.600942 0.454295 0.602183 0.457599 0.602183 0.465308 0.599454 0.468612 0.596230 0.470264 0.592262 0.468062 0.588046 0.464758 0.586806
0 0.364537 0.595486 0.364537 0.599702 0.369493 0.602927 0.376652 0.604663 0.384361 0.604663 0.394273 0.603671 0.413546 0.599702 0.399780 0.591518 0.387115 0.588790 0.377753 0.588542 0.369493 0.590278
0 0.383260 0.577133 0.381057 0.578373 0.379956 0.580357 0.382709 0.586806 0.385463 0.588294 0.404185 0.593006 0.412996 0.593006 0.419604 0.590526 0.422907 0.587550 0.424559 0.583581 0.422907 0.580109 0.418502 0.577381 0.405286 0.574901 0.394273 0.575149
0 0.126652 0.426835 0.121145 0.428571 0.115088 0.431548 0.115639 0.435764 0.127203 0.442956 0.131608 0.443700 0.143722 0.444196 0.146476 0.443452 0.151432 0.439484 0.152533 0.435268 0.149780 0.429563 0.145925 0.427827 0.135463 0.425843
0 0.560573 0.710565 0.551762 0.712054 0.546806 0.714534 0.544604 0.716766 0.544604 0.721478 0.547357 0.724454 0.552313 0.727183 0.559471 0.728671 0.564427 0.728671 0.573789 0.727679 0.577093 0.726438 0.578194 0.724702 0.583700 0.720734 0.583150 0.716766 0.575441 0.712302 0.569934 0.711062
0 0.550110 0.687252 0.542401 0.688492 0.534692 0.691468 0.531938 0.693452 0.529736 0.697669 0.532489 0.699901 0.540198 0.703125 0.543502 0.703869 0.552863 0.704117 0.560573 0.703373 0.565529 0.701885 0.569934 0.697173 0.567731 0.693452 0.561674 0.688740 0.553965 0.687252
0 0.585352 0.708829 0.588106 0.716766 0.597467 0.720982 0.606278 0.721230 0.623348 0.717758 0.630507 0.714782 0.631608 0.713046 0.630507 0.709573 0.621696 0.706349 0.603524 0.706349 0.595264 0.705109 0.587004 0.707341
0 0.587004 0.693700 0.585903 0.695437 0.586454 0.699653 0.596366 0.704861 0.602974 0.705605 0.616189 0.705605 0.621696 0.703869 0.627203 0.701141 0.627203 0.696925 0.623348 0.693700 0.621145 0.692956 0.605176 0.690972 0.595264 0.690476
0 0.638767 0.674107 0.628304 0.678323 0.626101 0.680060 0.623899 0.687252 0.624449 0.691964 0.625551 0.693700 0.631057 0.696429 0.636013 0.697421 0.648128 0.697421 0.652533 0.696429 0.657489 0.693700 0.659692 0.689484 0.658590 0.685764 0.653634 0.678819 0.645925 0.675843
0 0.636564 0.660218 0.633811 0.661706 0.633811 0.662946 0.637665 0.667659 0.638767 0.672371 0.640419 0.673859 0.647577 0.676587 0.655837 0.678075 0.666300 0.677827 0.674009 0.674107 0.677863 0.670387 0.675661 0.665675 0.672907 0.663442 0.665198 0.659970 0.662445 0.659474 0.647026 0.659226
0 0.176762 0.408234 0.168502 0.409226 0.165198 0.410714 0.161894 0.416915 0.164648 0.422123 0.174009 0.426091 0.178965 0.429812 0.187225 0.427579 0.196035 0.423363 0.197687 0.421627 0.199339 0.415675 0.197137 0.412450 0.193282 0.410218 0.186674 0.408730
0 0.204846 0.415179 0.203194 0.416171 0.201542 0.419643 0.202093 0.421875 0.203744 0.423611 0.211454 0.426587 0.219714 0.427579 0.230727 0.427331 0.238436 0.424603 0.238436 0.419643 0.228524 0.413442 0.220264 0.412698 0.209251 0.413938
0 0.186123 0.427579 0.182819 0.431796 0.186674 0.435268 0.195485 0.439484 0.202643 0.440228 0.210352 0.439732 0.214758 0.434772 0.215859 0.432044 0.213656 0.427827 0.204846 0.425595 0.195485 0.425595
0 0.240639 0.431796 0.228524 0.432044 0.218612 0.433284 0.215859 0.434524 0.210352 0.439484 0.210903 0.444196 0.214758 0.447173 0.221366 0.449405 0.227974 0.450149 0.234031 0.449901 0.240088 0.447917 0.246696 0.443700 0.248348 0.439980 0.247247 0.435516 0.245595 0.433284
0 0.248899 0.440724 0.243392 0.446677 0.244493 0.451637 0.246696 0.454365 0.254956 0.456349 0.265969 0.456101 0.274229 0.454365 0.276982 0.453125 0.278084 0.450397 0.276432 0.447173 0.273678 0.445437 0.263767 0.441220 0.259912 0.440228 0.252753 0.439980
0 0.289097 0.431548 0.286344 0.434524 0.286344 0.436756 0.288546 0.439732 0.308370 0.444940 0.312225 0.444196 0.313877 0.443452 0.313877 0.437996 0.311674 0.432292 0.310022 0.431548 0.302863 0.430804 0.295154 0.430804
0 0.290198 0.440228 0.281938 0.443452 0.279736 0.445188 0.278084 0.451389 0.279736 0.454117 0.285242 0.456597 0.291850 0.457589 0.307819 0.455357 0.311123 0.453869 0.313326 0.450397 0.312225 0.446677 0.310022 0.445188 0.303965 0.442956 0.292401 0.440228
0 0.322687 0.426587 0.318282 0.427827 0.316079 0.430308 0.312225 0.432044 0.311674 0.437996 0.312775 0.443700 0.320485 0.446181 0.335352 0.446181 0.341410 0.444940 0.344163 0.443452 0.345815 0.440476 0.344163 0.435020 0.341410 0.432292 0.338106 0.430556 0.327093 0.426587
0 0.359031 0.401786 0.355727 0.402530 0.352974 0.404018 0.351322 0.410962 0.352974 0.416171 0.359581 0.419891 0.370044 0.420635 0.381057 0.418403 0.387665 0.416171 0.389317 0.411706 0.385463 0.407490 0.380507 0.405258 0.361784 0.401786
0 0.368943 0.389137 0.358480 0.392857 0.356828 0.395337 0.357379 0.398313 0.359581 0.400546 0.368392 0.402530 0.377753 0.402282 0.383260 0.400298 0.388216 0.396329 0.384361 0.392361 0.380507 0.390625
0 0.378304 0.365079 0.373348 0.367808 0.370044 0.372024 0.370044 0.373760 0.373348 0.377480 0.378304 0.379712 0.386564 0.381448 0.404736 0.381448 0.409692 0.380704 0.412445 0.379216 0.413546 0.376736 0.410242 0.372520 0.403084 0.368056 0.397577 0.366071 0.387115 0.363839
0 0.412445 0.357639 0.404736 0.360119 0.403084 0.361607 0.402533 0.365575 0.405837 0.369296 0.413546 0.375744 0.417401 0.377232 0.422357 0.377976 0.430617 0.376984 0.438326 0.374504 0.440529 0.372272 0.441630 0.368800 0.438326 0.363591 0.430066 0.358879 0.422357 0.357391
0 0.395925 0.394097 0.390969 0.395585 0.383811 0.401290 0.382709 0.404762 0.387665 0.408482 0.390969 0.409722 0.394824 0.410466 0.404736 0.410962 0.409141 0.408234 0.414648 0.403026 0.415749 0.401042 0.415198 0.396577 0.404736 0.393849
0 0.387115 0.382688 0.384912 0.386905 0.382709 0.388393 0.383811 0.391617 0.387115 0.395337 0.404736 0.394841 0.414097 0.396329 0.419604 0.394593 0.422357 0.392609 0.422357 0.388641 0.412996 0.383681 0.404185 0.381696 0.392621 0.381448
0 0.431167 0.400050 0.422357 0.399306 0.416850 0.400050 0.413546 0.404266 0.404185 0.412202 0.408040 0.416171 0.412996 0.418899 0.426211 0.418155 0.430617 0.417163 0.432819 0.415427 0.437225 0.408234 0.438326 0.404266
0 0.457048 0.397817 0.449339 0.400298 0.446586 0.403770 0.446586 0.408978 0.448789 0.411954 0.453194 0.414931 0.459251 0.417659 0.463656 0.418403 0.473018 0.417907 0.482930 0.412202 0.483480 0.407490 0.480727 0.403522 0.471916 0.398313 0.466410 0.397321
0 0.438326 0.376240 0.430066 0.377232 0.425110 0.378720 0.420154 0.381200 0.418502 0.385169 0.426762 0.390625 0.434471 0.392609 0.439427 0.393105 0.444383 0.391865 0.450991 0.389137 0.452643 0.383929 0.450441 0.380704
0 0.468062 0.379216 0.464758 0.379960 0.460352 0.384425 0.459802 0.388889 0.463106 0.393849 0.467511 0.396329 0.473018 0.398065 0.482930 0.397817 0.488987 0.395833 0.493392 0.392857 0.493943 0.387897 0.491740 0.384673 0.484031 0.380456 0.474119 0.378720
0 0.273678 0.455853 0.265419 0.457589 0.261013 0.459573 0.258260 0.462798 0.259361 0.466518 0.261013 0.468254 0.264317 0.469742 0.272026 0.471478 0.283590 0.471478 0.291300 0.469742 0.294053 0.468254 0.295705 0.464534 0.295154 0.461558 0.292952 0.459325 0.283040 0.456101
0 0.327093 0.453869 0.318282 0.453125 0.314978 0.453373 0.311123 0.454365 0.307819 0.456349 0.303965 0.462550 0.303965 0.466766 0.307819 0.468998 0.318833 0.469246 0.334251 0.467262 0.337555 0.465774 0.339207 0.463790 0.337555 0.458829 0.334802 0.456845
0 0.317731 0.469990 0.315529 0.470982 0.312775 0.474454 0.314427 0.478175 0.317181 0.480159 0.319659 0.481820 0.325991 0.482887 0.342511 0.482639 0.351872 0.478919 0.355176 0.478423 0.360132 0.475446 0.360132 0.474454 0.355176 0.472966 0.351872 0.470982 0.335903 0.468006 0.327093 0.468254
0 0.391520 0.425843 0.388767 0.427331 0.388216 0.430060 0.389317 0.435268 0.391520 0.437996 0.399780 0.441964 0.403634 0.442956 0.413546 0.443452 0.416850 0.442708 0.423458 0.439236 0.426762 0.436012 0.426762 0.432292 0.424559 0.429812 0.419604 0.427579 0.411894 0.425843 0.405837 0.425347 0.394273 0.425347
0 0.430066 0.437252 0.422357 0.439980 0.418502 0.443204 0.421256 0.450149 0.425661 0.452381 0.428414 0.452877 0.442731 0.452629 0.448238 0.450645 0.450441 0.448661 0.452093 0.443204 0.448238 0.439980 0.440529 0.437500
0 0.419053 0.458829 0.424559 0.463790 0.430617 0.465278 0.439978 0.465526 0.447687 0.464534 0.452093 0.463046 0.452093 0.458333 0.448238 0.455853 0.443833 0.453869 0.441079 0.453373 0.430066 0.453373 0.427313 0.453869
0 0.433370 0.430804 0.432819 0.432292 0.436674 0.435516 0.451542 0.441716 0.455947 0.442708 0.465308 0.442956 0.472467 0.441716 0.478524 0.439484 0.479626 0.435268 0.477423 0.432044 0.471366 0.429315 0.458700 0.427331 0.453744 0.427331 0.447137 0.428075
0 0.502753 0.424107 0.492841 0.422371 0.489537 0.422371 0.482379 0.423611 0.477423 0.427579 0.479626 0.437252 0.482379 0.439236 0.495044 0.438244 0.498348 0.437500 0.507709 0.433532 0.509361 0.432044 0.508811 0.427331
0 0.518172 0.433532 0.512115 0.433780 0.501101 0.436260 0.496145 0.438988 0.492841 0.442956 0.492291 0.447669 0.497247 0.450397 0.506057 0.451885 0.517621 0.451389 0.530286 0.446925 0.532489 0.442956 0.529736 0.437996 0.524780 0.435268
0 0.535793 0.416667 0.519824 0.418403 0.514317 0.420635 0.510463 0.423611 0.511013 0.428323 0.513767 0.431300 0.525881 0.435268 0.535242 0.434028 0.539097 0.431548 0.540749 0.428819 0.541850 0.423611 0.540198 0.418899 0.538546 0.417411
0 0.545705 0.400050 0.534141 0.403026 0.533040 0.404018 0.533040 0.408978 0.534692 0.411210 0.539097 0.413938 0.543502 0.415179 0.552863 0.415923 0.562225 0.414187 0.565529 0.412698 0.571035 0.407986 0.568282 0.406994 0.566630 0.404266 0.561123 0.401786 0.554515 0.400050
0 0.576542 0.405754 0.572137 0.406994 0.566079 0.412202 0.564427 0.416915 0.566630 0.418899 0.577643 0.423115 0.588106 0.423115 0.592511 0.422123 0.600220 0.418651 0.602423 0.416667 0.601872 0.411954 0.596366 0.408234 0.585352 0.405754
0 0.549559 0.421627 0.544053 0.423859 0.541850 0.427083 0.542401 0.430804 0.549009 0.437748 0.552313 0.438740 0.562225 0.439980 0.569383 0.440228 0.577093 0.436508 0.579295 0.434524 0.579846 0.426835 0.578194 0.423859 0.569934 0.420139 0.559471 0.420139
0 0.561123 0.441964 0.551762 0.442460 0.539097 0.446677 0.533590 0.450149 0.533040 0.451389 0.535242 0.455357 0.543502 0.459325 0.550661 0.460317 0.556167 0.460069 0.561123 0.458333 0.564427 0.455357 0.568833 0.446677 0.566079 0.443700
0 0.514868 0.352927 0.509361 0.352183 0.500000 0.352431 0.488436 0.355655 0.485683 0.357391 0.484031 0.361359 0.486233 0.364583 0.491740 0.369048 0.497797 0.370784 0.502203 0.371032 0.511564 0.370288 0.519824 0.368304 0.524229 0.366071 0.527533 0.357143 0.524780 0.355655
0 0.476322 0.341766 0.470264 0.345486 0.471366 0.349702 0.482379 0.353919 0.491740 0.354663 0.496145 0.353175 0.497797 0.351190 0.497797 0.348958 0.495595 0.345238 0.492291 0.342510 0.489537 0.341518 0.480727 0.341022
0 0.438877 0.344246 0.435022 0.345486 0.430066 0.348958 0.427313 0.352679 0.427863 0.356895 0.435022 0.360119 0.448238 0.360615 0.456498 0.358383 0.459802 0.356399 0.462004 0.353919 0.460903 0.349454 0.452643 0.345486 0.447687 0.344494
0 0.285793 0.396577 0.283590 0.397569 0.282489 0.399554 0.283040 0.404266 0.286894 0.408234 0.293502 0.412202 0.300661 0.414435 0.309471 0.414931 0.317731 0.413442 0.321586 0.411954 0.326542 0.408482 0.326542 0.403770 0.319934 0.399802 0.313877 0.397817 0.301762 0.395337 0.291300 0.395585
0 0.323238 0.380704 0.316630 0.382688 0.314427 0.384177 0.313877 0.392609 0.317731 0.394097 0.322137 0.397569 0.325441 0.399058 0.332599 0.400298 0.343612 0.400050 0.348018 0.397073 0.349670 0.392857 0.343612 0.383433 0.339758 0.381200 0.335352 0.380208
0 0.272577 0.376984 0.269273 0.381448 0.271476 0.384921 0.276432 0.387401 0.289648 0.391865 0.299009 0.393601 0.308370 0.393353 0.313326 0.392113 0.314978 0.389633 0.314978 0.384177 0.312775 0.381944 0.302863 0.376240 0.291850 0.373760 0.282489 0.373760
0 0.282489 0.360119 0.278084 0.362103 0.275330 0.364831 0.276432 0.366815 0.281388 0.370288 0.289097 0.373512 0.293502 0.374008 0.300110 0.375744 0.308921 0.376240 0.311123 0.373760 0.310573 0.368056 0.308921 0.365079 0.303414 0.360367 0.300110 0.359127 0.293502 0.358631 0.287996 0.358879
0 0.367291 0.347470 0.360683 0.348462 0.350220 0.352927 0.349670 0.357639 0.354626 0.362599 0.358480 0.364335 0.364537 0.365079 0.371696 0.365079 0.381608 0.363095 0.390419 0.357887 0.390969 0.352927 0.389317 0.351190 0.385463 0.349454 0.376652 0.347966
0 0.362335 0.344494 0.355176 0.340774 0.351322 0.339782 0.345264 0.339038 0.334251 0.339534 0.323238 0.345238 0.321586 0.349206 0.322687 0.353919 0.329846 0.354911 0.345264 0.354911 0.349670 0.354167 0.361233 0.347966 0.363436 0.345982
0 0.280286 0.343750 0.277533 0.345238 0.277533 0.345982 0.285242 0.349702 0.289648 0.354911 0.293502 0.356895 0.299009 0.358383 0.308921 0.358879 0.314427 0.356895 0.319383 0.353423 0.320485 0.348958 0.318282 0.346230 0.313326 0.343502 0.309471 0.342510 0.298458 0.341270 0.285793 0.342510
0 0.256608 0.348710 0.251652 0.350694 0.248899 0.353423 0.248899 0.357887 0.251101 0.360119 0.254405 0.361607 0.264317 0.364087 0.274229 0.364087 0.281388 0.360863 0.285793 0.357887 0.287445 0.354911 0.286344 0.350446 0.283040 0.348958 0.275330 0.347718 0.264868 0.347470
0 0.302313 0.327629 0.298458 0.329365 0.295705 0.333085 0.296256 0.336062 0.299009 0.339782 0.302863 0.341270 0.317181 0.344494 0.325991 0.344246 0.336454 0.338046 0.335903 0.333085 0.332599 0.328869 0.327093 0.326389 0.318282 0.325397
0 0.352423 0.323661 0.343062 0.323909 0.337004 0.325645 0.335352 0.326885 0.334802 0.330853 0.338656 0.337054 0.342511 0.338542 0.352974 0.338790 0.357379 0.337550 0.362720 0.333457 0.367841 0.330605 0.366189 0.328125 0.355176 0.325149
0 0.368392 0.331101 0.363271 0.333681 0.358480 0.337798 0.362885 0.343750 0.368392 0.346478 0.376652 0.347966 0.388767 0.348958 0.394273 0.347718 0.401982 0.342014 0.400881 0.338790 0.392621 0.333829 0.384361 0.331349 0.379405 0.330605
0 0.384361 0.318204 0.379405 0.320188 0.377203 0.322173 0.376101 0.326885 0.379956 0.330109 0.394273 0.333333 0.404185 0.332589 0.410793 0.326389 0.410793 0.322173 0.403084 0.317708 0.390969 0.317460
0 0.422907 0.307540 0.413546 0.308036 0.408590 0.310516 0.406938 0.312252 0.405286 0.318700 0.408040 0.322173 0.412996 0.324405 0.422357 0.323909 0.435022 0.320933 0.439978 0.318452 0.439978 0.314484 0.436674 0.311756 0.429515 0.308780
0 0.350771 0.311508 0.347467 0.312748 0.345815 0.314236 0.345815 0.318700 0.348018 0.321429 0.355727 0.325397 0.360132 0.326637 0.370595 0.326885 0.375000 0.324901 0.381057 0.318452 0.381608 0.313740 0.379956 0.311012 0.378855 0.310516 0.359581 0.310268
0 0.351872 0.292659 0.345815 0.294147 0.338106 0.297123 0.335903 0.298859 0.334802 0.302827 0.338106 0.306300 0.341960 0.308284 0.350220 0.310764 0.353524 0.311012 0.363987 0.309772 0.367841 0.308284 0.371145 0.302331 0.370595 0.298363 0.366189 0.294891 0.361233 0.293155
0 0.296256 0.303571 0.294053 0.306796 0.311674 0.312996 0.315529 0.313492 0.325441 0.313244 0.330396 0.312004 0.333700 0.310268 0.335903 0.306548 0.333150 0.301091 0.329295 0.299355 0.319934 0.298611 0.308370 0.298611 0.302863 0.300099
0 0.291300 0.308780 0.283590 0.311508 0.278634 0.314236 0.276432 0.317212 0.276432 0.319692 0.279736 0.323661 0.284692 0.325893 0.289097 0.327133 0.300661 0.328125 0.313877 0.325149 0.316079 0.322669 0.314978 0.315724 0.312775 0.313740 0.305617 0.310764 0.300661 0.309524
0 0.247247 0.311012 0.240639 0.314236 0.240088 0.315972 0.241189 0.320188 0.247247 0.325149 0.256057 0.328125 0.266520 0.328621 0.272577 0.327381 0.276432 0.325645 0.276982 0.321677 0.275330 0.318204 0.271476 0.314732 0.263216 0.311260 0.257709 0.310516
0 0.258260 0.330605 0.247247 0.330605 0.242841 0.331597 0.236233 0.334325 0.231828 0.337798 0.231278 0.342014 0.234031 0.345486 0.238987 0.349950 0.247247 0.351935 0.259361 0.347966 0.267621 0.344246 0.270374 0.342014 0.270925 0.337054 0.269824 0.335317 0.263216 0.331597
0 0.142621 0.340774 0.139868 0.342758 0.138767 0.346230 0.142621 0.350694 0.152533 0.355407 0.160793 0.357143 0.170154 0.356895 0.178414 0.354415 0.183370 0.350694 0.184471 0.348462 0.184471 0.345238 0.182269 0.343254 0.178414 0.341518 0.168502 0.339782 0.156938 0.339038 0.149229 0.339286
0 0.086454 0.344742 0.080947 0.347470 0.078744 0.349454 0.080947 0.354663 0.093612 0.359871 0.107379 0.361111 0.117291 0.360119 0.121145 0.355407 0.121145 0.351687 0.117841 0.347470 0.110132 0.344742 0.100771 0.343750 0.091410 0.343750
0 0.087555 0.337798 0.076542 0.333829 0.072687 0.333085 0.064427 0.332589 0.057819 0.333829 0.051211 0.337550 0.050110 0.346230 0.051762 0.347718 0.056167 0.349454 0.066079 0.349702 0.079295 0.346726 0.086454 0.343750 0.087555 0.342510
0 0.126101 0.321925 0.115639 0.322173 0.105727 0.324901 0.101872 0.327381 0.101322 0.330357 0.102423 0.333829 0.105176 0.336806 0.108480 0.338294 0.116189 0.339782 0.128855 0.339534 0.137115 0.337302 0.142070 0.334325 0.142070 0.330109 0.138767 0.326885
0 0.090859 0.304315 0.085352 0.307788 0.084251 0.311012 0.085903 0.314484 0.088656 0.316964 0.099670 0.323165 0.109031 0.324157 0.114537 0.322421 0.125551 0.320933 0.128304 0.318700 0.127203 0.315724 0.113987 0.306548 0.110132 0.305060 0.101872 0.303323 0.096916 0.303323
0 0.113987 0.299851 0.112335 0.301587 0.112885 0.304563 0.119493 0.310516 0.128855 0.315476 0.134361 0.316716 0.145925 0.316964 0.151432 0.316220 0.156938 0.314484 0.161344 0.311012 0.160793 0.306548 0.153084 0.301835 0.145374 0.299851 0.132159 0.297867 0.124449 0.297867 0.117841 0.298611
0 0.216410 0.293899 0.211454 0.293899 0.204295 0.295387 0.199890 0.297371 0.195485 0.298363 0.192731 0.301587 0.192731 0.307292 0.196586 0.311012 0.205396 0.314732 0.213106 0.315228 0.220264 0.313492 0.228524 0.310268 0.234031 0.306548 0.234581 0.302579 0.235407 0.298983 0.229350 0.296949 0.223568 0.294643
0 0.290198 0.285466 0.281938 0.286706 0.276432 0.291171 0.275330 0.295139 0.277533 0.298859 0.282489 0.301835 0.292401 0.302579 0.305066 0.298611 0.306167 0.294395 0.301762 0.288938 0.297357 0.286954
0 0.305617 0.287450 0.303414 0.291667 0.305066 0.294643 0.309471 0.297123 0.316630 0.298611 0.324890 0.299107 0.332599 0.298611 0.335352 0.297867 0.337555 0.295635 0.337555 0.293899 0.334802 0.290923 0.327093 0.286706 0.316630 0.283978 0.311123 0.285218
0 0.334802 0.276538 0.323238 0.279514 0.320485 0.283234 0.326542 0.287202 0.335352 0.291171 0.344163 0.292411 0.354075 0.288690 0.360683 0.283482 0.360683 0.282242 0.357379 0.279266 0.350220 0.278522 0.343612 0.276538
0 0.299559 0.273810 0.293502 0.274802 0.288546 0.277034 0.286894 0.279018 0.287445 0.283482 0.289648 0.284970 0.299009 0.287698 0.308921 0.286954 0.317181 0.283234 0.317181 0.278770 0.313877 0.276290 0.308921 0.274306
0 0.264317 0.271329 0.261013 0.272073 0.255507 0.275298 0.252203 0.279018 0.252753 0.283234 0.264868 0.291171 0.274229 0.291419 0.284692 0.285962 0.286894 0.283482 0.286344 0.281250 0.286344 0.276463 0.274229 0.271577
0 0.229075 0.280258 0.220815 0.282490 0.217511 0.284226 0.214207 0.291171 0.218612 0.293651 0.223568 0.294395 0.235132 0.297867 0.240088 0.298115 0.251652 0.293403 0.253855 0.290427 0.253855 0.286458 0.245044 0.281498
0 0.194934 0.275050 0.189427 0.277034 0.186123 0.279266 0.182819 0.282986 0.182269 0.287450 0.187775 0.290427 0.194934 0.292659 0.204846 0.293651 0.212004 0.291667 0.214207 0.290427 0.216410 0.287450 0.217511 0.282490 0.213656 0.277530 0.210352 0.275298 0.207048 0.274802
0 0.134912 0.272073 0.129405 0.275794 0.131057 0.279018 0.137115 0.283730 0.142621 0.286210 0.151982 0.288442 0.160793 0.288442 0.165749 0.287202 0.171256 0.283730 0.170705 0.278770 0.166300 0.275298 0.160242 0.273065 0.151982 0.271577 0.142070 0.271081
0 0.256608 0.264881 0.246696 0.264137 0.230176 0.265377 0.223568 0.267857 0.221366 0.269345 0.220264 0.272321 0.223018 0.276538 0.228524 0.279762 0.237335 0.281002 0.248348 0.281002 0.251101 0.279762 0.260463 0.271577 0.259912 0.267609
0 0.305066 0.263393 0.299559 0.262153 0.290749 0.261905 0.279185 0.263889 0.272577 0.265625 0.269273 0.267361 0.270925 0.271577 0.276982 0.272569 0.280286 0.274058 0.286454 0.275620 0.304515 0.273562 0.306167 0.272321 0.307269 0.268353 0.306718 0.264881
0 0.326542 0.258929 0.317181 0.259921 0.312225 0.261905 0.308921 0.264633 0.307819 0.267857 0.307819 0.272569 0.308921 0.273810 0.315529 0.276290 0.317181 0.277778 0.323238 0.278522 0.326542 0.278522 0.330396 0.277282 0.338106 0.276042 0.340308 0.275050 0.343062 0.272073 0.343062 0.266369 0.341410 0.264385 0.329846 0.259673
0 0.297357 0.260169 0.299559 0.261657 0.308921 0.263393 0.313877 0.260913 0.317181 0.260169 0.331498 0.258929 0.333700 0.257440 0.333150 0.254216 0.327698 0.251687 0.308370 0.250000 0.306167 0.250992 0.299009 0.257440
0 0.334802 0.241567 0.330947 0.239831 0.326542 0.239087 0.317181 0.240079 0.307269 0.244544 0.305617 0.247768 0.303800 0.250719 0.308040 0.249628 0.316630 0.250744 0.334802 0.251984 0.340859 0.248264 0.338656 0.244296
0 0.343062 0.248016 0.336454 0.251736 0.335352 0.254712 0.335903 0.257440 0.339207 0.260913 0.344163 0.263889 0.349119 0.265377 0.356278 0.265873 0.363987 0.265377 0.371145 0.263145 0.376652 0.259673 0.378855 0.255208 0.376101 0.251984 0.368943 0.249256 0.361233 0.247520 0.347467 0.247520
0 0.299009 0.225694 0.288546 0.228919 0.283590 0.232143 0.286344 0.236607 0.294053 0.240823 0.299009 0.242312 0.309471 0.242560 0.316630 0.240575 0.319934 0.238343 0.321035 0.236607 0.319934 0.230407 0.317731 0.227927 0.314978 0.226687 0.310022 0.225694
0 0.349670 0.223462 0.343612 0.224454 0.334251 0.228671 0.331498 0.231895 0.330947 0.237599 0.332599 0.240079 0.335903 0.241815 0.343062 0.243056 0.353524 0.243552 0.361233 0.242063 0.365088 0.240327 0.366740 0.238343 0.370044 0.236607 0.370044 0.231647 0.366740 0.227679 0.360683 0.224206 0.355176 0.223462
0 0.404185 0.216022 0.401982 0.216766 0.398128 0.224206 0.397577 0.229415 0.399229 0.232391 0.401982 0.233879 0.404185 0.236607 0.413546 0.236111 0.420705 0.232391 0.423458 0.228671 0.424559 0.223462 0.421806 0.219494 0.415749 0.216766 0.411344 0.216022
0 0.491740 0.221974 0.482379 0.222718 0.476872 0.224454 0.473568 0.227927 0.471916 0.232143 0.473018 0.236359 0.475771 0.238343 0.482379 0.241319 0.488987 0.242312 0.492841 0.242312 0.499449 0.241071 0.504405 0.238343 0.506608 0.236359 0.507159 0.231151 0.503855 0.226190 0.498899 0.222966
0 0.405286 0.188988 0.394824 0.188740 0.390969 0.189732 0.383811 0.193204 0.381057 0.196677 0.381057 0.201637 0.382709 0.205109 0.386564 0.207837 0.395374 0.209573 0.404185 0.208829 0.411344 0.207093 0.415749 0.205109 0.419053 0.202133 0.419053 0.197173 0.413546 0.191964
0 0.241189 0.186260 0.237335 0.188492 0.235132 0.193204 0.235683 0.198165 0.238987 0.202133 0.246696 0.204365 0.265419 0.204365 0.274780 0.200893 0.278084 0.197173 0.273128 0.192956 0.265969 0.189236 0.257159 0.186508 0.250000 0.185516 0.245044 0.185516
0 0.352974 0.170139 0.346366 0.171131 0.338656 0.175099 0.335903 0.177827 0.335352 0.180308 0.335903 0.185516 0.338106 0.188244 0.343062 0.190724 0.348568 0.191468 0.354075 0.191468 0.361233 0.189980 0.366740 0.185516 0.366740 0.179563 0.365088 0.176091 0.358480 0.171875
0 0.378855 0.145089 0.371696 0.146081 0.361233 0.150298 0.357930 0.154266 0.357379 0.158730 0.359031 0.161210 0.361784 0.163442 0.369493 0.166667 0.378304 0.166667 0.384361 0.165179 0.389868 0.162450 0.392621 0.158978 0.393172 0.153522 0.391520 0.150298 0.385463 0.147073
0 0.691630 0.148562 0.683370 0.149058 0.677863 0.150298 0.674009 0.152034 0.669604 0.157490 0.669604 0.161210 0.671806 0.165179 0.677313 0.168403 0.682269 0.169395 0.692181 0.169395 0.700441 0.167411 0.709802 0.161458 0.712555 0.158730 0.709802 0.154514 0.700441 0.150298
0 0.623348 0.218998 0.619493 0.219246 0.612885 0.221230 0.610132 0.223958 0.608480 0.227679 0.609031 0.231895 0.610683 0.233631 0.613436 0.235119 0.621696 0.236855 0.630507 0.235863 0.639317 0.232143 0.642621 0.228919 0.641520 0.224454 0.639317 0.222966 0.632709 0.220238
0 0.612885 0.237599 0.604626 0.238839 0.600220 0.240327 0.595815 0.244048 0.594714 0.249008 0.600771 0.255952 0.611784 0.259425 0.615088 0.259425 0.621145 0.258433 0.630507 0.251984 0.632159 0.247272 0.630507 0.243800 0.623348 0.239087 0.619493 0.238095
0 0.637665 0.281746 0.631057 0.280754 0.621696 0.281250 0.616189 0.283482 0.612885 0.286210 0.613987 0.295139 0.616740 0.297371 0.620595 0.298611 0.631608 0.298611 0.638216 0.297123 0.643722 0.294147 0.645374 0.291171 0.644824 0.286706 0.642070 0.283234
0 0.742841 0.246528 0.734581 0.248264 0.729626 0.254712 0.729626 0.257440 0.730727 0.259425 0.735132 0.262649 0.741189 0.264137 0.753304 0.263889 0.759912 0.260417 0.763767 0.256448 0.763767 0.254216 0.758260 0.249008 0.752753 0.248016 0.750000 0.246776
0 0.765419 0.232143 0.760463 0.232887 0.751652 0.237103 0.749449 0.239583 0.748899 0.244792 0.751101 0.246280 0.756608 0.248016 0.761013 0.250992 0.770374 0.251488 0.776982 0.249752 0.785242 0.244792 0.788546 0.240575 0.787996 0.237103 0.786344 0.235367 0.779185 0.232639
0 0.753304 0.219990 0.743392 0.220238 0.735132 0.222222 0.730176 0.224950 0.728524 0.228671 0.730727 0.234375 0.734581 0.236855 0.742841 0.238839 0.752203 0.238095 0.753304 0.236855 0.762665 0.232391 0.762665 0.225942 0.761564 0.223710 0.758811 0.221726
0 0.795154 0.195685 0.786344 0.197669 0.775330 0.203125 0.773678 0.205853 0.778084 0.210813 0.784141 0.213790 0.791850 0.215526 0.799009 0.215774 0.804515 0.215278 0.809471 0.213294 0.813326 0.208085 0.813326 0.202877 0.812225 0.200645 0.807269 0.197173 0.802863 0.196181
0 0.811123 0.225942 0.804515 0.226935 0.801211 0.228671 0.797357 0.232143 0.796806 0.236607 0.799009 0.240327 0.803414 0.242560 0.814427 0.243304 0.824339 0.240327 0.827643 0.236855 0.827643 0.232391 0.824339 0.229911 0.817731 0.226687
0 0.865088 0.247520 0.858480 0.246528 0.853524 0.246528 0.842511 0.247768 0.828744 0.255456 0.828744 0.259673 0.841410 0.262897 0.847467 0.263641 0.859031 0.262153 0.864537 0.259921 0.870044 0.255952 0.871145 0.251736 0.869493 0.249752
0 0.770925 0.278522 0.760463 0.278274 0.749449 0.279514 0.746696 0.281746 0.746145 0.283730 0.748348 0.286458 0.750000 0.292163 0.756608 0.294643 0.761564 0.295139 0.770925 0.293899 0.784141 0.287202 0.783590 0.282738 0.777533 0.279762
0 0.737885 0.280754 0.732379 0.280754 0.725771 0.281746 0.715308 0.287698 0.713656 0.290427 0.715308 0.294891 0.719163 0.297123 0.723568 0.298363 0.732379 0.299107 0.736233 0.298859 0.747797 0.294395 0.750551 0.291915 0.750551 0.286706 0.748348 0.283978 0.745044 0.281994
0 0.735683 0.300099 0.727423 0.300843 0.722467 0.302579 0.717511 0.305060 0.714207 0.310020 0.714758 0.315228 0.718612 0.317956 0.725771 0.320685 0.735132 0.320685 0.746145 0.315724 0.750000 0.311508 0.750000 0.306300 0.747797 0.303075 0.743943 0.301339
0 0.655286 0.425099 0.652533 0.427331 0.653634 0.429563 0.663546 0.434772 0.674559 0.438244 0.683370 0.438988 0.689427 0.437996 0.692181 0.437004 0.698238 0.431548 0.698238 0.426835 0.693833 0.423859 0.685022 0.422867 0.671256 0.422619 0.661344 0.423611
0 0.786344 0.431300 0.778084 0.427579 0.770374 0.426587 0.760463 0.427331 0.749449 0.432292 0.746696 0.438492 0.747797 0.440724 0.751652 0.442212 0.760463 0.443204 0.770374 0.443204 0.780837 0.441220 0.788546 0.436012
0 0.812775 0.426835 0.802863 0.427579 0.795705 0.429067 0.790198 0.431548 0.789648 0.436012 0.791300 0.437996 0.796256 0.440476 0.803414 0.442460 0.813326 0.443700 0.821586 0.443204 0.825110 0.441319 0.828304 0.435169 0.828194 0.432788 0.824339 0.431796 0.817731 0.428075
0 0.852974 0.434276 0.847467 0.433780 0.833150 0.435268 0.830396 0.436756 0.827203 0.439782 0.825441 0.443204 0.830947 0.445933 0.837004 0.451885 0.839207 0.452877 0.856278 0.450893 0.861784 0.447421 0.862885 0.442460 0.861233 0.439236 0.856828 0.435516
0 0.795815 0.447321 0.795705 0.452133 0.797357 0.454117 0.800110 0.455109 0.806718 0.455605 0.812775 0.456845 0.823238 0.456597 0.831938 0.454762 0.834306 0.452307 0.834802 0.448909 0.831498 0.445933 0.823789 0.443948 0.816079 0.443700 0.808921 0.444196
0 0.793502 0.445933 0.788546 0.443948 0.783590 0.443700 0.777533 0.444196 0.767621 0.446925 0.765419 0.448165 0.764317 0.451389 0.769273 0.455109 0.786344 0.456349 0.795154 0.455357 0.796806 0.453373 0.794824 0.450149
0 0.743392 0.447421 0.732930 0.451389 0.730176 0.454365 0.731828 0.457341 0.738436 0.461062 0.743392 0.462054 0.753855 0.462550 0.760793 0.460317 0.763877 0.458259 0.766244 0.455308 0.765253 0.452927 0.763216 0.449157 0.761013 0.447917 0.754956 0.446925
0 0.694383 0.443204 0.688877 0.446925 0.688326 0.451637 0.689427 0.452877 0.694383 0.455357 0.703524 0.458383 0.708150 0.459821 0.717511 0.459821 0.727974 0.455109 0.730176 0.451885 0.728524 0.449405 0.714813 0.443105 0.707048 0.441468
0 0.647577 0.435268 0.643722 0.439484 0.642070 0.443204 0.643172 0.445188 0.646476 0.447173 0.652533 0.448165 0.658040 0.448165 0.675110 0.446677 0.676101 0.444816 0.676156 0.442535 0.672026 0.439559 0.666795 0.436756 0.657489 0.433532
0 0.590308 0.435764 0.587555 0.438988 0.588106 0.443452 0.591410 0.445685 0.603524 0.447917 0.613436 0.448661 0.620044 0.446677 0.621696 0.444692 0.620044 0.439484 0.613987 0.436012 0.605176 0.433780 0.595264 0.433780
0 0.596366 0.446429 0.584251 0.447917 0.579846 0.450645 0.578744 0.454365 0.579846 0.458829 0.583700 0.462798 0.587004 0.464534 0.595815 0.463542 0.607930 0.458581 0.610132 0.456101 0.610132 0.450645 0.605727 0.448165
0 0.631608 0.446677 0.621145 0.446429 0.615639 0.448165 0.612885 0.450645 0.611233 0.454365 0.611233 0.459077 0.615088 0.461558 0.620044 0.462798 0.626652 0.462550 0.636013 0.461062 0.640419 0.458829 0.643172 0.456101 0.644273 0.451141 0.642621 0.449653 0.639317 0.448165
0 0.673458 0.448165 0.663546 0.447669 0.656388 0.448413 0.650330 0.450397 0.646476 0.453373 0.644824 0.458333 0.646476 0.461806 0.656388 0.466270 0.666300 0.466022 0.674559 0.464286 0.680617 0.459077 0.680617 0.453869 0.676762 0.449653
0 0.698844 0.457738 0.690529 0.456845 0.682819 0.458085 0.680617 0.459077 0.677313 0.462798 0.678965 0.467014 0.687225 0.472470 0.691079 0.473958 0.712004 0.469742 0.715859 0.467014 0.714758 0.463294 0.713106 0.461806 0.703744 0.459028
0 0.693833 0.474206 0.694934 0.477927 0.699890 0.479167 0.708150 0.482887 0.728524 0.482391 0.732930 0.481399 0.735132 0.479415 0.732930 0.474454 0.730727 0.473214 0.725771 0.471974 0.708150 0.470486 0.697137 0.472718
0 0.692181 0.477927 0.681718 0.478919 0.675661 0.481647 0.672907 0.485367 0.672907 0.490327 0.674559 0.491567 0.680066 0.493056 0.691630 0.493304 0.697687 0.491071 0.704846 0.486359 0.705396 0.481895 0.700991 0.479911
0 0.674559 0.465278 0.662445 0.467014 0.659141 0.468998 0.656388 0.475446 0.659141 0.479167 0.661894 0.480159 0.675110 0.480903 0.683921 0.478423 0.687225 0.476438 0.688932 0.473735 0.678855 0.467361
0 0.626652 0.462798 0.621145 0.466518 0.619493 0.470982 0.621696 0.472966 0.626652 0.475694 0.632159 0.477431 0.639317 0.478423 0.648678 0.477927 0.651432 0.476687 0.658040 0.470734 0.655837 0.466766 0.639317 0.461310
0 0.567181 0.462798 0.560022 0.464534 0.556718 0.468254 0.555617 0.471726 0.557269 0.476935 0.560573 0.481399 0.564978 0.482143 0.571586 0.482143 0.577093 0.481151 0.585903 0.478423 0.589207 0.475942 0.589758 0.473958 0.588106 0.471478 0.580396 0.465278 0.571586 0.462798
0 0.599119 0.470734 0.596366 0.472222 0.594714 0.477679 0.596366 0.483383 0.598018 0.484871 0.601872 0.486111 0.613436 0.486855 0.626101 0.482639 0.627203 0.480407 0.626101 0.476438 0.621145 0.473462 0.616189 0.471974 0.605727 0.470486
0 0.612335 0.487599 0.610683 0.490575 0.626652 0.495784 0.632159 0.496776 0.641520 0.497024 0.647026 0.496528 0.655286 0.494048 0.658590 0.491319 0.658590 0.485863 0.657489 0.484623 0.648678 0.481647 0.629405 0.482143 0.622797 0.483631
0 0.672357 0.494048 0.667952 0.493552 0.658590 0.493800 0.647026 0.497024 0.643172 0.501736 0.643172 0.505952 0.648128 0.509673 0.655837 0.510913 0.665749 0.510913 0.673458 0.508929 0.676762 0.507440 0.681167 0.502232 0.680617 0.498016 0.678965 0.496528
0 0.599670 0.492808 0.597467 0.494048 0.596916 0.498264 0.602974 0.505704 0.605727 0.507440 0.611784 0.509177 0.619493 0.508929 0.623348 0.508185 0.631608 0.505208 0.633260 0.501488 0.626652 0.496528 0.622797 0.494792 0.613436 0.492808 0.602974 0.492063
0 0.564978 0.482887 0.562775 0.484623 0.562775 0.487599 0.564427 0.490079 0.569383 0.493304 0.571586 0.495784 0.577093 0.497024 0.583700 0.496776 0.590308 0.495784 0.594714 0.493304 0.596916 0.490327 0.594163 0.487351 0.590308 0.485863 0.578744 0.483383 0.571035 0.482391
0 0.559471 0.488591 0.549009 0.490079 0.544604 0.492063 0.542952 0.493552 0.544053 0.499008 0.547357 0.502232 0.551211 0.503472 0.558150 0.503869 0.570815 0.498810 0.570540 0.494841 0.564427 0.490427
0 0.534692 0.475446 0.524780 0.478671 0.522577 0.482143 0.523128 0.486111 0.528084 0.489335 0.533040 0.490327 0.543502 0.490823 0.555066 0.487599 0.556718 0.485863 0.557269 0.481895 0.553965 0.478919 0.544604 0.475694
0 0.510463 0.472966 0.492291 0.473214 0.483480 0.476190 0.480727 0.478175 0.480727 0.481399 0.482930 0.485367 0.486233 0.487103 0.501101 0.489583 0.514317 0.487103 0.519273 0.485119 0.520925 0.483383 0.520925 0.477927 0.517621 0.474702
0 0.514868 0.491319 0.509912 0.493304 0.507709 0.496776 0.508260 0.499256 0.511564 0.501736 0.517621 0.504712 0.525881 0.505952 0.536344 0.505704 0.541300 0.503720 0.544053 0.500496 0.544053 0.497024 0.539648 0.492312 0.526982 0.490079
0 0.595319 0.499008 0.588106 0.496528 0.577643 0.497272 0.563326 0.501984 0.558370 0.504464 0.557819 0.506200 0.567181 0.510169 0.577643 0.511409 0.587555 0.510913 0.597467 0.508681 0.601872 0.506448 0.598183 0.501910
0 0.581498 0.512897 0.570485 0.511161 0.566630 0.511409 0.561123 0.512401 0.550110 0.517361 0.553414 0.520833 0.560573 0.524802 0.565529 0.525298 0.574339 0.525050 0.582048 0.524058 0.587555 0.521825 0.588106 0.517113
0 0.511564 0.509673 0.511013 0.513889 0.517070 0.517609 0.531938 0.520089 0.544053 0.520089 0.546256 0.518105 0.546256 0.513641 0.541850 0.508433 0.538546 0.506944 0.534141 0.506200 0.524780 0.505952 0.517070 0.507192
0 0.482379 0.487103 0.474119 0.494544 0.474119 0.499752 0.475771 0.502232 0.478524 0.503720 0.482379 0.504216 0.492841 0.504216 0.498899 0.502976 0.503304 0.501240 0.505507 0.498760 0.504956 0.496280 0.502203 0.493056 0.497247 0.490079 0.491189 0.488343 0.486784 0.488095
0 0.473018 0.474454 0.464207 0.474454 0.460352 0.476935 0.455396 0.478175 0.449890 0.482391 0.449339 0.491319 0.452643 0.493552 0.464758 0.494792 0.469714 0.494544 0.474119 0.493800 0.479626 0.490327 0.481828 0.486607 0.481278 0.483383 0.479626 0.481895 0.478524 0.478175
0 0.425661 0.467758 0.417401 0.471974 0.415198 0.474454 0.418502 0.479415 0.430066 0.484623 0.441079 0.484623 0.447687 0.483879 0.450991 0.482391 0.455396 0.478175 0.455396 0.474454 0.453744 0.472966 0.444934 0.468750 0.439427 0.467262 0.428965 0.467014
0 0.404185 0.459077 0.394273 0.462302 0.392621 0.468006 0.395925 0.469742 0.413546 0.472966 0.420154 0.470734 0.424559 0.467014 0.422907 0.462798 0.420705 0.460565 0.416850 0.459077
0 0.388767 0.459325 0.381608 0.457837 0.372247 0.457341 0.362335 0.457837 0.355727 0.459077 0.351322 0.460813 0.348568 0.463046 0.348018 0.467510 0.350220 0.469494 0.360132 0.474206 0.370595 0.474454 0.377753 0.472966 0.388216 0.469990 0.390969 0.468254 0.393172 0.462302
0 0.404185 0.470734 0.393722 0.469742 0.378304 0.472222 0.372247 0.474702 0.373348 0.478671 0.382709 0.482887 0.390419 0.483135 0.399780 0.481647 0.404185 0.479415 0.408040 0.475198 0.407489 0.473214
0 0.421806 0.480903 0.415749 0.480407 0.405286 0.480655 0.394824 0.483135 0.389317 0.489583 0.390419 0.493304 0.405286 0.496032 0.412996 0.495536 0.426211 0.492560 0.428414 0.490823 0.428414 0.485367 0.426211 0.482887
0 0.410242 0.497520 0.410242 0.502728 0.412996 0.505704 0.430066 0.507937 0.440529 0.505952 0.442181 0.502232 0.441079 0.498512 0.439427 0.496776 0.431167 0.494296 0.421256 0.494048 0.414097 0.495288
0 0.446586 0.494792 0.441630 0.498016 0.444383 0.504712 0.464813 0.509053 0.473568 0.508929 0.475771 0.505704 0.475771 0.501736 0.470815 0.495784 0.458700 0.494048 0.452093 0.494048
0 0.474670 0.510417 0.470815 0.511905 0.465859 0.517113 0.466960 0.521825 0.470815 0.523313 0.482930 0.524306 0.495044 0.521577 0.498899 0.517857 0.496145 0.513889 0.490639 0.511657 0.482930 0.510169
0 0.438877 0.506696 0.433370 0.509673 0.436674 0.514385 0.448238 0.518353 0.458150 0.518849 0.465308 0.516865 0.469714 0.513889 0.470815 0.509673 0.463656 0.508929 0.444879 0.505407
0 0.431718 0.508433 0.424009 0.506944 0.412445 0.506944 0.401432 0.509673 0.395925 0.513641 0.398678 0.518105 0.404185 0.520089 0.412996 0.520585 0.417401 0.518849 0.424009 0.517609 0.428965 0.515377 0.431718 0.513145 0.432819 0.510913
0 0.375000 0.498016 0.374449 0.502480 0.376101 0.504216 0.387115 0.508433 0.395374 0.509673 0.405837 0.508681 0.410242 0.506448 0.410793 0.505456 0.406938 0.497520 0.402533 0.495536 0.396476 0.494296 0.386564 0.494048 0.380507 0.495536
0 0.360683 0.478175 0.351872 0.480407 0.349119 0.482391 0.349670 0.486607 0.352423 0.490575 0.360683 0.496280 0.369493 0.497024 0.378855 0.489335 0.379956 0.487103 0.379405 0.483383 0.370044 0.478919
0 0.324339 0.484375 0.319383 0.486359 0.315529 0.489831 0.315529 0.490823 0.320485 0.495288 0.325441 0.499058 0.332599 0.499752 0.343612 0.500496 0.351322 0.494048 0.351872 0.489583 0.349119 0.485119 0.344163 0.483135 0.333150 0.483135
0 0.285793 0.474950 0.271476 0.474702 0.262665 0.475942 0.257709 0.478175 0.254405 0.482639 0.257709 0.486359 0.265419 0.490079 0.274229 0.490327 0.283590 0.487599 0.289097 0.484623 0.290749 0.482639 0.291300 0.478423 0.290198 0.476438
0 0.312775 0.491319 0.302313 0.489583 0.296256 0.489583 0.286894 0.491567 0.284692 0.493304 0.281938 0.498264 0.285242 0.502728 0.285793 0.506200 0.287996 0.507688 0.290198 0.508185 0.294604 0.507937 0.310022 0.504960 0.314427 0.502976 0.318833 0.498264 0.318282 0.494048
0 0.273128 0.498512 0.264317 0.498512 0.260463 0.499256 0.257709 0.500744 0.256057 0.504216 0.256057 0.509921 0.261013 0.512153 0.267621 0.512401 0.273128 0.511905 0.279185 0.510169 0.284141 0.506944 0.284141 0.501736 0.279185 0.499504
0 0.242841 0.483879 0.231828 0.488839 0.230727 0.489831 0.230727 0.494544 0.238987 0.498016 0.246696 0.498760 0.255507 0.498512 0.258811 0.497768 0.262115 0.496032 0.263767 0.490079 0.255507 0.484375 0.248348 0.483383
0 0.236784 0.455605 0.229626 0.456349 0.225220 0.457837 0.224119 0.458829 0.223568 0.463294 0.225220 0.469742 0.227974 0.473214 0.234581 0.475942 0.240088 0.476687 0.252203 0.472470 0.256608 0.466270 0.255507 0.462302 0.250000 0.457341 0.245044 0.455853
0 0.212555 0.456349 0.204295 0.458333 0.199339 0.462550 0.197137 0.470734 0.204295 0.473710 0.213656 0.474206 0.224670 0.472718 0.226872 0.471478 0.224119 0.458581 0.220264 0.457093
0 0.204295 0.476190 0.202643 0.478175 0.203194 0.479911 0.208700 0.484623 0.212004 0.486359 0.221916 0.489087 0.230727 0.489335 0.237335 0.486359 0.242291 0.482639 0.242841 0.478423 0.241740 0.477431 0.228524 0.473958 0.221366 0.473214 0.209802 0.474702
0 0.147026 0.460565 0.143172 0.462550 0.139317 0.466270 0.140419 0.469990 0.150881 0.474702 0.152533 0.476190 0.156388 0.477431 0.167952 0.477927 0.177863 0.476438 0.181718 0.474206 0.182269 0.470734 0.179515 0.466270 0.176211 0.463790 0.169604 0.461062 0.162445 0.459573 0.151432 0.459325
0 0.051762 0.454861 0.050661 0.459077 0.052313 0.460317 0.056167 0.461806 0.074339 0.466022 0.082599 0.466518 0.088656 0.465526 0.094163 0.463046 0.096366 0.460565 0.096916 0.457837 0.095264 0.455109 0.090308 0.452877 0.086454 0.452133 0.073789 0.451389 0.063877 0.451637 0.055617 0.453125
0 0.124449 0.468750 0.119493 0.470238 0.113987 0.474454 0.113436 0.479415 0.115088 0.483135 0.117841 0.486111 0.123348 0.488343 0.131608 0.489087 0.137665 0.488839 0.145925 0.486855 0.152533 0.483879 0.154185 0.482639 0.155286 0.478423 0.151432 0.474702 0.143172 0.470734
0 0.182269 0.482391 0.178414 0.480407 0.170154 0.478671 0.159141 0.479911 0.154736 0.481151 0.146476 0.486111 0.138767 0.488591 0.137115 0.490327 0.143172 0.493552 0.158040 0.493552 0.169604 0.492808 0.176762 0.491071 0.182269 0.488591 0.183921 0.486855
0 0.186674 0.485119 0.184471 0.490823 0.188326 0.495784 0.192731 0.498760 0.205396 0.501488 0.214758 0.500992 0.223568 0.498016 0.226872 0.494296 0.225771 0.490079 0.205396 0.484871
0 0.237885 0.498512 0.231278 0.499256 0.226322 0.500992 0.221916 0.505952 0.230176 0.514385 0.234581 0.515625 0.239537 0.515873 0.253304 0.512153 0.256608 0.508929 0.257159 0.503968 0.256608 0.501736 0.253304 0.500000 0.249449 0.499256
0 0.146476 0.494296 0.143172 0.495040 0.138216 0.498760 0.137115 0.502728 0.139317 0.505952 0.142621 0.508433 0.151432 0.511409 0.161344 0.511409 0.165749 0.509921 0.172907 0.502232 0.174009 0.497520 0.171256 0.495288 0.165749 0.493800 0.154185 0.493552
0 0.185573 0.499504 0.177863 0.500496 0.172357 0.501984 0.169604 0.505208 0.169604 0.509673 0.175110 0.513641 0.177863 0.514633 0.188877 0.515377 0.194383 0.513889 0.196035 0.511409 0.198238 0.510169 0.204846 0.508433 0.207599 0.506448 0.207599 0.504712 0.204295 0.501736 0.195485 0.500000
0 0.221916 0.505704 0.212555 0.505704 0.205947 0.506944 0.198238 0.510169 0.194383 0.512897 0.192731 0.516617 0.194383 0.521081 0.195485 0.522073 0.203744 0.524554 0.213656 0.524554 0.219163 0.523313 0.225771 0.520833 0.228524 0.518601 0.229626 0.512897
0 0.629405 0.506200 0.621145 0.509673 0.620595 0.514881 0.622247 0.518105 0.625551 0.519841 0.628304 0.520337 0.642070 0.519841 0.650881 0.517113 0.652533 0.514633 0.651432 0.511905 0.643722 0.506944 0.639868 0.506200
0 0.596366 0.512897 0.591410 0.514881 0.589207 0.517609 0.589207 0.521825 0.590859 0.523313 0.599119 0.527282 0.603524 0.528274 0.613987 0.528026 0.620044 0.525546 0.622797 0.522073 0.621145 0.516369 0.618392 0.513145 0.613987 0.511905 0.603524 0.511905
0 0.628855 0.520337 0.624449 0.521329 0.617841 0.526042 0.615088 0.529514 0.621696 0.534226 0.630507 0.536458 0.639317 0.535962 0.644273 0.533978 0.650330 0.529018 0.643172 0.520833 0.640969 0.520337
0 0.673458 0.516121 0.663546 0.515377 0.655837 0.516369 0.646476 0.519097 0.643722 0.521577 0.647577 0.527282 0.652533 0.529762 0.656388 0.530506 0.665198 0.530258 0.675661 0.525546 0.677313 0.520337
0 0.704295 0.495040 0.691630 0.493552 0.688877 0.494544 0.678965 0.505952 0.678965 0.510169 0.682269 0.511657 0.694383 0.510417 0.700991 0.506944 0.703194 0.504464 0.707599 0.501984 0.708150 0.497768
0 0.713106 0.499504 0.709802 0.500992 0.703744 0.505704 0.705396 0.508433 0.712555 0.511409 0.717511 0.512649 0.727423 0.513641 0.736784 0.512649 0.741740 0.510913 0.744493 0.505704 0.741740 0.501984 0.735132 0.498760 0.722467 0.498264
0 0.753304 0.463790 0.742291 0.463542 0.736233 0.464534 0.732930 0.466022 0.729075 0.470486 0.736233 0.480159 0.740639 0.482143 0.743392 0.482391 0.758260 0.477927 0.762115 0.475942 0.766520 0.471974 0.767070 0.470486 0.764868 0.467262 0.761013 0.465526
0 0.751652 0.479911 0.742291 0.483135 0.740088 0.484623 0.739537 0.487847 0.740639 0.490575 0.743392 0.492312 0.759912 0.495784 0.764317 0.495536 0.769824 0.493800 0.773678 0.490575 0.772577 0.486359 0.761013 0.479415
0 0.866189 0.453621 0.859031 0.452133 0.852974 0.451885 0.842511 0.452629 0.837004 0.454365 0.833700 0.458085 0.833700 0.463542 0.839207 0.467510 0.843062 0.468006 0.856828 0.468006 0.866189 0.465774 0.871696 0.463294 0.872797 0.458581 0.870044 0.455605
0 0.893172 0.443204 0.879405 0.443204 0.871696 0.444940 0.867841 0.447421 0.868943 0.454861 0.877753 0.463542 0.882159 0.465774 0.885463 0.465278 0.899780 0.458581 0.904185 0.454117 0.905286 0.451141 0.903634 0.447173 0.899780 0.444692
0 0.855176 0.469494 0.853524 0.474702 0.856278 0.476190 0.875000 0.480407 0.885463 0.480407 0.892070 0.479167 0.892070 0.474454 0.889868 0.470734 0.886564 0.467510 0.882709 0.466022 0.875000 0.464534 0.872247 0.464534 0.860683 0.467014
0 0.839207 0.469990 0.833700 0.469246 0.828194 0.469246 0.821586 0.470486 0.814978 0.473462 0.809471 0.478423 0.810022 0.482639 0.812775 0.484375 0.819383 0.485119 0.834251 0.485119 0.839758 0.484127 0.846366 0.478423 0.846366 0.474206
0 0.832599 0.485367 0.825991 0.484871 0.813877 0.485119 0.803965 0.489831 0.804515 0.494544 0.811123 0.499008 0.822137 0.500744 0.835352 0.497768 0.838656 0.496280 0.840859 0.494544 0.840859 0.489831 0.839207 0.487847
0 0.854075 0.476935 0.847467 0.478175 0.844163 0.480159 0.841410 0.482887 0.840308 0.486607 0.841960 0.491071 0.845264 0.493304 0.857379 0.494048 0.865088 0.492808 0.873348 0.489831 0.876652 0.486111 0.876652 0.482143 0.875000 0.480655 0.869493 0.478671 0.862885 0.477431
0 0.729626 0.494048 0.729626 0.495536 0.731828 0.498016 0.734031 0.498264 0.738987 0.500248 0.745595 0.504712 0.752203 0.505704 0.762665 0.501984 0.764317 0.497768 0.759912 0.496032 0.743943 0.492560 0.733480 0.492808
0 0.777533 0.489335 0.772577 0.491319 0.767070 0.495040 0.765419 0.497520 0.765969 0.501984 0.778084 0.505208 0.787996 0.505456 0.797357 0.502232 0.797907 0.497768 0.792401 0.494048 0.780286 0.489583
0 0.900881 0.493056 0.892070 0.490327 0.881057 0.489583 0.872797 0.490575 0.859031 0.494048 0.856828 0.496776 0.856828 0.498760 0.858480 0.501488 0.858480 0.505952 0.860132 0.507192 0.865088 0.508433 0.875000 0.508681 0.882709 0.507688 0.890419 0.505456 0.900881 0.501240 0.902533 0.499008 0.902533 0.495288
0 0.854075 0.496528 0.848568 0.495784 0.844163 0.496032 0.827643 0.499256 0.823238 0.501736 0.826542 0.506944 0.830396 0.508681 0.848568 0.509425 0.854626 0.508185 0.857930 0.506448 0.858480 0.501984 0.856828 0.498264
0 0.835903 0.509673 0.830396 0.511409 0.828194 0.513393 0.826542 0.517113 0.828194 0.520585 0.832048 0.524058 0.836454 0.526042 0.847467 0.526042 0.856828 0.521329 0.860132 0.517609 0.859581 0.513641 0.856278 0.512153 0.848568 0.510169 0.840859 0.509425
0 0.813326 0.499504 0.802313 0.500744 0.796806 0.502480 0.789648 0.505704 0.786344 0.509673 0.787445 0.513641 0.790198 0.515625 0.802863 0.519097 0.812775 0.518849 0.818833 0.518105 0.824339 0.515625 0.827643 0.511409 0.827643 0.508185 0.821586 0.501736
0 0.769824 0.503224 0.760463 0.502976 0.748348 0.508185 0.743943 0.513145 0.744493 0.517609 0.750551 0.519593 0.759912 0.520833 0.769824 0.519841 0.778634 0.516865 0.783040 0.514633 0.783040 0.509425 0.780837 0.506944
0 0.679515 0.513145 0.677313 0.514385 0.676211 0.516369 0.676211 0.525794 0.678414 0.527282 0.690529 0.529762 0.701542 0.530010 0.708700 0.529266 0.714758 0.527034 0.718612 0.522321 0.717511 0.516865 0.714207 0.515377 0.702643 0.512897 0.692181 0.511657
0 0.732930 0.521577 0.730176 0.524802 0.730176 0.527778 0.731828 0.530506 0.736233 0.532986 0.742841 0.533978 0.753855 0.533482 0.763216 0.531994 0.766520 0.530506 0.767621 0.529266 0.758260 0.521329 0.754956 0.520089 0.742841 0.518601
0 0.818282 0.519097 0.810573 0.519097 0.803414 0.520089 0.799559 0.522073 0.797357 0.525298 0.800661 0.532242 0.812775 0.539683 0.819383 0.538442 0.829295 0.534226 0.832048 0.530258 0.832048 0.526538 0.828744 0.522817 0.822137 0.519593
0 0.865639 0.551835 0.854075 0.548859 0.847467 0.548611 0.838656 0.549851 0.828194 0.552827 0.822137 0.556300 0.822687 0.560764 0.834251 0.565476 0.841410 0.565972 0.850220 0.565228 0.855176 0.563740 0.859581 0.560764 0.866740 0.553075
0 0.860683 0.559772 0.857930 0.561012 0.855727 0.563740 0.855727 0.568700 0.857930 0.572669 0.860683 0.574901 0.865088 0.576637 0.871145 0.577133 0.878304 0.576885 0.885463 0.575645 0.888767 0.573661 0.889317 0.570437 0.888767 0.568452 0.884361 0.564980 0.878304 0.562004 0.872797 0.560268 0.865639 0.558780
0 0.889868 0.582837 0.886564 0.584573 0.882709 0.591518 0.884912 0.595238 0.899780 0.600198 0.910793 0.599950 0.917952 0.598710 0.922357 0.595734 0.922907 0.593502 0.922357 0.590526 0.917952 0.586310 0.900881 0.581349 0.895925 0.581597
0 0.830396 0.582589 0.821586 0.586806 0.821586 0.592510 0.829295 0.596478 0.839207 0.599702 0.847467 0.600446 0.852423 0.599950 0.856278 0.595982 0.861233 0.594494 0.862335 0.591518 0.856828 0.586806 0.849670 0.583829 0.842511 0.582341 0.835903 0.582093
0 0.896476 0.599454 0.890419 0.596726 0.882709 0.594494 0.875000 0.593998 0.868392 0.594494 0.860132 0.597222 0.855176 0.599702 0.854075 0.602679 0.855176 0.606895 0.857379 0.608879 0.862885 0.610615 0.875551 0.610615 0.884361 0.608631 0.891520 0.605903 0.894824 0.603671
0 0.653634 0.537202 0.652533 0.540923 0.653634 0.545139 0.657489 0.547619 0.665198 0.550099 0.675110 0.550347 0.684471 0.548611 0.692181 0.545883 0.699890 0.545139 0.699339 0.540923 0.691630 0.538442 0.689427 0.536954 0.680066 0.534474 0.674559 0.533730 0.664648 0.533730 0.656388 0.535714
0 0.642070 0.537698 0.630507 0.537698 0.623899 0.539435 0.616740 0.544643 0.616740 0.548859 0.621696 0.550843 0.629956 0.552331 0.640419 0.552331 0.648128 0.551091 0.650881 0.549603 0.652533 0.545635 0.650881 0.542163 0.648678 0.539683
0 0.604075 0.529514 0.590308 0.534474 0.585352 0.541419 0.587555 0.544891 0.595815 0.546875 0.607379 0.547371 0.613987 0.546627 0.620595 0.543155 0.625000 0.536954 0.620044 0.532986 0.613436 0.530010
0 0.578194 0.524802 0.561674 0.525794 0.557269 0.528770 0.555617 0.533234 0.562775 0.537698 0.569383 0.540675 0.578744 0.539931 0.587004 0.537202 0.589207 0.533730 0.584251 0.526538
0 0.517621 0.529266 0.525881 0.533978 0.535242 0.533482 0.545154 0.530754 0.546256 0.529514 0.555066 0.525546 0.554515 0.523810 0.550661 0.521577 0.540749 0.520585 0.525881 0.520585 0.517621 0.525298
0 0.510463 0.527530 0.504956 0.528026 0.496696 0.529762 0.493392 0.531250 0.488987 0.536706 0.493943 0.543155 0.500551 0.545635 0.505507 0.546131 0.513767 0.545387 0.518722 0.543403 0.524229 0.537202 0.522577 0.532490 0.515419 0.528274
0 0.532489 0.534226 0.529185 0.535962 0.526432 0.540923 0.529185 0.545139 0.534692 0.547619 0.544604 0.549603 0.552863 0.550347 0.561123 0.549107 0.566630 0.545635 0.567731 0.540923 0.559471 0.534970 0.552313 0.532738 0.544604 0.531994
0 0.502203 0.547867 0.500000 0.550843 0.500000 0.553819 0.503304 0.556548 0.510463 0.559524 0.518172 0.560020 0.528634 0.559028 0.532489 0.557788 0.535793 0.555060 0.541300 0.552827 0.539097 0.548859 0.525881 0.545387 0.511564 0.545883 0.507159 0.546379
0 0.543502 0.551587 0.533590 0.556548 0.531938 0.560764 0.535242 0.562996 0.537996 0.566964 0.542401 0.568452 0.552313 0.568452 0.560022 0.567212 0.564978 0.565724 0.567731 0.562748 0.568282 0.559524 0.566079 0.557044 0.559471 0.553571 0.553414 0.552083
0 0.576542 0.543403 0.568833 0.544643 0.563877 0.548611 0.561674 0.553323 0.563877 0.556300 0.569934 0.560020 0.578744 0.560516 0.581498 0.558284 0.591960 0.553571 0.593062 0.548363 0.588106 0.545139 0.581498 0.543651
0 0.621696 0.550595 0.613436 0.548363 0.604075 0.548611 0.596916 0.550347 0.593062 0.552331 0.587555 0.556796 0.585352 0.560020 0.587004 0.564732 0.594714 0.566468 0.599119 0.565972 0.614537 0.565972 0.623899 0.562996 0.627203 0.560764 0.628855 0.556548 0.626101 0.553075
0 0.291300 0.515377 0.285242 0.517361 0.282489 0.521577 0.284692 0.525546 0.291850 0.530010 0.299009 0.531498 0.310022 0.531498 0.316630 0.530010 0.322687 0.527778 0.324890 0.525794 0.326542 0.521329 0.324339 0.518601 0.314978 0.515129 0.311123 0.514633 0.297907 0.514633
0 0.369493 0.504464 0.362885 0.506448 0.357930 0.509177 0.354626 0.513145 0.354075 0.517857 0.357379 0.521577 0.370595 0.522569 0.378304 0.522073 0.386013 0.519841 0.390969 0.516865 0.392621 0.512897 0.390969 0.509673 0.386564 0.507688 0.378304 0.504960
0 0.379405 0.523313 0.377203 0.525050 0.377203 0.529514 0.386564 0.534722 0.395374 0.535962 0.408040 0.535962 0.413546 0.534722 0.414648 0.533482 0.414097 0.530010 0.410242 0.524554 0.406938 0.522817 0.396476 0.520337 0.392070 0.520337 0.385463 0.521081
0 0.450441 0.519345 0.439978 0.515873 0.429515 0.516121 0.418502 0.518353 0.414097 0.521081 0.412996 0.524554 0.416300 0.530010 0.419604 0.531002 0.429515 0.531994 0.439978 0.531746 0.447137 0.530506 0.450991 0.529018 0.453744 0.525546
0 0.474670 0.527034 0.458150 0.527034 0.454846 0.527778 0.448789 0.530506 0.446586 0.532738 0.446586 0.537202 0.450441 0.542163 0.452643 0.543403 0.465859 0.544891 0.474670 0.543403 0.481828 0.540179 0.484581 0.537202 0.485132 0.532490 0.482379 0.529266 0.479626 0.528026
0 0.416850 0.534474 0.411894 0.536706 0.412996 0.542907 0.414648 0.545139 0.424559 0.549851 0.431167 0.551091 0.438326 0.550099 0.446035 0.547123 0.448789 0.544147 0.449339 0.540675 0.444934 0.536458 0.439427 0.534722 0.432269 0.533978
0 0.456498 0.546627 0.453744 0.548611 0.454295 0.553323 0.459251 0.559276 0.464758 0.561012 0.474670 0.560764 0.478524 0.559772 0.482930 0.557540 0.486233 0.553571 0.486233 0.552083 0.483480 0.549355 0.474119 0.547123 0.469714 0.546875 0.465859 0.545883
0 0.394273 0.536706 0.388216 0.535466 0.377203 0.535466 0.364537 0.538442 0.357930 0.541419 0.354626 0.544395 0.354626 0.546131 0.357379 0.550595 0.361784 0.553075 0.367291 0.554067 0.378855 0.553571 0.381608 0.552579 0.385463 0.549355 0.393172 0.546379 0.396476 0.543651 0.397026 0.539187
0 0.395374 0.545635 0.387115 0.549107 0.383811 0.552331 0.389317 0.558284 0.397577 0.561756 0.403634 0.562748 0.415749 0.562500 0.420705 0.561756 0.422357 0.561012 0.425110 0.557044 0.425110 0.553075 0.419053 0.547619 0.412996 0.545139 0.400881 0.544891
0 0.476322 0.565228 0.463656 0.564732 0.459802 0.565476 0.453744 0.568452 0.452093 0.572421 0.459251 0.580853 0.463106 0.582341 0.466410 0.582341 0.474119 0.580109 0.474229 0.577877 0.472247 0.572173 0.479515 0.566890 0.480176 0.566220
0 0.448238 0.549851 0.442181 0.550595 0.437225 0.552331 0.430066 0.555804 0.426211 0.560268 0.428414 0.564980 0.432269 0.567708 0.437775 0.569444 0.448238 0.569692 0.452643 0.568948 0.456498 0.567460 0.459251 0.564484 0.459802 0.560268 0.457048 0.556300 0.452643 0.552083
0 0.400826 0.564980 0.405837 0.573661 0.410242 0.575645 0.421806 0.576389 0.428414 0.574405 0.430617 0.572421 0.431718 0.568204 0.427313 0.564236 0.422907 0.562748 0.412996 0.562500
0 0.371696 0.562500 0.368943 0.564484 0.367841 0.568452 0.370044 0.570685 0.375000 0.572917 0.385463 0.574901 0.399229 0.574653 0.405286 0.572917 0.400441 0.567584 0.399780 0.563244 0.395374 0.561012 0.387115 0.559524 0.379405 0.559772 0.376652 0.560268
0 0.352423 0.571429 0.335352 0.573661 0.330947 0.576141 0.333150 0.580109 0.338656 0.581349 0.344163 0.584325 0.351322 0.586310 0.353524 0.586310 0.362885 0.583829 0.367841 0.579613 0.368392 0.575893 0.362335 0.572669
0 0.361233 0.558036 0.351872 0.555804 0.343062 0.556548 0.335352 0.558532 0.325441 0.564236 0.324890 0.568452 0.334802 0.571429 0.341960 0.572173 0.362335 0.570437 0.365088 0.568700 0.365639 0.563988
0 0.316079 0.547123 0.315529 0.553075 0.317731 0.554812 0.323238 0.556548 0.335352 0.558036 0.348568 0.555556 0.354626 0.552827 0.354626 0.548363 0.352974 0.546627 0.349119 0.544891 0.343062 0.543651 0.324890 0.542907 0.318833 0.544643
0 0.327093 0.582093 0.325441 0.583085 0.324890 0.588542 0.322137 0.592014 0.323238 0.593998 0.325441 0.595238 0.334802 0.596230 0.344163 0.593998 0.349119 0.592014 0.351322 0.587798 0.349670 0.586062 0.345815 0.584325 0.335352 0.581597
0 0.322687 0.585069 0.315529 0.582837 0.305617 0.582093 0.290749 0.582589 0.281938 0.584573 0.275330 0.587550 0.274780 0.593254 0.277533 0.596726 0.282489 0.598462 0.289648 0.599206 0.302313 0.598710 0.308921 0.597718 0.319383 0.593750 0.322137 0.592014 0.324890 0.588294
0 0.310022 0.597966 0.308370 0.597470 0.296256 0.598710 0.280837 0.598214 0.278084 0.599454 0.276432 0.601935 0.275881 0.607639 0.284692 0.611359 0.290749 0.612599 0.300110 0.613343 0.311123 0.607143 0.311674 0.601190
0 0.255507 0.607143 0.247247 0.609127 0.242291 0.614583 0.242291 0.615823 0.253855 0.622520 0.265419 0.624256 0.273403 0.617163 0.278634 0.611111 0.272026 0.608135 0.266520 0.607391
0 0.226872 0.616567 0.221366 0.617808 0.214207 0.622520 0.214207 0.627728 0.215859 0.630952 0.219714 0.633929 0.224119 0.635665 0.229075 0.636657 0.238987 0.636409 0.247797 0.634425 0.253855 0.630952 0.254956 0.628224 0.254405 0.625000 0.243392 0.617560 0.240088 0.616567
0 0.169604 0.608631 0.168502 0.610615 0.169053 0.616319 0.172357 0.619544 0.180617 0.624008 0.186123 0.625248 0.195485 0.625000 0.198789 0.624008 0.205396 0.620288 0.208700 0.615327 0.204846 0.612103 0.200441 0.610119 0.188877 0.608135 0.174009 0.608135
0 0.214758 0.602183 0.208150 0.605407 0.205396 0.608135 0.204846 0.611855 0.209251 0.615327 0.221366 0.617063 0.239537 0.616071 0.241740 0.615079 0.245044 0.611607 0.243392 0.607887 0.241189 0.606151 0.232930 0.602431 0.222467 0.600942
0 0.195485 0.589286 0.190529 0.590526 0.185022 0.593254 0.179515 0.599454 0.180066 0.601935 0.182819 0.603919 0.194934 0.606647 0.202643 0.606399 0.210903 0.604167 0.216960 0.601438 0.219163 0.599702 0.219714 0.595486 0.216410 0.592758 0.209802 0.590278 0.204846 0.589286
0 0.240088 0.593998 0.238436 0.595486 0.238987 0.599702 0.250551 0.605655 0.256057 0.606895 0.263767 0.607391 0.274229 0.606895 0.277533 0.599206 0.273128 0.593998 0.267070 0.591022 0.256057 0.589782 0.243943 0.592262
0 0.256608 0.574157 0.248899 0.573165 0.239537 0.573413 0.231278 0.576389 0.227974 0.578373 0.227423 0.584325 0.232379 0.589038 0.238987 0.592758 0.257709 0.589038 0.263767 0.584821 0.265969 0.580853 0.265419 0.577629 0.263216 0.576141
0 0.151982 0.580853 0.145925 0.578621 0.136013 0.576885 0.120044 0.578125 0.109581 0.583829 0.107930 0.587302 0.108480 0.588790 0.114537 0.592262 0.119493 0.593998 0.123899 0.594494 0.136013 0.594494 0.142621 0.593750 0.151432 0.591022 0.154736 0.588294 0.154736 0.583829
0 0.244493 0.563740 0.243943 0.565476 0.246145 0.569444 0.253304 0.572917 0.264317 0.575893 0.275330 0.575645 0.281388 0.574157 0.287996 0.568452 0.287445 0.563988 0.285242 0.561260 0.283040 0.560268 0.274780 0.558780 0.263767 0.558780 0.259912 0.559276
0 0.236784 0.562996 0.230176 0.561260 0.220264 0.561012 0.215308 0.562004 0.204295 0.568204 0.203194 0.569940 0.204295 0.576389 0.211454 0.577877 0.224670 0.577629 0.230176 0.576637 0.240639 0.571677 0.242291 0.570188 0.242841 0.567708 0.241189 0.565476
0 0.213656 0.554067 0.206608 0.554291 0.191630 0.555556 0.186123 0.557292 0.183370 0.560268 0.182819 0.564732 0.189978 0.568452 0.195485 0.569444 0.203744 0.568378 0.212610 0.563194 0.215308 0.562252 0.219714 0.560516 0.218612 0.556548
0 0.148128 0.552579 0.148678 0.556300 0.160793 0.565476 0.165749 0.566468 0.170705 0.566716 0.181167 0.564732 0.183921 0.556548 0.177863 0.552331 0.151982 0.551339
0 0.132709 0.557044 0.126101 0.560268 0.133260 0.563616 0.145925 0.569940 0.153634 0.570188 0.159141 0.568452 0.159692 0.564484 0.152533 0.558284 0.148128 0.556300 0.144273 0.555556
0 0.127203 0.561012 0.116740 0.562252 0.110683 0.564732 0.110132 0.569444 0.111233 0.572917 0.112885 0.574901 0.117841 0.577629 0.128304 0.577877 0.134912 0.577133 0.137665 0.576141 0.142070 0.572669 0.142621 0.568204 0.133756 0.564187 0.129350 0.562475
0 0.074890 0.560516 0.067731 0.564732 0.066630 0.568700 0.069383 0.571677 0.078744 0.574901 0.087004 0.576389 0.096366 0.576637 0.100771 0.576389 0.105176 0.575397 0.110132 0.572421 0.109031 0.567708 0.106278 0.564484 0.102423 0.562748 0.089758 0.559028 0.082048 0.558780
0 0.291300 0.535962 0.285793 0.538194 0.283040 0.540427 0.282489 0.546379 0.284141 0.548859 0.299559 0.553075 0.309471 0.553819 0.314978 0.552827 0.315363 0.551017 0.315804 0.546776 0.321696 0.542907 0.321586 0.540923 0.317181 0.538690 0.306167 0.535714 0.299009 0.534970
0 0.087004 0.552083 0.087004 0.554067 0.092511 0.560268 0.099670 0.562748 0.109581 0.563492 0.121696 0.561756 0.124449 0.560764 0.127203 0.557788 0.129956 0.556300 0.130507 0.552579 0.127203 0.549851 0.121696 0.548611 0.099119 0.546875
0 0.094714 0.540675 0.098018 0.545387 0.105176 0.547371 0.110683 0.548115 0.127203 0.548363 0.138767 0.546379 0.141520 0.544891 0.140419 0.540923 0.125000 0.534474 0.118392 0.533482 0.109031 0.534226 0.100771 0.536210 0.098018 0.537450
0 0.064427 0.521081 0.058370 0.522321 0.053414 0.525794 0.051211 0.528522 0.051762 0.533482 0.055066 0.535962 0.063326 0.538690 0.074890 0.538690 0.085352 0.535962 0.089758 0.533482 0.088656 0.525794 0.085352 0.523810 0.077643 0.522073
0 0.125551 0.518849 0.111784 0.516865 0.105727 0.516865 0.100220 0.517609 0.094714 0.520585 0.090859 0.526042 0.090308 0.530010 0.091960 0.533234 0.100771 0.535218 0.119493 0.532242 0.123348 0.530506 0.129405 0.525546 0.129956 0.521329
0 0.136564 0.522817 0.131608 0.523562 0.129405 0.524554 0.125000 0.529018 0.125551 0.532490 0.129405 0.536954 0.143722 0.542163 0.152533 0.539683 0.158040 0.536954 0.160242 0.529762 0.158590 0.525298 0.152533 0.523065 0.144824 0.522569
0 0.154185 0.538194 0.147577 0.541419 0.144273 0.544147 0.143722 0.545387 0.145374 0.549355 0.148678 0.550843 0.154736 0.551587 0.173458 0.551587 0.176762 0.551091 0.181718 0.546627 0.186123 0.544891 0.181718 0.540923 0.176211 0.538442 0.171806 0.537698 0.159141 0.537450
0 0.214758 0.546131 0.204846 0.543403 0.192181 0.544147 0.185022 0.545635 0.181167 0.547371 0.180066 0.548611 0.180617 0.553075 0.186123 0.555804 0.196861 0.555283 0.212004 0.553819 0.214758 0.552827 0.216960 0.549603
0 0.238987 0.540427 0.230176 0.540179 0.218062 0.544891 0.215308 0.552827 0.221366 0.557292 0.227423 0.558780 0.231828 0.558780 0.248348 0.555804 0.251101 0.553075 0.251101 0.548611 0.248348 0.545635
0 0.241740 0.535218 0.240088 0.536706 0.241189 0.541171 0.250000 0.546875 0.253855 0.547867 0.264868 0.549107 0.277533 0.549107 0.281388 0.548115 0.282489 0.546379 0.282489 0.540179 0.279736 0.536954 0.271476 0.532490 0.265969 0.531002 0.256057 0.530506 0.251101 0.531250
0 0.185022 0.528522 0.178965 0.530754 0.177313 0.532242 0.174559 0.536954 0.175661 0.538194 0.186674 0.543155 0.196586 0.543403 0.201542 0.542659 0.212004 0.537450 0.212555 0.532738 0.208150 0.530506 0.199890 0.528770 0.193833 0.528274
0 0.151432 0.516865 0.149780 0.521577 0.160793 0.526290 0.180066 0.528274 0.188326 0.527282 0.191630 0.525546 0.193833 0.521329 0.189427 0.517361 0.185022 0.515873 0.168502 0.513393 0.160242 0.513145
0 0.778084 0.305804 0.767070 0.306052 0.753855 0.309772 0.748348 0.313988 0.749449 0.315724 0.762665 0.318204 0.769273 0.320188 0.781938 0.318452 0.786894 0.315972 0.787445 0.312748 0.784692 0.308780
0 0.214207 0.525298 0.213106 0.529514 0.216960 0.533482 0.226322 0.535714 0.238987 0.535962 0.248899 0.532242 0.251101 0.530010 0.251101 0.528522 0.247797 0.525298 0.243943 0.523562 0.239537 0.522569 0.226322 0.522073 0.222467 0.522569
0 0.743392 0.316468 0.736784 0.319196 0.732379 0.321925 0.732379 0.326637 0.735132 0.329365 0.742841 0.332589 0.751652 0.334573 0.762665 0.334325 0.770374 0.334821 0.772026 0.333829 0.772026 0.331845 0.773678 0.330109 0.770925 0.320685 0.767070 0.318700 0.752753 0.315972
0 0.759361 0.341766 0.750551 0.345734 0.749449 0.349950 0.753855 0.353671 0.762115 0.355903 0.778634 0.356399 0.782489 0.353919 0.784141 0.350694 0.783590 0.347470 0.780837 0.344246 0.778084 0.342758 0.769824 0.341270
0 0.698789 0.368304 0.696035 0.369048 0.693282 0.372768 0.693282 0.377480 0.696586 0.381200 0.703744 0.384177 0.708150 0.385417 0.718062 0.386657 0.725220 0.384673 0.732379 0.380704 0.733480 0.375744 0.731828 0.373512 0.723018 0.370536 0.711454 0.369544 0.706498 0.368552
0 0.746145 0.381200 0.732379 0.381200 0.719714 0.386657 0.717511 0.388641 0.716960 0.393105 0.721916 0.396577 0.725771 0.397569 0.736233 0.398065 0.745980 0.396081 0.754240 0.392187 0.755231 0.388641 0.750441 0.384301
0 0.121145 0.422123 0.113436 0.418403 0.109031 0.417163 0.098018 0.418651 0.091410 0.420883 0.080396 0.426091 0.079295 0.427083 0.080396 0.431796 0.090859 0.434276 0.112335 0.432788 0.123899 0.427827 0.122797 0.423611
0 0.099670 0.434772 0.090859 0.437996 0.089207 0.439980 0.087555 0.444444 0.088106 0.447917 0.090308 0.451389 0.097467 0.452877 0.107379 0.453869 0.117841 0.452877 0.121145 0.451389 0.123348 0.447917 0.124449 0.443948 0.123348 0.439732 0.116740 0.436260 0.111233 0.435020
0 0.343612 0.501488 0.333150 0.501488 0.322137 0.502480 0.317181 0.503472 0.313877 0.505704 0.313987 0.509846 0.316630 0.513889 0.319383 0.516369 0.325441 0.519345 0.339207 0.518601 0.348018 0.516121 0.351322 0.514137 0.354626 0.509921 0.350771 0.505208
0 0.795154 0.455853 0.788491 0.458532 0.785407 0.463294 0.789152 0.466890 0.794604 0.468254 0.803965 0.469742 0.813326 0.468254 0.816079 0.467014 0.818282 0.464038 0.817181 0.460069 0.812280 0.457614 0.804515 0.455605
0 0.737885 0.486359 0.735683 0.484623 0.726872 0.482391 0.710903 0.483383 0.705947 0.485119 0.698458 0.490427 0.699339 0.494048 0.708700 0.496032 0.718062 0.495784 0.723018 0.495040 0.737885 0.491071
0 0.090308 0.362847 0.088656 0.365079 0.088656 0.370288 0.089758 0.372272 0.091960 0.373512 0.099119 0.375248 0.107379 0.376240 0.117291 0.375744 0.122797 0.374256 0.125551 0.369048 0.122797 0.366071 0.117291 0.363343 0.109031 0.361359 0.102423 0.360615 0.095815 0.360863
0 0.063877 0.356647 0.060573 0.357639 0.056167 0.361607 0.053965 0.366567 0.054515 0.371032 0.056167 0.373264 0.062225 0.375744 0.064978 0.377728 0.074339 0.378720 0.082599 0.376488 0.089207 0.373264 0.087555 0.369544 0.088106 0.364583 0.087004 0.362103 0.083150 0.359127 0.071586 0.356895
0 0.126101 0.375248 0.123348 0.376488 0.120044 0.380704 0.123899 0.384673 0.136564 0.390377 0.140419 0.390873 0.152533 0.390377 0.155286 0.389137 0.156938 0.386905 0.158590 0.381696 0.158040 0.379960 0.155286 0.377728 0.151982 0.376240 0.143722 0.374256 0.132709 0.374256
0 0.077643 0.379216 0.075991 0.380704 0.076432 0.382564 0.087170 0.389013 0.089482 0.389335 0.106278 0.390625 0.110132 0.390377 0.113436 0.389137 0.116189 0.385417 0.114537 0.381696 0.111784 0.379464 0.100771 0.375496 0.090308 0.374504 0.084251 0.377232
0 0.064427 0.382192 0.056718 0.384177 0.051762 0.386905 0.050110 0.388641 0.051211 0.392857 0.063326 0.397321 0.075441 0.398313 0.078744 0.397569 0.080947 0.396081 0.085352 0.388393 0.079846 0.384673 0.074890 0.382688
0 0.082599 0.391865 0.081498 0.397321 0.083700 0.399306 0.088106 0.401290 0.098568 0.403026 0.109031 0.403770 0.116740 0.402530 0.122247 0.401042 0.126101 0.397073 0.125000 0.395089 0.120595 0.393105 0.111233 0.390625 0.090859 0.389633 0.085903 0.390377
0 0.134361 0.392857 0.128304 0.395337 0.126652 0.396825 0.125551 0.401538 0.127203 0.404762 0.131057 0.407242 0.138767 0.409474 0.145925 0.410218 0.153084 0.410218 0.156388 0.408978 0.161344 0.405258 0.163546 0.401290 0.162445 0.397569 0.156938 0.394097 0.150330 0.392361 0.143172 0.391617
0 0.073238 0.404266 0.071035 0.407242 0.071586 0.412450 0.073789 0.414931 0.077093 0.416419 0.090308 0.417907 0.100771 0.417659 0.109581 0.415675 0.115639 0.412202 0.115088 0.408234 0.104626 0.404266 0.091960 0.402034 0.082599 0.401786
0 0.134361 0.410218 0.128304 0.411954 0.125551 0.413690 0.125000 0.417163 0.126652 0.419643 0.130507 0.422619 0.137115 0.425595 0.152533 0.429315 0.156938 0.426835 0.159141 0.422867 0.159692 0.419147 0.157489 0.414435 0.155286 0.412698 0.150881 0.410962 0.144273 0.410218